v,0.25
Patm,100000
g,9.81
r,500
G,10^9.15
rho,2300
mu,10^3.73
rc,11
 
M,10^5.6
sigma,0.5
 
tilt_erupt,81.7793nrad
 
-1326,-1325,-1324,-1323,-1322,-1321,-1320,-1319,-1318,-1317,-1316,-1315,-1314,-1313,-1312,-1311,-1310,-1309,-1308,-1307,-1306,-1305,-1304,-1303,-1302,-1301,-1300,-1299,-1298,-1297,-1296,-1295,-1294,-1293,-1292,-1291,-1290,-1289,-1288,-1287,-1286,-1285,-1284,-1283,-1282,-1281,-1280,-1279,-1278,-1277,-1276,-1275,-1274,-1273,-1272,-1271,-1270,-1269,-1268,-1267,-1266,-1265,-1264,-1263,-1262,-1261,-1260,-1259,-1258,-1257,-1256,-1255,-1254,-1253,-1252,-1251,-1250,-1249,-1248,-1247,-1246,-1245,-1244,-1243,-1242,-1241,-1240,-1239,-1238,-1237,-1236,-1235,-1234,-1233,-1232,-1231,-1230,-1229,-1228,-1227,-1226,-1225,-1224,-1223,-1222,-1221,-1220,-1219,-1218,-1217,-1216,-1215,-1214,-1213,-1212,-1211,-1210,-1209,-1208,-1207,-1206,-1205,-1204,-1203,-1202,-1201,-1200,-1199,-1198,-1197,-1196,-1195,-1194,-1193,-1192,-1191,-1190,-1189,-1188,-1187,-1186,-1185,-1184,-1183,-1182,-1181,-1180,-1179,-1178,-1177,-1176,-1175,-1174,-1173,-1172,-1171,-1170,-1169,-1168,-1167,-1166,-1165,-1164,-1163,-1162,-1161,-1160,-1159,-1158,-1157,-1156,-1155,-1154,-1153,-1152,-1151,-1150,-1149,-1148,-1147,-1146,-1145,-1144,-1143,-1142,-1141,-1140,-1139,-1138,-1137,-1136,-1135,-1134,-1133,-1132,-1131,-1130,-1129,-1128,-1127,-1126,-1125,-1124,-1123,-1122,-1121,-1120,-1119,-1118,-1117,-1116,-1115,-1114,-1113,-1112,-1111,-1110,-1109,-1108,-1107,-1106,-1105,-1104,-1103,-1102,-1101,-1100,-1099,-1098,-1097,-1096,-1095,-1094,-1093,-1092,-1091,-1090,-1089,-1088,-1087,-1086,-1085,-1084,-1083,-1082,-1081,-1080,-1079,-1078,-1077,-1076,-1075,-1074,-1073,-1072,-1071,-1070,-1069,-1068,-1067,-1066,-1065,-1064,-1063,-1062,-1061,-1060,-1059,-1058,-1057,-1056,-1055,-1054,-1053,-1052,-1051,-1050,-1049,-1048,-1047,-1046,-1045,-1044,-1043,-1042,-1041,-1040,-1039,-1038,-1037,-1036,-1035,-1034,-1033,-1032,-1031,-1030,-1029,-1028,-1027,-1026,-1025,-1024,-1023,-1022,-1021,-1020,-1019,-1018,-1017,-1016,-1015,-1014,-1013,-1012,-1011,-1010,-1009,-1008,-1007,-1006,-1005,-1004,-1003,-1002,-1001,-1000,-999,-998,-997,-996,-995,-994,-993,-992,-991,-990,-989,-988,-987,-986,-985,-984,-983,-982,-981,-980,-979,-978,-977,-976,-975,-974,-973,-972,-971,-970,-969,-968,-967,-966,-965,-964,-963,-962,-961,-960,-959,-958,-957,-956,-955,-954,-953,-952,-951,-950,-949,-948,-947,-946,-945,-944,-943,-942,-941,-940,-939,-938,-937,-936,-935,-934,-933,-932,-931,-930,-929,-928,-927,-926,-925,-924,-923,-922,-921,-920,-919,-918,-917,-916,-915,-914,-913,-912,-911,-910,-909,-908,-907,-906,-905,-904,-903,-902,-901,-900,-899,-898,-897,-896,-895,-894,-893,-892,-891,-890,-889,-888,-887,-886,-885,-884,-883,-882,-881,-880,-879,-878,-877,-876,-875,-874,-873,-872,-871,-870,-869,-868,-867,-866,-865,-864,-863,-862,-861,-860,-859,-858,-857,-856,-855,-854,-853,-852,-851,-850,-849,-848,-847,-846,-845,-844,-843,-842,-841,-840,-839,-838,-837,-836,-835,-834,-833,-832,-831,-830,-829,-828,-827,-826,-825,-824,-823,-822,-821,-820,-819,-818,-817,-816,-815,-814,-813,-812,-811,-810,-809,-808,-807,-806,-805,-804,-803,-802,-801,-800,-799,-798,-797,-796,-795,-794,-793,-792,-791,-790,-789,-788,-787,-786,-785,-784,-783,-782,-781,-780,-779,-778,-777,-776,-775,-774,-773,-772,-771,-770,-769,-768,-767,-766,-765,-764,-763,-762,-761,-760,-759,-758,-757,-756,-755,-754,-753,-752,-751,-750,-749,-748,-747,-746,-745,-744,-743,-742,-741,-740,-739,-738,-737,-736,-735,-734,-733,-732,-731,-730,-729,-728,-727,-726,-725,-724,-723,-722,-721,-720,-719,-718,-717,-716,-715,-714,-713,-712,-711,-710,-709,-708,-707,-706,-705,-704,-703,-702,-701,-700,-699,-698,-697,-696,-695,-694,-693,-692,-691,-690,-689,-688,-687,-686,-685,-684,-683,-682,-681,-680,-679,-678,-677,-676,-675,-674,-673,-672,-671,-670,-669,-668,-667,-666,-665,-664,-663,-662,-661,-660,-659,-658,-657,-656,-655,-654,-653,-652,-651,-650,-649,-648,-647,-646,-645,-644,-643,-642,-641,-640,-639,-638,-637,-636,-635,-634,-633,-632,-631,-630,-629,-628,-627,-626,-625,-624,-623,-622,-621,-620,-619,-618,-617,-616,-615,-614,-613,-612,-611,-610,-609,-608,-607,-606,-605,-604,-603,-602,-601,-600,-599,-598,-597,-596,-595,-594,-593,-592,-591,-590,-589,-588,-587,-586,-585,-584,-583,-582,-581,-580,-579,-578,-577,-576,-575,-574,-573,-572,-571,-570,-569,-568,-567,-566,-565,-564,-563,-562,-561,-560,-559,-558,-557,-556,-555,-554,-553,-552,-551,-550,-549,-548,-547,-546,-545,-544,-543,-542,-541,-540,-539,-538,-537,-536,-535,-534,-533,-532,-531,-530,-529,-528,-527,-526,-525,-524,-523,-522,-521,-520,-519,-518,-517,-516,-515,-514,-513,-512,-511,-510,-509,-508,-507,-506,-505,-504,-503,-502,-501,-500,-499,-498,-497,-496,-495,-494,-493,-492,-491,-490,-489,-488,-487,-486,-485,-484,-483,-482,-481,-480,-479,-478,-477,-476,-475,-474,-473,-472,-471,-470,-469,-468,-467,-466,-465,-464,-463,-462,-461,-460,-459,-458,-457,-456,-455,-454,-453,-452,-451,-450,-449,-448,-447,-446,-445,-444,-443,-442,-441,-441,-440,-439,-438,-437,-436,-435,-434,-433,-432,-431,-430,-429,-428,-427,-426,-425,-424,-423,-422,-421,-420,-419,-418,-417,-416,-415,-414,-413,-412,-411,-410,-409,-408,-407,-406,-405,-404,-403,-402,-401,-400,-399,-398,-397,-396,-395,-394,-393,-392,-391,-390,-389,-388,-387,-386,-385,-384,-383,-382,-381,-380,-379,-378,-377,-376,-375,-374,-373,-372,-371,-370,-369,-368,-367,-366,-365,-364,-363,-362,-361,-360,-359,-358,-357,-356,-355,-354,-353,-352,-351,-350,-349,-348,-347,-346,-345,-344,-343,-342,-341,-340,-339,-338,-337,-336,-335,-334,-333,-332,-331,-330,-329,-328,-327,-326,-325,-324,-323,-322,-321,-320,-319,-318,-317,-316,-315,-314,-313,-312,-311,-310,-309,-308,-307,-306,-305,-304,-303,-302,-301,-300,-299,-298,-297,-296,-295,-294,-293,-292,-291,-290,-289,-288,-287,-286,-285,-284,-283,-282,-281,-280,-279,-278,-277,-276,-275,-274,-273,-272,-271,-270,-269,-268,-267,-266,-265,-264,-263,-262,-261,-260,-259,-258,-257,-256,-255,-254,-253,-252,-251,-250,-249,-248,-247,-246,-245,-244,-243,-242,-241,-240,-239,-238,-237,-236,-235,-234,-233,-232,-231,-230,-229,-228,-227,-226,-225,-224,-223,-222,-221,-220,-219,-218,-217,-216,-215,-214,-213,-212,-211,-210,-209,-208,-207,-206,-205,-204,-203,-202,-201,-200,-199,-198,-197,-196,-195,-194,-193,-192,-191,-190,-189,-188,-187,-186,-185,-184,-183,-182,-181,-180,-179,-178,-177,-176,-175,-174,-173,-172,-171,-170,-169,-168,-167,-166,-165,-164,-163,-162,-161,-160,-159,-158,-157,-156,-155,-154,-153,-152,-151,-150,-149,-148,-147,-146,-145,-144,-143,-142,-141,-140,-139,-138,-137,-136,-135,-134,-133,-132,-131,-130,-129,-128,-127,-126,-125,-124,-123,-122,-121,-120,-119,-118,-117,-116,-115,-114,-113,-112,-111,-110,-109,-108,-107,-106,-105,-104,-103,-102,-101,-100,-99,-98,-97,-96,-95,-94,-93,-92,-91,-90,-89,-88,-87,-86,-85,-84,-83,-82,-81,-80,-79,-78,-77,-76,-75,-74,-73,-72,-71,-70,-69,-68,-67,-66,-65,-64,-63,-62,-61,-60,-59,-58,-57,-56,-55,-54,-53,-52,-51,-50,-49,-48,-47,-46,-45,-44,-43,-42,-41,-40,-39,-38,-37,-36,-35,-34,-33,-32,-31,-30,-29,-28,-27,-26,-25,-24,-23,-22,-21,-20,-19,-18,-17,-16,-15,-14,-13,-12,-11,-10,-9,-8,-7,-6,-5,-4,-3,-2,-1,0
5.59326713178851e-10,-3.68157312862553e-10,4.79770254316959e-10,-1.00490937506474e-09,4.73177396747646e-10,7.78078513139417e-10,-1.74299335362093e-10,1.19754947029909e-10,1.06733862082419e-09,-1.14467191360545e-10,4.54678793210213e-10,1.46171993802511e-10,-3.49686643560383e-10,-9.79297628314901e-11,-5.0462140989042e-10,-1.08985378472061e-10,7.28136929527255e-10,-8.19023834507751e-10,1.81577586561245e-10,1.71276409118883e-11,-5.77019571018431e-10,-4.94784600730548e-10,5.9716244511607e-10,2.75042070679843e-10,-8.73997561167377e-10,3.09895398358364e-10,4.94556526186391e-10,7.49108600300515e-10,-3.18891135537318e-10,-3.76112301930297e-10,2.85857494427397e-10,-1.45890552077055e-10,9.471987133652e-10,-2.42110410917178e-10,3.36082161115537e-10,-4.86279914616519e-10,-1.78997705090087e-10,-1.07041123131177e-09,3.10678754011658e-10,-2.36125117954021e-10,-2.85817338976547e-10,5.77295607009637e-10,3.64473412891004e-10,-1.85014638430327e-10,3.47826171705715e-11,1.59889200633885e-10,-4.55261022224802e-10,6.78218633480956e-11,-9.42962031158531e-11,1.16708523203603e-10,1.49925461081604e-10,9.27056752917394e-11,1.01416408879945e-09,4.62816471323025e-11,4.09944407141111e-11,1.48601096260217e-10,6.4682015944145e-10,3.59650890068772e-10,-1.95662232958839e-10,-7.35360347182605e-11,9.88664613898218e-10,9.49904184850081e-10,9.92516677796805e-10,3.87145867762118e-10,3.67746653430236e-10,1.968507047973e-10,-9.72628665604452e-11,6.34966926861405e-10,-8.44670578233876e-10,-2.35650578806654e-10,-1.07805920126047e-09,5.02568169861004e-10,7.35891231690266e-10,-9.76962844244151e-11,-1.26768567405568e-09,1.27132295719475e-10,-7.57340022451531e-10,8.67561004017019e-11,6.4612691302488e-10,1.1504800685264e-10,-1.94534935847328e-11,-3.75048314423777e-10,1.78456097859217e-10,-1.06527410230064e-09,3.30074409137411e-10,2.25295232698175e-10,-1.27164297115026e-09,4.74782155788574e-11,6.52183418106169e-10,1.0585034825079e-10,7.42675921531722e-10,-2.04203330527691e-10,-4.93686692306909e-10,-1.04707093099535e-09,-9.8375036698985e-11,3.30144856314686e-10,1.99046976900752e-10,6.16738725306802e-10,3.78478555572369e-10,1.41149745057123e-10,4.54622134618588e-10,-2.64266615602965e-10,-5.28601648706101e-10,6.86136871502596e-10,-2.94872244280504e-10,-8.25687281333797e-10,-1.14028808957131e-10,4.00996107296672e-10,-3.19279077225274e-10,-7.59955955004027e-10,3.23474035871602e-11,-6.30958752693039e-10,2.93384657703141e-10,3.54961176415187e-10,-1.61889300996531e-10,1.30162752293157e-10,5.45120041200075e-10,1.50443039659993e-10,-1.01483968462169e-10,7.71842533261643e-10,2.39228014582048e-10,-9.55891696073848e-10,-5.19398804461135e-10,-4.29024956290734e-10,-1.52221168189427e-09,-6.0317938600153e-10,6.55765141295845e-10,-4.39021526506101e-10,-5.25790440210297e-10,2.51517898886851e-10,-3.95456796008797e-10,2.32919413988502e-10,-4.52420897144555e-11,9.44223371459088e-10,5.31355978912032e-10,-2.76096262838394e-11,-3.81365761762082e-10,-9.46342137848803e-11,-5.44904200518816e-10,4.29192584878319e-10,2.70095383256116e-10,2.82835182959328e-10,3.22587435691059e-10,-7.85332983643323e-11,-3.89006863979569e-10,2.84192049077333e-10,-2.79590887774843e-10,1.8919108506161e-10,-9.31346957611174e-10,-2.90391007218516e-10,-3.96224251496421e-10,1.36065111700646e-11,-3.50314911377283e-10,-5.3546362975208e-10,5.5280034464444e-10,5.33473615271037e-10,5.9008915423622e-11,5.14893090163999e-10,2.40754005222854e-10,3.34617211858642e-11,5.36766931425201e-10,9.06627536864953e-10,3.1616363912356e-10,-5.00131829709349e-10,6.61503144179469e-10,-4.2148658505591e-10,3.66011855245178e-10,-3.00941284014923e-10,5.15424484362896e-10,2.90613357943973e-10,-7.76176251336951e-10,-3.184671592427e-11,-1.90041881117955e-10,-7.67804776832037e-11,2.42814736602422e-10,-3.24300816045955e-10,-3.20445701419383e-10,-1.09330787133022e-09,-1.75996165320547e-10,-3.29970138985104e-10,-6.25691899424163e-10,4.41910453135523e-10,1.35682433185246e-10,-5.79981200132613e-10,-2.44590648484237e-10,-2.07873392321729e-10,3.53361490818847e-10,2.35019947001163e-10,3.79733047233286e-10,-6.04443547996012e-10,-2.56607525419501e-10,4.36564262241668e-10,-3.68773867007323e-10,1.01667007909347e-10,6.95162347899946e-11,2.4859642482998e-10,3.98190963124364e-10,-1.27543651801291e-10,-9.95817858332489e-10,6.1672075364503e-10,-5.25504864825463e-10,1.9162709267688e-10,-2.3612848446549e-10,1.61840120687486e-10,-2.36844336558e-10,-1.1961639305111e-09,-3.74386337887083e-10,-4.65647225237782e-10,-4.30897342608699e-10,3.4933367902931e-10,-1.03749468538025e-10,1.28761967816309e-10,-1.49574039937255e-11,-2.53665013964846e-10,7.26652044731297e-11,-2.56623714468062e-10,1.57303687241786e-11,-4.1791829592225e-10,3.94628591726206e-10,-3.23269758693565e-10,-2.18613440320736e-11,-2.46211951277181e-10,-2.78861891198667e-10,-5.87376841228938e-10,9.37999478621128e-11,1.83712726510712e-10,-6.45162451970057e-10,1.41722346096026e-10,-9.19465851695327e-11,-5.86955636212058e-10,-1.34093603978483e-10,-8.43129896845498e-11,-4.0806540676907e-10,-9.83239854025639e-10,4.75433898539703e-10,1.50312957959814e-10,1.14215067000662e-09,6.06739911176552e-10,-3.15558431748503e-10,4.25099469607034e-10,-7.83323376572205e-10,-4.49476301109171e-11,-4.46218197084345e-10,-1.35874826463832e-09,-1.32094995581528e-10,-1.65179966645548e-10,-9.380083358745e-10,4.92060752308886e-10,1.12712135686907e-09,8.63563241879709e-10,1.4906134656924e-10,-2.02812979260728e-11,-1.53589061406445e-10,-3.95219011049729e-10,6.03874351930212e-10,-8.09210015242268e-10,-1.00421817649994e-09,3.51060362385413e-10,-5.2917979880341e-10,-3.19246089988286e-10,-3.24191713215889e-10,9.6955533166429e-11,-1.88076609222471e-10,1.06460609855164e-10,6.04593351358025e-10,-6.11878289969399e-10,-1.18877752168294e-10,3.93026407451852e-10,2.71188507098013e-10,3.90010847008062e-11,6.23473525214938e-10,-5.33791338121684e-10,2.67087007117495e-10,-3.47648022416442e-10,-9.43264702252392e-10,6.80189242457828e-10,8.95113753939289e-10,-4.05903460727987e-10,3.35770606490076e-10,-1.03833536559705e-09,1.75699596873789e-10,1.27778775406919e-10,5.29959211173528e-10,5.91669083747029e-10,3.10246588771939e-10,-3.89686608933846e-10,1.94496430958808e-10,-5.92854067783703e-10,-3.13260338528888e-10,-4.7848840164317e-10,7.51883227156055e-10,2.77934401798138e-11,1.77503590325008e-10,7.94940658560949e-10,-7.56857304876914e-10,-5.99301163046777e-10,5.27471216161023e-10,4.64702031980685e-11,7.71667210438614e-10,1.00118235141249e-10,1.43988870360033e-10,2.66303630137526e-10,3.2578559526971e-10,3.72941083441261e-11,3.96380982429674e-10,-7.51757432224817e-10,-1.97254682872645e-10,-7.35330690223747e-10,1.65816023384441e-09,-6.49683932987573e-10,-2.23202531546202e-10,3.67291993856709e-10,-2.89153055502813e-10,-1.83200450535757e-10,7.38289282919273e-11,-4.77876190014911e-10,-6.14670763563572e-10,7.97314778505285e-10,7.12052605886333e-11,-1.11352133245842e-11,-3.15214890449262e-10,-6.63979839328636e-11,-7.00192603782447e-10,-2.4181502066639e-10,-7.36559239883115e-10,1.83044800057789e-10,-6.57981983233518e-10,-7.50931802631637e-10,7.93300093847145e-10,-1.005412683921e-09,6.42546940274702e-10,-2.84152594224117e-10,5.32270803380702e-10,4.89376556555943e-10,1.91978397138021e-10,1.75482352125566e-10,2.56390536397926e-10,-7.80363954777216e-12,8.86295544768518e-10,7.82185263750021e-10,-1.85355552881892e-10,-6.02675538105212e-11,1.2048974274054e-10,2.97972382345573e-10,-2.84112040544654e-11,2.21372972636262e-10,-7.29157151484559e-10,3.16786585413991e-10,9.03093619047409e-11,-1.65174107969263e-10,4.92418351111146e-10,4.97322779785668e-10,-4.62788529042565e-10,4.66343624731687e-11,-6.82868209125194e-10,8.07226718276031e-10,5.22980794944039e-10,2.03447509617856e-10,9.84181077011558e-10,5.62851049437917e-11,6.87572705333405e-11,-4.60222833771703e-10,5.8744711164725e-10,-1.62182762626013e-10,-2.59704500697886e-10,2.69871293153348e-10,2.10345312011903e-10,1.16932235682835e-10,-3.99026174476448e-10,4.81449736938449e-10,-1.53875244994754e-10,1.15630832725204e-10,1.78332641791363e-10,-1.66112988828808e-10,1.27302497278196e-10,4.40228899001012e-10,1.71093159297409e-11,5.74289520809734e-12,-6.73319515092533e-11,3.79329581587294e-10,4.34837345041301e-10,-8.53559792051127e-10,6.16206843104119e-10,1.75938225210969e-10,3.61707534959002e-10,2.47792667595878e-11,1.87476617695608e-10,-2.40680256242755e-10,5.30788235807666e-10,7.99872405303643e-10,7.462776527433e-11,7.8331915148459e-10,4.30480757722706e-10,2.69854226462633e-10,-5.80595081051768e-10,-1.66964331371466e-10,2.56170538898755e-10,-8.13415411398531e-10,-4.92920631401759e-10,-3.57508831557193e-10,-1.97484323518506e-10,-9.44694700605117e-10,-2.41989277990863e-10,-6.3516793418189e-11,-4.39419800975516e-10,2.16812659799144e-10,2.78679483984539e-10,-2.91588892467386e-10,-2.24691908269739e-10,7.65989676423186e-11,-1.71081941403829e-10,-1.1311587574596e-10,-3.83266756029075e-10,8.68852981407059e-12,1.40993127569064e-10,-1.1147702402006e-09,6.73523501645581e-10,4.56758146767001e-10,-2.22415132260902e-10,1.0633002241811e-09,9.44967916815317e-12,1.11785584122714e-10,-3.16840656741146e-10,8.19688405510068e-11,-4.22766863183508e-10,4.29238979999623e-10,5.64821031565271e-10,-1.07039140617054e-09,-6.14442236478472e-11,5.03823628560977e-10,-3.61850816424931e-10,-8.08973231026776e-11,-3.88232073500416e-10,-5.38163609433718e-10,-2.71180447829162e-10,-2.82601704388862e-10,-2.47483122244885e-11,2.07752172789497e-10,-3.09734081516679e-10,1.82892026908395e-10,-1.90757936476935e-10,9.34547561107259e-10,-8.85080449079951e-11,-5.85162373004679e-10,-2.0451043608878e-10,2.14388301091458e-10,4.43833092805891e-10,-1.75541206962633e-10,-3.04662010400303e-10,5.72349167671805e-10,2.05106479517371e-11,4.83565316542178e-10,1.79943064555852e-10,1.6731641506517e-09,1.87015688561709e-10,-3.18268569616069e-10,2.38604548438953e-11,1.73496120347623e-10,-6.00919251891889e-10,-4.40155099808507e-10,-4.71553685398017e-10,9.68204200427212e-11,4.04961198048727e-11,-2.50532186893352e-10,1.51823785323034e-09,5.13099949204351e-10,-6.78251479457633e-10,-4.45272546441948e-10,3.24770701709509e-10,4.02821493682937e-10,1.04034449053904e-10,-6.19825260053409e-10,-9.67108774783954e-10,2.20566688940693e-10,-3.29852297227946e-10,6.96079734100758e-10,-9.14169063761347e-11,-3.99652317648056e-10,-5.30046318543308e-10,2.77872011141568e-10,7.53978049745716e-11,3.70852136819395e-10,-7.30890430307262e-11,-3.96018443829134e-10,1.20795548727226e-09,2.76724965133218e-10,3.96304819614437e-10,-2.71071954793544e-10,2.74694405301731e-11,-3.47019946769182e-10,-1.75098086489349e-10,-6.56405319246198e-11,3.24811828019235e-10,1.29181274104594e-10,3.38611141523329e-10,1.79902157867454e-10,-1.47939955953482e-11,-1.49614062776728e-10,-4.51845243609259e-10,3.04291152012128e-10,9.92916203984955e-10,5.95247675686962e-10,-5.71468197634534e-10,-2.57215869589369e-10,1.1239794543191e-09,1.54199962545222e-10,6.94610067494526e-10,-2.23260019486254e-10,-3.88438023129578e-11,1.02138823492281e-09,5.8187591963869e-10,2.85598328723404e-10,-2.52652928650694e-10,1.35104855492211e-10,-2.40039874759278e-10,-1.67351802860079e-10,-4.95751535117597e-11,2.92560613847661e-10,-4.22351206787355e-10,-3.10695711608517e-10,2.12215242151233e-10,1.06919209309464e-10,-9.52471717934492e-10,5.01159305691694e-10,-3.73270894945558e-10,-5.9712984573179e-10,-5.47488423853424e-10,8.190323610273e-10,-5.49968704168152e-10,-1.03903534950885e-09,3.28954153606517e-10,-4.87629665287273e-10,-8.51533020832613e-10,8.5533907572364e-10,-2.94836500603872e-10,-1.79475546758698e-11,-3.35276968002622e-10,3.25414818895857e-10,-1.72355702550873e-10,3.46241161569316e-10,-1.42280052713418e-09,-3.60898150218546e-10,-9.11360118656436e-10,9.30784421794323e-10,2.92850123889391e-10,1.51570746936668e-10,-2.84416957912553e-10,2.26455934037393e-10,-4.41161525057816e-10,-7.93279064616691e-10,-3.70009755534352e-11,-1.76112529203419e-10,7.27957976139043e-11,5.29134239528502e-10,3.82440035714346e-10,-2.73397793433796e-10,1.85656458299969e-12,-5.15937355604376e-10,-1.15305284262822e-10,7.78867623325131e-10,-4.75410814237015e-10,1.45763221879322e-10,2.3337180163103e-10,-4.60907873668028e-10,8.53789475254272e-10,5.66286373047606e-10,1.17525108691675e-09,1.05445036106938e-10,-1.69971434643324e-10,-5.04599569077322e-10,-1.94959502434559e-10,-7.81394741187307e-10,-2.41962518909286e-10,2.45715977738953e-10,-1.29738324119348e-10,-1.30783849463122e-09,-9.51595662007201e-11,-2.43283181093714e-10,-8.39823563592571e-11,-2.84357917685003e-10,1.39339287690495e-10,-7.6775384718327e-10,3.96310489236713e-10,-1.05060148636443e-09,9.11540338598773e-10,-3.83564766996944e-10,-3.98192509257171e-10,-3.6665681914526e-10,3.95383592757401e-10,6.41203684891101e-10,-7.17766768877909e-10,-4.77659418140199e-10,-2.12571511389223e-10,6.30758285171962e-10,2.79374584481258e-10,2.44521601694256e-10,1.131616097858e-10,-4.02369562862637e-10,-4.57524086057884e-11,-2.28329530906085e-10,5.05157839565112e-10,-5.57103022647725e-10,-8.21734732367749e-10,-7.87474640975519e-10,2.53455130178402e-10,1.24042043845189e-10,-8.39660850859855e-10,5.00554209904183e-10,5.57740918545062e-10,-4.85810350977648e-10,-7.85633476596303e-12,1.74633739542832e-10,2.42062686658732e-10,5.21570779208273e-10,-6.96005826371889e-10,1.68503782697846e-09,1.34389366082283e-10,-4.75298524266447e-10,-2.38390157210559e-10,2.60862622217625e-10,-1.95073673221194e-12,-2.40066794536026e-10,5.49280546446798e-10,-7.7860317257892e-11,4.00721335486657e-10,4.24738644287881e-10,6.68253903139589e-10,-9.90703707876788e-10,-1.90221986303888e-12,-3.97805634539651e-10,5.67177563627566e-10,3.99115976888276e-10,-2.27853637807638e-10,4.83832091779696e-10,-2.02564100428779e-10,-7.61419541421657e-10,1.02899391223625e-11,5.50127170501134e-10,-2.35422002728878e-10,5.99634030202972e-10,-8.55714703178406e-10,5.23998598201934e-10,-1.51553485492504e-10,9.53838758553808e-11,6.62526920491065e-10,1.0528499820077e-11,-6.48676972482971e-10,-2.48513339541953e-11,-1.40388959426798e-10,-2.53140381864639e-10,1.17556549033233e-10,-2.25958564544995e-10,-4.37197909763725e-10,6.4238068304426e-10,-9.57751482009265e-11,1.1463068090572e-09,1.50755509669966e-10,-2.79310998754483e-10,1.18543988294175e-09,3.93914781650688e-10,-2.30970548161249e-10,1.2118110902742e-10,-6.28131292020548e-10,3.53618425889098e-10,-7.69886022696009e-10,-2.2107036490053e-10,-1.03670570441334e-09,-4.56091286543368e-10,5.3450517725364e-10,7.33626661200806e-10,-6.68187887152503e-10,6.88944341643391e-10,-4.69799342122244e-11,2.65687545213801e-10,2.19059735222369e-10,2.02208253308428e-10,-2.42418395936666e-10,2.27016683397134e-10,7.87561620140332e-10,-1.29419628406016e-10,-1.42528218330337e-11,1.2420821458589e-10,4.1155134298262e-10,-2.3814680424212e-10,3.13911454210749e-10,2.00453573718933e-10,7.79650424982185e-10,3.43146827240656e-10,-3.08031801208069e-10,1.17554789684274e-09,3.96745235930858e-10,4.54377616208384e-10,-4.82997411810052e-10,3.98759259963753e-10,-2.5269693298043e-10,4.66351918709476e-10,3.3360553872165e-10,1.95333317936604e-10,-1.69950989716766e-11,-7.55785614516737e-11,2.58324218118848e-10,2.94373383338953e-10,1.38671541155218e-10,-1.74456660795354e-10,-2.18298361468626e-10,1.16767553021914e-10,-3.51640562442973e-10,-4.71026454484544e-10,2.67307059116401e-10,2.56606354099636e-11,2.90111720944693e-10,-8.16167818467919e-11,5.53005198699042e-10,4.70763038547515e-10,7.01809892702907e-10,2.32526974868987e-10,5.48713124354818e-10,-9.80546336992098e-10,-4.58982641753489e-10,1.47847276738121e-10,-2.24875306176608e-10,5.16819661128209e-10,-2.99055064645973e-10,5.84244459378795e-11,1.09534253472569e-10,1.73263915828094e-11,-1.37123282370169e-10,-5.7522928407297e-10,-1.14531683217557e-10,5.08351213309745e-11,1.38582929356235e-10,1.12631546362486e-10,-4.47235268057911e-11,1.67861215145747e-10,-8.94680776541933e-10,1.51337387123682e-10,-7.68058817324774e-10,5.45825640904807e-10,4.98372166314043e-10,8.32666382537204e-10,-3.18860938050779e-10,-5.98643396754884e-10,7.69940459365359e-10,-8.24469210086667e-10,-9.3744614235816e-10,-5.87404751324107e-10,-8.70767025332409e-10,-3.27814546542132e-10,-5.47421955719319e-10,-1.34798043958164e-10,-6.65709695712626e-10,-9.0240266245328e-10,-5.23947604861413e-10,3.97068002432931e-10,-2.60779005562333e-10,4.00329063466578e-10,4.84114642427862e-10,-1.40528074616987e-09,-1.61313047180906e-10,7.20841973023676e-10,8.82802148940133e-10,9.41039227043364e-11,-9.31574318936475e-10,9.90219288325538e-10,7.11441242573276e-10,2.30767844332088e-10,1.2180147595499e-09,-2.2644536565825e-10,-8.79989426160932e-10,6.18139059933754e-10,-1.53386118553314e-10,-2.81522065300731e-10,3.30212494733956e-12,-8.83371570686034e-11,4.42215075463616e-10,5.37949360952911e-11,-2.90375156876696e-10,1.17473217094469e-10,-1.88601959305859e-10,-7.18954407569694e-10,3.02375049341372e-10,3.69304511578103e-10,-4.39163085905459e-10,4.80677087386808e-10,-3.8801619206152e-10,-5.64884715149995e-10,3.62177003613024e-10,3.62090451468524e-10,3.66230168032091e-11,-5.11220094848389e-10,-2.62322878149245e-10,9.12662248717575e-10,2.13932934688996e-10,1.96557961463828e-10,1.01392110635483e-10,3.90233701646137e-10,3.87607361403975e-11,5.81218958845568e-10,-4.63550590179268e-10,3.83451076080047e-11,7.04428281160214e-10,-6.01730571981401e-10,4.6425615810481e-10,-4.292502055227e-10,-4.9910246998385e-10,-7.92568239353302e-10,-1.03290947157676e-10,-2.54490815172603e-10,2.53542599325283e-10,-8.58402205390179e-10,-4.69770643868737e-10,1.92144140341983e-10,-5.37258722309117e-10,-3.89030171014791e-10,-5.254743163313e-11,-7.77865104423264e-10,-6.35792655196562e-10,2.50243021713142e-10,2.24737516229186e-10,-1.51831775994459e-10,-3.15891195593975e-10,-1.13917883654643e-10,-8.60278802458971e-10,2.19324156375847e-10,1.00952568529041e-10,4.19741335004008e-10,-8.21967594664196e-11,9.65094046970697e-11,-2.94239629315118e-11,-2.99560690973546e-11,-3.65483850977326e-10,-1.72509309621704e-10,-2.70199799160901e-10,-2.37149278675474e-10,-5.84359000724619e-10,-1.70180498298965e-10,4.62232274890558e-10,2.56141877635588e-13,-4.23442022487158e-10,6.05050668997021e-10,5.09041219668267e-10,2.72372919929711e-10,-7.55473011641533e-10,-3.8980589183968e-10,2.27308327934612e-10,5.39458001213017e-11,7.93167224233729e-10,3.0635670018411e-10,-2.75570854108003e-10,5.41199814699325e-10,-6.910787223662e-10,-2.60754679935219e-13,2.93636873276004e-10,1.48761920468509e-10,8.86210939762003e-10,-6.5922889435434e-11,7.78699156952843e-10,1.7404712763839e-11,5.17916519465572e-10,2.29738153112618e-10,7.63544948710712e-11,-2.52173041236153e-11,-3.20281507263807e-10,3.487826190191e-10,-8.45622755835369e-10,-1.15043038619723e-09,-8.71497944805096e-10,-8.42755252275838e-10,-4.57647354418149e-10,1.08918833760065e-10,-8.576396890237e-10,-6.74138511422168e-10,-8.28247544366562e-11,7.92084302199594e-10,-3.99697184630679e-10,1.82577704527588e-10,5.90793311685777e-10,-6.26761255499086e-10,2.74602493674657e-10,3.83094202142121e-10,-1.16805825388457e-10,4.31494310609434e-10,1.74105640594977e-10,8.96099351162896e-10,-7.53711722047419e-10,-6.74318767338524e-10,8.23231452075565e-10,6.31176593184409e-11,-4.96504047228873e-10,-9.77597247392813e-10,-3.85402645860961e-11,7.80116509798699e-10,5.13107923925383e-11,1.52898129773476e-10,9.08848616090143e-10,-1.30391323116541e-10,4.12825454276179e-10,1.65676111741893e-10,2.22821334665929e-10,8.94852064458195e-10,7.51377543762838e-10,-2.60344598388494e-10,-4.8666944642621e-10,-9.09949594368969e-10,-7.77121910597228e-11,-1.19719776233394e-10,-4.63635170152279e-12,-3.32634270326154e-11,-5.29940151981142e-10,-1.10968055206026e-09,-1.42124125042635e-09,-2.0812892585956e-10,-6.08691259198607e-10,-9.3639639260778e-10,-6.72897369899857e-11,-1.06388622103559e-09,-9.4653792700602e-10,-6.45578960474016e-10,-1.00139383064817e-09,-1.04800969082012e-09,-1.8693907897216e-09,-8.31699016409281e-10,-7.5064124774961e-10,-1.92542000483885e-09,-8.94005439136894e-10,-1.19022840947842e-10,-1.28160656986686e-09,-3.52234163873738e-10,-1.1573108013258e-09,-1.40348881237548e-09,-8.51336796262538e-10,-9.18919451891012e-10,-6.4948652377867e-10,-1.10108499094379e-09,-1.33868939376354e-09,-4.25959118601586e-10,-9.7187902964591e-10,-3.13107387292515e-10,-1.84898200303285e-09,-1.27391204795701e-09,-3.00338410961769e-10,-1.1321820531994e-09,-4.32942825386103e-10,-7.40729522862923e-10,-1.62924364536585e-09,-1.39130831467269e-09,-1.27937429795772e-09,-1.35632840346197e-09,-1.50929259187581e-09,-1.42219776755067e-09,-1.32119392435696e-09,-2.53000717937131e-09,-1.48342863169468e-09,-1.87188646007748e-09,-1.7250255832971e-09,-1.83606981806964e-09,-2.31046444041657e-09,-1.09862631388567e-09,-2.41602693717407e-09,-1.15397237452364e-09,-1.57542126293535e-09,-9.89835041134453e-10,-1.56396692260107e-09,-2.09320359452395e-09,-1.52109481857927e-09,-1.63511937227678e-09,-2.167529591915e-09,-1.69016363261821e-09,-2.07020541357552e-09,-1.65004532394235e-09,-1.84222859867653e-09,-2.07168026950819e-09,-1.9205196643527e-09,-2.48031369125222e-09,-2.39393199330307e-09,-1.83279258958118e-09,-2.71945329413216e-09,-2.12931255011968e-09,-2.33266482612327e-09,-2.66573253981416e-09,-2.03729511173399e-09,-3.50773909980698e-09,-1.86145747193796e-09,-2.12611354743718e-09,-2.30583959471591e-09,-1.65200134684461e-09,-2.02516527654145e-09,-2.20515768415517e-09,-6.09985711078639e-10,-2.43761721034247e-09,-2.98638069237874e-09,-2.35904246351514e-09,-2.13897448726588e-09,-3.26094172459369e-09,-2.49471433985133e-09,-2.00549795009085e-09,-1.78425418589013e-09,-2.5082069712224e-09,-3.11790534816665e-09,-2.86786335225859e-09,-3.63643247840167e-09,-3.5916359257499e-09,-2.16493229980405e-09,-3.51295865680323e-09,-2.55142474746702e-09,-2.93384532817005e-09,-2.44635602771601e-09,-2.71239523000017e-09,-4.64746924278434e-09,-3.49567207233828e-09,-4.0012025265721e-09,-3.140739328526e-09,-3.92172499644816e-09,-2.14406900830629e-09,-2.54836046119913e-09,-3.169905858502e-09,-3.69517081134964e-09,-2.85557329625867e-09,-3.12893513757208e-09,-3.79480055367879e-09,-3.48911266418473e-09,-4.78180840368071e-09,-2.98541061214686e-09,-4.54936378869771e-09,-4.0657785432562e-09,-4.14668738643186e-09,-3.60167313138628e-09,-3.55002473477805e-09,-3.80989288369935e-09,-3.64617838753866e-09,-3.58187935862617e-09,-4.13123716457267e-09,-2.89320155899436e-09,-3.93113175651226e-09,-3.16632924263934e-09,-3.6695656012274e-09,-3.44876414826153e-09,-3.71407214686496e-09,-4.17894778181779e-09,-4.31833500599067e-09,-4.42473981599635e-09,-4.44509587936624e-09,-4.68530353248088e-09,-4.02203128597534e-09,-4.42073234883414e-09,-3.40881406277899e-09,-4.1846869678253e-09,-3.68312755000267e-09,-3.32023883718675e-09,-4.43512767866031e-09,-4.15042418441389e-09,-5.35113431548033e-09,-4.61127809657721e-09,-3.86003670470647e-09,-4.39430093073921e-09,-4.17814096576851e-09,-4.42754214262338e-09,-3.81516962827019e-09,-4.8078774382124e-09,-4.81502248203167e-09,-5.30549241951215e-09,-4.86016927270904e-09,-5.31095883347508e-09,-5.29978339410962e-09,-4.76387365509812e-09,-5.83764624203893e-09,-4.35657061166211e-09,-4.65655866936476e-09,-5.07514571871269e-09,-5.18782143727488e-09,-5.21704616456976e-09,-5.78728919017454e-09,-4.5648930381413e-09,-5.87278816199352e-09,-5.67301796399246e-09,-6.37011113110217e-09,-4.83325198752836e-09,-5.23858124800505e-09,-5.59432006358158e-09,-6.29670309453577e-09,-6.03971806161774e-09,-5.83290491063946e-09,-5.46219197389062e-09,-4.67317501300874e-09,-5.9282779159268e-09,-4.9762187988333e-09,-5.84837412467621e-09,-5.91020273001506e-09,-6.1273136480489e-09,-5.92206998692079e-09,-5.36978569383725e-09,-6.56582343967406e-09,-6.59421601391935e-09,-6.26077245533294e-09,-5.70008909949877e-09,-6.38296014013357e-09,-5.9371506528783e-09,-5.61521281123285e-09,-6.70008472050307e-09,-6.96835890125451e-09,-5.4116921093241e-09,-5.99836445797364e-09,-7.22318881445374e-09,-6.05152623536451e-09,-5.88938746653122e-09,-5.99501558417171e-09,-6.89611017931536e-09,-6.62039651321653e-09,-6.86735873604786e-09,-7.45047686010258e-09,-7.33949723254458e-09,-6.74567268222766e-09,-6.47050964112034e-09,-7.34071765791739e-09,-6.74250864921368e-09,-7.08953775198441e-09,-7.01916948648655e-09,-8.26618675728808e-09,-7.76825656347549e-09,-6.77787174218097e-09,-7.95360303046595e-09,-7.51415728610779e-09,-7.15971379128485e-09,-6.79425428481807e-09,-7.63407320856911e-09,-8.11211159636516e-09,-7.73736998833695e-09,-7.08103949035371e-09,-7.64931724247214e-09,-7.88948031758729e-09,-8.17417249453914e-09,-7.68061499226598e-09,-8.52856360111751e-09,-9.24966939576168e-09,-8.72370607675483e-09,-7.39841926189382e-09,-8.5844192841424e-09,-9.3738766824367e-09,-8.44350390607145e-09,-8.86257703838495e-09,-9.71032057937594e-09,-8.65655720617349e-09,-8.32746657748786e-09,-8.02995747732687e-09,-8.70575654458505e-09,-8.54103327502393e-09,-8.91105104642595e-09,-8.42017588635095e-09,-8.97993206501537e-09,-9.43053098939603e-09,-9.23513513967887e-09,-8.79938548998125e-09,-9.38917438902174e-09,-8.33321769076552e-09,-9.62718231403994e-09,-9.57861846061391e-09,-8.43613685057274e-09,-8.71090538725217e-09,-9.57911701452897e-09,-9.00455905967078e-09,-9.2461131899078e-09,-9.73092623151825e-09,-1.06777387823033e-08,-9.54534792449364e-09,-9.26292625554436e-09,-9.06736593125418e-09,-9.52752602843123e-09,-1.00675993607358e-08,-9.93311318458527e-09,-1.03851583664093e-08,-1.0406952860257e-08,-1.05235093241083e-08,-1.06461974108397e-08,-1.0651486341481e-08,-9.69113297032368e-09,-1.03371201721361e-08,-9.98829729377227e-09,-9.81451075875844e-09,-1.02965097218429e-08,-9.73198656061687e-09,-1.12067035514717e-08,-1.14344280394553e-08,-1.11588600359593e-08,-1.01700566918431e-08,-1.05897725804747e-08,-1.11961844177135e-08,-1.13489785423512e-08,-1.10323392026541e-08,-1.17412428473571e-08,-1.03392245216682e-08,-1.16047084044744e-08,-1.20178937573754e-08,-1.11626369760814e-08,-1.12570676479895e-08,-1.18644996632433e-08,-1.16052480773762e-08,-1.13108815628119e-08,-1.19124675856262e-08,-1.18073182628292e-08,-1.13463598910598e-08,-1.16735390471118e-08,-1.12909504141732e-08,-1.17427561134675e-08,-1.2030848507584e-08,-1.19568009113949e-08,-1.25753426542799e-08,-1.29535473847409e-08,-1.1268507688498e-08,-1.21609841214217e-08,-1.15880917776317e-08,-1.34340860915718e-08,-1.18949863109281e-08,-1.235967631512e-08,-1.15732281603308e-08,-1.23444527907331e-08,-1.19247908614593e-08,-1.25915137377609e-08,-1.16462782641059e-08,-1.2873732683122e-08,-1.26385168571104e-08,-1.19046667730825e-08,-1.2800012474177e-08,-1.23326577631607e-08,-1.34522487187952e-08,-1.27772033336866e-08,-1.2627415731624e-08,-1.27162528701919e-08,-1.25373941652081e-08,-1.25466519799797e-08,-1.27216140790529e-08,-1.30224135258932e-08,-1.28053465644456e-08,-1.20976441814019e-08,-1.26104660057069e-08,-1.23917912282079e-08,-1.26450499397983e-08,-1.35341331105208e-08,-1.2949863641904e-08,-1.34568619056949e-08,-1.1855905606667e-08,-1.23547803382172e-08,-1.23014894430278e-08,-1.2761451613157e-08,-1.34201483609118e-08,-1.30341645023129e-08,-1.20416849514452e-08,-1.24207354927902e-08,-1.20307703986353e-08,-1.28832176999054e-08,-1.28047041185096e-08,-1.20816625781081e-08,-1.23296775676155e-08,-1.19790479644708e-08,-1.17792206077723e-08,-1.2299599110875e-08,-1.1276126046851e-08,-1.12875263691939e-08,-1.26489530518758e-08,-1.14775428798473e-08,-1.02571123628307e-08,-1.09141721537155e-08,-1.10596352652778e-08,-1.03459711454101e-08,-9.67903710394465e-09,-1.03239993614538e-08,-1.10845436462857e-08,-1.12714377825062e-08,-1.0832654390111e-08,-1.00351036979883e-08,-1.04336572096121e-08,-9.61948842391512e-09,-9.57561784625483e-09,-8.89244764163964e-09,-9.68107930341178e-09,-8.29255543990425e-09,-9.28772060895044e-09,-7.66599525220254e-09,-7.1452528757451e-09,-7.01045310682981e-09,-6.96322787953107e-09,-6.83866543917804e-09,-6.2172372388975e-09,-5.53926013243885e-09,-5.67633056853317e-09,-5.0933568624952e-09,-4.59023563103296e-09,-3.62775627704878e-09,-4.28181727611808e-09,-2.59105954834172e-09,-2.4264128668403e-09,-1.48517704238009e-09,-1.78452846991311e-09,-4.67182866048587e-10,2.79435966636924e-10,1.16616090339272e-09,1.87374778266436e-09,2.93803737649684e-09,3.47758105501255e-09,4.08176812524183e-09,5.15390550420387e-09,6.62954359599603e-09,9.24646559881662e-09,8.0195648981555e-09,9.52584991801744e-09,1.12654930395567e-08,1.26273151949462e-08,1.34489205667522e-08,1.5906178734767e-08,1.69247603439819e-08,1.89543944433855e-08,2.00653620924703e-08,2.29812507204416e-08,2.42516324243417e-08,2.62317917058502e-08,2.8420827334033e-08,3.03829000097266e-08,3.38762601933654e-08,3.70174645445114e-08,4.06475879777734e-08,4.31967337758774e-08,4.78745156347187e-08,5.05678430049575e-08,5.48043971087086e-08,5.97016599858061e-08,6.42334818622326e-08,6.94043141476572e-08,7.53134088087171e-08,8.24795336543253e-08
