v,0.25
Patm,100000
g,9.81
r,500
G,10^9.15
rho,2300
mu,10^3.73
rc,11
 
M,10^4.86
sigma,0.5
 
tilt_erupt,17.1612nrad
 
-1485,-1484,-1483,-1482,-1481,-1480,-1479,-1478,-1477,-1476,-1475,-1474,-1473,-1472,-1471,-1470,-1469,-1468,-1467,-1466,-1465,-1464,-1463,-1462,-1461,-1460,-1459,-1458,-1457,-1456,-1455,-1454,-1453,-1452,-1451,-1450,-1449,-1448,-1447,-1446,-1445,-1444,-1443,-1442,-1441,-1440,-1439,-1438,-1437,-1436,-1435,-1434,-1433,-1432,-1431,-1430,-1429,-1428,-1427,-1426,-1425,-1424,-1423,-1422,-1421,-1420,-1419,-1418,-1417,-1416,-1415,-1414,-1413,-1412,-1411,-1410,-1409,-1408,-1407,-1406,-1405,-1404,-1403,-1402,-1401,-1400,-1399,-1398,-1397,-1396,-1395,-1394,-1393,-1392,-1391,-1390,-1389,-1388,-1387,-1386,-1385,-1384,-1383,-1382,-1381,-1380,-1379,-1378,-1377,-1376,-1375,-1374,-1373,-1372,-1371,-1370,-1369,-1368,-1367,-1366,-1365,-1364,-1363,-1362,-1361,-1360,-1359,-1358,-1357,-1356,-1355,-1354,-1353,-1352,-1351,-1350,-1349,-1348,-1347,-1346,-1345,-1344,-1343,-1342,-1341,-1340,-1339,-1338,-1337,-1336,-1335,-1334,-1333,-1332,-1331,-1330,-1329,-1328,-1327,-1326,-1325,-1324,-1323,-1322,-1321,-1320,-1319,-1318,-1317,-1316,-1315,-1314,-1313,-1312,-1311,-1310,-1309,-1308,-1307,-1306,-1305,-1304,-1303,-1302,-1301,-1300,-1299,-1298,-1297,-1296,-1295,-1294,-1293,-1292,-1291,-1290,-1289,-1288,-1287,-1286,-1285,-1284,-1283,-1282,-1281,-1280,-1279,-1278,-1277,-1276,-1275,-1274,-1273,-1272,-1271,-1270,-1269,-1268,-1267,-1266,-1265,-1264,-1263,-1262,-1261,-1260,-1259,-1258,-1257,-1256,-1255,-1254,-1253,-1252,-1251,-1250,-1249,-1248,-1247,-1246,-1245,-1244,-1243,-1242,-1241,-1240,-1239,-1238,-1237,-1236,-1235,-1234,-1233,-1232,-1231,-1230,-1229,-1228,-1227,-1226,-1225,-1224,-1223,-1222,-1221,-1220,-1219,-1218,-1217,-1216,-1215,-1214,-1213,-1212,-1211,-1210,-1209,-1208,-1207,-1206,-1205,-1204,-1203,-1202,-1201,-1200,-1199,-1198,-1197,-1196,-1195,-1194,-1193,-1192,-1191,-1190,-1189,-1188,-1187,-1186,-1185,-1184,-1183,-1182,-1181,-1180,-1179,-1178,-1177,-1176,-1175,-1174,-1173,-1172,-1171,-1170,-1169,-1168,-1167,-1166,-1165,-1164,-1163,-1162,-1161,-1160,-1159,-1158,-1157,-1156,-1155,-1154,-1153,-1152,-1151,-1150,-1149,-1148,-1147,-1146,-1145,-1144,-1143,-1142,-1141,-1140,-1139,-1138,-1137,-1136,-1135,-1134,-1133,-1132,-1131,-1130,-1129,-1128,-1127,-1126,-1125,-1124,-1123,-1122,-1121,-1120,-1119,-1118,-1117,-1116,-1115,-1114,-1113,-1112,-1111,-1110,-1109,-1108,-1107,-1106,-1105,-1104,-1103,-1102,-1101,-1100,-1099,-1098,-1097,-1096,-1095,-1094,-1093,-1092,-1091,-1090,-1089,-1088,-1087,-1086,-1085,-1084,-1083,-1082,-1081,-1080,-1079,-1078,-1077,-1076,-1075,-1074,-1073,-1072,-1071,-1070,-1069,-1068,-1067,-1066,-1065,-1064,-1063,-1062,-1061,-1060,-1059,-1058,-1057,-1056,-1055,-1054,-1053,-1052,-1051,-1050,-1049,-1048,-1047,-1046,-1045,-1044,-1043,-1042,-1041,-1040,-1039,-1038,-1037,-1036,-1035,-1034,-1033,-1032,-1031,-1030,-1029,-1028,-1027,-1026,-1025,-1024,-1023,-1022,-1021,-1020,-1019,-1018,-1017,-1016,-1015,-1014,-1013,-1012,-1011,-1010,-1009,-1008,-1007,-1006,-1005,-1004,-1003,-1002,-1001,-1000,-999,-998,-997,-996,-995,-994,-993,-992,-991,-990,-989,-988,-987,-986,-985,-984,-983,-982,-981,-980,-979,-978,-977,-976,-975,-974,-973,-972,-971,-970,-969,-968,-967,-966,-965,-964,-963,-962,-961,-960,-959,-958,-957,-956,-955,-954,-953,-952,-951,-950,-949,-948,-947,-946,-945,-944,-943,-942,-941,-940,-939,-938,-937,-936,-935,-934,-933,-932,-931,-930,-929,-928,-927,-926,-925,-924,-923,-922,-921,-920,-919,-918,-917,-916,-915,-914,-913,-912,-911,-910,-909,-908,-907,-906,-905,-904,-903,-902,-901,-900,-899,-898,-897,-896,-895,-894,-893,-892,-891,-890,-889,-888,-887,-886,-885,-884,-883,-882,-881,-880,-879,-878,-877,-876,-875,-874,-873,-872,-871,-870,-869,-868,-867,-866,-865,-864,-863,-862,-861,-860,-859,-858,-857,-856,-855,-854,-853,-852,-851,-850,-849,-848,-847,-846,-845,-844,-843,-842,-841,-840,-839,-838,-837,-836,-835,-834,-833,-832,-831,-830,-829,-828,-827,-826,-825,-824,-823,-822,-821,-820,-819,-818,-817,-816,-815,-814,-813,-812,-811,-810,-809,-808,-807,-806,-805,-804,-803,-802,-801,-800,-799,-798,-797,-796,-795,-794,-793,-792,-791,-790,-789,-788,-787,-786,-785,-784,-783,-782,-781,-780,-779,-778,-777,-776,-775,-774,-773,-772,-771,-770,-769,-768,-767,-766,-765,-764,-763,-762,-761,-760,-759,-758,-757,-756,-755,-754,-753,-752,-751,-750,-749,-748,-747,-746,-745,-744,-743,-742,-741,-740,-739,-738,-737,-736,-735,-734,-733,-732,-731,-730,-729,-728,-727,-726,-725,-724,-723,-722,-721,-720,-719,-718,-717,-716,-715,-714,-713,-712,-711,-710,-709,-708,-707,-706,-705,-704,-703,-702,-701,-700,-699,-698,-697,-696,-695,-694,-693,-692,-691,-690,-689,-688,-687,-686,-685,-684,-683,-682,-681,-680,-679,-678,-677,-676,-675,-674,-673,-672,-671,-670,-669,-668,-667,-666,-665,-664,-663,-662,-661,-660,-659,-658,-657,-656,-655,-654,-653,-652,-651,-650,-649,-648,-647,-646,-645,-644,-643,-642,-641,-640,-639,-638,-637,-636,-635,-634,-633,-632,-631,-630,-629,-628,-627,-626,-625,-624,-623,-622,-621,-620,-619,-618,-617,-616,-615,-614,-613,-612,-611,-610,-609,-608,-607,-606,-605,-604,-603,-602,-601,-600,-599,-598,-597,-596,-595,-594,-593,-592,-591,-590,-589,-588,-587,-586,-585,-584,-583,-582,-581,-580,-579,-578,-577,-576,-575,-574,-573,-572,-571,-570,-569,-568,-567,-566,-565,-564,-563,-562,-561,-560,-559,-558,-557,-556,-555,-554,-553,-552,-551,-550,-549,-548,-547,-546,-545,-544,-543,-542,-541,-540,-539,-538,-537,-536,-535,-534,-533,-532,-531,-530,-529,-528,-527,-526,-525,-524,-523,-522,-521,-520,-519,-518,-517,-516,-515,-514,-513,-512,-511,-510,-509,-508,-507,-506,-505,-504,-503,-502,-501,-500,-499,-498,-497,-496,-495,-494,-493,-492,-491,-490,-489,-488,-487,-486,-485,-484,-483,-482,-481,-480,-479,-478,-477,-476,-475,-474,-473,-472,-471,-470,-469,-468,-467,-466,-465,-464,-463,-462,-461,-460,-459,-458,-457,-456,-455,-454,-453,-452,-451,-450,-449,-448,-447,-446,-445,-444,-443,-442,-441,-440,-439,-438,-437,-436,-435,-434,-433,-432,-431,-430,-429,-428,-427,-426,-425,-424,-423,-422,-421,-420,-419,-418,-417,-416,-415,-414,-413,-412,-411,-410,-409,-408,-407,-406,-405,-404,-403,-402,-401,-400,-399,-398,-397,-396,-395,-394,-393,-392,-391,-390,-389,-388,-387,-386,-385,-384,-383,-382,-381,-380,-379,-378,-377,-376,-375,-374,-373,-372,-371,-370,-369,-368,-367,-366,-365,-364,-363,-362,-361,-360,-359,-358,-357,-356,-355,-354,-353,-352,-351,-350,-349,-348,-347,-346,-345,-344,-343,-342,-341,-340,-339,-338,-337,-336,-335,-334,-333,-332,-331,-330,-329,-328,-327,-326,-325,-324,-323,-322,-321,-320,-319,-318,-317,-316,-315,-314,-313,-312,-311,-310,-309,-308,-307,-306,-305,-304,-303,-302,-301,-300,-299,-298,-297,-296,-295,-294,-293,-292,-291,-290,-289,-288,-287,-286,-285,-284,-283,-282,-281,-280,-279,-278,-277,-276,-275,-274,-273,-272,-271,-270,-269,-268,-267,-266,-265,-264,-263,-262,-261,-260,-259,-258,-257,-256,-255,-254,-253,-252,-251,-250,-249,-248,-247,-246,-245,-244,-243,-242,-241,-240,-239,-238,-237,-236,-235,-234,-233,-232,-231,-230,-229,-228,-227,-226,-225,-224,-223,-222,-221,-220,-219,-218,-217,-216,-215,-214,-213,-212,-211,-210,-209,-208,-207,-206,-205,-204,-203,-202,-201,-200,-199,-198,-197,-196,-195,-194,-193,-192,-191,-190,-189,-188,-187,-186,-185,-184,-183,-182,-181,-180,-179,-178,-177,-176,-175,-174,-173,-172,-171,-170,-169,-168,-167,-166,-165,-164,-163,-162,-161,-160,-159,-158,-157,-156,-155,-154,-153,-152,-151,-150,-149,-148,-147,-146,-145,-144,-143,-142,-141,-140,-139,-138,-137,-136,-135,-134,-133,-132,-131,-130,-129,-128,-127,-126,-125,-124,-123,-122,-121,-120,-119,-118,-117,-116,-115,-114,-113,-112,-111,-110,-109,-108,-107,-106,-105,-104,-103,-102,-101,-100,-99,-98,-97,-96,-95,-94,-93,-92,-91,-90,-89,-88,-87,-86,-85,-84,-83,-82,-81,-80,-79,-78,-77,-76,-75,-74,-73,-72,-72,-71,-70,-69,-68,-67,-66,-65,-64,-63,-62,-61,-60,-59,-58,-57,-56,-55,-54,-53,-52,-51,-50,-49,-48,-47,-46,-45,-44,-43,-42,-41,-40,-39,-38,-37,-36,-35,-34,-33,-32,-31,-30,-29,-28,-27,-26,-25,-24,-23,-22,-21,-20,-19,-18,-17,-16,-15,-14,-13,-12,-11,-10,-9,-8,-7,-6,-5,-4,-3,-2,-1,0
-6.37458436915414e-11,-7.25693590689927e-10,3.09199283484253e-10,2.80248313073143e-10,-4.72062911630417e-10,-2.17976870609414e-10,2.09354774622034e-10,1.84614362488936e-10,-4.48928063687898e-10,6.40893095248143e-10,3.1635276384395e-10,-3.7707190369971e-10,-1.37207214999864e-10,-7.96136172619886e-10,1.21707822881871e-10,-5.04258529877809e-10,9.20190507441115e-13,8.07316126561421e-10,-1.9356499917706e-09,-1.69863398685193e-10,-1.53802104897521e-10,-1.92064590864417e-10,3.09720625052248e-10,3.24039618959829e-10,-1.63851383040728e-10,2.59952003716494e-10,7.4704639400606e-10,4.69996575792054e-10,-1.01852018235236e-10,-3.45413800150305e-10,2.25384756921893e-10,8.6697384724586e-11,-9.39222549528918e-10,2.20304376138366e-11,5.36201074032002e-10,1.41967533101495e-10,-3.9124605824591e-12,1.8505237726584e-10,5.86006519556531e-10,1.57586409579967e-09,5.79794421026405e-10,-6.9619940450302e-10,-6.93603846186335e-10,-4.08130341960571e-10,-3.26151312207153e-10,2.51371134860626e-12,-5.74331990704221e-10,-2.14140294508244e-10,-7.16774518863619e-10,3.64729653468866e-10,2.61915444288967e-10,1.14595128630844e-10,6.41931949698678e-10,-1.67416033485306e-10,-7.82399527051262e-10,3.75864212471939e-10,-4.42410216528778e-10,9.24002458803792e-11,5.12232079470284e-10,2.98090189061742e-10,-4.35992962090792e-10,-2.12609786826891e-10,-1.00146091001979e-09,-7.79139145228594e-10,-1.65119052322483e-10,1.91109999064435e-10,4.25748341497925e-10,-6.4943253449179e-10,-2.48228150064379e-10,-4.75741354144746e-10,1.82281731116185e-10,-1.05220740429869e-09,2.96769368267154e-11,-5.06529723037078e-11,-2.88137790933712e-10,-4.80043254810487e-11,3.51418104964227e-10,3.82655804467764e-10,1.06212393706017e-10,-6.65935530908498e-10,4.44603186018274e-10,3.41628614628213e-10,-1.0173109828062e-09,8.40136164022155e-11,4.03969522608409e-10,-7.64446304516525e-11,9.65121090210858e-10,2.78828392792779e-10,8.74547493607499e-10,2.12691902224071e-10,-4.16278525495679e-10,4.82787927584868e-11,-7.53979534815639e-10,-2.11779194528947e-10,3.88298443027426e-10,-4.34082596893738e-10,5.08990857352361e-10,1.42018790350609e-10,-8.00571030357662e-11,2.15547067647595e-10,-3.2554732191114e-11,1.81392824228446e-10,-8.28855214794335e-11,-8.14552197944716e-10,1.03517600468648e-09,-1.09285519777384e-10,2.47509948173441e-10,9.27348906083578e-10,7.94514529229071e-10,9.07446273406099e-10,-8.00641922410109e-10,-3.57907984604119e-10,4.61640450034526e-10,7.49950293535302e-10,-3.54582076051348e-11,-4.87325245724582e-10,1.40499569355595e-10,-3.2761917272657e-10,-5.99294178899213e-11,2.23143361197057e-10,-5.92810743054502e-10,8.15047636127128e-10,-6.12850325636972e-10,-6.42255116172509e-10,-1.80663178125408e-10,1.09936782306705e-10,-5.93293471692103e-11,3.0219209541647e-10,-1.12247099157586e-09,4.22210570699977e-10,1.64425556346248e-10,6.82239387322653e-11,-1.55229818893117e-11,2.70812387580996e-10,1.68497460018521e-10,-5.33626807797484e-10,-1.76543658931457e-10,-8.76051026676063e-12,-1.01654350014124e-10,-1.56421038172777e-11,2.1980987128433e-11,-3.96846461448595e-10,-6.63584474956201e-10,9.84093753228715e-11,-1.19748712480921e-09,1.56622170889133e-10,-4.85089307391198e-10,-3.04683185947559e-11,-1.15640117043838e-09,-5.6218259075121e-10,-3.60657502256278e-10,-8.25027221750247e-10,-3.09453025695811e-10,-2.56790952883461e-10,5.06806936710819e-10,-1.51665525614191e-10,-1.04829407045126e-10,-4.82438471847959e-10,-3.40926027864063e-13,4.93810443304827e-10,-4.12717309224011e-10,-5.17421960921907e-10,-4.96487996446747e-10,8.42440841708971e-11,2.23933269470512e-10,-6.76259662098465e-10,2.15294409052553e-10,1.60243978624907e-10,1.19994482845515e-09,5.44849540919476e-10,1.15643157219623e-10,-5.77270945540232e-10,-1.27448156001599e-10,-5.65228833253546e-10,-2.71205483374117e-10,-6.14225660883706e-10,-4.9410269478953e-10,7.9171737912325e-11,1.3086104443925e-10,-4.0962109479174e-11,-7.5283595011148e-10,7.28116161297559e-10,-2.68868651776611e-10,-5.36550028710282e-10,-1.39641092592202e-10,-9.06375974020386e-12,-7.1212599207189e-10,2.33870089830106e-10,-1.04131214770445e-10,4.96479251717447e-10,-5.67515382836182e-11,-1.58257342464486e-10,5.60892635315661e-10,2.63193509078795e-10,3.21206416672433e-10,1.99151615285e-10,-5.92619900038824e-11,3.2635811160868e-10,2.99710538672109e-10,-1.19485139172318e-09,3.43431148318762e-10,3.9878681990284e-10,-1.10579660986578e-09,9.11634406695731e-10,-1.3474951452556e-09,2.09509014524498e-10,3.73428554415797e-10,6.07240241209329e-10,2.21389493022272e-10,4.0553945933119e-10,2.81465086077784e-10,9.96527845104667e-10,-7.31299807919043e-10,-5.34426330630186e-10,-1.03947177487491e-11,-3.89637390083871e-12,4.93697410378134e-11,-3.84692323068621e-10,2.77485730235709e-10,9.51568131327792e-11,-4.45086881317144e-10,3.76714409184249e-10,3.83889354887504e-10,-5.55229551882602e-10,1.96393208642453e-10,7.76117464603061e-10,1.48742028870365e-10,-2.48340321810921e-10,-3.44083630483765e-10,-5.58299678744273e-10,-3.36958908369532e-10,-1.10437345658226e-09,1.68993943837432e-10,-1.48925873299935e-10,2.49056541135736e-10,6.56882291176678e-10,2.00461234749479e-10,3.11328112104617e-10,-1.50825605483892e-10,6.83803278285435e-11,3.80201883652328e-10,2.61301481473054e-10,-1.17292806495401e-09,9.20829262140362e-10,9.99827831622301e-10,4.7941600648604e-10,-8.56161271626902e-11,-1.38098240768383e-10,-7.46748531950607e-10,-6.92965300058579e-11,8.24725876577909e-10,-5.49285538590792e-10,-6.25488379100082e-10,-2.25990846435884e-10,8.94063945340548e-11,-1.00902797390322e-09,-6.52793402182227e-10,-1.1424206136527e-10,-1.05199156397361e-09,-2.68362664909221e-10,1.4897168695676e-10,3.12712711662678e-10,2.00426074918737e-10,-2.5024901607878e-10,3.27207905072627e-10,-1.14523568418965e-10,4.35522882689475e-10,-1.33281743254788e-10,-7.37611037618576e-10,6.51944724233131e-11,1.24022404129046e-09,1.81168810877071e-10,1.93859313500979e-10,4.22910458178911e-11,4.47786313465946e-10,3.05953363133829e-10,1.6809996251512e-10,-2.88706582450976e-10,-1.02015205562124e-10,7.45986940253017e-10,-4.83376260559317e-12,5.15079618853006e-10,3.33143146066252e-10,-5.60626802844778e-10,-4.19022645616401e-10,-5.50981379892805e-11,7.98176287426123e-10,-7.7973330122645e-10,-1.12582775307294e-10,1.96419948999716e-10,-6.74025140399835e-10,3.32964062704789e-10,2.13846636310254e-10,8.3518470496069e-11,-2.45000263917357e-11,-8.41773550384325e-10,-4.35267006699222e-10,2.08795491963643e-10,2.06299731382782e-10,-1.09334107159848e-09,-2.70927813147267e-10,1.78026156769101e-10,5.17339837929163e-10,4.32509362137891e-10,-3.56614723929287e-10,2.72589728558729e-10,-5.20166785015961e-10,3.72785478780637e-10,-2.54728073129095e-10,-5.08854456982808e-11,-6.18321173839321e-11,-6.02381226506517e-10,2.80762663085778e-11,3.54843504352214e-10,5.91877193292681e-10,5.93247090917567e-10,4.50181415124577e-10,3.05844223970465e-10,-7.24855539162923e-10,-2.45873961933915e-10,-5.44488914484191e-10,-3.06533410112359e-10,8.11842722282282e-10,-3.85264215962714e-10,-1.56208496636051e-10,2.23483973053563e-10,-4.26863902669584e-10,-5.44795891270591e-10,-5.53150180142816e-10,-1.64715335175827e-10,-3.48521901028328e-10,1.76326044810702e-11,1.44997022122974e-10,-1.05964694291916e-10,-8.91055563075531e-11,-1.57428900916861e-10,-2.72944981367868e-10,3.02378545317667e-10,-6.07700966906479e-10,7.71277349948363e-10,2.06556173543157e-10,-2.17744172159443e-10,5.72512103636411e-10,1.76160910353182e-10,-1.9589328263481e-10,3.26809772361438e-10,-4.61530870433235e-10,3.93310193563303e-10,3.6554374069242e-10,-9.61416002530492e-10,-6.01013881886399e-10,1.60156287906905e-10,2.49601474817312e-10,1.31186969266358e-10,9.98649762798493e-10,6.14440161367671e-10,1.20985800959865e-09,-2.93322809468183e-11,-1.09202843675849e-10,9.95950335246517e-11,-2.32137366696787e-10,4.1949156406769e-10,-3.84992564032227e-10,-3.65711717970273e-10,-3.36023331881196e-10,-5.61303269601837e-10,-3.13153801723272e-10,-4.71026467240456e-10,-1.8483242351445e-10,-5.18962343284517e-10,-5.88234785454554e-10,1.18489406538691e-10,-7.98365293166257e-10,4.61502108998406e-10,5.82899119459826e-10,-4.28074579032331e-10,-1.28802592250871e-10,-5.77356987961944e-10,7.2507690654622e-10,-9.32866652391974e-10,3.15595940357102e-10,-9.51558000444055e-10,-9.3741924597551e-11,6.83045629565119e-10,2.65716422035001e-10,1.0958420626415e-10,6.45457356572573e-10,-9.14301838830242e-11,-4.23852661217899e-10,1.34361373680791e-10,-1.10548880234076e-09,-3.46465687064765e-10,3.11337172869666e-11,-8.29076833457391e-10,3.85025367967472e-10,-6.34516945970433e-10,-5.84747001233707e-10,7.07140160668912e-10,7.03134356686224e-10,1.21771723108419e-09,-1.14655348844466e-10,3.64944424587146e-10,4.49008230443975e-10,-9.53821650351032e-11,3.87650980008063e-10,-3.16218408370391e-10,-6.19475964465749e-12,1.2871637400465e-11,5.93472730118474e-10,-9.08696362533434e-10,-5.13871497536674e-11,-3.77905870206702e-10,-2.2241704242767e-11,-1.67889146107658e-10,9.41235905009346e-12,-3.72991885292023e-10,3.85274699232982e-10,1.30157730267784e-10,1.05914613421546e-09,-1.14503901874902e-10,-1.09773247963489e-09,-7.83002795707983e-10,-3.19761685304537e-10,-2.77932442821172e-10,6.38015458719129e-10,-9.45334691451648e-10,-1.55818334372231e-10,-1.72042177382885e-10,-6.54564796344787e-10,-2.162382748175e-10,9.15358953288279e-10,-3.84206328846092e-10,-3.83576093019353e-10,8.230130671507e-10,2.80109007125177e-10,3.49083021803491e-10,1.79761228763579e-10,-3.4334800898712e-12,-4.48479840875464e-10,1.91035781979208e-10,-6.75895226134144e-10,4.18229902114343e-10,2.01266584255038e-10,7.00652907743732e-11,-6.75380302903826e-10,-4.78336249796058e-10,-4.83175361399671e-11,1.44615544079131e-09,4.57784047825053e-10,4.25541108336167e-10,3.29618100193078e-10,5.80296408751305e-10,4.53485944575681e-10,-1.66632959559865e-10,-7.01252852781452e-11,2.98396564215064e-10,-1.21919277109485e-10,-8.15889257716772e-10,-3.34313783715631e-11,2.43735914808383e-10,-4.19262098824193e-10,8.05711564804798e-10,3.889932571987e-10,7.38086209189306e-10,-1.0641995086262e-10,1.89981028114036e-10,5.28788792299649e-10,1.79918976568138e-10,2.44999406722975e-10,-3.03271334965582e-10,-5.4289413480361e-10,-4.89165046104158e-10,-1.58874395294292e-10,-3.21695912625294e-10,1.06734896062775e-09,-1.3276356455232e-10,3.11882725531958e-10,1.56527518739804e-10,-8.0429123237528e-10,-1.1312470478883e-10,-8.92275509600777e-10,-4.51680569408432e-10,-1.51310724227032e-10,-2.13934236512915e-11,-7.49493794707908e-10,3.93249661047919e-10,4.70769053315995e-10,5.64622624999056e-10,-5.43238313534525e-10,1.034981208818e-10,3.35602122034878e-10,-9.66356439313542e-11,3.18999861662496e-10,3.03851855936725e-10,5.20632722779731e-10,-5.55641286286007e-11,2.58378648237445e-10,3.60303658328658e-10,5.40748791881217e-10,-3.88846231856627e-10,2.00080585976913e-10,4.27837757720836e-10,2.94343782508469e-10,-6.64703067859917e-11,-3.79130769409078e-10,-8.970620975493e-11,-1.24572712035435e-10,-3.95596364066244e-10,-5.29985863160973e-10,-4.0611239597334e-11,-2.6482042463556e-10,3.14309091592647e-10,-1.13786993316548e-10,1.21860176615006e-09,1.79377958990511e-10,3.07524403362341e-10,2.29957648593115e-10,-1.0848658158183e-10,-9.97282820214808e-10,-9.92377150662711e-11,-9.62535512142752e-10,2.54195811516983e-10,6.13672920147843e-10,3.51871337247572e-10,5.18066489910923e-11,3.58974734421531e-10,7.4999406511609e-10,7.679258467786e-10,-1.12202009982548e-10,-1.58488135945661e-10,-6.56292452980213e-10,6.78432179682285e-10,5.31243688141628e-10,-9.8127443781721e-11,-7.00220824350692e-10,5.16383900679962e-10,1.16428689040501e-09,1.26177010174276e-10,4.03901973982075e-10,-1.36577996432709e-10,5.28088656780026e-10,4.67061028841194e-10,-2.98961062820949e-10,3.85428310705995e-10,-2.41196902327125e-10,-9.22030175363506e-10,3.46935114971663e-10,-5.28742052124929e-10,4.94620802970423e-11,-2.02107102076149e-10,1.90532462020025e-11,4.49445009816501e-11,5.82037605067319e-10,-6.61528908141076e-10,9.77798187029247e-10,-1.37005495103547e-10,-1.74944145722248e-10,6.50579224018948e-10,3.53839661243976e-10,1.53171223770842e-10,-4.86245141843529e-10,1.13958701733267e-09,-3.24958103210462e-10,-1.11359040210445e-09,2.26649923196895e-10,1.23114448764543e-10,-5.76436113195335e-10,3.58333517868011e-10,-5.04343404071821e-10,-1.11833370285882e-10,5.50885028538137e-11,-1.14876465261234e-09,-7.38587306550777e-10,1.19258976738826e-11,-9.64383935596251e-11,-2.5560697217498e-10,4.60806072407516e-10,-3.88039155096702e-11,-1.14350657030799e-10,7.82044481908461e-11,-1.1315219507139e-09,-4.67931546284017e-11,-8.51365159339081e-11,1.25178165498801e-09,3.27870192799948e-10,1.59555745396864e-10,5.2929152160685e-10,3.42459996904576e-10,7.8834849008613e-11,-3.1925066401819e-10,2.15808303252922e-10,5.89397776302517e-11,-1.21694421402269e-10,1.98726290174967e-10,-3.89090366086249e-10,-6.20038241663738e-11,2.31361716214305e-11,7.27016731232374e-10,-9.96666516828962e-11,-5.58683662419138e-10,-1.00228643697917e-09,9.28937917104206e-11,-5.28470395251513e-10,3.86641143875566e-10,-8.00666024405794e-10,-2.85915802604449e-10,7.0732167048823e-10,-1.07042126886556e-10,4.85828867352897e-11,1.94729969598247e-10,-5.97058695011895e-11,-9.11318864064692e-11,-5.55067646197932e-10,-1.41578640777642e-10,5.42112360496815e-10,-5.16653042209912e-10,-2.74558601139346e-10,2.9221638030119e-10,-9.42897866977192e-10,4.77148643520476e-10,-4.29195463655047e-10,8.93059538288519e-10,-5.63230149296541e-10,1.02801353519626e-09,-6.31193332203533e-10,2.4253597597018e-10,-3.42076019070546e-10,-2.97940818016976e-10,5.66023930199918e-10,-3.33301557657609e-10,-4.60330228095507e-10,-5.99387298740549e-10,-5.08022323825159e-10,-9.73045370711399e-10,-1.98392866143235e-10,-6.98295036560411e-10,6.237453462209e-10,6.96477485078679e-11,-6.20850160620132e-10,-2.76931999919308e-10,-2.10334120936287e-10,-3.03716980682734e-10,3.94820770439368e-11,3.43192349814953e-10,6.59809361430172e-10,4.8527539596165e-11,-1.73429989243267e-10,-3.89772737038753e-10,4.99048754366575e-10,6.6268943559776e-10,3.5196838452729e-10,7.78197617521626e-10,6.92827103843236e-11,6.80559906338075e-10,-8.30542646915794e-11,4.52968593685382e-10,-6.17678021730937e-10,-1.20232561515228e-09,6.82354654937801e-10,-2.31712689080323e-10,1.02011711621035e-10,-4.04586745430187e-11,4.92309453888063e-10,5.74154502712557e-10,-7.72805260645238e-10,4.76339009048624e-10,-4.09288053010712e-10,-5.80605144858281e-10,-6.31826249465313e-11,-1.253996998505e-10,-2.89172887757842e-10,-1.55056563535071e-10,1.78165856593814e-10,-4.85028965758494e-10,7.4516628522253e-10,2.68934331203269e-10,-2.59204148882266e-10,-1.58471044696472e-10,2.41583329616423e-10,-1.55034393797862e-09,-2.7698570052117e-10,-7.81344948209737e-10,-4.1407535379928e-10,-8.86634698466052e-10,7.36394159255863e-11,1.54794931178056e-10,2.8012527293023e-10,-4.16174323289691e-10,-9.13975491331674e-10,5.48143940908152e-10,-5.9477333226217e-10,6.00782696072047e-10,-1.01094764135781e-09,5.75800592194646e-11,2.18143608184115e-10,-2.06951197247613e-10,-2.61374731132143e-10,-6.58833909172149e-10,-8.11849732942516e-11,-6.77422396762753e-11,5.93305258880061e-10,3.58347554882643e-10,-4.97408041814853e-10,2.23615635072348e-11,-1.15961885932115e-09,-1.97464242109839e-10,1.25693153884814e-10,-3.26650482778629e-10,-3.44330905540324e-10,1.59543234240607e-10,4.9037936473301e-10,-4.94562677528754e-10,-2.9275304873092e-10,-4.23612297140523e-10,-2.387919204804e-10,-5.82288556746128e-11,6.27818767603694e-10,-8.57577458217773e-10,-8.39209110407462e-10,-6.73603711997876e-10,-3.19386791114051e-10,2.2034772268556e-10,8.8580151415152e-10,-5.36546274466324e-10,-4.23164747019109e-10,-1.30119930627474e-09,-5.00118457478089e-11,2.5668659199541e-11,-8.04034935086001e-10,-1.26403480338344e-09,-4.58993501301478e-10,-4.00659071176888e-10,6.40636565545296e-10,-2.04190242748183e-10,-1.81562883001046e-10,3.50434460626988e-10,-3.18892833827227e-10,1.42986365326411e-10,-2.35083580401178e-10,-8.61580160170745e-10,-5.77687459982187e-10,-4.01270706850173e-11,-6.34949807794284e-10,-5.46101253647503e-11,-7.15360851957525e-10,8.02196226319816e-10,-6.4448098157755e-10,-2.77620228876772e-10,-4.60881877845911e-10,-4.64623988701743e-10,2.941155984033e-10,-5.2102877608367e-10,8.88130825437654e-11,8.09714724699128e-10,-9.38496473189805e-11,-3.41615975945682e-10,-1.38811818647611e-10,-3.43062813464387e-10,-6.35928752747871e-10,2.38382378444095e-10,5.35721867905593e-10,-1.01253850720162e-09,-8.33704145259171e-11,-1.70297419766154e-10,-7.59015078939782e-10,1.38633268925526e-10,-5.06248646018532e-10,-1.23158129274267e-11,-8.67783118345076e-10,-3.52897659141307e-10,3.38493892160971e-10,-5.99535377606402e-11,-1.70912180026038e-10,-4.0915104400384e-10,8.88382652360786e-11,1.78401515032631e-10,-4.28646296658181e-10,5.11111276841155e-10,-1.54900817638405e-10,5.28276526859238e-10,2.37886634401426e-10,1.46494353443972e-10,-5.86554470034935e-10,-2.84788826227561e-10,-6.69083571221899e-10,-7.76160912158775e-10,-6.27345647197089e-10,5.3652426880436e-11,-7.53520900972239e-10,-4.70554871079871e-10,-2.14175835060283e-10,1.5573883008706e-10,2.1614082503927e-10,-4.64668136209738e-10,7.00470023576257e-10,7.78746707817519e-11,-7.25398497457877e-11,-2.42687968206987e-10,-7.82393295417356e-10,-4.6498524241492e-10,-3.99138516013994e-10,-3.0557865528765e-10,-3.80588276172848e-10,-2.21023005040694e-10,-5.72004457233674e-10,-9.09866833070521e-10,4.03030837186956e-10,5.04560023133287e-10,-2.64240961719148e-10,-1.48920428713736e-10,4.39631665126079e-10,-4.28310079861535e-11,-3.64827923900591e-10,9.26164535842054e-10,1.27876886955815e-10,7.5265191526803e-10,4.65675870749362e-10,7.11710638833265e-10,-5.62195501718666e-10,8.99138451594506e-10,-7.50656548351092e-10,-4.38659288558724e-10,-7.51230364965723e-10,7.6394465169288e-10,-6.03366235290379e-10,-4.91060733537923e-11,-1.26631004031208e-10,9.71363642114494e-10,-1.29326299942427e-10,-7.2488133269074e-11,2.03919048485678e-10,1.15032343347494e-09,3.69364302200885e-10,-1.03310042952369e-09,-1.38537853525668e-10,-4.49575527794312e-10,-7.63753957951759e-11,4.31725651555148e-10,-1.26909949205462e-09,-3.26880968500394e-10,3.28006567166701e-10,-9.33542261926075e-10,4.97718202847178e-10,3.78053181893125e-10,4.93293186490316e-10,-4.40067588509521e-10,3.52553319510309e-10,-3.72402484146352e-10,-7.53401201348408e-10,-2.71035049539255e-10,-1.86766750493336e-10,5.46160805547474e-10,2.20764616698904e-10,4.82023137193377e-10,3.60730938377717e-11,-9.21919709365394e-11,7.03646632463415e-10,1.16536648801355e-09,1.48553597672151e-09,3.65194540085564e-10,-9.46656638540592e-10,4.70243296098154e-10,2.64656326125788e-10,-4.38694816156012e-11,5.90380066839756e-10,-1.21453392593445e-10,-4.16388361672656e-10,6.07039251653742e-11,-7.61289843483182e-10,-5.49089096058252e-11,-3.73756980465367e-10,-6.62598876260029e-10,-3.57130957074716e-10,-7.69973718893954e-10,-4.77792893742338e-10,-6.95066219823867e-11,4.65588232054753e-10,1.19253010572847e-09,-6.72410602569489e-10,6.61603252524559e-10,1.13477856295339e-09,-1.00736029794591e-10,6.86567896327174e-10,-1.83578780883654e-10,1.5067905053882e-10,-1.04347691289649e-09,-2.62323903491712e-10,5.64472341696675e-10,-3.06724528813905e-10,4.97254662287122e-10,8.12718845736808e-10,-4.96280905688962e-10,-3.85579967767773e-10,3.31923267529456e-10,5.55029077157554e-10,4.94835889725678e-11,-1.88289175030565e-10,1.4538612561135e-10,-3.74852604330034e-10,-4.48621540207136e-10,2.10280768847356e-10,1.72736809804996e-10,-1.17198833428361e-10,-7.32712048308028e-10,-3.16149294774762e-10,-5.44464359092388e-10,1.10814366528295e-10,4.51352039028572e-10,-2.76188191249217e-10,8.54404371226728e-10,-3.77044507168993e-10,2.66140917922187e-10,-2.28102428493573e-10,1.27846513596722e-10,-3.80296370759795e-10,-1.21484124633994e-10,8.20935349109239e-10,-1.75829168596487e-10,-3.17797327990175e-10,2.46085157854523e-12,-1.20496390546098e-10,-2.49083185250759e-11,-7.89150579485174e-11,6.32241467792452e-10,4.47789642368101e-10,-3.77438459234074e-10,-3.95685133770303e-10,-6.61579134970626e-10,-2.56441306989028e-10,-6.77635884899206e-10,-1.41549098598733e-10,-5.23375093513128e-10,-6.5329666751204e-10,2.40307564938334e-10,4.69151881064382e-10,-9.08269482608816e-10,2.45988715446434e-10,2.63006002738269e-10,-2.79543730529004e-10,9.40545486178118e-10,1.22095045953556e-10,-1.47136444235507e-10,2.46645900246682e-10,8.10829417437556e-10,-3.96658208543034e-10,-1.70827347047909e-10,2.43788236993347e-10,2.76379733168615e-11,5.86939221876193e-10,-3.17565298062192e-10,3.92599246834094e-10,1.26047326571779e-10,-3.95822685551155e-10,7.69606838640749e-10,1.09736745525127e-09,7.24215985452492e-10,-3.17259209525449e-11,2.85210062673867e-10,6.12479638989252e-10,-6.19581763889118e-10,-2.86581499624443e-10,-5.78901756685727e-10,-5.31071256874581e-10,-6.58532800455506e-10,-5.04421222534566e-10,-9.48708410963935e-11,1.1995444753274e-11,-2.47958905841786e-10,-5.3704255560359e-10,2.42269225644692e-10,-1.0314230837345e-10,5.53405399875274e-10,4.27224140189848e-10,-5.41344093594228e-10,9.41006812393287e-13,2.48155513895359e-10,8.25666889720424e-11,3.11970241304701e-10,-4.69889174288914e-10,-1.12150077288905e-10,9.43156764062957e-11,6.34330983263113e-10,-4.95320796375743e-10,-4.96200598960139e-11,-9.1391080730338e-11,7.05024818854055e-11,2.25716153027626e-10,-5.38126543332977e-10,1.74099273833191e-10,1.34540276476732e-10,-2.87169752835044e-10,2.10715336831667e-10,2.22453718241326e-11,-7.64854741007699e-10,-2.72265602090231e-11,4.33419975115899e-10,-5.96213150073461e-11,-5.98983747420264e-10,-1.98018913396334e-10,7.81688358017549e-11,-4.38544423317972e-10,3.9819841606252e-10,6.4583336665909e-10,5.43035899461352e-10,2.33260153774153e-10,-3.0919810631288e-10,3.18990130542818e-10,-5.46548836176672e-10,2.92760580900925e-10,-8.20526468874394e-10,5.16600932809623e-10,5.74684229646296e-11,-3.15441291393974e-10,3.22359012054036e-10,-8.94415130039369e-10,-2.64488421302807e-10,-3.68675371580139e-10,1.36967154834022e-10,6.43783974830042e-10,-2.72799597487164e-10,3.88319220133321e-10,1.18329965743263e-09,-8.86158849946864e-10,2.88681059902908e-10,8.49932835500918e-10,-1.88054087117104e-10,-6.33141247447055e-10,6.78552490802336e-10,-1.33003740285981e-10,-1.37265548438042e-09,1.84944981778709e-10,1.44292987995178e-11,4.35938681894395e-10,3.38085031209514e-10,-2.28300185223508e-10,-2.25397299211592e-10,-2.53632083791631e-10,-1.11255860928747e-10,-9.22049514988427e-11,-1.98058178588008e-10,-6.61862252077665e-11,-3.38474791968545e-10,2.95664138660381e-10,6.82785432311964e-11,-4.5450139769839e-10,-1.21474411844376e-10,9.47448860239471e-10,5.63657596578903e-10,-1.88982722684897e-10,2.46071758485167e-10,1.32940616467088e-11,-2.337530931514e-10,2.93595588209697e-10,-1.11655144123516e-10,2.56048548672285e-11,7.2671169193709e-10,-6.80202239491226e-10,5.94807310266002e-10,-1.5200379002986e-10,-3.378057382365e-10,-9.22214822291672e-10,7.74718317101438e-10,-2.1958535177926e-10,3.56686607513421e-11,-8.66820214583895e-10,1.98883833484142e-10,-2.41954023426886e-10,5.68723300153759e-10,-2.47654582324613e-10,2.04606134987918e-10,-2.66658098871566e-10,1.6124028013546e-10,-9.91650172552727e-11,5.25565972312418e-10,3.314441968559e-10,1.43432440225006e-10,-3.01691774660674e-10,8.61411008672775e-10,9.64093233676039e-11,4.8281130189598e-10,8.45920355434276e-10,-7.58401769725284e-12,6.16063480276942e-11,4.62948716486473e-10,-6.6090192946259e-11,-4.29891638592406e-10,8.99508509633817e-11,-4.35062975617769e-11,-7.64129700224612e-11,-4.82966072201456e-10,-2.95676522616531e-10,1.34959607531135e-11,6.03434601120565e-10,-7.3048937390352e-10,-8.20432879529008e-12,5.84327128007924e-10,1.0673418217574e-09,-5.89857170897885e-10,-8.16913199062361e-10,-5.61699454701257e-10,9.99675580875164e-11,8.9958181848371e-10,-1.41225091653005e-10,-5.43914297515224e-10,-7.6905005870392e-10,6.37373781128628e-10,-4.63745838148713e-11,4.70475647940109e-10,-7.27877440648872e-11,-1.58232383091633e-10,-3.30870985219108e-10,2.45307816782315e-11,9.22896515259799e-10,7.17725674622581e-10,3.86161536270396e-11,1.20545676440185e-09,-1.8193928530638e-10,5.69722251417354e-10,-7.14659996791049e-11,1.63844562329146e-10,-1.16413317713403e-10,-6.04902491683335e-10,4.49771522481939e-10,1.25889900830535e-10,-2.71963857737309e-10,-6.47781865821152e-10,1.15239985393992e-10,-1.65406266173577e-10,-6.0110991018351e-10,-3.91363877941967e-10,-5.02524175735164e-10,2.30448013141915e-10,-2.04732436806558e-10,-2.84484564545281e-10,-4.81557000646462e-10,5.87398206364743e-10,-3.72146762581305e-11,-1.10147563072814e-10,-6.71137585422299e-10,-1.91584850146299e-10,-4.78859091670922e-10,7.97242524572769e-11,-4.32321902967402e-10,9.77900449305432e-10,4.7413705680341e-10,-7.85753083046858e-11,-1.08011728179588e-09,5.71633072428564e-11,3.27888342078122e-10,1.5760468063058e-10,6.35968253491932e-10,7.33689424474066e-11,5.54286074229734e-10,-4.29888175930049e-10,-7.65259454168093e-10,-6.07314249315344e-11,-2.85226972253231e-10,2.19002447258679e-10,3.78008679511816e-10,8.22694891015328e-10,1.44261223003063e-10,-7.59965951276197e-10,-1.67535204202953e-10,-1.73719419902832e-10,-6.10863650740115e-12,-1.57515461343046e-10,-7.96491824094436e-10,4.38014036361192e-11,5.21894576957512e-10,1.10814028872526e-09,5.76275143241793e-10,8.99872315752376e-11,-3.89450719262877e-10,4.25571197307614e-10,-3.95077299649669e-10,-5.51950471692789e-10,-2.71678246282296e-10,1.69730416921614e-10,8.29311073551316e-10,2.27578436348713e-10,-3.69015812505921e-10,-7.69541391014049e-11,9.60798289942252e-12,8.19371305524616e-11,6.25416209668233e-11,-1.2261333932106e-10,4.24937155181179e-10,-7.14041486286671e-11,-5.44147782211536e-10,3.25266961249497e-10,1.20125983506218e-10,5.54945467592476e-11,1.34401608903257e-09,3.51867330136633e-11,2.83608371251622e-10,-5.75719596826767e-10,-1.13042618631974e-10,-5.2562831376422e-10,1.29359885516388e-10,-8.9077549650489e-11,3.04240370606159e-10,-4.20478728922465e-10,-1.19575894924804e-10,-4.28411582977296e-10,-8.69564172630396e-11,2.27743856563448e-11,-3.90445134756644e-10,-7.35372982149149e-10,2.03544390562342e-10,-3.76904994437327e-10,-1.36891852084568e-10,3.63080202412989e-10,-4.44488907039347e-11,5.36753251518387e-12,1.28013302052803e-10,-1.92734352446341e-10,1.06764741964121e-09,-7.54642224380675e-11,8.4426492781e-10,-3.94237330309804e-10,-6.13251003210581e-10,-6.77680624242572e-10,-7.97740343554213e-10,4.47433216675145e-12,3.56039223773989e-10,2.27275140377718e-10,-8.77683910200677e-10,7.37238510482918e-10,5.5638450994021e-10,-5.04243454967811e-10,2.81314112975252e-10,3.44805497430941e-10,5.24615761423928e-10,-3.7973593538357e-10,-3.10586139769085e-10,4.01143041494981e-10,1.58860382521543e-10,-7.76996635878752e-11,-2.90896414643696e-10,2.96772658342344e-10,-2.36877662721574e-10,1.08777764314991e-10,8.01642124255019e-11,2.40778788217847e-10,-1.62628652908605e-10,-4.25959247842459e-10,-1.46738001204955e-10,3.14393007455943e-10,-4.26065007622083e-10,5.77635273591721e-11,-1.605179867985e-10,8.02468769457526e-10,-1.74614644568401e-10,-7.94922723258466e-10,8.32038725776198e-10,7.44848224442729e-11,9.84818610400416e-11,-4.79956242458727e-10,2.19864081360444e-10,-5.76008795681143e-10,2.36018838890432e-10,-3.72420950715032e-10,-2.57202132488121e-10,4.66490222555322e-10,4.72476657048585e-10,3.70610601678362e-10,1.63679586468114e-10,-5.32217693265884e-10,-2.43847928367379e-10,6.54140067528297e-10,3.13941670973251e-10,-3.23673252612124e-10,-1.9043459112796e-10,-1.09397721747278e-09,-9.42542516213861e-10,4.0621342329723e-11,6.78993321240386e-12,-5.34157748374721e-11,9.45692912502199e-11,-4.76541577621302e-10,-5.62795421021244e-10,7.04069950762312e-10,-8.23566920979101e-10,-3.81419998557592e-10,-1.12986767539055e-10,-1.58374480135217e-10,-1.34348130306026e-09,-5.69765943871305e-10,-5.20984371409327e-10,7.53225350991096e-10,4.3304977457594e-10,-4.83231524861371e-10,-1.03419052118408e-09,-7.80203024110426e-10,-2.10647035316579e-10,-2.08843606750468e-10,1.47209898458759e-10,8.98869007380085e-10,-2.0190062857956e-10,6.09276534428186e-10,-2.3295961027359e-10,-3.31484647944709e-10,-7.47919485764693e-12,4.90493201794126e-10,3.69450362042086e-10,-1.21517178477806e-10,4.37562055997172e-10,3.90251266826904e-10,-3.72347861965512e-10,4.13903223238212e-10,-3.94340029407796e-10,2.21777814949118e-11,2.41610670565861e-10,-1.72580633130701e-11,-6.20900583197018e-10,-2.23684530938348e-10,-2.06182224541915e-10,-1.58693676774968e-10,1.09246015048838e-10,-1.58651854615737e-10,-1.44258251623196e-10,-3.33211662432754e-10,2.9120091731188e-11,1.62637635583194e-11,2.68092019161715e-10,2.51324058758833e-10,-1.18345781135877e-09,-2.68736991941181e-10,-2.56208491339863e-10,1.41974358797067e-10,-4.00879022212527e-10,-5.45563862094797e-10,8.4512918936584e-10,-6.65390387098307e-10,-2.59080279344567e-10,6.94306462319603e-11,-2.68468818841682e-10,9.62172067398194e-10,1.41865851932901e-10,4.79523357403152e-10,-4.97189097887189e-10,-2.29901666072926e-10,-4.6585777472232e-10,-2.94783317595064e-10,-7.2186376752732e-11,-3.4923305037856e-10,7.92316725568074e-11,1.70385673695497e-10,9.06540608118123e-11,7.46619930354401e-10,4.63043604023044e-11,4.28159095807825e-10,-1.61112372249812e-10,8.84438594654907e-10,-6.80984197151432e-11,4.50009101656555e-10,4.74504281537289e-10,-1.80774172486207e-10,-7.41614823613338e-11,8.30529482484516e-10,-8.33789585516405e-10,-9.03554296554136e-11,4.43138593264006e-10,2.29944431424479e-10,1.84743955824987e-10,-1.32048296471317e-10,5.96662039842654e-10,4.29171890863887e-10,-2.80932744317722e-10,6.49172950838954e-10,-1.52288424149451e-10,-4.66111490272091e-10,9.49309462752078e-10,-8.96413543987831e-10,-5.26926696459213e-10,1.46220949111639e-09,-2.6835566705001e-10,1.84502954177642e-11,-9.61143335452641e-11,1.16381677087382e-09,-5.95881614718713e-10,2.1488897065643e-10,3.45735535826515e-10,-7.36585701422803e-11,-3.26409149255687e-10,6.18980601446926e-10,-2.20661214861932e-10,-6.60301150628115e-11,-1.02686285342487e-10,-2.79744642328297e-10,4.54922020408819e-10,3.97728178417387e-10,3.37950265670911e-10,-4.6326959637533e-10,-5.55579337531681e-10,-3.51939325530109e-10,-3.81026773283373e-10,1.5588929729869e-10,-9.98355689374959e-11,1.82688860297602e-11,-1.3874061010692e-10,-2.102191702324e-10,-3.21225620958283e-10,2.97420339368936e-10,9.58174149887932e-10,6.05032020765678e-10,-8.46297231160024e-10,-1.22481492780703e-09,1.18157681177779e-09,4.40831610324701e-10,-6.55443049805623e-10,1.01184349162327e-09,3.36510801669976e-10,-3.2486266147727e-10,4.64405632604122e-10,-2.21972031927955e-10,1.7466383141977e-10,8.87979864713944e-11,2.49877401987954e-10,2.35529051888831e-10,4.35706465703117e-10,2.28810012291516e-11,6.90678924757995e-11,-4.50866859576095e-11,3.35290373504308e-10,1.57705392109272e-09,1.68127125757632e-10,3.22448694143794e-10,2.73212954822767e-10,8.40926878303411e-10,1.75760700659395e-09,3.75293676116885e-10,6.83446275023022e-10,2.08590898398638e-09,1.08868341318298e-09,1.25402911268094e-09,1.13469067584272e-09,4.88939099013356e-10,1.2599801550884e-09,1.59006841677734e-09,2.81953779632048e-09,2.91121900923822e-09,2.31831727302175e-09,1.76451258838964e-09,2.25692725951865e-09,2.64856019366728e-09,2.91284768304241e-09,2.3383777361258e-09,2.96562172030898e-09,3.4454398649229e-09,3.24250199657588e-09,3.97187926566079e-09,2.87850371065097e-09,3.88621533967824e-09,3.66349132698926e-09,4.75169264580348e-09,4.17980923566189e-09,4.46526787967207e-09,4.8022450420131e-09,5.62809769963498e-09,4.92985035470759e-09,5.90426047155155e-09,6.28498256690807e-09,6.4554936066985e-09,6.89004629038122e-09,6.37306633140199e-09,6.47799331986978e-09,7.31964690800612e-09,7.29700160532171e-09,7.29981837057597e-09,7.52716432054736e-09,8.33609112223099e-09,8.73237261848732e-09,9.66235716360396e-09,9.91274575209315e-09,1.04453425703198e-08,1.02867045880676e-08,1.04658077249287e-08,1.04579878740138e-08,1.06378768539811e-08,1.20144823561045e-08,1.33529895517315e-08,1.30209789444086e-08,1.46476356577667e-08,1.63004404196152e-08,1.52205265387326e-08,1.7429151666366e-08
