v,0.25
Patm,100000
g,9.81
r,500
G,10^9.15
rho,2300
mu,10^3.73
rc,11
 
M,10^4.95
sigma,0.5
 
tilt_erupt,20.7486nrad
 
-1343,-1342,-1341,-1340,-1339,-1338,-1337,-1336,-1335,-1334,-1333,-1332,-1331,-1330,-1329,-1328,-1327,-1326,-1325,-1324,-1323,-1322,-1321,-1320,-1319,-1318,-1317,-1316,-1315,-1314,-1313,-1312,-1311,-1310,-1309,-1308,-1307,-1306,-1305,-1304,-1303,-1302,-1301,-1300,-1299,-1298,-1297,-1296,-1295,-1294,-1293,-1292,-1291,-1290,-1289,-1288,-1287,-1286,-1285,-1284,-1283,-1282,-1281,-1280,-1279,-1278,-1277,-1276,-1275,-1274,-1273,-1272,-1271,-1270,-1269,-1268,-1267,-1266,-1265,-1264,-1263,-1262,-1261,-1260,-1259,-1258,-1257,-1256,-1255,-1254,-1253,-1252,-1251,-1250,-1249,-1248,-1247,-1246,-1245,-1244,-1243,-1242,-1241,-1240,-1239,-1238,-1237,-1236,-1235,-1234,-1233,-1232,-1231,-1230,-1229,-1228,-1227,-1226,-1225,-1224,-1223,-1222,-1221,-1220,-1219,-1218,-1217,-1216,-1215,-1214,-1213,-1212,-1211,-1210,-1209,-1208,-1207,-1206,-1205,-1204,-1203,-1202,-1201,-1200,-1199,-1198,-1197,-1196,-1195,-1194,-1193,-1192,-1191,-1190,-1189,-1188,-1187,-1186,-1185,-1184,-1183,-1182,-1181,-1180,-1179,-1178,-1177,-1176,-1175,-1174,-1173,-1172,-1171,-1170,-1169,-1168,-1167,-1166,-1165,-1164,-1163,-1162,-1161,-1160,-1159,-1158,-1157,-1156,-1155,-1154,-1153,-1152,-1151,-1150,-1149,-1148,-1147,-1146,-1145,-1144,-1143,-1142,-1141,-1140,-1139,-1138,-1137,-1136,-1135,-1134,-1133,-1132,-1131,-1130,-1129,-1128,-1127,-1126,-1125,-1124,-1123,-1122,-1121,-1120,-1119,-1118,-1117,-1116,-1115,-1114,-1113,-1112,-1111,-1110,-1109,-1108,-1107,-1106,-1105,-1104,-1103,-1102,-1101,-1100,-1099,-1098,-1097,-1096,-1095,-1094,-1093,-1092,-1091,-1090,-1089,-1088,-1087,-1086,-1085,-1084,-1083,-1082,-1081,-1080,-1079,-1078,-1077,-1076,-1075,-1074,-1073,-1072,-1071,-1070,-1069,-1068,-1067,-1066,-1065,-1064,-1063,-1062,-1061,-1060,-1059,-1058,-1057,-1056,-1055,-1054,-1053,-1052,-1051,-1050,-1049,-1048,-1047,-1046,-1045,-1044,-1043,-1042,-1041,-1040,-1039,-1038,-1037,-1036,-1035,-1034,-1033,-1032,-1031,-1030,-1029,-1028,-1027,-1026,-1025,-1024,-1023,-1022,-1021,-1020,-1019,-1018,-1017,-1016,-1015,-1014,-1013,-1012,-1011,-1010,-1009,-1008,-1007,-1006,-1005,-1004,-1003,-1002,-1001,-1000,-999,-998,-997,-996,-995,-994,-993,-992,-991,-990,-989,-988,-987,-986,-985,-984,-983,-982,-981,-980,-979,-978,-977,-976,-975,-974,-973,-972,-971,-970,-969,-968,-967,-966,-965,-964,-963,-962,-961,-960,-959,-958,-957,-956,-955,-954,-953,-952,-951,-950,-949,-948,-947,-946,-945,-944,-943,-942,-941,-940,-939,-938,-937,-936,-935,-934,-933,-932,-931,-930,-929,-928,-927,-926,-925,-924,-923,-922,-921,-920,-919,-918,-917,-916,-915,-914,-913,-912,-911,-910,-909,-908,-907,-906,-905,-904,-903,-902,-901,-900,-899,-898,-897,-896,-895,-894,-893,-892,-891,-890,-889,-888,-887,-886,-885,-884,-883,-882,-881,-880,-879,-878,-877,-876,-875,-874,-873,-872,-871,-870,-869,-868,-867,-866,-865,-864,-863,-862,-861,-860,-859,-858,-857,-856,-855,-854,-853,-852,-851,-850,-849,-848,-847,-846,-845,-844,-843,-842,-841,-840,-839,-838,-837,-836,-835,-834,-833,-832,-831,-830,-829,-828,-827,-826,-825,-824,-823,-822,-821,-820,-819,-818,-817,-816,-815,-814,-813,-812,-811,-810,-809,-808,-807,-806,-805,-804,-803,-802,-801,-800,-799,-798,-797,-796,-795,-794,-793,-792,-791,-790,-789,-788,-787,-786,-785,-784,-783,-782,-781,-780,-779,-778,-777,-776,-775,-774,-773,-772,-771,-770,-769,-768,-767,-766,-765,-764,-763,-762,-761,-760,-759,-758,-757,-756,-755,-754,-753,-752,-751,-750,-749,-748,-747,-746,-745,-744,-743,-742,-741,-740,-739,-738,-737,-736,-735,-734,-733,-732,-731,-730,-729,-728,-727,-726,-725,-724,-723,-722,-721,-720,-719,-718,-717,-716,-715,-714,-713,-712,-711,-710,-709,-708,-707,-706,-705,-704,-703,-702,-701,-700,-699,-698,-697,-696,-695,-694,-693,-692,-691,-690,-689,-688,-687,-686,-685,-684,-683,-682,-681,-680,-679,-678,-677,-676,-675,-674,-673,-672,-671,-670,-669,-668,-667,-666,-665,-664,-663,-662,-661,-660,-659,-658,-657,-656,-655,-654,-653,-652,-651,-650,-649,-648,-647,-646,-645,-644,-643,-642,-641,-640,-639,-638,-637,-636,-635,-634,-633,-632,-631,-630,-629,-628,-627,-626,-625,-624,-623,-622,-621,-620,-619,-618,-617,-616,-615,-614,-613,-612,-611,-610,-609,-608,-607,-606,-605,-604,-603,-602,-601,-600,-599,-598,-597,-596,-595,-594,-593,-592,-591,-590,-589,-588,-587,-586,-585,-584,-583,-582,-581,-580,-579,-578,-577,-576,-575,-574,-573,-572,-571,-570,-569,-568,-567,-566,-565,-564,-563,-562,-561,-560,-559,-558,-557,-556,-555,-554,-553,-552,-551,-550,-549,-548,-547,-546,-545,-544,-543,-542,-541,-540,-539,-538,-537,-536,-535,-534,-533,-532,-531,-530,-529,-528,-527,-526,-525,-524,-523,-522,-521,-520,-519,-518,-517,-516,-515,-514,-513,-512,-511,-510,-509,-508,-507,-506,-505,-504,-503,-502,-501,-500,-499,-498,-497,-496,-495,-494,-493,-492,-491,-490,-489,-488,-487,-486,-485,-484,-483,-482,-481,-480,-479,-478,-477,-476,-475,-474,-473,-472,-471,-470,-469,-468,-467,-466,-465,-464,-463,-462,-461,-460,-459,-458,-457,-456,-455,-454,-453,-452,-451,-450,-449,-448,-447,-446,-445,-444,-443,-442,-441,-440,-439,-438,-437,-436,-435,-434,-433,-432,-431,-430,-429,-428,-427,-426,-425,-424,-423,-422,-421,-420,-419,-418,-417,-416,-415,-414,-413,-412,-411,-410,-409,-408,-407,-406,-405,-404,-403,-402,-401,-400,-399,-398,-397,-396,-395,-394,-393,-392,-391,-390,-389,-388,-387,-386,-385,-384,-383,-382,-381,-380,-379,-378,-377,-376,-375,-374,-373,-372,-371,-370,-369,-368,-367,-366,-365,-364,-363,-362,-361,-360,-359,-358,-357,-356,-355,-354,-353,-352,-351,-350,-349,-348,-347,-346,-345,-344,-343,-342,-341,-340,-339,-338,-337,-336,-335,-334,-333,-332,-331,-330,-329,-328,-327,-326,-325,-324,-323,-322,-321,-320,-319,-318,-317,-316,-315,-314,-313,-312,-311,-310,-309,-308,-307,-306,-305,-304,-303,-302,-301,-300,-299,-298,-297,-296,-295,-294,-293,-292,-291,-290,-289,-288,-287,-286,-285,-284,-283,-282,-281,-280,-279,-278,-277,-276,-275,-274,-273,-272,-271,-270,-269,-268,-267,-266,-265,-264,-263,-262,-261,-260,-259,-258,-257,-256,-255,-254,-253,-252,-251,-250,-249,-248,-247,-246,-245,-244,-243,-242,-241,-240,-239,-238,-237,-236,-235,-234,-233,-232,-231,-230,-229,-228,-227,-226,-225,-224,-223,-222,-221,-220,-219,-218,-217,-216,-215,-214,-213,-212,-211,-210,-209,-208,-207,-206,-205,-204,-203,-202,-201,-200,-199,-198,-197,-196,-195,-194,-193,-192,-191,-190,-189,-188,-187,-186,-185,-184,-183,-182,-181,-180,-179,-178,-177,-176,-175,-174,-173,-172,-171,-170,-169,-168,-167,-166,-165,-164,-163,-162,-161,-160,-159,-158,-157,-156,-155,-154,-153,-152,-151,-150,-149,-148,-147,-146,-145,-144,-143,-142,-141,-140,-139,-138,-137,-136,-135,-134,-133,-132,-131,-130,-129,-128,-127,-126,-125,-124,-123,-122,-121,-120,-119,-118,-117,-116,-115,-114,-113,-112,-111,-110,-109,-108,-107,-106,-105,-104,-103,-102,-101,-100,-99,-98,-97,-96,-95,-94,-93,-92,-91,-91,-90,-89,-88,-87,-86,-85,-84,-83,-82,-81,-80,-79,-78,-77,-76,-75,-74,-73,-72,-71,-70,-69,-68,-67,-66,-65,-64,-63,-62,-61,-60,-59,-58,-57,-56,-55,-54,-53,-52,-51,-50,-49,-48,-47,-46,-45,-44,-43,-42,-41,-40,-39,-38,-37,-36,-35,-34,-33,-32,-31,-30,-29,-28,-27,-26,-25,-24,-23,-22,-21,-20,-19,-18,-17,-16,-15,-14,-13,-12,-11,-10,-9,-8,-7,-6,-5,-4,-3,-2,-1,0
-3.54239506156845e-10,-6.91734629444556e-11,2.7022317864911e-10,-5.9353902863387e-11,-8.67017009673682e-12,3.96296267404719e-10,-3.97266709029218e-10,2.73228187232881e-10,6.89642310724185e-12,3.5368370846849e-10,-6.10423231038794e-10,7.08921504847992e-12,-4.24293669241644e-10,-7.02291072165014e-10,4.74159830583248e-10,-3.1114842377446e-10,-2.16298914660704e-10,-4.68283905066239e-10,5.98690709575053e-10,-4.76761098230639e-10,2.74294917506173e-10,-3.82417238208348e-10,-3.52061026320326e-11,-3.36551982872999e-10,2.13743213044505e-10,3.152483841795e-10,7.22261930217229e-10,1.29216733641526e-10,-6.75454588685217e-10,-3.1125288659022e-10,9.1997940849339e-10,-1.81834757972072e-10,7.53204658409608e-10,-3.21171170467234e-10,7.19128340208689e-10,-1.21627270079599e-10,-6.70626673263817e-10,-3.25235660457671e-10,1.18440567212496e-11,-7.32002934112697e-10,7.69369079130925e-11,-1.06022871136268e-09,9.9234262523947e-11,2.93451875199134e-10,-8.20509242237746e-11,2.90143414797309e-10,-3.54031261076085e-10,1.25097782192472e-11,-6.95076153308011e-10,-4.16891682709372e-10,4.13834994358192e-10,-4.53770132462374e-10,-5.38034864283427e-10,4.27267583925601e-10,1.66752033981262e-10,2.6409744198818e-10,6.2385460422215e-10,-2.26746704143024e-10,3.08863626823096e-10,-2.77414342797126e-10,6.18811041822119e-10,7.17065425932367e-11,8.46936038855096e-11,-4.60563209446083e-11,-3.72879929080494e-10,2.68448325191297e-10,7.45628933014485e-10,7.85506282250716e-11,9.19864357861569e-11,4.95745324172398e-10,-9.58674607381044e-10,-9.75956001383079e-10,-4.28090390849942e-10,4.78543898030344e-10,1.20456166071947e-09,1.63151183292387e-10,4.63994325141991e-10,2.81819681957982e-11,-1.77620475855455e-10,-2.32003610361926e-10,-2.16418996163298e-11,-2.96599179370524e-10,9.84090121484073e-10,2.88167269965428e-10,2.31193412586888e-10,-3.35521636312276e-10,-1.19179882483312e-10,-1.4287175106006e-10,-1.6105723036287e-10,3.48754111244473e-10,2.12002439865002e-10,8.23882856927836e-10,1.58116463678378e-11,2.58552403709531e-10,-1.37955836690068e-10,-7.50409145285095e-10,-5.0639018207706e-10,4.65319677409416e-10,-4.26444812675645e-11,5.57746319193658e-10,-6.45186935743903e-10,-6.13574320830687e-10,-5.32176054489812e-11,-6.84727194097175e-10,-1.50529832433773e-10,-9.21783992116235e-10,5.7561783616068e-11,-4.96093998555632e-10,-4.51818058740993e-10,-1.29257602209952e-10,1.15962182404707e-10,-4.56774463095707e-12,-4.56918416762645e-10,-1.44027499730673e-10,-2.44722799682741e-10,-3.44397136219017e-10,2.65426111772217e-10,3.78770905061378e-10,-6.14467916295893e-10,-1.66571220305365e-10,-2.20706018847322e-10,-4.85306702769514e-10,1.40944077806669e-10,-5.21949593490391e-10,-7.06650464779576e-10,7.04140995701648e-10,3.76242602391691e-10,8.23871713878612e-11,7.69263024780946e-10,-4.30943711298718e-10,8.26881788273901e-10,-4.04962785780542e-10,3.68084346682515e-10,6.99383916782459e-11,7.02962740418826e-11,-6.52382934375136e-10,-7.53999224870571e-10,4.79078912585755e-10,6.70679841603227e-10,-5.52628327200597e-10,5.53621303813514e-10,-6.99169167453126e-10,-1.06795289816468e-09,-4.87091110035071e-10,-5.50604142515222e-10,3.15984747007181e-10,6.28933974327472e-10,3.77490612633411e-10,-9.96206968588527e-12,-5.39273117712789e-10,-5.36465390824902e-11,-5.40906135001995e-10,-3.40762073168093e-10,7.44041082472243e-10,6.3441221338867e-10,-1.30913391493125e-10,2.08693670154937e-10,6.53876180155109e-10,-2.69688889496177e-10,-4.50311479811489e-10,-3.32889183393127e-10,-5.19546474854903e-10,5.17876838846858e-10,-9.71730795758876e-10,-8.2484616398875e-10,-3.41081223315423e-10,-1.73276280773885e-10,-7.51236259213627e-11,5.57756651606543e-10,-4.68222842541501e-10,5.95942460154083e-10,-2.3123490062238e-10,1.00711259282592e-09,-6.10558140977526e-10,2.20917397315799e-10,6.4600577571139e-10,5.67341457254675e-10,8.06332554130785e-10,5.51967817829806e-10,3.30622878203546e-10,-1.94251972885176e-10,1.79221834989745e-10,-2.33216541018327e-11,1.77225265965557e-10,1.59820518283244e-10,-4.67110341383164e-10,-4.93275627507934e-10,-9.56637976900748e-12,4.58481371378361e-10,-6.61138644799561e-11,-4.14993491930209e-10,3.25096324674973e-10,-7.45653107702551e-10,1.14921269069358e-10,5.81828167302022e-10,-9.28783156563101e-10,-6.20637300220769e-12,-6.89057911083187e-10,1.64866749308692e-11,-9.39925205286022e-10,4.19451076266478e-10,2.65305544441e-11,-2.21962973145981e-10,-1.90814813048544e-11,-2.83016672377018e-10,1.78619329464978e-10,-8.01234710451401e-10,5.53706402278954e-10,-5.65988658855027e-11,8.13269767217891e-10,1.11394429639364e-10,-1.69232023961155e-10,-1.62591961475413e-10,-2.33248762620568e-11,6.5841357526404e-10,4.40213007905318e-10,5.14518285447708e-10,3.7142493977553e-10,4.70495374466797e-10,-4.65788245734153e-10,-2.99116004521187e-10,-1.46960315503636e-09,3.19831992877291e-10,1.47038991140629e-10,2.41723146368953e-10,8.48692493653639e-10,1.51727318679497e-10,2.47820373668304e-10,1.44442747114246e-10,-6.27512404363877e-10,3.82977996203017e-10,2.26437978920013e-10,6.24024693847071e-10,1.41463084180761e-10,4.5456975909301e-10,-1.79101642861666e-10,2.05169469107577e-10,3.04649121311577e-10,-3.39799449857305e-10,1.93022019180982e-10,-4.74979802071325e-10,8.68105220694851e-10,4.77190425728089e-10,3.51622663659302e-10,1.23174737246592e-10,-1.34356566007459e-10,-3.13106468226684e-10,-1.16406898431234e-10,7.38316660462158e-10,-1.84807065522022e-10,2.16637652555659e-10,-6.21246505388098e-10,4.39544461794176e-10,-3.85688772396014e-10,-1.61967855298835e-11,4.22559582568158e-10,3.42628752866505e-10,3.53329600050736e-10,3.09741255559466e-10,6.03753277416171e-10,1.53441479033945e-10,4.97606987571163e-11,4.93111322163546e-10,-8.06743019742579e-10,-7.98145670201748e-11,3.49118648689627e-10,8.98320112280228e-11,-8.34702402122236e-10,5.13995936965535e-10,4.39730905815721e-10,2.3956710370051e-10,5.8020318093557e-10,5.28580106834697e-11,9.041723877089e-11,-1.45081788193833e-10,-2.16610216095858e-10,-6.63106498617082e-11,2.45717630374349e-10,3.65381045815282e-10,2.82425141659268e-10,-2.87017185282076e-10,-5.51509190548926e-10,-2.94787750124607e-11,-6.95986058809149e-10,2.60490849179577e-10,5.69978740559328e-10,5.56481435480605e-10,-8.62945740971776e-10,-4.97821728901567e-11,3.64353214438188e-10,-9.34578851614353e-11,9.48221512030759e-11,5.45877149237018e-10,-2.59299440419945e-10,-3.05627138478313e-11,-1.60474081042659e-11,-5.52800877806093e-10,-2.22147636047831e-10,-2.71115132437447e-10,-5.86556449042542e-10,-1.50667153064052e-10,-3.59023301429202e-10,2.21929032180946e-10,1.93430565082668e-10,8.36782150269545e-10,8.31935155597614e-10,4.2628983590229e-10,4.27722307055335e-10,5.88030586207512e-10,-3.88348639166858e-10,4.61657272865708e-11,8.06033881309251e-11,-4.20187525649087e-10,-6.14826386907629e-10,-2.64673729958269e-11,-4.26059577452923e-10,5.47315474178861e-10,-2.64195325043107e-10,-3.04374499090974e-10,-4.95562787227909e-11,-9.7965444834515e-10,9.52469686676463e-11,-2.76975235423744e-10,3.88087063506531e-10,-3.66121103869968e-10,2.82893356247552e-10,3.02189452925374e-10,2.8765510650966e-10,1.0722480296291e-10,-1.33169547213972e-10,8.20973103966849e-10,-2.48601930492021e-10,-9.85379739521545e-10,-1.01418889472768e-09,-4.72447501912789e-10,-2.80900623545389e-12,-1.02087744515851e-11,4.07362265243078e-10,-5.76159020531201e-11,-4.76607791210431e-12,-6.06355330711259e-10,-4.96211992179091e-10,1.99933705540285e-10,-1.12961274582507e-10,-2.71844369573692e-10,5.78391313954228e-10,6.0708947873881e-10,-1.19149481363533e-10,2.52809670756033e-10,-3.2575148379867e-10,3.67330203824539e-10,-5.06568657016737e-10,-1.10707632633075e-10,2.30291736518443e-10,-3.24740699894706e-10,-2.5950783152833e-10,-6.52944069668587e-10,-3.28091567287558e-10,9.4565784736935e-10,8.71343560415852e-10,-3.95353252303982e-10,-2.86093377322635e-10,-3.87733691766565e-11,5.3321776630015e-10,-5.25590610393853e-10,3.41508809387614e-10,-4.9933462299292e-10,-4.06655518263858e-10,1.06323250434405e-10,5.61465876649385e-10,-2.30692462074573e-10,5.41776745944909e-10,5.00841737368591e-11,3.8803908183698e-10,-1.97466406056259e-10,1.36995124194279e-10,9.8768398188342e-10,9.53912702061078e-12,-3.75586065642285e-10,5.42774073840276e-10,-1.50036500461432e-10,3.21886162186071e-10,7.81128196574028e-10,-2.96789634884005e-11,1.6608447402526e-10,-2.02866032151299e-10,2.76595219601773e-10,-6.08989938552822e-11,-1.77979458689574e-12,3.00626066557439e-10,2.36962894867447e-11,5.02886324529773e-10,-1.63120943727905e-10,-1.17676200056695e-09,-1.31461391108192e-10,-3.04582280297682e-10,3.5175412496952e-10,-7.49670337559195e-10,5.20311155446238e-11,-4.46164388994732e-10,3.6294752761534e-10,1.36931058576728e-11,7.75348357667338e-10,-2.10262088725974e-11,1.38996651658268e-10,-9.59398833379209e-10,3.48391878811358e-10,2.08240738094059e-11,4.81506122496086e-10,2.47247357785237e-10,1.51490744283289e-09,5.63109642728665e-10,-7.12854365527683e-10,-1.19940854178408e-09,1.23753304940909e-10,-3.20125509127985e-10,2.20054580493729e-10,6.009682241373e-11,-1.844548740646e-11,-2.83596665126488e-10,-3.25758684361904e-10,-4.37103168776991e-10,1.32237830262426e-09,2.46825307323633e-10,3.67298045715424e-10,9.82700240393157e-11,2.19744514331056e-10,-6.14867611695398e-10,3.09476568669006e-10,-2.56163940971831e-10,2.95018399573946e-10,-3.25477909754309e-10,-3.38387356499738e-10,-8.25633706243687e-10,7.52101514167805e-11,1.64079459100005e-10,3.14441728960956e-10,2.29464382772524e-10,2.25144507612471e-10,2.25348830575987e-10,-7.43931701932051e-11,4.25635697724585e-12,1.79629139682906e-10,6.53586950752635e-10,5.05967376045989e-10,7.81180799102043e-11,2.64606831462784e-10,-1.30031974574088e-10,3.69810584643522e-10,1.02686599364275e-09,-2.99069999192758e-10,2.39753182369134e-10,3.3866833639498e-10,-2.03900789276927e-10,-5.6264622800763e-11,8.26044618355931e-10,3.31470056106159e-10,-3.43107320026323e-10,-6.88353523656862e-10,-2.41633507490355e-10,-1.71574359337339e-10,-3.86566141187954e-10,-3.75831980681408e-11,5.13223772709561e-10,-5.0314912664969e-10,4.98276194680198e-10,1.95974933655125e-11,1.17874266117511e-09,3.02486971227022e-10,-1.17500693801804e-10,9.59108909280664e-11,3.35055057660267e-11,-1.06513327418965e-10,-1.28620863889315e-09,-4.10225206551569e-10,3.26821559683504e-10,7.70961198626887e-10,-1.40331956194607e-10,-2.67725381769039e-11,6.9587842635765e-11,3.8862542297267e-10,1.97735496830808e-10,5.78836491948645e-10,-7.18407246879409e-10,-8.19634397904948e-10,-3.4362243304747e-12,-3.83970140293904e-10,1.1137720164079e-09,-7.65237380667638e-10,4.78917932365418e-11,6.93901556694279e-10,6.64156000844463e-10,2.33643474529056e-10,5.20196559027249e-10,7.61085561917955e-10,-5.02998220401396e-11,-1.03306468172802e-10,-3.7349547032253e-10,-3.64559090751074e-10,4.15677105610422e-10,2.95601232846114e-10,-7.57146889207426e-10,-2.48028946578285e-11,1.36065858662996e-10,-9.29293872554585e-10,-7.57803191267284e-10,-1.87747983219423e-10,-2.13694351171032e-10,-4.73819450525209e-10,-7.29629819900377e-10,-3.39928153671228e-10,-5.13957404074581e-10,1.27672411176116e-09,-6.83582219273046e-10,-2.84003397675732e-10,-2.23926549455815e-10,-5.33593166500975e-10,-3.83053541018069e-10,-1.74615137858972e-10,4.82564304075034e-10,4.92364640167215e-10,3.83609157722537e-10,2.98722171590883e-10,7.49488076082043e-11,-6.27998885616645e-10,8.9205055372053e-10,-3.69070345839002e-10,4.45064018937577e-10,4.06901973339823e-11,3.28188693339918e-11,-5.04997050175006e-10,-6.66968482329017e-10,4.98522758409126e-10,-4.5969705710151e-10,4.81272938924911e-10,1.12083155094629e-10,-9.34193190765336e-11,-5.01081006555591e-10,-3.62218200321796e-10,2.96605538299376e-10,5.25615723881813e-11,-6.35490726313408e-10,-7.71026547840844e-10,2.33992034980132e-11,-2.23908594054416e-10,1.25400958369308e-10,2.9567180310787e-10,-1.22171424566254e-11,-8.83520847409766e-10,-9.04401789350623e-11,-4.05398879394801e-10,3.44359065808758e-10,-3.45465767141837e-10,-4.79191990242031e-10,1.47680220461023e-10,-4.79921133997051e-10,-1.27851918245264e-10,1.58042564549868e-10,7.63746617913706e-10,-6.94128910183853e-11,-1.14518985559266e-09,-1.11446161662933e-10,-3.25865633642392e-10,1.57478419043091e-10,-3.80855274134776e-11,4.17187831154678e-10,-4.78662577081145e-10,1.50977332371447e-09,-7.26150761503407e-11,4.37473893358914e-11,3.5138145379003e-10,5.58257673892356e-10,-3.13664167225705e-10,-4.00868700128087e-10,3.87533111402808e-10,-4.34085131699575e-10,-5.94831037776174e-11,2.99213312669097e-10,3.79517072955604e-10,4.10928737407652e-10,-1.92557947434539e-10,5.50005954237063e-11,4.92249614534729e-10,-7.37653233997753e-10,2.04198902454726e-10,4.28959131284795e-10,3.55166718186392e-10,3.91272920921432e-10,-1.22392480055522e-09,8.19842309609078e-10,-8.06839810444887e-10,-1.33080177679554e-10,-2.27667894342575e-10,7.91934582844101e-10,-5.99643443852408e-10,7.14047526993899e-11,-2.49833505144312e-10,-6.49126631549978e-11,2.82312975067975e-10,-5.692209540987e-12,1.05559384248736e-10,2.72675247341288e-10,5.10872959741e-10,-7.91914864796392e-11,-3.1140256995628e-10,-1.12169432274679e-10,1.62282686546566e-10,-3.14421126614236e-10,3.30043628805737e-10,-1.43224577027621e-10,-4.08755756954124e-11,-9.03212566692361e-11,1.76911246250986e-10,-8.44734260491999e-11,-6.31211923034312e-12,-3.25470730699557e-11,7.39808295546239e-11,-3.37990849622068e-10,6.00102258747804e-10,4.93836534744611e-11,3.275382449457e-10,-5.83233395420945e-10,-5.17698778308789e-10,-1.99730206641833e-10,-5.00592048162197e-10,2.31052090382361e-10,9.78310070759255e-11,-7.2127133434586e-10,-4.57729580019714e-12,-2.80571224680341e-10,3.17792015252969e-10,1.48943892576986e-10,-5.5454076360969e-10,6.18699625658624e-10,2.00912342150156e-10,-3.94245505512616e-11,7.3548890796788e-10,-4.58957071925654e-10,-4.8604336014292e-10,-9.39042192799883e-12,6.92288831124898e-10,4.01584969855479e-10,3.05140602010451e-10,6.6852840176044e-10,6.62055553460731e-10,-6.23754744545124e-10,-3.92245924738052e-10,2.22036062212357e-10,-5.42016277471611e-10,-4.92215485590447e-11,-4.95478493506309e-10,9.70031559893465e-10,2.50299509247659e-10,-3.2690305420897e-10,-3.50083403485586e-10,-6.19895305815803e-10,-1.70494658398763e-10,-1.00133890444875e-09,-1.3984294420164e-10,1.10579367079726e-10,7.31221654325096e-11,-1.80979405672298e-10,-6.25947685824915e-10,-4.06267672195621e-10,1.71450626992359e-11,-8.36256562470771e-11,6.33768616588167e-10,2.08502423003614e-10,4.22169826678258e-10,1.48862256181076e-09,-2.03319612278362e-10,-4.23193031201379e-10,-1.78737921763279e-10,-3.56188781827132e-11,-3.46561282460592e-10,1.32932434911629e-10,2.02572083677494e-13,-2.74626352280155e-10,-9.99632603154133e-11,5.8088759988006e-10,-6.20812230886232e-10,4.02577281009715e-10,3.57607829431156e-10,1.96654196426604e-10,5.69538215334811e-10,-6.95095323624188e-10,3.05695264765342e-10,7.0910833984613e-10,4.08592677932417e-10,-5.95401273969469e-10,-2.63609088783857e-10,5.74701130502962e-10,3.99287700212922e-10,-9.00987371499449e-10,3.4578796029061e-10,5.18356887199174e-10,7.53965617717425e-10,6.22902583721692e-11,3.62886247419013e-10,-4.57632851192739e-10,9.91697485660905e-10,-3.4323380846773e-10,-6.55456888479142e-10,3.45852776046203e-10,-9.72711062434293e-10,-5.57420131132284e-11,-2.09000677821188e-10,4.11526206731125e-10,-6.40853682179744e-10,8.08072347357322e-10,-8.24326646875436e-12,5.33030498829843e-10,5.45036150598075e-10,-8.62209251663735e-10,-9.12122676198984e-10,8.48560407846989e-11,1.86497454366201e-10,-7.29850067175497e-10,5.09385196988358e-11,1.07092535830343e-09,6.79229132591924e-11,1.37725006818924e-10,2.19361856762945e-11,1.2546852138147e-10,5.43250159401663e-10,-4.72594531945801e-11,6.70868562901527e-10,-2.81215439969371e-10,-8.04208476669895e-10,2.69997122116781e-10,-3.69456953674823e-10,4.01858480395935e-12,8.04670418278888e-10,-3.13327281196595e-10,5.26289633639769e-10,1.31331884288163e-10,1.96619777870062e-10,-4.64340442040351e-10,-1.56860309143007e-10,-1.78342625726966e-10,6.11241339818477e-10,2.72724665432192e-10,7.20220729867432e-10,-8.78641947100332e-10,-7.8530961221814e-11,2.4825546817306e-10,-1.044936336058e-10,7.29974128062014e-10,5.66614839023918e-12,-3.35688642414514e-10,-1.43702042245637e-11,-3.49395107067621e-10,-2.16269651527803e-10,8.9491637747208e-10,2.6335623430786e-10,4.39769097842523e-10,-1.08467427641321e-09,-6.20899892522705e-10,3.90123566854263e-10,-3.21154249988175e-11,-9.39606201271236e-11,3.27738996079994e-10,-3.3663918706095e-10,5.6902553209714e-10,-1.07836506296601e-09,5.91702017217223e-10,6.69031920443367e-11,2.98915690263551e-10,-9.94686531517736e-10,-6.62549700508772e-12,5.37674674779961e-10,-4.22200030145608e-10,6.87965371385761e-10,2.72103580523113e-10,1.79431157946276e-10,1.46269530567562e-12,-5.4327914476263e-10,-4.13666363355843e-11,-9.02557037209639e-10,7.22539074815939e-10,8.52478940010256e-11,-7.01992232943506e-10,-3.86909046038564e-10,2.9079315665619e-12,3.98930946706591e-10,8.20428447335089e-10,-2.53620587709805e-10,-3.51273162151487e-11,6.87366908610004e-10,1.02263742270192e-09,4.03278963027261e-11,9.7922743777735e-10,1.30168944813665e-09,-3.64793431044985e-10,7.14665328076336e-10,-7.16690138121758e-10,-1.88187413685978e-10,2.0718307083678e-10,7.83461914750718e-10,7.84660332587183e-10,-5.3846784874891e-10,3.35697988822238e-10,-1.07098004911042e-10,5.89154578534677e-11,3.25043338705419e-10,3.65726383480115e-10,1.64221949393196e-10,5.00920016061869e-10,2.44585760502522e-10,-4.58773459904221e-10,7.72477169781993e-11,2.26311237125756e-11,2.51287781792522e-10,4.05007008442788e-10,-3.89934146452852e-11,4.59094954112039e-10,3.74527522924314e-10,-1.48481614663251e-10,-4.66538003794373e-13,-1.45597236115572e-10,7.31123141349083e-10,-5.01833306651199e-11,1.51702416722297e-10,-1.64289632565427e-10,-5.52070582133451e-10,2.63965149232686e-10,-1.09770179653109e-10,-1.13339415437786e-10,7.46883366536238e-10,3.69412057847087e-10,1.06099231459459e-10,-4.11908896358652e-11,-8.42729742529443e-10,-5.80721625503093e-10,7.44472693964312e-11,4.20004622702444e-10,-9.20245906849149e-10,-7.4849343327161e-10,-7.05085094433011e-10,-5.45886728335051e-10,-7.0361527237789e-10,-2.21382390242697e-10,7.30690554964207e-10,-7.39920691075137e-10,8.82513632929536e-10,-1.87982639400723e-10,1.45467183912503e-10,2.55440464496086e-10,-3.56626516234991e-10,5.10003086551951e-11,2.01902270326284e-10,-9.10441120698236e-10,-3.42604918179255e-11,9.89475775832457e-10,2.78208638027761e-10,3.08980019372469e-10,1.05505894326087e-09,1.18694868691899e-10,-7.51360254856025e-10,-5.03486036351783e-10,-2.91979010011858e-10,1.04759103211374e-10,-3.28717282013551e-11,2.62121491875098e-10,4.33881959321726e-10,6.92747597349596e-10,7.15898559127384e-11,-6.44091583140921e-11,1.82892068310233e-10,9.45559621999464e-10,-2.03838349282325e-10,1.39128860708955e-10,-1.87033377666638e-10,1.30293783408676e-10,1.28460133086971e-10,2.12258730579232e-10,4.69265072935513e-10,2.66491358093089e-10,7.1002595570084e-10,-6.80621140786732e-11,-7.28456821702233e-11,-4.1925841754337e-10,-1.0595733128093e-10,-3.16888943856701e-10,6.19931800213398e-11,2.24811007346574e-12,-1.4516948100388e-10,-3.23867011140386e-10,-9.46100862566564e-10,3.41712928343829e-10,5.08504564163996e-10,-3.35207815821468e-10,-1.74836535437892e-10,3.181447498587e-10,1.77886714469761e-11,-5.729543673918e-10,-2.09778868237772e-10,-8.23611598260388e-11,3.06034008856409e-10,-1.57370550587562e-10,-4.09539615802869e-10,5.71631615770064e-10,-4.61403666109371e-10,-1.25754111188457e-10,2.09603593274118e-10,8.52671853532151e-10,-1.90166733887586e-10,-2.96794249368419e-10,1.01661054197649e-10,5.36513143256366e-10,-5.86598139438478e-10,-1.11060319308017e-10,1.14315148473762e-10,1.83750044533377e-10,-1.99339337373769e-10,-5.21549462285966e-10,-1.16319198077499e-10,-1.52070119319861e-10,-4.18550167252112e-10,-1.07767014638168e-09,1.50447873022715e-10,1.90840201106559e-10,-2.33762267334177e-10,4.63495925255174e-11,4.46190665483726e-10,8.36895491884362e-10,-9.70383344353462e-11,-1.74467164075419e-10,-1.36262329938831e-10,5.60097891754755e-10,3.7377608474603e-10,-3.95310750356284e-10,3.68504791068107e-10,5.1672904379433e-10,4.38452287607459e-10,-9.00385802680987e-10,-9.79936475279087e-11,-1.50807621822729e-10,-2.28026575955398e-12,-4.50093520890417e-10,-2.74344310376102e-10,9.07717661776348e-10,2.99019378311521e-10,-1.02928163899753e-10,-2.46014876083259e-10,1.0124801163782e-10,6.16250783716883e-10,6.86000187713278e-10,-6.46263559145508e-10,-1.10769535584623e-09,-2.28588513457403e-11,-4.25932872390089e-10,3.84572834613258e-10,2.74145791549819e-10,6.37421046995216e-10,1.10363302160687e-10,1.06328540593717e-09,-4.00199428364571e-10,1.72221079659782e-10,-6.07678499885386e-10,4.21777361458913e-10,-2.92097626202558e-10,1.22038475406811e-09,-1.4780165463243e-10,8.70442671591244e-10,3.35322052019888e-10,1.01058166047159e-10,-1.93781177652392e-10,5.90089881059706e-10,-7.80389891118253e-10,-1.11982536675652e-11,2.47654493412531e-10,7.69713631821054e-11,1.09503879702176e-09,1.26607274083644e-10,4.7899286131422e-10,6.47306682669164e-10,-3.13819740015803e-10,-2.57654706327935e-10,-3.15227905056584e-10,-4.28479695373405e-10,-1.04698676662067e-09,-2.4705804774832e-10,5.92878212251559e-10,-6.94333464061776e-10,1.95960111115726e-10,2.8092186541363e-10,4.76168435177347e-10,-8.95910135758572e-10,7.90510148035495e-10,-8.71485987474012e-10,-4.05525358557274e-10,-1.3189123454892e-11,3.76245890724073e-10,-2.64264608107041e-10,7.49076512350637e-10,1.14265777666626e-09,6.32101880923875e-11,4.86347681714938e-10,6.4267284522422e-10,-7.49656520551472e-10,-4.44176121710395e-10,4.16577068854186e-10,3.43725611572917e-10,-2.71963316483215e-10,-4.0017500071874e-10,-1.26867170687513e-10,3.33490702508302e-10,-2.58447029467388e-10,7.64372107823388e-10,-3.75480330390002e-10,-2.90055803335751e-10,-5.44660585514297e-10,1.2923860135953e-09,2.74688530757871e-10,3.25593569274516e-11,2.15706188748522e-10,-5.30397807678935e-10,1.01844991911094e-09,-5.31022607745319e-10,-8.28503481917782e-10,3.02751904773587e-11,-1.43207612987923e-10,-8.63305923858361e-10,3.14839999497721e-10,9.83276230096583e-11,-8.98556112224127e-10,-3.62903697550355e-10,-1.03666885539805e-10,1.09380811665236e-09,2.59189996529631e-10,-7.54096091456209e-10,1.88611126812568e-10,-5.10428186420275e-10,-2.8257272474803e-10,3.68112470593365e-10,-5.63890150893969e-10,5.14228361422074e-10,-4.82334442199172e-10,-2.04609923243445e-10,-1.33516708054865e-10,-9.57886159344878e-10,4.7395971371826e-11,-6.70268451883112e-10,7.26707284734103e-11,9.75097340294768e-10,-7.68454205544111e-11,3.4025512633166e-11,-5.3842093437958e-10,4.43531211847228e-10,-5.18700300451484e-10,4.65346012180711e-11,-2.49895999432905e-10,8.49116422211451e-10,-7.9138329438858e-10,-2.38941058056726e-10,2.59836459419156e-10,9.34839923407843e-12,-6.82960259656743e-10,1.70156903736268e-10,6.85339284616843e-11,-2.70564654227019e-10,-2.41720208766151e-10,-6.86945729239207e-10,7.27792099904477e-10,9.21638778749266e-10,-3.19569794442669e-10,1.60185386889938e-11,-4.85867314206603e-10,4.00094597997689e-10,-5.00328447270496e-11,2.33327038798166e-10,-2.69556732224209e-10,2.44848136426e-10,-5.58388837678044e-10,-6.90543825330152e-10,1.11864727764233e-10,-4.46637665671551e-13,4.07843532912918e-10,-6.50430424715267e-10,2.74345123914812e-10,-8.61257765887364e-10,6.4731162332539e-10,5.84216745041966e-11,-1.20985022556659e-10,4.63346912229122e-10,7.21222863928112e-11,-3.32952887172469e-10,-1.91740188857704e-10,-1.54858698637027e-10,4.53091640694281e-10,2.72545790448386e-10,6.14679784349273e-11,3.6586364781047e-10,-2.62390269218762e-10,6.82742655147055e-10,3.35678519155084e-10,1.73196412366818e-10,6.3148384138911e-10,-1.17495335365951e-10,3.49270058225963e-10,-3.22795295741385e-10,-1.00956269422371e-09,6.75352454658688e-13,-3.25551740433692e-10,-6.25627163071443e-10,-4.49508093686164e-10,2.21715628308237e-10,-1.61419710297217e-10,3.71596032939666e-10,4.35895012675542e-10,-2.45710164473858e-10,3.49636170598244e-11,1.68691413501921e-10,1.73776945571256e-10,9.69569376355657e-11,8.54461824172272e-10,-1.2210860896202e-10,-1.40246417744639e-10,3.39638502207644e-10,1.29421442250212e-10,6.39826914565315e-11,1.47743181477818e-10,5.82603279264478e-10,-3.68675794358208e-10,-6.88105606667196e-10,-8.27839745235121e-10,-3.22465952057424e-10,-4.22179869185426e-10,-7.15985134207613e-11,-2.89936253541742e-10,-4.90362939033361e-10,1.11799123473804e-09,3.55112617619889e-10,2.24685318206036e-10,-3.97321348697212e-10,7.56676962253587e-10,-1.75482137048541e-11,-6.64603100813613e-11,-7.65854938300059e-10,9.60880780256446e-10,4.29706077551973e-10,6.90167644869811e-10,4.94540930321725e-10,-4.87890571493043e-10,6.64480589878408e-10,9.36311080719923e-10,-2.94791193200303e-10,-5.24149232973263e-10,-3.95036194766051e-10,-8.70664086180343e-11,3.7672337233887e-10,-1.48236313194146e-10,-8.13338864248236e-11,2.70546060241544e-10,-4.30121241188157e-11,-2.58453931414822e-10,-9.55136756215045e-11,-8.99418199069818e-10,3.10566343846598e-11,-3.18923861208966e-10,4.77760025062465e-10,-5.78637116074689e-10,-5.35765229156694e-10,8.88132711562645e-10,-7.64440981419721e-10,2.81761932120132e-10,-9.47346443862579e-11,-1.72575525936895e-10,-2.7608943066721e-11,-3.66405913593408e-10,5.45422042502396e-10,-3.3079622546687e-10,4.25424216148034e-10,-1.07653495282797e-09,1.05501005264258e-10,-1.85956895387083e-10,-1.65335099159752e-10,1.37038540653898e-09,-2.91612254059734e-10,-4.89749634056605e-10,-1.00339095956469e-10,-5.48590380525322e-10,4.88171265408525e-10,-6.62935100951442e-11,4.34555465088869e-11,1.05198706753442e-09,5.84768005418435e-10,5.91361334899918e-10,7.05482396188657e-10,2.17137938481383e-10,-1.40204529680269e-12,5.54313848046977e-10,5.52398969778814e-10,-4.92686281271931e-10,3.22059282230068e-10,9.37524442576431e-11,4.96251457406371e-10,-5.59250768144206e-10,2.66485182717842e-11,3.36920892357864e-10,-8.7622369395584e-10,-4.72046084727445e-10,9.92104594119323e-10,8.21812040651217e-11,5.19483019881458e-10,6.87103565820234e-10,-8.38425367529033e-10,2.1554317889144e-10,6.31459444835532e-10,-1.99572317774724e-10,-1.79053594369583e-10,4.36006721059448e-10,-1.07110743972625e-09,1.23714383796197e-09,6.92061313160945e-10,-4.16711445187826e-10,-5.09592693540104e-10,6.12473739037268e-10,3.66752066712468e-10,4.81047615934305e-10,-9.40198924217476e-11,4.88328239574847e-10,-7.70969248768466e-10,-4.08145838383969e-10,3.61055911905389e-10,-1.50991170942979e-10,-2.84294490320693e-10,4.97075326745662e-10,6.77956442779146e-10,-2.72939976434726e-10,-2.87995769575921e-10,-3.30263203747505e-10,1.64740730607179e-10,4.54431921707291e-10,-4.87034355848265e-11,5.97537418821942e-11,-4.17157896642163e-10,-3.6852975033215e-10,-4.63900117040434e-10,1.7670492320822e-09,-6.37097271367465e-11,2.49464955331177e-10,-1.98326615845076e-10,6.86922144332305e-10,9.78432367720304e-10,-5.96165148718595e-10,-3.10102236736766e-10,1.17896638811081e-10,-5.84016440502475e-10,-2.54892230534963e-10,-8.49230560349961e-11,5.85224367620684e-10,-1.81193998767064e-10,-1.68058849339771e-10,-1.44442246951452e-10,-6.25097809044362e-10,-1.13147372747794e-10,2.78188665233274e-10,-2.44803451627044e-11,-1.11824915046358e-10,-3.31920085828989e-10,-9.28694673298591e-10,-7.08755822467022e-10,-6.93742462249437e-11,1.37915209454994e-09,6.00854540242288e-10,3.32647513278765e-10,1.13791285766182e-09,2.79012288352032e-10,8.59688560042674e-10,7.10589661515925e-10,3.89671241109733e-10,7.73442591004446e-10,6.76123236575751e-10,1.4070063176847e-09,9.53716612573092e-10,1.26168036200234e-09,1.40022880529779e-09,5.6912255962144e-10,1.87949613532865e-09,1.27494456969648e-09,8.03637905040955e-10,6.80229082895819e-10,1.57976158782557e-09,1.51476704365521e-09,6.23427665401596e-10,6.570220260401e-10,1.16301357052197e-09,1.43019033802196e-09,1.79113057297628e-09,1.8705768237858e-09,2.30103283168082e-09,2.35294898792745e-09,1.95182965760195e-09,2.4032255673445e-09,1.2080196948919e-09,2.15199892851249e-09,2.33157214022023e-09,2.28221708842538e-09,1.57723126000307e-09,2.72457812493268e-09,3.50201145097372e-09,3.02269878450875e-09,2.75832423216728e-09,3.04625900234129e-09,2.94608415385517e-09,4.34735999989448e-09,4.89050799583138e-09,3.90019329015782e-09,4.28592908430459e-09,4.82870308945403e-09,4.50456592990466e-09,5.09380304412558e-09,6.62062022459713e-09,5.44501442566171e-09,6.30442870105522e-09,5.95495936901136e-09,6.47701419004511e-09,6.4394305791639e-09,6.87271165593212e-09,6.7152436605079e-09,7.49230443646002e-09,7.28767843864049e-09,8.43419736062174e-09,8.39134471641979e-09,7.91643332215458e-09,9.25186984937159e-09,8.64052962864403e-09,9.40922983910717e-09,1.00393770840868e-08,1.12198029574102e-08,1.13419950898353e-08,1.18215740912136e-08,1.21649339343101e-08,1.32597933123634e-08,1.41663379367776e-08,1.39788622797602e-08,1.53835866598982e-08,1.57883798754467e-08,1.65752599637906e-08,1.75117282757473e-08,1.85180136053134e-08,2.01386853100122e-08,2.06551026976703e-08
