v,0.25
Patm,100000
g,9.81
r,500
G,10^9.15
rho,2300
mu,10^3.73
rc,11
 
M,10^5.03
sigma,0.25
 
tilt_erupt,22.5291nrad
 
-1267,-1266,-1265,-1264,-1263,-1262,-1261,-1260,-1259,-1258,-1257,-1256,-1255,-1254,-1253,-1252,-1251,-1250,-1249,-1248,-1247,-1246,-1245,-1244,-1243,-1242,-1241,-1240,-1239,-1238,-1237,-1236,-1235,-1234,-1233,-1232,-1231,-1230,-1229,-1228,-1227,-1226,-1225,-1224,-1223,-1222,-1221,-1220,-1219,-1218,-1217,-1216,-1215,-1214,-1213,-1212,-1211,-1210,-1209,-1208,-1207,-1206,-1205,-1204,-1203,-1202,-1201,-1200,-1199,-1198,-1197,-1196,-1195,-1194,-1193,-1192,-1191,-1190,-1189,-1188,-1187,-1186,-1185,-1184,-1183,-1182,-1181,-1180,-1179,-1178,-1177,-1176,-1175,-1174,-1173,-1172,-1171,-1170,-1169,-1168,-1167,-1166,-1165,-1164,-1163,-1162,-1161,-1160,-1159,-1158,-1157,-1156,-1155,-1154,-1153,-1152,-1151,-1150,-1149,-1148,-1147,-1146,-1145,-1144,-1143,-1142,-1141,-1140,-1139,-1138,-1137,-1136,-1135,-1134,-1133,-1132,-1131,-1130,-1129,-1128,-1127,-1126,-1125,-1124,-1123,-1122,-1121,-1120,-1119,-1118,-1117,-1116,-1115,-1114,-1113,-1112,-1111,-1110,-1109,-1108,-1107,-1106,-1105,-1104,-1103,-1102,-1101,-1100,-1099,-1098,-1097,-1096,-1095,-1094,-1093,-1092,-1091,-1090,-1089,-1088,-1087,-1086,-1085,-1084,-1083,-1082,-1081,-1080,-1079,-1078,-1077,-1076,-1075,-1074,-1073,-1072,-1071,-1070,-1069,-1068,-1067,-1066,-1065,-1064,-1063,-1062,-1061,-1060,-1059,-1058,-1057,-1056,-1055,-1054,-1053,-1052,-1051,-1050,-1049,-1048,-1047,-1046,-1045,-1044,-1043,-1042,-1041,-1040,-1039,-1038,-1037,-1036,-1035,-1034,-1033,-1032,-1031,-1030,-1029,-1028,-1027,-1026,-1025,-1024,-1023,-1022,-1021,-1020,-1019,-1018,-1017,-1016,-1015,-1014,-1013,-1012,-1011,-1010,-1009,-1008,-1007,-1006,-1005,-1004,-1003,-1002,-1001,-1000,-999,-998,-997,-996,-995,-994,-993,-992,-991,-990,-989,-988,-987,-986,-985,-984,-983,-982,-981,-980,-979,-978,-977,-976,-975,-974,-973,-972,-971,-970,-969,-968,-967,-966,-965,-964,-963,-962,-961,-960,-959,-958,-957,-956,-955,-954,-953,-952,-951,-950,-949,-948,-947,-946,-945,-944,-943,-942,-941,-940,-939,-938,-937,-936,-935,-934,-933,-932,-931,-930,-929,-928,-927,-926,-925,-924,-923,-922,-921,-920,-919,-918,-917,-916,-915,-914,-913,-912,-911,-910,-909,-908,-907,-906,-905,-904,-903,-902,-901,-900,-899,-898,-897,-896,-895,-894,-893,-892,-891,-890,-889,-888,-887,-886,-885,-884,-883,-882,-881,-880,-879,-878,-877,-876,-875,-874,-873,-872,-871,-870,-869,-868,-867,-866,-865,-864,-863,-862,-861,-860,-859,-858,-857,-856,-855,-854,-853,-852,-851,-850,-849,-848,-847,-846,-845,-844,-843,-842,-841,-840,-839,-838,-837,-836,-835,-834,-833,-832,-831,-830,-829,-828,-827,-826,-825,-824,-823,-822,-821,-820,-819,-818,-817,-816,-815,-814,-813,-812,-811,-810,-809,-808,-807,-806,-805,-804,-803,-802,-801,-800,-799,-798,-797,-796,-795,-794,-793,-792,-791,-790,-789,-788,-787,-786,-785,-784,-783,-782,-781,-780,-779,-778,-777,-776,-775,-774,-773,-772,-771,-770,-769,-768,-767,-766,-765,-764,-763,-762,-761,-760,-759,-758,-757,-756,-755,-754,-753,-752,-751,-750,-749,-748,-747,-746,-745,-744,-743,-742,-741,-740,-739,-738,-737,-736,-735,-734,-733,-732,-731,-730,-729,-728,-727,-726,-725,-724,-723,-722,-721,-720,-719,-718,-717,-716,-715,-714,-713,-712,-711,-710,-709,-708,-707,-706,-705,-704,-703,-702,-701,-700,-699,-698,-697,-696,-695,-694,-693,-692,-691,-690,-689,-688,-687,-686,-685,-684,-683,-682,-681,-680,-679,-678,-677,-676,-675,-674,-673,-672,-671,-670,-669,-668,-667,-666,-665,-664,-663,-662,-661,-660,-659,-658,-657,-656,-655,-654,-653,-652,-651,-650,-649,-648,-647,-646,-645,-644,-643,-642,-641,-640,-639,-638,-637,-636,-635,-634,-633,-632,-631,-630,-629,-628,-627,-626,-625,-624,-623,-622,-621,-620,-619,-618,-617,-616,-615,-614,-613,-612,-611,-610,-609,-608,-607,-606,-605,-604,-603,-602,-601,-600,-599,-598,-597,-596,-595,-594,-593,-592,-591,-590,-589,-588,-587,-586,-585,-584,-583,-582,-581,-580,-579,-578,-577,-576,-575,-574,-573,-572,-571,-570,-569,-568,-567,-566,-565,-564,-563,-562,-561,-560,-559,-558,-557,-556,-555,-554,-553,-552,-551,-550,-549,-548,-547,-546,-545,-544,-543,-542,-541,-540,-539,-538,-537,-536,-535,-534,-533,-532,-531,-530,-529,-528,-527,-526,-525,-524,-523,-522,-521,-520,-519,-518,-517,-516,-515,-514,-513,-512,-511,-510,-509,-508,-507,-506,-505,-504,-503,-502,-501,-500,-499,-498,-497,-496,-495,-494,-493,-492,-491,-490,-489,-488,-487,-486,-485,-484,-483,-482,-481,-480,-479,-478,-477,-476,-475,-474,-473,-472,-471,-470,-469,-468,-467,-466,-465,-464,-463,-462,-461,-460,-459,-458,-457,-456,-455,-454,-453,-452,-451,-450,-449,-448,-447,-446,-445,-444,-443,-442,-441,-440,-439,-438,-437,-436,-435,-434,-433,-432,-431,-430,-429,-428,-427,-426,-425,-424,-423,-422,-421,-420,-419,-418,-417,-416,-415,-414,-413,-412,-411,-410,-409,-408,-407,-406,-405,-404,-403,-402,-401,-400,-399,-398,-397,-396,-395,-394,-393,-392,-391,-390,-389,-388,-387,-386,-385,-384,-383,-382,-381,-380,-379,-378,-377,-376,-375,-374,-373,-372,-371,-370,-369,-368,-367,-366,-365,-364,-363,-362,-361,-360,-359,-358,-357,-356,-355,-354,-353,-352,-351,-350,-349,-348,-347,-346,-345,-344,-343,-342,-341,-340,-339,-338,-337,-336,-335,-334,-333,-332,-331,-330,-329,-328,-327,-326,-325,-324,-323,-322,-321,-320,-319,-318,-317,-316,-315,-314,-313,-312,-311,-310,-309,-308,-307,-306,-305,-304,-303,-302,-301,-300,-299,-298,-297,-296,-295,-294,-293,-292,-291,-290,-289,-288,-287,-286,-285,-284,-283,-282,-281,-280,-279,-278,-277,-276,-275,-274,-273,-272,-271,-270,-269,-268,-267,-266,-265,-264,-263,-262,-261,-260,-259,-258,-257,-256,-255,-254,-253,-252,-251,-250,-249,-248,-247,-246,-245,-244,-243,-242,-241,-240,-239,-238,-237,-236,-235,-234,-233,-232,-231,-230,-229,-228,-227,-226,-225,-224,-223,-222,-221,-220,-219,-218,-217,-216,-215,-214,-213,-212,-211,-210,-209,-208,-207,-206,-205,-204,-203,-202,-201,-200,-199,-198,-197,-196,-195,-194,-193,-192,-191,-190,-189,-188,-187,-186,-185,-184,-183,-182,-181,-180,-179,-178,-177,-176,-175,-174,-173,-172,-171,-170,-169,-168,-167,-166,-165,-164,-163,-162,-161,-160,-159,-158,-157,-156,-155,-154,-153,-152,-151,-150,-149,-148,-147,-146,-145,-144,-143,-142,-141,-140,-139,-138,-137,-136,-135,-134,-133,-132,-131,-130,-129,-128,-127,-126,-125,-124,-123,-122,-121,-120,-119,-118,-117,-116,-115,-114,-113,-112,-111,-110,-110,-109,-108,-107,-106,-105,-104,-103,-102,-101,-100,-99,-98,-97,-96,-95,-94,-93,-92,-91,-90,-89,-88,-87,-86,-85,-84,-83,-82,-81,-80,-79,-78,-77,-76,-75,-74,-73,-72,-71,-70,-69,-68,-67,-66,-65,-64,-63,-62,-61,-60,-59,-58,-57,-56,-55,-54,-53,-52,-51,-50,-49,-48,-47,-46,-45,-44,-43,-42,-41,-40,-39,-38,-37,-36,-35,-34,-33,-32,-31,-30,-29,-28,-27,-26,-25,-24,-23,-22,-21,-20,-19,-18,-17,-16,-15,-14,-13,-12,-11,-10,-9,-8,-7,-6,-5,-4,-3,-2,-1,0
-1.01778310138164e-10,1.15158686018663e-10,1.63390880598066e-10,-5.66618686911542e-10,9.91452375817867e-11,-1.2767632599075e-10,-3.60422682782037e-10,3.77328199979502e-10,-5.9088472354627e-10,1.50164045436628e-10,-1.17046175014292e-10,-4.26659048876047e-10,1.35713452974886e-10,-8.0562403773052e-11,-6.92688454222476e-11,-1.20953711592004e-10,-3.111003241497e-10,3.5765210362045e-10,6.9490640872119e-10,2.65187672198174e-10,-4.87504477272821e-11,1.90116128189259e-10,-9.63946115416357e-11,-1.11441490026341e-11,3.92572221802819e-10,-5.56916021788743e-10,-1.37092995771813e-10,2.76903385789338e-10,-3.02080635516952e-10,-2.07260438167088e-10,1.29344996415411e-10,2.07336509845767e-10,2.94223343702395e-10,-2.72743227749515e-10,-2.69274181479872e-10,3.09694316861083e-10,-5.45441986515379e-11,2.29288848658236e-10,-1.01338162395869e-10,8.85064805530976e-11,-1.13515626557284e-10,-3.48163899159346e-10,4.83579699335266e-10,-3.2144234752871e-11,3.2143072465476e-10,-1.11465487062526e-10,-2.26045167053462e-10,3.10910550942536e-11,-4.52076322397548e-11,-6.77135059859524e-10,3.81490842993467e-10,5.84513143920067e-12,-1.46944383898223e-11,-4.18162155884324e-10,-1.27353300493765e-10,-7.3169970229735e-12,4.36881978076846e-10,-5.03921989191255e-11,-3.31983463802088e-11,4.31815157483512e-10,2.1857635923168e-10,6.72783554919989e-11,2.42451781800493e-10,-1.47878154626056e-10,2.92695969684805e-10,-6.03638811070966e-10,-5.64532073498521e-10,4.24260593749419e-10,8.18623496780669e-11,4.9062122719596e-11,1.6684040047177e-10,-1.34563312422885e-10,-1.21027695123381e-10,-2.54584544681524e-10,-4.62298921351901e-10,-1.04466190483996e-10,-2.45519454119883e-10,2.37969497491788e-10,-3.66505384237736e-10,2.9760472724928e-10,-8.6617441118907e-11,-2.14598010191016e-10,-1.92060591147227e-10,7.08889838271585e-10,2.48313653701182e-10,2.98611560652292e-10,1.37483096137195e-10,1.00592588955936e-10,-2.05241113694392e-10,1.25649359894005e-10,5.22354730888989e-10,-2.27332120308002e-10,-2.42656678991205e-10,2.95237586480344e-10,4.12013612408474e-10,3.48946236511197e-10,-1.55547085051358e-10,-8.47397489349114e-11,-5.79340858938364e-11,-1.01009286479082e-10,1.52395581391412e-10,3.13802303912554e-11,1.57663486302341e-10,2.47173592382041e-10,-2.99317471531096e-10,4.61267388511138e-10,-2.94409145563847e-10,-8.28951867826433e-11,-2.1234756202521e-10,-3.32873453970315e-10,1.78038035407391e-11,5.11885910106274e-10,-1.19970760755592e-10,-4.18219235744836e-10,-1.19648785570865e-10,-1.89356157484662e-10,-4.50399791327272e-11,6.73189121745276e-13,3.36765106441846e-11,2.48429438029301e-10,2.58521772542254e-10,-1.15307364228514e-10,-1.52484107212169e-10,-5.33507735275621e-10,7.96433650154942e-11,-1.14772343830349e-10,-1.9055543536979e-10,6.97764681021639e-11,4.15810660260992e-10,1.12105773340349e-10,-2.57190470728771e-10,1.57718057889648e-10,-1.94491193421399e-10,6.02221778940162e-12,1.93156996207825e-10,1.83665993313341e-10,4.12428293567756e-10,-2.79679602122547e-10,-2.5829854594802e-10,3.48109411202044e-10,4.86822142081517e-10,-2.01728955943852e-11,3.03601811800178e-10,8.66587290683483e-11,2.6476260590687e-10,1.23812379180132e-10,-2.46992656058803e-10,4.32983596801593e-11,-3.86915830878596e-10,1.00302219455901e-10,2.00922450712116e-10,1.2448510057342e-10,-3.48021524020573e-10,3.10070226988076e-10,4.0632652394968e-10,8.54229582532853e-12,2.89445797918885e-10,-1.07823905552429e-10,1.69569390546238e-11,-1.79719991100597e-10,-3.79276535686813e-10,-9.50559149437228e-12,1.89988734679613e-10,-2.52261114755205e-10,3.13994390489753e-10,-6.43763445995663e-11,-6.65705721422553e-11,2.66100396318122e-10,2.2637795667434e-10,-3.40403962370537e-10,6.15321713405131e-10,3.01900787840971e-10,-1.15537381516818e-10,-2.92664990051752e-11,2.42448146604532e-10,2.63929838068808e-10,2.86792775988695e-10,-3.85924831902778e-10,-4.03976584244006e-10,-8.20504738357385e-11,4.03158995357613e-11,-1.91713032585682e-11,-4.18770386709515e-10,4.24121566525289e-11,1.1585280807819e-10,-1.04976221152601e-11,-1.04896636310059e-10,-2.41680257925318e-10,1.50608880700169e-10,-1.58261733687451e-10,4.01372491175016e-11,2.77989047319929e-10,2.15169722582026e-10,-2.58052083988514e-10,4.04763602331397e-10,-5.53884133325031e-11,8.06424112320545e-11,1.0297240482647e-10,2.59052118403654e-10,-7.59294470540405e-12,-2.44177279931357e-10,7.68043111302783e-11,1.9881655013579e-10,-1.45377374741786e-10,2.35459470301472e-10,1.57464703126138e-10,9.81241448879931e-11,-4.36600529029742e-10,4.62951082357323e-10,2.16971510882553e-10,-8.81427677982456e-11,2.39037477082982e-10,1.19725767004634e-10,3.16303822333329e-10,-6.64370977395059e-10,1.86744803616939e-10,-5.19601239759677e-10,4.72186173654227e-11,-5.10751737418954e-10,1.36484447552028e-10,1.22550475527622e-10,-4.00438419167543e-11,-1.63983358715167e-10,1.78958739106574e-10,1.35968760609625e-11,-4.66344887171398e-10,-5.55338288720074e-11,-4.13562566024931e-10,1.55032449840117e-10,-1.86910166562356e-10,1.14611542571624e-10,2.0944308943264e-10,7.20418035084777e-12,-1.24768872129577e-10,3.97736793333882e-12,5.84942154756466e-11,-1.36301751502785e-10,4.82523604395492e-10,1.16817988470903e-10,4.20283169033373e-10,5.94381921050997e-11,6.12080531774316e-11,-5.36888679747281e-11,-2.79440192085387e-10,-5.05386805215433e-10,1.42801959456369e-10,-3.45197325855629e-10,1.11521611472673e-10,-1.93153852585388e-10,9.28248777211095e-11,8.30778850296327e-11,-4.83281290086405e-11,-5.33086147758398e-10,-5.28114564072883e-10,-7.23795951763474e-11,3.18911840972307e-10,1.48784496762226e-10,2.97234387983358e-10,7.76716726659342e-10,1.06026910532043e-10,-4.13007788326885e-12,3.46685533167885e-10,1.37713304735732e-10,-4.80741913783864e-10,-2.00433589684228e-10,-7.81702409497363e-11,1.15014346516516e-10,7.6347996513614e-11,-6.89464530585996e-12,-4.29805357060473e-10,-1.47028846668908e-10,-8.50369266933326e-11,3.53118849844202e-11,-2.59380041848773e-11,-2.08982396191844e-10,-4.92206362125392e-10,-2.78123387487199e-10,-1.86857325242778e-10,-2.36192031368699e-10,-5.18168268003409e-11,-2.51871739021099e-10,3.74492341789367e-10,-3.20048044478844e-10,-4.87036196209636e-10,-4.07856223867769e-10,-2.18036480961244e-10,-7.52357763491295e-11,-1.99513725755115e-11,-2.34141098631226e-10,-2.22864503108382e-10,-3.34572083411635e-10,-3.0517322219928e-10,-4.00668624917169e-10,3.05507014586632e-10,-1.55130203435605e-10,2.18350272039993e-11,-2.09706805403229e-10,-2.33602888982643e-10,5.59290715580476e-11,-2.09755271716033e-11,-9.03609635179887e-11,1.45991152634668e-10,1.03284810002836e-10,1.44817033643396e-10,-3.93631677967844e-10,-1.62791878144666e-10,9.64324156152383e-11,1.29076833559775e-10,7.90383234554657e-11,3.30220269352616e-10,-4.12853950786954e-11,-8.41341348802109e-11,7.31617445440609e-11,-2.28901854715335e-10,-1.86955276271624e-10,2.91204915636632e-10,-1.5974383161107e-10,-1.36537631328614e-10,1.86462772174533e-10,2.8476212702918e-10,1.95078105174729e-10,3.40291959733561e-10,-1.91608991410403e-10,-3.94812129181833e-10,9.89422697069733e-11,-3.21125027949964e-10,-5.03286178076198e-10,5.85408486274968e-10,-1.05166671897657e-10,-1.76692094853226e-10,-5.57806959600947e-11,-3.54654373018334e-10,-2.443850642123e-10,-4.1864978258616e-11,1.54440355056643e-10,-2.25690407181637e-10,-1.24560793142059e-10,2.58030852081585e-11,2.11064780528916e-10,1.39311074408781e-10,3.29713685414239e-10,-6.12627394812535e-11,-1.77482971634641e-10,-2.81856079068325e-10,-2.36115666345284e-10,1.35277015417601e-10,-1.94964670904101e-10,-3.34482893575909e-10,-3.5635067242385e-11,1.29508442459478e-10,-1.31485027065973e-10,-2.34439715101856e-10,-9.81055095630905e-11,-1.23860631777308e-10,-1.43106025934193e-10,4.80134978339495e-11,-9.60491472344545e-12,-4.17644057603824e-10,3.94144595629257e-10,-9.06589025078139e-11,5.5830700246048e-11,-3.59429283069683e-10,3.41015694489671e-11,1.54652176883948e-10,3.57117902476056e-10,1.2405027370535e-10,-1.40132934530456e-10,-1.36081840120204e-10,3.48887844683522e-11,-5.70707538312087e-11,3.82778302449223e-10,-4.90580483286036e-10,2.12740059714975e-10,-2.30782260232236e-10,5.2981152425666e-10,1.27500135143501e-12,-1.38710464332306e-10,-2.00290152270914e-10,1.44495421001067e-10,-3.45609523193898e-10,-2.78228466431636e-10,-3.59243518968686e-11,-2.88902412167605e-11,1.08522404997254e-10,-1.59336069741491e-10,2.31932451537155e-10,1.67246123868352e-10,2.49090163973158e-10,9.45297327468306e-11,-2.88041144913044e-10,-2.92938851685564e-10,4.96278492195319e-11,3.06973257555199e-10,-2.08894962248584e-10,1.25116247370665e-10,-2.84884117939478e-12,-1.87542720129957e-10,6.2978481024502e-11,-3.90404371341705e-11,2.09580948640782e-10,3.31049018600825e-10,9.98149863306591e-11,-1.66849049334278e-10,1.64598957755856e-10,-3.42861159839691e-10,-3.53053876874482e-10,-1.4298875833074e-11,2.1789567928817e-10,1.50898265627978e-10,1.7263219365029e-10,1.33470489122501e-10,-9.68990300729147e-11,-1.09753918596435e-10,-2.62253218851421e-10,-4.18012650421587e-10,2.21963099431456e-10,-1.61340713473593e-10,7.77870827992385e-11,1.0397434585797e-10,2.30183671423984e-11,3.24632396999064e-11,2.47928044878187e-10,-1.66301140524566e-10,6.48635613890883e-11,-1.735366067632e-10,-1.93550654347058e-10,-2.60068681591683e-10,1.55222417148282e-10,-3.613815170847e-12,1.60972793010453e-10,2.13386579597058e-10,-1.39673438769994e-10,-1.35232758944036e-11,8.5109594034091e-11,-8.38277512393353e-12,-4.49874901003589e-11,-3.54609275891579e-10,-9.32963828900878e-11,2.16044684289406e-10,-4.75119261772225e-10,-2.79254405555333e-10,-2.91515034140476e-10,-3.29490526238842e-10,1.67949819300321e-10,2.61609143638579e-10,3.17944943471745e-10,2.7048940849745e-10,-1.87632234712222e-10,-2.6051419289724e-11,-1.34867512257073e-10,2.43039793714453e-10,5.62295205194577e-10,-3.05624185208101e-11,1.12073420978425e-10,3.80647040018656e-10,-3.96062123729947e-10,2.46105212992528e-10,-2.0119504792602e-10,3.51245321432435e-11,8.77047985609462e-11,1.22006005993247e-10,5.56488213428891e-10,2.30998309595221e-10,-1.38403697036226e-10,3.81161779897941e-10,1.93269169642653e-11,6.6520093610009e-10,4.55979535035311e-10,-3.73773256639643e-11,3.67962215360345e-10,-3.7112558271279e-10,4.26584506400587e-10,9.5824904555395e-11,1.85661398013552e-10,1.60395712764225e-10,3.88773235968095e-10,-2.25433233893547e-10,1.02660411653319e-10,-2.11157916304444e-10,1.98905520012859e-10,1.36177409292938e-11,1.4829759075093e-12,1.10240096367793e-10,-1.12510634161727e-10,-2.52441468645714e-10,-4.13995348094021e-10,-3.83264425711466e-10,1.05408095088433e-10,-2.73415792215819e-10,-9.38788911402985e-11,-3.77808091071329e-10,-1.83271598269973e-11,-6.18363320245266e-12,-1.57892844732515e-10,-4.47032530831032e-10,-1.17117430753497e-10,-1.46255762359073e-10,1.64417920277978e-10,2.55370632759469e-10,8.01622190208432e-11,-5.40487226275807e-11,-3.44563976645509e-10,-2.73589293936212e-10,1.21486227059645e-10,1.47332487495422e-10,-8.77700899653617e-12,4.6750131654807e-12,-3.03955046162243e-10,5.86368804771832e-10,-1.68683826941564e-10,1.31533392349735e-10,9.87399159946612e-11,5.54132826066593e-10,-1.8186537635865e-10,3.24117020899346e-10,-1.73063821317211e-11,1.90841797941398e-10,-2.06341581367189e-11,3.08162124987907e-10,2.19250036724429e-10,2.27278189548299e-11,3.97018067252342e-10,9.96874181530452e-11,1.32606261071125e-10,-6.16811060527126e-11,-1.83442873647772e-11,1.24455233959395e-10,-2.9675314252976e-10,2.08244284500789e-10,-1.40804997809264e-10,3.57488798259232e-10,8.47538134710346e-11,-1.79506081620552e-10,-1.59552623071521e-10,9.20227350662935e-11,-2.56322847339508e-10,-8.1941870092402e-11,6.89641291244145e-11,-9.34534137923247e-11,6.0106672381693e-10,2.32404911074151e-11,-1.15213676176799e-10,3.16119278871914e-10,7.45328330796078e-12,-3.0782689095688e-10,7.74034142265703e-11,5.16705967864868e-10,-2.72686914504549e-10,-1.87744328725385e-10,3.54751836569451e-10,-5.72058651407778e-12,-1.67549141053922e-10,3.91560733512884e-11,-7.1528697244833e-11,3.500369529018e-10,-1.26045042882253e-11,-1.02157269991069e-10,1.17804479587853e-10,1.59681300951221e-11,2.00258921492947e-10,1.78797409666638e-10,1.28441903840427e-10,-1.37636348318873e-10,8.80791819210552e-11,4.18770018490536e-10,-8.7924280878304e-11,2.14153905734714e-11,-1.22053069868268e-10,7.88308182867119e-11,1.5652407887145e-10,-2.37591359525871e-10,4.80929770750281e-11,-2.76981573396468e-10,4.06706584451215e-10,-6.21073546528363e-11,1.35556602015805e-11,-1.22834594268869e-10,-1.42761916627854e-10,-1.49292307536959e-10,5.18312775786629e-10,2.19448214088673e-12,-8.8723246635544e-12,1.22323316422862e-10,8.01478269764273e-11,3.52905785446474e-10,4.00659933668793e-11,-2.07221644353575e-10,-2.11836606091926e-10,3.31314322953159e-10,1.06539152419814e-10,-4.30618953783432e-10,-4.1408100800004e-10,2.04898919154166e-10,-1.49875559083828e-10,3.08459964619489e-10,1.67144407309569e-10,2.865399078267e-10,6.19930137125342e-11,2.12905490210171e-10,1.43576717805177e-10,-1.32415647222232e-10,-2.68685772463495e-10,-4.56873767269353e-10,4.56513224843205e-10,-1.123327805497e-10,4.02624935344339e-10,4.52291417044394e-10,1.02766363416505e-10,1.41939424400021e-10,4.03341979420352e-10,1.31251074039249e-10,4.39211108283191e-11,5.03087469239291e-10,2.96287104996492e-10,1.0729995167541e-10,-2.41784627751186e-10,-1.92247711118911e-10,-1.88766181195019e-11,1.01929051767865e-11,1.65064099756687e-10,-3.26000763676096e-10,1.73261558509979e-10,-2.18564063826419e-10,-1.24400281985751e-10,-5.50552594136342e-11,-5.14449197666955e-10,-4.41450291088961e-10,2.39237560288149e-10,-3.43735494047769e-10,3.57491955914144e-11,-4.9230191575645e-11,5.08558917143111e-10,3.1716601940569e-10,-2.82236416371662e-10,1.47625506028749e-10,2.48874932392367e-11,1.69625511196702e-10,-3.55313001287149e-10,-3.93171265645175e-11,-5.64407237499277e-10,-4.26303373782321e-11,1.6948835283351e-10,1.57377825156004e-10,-3.87607376268035e-10,-2.7891020323428e-10,-2.5567733284471e-11,2.55031476626325e-11,-6.57279195839413e-11,2.15855450881222e-10,3.36704290127721e-10,4.33527764490556e-10,-1.13086197644105e-10,-3.12340737347469e-10,-4.6079265645207e-10,2.06149662869885e-10,9.17395493732665e-11,-1.47572218142207e-10,-4.10027801660277e-10,1.75009546417258e-10,-1.28487391399296e-10,-9.01469814879276e-11,9.96107876696566e-11,-1.05853977358659e-11,1.53010500643696e-10,3.31256486687409e-10,9.27532476592847e-11,-7.10021159400538e-11,2.7080358313843e-10,1.19439094510902e-10,-2.2819164222827e-10,1.97718797014952e-10,3.05484983817782e-10,1.2231902033741e-10,-1.53201524072225e-11,-2.84159979043313e-10,9.81065256708791e-11,2.84707028171578e-10,-2.43431802333892e-11,3.36596019576269e-10,2.13889974942628e-10,-2.03968385205521e-10,-1.03564857799083e-10,1.18214997658434e-10,-1.9746208474924e-10,-1.26668861541235e-10,-4.8979267368791e-11,-4.8162251463078e-10,1.57032712755577e-10,2.63573771342436e-10,-1.88891897479438e-11,-2.47083113995556e-10,1.17203741433283e-10,8.34649465041102e-11,-2.44454075317446e-10,4.89234783560493e-10,-3.17699324979637e-10,-4.63110547693256e-10,4.88526760931371e-11,3.09592171234884e-11,-2.40121413907593e-10,2.86394851028396e-10,-8.37689974537084e-11,7.58306226449688e-11,-1.54971651910646e-10,-4.11542462493413e-10,8.11467867918987e-11,-1.41065078863309e-10,4.23502142675293e-10,1.21994849734622e-11,9.92651378608017e-11,-6.9049814726789e-11,-1.90613146608515e-11,-1.09802653850236e-10,2.85240853513485e-10,3.53381452854676e-10,-2.66183610046998e-10,-2.7352058380588e-10,-1.7750428499933e-10,-3.68652673377155e-10,-3.95156519390615e-10,-1.46483873372649e-10,6.37666756596763e-10,-6.25586619044795e-12,6.11612549662229e-11,-1.02513704569396e-11,2.18190568000798e-11,-4.53270049524575e-12,-1.8126789780057e-10,-1.71876664686672e-10,1.56536177511169e-10,5.2306395535299e-11,2.37809856802147e-10,4.74244370820272e-10,9.53555239769905e-11,2.35183092106629e-10,7.4333230020935e-11,-3.49469526375494e-10,1.86457290693257e-11,3.5942620558247e-10,9.1899156932101e-12,8.79733756634798e-11,1.24405895440434e-11,-4.62959729732165e-11,1.52759060910604e-10,5.73985113559776e-10,4.54652386926749e-10,-1.74199895451867e-11,-2.4806606620169e-10,2.48542909456678e-10,-9.96993288570196e-11,-6.99299442099943e-10,-2.95048232600061e-10,-4.31242583821871e-12,2.75479388744725e-11,-8.72794219308282e-12,2.64573752108666e-10,-8.67066589318388e-14,3.3743345197071e-10,-1.5850124706253e-10,2.25828222857748e-10,-3.59220976004458e-11,1.2221798633736e-11,-2.51633776169054e-10,4.80416417709815e-10,-6.86354770427006e-10,-3.81144043832386e-10,4.35713956311472e-10,-4.35535962822699e-10,1.25267224796465e-10,3.09305076321228e-10,2.14920752955208e-10,-5.42564845678958e-10,4.480288633968e-10,-3.6998731013668e-10,2.25314173773361e-10,5.71607860894359e-11,2.79939964650736e-10,3.09161494654425e-10,2.10320485749783e-10,-2.69203525843542e-10,-2.93990430375542e-10,1.21082917915724e-10,-2.58960487073256e-11,1.67100330100093e-10,3.65669019541625e-10,-7.24047308657985e-11,-2.37028487725348e-10,2.24532814478196e-10,3.31122417744762e-10,-1.08612832492024e-10,5.29384032246571e-11,1.88240778492737e-10,-2.39055153814199e-10,1.39506825020623e-10,3.57740692293996e-10,2.78807657804817e-10,1.16538566342622e-10,1.73128206468609e-10,3.86560196878979e-10,-9.09830409730183e-11,6.72410244236577e-11,1.71836520911786e-10,2.10640702929317e-10,1.50762096069467e-11,-2.54282849934985e-10,-2.12307235754741e-10,-1.91120931550263e-10,1.90251911684635e-11,8.18053954552679e-12,-3.26271171635862e-11,-6.02556556141069e-10,-3.94608231778638e-10,2.43158352582689e-10,5.94411234932348e-10,-1.69018326405069e-10,-4.47203614247135e-12,3.46902011410425e-10,-1.54466576301315e-10,-3.59642992031985e-10,2.30990629230965e-10,1.70850096590849e-10,-1.43564930412978e-11,4.13795147990539e-10,6.92044994809231e-11,4.55935064352405e-11,2.44834522806347e-10,2.57405984844065e-10,2.33352566402047e-10,-1.73191454742011e-10,-2.5897056016047e-11,-6.36265288443501e-10,1.51360500093816e-10,-7.46453121614648e-12,1.08215534230978e-10,2.97965807124962e-10,-9.19320711239167e-11,9.27994539839252e-11,-8.31278805499743e-11,-2.17247937380236e-10,1.02779161710452e-10,-2.63760694620171e-12,3.28039111791731e-10,-2.56657421458185e-10,2.14756993877637e-10,-1.28834821006341e-10,-5.21969596890328e-10,-2.66959675433055e-10,-8.9209277451354e-11,-2.28349163370167e-11,-1.26918470278329e-10,-6.65022627623297e-11,3.64342147897415e-11,3.00092541111697e-10,4.44637392527056e-10,-6.19150412199234e-11,-2.94156694618482e-10,-1.78743894193262e-11,4.29620053449957e-10,-1.15749026630326e-10,-4.44502054634138e-10,6.36777340345406e-11,1.34404528326476e-10,1.12472955693968e-10,-2.59248055460294e-10,7.25365980830419e-10,-1.15149963716015e-10,2.68350038992781e-10,4.380669828151e-10,-1.99712390158448e-10,3.02834357277883e-10,1.76187118879651e-10,-4.37592957505873e-11,1.71430757401435e-10,-9.24155815021473e-11,6.37062377153878e-10,-1.67779658802527e-10,-1.29984724432481e-11,-3.4180799262949e-11,-3.01667820733073e-11,3.3404318313523e-10,-4.37402868037786e-11,-1.2668757597715e-10,1.1307115874677e-10,3.14903189660896e-10,5.51079468398383e-10,1.43526277962914e-10,4.62644538901749e-10,2.56076250516528e-10,-3.59826329852814e-10,-4.6375135131145e-10,-6.63203188157018e-11,2.83404984565412e-10,-1.80044376962105e-10,-2.75260060180958e-10,5.51648018425182e-10,-3.76213808790407e-10,-1.99604136015013e-10,1.65142770146323e-10,2.01842077817655e-10,-1.20648983334073e-10,4.66228993784654e-11,-2.2259376627607e-10,2.04920517307755e-10,5.94384451376504e-10,-3.27994708077086e-11,2.7811071402391e-10,4.41697513025555e-11,9.14701015907185e-11,3.52094290856702e-11,-2.91520023474984e-10,-2.91059331444417e-10,-3.26600129845617e-10,-5.72787966576503e-10,-2.47686702181279e-10,-3.45458244213377e-10,-5.33976858119088e-10,1.98004117185819e-10,-9.38290465427341e-12,8.02439029182193e-11,-1.02557808224052e-10,-7.75658013496449e-11,-3.66771720626612e-10,1.34920652708202e-10,6.45733768782768e-10,-4.28473323012163e-11,-2.19457689848824e-12,1.18138396424065e-10,-4.39782592669235e-10,-1.44136239002969e-10,-2.66859890632422e-10,-5.55046224069298e-10,-6.47571224303164e-10,1.48281814587425e-10,-2.269989513173e-11,-5.32338394382888e-11,4.08192230059325e-10,-7.72415821322943e-11,-1.83431649983245e-10,2.17066495305242e-11,-9.09106698001198e-11,3.00844141087827e-11,4.29819498866977e-10,-2.43299188211586e-11,-8.24099749855065e-11,2.26260705282378e-10,-2.3578147253565e-10,-4.84649078593562e-10,2.88249293472379e-11,-1.96840575364916e-11,1.42609634577291e-10,-1.61835904276121e-10,9.90476406389818e-11,-1.21243479865519e-10,2.79614493909801e-10,4.27860982258771e-12,-1.99217108062315e-10,-4.87179591862525e-10,1.3446775142266e-10,-2.75542914417779e-10,1.27499188822275e-10,-2.72553960615761e-11,1.93517154408584e-11,9.44973193793459e-11,4.70132489768749e-11,2.46015049219897e-10,5.9524428926436e-10,-6.49429264981458e-11,3.53030448061398e-11,-8.33324263790431e-11,7.00311399450733e-11,1.91326490111734e-10,-1.37838096380543e-10,-4.0165371795131e-10,-1.23424064048137e-10,-4.9708198586077e-11,4.66665438592959e-10,-5.4003202003028e-10,-2.59897625048635e-10,3.20396181257933e-10,-2.66055438589809e-10,-2.60474110399632e-11,-2.89322156245894e-10,-5.95050825608703e-10,1.44573472576503e-10,-2.0676075486697e-10,1.44887178810954e-12,-4.16054035829535e-10,3.13282379926361e-11,1.23571863788987e-10,1.69782586613405e-10,-1.24617529837927e-10,6.22489735994471e-10,-3.61895654018143e-10,1.74917932832633e-10,5.63112995098885e-10,1.31628393839004e-10,-3.74604350273628e-10,1.40057321323931e-10,-1.32877197030908e-10,4.81352683346437e-10,2.37848126777231e-10,-9.04971036939607e-11,1.70480537262304e-10,9.30330761649288e-11,-2.18727145001277e-11,-5.78126645514586e-11,-1.28114549250067e-10,-3.17392164612158e-10,1.48345070643899e-11,-7.12662383266359e-10,7.01281563955945e-12,-1.02444002689942e-10,1.71063045345059e-10,2.71123538225357e-10,-2.4577761872316e-10,-1.4134459886825e-10,-5.12128992674187e-10,2.66261373262636e-10,-2.22665115112603e-11,-1.51676060206499e-10,7.33913405003418e-11,-1.8151075995497e-10,3.93255514424545e-10,-5.66743285701728e-11,-3.8093048854163e-10,-1.04802770980656e-10,6.49320538919219e-10,2.80018670503279e-10,3.62512644557272e-10,2.53519824130487e-11,-1.57229790189057e-10,2.6774918853777e-10,-2.54896121328118e-10,-4.76418488202646e-11,-1.21769260226626e-10,-5.4482542779126e-10,-1.73495734044189e-10,4.18253869615007e-10,1.45803038273915e-10,-1.07606847048983e-10,-3.4378522513117e-10,-2.7707770710692e-11,1.78418352045426e-10,1.89540033995742e-10,-1.45705259362443e-10,-3.28110169119435e-10,-1.25867134677401e-10,2.93523252000762e-10,-1.53101161640568e-10,-4.37288084398531e-10,-4.66422183992475e-10,-1.27970811645861e-10,-2.19227873177345e-10,1.23192773609838e-10,2.27144175775878e-10,-5.01668430176307e-11,2.22518790313115e-11,-1.05933609005308e-10,4.00047079204962e-10,1.96431711176583e-10,2.53520858934021e-10,-3.74407368078455e-10,-1.20326007412511e-10,-1.36583605994298e-10,2.96493912437851e-10,4.2598286643875e-10,-2.13071927723539e-11,2.63974216634182e-10,-1.07976433258659e-11,-2.51692630848105e-10,3.08822001992388e-10,1.51839382172075e-10,-3.93442389622876e-10,6.40896200853413e-11,1.85027957174719e-10,-7.54953431126638e-11,-1.87894531499122e-10,-2.0194339336236e-12,1.15918670415439e-10,-2.97805421016454e-10,-6.76187301738974e-11,-8.85085988891896e-11,-7.21177808536955e-11,-3.78022482058183e-10,2.34060071644502e-10,3.83818766678854e-11,2.66121511812688e-10,-2.06887850809532e-10,-1.11527590056917e-10,1.29602122789202e-10,-3.82170194145218e-10,-7.2854073785435e-11,1.30917233750038e-10,-1.1087053304651e-10,-4.69948172782051e-11,-5.33306237503409e-12,-7.49625546389035e-11,1.27027383053675e-10,2.14545626683072e-10,2.62496231610485e-10,4.22819490194287e-11,1.67821063198801e-10,-4.33949134944692e-10,1.67004058334608e-11,6.66050718866843e-10,-2.78156593041724e-10,-3.48580285355039e-10,-6.09222038132272e-10,3.51804168596037e-10,1.50262782844853e-10,-4.13390480435151e-10,-1.43539870732314e-11,-7.43830146449798e-11,3.45600851070148e-10,-2.20399165617574e-10,-2.58297676630908e-10,-2.11102351245958e-10,4.22202029799063e-10,-2.62385905954405e-10,8.25657249107036e-10,9.27445069360307e-11,3.710194015415e-10,4.456037230084e-11,-5.5385283530295e-11,1.83822774366206e-10,-3.79007712602287e-10,2.03202846495635e-10,8.73129168630273e-11,-3.7266986189745e-11,-1.9941375575125e-10,-2.29541597236537e-10,-1.72828573396741e-10,2.41736912232608e-11,4.56557341367478e-11,4.56199568484323e-10,2.31773073535199e-10,-3.3562642942221e-10,-1.31671187935603e-10,-3.14733521931776e-10,2.01239793985692e-10,5.49438285181416e-11,1.18934206311227e-10,3.90351745262999e-10,1.13344454688138e-10,2.14820417375827e-10,-3.30643775208219e-11,2.13573349472613e-10,-2.11741113677138e-10,-1.34576130025988e-10,3.16827116084974e-10,9.55560197865495e-11,-2.26358860041592e-10,1.01407225343755e-10,3.34067676003415e-10,4.04022334016289e-11,5.7739335774721e-11,-1.66106506156143e-10,3.17111433600864e-10,1.52426132270567e-11,1.0280674383951e-10,-3.0394666792561e-10,-1.75011939153786e-11,-2.2129688973284e-10,1.08584919728827e-12,1.08240815874717e-10,-2.55125184189313e-10,-2.23362490591953e-11,-3.47235618358125e-10,-1.17749385614638e-10,-2.63151506805536e-10,-2.04453491444395e-10,-6.11198107798671e-11,-4.64967068586392e-10,-2.99552588044877e-10,1.62552743973306e-10,-4.34354313142479e-10,1.88394992048799e-10,3.45558666657739e-10,1.15473370065118e-10,-4.97406376113588e-11,-2.00523927967135e-11,2.63076399418839e-11,-3.69076954995325e-10,1.97473243166758e-10,1.04893253417367e-10,3.46669708592204e-10,2.12537706637391e-10,2.57441312460446e-10,4.3906631001307e-10,5.76489077496133e-10,4.13978325698559e-10,3.30148303123505e-10,2.31967636972276e-10,3.7183432709005e-10,5.40030918617795e-10,1.96075512474099e-10,6.8892128585409e-10,7.69312199311497e-10,8.74364530713932e-10,6.37581246689247e-10,7.88922659794631e-10,1.61211382429173e-09,9.65412374368697e-10,8.05826973641348e-10,7.20172322611507e-10,9.40147925294927e-10,7.13886492646186e-10,1.54649076250849e-09,9.5247762123998e-10,1.29563217751064e-09,7.94480299536652e-10,1.3049518032081e-09,1.43080711300463e-09,1.32053442869737e-09,1.43524052554741e-09,2.05758099834823e-09,1.6815919146626e-09,1.76715674297798e-09,2.23454729121983e-09,2.35730287015153e-09,2.13457978766929e-09,2.36385480301753e-09,2.05152545415034e-09,2.28396295392671e-09,2.58468651284369e-09,2.87259655866995e-09,2.94183318877194e-09,3.10601468698884e-09,3.06315789094685e-09,3.37206325735526e-09,3.98002355110238e-09,3.99283746216057e-09,4.04246040068595e-09,4.30404846591826e-09,4.66657018591954e-09,4.80128991389704e-09,4.87452242794726e-09,5.44711303012827e-09,5.35556558517937e-09,5.56799091098013e-09,6.07431721619521e-09,6.49903200385021e-09,6.58778247130219e-09,7.15113589571128e-09,6.88705099124712e-09,7.68447487786602e-09,7.59929696117201e-09,8.25449224982615e-09,8.63706640136359e-09,8.82446487855094e-09,9.66915089794816e-09,9.86857714313064e-09,1.02254200902344e-08,1.08569877710283e-08,1.10991975944592e-08,1.21605443592121e-08,1.25038109758528e-08,1.32471912535467e-08,1.36138235173145e-08,1.37672901445904e-08,1.47967638067156e-08,1.57446060259964e-08,1.63827070832798e-08,1.67863990815749e-08,1.83458342686493e-08,1.93540651685242e-08,1.98133813786466e-08,2.1147076104267e-08,2.23891683167879e-08
