v,0.25
Patm,100000
g,9.81
r,500
G,10^9.15
rho,2300
mu,10^3.73
rc,11
 
M,10^4.86
sigma,0.25
 
tilt_erupt,17.1612nrad
 
-1497,-1496,-1495,-1494,-1493,-1492,-1491,-1490,-1489,-1488,-1487,-1486,-1485,-1484,-1483,-1482,-1481,-1480,-1479,-1478,-1477,-1476,-1475,-1474,-1473,-1472,-1471,-1470,-1469,-1468,-1467,-1466,-1465,-1464,-1463,-1462,-1461,-1460,-1459,-1458,-1457,-1456,-1455,-1454,-1453,-1452,-1451,-1450,-1449,-1448,-1447,-1446,-1445,-1444,-1443,-1442,-1441,-1440,-1439,-1438,-1437,-1436,-1435,-1434,-1433,-1432,-1431,-1430,-1429,-1428,-1427,-1426,-1425,-1424,-1423,-1422,-1421,-1420,-1419,-1418,-1417,-1416,-1415,-1414,-1413,-1412,-1411,-1410,-1409,-1408,-1407,-1406,-1405,-1404,-1403,-1402,-1401,-1400,-1399,-1398,-1397,-1396,-1395,-1394,-1393,-1392,-1391,-1390,-1389,-1388,-1387,-1386,-1385,-1384,-1383,-1382,-1381,-1380,-1379,-1378,-1377,-1376,-1375,-1374,-1373,-1372,-1371,-1370,-1369,-1368,-1367,-1366,-1365,-1364,-1363,-1362,-1361,-1360,-1359,-1358,-1357,-1356,-1355,-1354,-1353,-1352,-1351,-1350,-1349,-1348,-1347,-1346,-1345,-1344,-1343,-1342,-1341,-1340,-1339,-1338,-1337,-1336,-1335,-1334,-1333,-1332,-1331,-1330,-1329,-1328,-1327,-1326,-1325,-1324,-1323,-1322,-1321,-1320,-1319,-1318,-1317,-1316,-1315,-1314,-1313,-1312,-1311,-1310,-1309,-1308,-1307,-1306,-1305,-1304,-1303,-1302,-1301,-1300,-1299,-1298,-1297,-1296,-1295,-1294,-1293,-1292,-1291,-1290,-1289,-1288,-1287,-1286,-1285,-1284,-1283,-1282,-1281,-1280,-1279,-1278,-1277,-1276,-1275,-1274,-1273,-1272,-1271,-1270,-1269,-1268,-1267,-1266,-1265,-1264,-1263,-1262,-1261,-1260,-1259,-1258,-1257,-1256,-1255,-1254,-1253,-1252,-1251,-1250,-1249,-1248,-1247,-1246,-1245,-1244,-1243,-1242,-1241,-1240,-1239,-1238,-1237,-1236,-1235,-1234,-1233,-1232,-1231,-1230,-1229,-1228,-1227,-1226,-1225,-1224,-1223,-1222,-1221,-1220,-1219,-1218,-1217,-1216,-1215,-1214,-1213,-1212,-1211,-1210,-1209,-1208,-1207,-1206,-1205,-1204,-1203,-1202,-1201,-1200,-1199,-1198,-1197,-1196,-1195,-1194,-1193,-1192,-1191,-1190,-1189,-1188,-1187,-1186,-1185,-1184,-1183,-1182,-1181,-1180,-1179,-1178,-1177,-1176,-1175,-1174,-1173,-1172,-1171,-1170,-1169,-1168,-1167,-1166,-1165,-1164,-1163,-1162,-1161,-1160,-1159,-1158,-1157,-1156,-1155,-1154,-1153,-1152,-1151,-1150,-1149,-1148,-1147,-1146,-1145,-1144,-1143,-1142,-1141,-1140,-1139,-1138,-1137,-1136,-1135,-1134,-1133,-1132,-1131,-1130,-1129,-1128,-1127,-1126,-1125,-1124,-1123,-1122,-1121,-1120,-1119,-1118,-1117,-1116,-1115,-1114,-1113,-1112,-1111,-1110,-1109,-1108,-1107,-1106,-1105,-1104,-1103,-1102,-1101,-1100,-1099,-1098,-1097,-1096,-1095,-1094,-1093,-1092,-1091,-1090,-1089,-1088,-1087,-1086,-1085,-1084,-1083,-1082,-1081,-1080,-1079,-1078,-1077,-1076,-1075,-1074,-1073,-1072,-1071,-1070,-1069,-1068,-1067,-1066,-1065,-1064,-1063,-1062,-1061,-1060,-1059,-1058,-1057,-1056,-1055,-1054,-1053,-1052,-1051,-1050,-1049,-1048,-1047,-1046,-1045,-1044,-1043,-1042,-1041,-1040,-1039,-1038,-1037,-1036,-1035,-1034,-1033,-1032,-1031,-1030,-1029,-1028,-1027,-1026,-1025,-1024,-1023,-1022,-1021,-1020,-1019,-1018,-1017,-1016,-1015,-1014,-1013,-1012,-1011,-1010,-1009,-1008,-1007,-1006,-1005,-1004,-1003,-1002,-1001,-1000,-999,-998,-997,-996,-995,-994,-993,-992,-991,-990,-989,-988,-987,-986,-985,-984,-983,-982,-981,-980,-979,-978,-977,-976,-975,-974,-973,-972,-971,-970,-969,-968,-967,-966,-965,-964,-963,-962,-961,-960,-959,-958,-957,-956,-955,-954,-953,-952,-951,-950,-949,-948,-947,-946,-945,-944,-943,-942,-941,-940,-939,-938,-937,-936,-935,-934,-933,-932,-931,-930,-929,-928,-927,-926,-925,-924,-923,-922,-921,-920,-919,-918,-917,-916,-915,-914,-913,-912,-911,-910,-909,-908,-907,-906,-905,-904,-903,-902,-901,-900,-899,-898,-897,-896,-895,-894,-893,-892,-891,-890,-889,-888,-887,-886,-885,-884,-883,-882,-881,-880,-879,-878,-877,-876,-875,-874,-873,-872,-871,-870,-869,-868,-867,-866,-865,-864,-863,-862,-861,-860,-859,-858,-857,-856,-855,-854,-853,-852,-851,-850,-849,-848,-847,-846,-845,-844,-843,-842,-841,-840,-839,-838,-837,-836,-835,-834,-833,-832,-831,-830,-829,-828,-827,-826,-825,-824,-823,-822,-821,-820,-819,-818,-817,-816,-815,-814,-813,-812,-811,-810,-809,-808,-807,-806,-805,-804,-803,-802,-801,-800,-799,-798,-797,-796,-795,-794,-793,-792,-791,-790,-789,-788,-787,-786,-785,-784,-783,-782,-781,-780,-779,-778,-777,-776,-775,-774,-773,-772,-771,-770,-769,-768,-767,-766,-765,-764,-763,-762,-761,-760,-759,-758,-757,-756,-755,-754,-753,-752,-751,-750,-749,-748,-747,-746,-745,-744,-743,-742,-741,-740,-739,-738,-737,-736,-735,-734,-733,-732,-731,-730,-729,-728,-727,-726,-725,-724,-723,-722,-721,-720,-719,-718,-717,-716,-715,-714,-713,-712,-711,-710,-709,-708,-707,-706,-705,-704,-703,-702,-701,-700,-699,-698,-697,-696,-695,-694,-693,-692,-691,-690,-689,-688,-687,-686,-685,-684,-683,-682,-681,-680,-679,-678,-677,-676,-675,-674,-673,-672,-671,-670,-669,-668,-667,-666,-665,-664,-663,-662,-661,-660,-659,-658,-657,-656,-655,-654,-653,-652,-651,-650,-649,-648,-647,-646,-645,-644,-643,-642,-641,-640,-639,-638,-637,-636,-635,-634,-633,-632,-631,-630,-629,-628,-627,-626,-625,-624,-623,-622,-621,-620,-619,-618,-617,-616,-615,-614,-613,-612,-611,-610,-609,-608,-607,-606,-605,-604,-603,-602,-601,-600,-599,-598,-597,-596,-595,-594,-593,-592,-591,-590,-589,-588,-587,-586,-585,-584,-583,-582,-581,-580,-579,-578,-577,-576,-575,-574,-573,-572,-571,-570,-569,-568,-567,-566,-565,-564,-563,-562,-561,-560,-559,-558,-557,-556,-555,-554,-553,-552,-551,-550,-549,-548,-547,-546,-545,-544,-543,-542,-541,-540,-539,-538,-537,-536,-535,-534,-533,-532,-531,-530,-529,-528,-527,-526,-525,-524,-523,-522,-521,-520,-519,-518,-517,-516,-515,-514,-513,-512,-511,-510,-509,-508,-507,-506,-505,-504,-503,-502,-501,-500,-499,-498,-497,-496,-495,-494,-493,-492,-491,-490,-489,-488,-487,-486,-485,-484,-483,-482,-481,-480,-479,-478,-477,-476,-475,-474,-473,-472,-471,-470,-469,-468,-467,-466,-465,-464,-463,-462,-461,-460,-459,-458,-457,-456,-455,-454,-453,-452,-451,-450,-449,-448,-447,-446,-445,-444,-443,-442,-441,-440,-439,-438,-437,-436,-435,-434,-433,-432,-431,-430,-429,-428,-427,-426,-425,-424,-423,-422,-421,-420,-419,-418,-417,-416,-415,-414,-413,-412,-411,-410,-409,-408,-407,-406,-405,-404,-403,-402,-401,-400,-399,-398,-397,-396,-395,-394,-393,-392,-391,-390,-389,-388,-387,-386,-385,-384,-383,-382,-381,-380,-379,-378,-377,-376,-375,-374,-373,-372,-371,-370,-369,-368,-367,-366,-365,-364,-363,-362,-361,-360,-359,-358,-357,-356,-355,-354,-353,-352,-351,-350,-349,-348,-347,-346,-345,-344,-343,-342,-341,-340,-339,-338,-337,-336,-335,-334,-333,-332,-331,-330,-329,-328,-327,-326,-325,-324,-323,-322,-321,-320,-319,-318,-317,-316,-315,-314,-313,-312,-311,-310,-309,-308,-307,-306,-305,-304,-303,-302,-301,-300,-299,-298,-297,-296,-295,-294,-293,-292,-291,-290,-289,-288,-287,-286,-285,-284,-283,-282,-281,-280,-279,-278,-277,-276,-275,-274,-273,-272,-271,-270,-269,-268,-267,-266,-265,-264,-263,-262,-261,-260,-259,-258,-257,-256,-255,-254,-253,-252,-251,-250,-249,-248,-247,-246,-245,-244,-243,-242,-241,-240,-239,-238,-237,-236,-235,-234,-233,-232,-231,-230,-229,-228,-227,-226,-225,-224,-223,-222,-221,-220,-219,-218,-217,-216,-215,-214,-213,-212,-211,-210,-209,-208,-207,-206,-205,-204,-203,-202,-201,-200,-199,-198,-197,-196,-195,-194,-193,-192,-191,-190,-189,-188,-187,-186,-185,-184,-183,-182,-181,-180,-179,-178,-177,-176,-175,-174,-173,-172,-171,-170,-169,-168,-167,-166,-165,-164,-163,-162,-161,-160,-159,-158,-157,-156,-155,-154,-153,-152,-151,-150,-149,-148,-147,-146,-145,-144,-143,-142,-141,-140,-139,-138,-137,-136,-135,-134,-133,-132,-131,-130,-129,-128,-127,-126,-125,-124,-123,-122,-121,-120,-119,-118,-117,-116,-115,-114,-113,-112,-111,-110,-109,-108,-107,-106,-105,-104,-103,-102,-101,-100,-99,-98,-97,-96,-95,-94,-93,-92,-91,-90,-89,-88,-87,-86,-85,-84,-83,-82,-81,-80,-79,-78,-77,-76,-75,-74,-73,-72,-72,-71,-70,-69,-68,-67,-66,-65,-64,-63,-62,-61,-60,-59,-58,-57,-56,-55,-54,-53,-52,-51,-50,-49,-48,-47,-46,-45,-44,-43,-42,-41,-40,-39,-38,-37,-36,-35,-34,-33,-32,-31,-30,-29,-28,-27,-26,-25,-24,-23,-22,-21,-20,-19,-18,-17,-16,-15,-14,-13,-12,-11,-10,-9,-8,-7,-6,-5,-4,-3,-2,-1,0
5.37234777477897e-11,-7.80436213018783e-10,-1.23866183552202e-12,1.17596660236407e-10,-5.62577885746097e-10,2.877370022336e-11,-1.28157955930671e-11,-2.64211924172849e-10,4.43238425831467e-10,4.23845674860002e-10,5.18184694853661e-11,-4.39607499744e-10,-6.70434630091425e-11,-5.2664796940828e-11,4.41307861527179e-11,-6.06659175796553e-12,3.91450377733867e-10,5.8240154034153e-11,1.8456501546031e-11,-3.1030880221536e-10,-4.49183347118898e-11,2.29169547986486e-10,3.01678684511112e-10,-4.1505988886815e-10,8.82076702730767e-11,3.42289133141247e-10,3.41808315038141e-10,-1.61577032163832e-10,2.56847092033972e-10,-3.43396204526181e-11,6.5448560947934e-11,-2.39269212436156e-10,-1.42873178765204e-10,7.26221658452308e-11,-4.22194674536414e-10,-1.2235744193726e-10,-5.51645592492742e-10,-2.71809823501156e-10,-1.71718795966722e-10,-2.57319968248726e-10,-2.01009433018085e-11,-3.07171322700264e-10,2.78999744248666e-10,1.9560237837335e-10,1.70356424277021e-10,-3.05622696253894e-10,-2.75927925094894e-10,-3.57817158699782e-11,3.35653967559697e-10,3.31325399636536e-11,-2.23738187217058e-11,-1.57596886079472e-10,8.97857884583753e-11,4.59456391218274e-10,-1.85741450394395e-10,7.53742061390569e-11,3.61520373221174e-10,-7.54153445820742e-11,-2.88709124196281e-10,2.29436411391245e-10,2.91423375958485e-10,2.05760498585452e-11,1.34175449321197e-10,-2.70002795226855e-10,-1.31298653879611e-10,6.75526556458818e-10,8.39655492784573e-11,-9.58316374175875e-11,-1.8860580563359e-10,8.77959344095436e-11,1.59489392285446e-11,1.47731376485032e-10,2.11494911591747e-12,-5.37617564829118e-10,1.87056824130129e-10,9.26791733951305e-11,-2.64164898327709e-10,-9.4452754062251e-11,3.84646758956695e-10,-2.83868692404218e-12,5.92150338910633e-10,1.83812586068776e-10,1.17923872596599e-10,-1.47745733054905e-11,2.55841224821828e-10,2.47630350603605e-10,4.65512174716725e-10,2.89490520944366e-10,2.01094339173005e-10,-3.90590597356349e-10,2.73143639719382e-11,-2.50759323906112e-10,5.04405522417038e-12,1.46935248116809e-10,3.08150465427567e-10,1.25994804668402e-10,-1.72352115868089e-10,-1.51130479531161e-10,1.75573136548137e-10,2.4120287891821e-10,1.50277438243634e-11,-4.714619945357e-11,4.16258991864831e-11,8.44142790216703e-11,-1.91669665877631e-10,5.40794405969426e-10,1.73529187131448e-10,3.71161202648073e-11,1.59234511227799e-10,4.33213849197356e-10,1.06128816094149e-10,2.94295882635117e-10,-2.89587666740781e-10,-1.12818526973012e-10,2.2730691257794e-10,-2.58539900804303e-10,-1.61797185376976e-10,-5.37757602134724e-12,-1.67950511789089e-10,1.68497264814203e-10,1.68604097259352e-10,-1.59685250959222e-10,6.1092473283696e-11,-2.23976619747024e-11,-3.70697764626484e-10,5.64846879067903e-11,-1.31993588719521e-10,2.53108524721082e-10,1.96723964677181e-10,-3.11214465413716e-10,3.30368645841358e-12,-1.25749387104446e-10,3.98870549629335e-10,2.21345858457109e-10,2.11971162014716e-10,-3.61658783334293e-10,3.48580713137523e-11,-3.09239312299086e-10,1.33189452390493e-10,-7.38547227260636e-10,-1.16028981645219e-10,-1.05472030389715e-10,-7.70336105512216e-11,2.99054491095163e-10,-1.32567323075739e-10,1.41310409621214e-10,-2.72927833245604e-11,6.69995431076564e-11,-5.92838375900038e-11,-2.43630101482054e-10,2.20223362100509e-10,-2.17498900460127e-10,-1.66590675205345e-10,1.21682859386657e-10,-2.53262131868402e-12,2.52540386067677e-10,2.23980770508477e-10,1.93522779249858e-11,9.11403288858669e-11,5.09389054491182e-10,4.6170257957198e-11,-1.34900077991392e-10,-2.45724999274301e-10,1.30508355650771e-10,4.86299266464957e-10,4.30818873564735e-10,-4.24426673855393e-10,1.87153706862436e-10,1.67157858240733e-10,1.60445184310943e-10,-5.59358526026001e-10,3.51810581336242e-10,1.38342525802065e-10,1.58840535542485e-10,9.93276050804986e-11,1.2901599092168e-10,-8.81613247987738e-11,5.18927824877343e-11,1.49520343106204e-10,1.17587525597109e-10,-6.73770941727041e-11,1.9479552168762e-10,-8.31211679589732e-11,8.784611681597e-11,-2.44638409265092e-10,1.04619698718483e-10,2.85689030675273e-10,3.14186870145632e-10,1.23609632382773e-11,-2.92917326413622e-10,1.4601489467542e-10,-5.0674970280001e-10,-6.26367519772609e-11,-5.49285247071551e-10,4.06212740608099e-10,1.43568211194769e-10,6.83314895333157e-10,-8.89099469963321e-11,-2.92270007275821e-10,-9.52891864810065e-11,2.5550999387194e-10,-5.32499170694292e-10,-3.61944658475158e-10,-9.53545957263728e-11,-1.5833295582132e-12,-2.06272732046967e-10,3.28675449861768e-10,1.92370746817638e-10,1.2910127319679e-10,3.08304791268888e-10,4.56039434090978e-10,-3.77121453709233e-11,4.77774032618e-10,-1.37627081482322e-10,1.58562016113794e-11,3.16763235570903e-11,-2.02850075909952e-11,-1.59323491242714e-10,2.27555338310139e-10,-4.25369634620083e-10,-4.2720753715814e-11,1.18753751959723e-10,-1.68363728576272e-10,-7.55350447384099e-11,3.26403318920002e-10,2.91652690564042e-10,5.20445700172039e-11,1.58673147263447e-10,-3.95595865738508e-10,-4.67011019675888e-10,-1.82443600717264e-11,-8.34704479356792e-11,5.97177701247456e-10,-2.07560597465866e-10,-2.61089296122601e-10,1.45895596029729e-11,-3.8379366377703e-10,2.40668451284154e-10,-1.35746296692425e-10,-6.81160607597025e-11,-1.28987247896414e-10,1.6415377501701e-10,1.28444062576031e-10,3.96026882331693e-10,2.4567929898586e-10,1.64376830623493e-10,1.03692596257141e-10,1.17499107602012e-10,1.90172709740631e-11,-1.11894860605384e-10,-6.29739981236179e-10,-2.75087604341127e-10,1.52669820518223e-10,-3.14771174978037e-11,-4.00783594271296e-10,2.05176604427926e-10,7.88936929566438e-12,-8.79227733791345e-12,-3.09199182671607e-10,1.87153305499628e-10,2.92668755563454e-10,-3.36591980952689e-10,-3.02693646674778e-10,5.03742384784897e-10,6.87538688816683e-10,-6.07383115865465e-11,-4.65909090676822e-11,3.47180823736937e-10,8.06976774875915e-10,-6.74158991150754e-11,-1.06019562868274e-10,-5.48483940897895e-11,-5.38328048513944e-10,2.26326378475893e-10,-1.4646588893104e-11,-5.29303664283054e-11,5.74084795668274e-10,-2.37219016300564e-10,-2.1335416228381e-10,-1.51211418132923e-10,-1.78738773321278e-10,-8.54640043135709e-10,5.06843095979993e-11,-4.71727194519576e-10,-1.5577114533394e-10,2.41825900908588e-10,-3.18915145541271e-11,-2.10400580379445e-10,1.4249185553438e-11,-1.09475503552161e-10,2.11833757069098e-10,1.84976111036761e-10,1.84950372597165e-10,-4.05053756254601e-11,1.83873681702813e-10,2.01382209221061e-10,-3.16020830571433e-10,2.14328283687867e-10,-2.24187515445713e-10,3.12350224605367e-10,2.38533896432928e-10,-1.67649796685712e-10,1.29747385622654e-11,4.73975560186966e-11,-4.15331181684151e-11,-2.91916925158363e-10,-1.33498237619518e-10,2.50689827523979e-11,5.95738728210232e-10,-3.94458228763538e-10,-2.98240323832979e-10,7.38119032746883e-10,3.21466502000481e-10,3.79411657874153e-10,5.31551268395563e-10,-3.42076375646212e-10,4.24135445516514e-10,-2.07653582476251e-10,-5.10127522686727e-10,-6.74966226798109e-11,2.26294182602856e-11,-2.68427207246091e-10,-1.18639150944754e-10,-5.85453975232673e-10,1.69055787472524e-10,4.93425727596387e-10,-2.49661494060534e-10,-2.15081870371346e-10,5.63423577164473e-11,-4.17150169543133e-10,-2.33922149675895e-10,3.60240293297484e-10,-2.88359105651175e-10,4.4804912535661e-11,2.19115199506843e-10,8.16453900867926e-11,4.21159193004543e-10,3.64846849341148e-10,-4.12613539390399e-10,-2.36948265600076e-10,-4.24224759632557e-10,-2.39475744194823e-10,-4.28114190256209e-10,1.03004399464966e-10,-8.07112469885544e-11,-4.73465899540552e-10,-2.62127177859567e-11,-4.35197771965377e-10,-3.73142186935244e-10,1.57102277055314e-10,-5.39878808589992e-11,4.16222075278114e-11,-1.61186717024734e-10,-8.4394812768499e-11,2.16910906345692e-10,-9.01727038251109e-11,-5.62879567110769e-10,1.75993809791189e-10,-1.86975013842553e-10,1.42791682618812e-10,-3.98998837500038e-11,-2.3406160964153e-10,-1.63874439820561e-10,-1.2994468574687e-10,-7.908879359916e-11,-1.06367536562632e-10,4.31067161309841e-11,3.64258045077171e-10,-1.70233327626493e-10,-2.92611602459502e-11,2.45190402883342e-10,2.98913944832548e-10,7.07738047111052e-10,5.87525527566518e-11,-2.05092369069178e-12,1.9974226852845e-10,2.40456548036761e-10,-4.67873554641248e-10,2.8513362564277e-10,-7.75148281831916e-10,-8.64462526193591e-10,8.71256083697039e-11,1.60371222904565e-10,1.74549313460935e-12,-9.37580828708674e-11,5.84041484318877e-11,2.63785805802363e-10,-3.10141222768865e-10,1.50178900507698e-10,-3.08646906682924e-10,-3.1475288054493e-10,-1.70305004343127e-10,2.92779136418667e-10,1.66140254153063e-10,2.98861200530629e-10,-7.87681938842326e-11,-2.60924200997354e-10,3.48145024652816e-10,-2.8573643398606e-10,8.84140182148586e-11,5.5004684085449e-10,5.14353002046651e-11,1.83037288773288e-10,5.40454309257794e-11,-3.33763319717152e-10,1.93401621592868e-11,-1.91450469394089e-10,1.17702517286832e-10,-1.35656010386617e-10,-1.5218872507478e-10,-1.01453632502293e-10,3.70025778289581e-10,9.56639901815941e-11,-3.46379221597931e-10,2.92400573856393e-10,2.11647914894442e-10,5.37119034760397e-10,2.12468848613876e-10,-3.98165598890043e-10,-1.26363121480447e-11,3.16712207581032e-10,1.83420517790155e-10,1.22061791013366e-10,-1.31744816029465e-10,-1.17302458943428e-10,1.41853621404368e-10,1.34012815615827e-10,-1.89184410476232e-10,-2.99697062887189e-10,-2.73381866589266e-10,-1.08453093526063e-11,2.10533184936693e-10,-3.40826594105733e-10,2.191228444245e-10,1.54051776764628e-10,-4.66034062365013e-10,2.37857086931102e-11,1.1392462523692e-10,1.90880723394381e-11,-9.63381661316043e-11,1.80334666226169e-10,4.58544249500505e-10,-3.92960550869959e-10,7.11898607838762e-11,3.33493330265273e-10,3.5249123677409e-10,5.51460153018462e-11,-1.2771142380063e-11,-3.9242048435125e-10,5.86348384814491e-11,-8.44380763299922e-11,2.82911519786488e-10,-2.17717739018e-10,-1.73257573667123e-10,-2.81928166987574e-10,2.0809051976936e-10,-4.62827331470134e-10,5.30975149482198e-11,2.90266603786636e-10,2.51642193691453e-10,-4.74137729071006e-11,3.25906622093753e-10,7.41284832730498e-11,1.06692334535072e-10,-2.66652134839734e-10,-1.024923154553e-10,-5.29792495763718e-10,1.49457188771611e-10,2.72787248676559e-10,-9.16547850517306e-11,-2.07184426974751e-10,-2.18119625128338e-11,-1.20705287877207e-10,-2.15712977631425e-10,-8.90769748066119e-11,1.21715031182534e-10,8.84237435560182e-11,3.43348482329567e-10,7.0540815960978e-11,-8.11127731872375e-11,3.10215752091212e-11,-1.52894079187898e-10,-1.9567181945183e-10,-2.23986331708516e-10,8.67555469152251e-11,-5.23044628350122e-10,-9.35918395964339e-12,-2.37138535601364e-10,-4.9070003689504e-11,-3.27073398770819e-11,-3.77573229679787e-11,-5.75461976731728e-11,1.11160895994873e-10,-3.5909679506668e-10,8.45141328824571e-11,-5.04769905508122e-10,-1.69139535745714e-10,7.14966085661541e-10,-2.0251520165608e-10,-4.51754892722509e-10,-2.39076539369791e-10,3.58241777797711e-10,-1.99242609136012e-10,-4.14291809155724e-10,-1.35604109236109e-10,-1.48193535088376e-10,3.00164792863726e-12,-2.72162263817436e-11,7.21365877880917e-11,4.35128115291634e-11,-9.66473442509618e-11,2.77531434699735e-10,-1.20877329865865e-10,2.06018221907835e-10,-2.61889950521634e-10,-4.89076335503901e-11,5.03219400921414e-11,-3.47066345654874e-10,-2.60145787797935e-10,-1.23327952280382e-10,-5.89066511049279e-11,-2.69197063395745e-10,-3.96143291307791e-11,2.10583306512582e-10,-6.57464732278052e-11,-3.85016064165442e-11,-1.31932466040596e-10,2.82214759762811e-10,1.00109119489285e-10,-1.51833118421144e-11,1.69226346498925e-12,4.42592484415673e-10,3.60072304679521e-10,2.95379350973458e-10,1.99344936968511e-10,-2.64369237635341e-10,-3.55179829092051e-10,6.26961824187323e-11,2.11662856472153e-10,7.26865853249008e-12,-2.21314611843217e-11,2.71661518571378e-10,5.0945005441303e-10,1.93954149481636e-10,-2.42474586237468e-10,3.33868594326954e-10,-4.01508913738038e-11,9.12649210413969e-11,2.41780920166866e-10,-1.41249059568925e-11,-4.94100591004302e-10,-2.22112021826477e-10,-2.81044071933475e-11,-1.44484589686627e-10,4.72670015594173e-11,7.87138522803426e-11,4.05212352031921e-10,-4.19410517273482e-10,2.20418048036638e-10,-1.5294351984343e-10,3.17644386748473e-11,3.58129079945501e-10,1.32761942246249e-10,2.09192610163568e-10,4.78601343803954e-10,1.9214968128112e-10,1.91390870051199e-10,-1.09511467686187e-10,-3.26853808992402e-10,-9.53979177163613e-11,-2.99911514257449e-10,-1.85019085151835e-10,1.34344909742335e-10,-9.22369508472177e-11,-4.61205105516713e-10,2.3108207955042e-10,-5.60707003850244e-11,-3.24705144495366e-10,-3.99179451477277e-10,-5.95284231938131e-11,-4.30965816718459e-11,-2.54869237708465e-10,-2.09240052978277e-10,2.38704354908326e-10,2.23727630194494e-10,5.4581198835034e-12,-1.36624222186841e-10,2.02760865671574e-10,6.51142642666957e-10,-2.25088264613084e-11,1.47399946142528e-10,-2.73312492208147e-10,-1.39919602432925e-10,-3.07097509917754e-10,-6.86807001500453e-11,5.58594351730648e-10,6.04218847367048e-10,-3.73587969575142e-10,5.95489968698448e-11,8.52000454306002e-11,3.71887821702672e-10,-4.18547188660425e-10,-5.89581994764498e-11,-4.91582423337376e-11,1.12308932895134e-10,9.47222018593807e-11,-2.70540924060844e-12,-1.7192900628778e-10,1.00704461027202e-10,7.71940913483806e-11,6.98686876920171e-11,-1.71152522224269e-10,2.26335479242493e-10,-8.07163643215485e-11,-1.54672708102093e-10,-1.91819886357727e-10,1.44045760614097e-10,2.81158940412887e-10,-3.27812599045681e-10,1.84147144158081e-10,-1.74427807383435e-10,-3.48523093437187e-10,1.51372216864024e-10,-3.31590071988617e-10,1.98316173317932e-10,-1.19299710974015e-11,5.89208525273175e-11,-2.58355422646535e-10,5.23075991722188e-11,6.6423184414691e-10,2.43917645925001e-10,-1.82278847951438e-10,-1.44647524455748e-10,-4.51537661029332e-12,4.55498299942839e-11,-3.70160997300358e-10,3.08402839043644e-10,-9.36559154830049e-11,1.74570555450201e-10,4.13318722153945e-10,1.70888430416187e-10,-2.73531151885923e-10,-7.11489475767153e-11,-3.25724025052601e-10,3.06441781280738e-10,3.12554069256214e-11,1.06875518042199e-10,-1.21193043369638e-10,3.78144446927089e-10,-2.60560625857639e-11,1.90240937079059e-10,2.89618147535704e-10,2.4840115848024e-10,-1.63414036127298e-10,8.04082463571603e-11,-1.07206571086872e-10,5.65714422999369e-11,-1.86259690715949e-10,3.46574962698832e-10,5.4982805709616e-10,-9.65947701666169e-11,-8.96092326738856e-11,1.09089633459976e-10,1.63806803986573e-11,1.58697131905733e-10,1.08317610133449e-11,2.40237282568506e-11,1.25573925909593e-10,-3.67205863601733e-10,-2.88898920891411e-10,3.37426074092095e-10,2.60101028767677e-11,6.9705050346588e-11,7.5981797356543e-11,4.65974882136047e-10,2.04151027274145e-10,-9.65836423139636e-11,-2.78063184658955e-10,-4.93188144751379e-10,-1.65433985138012e-10,1.5816503410038e-10,1.09767122911294e-10,2.54857830285628e-11,-1.66907363393611e-10,1.08573302529239e-10,2.14880932247914e-11,-7.87113153231165e-11,-1.38155674334793e-10,-1.11938000487614e-10,1.47129475397393e-10,3.65801239156033e-11,-3.23869405955297e-10,1.85034829215235e-10,-3.2946827620549e-10,-4.92342069491202e-11,3.69262510415194e-11,-2.63503974321549e-10,6.85175325792738e-10,-1.52118916979777e-10,-1.10776106218595e-10,2.2899126211114e-10,5.23315829246095e-10,-3.06968398524834e-12,-8.16483992954896e-11,-4.47081900938496e-11,-1.16191585393928e-10,-9.90056179205329e-11,9.60627262549647e-11,-2.80077938265115e-10,1.45995672011855e-10,8.48876440733684e-12,-1.09238219901493e-11,-1.82408787849448e-10,5.9185555523072e-11,1.29917137463862e-10,-4.2843134715719e-10,-2.52483122589048e-10,7.87789471912703e-12,-2.17670805742825e-10,-2.40564720517433e-10,1.35997200948103e-10,-6.52676163031889e-11,1.69622685503025e-10,-1.32390575100852e-11,-2.06418787598688e-10,1.79136691607151e-10,-2.16846811998714e-10,-2.1713170824902e-11,-1.67284101300226e-11,1.5504396559254e-11,-3.91263609736343e-10,-2.74878104203943e-10,-7.37651313277789e-11,6.65330064015298e-11,1.70670515157654e-10,-2.1524683256738e-10,2.31968947742014e-10,7.54432958546342e-11,1.47480917533876e-10,8.28460802778246e-11,-2.37217932723748e-10,-4.73750485703097e-10,2.84949723146103e-10,-1.31272551679664e-10,2.3090270019766e-11,-8.03904747473584e-11,-5.167958285527e-11,1.1792504754914e-10,-8.67410653200934e-12,-7.20128512034222e-11,1.70445228114379e-10,1.76848650688045e-10,-1.14091692648537e-10,-4.8793567959505e-11,-1.05376395544365e-10,-6.21215724760212e-11,-1.26244258695542e-10,-4.56546917434972e-11,-9.8543588547795e-11,-8.02173436833698e-11,4.32999401559116e-11,-3.82461942869575e-10,-5.27088591155711e-10,-2.49030007222498e-10,4.86060994751184e-13,-1.51734479666546e-10,-1.78146463045263e-10,8.11623735633356e-11,3.41536969120754e-10,1.82976452917703e-10,1.05242827001878e-10,-5.52724983354764e-10,1.69124514221436e-11,2.29316290848519e-10,-9.95865017310509e-11,-1.14272686251118e-10,-7.14146189066229e-10,-3.30529378953141e-10,-1.47533835197629e-10,-8.6364091098178e-11,2.65845565967012e-10,4.55534307349829e-10,-5.61765527111845e-11,3.21455798193371e-10,6.4197358897223e-11,-7.57308905052506e-11,4.48048801429701e-10,4.2123282646655e-10,-1.74402160210684e-11,5.29268709685542e-10,3.63178283512602e-11,2.08640993316221e-10,3.81587779294093e-10,-2.96695826162682e-10,3.63050582344326e-10,9.83321887407641e-11,-1.4551041411139e-10,-6.20492778425592e-10,-2.04301259052376e-10,1.89688783739922e-10,-1.26189295746586e-10,1.05239276229029e-10,-2.24091980349635e-10,-2.25910290351608e-11,-1.1655380751579e-10,3.37345512418009e-10,1.91682469561191e-10,-3.13610521665018e-11,-4.62642316692206e-10,2.42141877280468e-10,-2.99540840328991e-10,-1.01905622831764e-10,1.98735744517608e-10,1.55425216991525e-10,7.22727132482391e-12,9.18937550334099e-11,-4.88105416680564e-11,4.06055493030094e-11,-2.63492817953874e-10,-2.07236911598421e-10,-2.72685456604368e-11,6.61867675209511e-11,1.22915958557728e-10,4.30204027313279e-10,-8.9163756641781e-11,-3.6060736813443e-10,7.54920058105873e-11,5.32134565947227e-10,2.09295555793378e-11,6.83564169764786e-11,-1.34407821893599e-10,-1.71500597092795e-10,3.24213035282144e-11,1.54659739488713e-10,-6.536455461864e-10,-4.04726594095178e-10,-4.7494907244447e-10,-2.39315186028616e-11,-1.35311508701357e-10,6.85310618061155e-11,8.50320803119974e-11,-2.09003980009165e-10,-1.28600049639175e-10,-4.30460436792211e-11,-2.52585641234833e-10,-4.57531891474808e-10,-2.63195259659476e-10,1.12897900235096e-10,2.11170181132831e-10,7.10231577958828e-10,3.94212202505359e-10,-1.21521256011835e-10,-4.00411292462237e-11,-4.58447163828981e-11,-2.35114964913122e-10,9.91382571500519e-11,1.94896445888331e-10,2.09465387031326e-10,-5.93924497737578e-11,3.52447537003502e-11,-1.73464972825716e-10,8.19493577052757e-11,1.83283733484981e-10,1.3303558158392e-10,-3.6987890678016e-11,3.11454769089525e-10,3.82353632140831e-10,2.82708418852657e-10,-3.62612598367993e-10,-1.11592385151236e-10,-3.22527018409584e-10,-8.42871323815085e-11,-2.32698408662786e-10,2.82485579104484e-10,-2.53560485929458e-11,-5.6755418988007e-11,3.34116353850282e-10,-1.18517726556814e-10,-1.53645211177997e-10,-5.29044220584994e-10,5.22523259245351e-10,2.65395739468354e-10,-7.95835168062966e-11,-1.75065792949396e-10,-2.26374972238171e-10,1.95618982284832e-10,-2.41301634063483e-10,5.29819537305064e-13,4.14389668641613e-10,2.73962962336294e-11,-3.95669112147307e-10,2.59621581265078e-10,-1.48669118310964e-10,-8.70875239111152e-11,-1.35830645427172e-10,3.61943094278648e-10,-2.43918784840246e-10,1.18118752701654e-10,-4.3762780074668e-10,2.1446209903779e-10,9.18450570106433e-11,-1.39421474862435e-10,-3.48809099155879e-10,-2.05723364630234e-10,-1.34781843790961e-10,-3.13369193815678e-10,3.34444957973255e-10,-3.34440412891607e-11,-3.45205858803855e-10,-1.08186139616226e-10,-2.25059693404822e-10,2.732488113065e-10,1.28806590880158e-11,1.87122505128102e-11,-6.9483255575396e-10,4.19070855129359e-11,2.29852028192492e-10,-1.00811180138045e-10,-5.14669669372394e-11,6.18225254597023e-11,-1.71479655172971e-10,3.08571666017457e-10,1.82250188523793e-10,6.98654387846012e-10,4.14715247764984e-11,-1.05566715121391e-10,1.28730658896555e-10,1.5806766200231e-11,-2.51098395607261e-10,1.2706047850241e-10,-6.54182400787483e-11,2.19589716669897e-10,-4.96014204388915e-11,-2.28538045032245e-10,2.2309348639025e-10,1.43965038545125e-10,1.72479287940565e-10,-1.81367420421325e-10,2.00078319105508e-10,2.22717382392478e-10,3.281202925548e-10,-1.22342350688741e-10,-1.20157139930615e-12,-2.92053107792937e-10,-4.60936063793197e-11,4.7076280880066e-11,2.88133688164302e-10,2.93368782343784e-10,-2.12709764686342e-10,-3.20312512212147e-10,-1.36019423492843e-10,-3.5925413305422e-10,-4.0779433869595e-10,7.76353453921862e-11,6.86527597806262e-10,-3.50073076690317e-10,-3.30681862084912e-11,-4.6413493590872e-10,-1.4923228321224e-10,-2.87833826629027e-11,4.23758246513616e-11,-3.55570230402158e-10,-6.9129470611041e-11,-1.11667381630173e-10,3.72380408459474e-10,3.00840841773812e-11,-7.00486023868027e-11,1.56601217326196e-10,1.9666419459204e-10,4.70858898716157e-11,-2.00816381560895e-10,-1.6130097619862e-10,3.47158421629708e-10,4.76098576489623e-10,9.16911093386054e-13,-1.94261458536016e-11,-3.28927047336902e-10,2.68678088846504e-10,-2.0389546458532e-11,-2.31073961398179e-11,-5.87527718515504e-12,-5.49022162762749e-10,-2.84266852936571e-10,-2.61539995811132e-10,-1.27807158711338e-10,1.88370504638478e-10,2.76555432137988e-10,-3.75648758669521e-10,2.76532853165842e-10,-2.78959701905891e-10,1.59256924568188e-11,-1.65144498542106e-10,-2.10461512309605e-10,-1.91767112650309e-10,-1.5522551349118e-10,2.06268584953035e-10,-2.71026770580287e-10,2.37441795070413e-10,-5.5265234328567e-10,4.9828934872932e-10,1.33199451121233e-10,-4.61750681107076e-11,-3.91829773836956e-10,-2.42868196168212e-10,-6.83916680946004e-11,-7.32191493736342e-11,-2.92002387319131e-10,2.78379776912244e-11,2.87881902355573e-10,-5.89678489077018e-10,1.26848933548651e-10,-1.55529265086511e-10,-1.62641052336272e-10,3.17887037645258e-10,2.47604146346099e-10,-2.85188415125089e-10,8.91911473369828e-11,5.41295990007938e-11,-2.99171520879614e-10,4.03959714622446e-11,1.68845008541952e-10,-1.80003462191879e-10,-1.41025989453562e-10,-3.01869592166286e-10,-3.10535266111353e-11,1.87897554927658e-10,2.57950782836584e-10,-1.26967456531542e-10,3.30410660841427e-10,1.20412961907754e-10,-1.90372891959257e-10,2.70447559473741e-10,4.36222201215029e-11,-6.01449550077732e-11,1.02529564633979e-10,1.1694469439203e-10,5.31874050806172e-10,-8.76893429058989e-11,2.23731306743905e-10,-4.53106558223282e-11,6.99068381960442e-11,-8.96716272308286e-11,2.48073420792898e-11,-4.14404586240006e-10,5.11316911840323e-10,-1.55161096809684e-10,-1.24473372860616e-10,-4.52719468836717e-11,-1.39758226165136e-10,-6.26243902483019e-11,-2.54290979053954e-10,1.64924332059343e-10,4.70362814122292e-10,4.99173461534023e-11,8.92201559044469e-11,1.92221482398367e-10,-4.445212474365e-10,2.86714442632012e-10,3.08200985767082e-10,-1.08042370697687e-10,2.10253602577686e-10,-1.61050556472266e-11,4.01181954718088e-10,-6.57022627751678e-12,-7.04994568454364e-11,2.52901342575161e-10,2.58627373143409e-10,1.38265289212213e-10,-7.71667770478516e-11,-2.89014256679647e-10,2.98228016308353e-10,2.24231857736391e-10,-1.87538239206345e-10,2.87830799968971e-10,3.71661953880042e-10,-2.52324619769996e-10,-1.94949970035412e-11,-1.04602834453706e-10,-3.16459235993749e-10,3.75393502137667e-11,-3.47218367594175e-10,2.45614167305334e-11,-2.27702278467331e-10,-6.19988846544206e-11,-1.23023316910128e-10,1.16641335727759e-11,-1.82235463787882e-10,1.82381431489615e-10,-4.39466303140254e-10,-2.55376399620736e-10,-2.06305023785154e-10,1.08193807065951e-10,-3.17788137358839e-10,1.32165539327952e-10,2.86554754034159e-10,-1.21444270897475e-10,2.33062213988507e-10,-2.10331237169712e-10,-5.46155256915052e-11,2.03476928906456e-10,-2.04553703148686e-10,4.81896803806799e-10,-1.28449275501193e-10,3.12372411719456e-10,2.02378210994464e-10,-1.46249695600795e-10,2.86146912459164e-10,3.82619121416489e-10,-1.10165091194558e-10,-1.78618050853934e-10,2.11221975277338e-10,1.02253062869051e-10,3.42784158130209e-10,1.77488740528862e-10,1.50204826176888e-10,-3.93774604561646e-10,3.06705462374871e-10,-1.50976673298761e-10,-6.8150402286703e-12,-1.1015941691117e-11,7.36167257838066e-11,-4.21744513544088e-10,-2.27247958869282e-10,-1.10122927928231e-10,-3.05876304733368e-10,1.43958434948712e-10,-2.95503496407008e-10,-3.96674089658693e-10,3.08459812277276e-10,-1.27425110186956e-10,-2.27241679996564e-10,-3.48666389497842e-10,-2.12647061659434e-10,-2.383189750942e-10,-5.94250243745322e-10,-4.38425446150978e-10,-1.61182233249519e-10,2.93522190851438e-10,-2.78234343120468e-11,9.25332125737951e-11,3.88785893900706e-12,-1.30427820777842e-10,1.50756034191974e-10,6.85971146535325e-11,-7.72254662632766e-11,-6.76792889149492e-11,-2.12010552428345e-10,-7.93931723623123e-11,1.07811432359931e-11,4.11966371027381e-10,-4.15425724149366e-11,-3.16891385487249e-10,-4.67991731916375e-10,-8.08700342053756e-11,1.46705299705985e-10,1.68897328050517e-10,7.68356578188985e-11,-2.59965851271443e-11,4.41742558246511e-12,1.47992567400476e-10,2.20883553714608e-11,-1.15104614217285e-11,-6.69485637827015e-11,2.00488210474535e-10,1.75830147267361e-10,1.95994471299461e-10,1.35525812045669e-10,-1.2075029210629e-11,-5.10541925950957e-12,-5.71459385327168e-10,-2.79965834855905e-10,-7.74144605993609e-11,-3.81294009037997e-10,-5.79639074613427e-11,3.29662005798067e-11,-1.00611180336644e-10,1.78346075198685e-10,1.86159691080189e-11,-3.31545920218071e-10,-3.37741992250939e-10,-9.15615801957211e-12,2.21861287192467e-11,3.93380007569948e-11,-9.91002733418484e-11,6.94832592983034e-11,-4.45278844114363e-11,3.07464185177739e-11,-1.5333916553211e-10,2.05417721482978e-10,1.74648557602996e-10,7.74964836759739e-11,2.24411833971023e-11,2.11116338138089e-10,3.4837727627555e-10,1.51853762063942e-10,2.5939968476265e-10,1.47772511672731e-10,-6.91277170005882e-11,1.54486534269928e-10,-1.74125062300681e-10,-2.68284453235183e-10,-7.79960973549334e-11,2.16346191382437e-11,8.95598822798764e-11,-2.31333138552743e-10,6.16453311757555e-10,-4.52695481921952e-11,2.27272846202353e-10,5.51405878007806e-10,1.74837925878052e-10,2.26006908805087e-10,-2.87389499333573e-10,-2.84281100868513e-10,1.48292652733942e-10,4.04884859978796e-10,9.75204511000922e-11,-2.27500068915007e-10,2.32202299686002e-10,-4.71445320562631e-10,-1.03499617988648e-10,-3.5795643867367e-10,-4.44175493436882e-11,-3.91986025126026e-10,1.45996163405857e-10,5.59752892044819e-11,1.23908986695114e-10,-2.32905943497238e-10,2.18094389412426e-10,-8.04308639200236e-11,3.24036314002004e-10,1.57336868282712e-10,-4.01377373340863e-10,7.10569465812765e-11,1.58320178948273e-10,2.51201641831426e-10,2.19989631735241e-10,-3.01092879453049e-10,-3.55511269934919e-10,-4.50769095532429e-10,-1.66087871304625e-10,2.09580492083496e-10,2.31316470359893e-10,-1.11155126202866e-11,8.98471719689115e-11,-9.89387307703411e-11,-3.81562923506227e-10,-1.42221716661598e-10,-9.38431034420846e-11,1.56015738502361e-10,-3.47220346179659e-10,1.06282105131167e-11,1.2757781143769e-10,-1.1261524340796e-10,-1.28998638876709e-10,1.1215369051226e-10,-3.49379660692264e-10,1.53220838589236e-10,-1.23057052654973e-10,2.20890814200927e-10,1.87518644082349e-10,1.20701423800927e-10,2.58094352883365e-10,1.18055610763948e-10,-3.07208503453968e-11,-1.49256327421596e-10,-1.90555134397889e-10,-2.3509658443409e-10,1.27426109701404e-10,1.69017323174948e-10,-2.75377241966748e-11,1.5373241829228e-10,2.90803047235678e-10,4.41625603933515e-11,-1.31066118604745e-10,1.13810355872156e-10,3.09831709634423e-10,-2.03823570744018e-11,4.19275963462287e-10,2.05900360286114e-10,1.81098301940034e-10,1.21528348974098e-10,6.59569656356288e-11,-6.02906389503095e-11,1.13639812013999e-10,5.56641063623206e-10,-2.24750597047798e-11,7.31214017478972e-11,-8.48135119951216e-12,-2.01758138402138e-10,2.01309787413313e-10,4.99670664070857e-10,-4.05185180563271e-10,-9.01135328288247e-12,-9.20403148663478e-12,-2.40413630322802e-10,4.20292303405702e-10,-1.71331293452102e-10,5.50362254798072e-11,1.8536821521372e-10,5.45620162948805e-11,5.83072999144196e-11,-3.36146034755119e-10,-6.78469034474886e-11,-2.84873048704541e-10,2.63477408206136e-10,6.84074905502203e-11,4.98266427486403e-10,-4.07323044021762e-10,-2.56453143835632e-10,-2.87767426168417e-10,4.69267862665389e-11,2.06595585356026e-10,-3.20221447608802e-10,-2.66813836907651e-10,-5.17909551002821e-11,1.41604849699431e-10,2.24873846336868e-10,-6.63919978501413e-11,-7.41787337121077e-10,3.91265872936547e-11,3.15511276657232e-10,-1.84217808109119e-10,-5.12706331334376e-11,1.64911040302893e-10,1.92530661408212e-10,2.77420940896257e-10,-1.06527513308843e-10,3.05465346439064e-10,-1.75605730403056e-10,-2.86350581374493e-10,1.98403909025029e-10,3.65103236813288e-10,3.32052208395982e-10,-2.55100156361051e-10,-1.24590454880916e-10,9.08056946405543e-11,-9.10882000379609e-11,1.64199119356805e-11,-4.15387873396389e-10,-2.05957029189925e-10,-4.95331291337611e-10,-1.23322500608927e-10,-3.13747149642506e-10,1.11824166673689e-10,9.31067746597637e-11,-5.66862600685546e-12,3.07590542542888e-10,3.59297490055453e-10,-2.37392314030152e-10,-2.75861976718105e-10,-2.64292257610523e-10,2.11617964761361e-10,-5.20815114522287e-10,4.2821440762068e-10,9.87867172121488e-11,-1.44832329920387e-10,-1.25383820846494e-10,4.83043948428615e-10,8.48002220871771e-11,1.74990523587222e-10,-5.97654338185065e-11,-4.14228757352359e-10,-3.59784029044439e-10,-4.14379339687648e-10,-3.24565526658853e-12,-1.24776456247123e-10,-6.68970257067465e-10,-1.44773545773465e-10,-2.38593481051598e-10,-1.81514905662365e-10,1.18762078570167e-10,4.73370295407651e-11,-5.66957851964061e-11,2.24213542093028e-10,1.62175627427101e-13,-2.24147812759234e-10,2.23576912008199e-10,1.64403356586212e-10,-1.85436085760466e-10,-5.57375303676692e-11,2.48217651513928e-10,-3.36624411302275e-10,1.82902387110935e-10,1.96691110784819e-10,-6.07519331878151e-11,5.81138963196947e-10,3.36857345400275e-10,-2.90889386928938e-11,-2.279247648324e-10,-4.71490369965169e-11,-2.09996094935654e-10,-9.62757621039334e-11,-5.12906704957602e-10,2.99418683375354e-10,-3.07631922237901e-10,1.69618266841247e-11,-3.35535055106704e-10,2.92771813027013e-10,4.9770586989103e-10,-8.3461055852215e-11,-9.59268202331601e-11,-2.37984257066519e-10,2.22547074194025e-10,-2.80090032513021e-10,-4.05721451556061e-10,1.54133866391024e-10,-2.60685541492055e-10,1.03804083536667e-11,3.24787654925969e-10,-2.57311543577454e-11,1.39460027041621e-10,-7.78498134542949e-11,1.84965029381752e-10,-2.10563180823476e-10,1.3381619400401e-10,-2.41178760277602e-10,-3.71999649522498e-12,-6.7119930337949e-11,-3.1157426531109e-10,2.21397985532986e-10,1.42453060256312e-10,-7.23998186561072e-11,-6.06564454431878e-11,3.60427719744037e-10,2.77906561345545e-11,4.64346919076737e-10,2.59154235425796e-10,5.0680458352933e-10,1.99906673238595e-11,2.37537261135332e-10,5.22527287150489e-11,3.13773995277716e-10,-6.91976773916935e-11,3.73120351462634e-10,3.38914513409973e-10,1.11436144092771e-10,4.64730734908197e-10,1.11572284297098e-10,1.16075881255769e-09,2.4502814311926e-10,7.46240754016742e-10,1.287555421889e-09,7.91009487611637e-10,6.18937127310076e-10,1.07777602255053e-09,6.37744203416027e-10,1.15338548345273e-09,1.36790506953623e-09,1.00556631147584e-09,1.59165535292445e-09,1.74306057281619e-09,1.3906018920554e-09,1.98848479487486e-09,2.03532226978512e-09,1.70946601020532e-09,1.85263564400762e-09,1.89279887093819e-09,2.38229501571996e-09,2.73213236510238e-09,2.75281023673703e-09,2.58035106235559e-09,3.21748089510827e-09,2.97094761703248e-09,2.92832028890964e-09,3.77336829403979e-09,3.84470644821076e-09,4.04269053212509e-09,4.13154913345012e-09,4.14303622417879e-09,4.43101609795112e-09,4.24204718591985e-09,4.58737722907916e-09,5.00005347187179e-09,5.09353880836358e-09,5.51397094027514e-09,5.93687180970603e-09,6.05468895159387e-09,5.84542188449064e-09,6.79976787518021e-09,7.01356382599811e-09,7.24685826319467e-09,7.49387769387812e-09,7.85609533808553e-09,8.55706461632751e-09,8.24393575202269e-09,8.77975195703409e-09,9.35248795203636e-09,9.4347834105265e-09,1.0351146586769e-08,1.10022086543211e-08,1.12464989882168e-08,1.11909132731172e-08,1.33556316295627e-08,1.32594694359471e-08,1.39533063234015e-08,1.4488139299096e-08,1.51544820146423e-08,1.61536809910516e-08,1.7254648194238e-08
