v,0.25
Patm,100000
g,9.81
r,500
G,10^9.15
rho,2300
mu,10^3.73
rc,11
 
M,10^6.16
sigma,0.1
 
tilt_erupt,355.4194nrad
 
-1665,-1664,-1663,-1662,-1661,-1660,-1659,-1658,-1657,-1656,-1655,-1654,-1653,-1652,-1651,-1650,-1649,-1648,-1647,-1646,-1645,-1644,-1643,-1642,-1641,-1640,-1639,-1638,-1637,-1636,-1635,-1634,-1633,-1632,-1631,-1630,-1629,-1628,-1627,-1626,-1625,-1624,-1623,-1622,-1621,-1620,-1619,-1618,-1617,-1616,-1615,-1614,-1613,-1612,-1611,-1610,-1609,-1608,-1607,-1606,-1605,-1604,-1603,-1602,-1601,-1600,-1599,-1598,-1597,-1596,-1595,-1594,-1593,-1592,-1591,-1590,-1589,-1588,-1587,-1586,-1585,-1584,-1583,-1582,-1581,-1580,-1579,-1578,-1577,-1576,-1575,-1574,-1573,-1572,-1571,-1570,-1569,-1568,-1567,-1566,-1565,-1564,-1563,-1562,-1561,-1560,-1559,-1558,-1557,-1556,-1555,-1554,-1553,-1552,-1551,-1550,-1549,-1548,-1547,-1546,-1545,-1544,-1543,-1542,-1541,-1540,-1539,-1538,-1537,-1536,-1535,-1534,-1533,-1532,-1531,-1530,-1529,-1528,-1527,-1526,-1525,-1524,-1523,-1522,-1521,-1520,-1519,-1518,-1517,-1516,-1515,-1514,-1513,-1512,-1511,-1510,-1509,-1508,-1507,-1506,-1505,-1504,-1503,-1502,-1501,-1500,-1499,-1498,-1497,-1496,-1495,-1494,-1493,-1492,-1491,-1490,-1489,-1488,-1487,-1486,-1485,-1484,-1483,-1482,-1481,-1480,-1479,-1478,-1477,-1476,-1475,-1474,-1473,-1472,-1471,-1470,-1469,-1468,-1467,-1466,-1465,-1464,-1463,-1462,-1461,-1460,-1459,-1458,-1457,-1456,-1455,-1454,-1453,-1452,-1451,-1450,-1449,-1448,-1447,-1446,-1445,-1444,-1443,-1442,-1441,-1440,-1439,-1438,-1437,-1436,-1435,-1434,-1433,-1432,-1431,-1430,-1429,-1428,-1427,-1426,-1425,-1424,-1423,-1422,-1421,-1420,-1419,-1418,-1417,-1416,-1415,-1414,-1413,-1412,-1411,-1410,-1409,-1408,-1407,-1406,-1405,-1404,-1403,-1402,-1401,-1400,-1399,-1398,-1397,-1396,-1395,-1394,-1393,-1392,-1391,-1390,-1389,-1388,-1387,-1386,-1385,-1384,-1383,-1382,-1381,-1380,-1379,-1378,-1377,-1376,-1375,-1374,-1373,-1372,-1371,-1370,-1369,-1368,-1367,-1366,-1365,-1364,-1363,-1362,-1361,-1360,-1359,-1358,-1357,-1356,-1355,-1354,-1353,-1352,-1351,-1350,-1349,-1348,-1347,-1346,-1345,-1344,-1343,-1342,-1341,-1340,-1339,-1338,-1337,-1336,-1335,-1334,-1333,-1332,-1331,-1330,-1329,-1328,-1327,-1326,-1325,-1324,-1323,-1322,-1321,-1320,-1319,-1318,-1317,-1316,-1315,-1314,-1313,-1312,-1311,-1310,-1309,-1308,-1307,-1306,-1305,-1304,-1303,-1302,-1301,-1300,-1299,-1298,-1297,-1296,-1295,-1294,-1293,-1292,-1291,-1290,-1289,-1288,-1287,-1286,-1285,-1284,-1283,-1282,-1281,-1280,-1279,-1278,-1277,-1276,-1275,-1274,-1273,-1272,-1271,-1270,-1269,-1268,-1267,-1266,-1265,-1264,-1263,-1262,-1261,-1260,-1259,-1258,-1257,-1256,-1255,-1254,-1253,-1252,-1251,-1250,-1249,-1248,-1247,-1246,-1245,-1244,-1243,-1242,-1241,-1240,-1239,-1238,-1237,-1236,-1235,-1234,-1233,-1232,-1231,-1230,-1229,-1228,-1227,-1226,-1225,-1224,-1223,-1222,-1221,-1220,-1219,-1218,-1217,-1216,-1215,-1214,-1213,-1212,-1211,-1210,-1209,-1208,-1207,-1206,-1205,-1204,-1203,-1202,-1201,-1200,-1199,-1198,-1197,-1196,-1195,-1194,-1193,-1192,-1191,-1190,-1189,-1188,-1187,-1186,-1185,-1184,-1183,-1182,-1181,-1180,-1179,-1178,-1177,-1176,-1175,-1174,-1173,-1172,-1171,-1170,-1169,-1168,-1167,-1166,-1165,-1164,-1163,-1162,-1161,-1160,-1159,-1158,-1157,-1156,-1155,-1154,-1153,-1152,-1151,-1150,-1149,-1148,-1147,-1146,-1145,-1144,-1143,-1142,-1141,-1140,-1139,-1138,-1137,-1136,-1135,-1134,-1133,-1132,-1131,-1130,-1129,-1128,-1127,-1126,-1125,-1124,-1123,-1122,-1121,-1120,-1119,-1118,-1117,-1116,-1115,-1114,-1113,-1112,-1111,-1110,-1109,-1108,-1107,-1106,-1105,-1104,-1103,-1102,-1101,-1100,-1099,-1098,-1097,-1096,-1095,-1094,-1093,-1092,-1091,-1090,-1089,-1088,-1087,-1086,-1085,-1084,-1083,-1082,-1081,-1080,-1079,-1078,-1077,-1076,-1075,-1074,-1073,-1072,-1071,-1070,-1069,-1068,-1067,-1066,-1065,-1064,-1063,-1062,-1061,-1060,-1059,-1058,-1057,-1056,-1055,-1054,-1053,-1052,-1051,-1050,-1049,-1048,-1047,-1046,-1045,-1044,-1043,-1042,-1041,-1040,-1039,-1038,-1037,-1036,-1035,-1034,-1033,-1032,-1031,-1030,-1029,-1028,-1027,-1026,-1025,-1024,-1023,-1022,-1021,-1020,-1019,-1018,-1017,-1016,-1015,-1014,-1013,-1012,-1011,-1010,-1009,-1008,-1007,-1006,-1005,-1004,-1003,-1002,-1001,-1000,-999,-998,-997,-996,-995,-994,-993,-992,-991,-990,-989,-988,-987,-986,-985,-984,-983,-982,-981,-980,-979,-978,-977,-976,-975,-974,-973,-972,-971,-970,-969,-968,-967,-966,-965,-964,-963,-962,-961,-960,-959,-958,-957,-956,-955,-954,-953,-952,-951,-950,-949,-948,-947,-946,-945,-944,-943,-942,-941,-940,-939,-938,-937,-936,-935,-934,-933,-932,-931,-930,-929,-928,-927,-926,-925,-924,-923,-922,-921,-920,-919,-918,-917,-916,-915,-914,-913,-912,-911,-910,-909,-908,-907,-906,-905,-904,-903,-902,-901,-900,-899,-898,-897,-896,-895,-894,-893,-892,-891,-890,-889,-888,-887,-886,-885,-884,-883,-882,-881,-880,-879,-878,-877,-876,-875,-874,-873,-872,-871,-870,-869,-868,-867,-866,-865,-864,-863,-862,-861,-860,-859,-858,-857,-856,-855,-854,-853,-852,-851,-850,-849,-848,-847,-846,-845,-844,-843,-842,-841,-840,-839,-838,-837,-836,-835,-834,-833,-832,-831,-830,-829,-828,-827,-826,-825,-824,-823,-822,-821,-820,-819,-818,-817,-816,-815,-814,-813,-812,-811,-810,-809,-808,-807,-806,-805,-804,-803,-802,-801,-800,-799,-798,-797,-796,-795,-794,-793,-792,-791,-790,-789,-788,-787,-786,-785,-784,-783,-782,-781,-780,-779,-778,-777,-776,-775,-774,-773,-772,-771,-770,-769,-768,-767,-766,-765,-764,-763,-762,-761,-760,-759,-758,-757,-756,-755,-754,-753,-752,-751,-750,-749,-748,-747,-746,-745,-744,-743,-742,-741,-740,-739,-738,-737,-736,-735,-734,-733,-732,-731,-730,-729,-728,-727,-726,-725,-724,-723,-722,-721,-720,-719,-718,-717,-716,-715,-714,-713,-712,-711,-710,-709,-708,-707,-706,-705,-704,-703,-702,-701,-700,-699,-698,-697,-696,-695,-694,-693,-692,-691,-690,-689,-688,-687,-686,-685,-684,-683,-682,-681,-680,-679,-678,-677,-676,-675,-674,-673,-672,-671,-670,-669,-668,-667,-666,-665,-664,-663,-662,-661,-660,-659,-658,-657,-656,-655,-654,-653,-652,-651,-650,-649,-648,-647,-646,-645,-644,-643,-642,-641,-640,-639,-638,-637,-636,-635,-634,-633,-632,-631,-630,-629,-628,-627,-626,-625,-624,-623,-622,-621,-620,-619,-618,-617,-616,-615,-614,-613,-612,-611,-610,-609,-608,-607,-606,-605,-604,-603,-602,-601,-600,-599,-598,-597,-596,-595,-594,-593,-592,-591,-590,-589,-588,-587,-586,-585,-584,-583,-582,-581,-580,-579,-578,-577,-576,-575,-574,-573,-572,-571,-570,-569,-568,-567,-566,-565,-564,-563,-562,-561,-560,-559,-558,-557,-556,-555,-554,-553,-552,-551,-550,-549,-548,-547,-546,-545,-544,-543,-542,-541,-540,-539,-538,-537,-536,-535,-534,-533,-532,-531,-530,-529,-528,-527,-526,-525,-524,-523,-522,-521,-520,-519,-518,-517,-516,-515,-514,-513,-512,-511,-510,-509,-508,-507,-506,-505,-504,-503,-502,-501,-500,-499,-498,-497,-496,-495,-494,-493,-492,-491,-490,-489,-488,-487,-486,-485,-484,-483,-482,-481,-480,-479,-478,-477,-476,-475,-474,-473,-472,-471,-470,-469,-468,-467,-466,-465,-464,-463,-462,-461,-460,-459,-458,-457,-456,-455,-454,-453,-452,-451,-450,-449,-448,-447,-446,-445,-444,-443,-442,-441,-440,-439,-438,-437,-436,-435,-434,-433,-432,-431,-430,-429,-428,-427,-426,-425,-424,-423,-422,-421,-420,-419,-418,-417,-416,-415,-414,-413,-412,-411,-410,-409,-408,-407,-406,-405,-404,-403,-402,-401,-400,-399,-398,-397,-396,-395,-394,-393,-392,-391,-390,-389,-388,-387,-386,-385,-384,-383,-382,-381,-380,-379,-378,-377,-376,-375,-374,-373,-372,-371,-370,-369,-368,-367,-366,-365,-364,-363,-362,-361,-360,-359,-358,-357,-356,-355,-354,-353,-352,-351,-350,-349,-348,-347,-346,-345,-344,-343,-342,-341,-340,-339,-338,-337,-336,-335,-334,-333,-332,-331,-330,-329,-328,-327,-326,-325,-324,-323,-322,-321,-320,-319,-318,-317,-316,-315,-314,-313,-312,-311,-310,-309,-308,-307,-306,-305,-304,-303,-302,-301,-300,-299,-298,-297,-296,-295,-294,-293,-292,-291,-290,-289,-288,-287,-286,-285,-284,-283,-282,-281,-280,-279,-278,-277,-276,-275,-274,-273,-272,-271,-270,-269,-268,-267,-266,-265,-264,-263,-262,-261,-260,-259,-258,-257,-256,-255,-254,-253,-252,-251,-250,-249,-248,-247,-246,-245,-244,-243,-242,-241,-240,-239,-238,-237,-236,-235,-234,-233,-232,-231,-230,-229,-228,-227,-226,-225,-224,-223,-222,-221,-220,-219,-218,-217,-216,-215,-214,-213,-212,-211,-210,-209,-208,-207,-206,-205,-204,-203,-202,-201,-200,-199,-198,-197,-196,-195,-194,-193,-192,-191,-190,-189,-188,-187,-186,-185,-184,-183,-182,-181,-180,-179,-178,-177,-176,-175,-174,-173,-172,-171,-170,-169,-168,-167,-166,-165,-164,-163,-162,-161,-160,-159,-158,-157,-156,-155,-154,-153,-152,-151,-150,-149,-148,-147,-146,-145,-144,-143,-142,-141,-140,-139,-138,-137,-136,-135,-134,-133,-132,-131,-130,-129,-128,-127,-126,-125,-124,-123,-122,-121,-120,-119,-118,-117,-116,-115,-114,-113,-112,-111,-110,-109,-108,-107,-106,-105,-104,-103,-102,-101,-100,-99,-98,-97,-96,-95,-94,-93,-92,-91,-90,-89,-88,-87,-86,-85,-84,-83,-82,-81,-80,-79,-78,-77,-76,-75,-74,-73,-72,-71,-70,-69,-68,-67,-66,-65,-64,-63,-62,-61,-60,-59,-58,-57,-56,-55,-54,-53,-52,-51,-50,-49,-48,-47,-46,-45,-44,-43,-42,-41,-40,-39,-38,-37,-36,-35,-34,-33,-32,-31,-30,-29,-28,-27,-26,-25,-24,-23,-22,-21,-20,-19,-18,-17,-16,-15,-14,-13,-12,-11,-10,-9,-8,-7,-6,-5,-4,-3,-2,-1,0
-1.46208557080079e-10,9.64230165386281e-11,-9.44356691019331e-11,5.99747138103838e-11,1.37236207328188e-11,1.95235443836175e-11,1.09860113620422e-10,-2.84885997045265e-10,-2.22413612607971e-11,-1.13600573106409e-10,2.71509717614e-11,3.86787691843063e-11,-1.33813420917509e-10,-2.62170930317985e-10,-2.95859263616631e-10,-2.4187016682284e-10,-1.51175677037875e-10,-1.12361079469831e-10,-1.60691544140218e-10,1.80594153110896e-11,-1.19826773074274e-10,-1.08388783624954e-10,-1.27211329995595e-10,-1.88423492920424e-10,-4.70454046270299e-11,7.36086335273109e-11,-2.3688013617141e-10,-1.87564382678296e-10,-2.4430520960342e-10,-9.33151512413498e-11,-1.97857815751273e-10,7.20242963924763e-11,-8.38304026575776e-11,-3.32076222894979e-10,-2.88002456353657e-10,-1.68539241001973e-10,-1.33928004534937e-10,-2.05425496530718e-10,-2.15077923906474e-10,-4.1245846602049e-10,-2.57547080685483e-10,-1.73478824405897e-10,-2.3576481592582e-10,-1.92456855222782e-10,-3.45156484793695e-10,-8.19875132537777e-11,-2.9756956010087e-10,-1.44009941044526e-10,-3.16033012695409e-10,-2.17577211400601e-10,-2.72152017796777e-10,-1.73939225903812e-10,-2.2298477688322e-10,-1.90557446278871e-10,-3.31927474574985e-10,-5.47103047397055e-10,-2.57897158983525e-10,-3.95457437331321e-10,-4.36001620108484e-10,-3.39409207316744e-10,-4.77460401333411e-10,-3.47402624893882e-10,-2.3422261002611e-10,-3.05925305364328e-10,-4.05829496469104e-10,-4.60101655125421e-10,-2.46469777883704e-10,-4.04142572356171e-10,-5.27324088773262e-10,-4.09420019572713e-10,-4.05411088364656e-10,-4.56629487332824e-10,-4.06492835526578e-10,-4.60882430999025e-10,-4.19608021211377e-10,-4.93832323538467e-10,-4.85263011164191e-10,-4.95668683894796e-10,-5.70570679024108e-10,-4.4522520867269e-10,-5.80410249253743e-10,-6.25551503684846e-10,-3.9083330321777e-10,-6.05118109993177e-10,-4.09041525252932e-10,-4.68526885218231e-10,-5.24963943664268e-10,-4.93595600112814e-10,-6.05004751528814e-10,-5.03477284656193e-10,-4.8473351075799e-10,-5.11991965038366e-10,-6.64465119861274e-10,-5.04889116277243e-10,-6.21589420972082e-10,-4.97282939763623e-10,-5.55850092244259e-10,-4.38875332468848e-10,-6.16120550105987e-10,-6.1864745038899e-10,-6.20725616836273e-10,-8.30008609915128e-10,-6.58092193498523e-10,-6.10364980937437e-10,-6.80573781698064e-10,-4.692947776451e-10,-7.8702350749053e-10,-8.00077393591268e-10,-7.41426938858065e-10,-5.95971405478113e-10,-6.4586345873624e-10,-7.31104115439404e-10,-6.01434524258081e-10,-5.23821170625959e-10,-7.06648417022182e-10,-5.95979954389839e-10,-6.31971084357112e-10,-5.2695616673705e-10,-7.13562597732945e-10,-7.39618001950819e-10,-6.7474808234491e-10,-6.26866206971405e-10,-6.59947509119096e-10,-5.82725635810295e-10,-6.96755000312086e-10,-7.67056162954756e-10,-5.32670834415766e-10,-7.63727977158343e-10,-7.13509704426834e-10,-7.33676042413466e-10,-8.81787130272662e-10,-8.01053973326082e-10,-1.01003199470767e-09,-8.38753589748745e-10,-8.56028731577487e-10,-7.36124995243108e-10,-7.41708641651229e-10,-8.37504906889021e-10,-7.34305275712269e-10,-9.61312711597119e-10,-6.64736014646173e-10,-1.04742709897406e-09,-8.38673691543722e-10,-5.94870736459514e-10,-8.23227862220379e-10,-9.0108703882489e-10,-9.54453771133621e-10,-8.38471601135594e-10,-8.50815787782471e-10,-1.01828658563272e-09,-9.99326760782924e-10,-7.39789617801172e-10,-1.00914852049852e-09,-1.01003060537627e-09,-8.88429863187685e-10,-1.00492771338035e-09,-1.02322466200237e-09,-9.15565637150729e-10,-9.89583507428559e-10,-8.84282956436417e-10,-1.18386225970271e-09,-1.02506195488345e-09,-1.01215334357505e-09,-9.53632741977713e-10,-1.17504006745321e-09,-9.39433187960143e-10,-9.33220893246108e-10,-1.10698408684983e-09,-1.04341445255781e-09,-1.12858083457628e-09,-1.16073019728425e-09,-9.84416168383079e-10,-1.08605330902231e-09,-1.26866788553458e-09,-1.11826532773618e-09,-1.22606159017301e-09,-1.2221348146924e-09,-9.3373336775556e-10,-1.16880447154145e-09,-1.11416615526659e-09,-1.2470407418986e-09,-1.19305736181809e-09,-9.94944855947234e-10,-1.18418869535629e-09,-1.25161008348485e-09,-1.27165011719837e-09,-1.23477720392606e-09,-1.13391544357758e-09,-1.13342069187764e-09,-1.23941337842968e-09,-1.18122955097038e-09,-1.16168906474058e-09,-1.30556574570677e-09,-1.18829934539393e-09,-1.2133061262826e-09,-1.28415684747241e-09,-1.14779883507821e-09,-1.2610353280563e-09,-1.07886440197578e-09,-1.20916023348362e-09,-1.23769874915965e-09,-1.32310131885131e-09,-1.39646789830434e-09,-1.17714368424954e-09,-1.1437388148223e-09,-1.22550870683744e-09,-1.38942858070633e-09,-1.5947605983579e-09,-1.47700627747035e-09,-1.27439995941976e-09,-1.44021126842816e-09,-1.21941870669195e-09,-1.40787135147275e-09,-1.57953530774266e-09,-1.24854243720697e-09,-1.33240912991514e-09,-1.42169875943469e-09,-1.39109124547351e-09,-1.24518612753048e-09,-1.302349893471e-09,-1.32680091385678e-09,-1.25103915328774e-09,-1.53684666709883e-09,-1.37186784879164e-09,-1.41309691354078e-09,-1.48159125946842e-09,-1.34066062453795e-09,-1.3937023400798e-09,-1.67445345750973e-09,-1.46360668147792e-09,-1.57353212497755e-09,-1.43893574985309e-09,-1.59355817503905e-09,-1.48312911484722e-09,-1.57651105270432e-09,-1.56643515527393e-09,-1.56665458028966e-09,-1.38706690104544e-09,-1.57071067108137e-09,-1.83692910443509e-09,-1.96570371793556e-09,-1.62254727746152e-09,-1.63492626983132e-09,-1.65383399492333e-09,-1.68719004945529e-09,-1.70076543513785e-09,-1.63718420711779e-09,-1.4672276997714e-09,-1.64216145034407e-09,-1.61442385256048e-09,-1.63070646949298e-09,-1.58506889163483e-09,-1.70679186993024e-09,-1.75841534813877e-09,-1.56690546461521e-09,-1.68949298277382e-09,-1.6511733754048e-09,-1.823999723884e-09,-1.58567201297828e-09,-1.74084318053741e-09,-1.79752136248364e-09,-1.66249751505103e-09,-1.58462592155621e-09,-1.6559833309259e-09,-1.56238450892728e-09,-1.77089874904876e-09,-1.92271864540269e-09,-1.63508810904785e-09,-1.7549770220809e-09,-1.89638465774966e-09,-1.85960518131171e-09,-1.7249204895058e-09,-1.68314128393738e-09,-1.68595923224901e-09,-1.89652201098263e-09,-1.83209778443869e-09,-1.6422505660545e-09,-1.84961894244734e-09,-1.62430484354432e-09,-1.68445894894103e-09,-1.80208731518835e-09,-1.58608271643675e-09,-1.80119145733712e-09,-1.8985633097463e-09,-1.94565977408499e-09,-1.90216262302663e-09,-2.16446593669625e-09,-2.11217206835731e-09,-1.85779094459204e-09,-1.93130445571776e-09,-1.93247343307778e-09,-2.05923095320048e-09,-1.92086871652512e-09,-2.02031396620197e-09,-2.2351653548567e-09,-2.11105293548409e-09,-2.10431470111454e-09,-2.07078765499238e-09,-2.01428819390271e-09,-2.01369774455261e-09,-1.97860388803526e-09,-1.96061011169503e-09,-1.92964750483324e-09,-2.10525640787657e-09,-1.98084344904348e-09,-2.12220247334798e-09,-2.14234578761184e-09,-1.90415962416274e-09,-2.12561820669838e-09,-2.17010261246068e-09,-2.12277396335081e-09,-2.0538401249848e-09,-1.97678515707956e-09,-2.30883802209418e-09,-2.23972607153611e-09,-2.1764710179208e-09,-2.29090831262569e-09,-2.2877757729746e-09,-2.32855161666275e-09,-2.1622215532991e-09,-2.26186964308133e-09,-2.30665348668175e-09,-2.24903601270002e-09,-2.08573955931098e-09,-2.18379835885863e-09,-1.95201147811994e-09,-2.16849252773011e-09,-2.31551858150486e-09,-2.29174387905e-09,-2.30774103657167e-09,-2.40398434333553e-09,-2.22823845611471e-09,-2.18356075519953e-09,-2.45961538226998e-09,-2.4477716739326e-09,-2.14501779679127e-09,-2.42540559816638e-09,-2.35567376477656e-09,-2.22895105362458e-09,-2.29723337521793e-09,-2.18185197872106e-09,-2.50998360051906e-09,-2.33037277298089e-09,-2.36851094351062e-09,-2.46784527694751e-09,-2.40059071960046e-09,-2.43668068231153e-09,-2.5414439519819e-09,-2.30603330766977e-09,-2.31187552151848e-09,-2.57359136075469e-09,-2.41714636039043e-09,-2.45366756002566e-09,-2.40458621457586e-09,-2.41368525970393e-09,-2.51088121790472e-09,-2.59669733891564e-09,-2.44689206090048e-09,-2.59669857435634e-09,-2.51337061076475e-09,-2.40127389040806e-09,-2.25996806606132e-09,-2.38237209961447e-09,-2.59230047656191e-09,-2.62210828048929e-09,-2.6123363246991e-09,-2.42684793838765e-09,-2.4416729776045e-09,-2.47630155473382e-09,-2.60183428000326e-09,-2.60418834956802e-09,-2.82810761424918e-09,-2.6685311667418e-09,-2.56063644686864e-09,-2.65707433649557e-09,-2.8124486865408e-09,-2.76635863981029e-09,-2.67431858087051e-09,-2.69448338854962e-09,-2.83860251872641e-09,-2.6542990776358e-09,-2.72603644900008e-09,-2.70171647092032e-09,-2.739773972731e-09,-2.64640146409332e-09,-2.82834579192e-09,-2.84368220642964e-09,-2.75518863712052e-09,-2.78840128515576e-09,-2.92610711756721e-09,-2.72440993453963e-09,-2.68744067767035e-09,-2.85380619272319e-09,-2.92496241538715e-09,-2.82489383654717e-09,-2.84178379083721e-09,-2.88175502228624e-09,-2.8751121730828e-09,-2.92641826834362e-09,-2.80473787992326e-09,-2.87619316589853e-09,-2.8386423392023e-09,-2.79429712309588e-09,-2.9071708818849e-09,-2.86218996166615e-09,-2.98297607728347e-09,-3.06435636175655e-09,-2.79722400250886e-09,-2.94411447392874e-09,-2.98682195987036e-09,-2.90427054276606e-09,-2.89560784752599e-09,-3.05847510136496e-09,-3.19915135295694e-09,-3.17212664288238e-09,-2.97186675526141e-09,-3.05134964466338e-09,-2.93700551150543e-09,-2.93183356745996e-09,-3.06209061481965e-09,-2.9096488065072e-09,-3.03437230755536e-09,-3.16936243010131e-09,-3.0995790006642e-09,-3.07518634473654e-09,-3.21823842828759e-09,-3.13370453456326e-09,-3.18836049100337e-09,-3.1283124936491e-09,-3.14325573571035e-09,-3.13122445434513e-09,-3.08556298170189e-09,-3.26233895022242e-09,-3.21271301426719e-09,-3.16558945029421e-09,-3.085861543213e-09,-3.38564063044927e-09,-3.27942451274083e-09,-3.12132084289276e-09,-3.19797005494369e-09,-3.34972342667063e-09,-3.16847158156309e-09,-3.20651730726725e-09,-3.30376854694456e-09,-3.51365126826555e-09,-3.17433454176397e-09,-3.50015630245702e-09,-3.47513479699062e-09,-3.29704342497857e-09,-3.50906743606378e-09,-3.33654890176509e-09,-3.40712040677218e-09,-3.54006012320657e-09,-3.30055672304766e-09,-3.36652459765863e-09,-3.38261534328131e-09,-3.59071006777201e-09,-3.53272782102969e-09,-3.23011031692321e-09,-3.35187440073101e-09,-3.46746806428272e-09,-3.63880375968323e-09,-3.38548300272044e-09,-3.69395876622326e-09,-3.51472240371506e-09,-3.45372637653241e-09,-3.48000845016221e-09,-3.53369083761858e-09,-3.6561374732631e-09,-3.72414617045988e-09,-3.50993014960568e-09,-3.71212113164545e-09,-3.64918373572087e-09,-3.52052574288106e-09,-3.45318376291359e-09,-3.57693872491252e-09,-3.60817122931805e-09,-3.6583863367384e-09,-3.52878760247592e-09,-3.73311055868981e-09,-3.86883741149146e-09,-3.46440316971598e-09,-3.73233438809671e-09,-3.67590014291684e-09,-3.8058561772976e-09,-3.80448036856067e-09,-3.61383265533015e-09,-3.94825075684782e-09,-3.78995242000682e-09,-3.83930496535224e-09,-3.65462100043759e-09,-3.89035593889337e-09,-3.75887079882967e-09,-3.77460935909672e-09,-3.76610984505277e-09,-3.75849209292638e-09,-3.96263800219248e-09,-3.89763769052305e-09,-3.83495286844654e-09,-4.05869608683095e-09,-3.80043810996146e-09,-4.03172518650278e-09,-3.82335853543875e-09,-3.92232926760595e-09,-3.9372975583062e-09,-3.89304721869248e-09,-4.08028857355115e-09,-4.05961217402639e-09,-4.22682493277665e-09,-3.99692844580854e-09,-4.01549269891777e-09,-4.03189225958888e-09,-3.98558903528489e-09,-3.96638619588978e-09,-4.04246660873471e-09,-4.07802088694239e-09,-4.03852610364874e-09,-4.02353087398216e-09,-4.15565825059336e-09,-4.14277259682239e-09,-4.1296640875774e-09,-4.06974235017029e-09,-4.11434790254136e-09,-4.12390329834774e-09,-4.20247620078364e-09,-4.1165498283e-09,-4.15732857072508e-09,-4.12846270587502e-09,-4.21694099798549e-09,-4.23350740910025e-09,-4.25179612389738e-09,-4.316815133941e-09,-4.24478781674786e-09,-4.37571766127331e-09,-4.18269637979003e-09,-4.19705446959246e-09,-4.35198613602396e-09,-4.23880943378606e-09,-4.16216877283254e-09,-4.3370045538276e-09,-4.37187820067836e-09,-4.37192797515405e-09,-4.14626990188461e-09,-4.35536924903196e-09,-4.3685348389338e-09,-4.35727409807332e-09,-4.30549377411069e-09,-4.49773218682887e-09,-4.48970143525327e-09,-4.49645019980227e-09,-4.22429579317507e-09,-4.45728083060642e-09,-4.4407933998495e-09,-4.34416860850014e-09,-4.54323207717892e-09,-4.48399672010294e-09,-4.60821743000694e-09,-4.55197344993487e-09,-4.61784200947064e-09,-4.66663892127379e-09,-4.62479995192371e-09,-4.69860151256178e-09,-4.64999894791298e-09,-4.71738269000857e-09,-4.61921176264721e-09,-4.82273986345085e-09,-4.65439497733375e-09,-4.67854364595316e-09,-4.76460173813953e-09,-4.70945806352755e-09,-4.80183229738974e-09,-4.68328490682421e-09,-5.07642940568326e-09,-4.87749355639e-09,-4.7871391408668e-09,-4.83689379796684e-09,-4.72305906193814e-09,-4.79459215869419e-09,-4.716991831863e-09,-4.84112513837555e-09,-4.5706773264464e-09,-4.65409933696727e-09,-4.81642821063728e-09,-4.93280219128436e-09,-4.85317609407262e-09,-4.70968344049659e-09,-5.11402347697319e-09,-4.91628779529527e-09,-4.84535328460321e-09,-4.99930763750219e-09,-5.0093913334622e-09,-5.02367682249165e-09,-4.82852630015658e-09,-5.0599466644865e-09,-4.9895161012341e-09,-5.01614317037934e-09,-4.86369768521722e-09,-5.15627084126982e-09,-5.16861418608099e-09,-4.92375529933525e-09,-5.07920480708957e-09,-5.05689216939355e-09,-5.11682281420402e-09,-5.07140371944807e-09,-5.18625773458517e-09,-5.19581622564325e-09,-5.16110133568366e-09,-5.12824286336415e-09,-5.08441240388786e-09,-5.09837724422659e-09,-5.07409466693953e-09,-5.26417370489349e-09,-5.1941015794188e-09,-5.27110733699677e-09,-5.10745228835106e-09,-5.34589928437855e-09,-5.22129113036817e-09,-5.53453547346203e-09,-5.28572497531221e-09,-5.33650878389253e-09,-5.35721644280135e-09,-5.21548607144116e-09,-5.45560438881442e-09,-5.26313872838629e-09,-5.38572402062838e-09,-5.40946265274029e-09,-5.40831469519597e-09,-5.38397034842431e-09,-5.45911824099072e-09,-5.50921716060834e-09,-5.45681302690111e-09,-5.61759230564534e-09,-5.54702999259618e-09,-5.43667657389193e-09,-5.33286054810381e-09,-5.39736431064984e-09,-5.6779557066094e-09,-5.68614301069089e-09,-5.5992024506496e-09,-5.60561767185547e-09,-5.60705178889278e-09,-5.56730952563536e-09,-5.75523579545807e-09,-5.73836631383836e-09,-5.73853862871031e-09,-5.71119938009577e-09,-5.77445202526647e-09,-5.66715195388747e-09,-5.61417204499617e-09,-5.62641051455659e-09,-5.64937588208239e-09,-5.64491102593941e-09,-5.68681067040611e-09,-5.76194699414498e-09,-5.95955996409936e-09,-5.7920327795553e-09,-5.68586969165508e-09,-5.97248495181415e-09,-5.99220494140015e-09,-5.71815309671989e-09,-5.88473408234168e-09,-5.96552644099395e-09,-5.89424350353006e-09,-5.94099821093997e-09,-5.91094584484149e-09,-5.94638019755779e-09,-5.84188775840891e-09,-5.9315156495604e-09,-6.01940083791799e-09,-6.14294055245494e-09,-6.17051649795682e-09,-6.02826857573228e-09,-6.08498230931439e-09,-5.84655476620091e-09,-6.09249450672683e-09,-6.17995997237086e-09,-6.06495411637586e-09,-6.29252611783275e-09,-6.01292065283243e-09,-6.22234033251807e-09,-6.12650419804729e-09,-6.08000950148745e-09,-6.29096508448498e-09,-6.25491347331259e-09,-6.092105840021e-09,-6.30302932697851e-09,-6.17307935956742e-09,-6.13875974679928e-09,-6.34218949108732e-09,-6.32423490675686e-09,-6.3708121723495e-09,-6.28622199435282e-09,-6.42425973607267e-09,-6.39518866789527e-09,-6.30498797634259e-09,-6.29865339730321e-09,-6.39312829269499e-09,-6.38110299065388e-09,-6.39568926488424e-09,-6.530544605067e-09,-6.51133451725386e-09,-6.38283487144329e-09,-6.38674095416248e-09,-6.72345189939586e-09,-6.36213170138519e-09,-6.67630025228863e-09,-6.45188056014385e-09,-6.48697163238361e-09,-6.64597347046661e-09,-6.71730061407014e-09,-6.62056287459754e-09,-6.64300502607339e-09,-6.76235307366603e-09,-6.63946406785768e-09,-6.61394233698039e-09,-6.63211192132324e-09,-6.63885265397817e-09,-6.61514715534917e-09,-6.5039188656848e-09,-6.66904202736518e-09,-6.93339002544926e-09,-6.90782163051186e-09,-6.93566966521994e-09,-6.92432889146233e-09,-6.68626130610747e-09,-6.77877220712173e-09,-6.72145052026347e-09,-6.86009657926466e-09,-6.82351521507533e-09,-7.03951026394196e-09,-7.05643238477392e-09,-7.01486135881928e-09,-6.87786553576833e-09,-6.88468305721292e-09,-6.99433111641608e-09,-6.99371707210944e-09,-7.12298171489949e-09,-6.83921178839936e-09,-7.12779977831519e-09,-6.93616706897761e-09,-7.06567301513716e-09,-7.09327300756573e-09,-7.22806617822004e-09,-6.96818390919007e-09,-7.07513193884849e-09,-7.29119797996007e-09,-7.13810937589179e-09,-7.30780276602758e-09,-7.34453931964856e-09,-7.27265838787846e-09,-7.32405668054756e-09,-7.42737426723972e-09,-7.12118842838178e-09,-7.30219289615809e-09,-7.25731044992456e-09,-7.28252097781226e-09,-7.3516948667717e-09,-7.43815162568846e-09,-7.32948527709383e-09,-7.33581920551842e-09,-7.47523370689755e-09,-7.41863954471989e-09,-7.34532878918096e-09,-7.36897603824991e-09,-7.53614040115517e-09,-7.46453512712479e-09,-7.49792473356039e-09,-7.69115896787952e-09,-7.57753960278169e-09,-7.77916180654567e-09,-7.76706597526207e-09,-7.69634163751848e-09,-7.59712027374084e-09,-7.69449498719409e-09,-7.65569139329774e-09,-7.65901784220474e-09,-7.72173877379754e-09,-7.85450818294358e-09,-7.5346258499e-09,-7.65595336089482e-09,-7.67190800932178e-09,-7.69437006292584e-09,-7.83607146309244e-09,-7.79834147421829e-09,-7.88817010382307e-09,-7.69355955832959e-09,-7.85480659729689e-09,-7.9454067722523e-09,-7.89391056769549e-09,-7.95306570163111e-09,-7.60596478212653e-09,-8.04884590990746e-09,-7.98615245897039e-09,-8.08330034931349e-09,-8.04430808712519e-09,-8.11817667426326e-09,-8.33370978985673e-09,-7.94212800892239e-09,-8.2360720077756e-09,-8.28857329509782e-09,-8.04487062787121e-09,-8.17341116931995e-09,-8.04953626052597e-09,-8.26636485770692e-09,-8.38843657865699e-09,-8.20520534338411e-09,-8.41069258090867e-09,-8.298008693987e-09,-8.37709218554719e-09,-8.29418821312509e-09,-8.34170747125297e-09,-8.40940361132378e-09,-8.39897953864977e-09,-8.51290386642635e-09,-8.36630186129375e-09,-8.41803177155899e-09,-8.34538871618019e-09,-8.47956396606469e-09,-8.30912902310906e-09,-8.49096636987477e-09,-8.58924445059827e-09,-8.49154922996571e-09,-8.53888022051516e-09,-8.44074689317573e-09,-8.49362742550229e-09,-8.52016257885918e-09,-8.66641091588909e-09,-8.78182443673307e-09,-8.71469729435612e-09,-8.52832446618536e-09,-8.72501637083752e-09,-8.64766809708784e-09,-8.76416852458585e-09,-8.7572016094921e-09,-8.78393703496585e-09,-8.78998884079161e-09,-8.72047411588284e-09,-8.760352704309e-09,-8.84620081217095e-09,-8.90825243742845e-09,-8.95156177509457e-09,-8.89631369348747e-09,-8.80967393931758e-09,-8.65088622307752e-09,-9.04884518203423e-09,-8.90866946013379e-09,-9.01172348527657e-09,-9.17367729281392e-09,-8.94832062656664e-09,-9.00256470408386e-09,-9.15284258575033e-09,-9.00541865841458e-09,-9.02042681404241e-09,-9.36962656204797e-09,-9.00001755711497e-09,-9.22325932231229e-09,-9.247983125525e-09,-9.41526003909424e-09,-9.41821955151545e-09,-9.24291304945707e-09,-9.3202216037411e-09,-9.2322814617071e-09,-9.19583661479478e-09,-9.39718767238096e-09,-9.32359151917699e-09,-9.60149697249945e-09,-9.56735001401608e-09,-9.472642909483e-09,-9.55645747011441e-09,-9.454248546756e-09,-9.61939560509252e-09,-9.45348291808021e-09,-9.51772072334682e-09,-9.36329409540809e-09,-9.435395302077e-09,-9.48674251895058e-09,-9.65128288599066e-09,-9.60599200261418e-09,-9.66100790689659e-09,-9.70476081810894e-09,-9.76125359612814e-09,-9.85870650553698e-09,-9.75552433757375e-09,-9.75857621463972e-09,-9.88278954328372e-09,-9.84504535910064e-09,-9.7505639109516e-09,-9.77102766144105e-09,-1.01081100583024e-08,-9.63865718544448e-09,-9.91880129869018e-09,-9.86011895906548e-09,-9.96751142305626e-09,-1.00245270324677e-08,-9.81872654316022e-09,-9.88065123899545e-09,-1.01379585557963e-08,-1.00810337933074e-08,-9.83325404213631e-09,-1.01297293028921e-08,-1.00582333344981e-08,-1.00521255721745e-08,-1.02367933358006e-08,-1.02833297248549e-08,-1.02524052280515e-08,-1.01816177915896e-08,-1.03133350294756e-08,-1.03650978127112e-08,-1.04569939259761e-08,-1.04724091254628e-08,-1.03085107052732e-08,-1.0239084352553e-08,-1.04233752595449e-08,-1.04600824666737e-08,-1.0456306171244e-08,-1.06433535576486e-08,-1.02820270193234e-08,-1.05469316882181e-08,-1.06781563748952e-08,-1.06250584110441e-08,-1.05603502442684e-08,-1.05282168424678e-08,-1.07252404088632e-08,-1.06653277225755e-08,-1.07190885492844e-08,-1.0741084607788e-08,-1.07692202973268e-08,-1.05740789537176e-08,-1.07102223149716e-08,-1.08683718964327e-08,-1.07563367943942e-08,-1.08826285982534e-08,-1.10246147338584e-08,-1.0951880301271e-08,-1.10024729181247e-08,-1.09274129652472e-08,-1.09171091955567e-08,-1.11156860483667e-08,-1.11194285405213e-08,-1.10547351069553e-08,-1.11650848423763e-08,-1.11406856392837e-08,-1.11134341937836e-08,-1.12672927631984e-08,-1.12551929316353e-08,-1.12749364842725e-08,-1.11787832533012e-08,-1.13752461069547e-08,-1.14403890163605e-08,-1.14769994846651e-08,-1.13012319549327e-08,-1.12933949008065e-08,-1.12548690771051e-08,-1.15254561802746e-08,-1.1372321129831e-08,-1.13811485400422e-08,-1.15621985479355e-08,-1.15430479062886e-08,-1.15037537864909e-08,-1.16718093605557e-08,-1.14123249571464e-08,-1.14438951339279e-08,-1.15469747741968e-08,-1.15832284083622e-08,-1.16134100333634e-08,-1.16898006390466e-08,-1.18106432019493e-08,-1.18224863074431e-08,-1.18778123044721e-08,-1.17741547065221e-08,-1.17238300070722e-08,-1.19098393937035e-08,-1.2045898189907e-08,-1.19958464336289e-08,-1.20621812277603e-08,-1.193112489308e-08,-1.19955624798034e-08,-1.19140309591218e-08,-1.2066502055449e-08,-1.21050283946246e-08,-1.22997180335527e-08,-1.21825823296834e-08,-1.22860742350363e-08,-1.23751349749195e-08,-1.23497211199697e-08,-1.22367659413752e-08,-1.22257545725567e-08,-1.22609136632822e-08,-1.22705066805052e-08,-1.24154387779186e-08,-1.22808293906074e-08,-1.24444164213944e-08,-1.25080081362097e-08,-1.23477374002994e-08,-1.26029277240349e-08,-1.25527209166059e-08,-1.25563593437667e-08,-1.26701786507595e-08,-1.27288268683915e-08,-1.25415640353996e-08,-1.25564048995898e-08,-1.2586828884646e-08,-1.28905126727196e-08,-1.27187590018072e-08,-1.2781228009727e-08,-1.30240662192529e-08,-1.28357054519852e-08,-1.30241223143066e-08,-1.29607971355405e-08,-1.31067837352477e-08,-1.27882835197123e-08,-1.30979211477607e-08,-1.31641035955314e-08,-1.31114318182506e-08,-1.31333808846565e-08,-1.30586849862176e-08,-1.31650282705801e-08,-1.31069189370689e-08,-1.29071861287754e-08,-1.31594333818594e-08,-1.34175984832294e-08,-1.33646341739235e-08,-1.33245998726272e-08,-1.3275221414281e-08,-1.33991658002716e-08,-1.33767953972949e-08,-1.34119591030305e-08,-1.3453620905144e-08,-1.33443878347413e-08,-1.35083496872023e-08,-1.35047701118879e-08,-1.35088683380058e-08,-1.36060067424111e-08,-1.36556999086508e-08,-1.37110607367502e-08,-1.36763914786617e-08,-1.37269824746129e-08,-1.39115990975306e-08,-1.38218278378749e-08,-1.38760449121868e-08,-1.38441848913122e-08,-1.38476585627664e-08,-1.39683770481359e-08,-1.39123292297598e-08,-1.41659860342147e-08,-1.39220430091559e-08,-1.41609669207597e-08,-1.41986890393337e-08,-1.42080047012885e-08,-1.40720219181346e-08,-1.41289866374539e-08,-1.43449366934907e-08,-1.41532650185643e-08,-1.4367760989352e-08,-1.41735987738002e-08,-1.43158213553748e-08,-1.45067627183377e-08,-1.44478447578096e-08,-1.44589054391666e-08,-1.46694020640019e-08,-1.45646195737636e-08,-1.47646275339083e-08,-1.46092303341837e-08,-1.45547990755178e-08,-1.47970532491556e-08,-1.47290742371794e-08,-1.48039904317211e-08,-1.47865216792936e-08,-1.49427446258295e-08,-1.48600948905998e-08,-1.48064114101609e-08,-1.49202646372947e-08,-1.49937726793983e-08,-1.48221105106298e-08,-1.50442166675649e-08,-1.5052715994045e-08,-1.50368414433865e-08,-1.51554819190931e-08,-1.51051229818844e-08,-1.51889696411002e-08,-1.52164751978994e-08,-1.53433291915785e-08,-1.5407502999565e-08,-1.51332100295982e-08,-1.54408098692344e-08,-1.53557359469456e-08,-1.52879625804367e-08,-1.5377350305906e-08,-1.56894261477519e-08,-1.55484530924545e-08,-1.54891200238879e-08,-1.56849001782897e-08,-1.55553182349454e-08,-1.581657420843e-08,-1.56560680605762e-08,-1.55624385702906e-08,-1.59606365049055e-08,-1.58484322429091e-08,-1.57694762179464e-08,-1.59497885803353e-08,-1.59200732757527e-08,-1.60567615565501e-08,-1.59717627035081e-08,-1.59032713394702e-08,-1.59723006763079e-08,-1.60935300451877e-08,-1.61232574846717e-08,-1.61524447633978e-08,-1.6169979078016e-08,-1.61174481319376e-08,-1.62238270505062e-08,-1.62858523513564e-08,-1.63219915514337e-08,-1.65213583762947e-08,-1.66338126588992e-08,-1.64444119270184e-08,-1.63876318073951e-08,-1.6421234452369e-08,-1.67058012762998e-08,-1.66258774346566e-08,-1.68709887205387e-08,-1.66967877535661e-08,-1.685759332993e-08,-1.6966246312993e-08,-1.66844134852445e-08,-1.69274934544097e-08,-1.69053780748791e-08,-1.68756483595158e-08,-1.69629623509887e-08,-1.70006036682573e-08,-1.71977415651321e-08,-1.73119584122523e-08,-1.71457079116806e-08,-1.70961976333989e-08,-1.70800140596411e-08,-1.74051570828116e-08,-1.7341252063258e-08,-1.75610532665244e-08,-1.743937156219e-08,-1.75787240717166e-08,-1.75618715048076e-08,-1.74818452679536e-08,-1.75720244392942e-08,-1.76109290433795e-08,-1.75678577802665e-08,-1.76304578703688e-08,-1.77703375618892e-08,-1.76450974165765e-08,-1.76446689994358e-08,-1.78531568784647e-08,-1.79476076448011e-08,-1.80181556389189e-08,-1.79080118828114e-08,-1.80065440300834e-08,-1.8236639416971e-08,-1.81796262605458e-08,-1.81402487828629e-08,-1.81385083126381e-08,-1.8024764437537e-08,-1.82401444740237e-08,-1.82886561805736e-08,-1.83101599774021e-08,-1.82950369079517e-08,-1.84614148426886e-08,-1.83445688482621e-08,-1.86583165857277e-08,-1.87465138364715e-08,-1.85044567700621e-08,-1.8626786602383e-08,-1.87149935270627e-08,-1.8827340772358e-08,-1.88579392392695e-08,-1.89381946686645e-08,-1.88856286524906e-08,-1.88873955710625e-08,-1.90798669277874e-08,-1.91065695185796e-08,-1.92018940119467e-08,-1.89886198911935e-08,-1.92775995470064e-08,-1.91603801424312e-08,-1.91992234110545e-08,-1.94164684772486e-08,-1.9532106691305e-08,-1.94949059938285e-08,-1.95109111645852e-08,-1.93298008829168e-08,-1.96124033916571e-08,-1.95099233092781e-08,-1.95847818134989e-08,-1.97029385339116e-08,-1.98816115506614e-08,-1.97077635616151e-08,-2.0057050448385e-08,-1.98084820108557e-08,-1.99584298705825e-08,-1.99472675098378e-08,-2.00337640270205e-08,-2.00265079860723e-08,-2.01197519694402e-08,-2.02122579924655e-08,-2.02173163944404e-08,-2.03125391661847e-08,-2.02647829962097e-08,-2.04476705649142e-08,-2.03568038640426e-08,-2.06100488091737e-08,-2.04821653077904e-08,-2.05991690142523e-08,-2.06386547070378e-08,-2.04528567776397e-08,-2.06599515531545e-08,-2.08927642502758e-08,-2.08501011427768e-08,-2.0880691365998e-08,-2.09961879487752e-08,-2.11252772055145e-08,-2.08774948673148e-08,-2.11175894645453e-08,-2.1222344170489e-08,-2.10973513442721e-08,-2.13044240954781e-08,-2.12629717137572e-08,-2.13113534102346e-08,-2.13565886317513e-08,-2.12898986642954e-08,-2.15266856926587e-08,-2.1543306393819e-08,-2.16343637964221e-08,-2.16629912201455e-08,-2.15712885819878e-08,-2.1667178783352e-08,-2.19160220311836e-08,-2.1802415954642e-08,-2.19158322279195e-08,-2.2090594622889e-08,-2.20908391497144e-08,-2.22201800415176e-08,-2.20696673312558e-08,-2.21365225230005e-08,-2.22891480892771e-08,-2.22851926568112e-08,-2.23120124558846e-08,-2.25440266783859e-08,-2.24352349820361e-08,-2.25050362189873e-08,-2.26004326110296e-08,-2.26569544367483e-08,-2.26967904000486e-08,-2.26917435738362e-08,-2.2896917403439e-08,-2.30205866139357e-08,-2.29644669178296e-08,-2.29914628420415e-08,-2.30510665802399e-08,-2.29993782935402e-08,-2.30381930409932e-08,-2.32295433844408e-08,-2.32707744865653e-08,-2.31552772121102e-08,-2.35515087790432e-08,-2.35285979295126e-08,-2.35376480323483e-08,-2.37299740795304e-08,-2.35209320752271e-08,-2.38163639610512e-08,-2.36945499737889e-08,-2.38395781967802e-08,-2.38332029904667e-08,-2.38860063644026e-08,-2.41546978088333e-08,-2.40057894908261e-08,-2.42864943338386e-08,-2.42079565364213e-08,-2.43159971231134e-08,-2.43714189096968e-08,-2.44799374000419e-08,-2.45625925890116e-08,-2.45269154265489e-08,-2.46062170578997e-08,-2.45915346969726e-08,-2.48499128561527e-08,-2.47726156778693e-08,-2.49429351491696e-08,-2.49820265137514e-08,-2.49313975243815e-08,-2.49286606830094e-08,-2.5074921130233e-08,-2.52170654524261e-08,-2.50798074126507e-08,-2.52409533071365e-08,-2.53553795623854e-08,-2.53622160622651e-08,-2.54730004405537e-08,-2.55349419527105e-08,-2.56294262113358e-08,-2.57015349414615e-08,-2.54536096625201e-08,-2.58576001391416e-08,-2.59004206877509e-08,-2.59750480374605e-08,-2.59571458404828e-08,-2.61209227752938e-08,-2.60445256038921e-08,-2.60954512890423e-08,-2.62309001970142e-08,-2.63254635173335e-08,-2.63542647318848e-08,-2.65600793160104e-08,-2.66644280067539e-08,-2.67369488721573e-08,-2.68127929655909e-08,-2.67034348838827e-08,-2.68055860403826e-08,-2.69106934597925e-08,-2.71650753753996e-08,-2.71604392171777e-08,-2.7200512032392e-08,-2.72643090239726e-08,-2.72227017115899e-08,-2.74338676075585e-08,-2.72875713196094e-08,-2.75465957411948e-08,-2.75918764961944e-08,-2.75675596775437e-08,-2.76587658798854e-08,-2.79052089836505e-08,-2.77981699292606e-08,-2.80475871408345e-08,-2.79177006356114e-08,-2.79467482803065e-08,-2.81047060751028e-08,-2.83029099530845e-08,-2.84324148622203e-08,-2.82032462794642e-08,-2.83592703410058e-08,-2.8724124327321e-08,-2.86012499448713e-08,-2.88619836843394e-08,-2.87517974596325e-08,-2.87458025297115e-08,-2.88247725727299e-08,-2.91150881246795e-08,-2.90427741170175e-08,-2.90581336943333e-08,-2.92649977972562e-08,-2.91928550823234e-08,-2.93455461083197e-08,-2.93170131016945e-08,-2.94362836697662e-08,-2.95386125530077e-08,-2.96767687965687e-08,-2.98040740677364e-08,-2.97455464334067e-08,-3.00304657205922e-08,-3.00642499054877e-08,-3.008011652031e-08,-3.01323585941394e-08,-3.03938017422826e-08,-3.02220101616323e-08,-3.048414154403e-08,-3.05219514249121e-08,-3.05295005187424e-08,-3.07443611397591e-08,-3.08270261559137e-08,-3.08962794525169e-08,-3.0911648564974e-08,-3.08345545988947e-08,-3.11366709398899e-08,-3.12719068826758e-08,-3.11133980742578e-08,-3.16032002777465e-08,-3.13168584390534e-08,-3.1518985374201e-08,-3.14969006805472e-08,-3.16943620189414e-08,-3.16562400694354e-08,-3.17804566387328e-08,-3.17804196280886e-08,-3.19271639813123e-08,-3.19987074895258e-08,-3.22133832121797e-08,-3.23940337671065e-08,-3.22847117900968e-08,-3.2434482949737e-08,-3.26467905367966e-08,-3.2793406798172e-08,-3.25456828969671e-08,-3.29884931482148e-08,-3.28279317344852e-08,-3.3021206337561e-08,-3.31596203384648e-08,-3.31969113470125e-08,-3.31946913457351e-08,-3.33968099434932e-08,-3.34042879950434e-08,-3.35363120012166e-08,-3.38058560500316e-08,-3.37830188049389e-08,-3.36977482834835e-08,-3.39722628739466e-08,-3.39790299703747e-08,-3.39917547023927e-08,-3.43163350190056e-08,-3.40588474070572e-08,-3.44537007181315e-08,-3.42303004540059e-08,-3.46649059660526e-08,-3.47595624723969e-08,-3.47678236479344e-08,-3.48998270196618e-08,-3.50624774994336e-08,-3.48869570934262e-08,-3.49324633838695e-08,-3.51721112044096e-08,-3.52158462344881e-08,-3.53768830323692e-08,-3.53739763329318e-08,-3.57155376387861e-08,-3.58008702083568e-08,-3.55451228081446e-08,-3.57979213445768e-08,-3.58194872721535e-08,-3.59799556993773e-08,-3.61008361687117e-08,-3.61797087288874e-08,-3.62841405809564e-08,-3.64751156641538e-08,-3.64287691013008e-08,-3.65532278815776e-08,-3.65838510488026e-08,-3.67868758264033e-08,-3.69695903935079e-08,-3.7075028212502e-08,-3.70529743231632e-08,-3.70526149158176e-08,-3.73479610637979e-08,-3.73714964480854e-08,-3.75518606664146e-08,-3.75480766066142e-08,-3.76003352258561e-08,-3.77233250918852e-08,-3.79615834819502e-08,-3.80581751590473e-08,-3.80979345510712e-08,-3.83312725482176e-08,-3.86346938978526e-08,-3.85832608852947e-08,-3.85580808156026e-08,-3.85935801280343e-08,-3.86579248170555e-08,-3.88315563777186e-08,-3.89181964104044e-08,-3.90813235213498e-08,-3.93536755513743e-08,-3.91719119628577e-08,-3.9237024666792e-08,-3.93240693484405e-08,-3.97159632583788e-08,-3.97088499001312e-08,-3.96122100326335e-08,-3.96317168044644e-08,-3.99438044454125e-08,-4.00037336333378e-08,-3.99290358464184e-08,-4.01537654209599e-08,-4.03391748061277e-08,-4.02649551089468e-08,-4.05359620137331e-08,-4.0472532598842e-08,-4.07231917568376e-08,-4.08039446148059e-08,-4.09121913795802e-08,-4.11448091769269e-08,-4.10938239939641e-08,-4.09904112514888e-08,-4.13327198186212e-08,-4.13464789689008e-08,-4.15597357449074e-08,-4.16205572425793e-08,-4.17341689939626e-08,-4.16908424902386e-08,-4.19127857276636e-08,-4.18547805794358e-08,-4.20772174726696e-08,-4.22589047537613e-08,-4.20934022185803e-08,-4.21322374670056e-08,-4.24324773980046e-08,-4.25251302703283e-08,-4.2841415317845e-08,-4.25678084797356e-08,-4.26746358203508e-08,-4.2758749067143e-08,-4.31089825092117e-08,-4.30834562024559e-08,-4.32797807907637e-08,-4.29891205060764e-08,-4.32821046124169e-08,-4.33468364720466e-08,-4.36032267599234e-08,-4.33603211694231e-08,-4.3647526054914e-08,-4.38211263478187e-08,-4.38123956614374e-08,-4.37024505469941e-08,-4.39872046432538e-08,-4.40893859312429e-08,-4.39045615217297e-08,-4.42243263933665e-08,-4.41380676433296e-08,-4.43210501827976e-08,-4.44316152309819e-08,-4.45330955402431e-08,-4.4551289182625e-08,-4.46277522501877e-08,-4.46956054328314e-08,-4.47225543819298e-08,-4.47994936044695e-08,-4.50064856442001e-08,-4.47484951610755e-08,-4.48384379867515e-08,-4.51034303248903e-08,-4.48790403788102e-08,-4.48602820743886e-08,-4.51243476456442e-08,-4.53248745629527e-08,-4.52699511736289e-08,-4.51399082431855e-08,-4.51698609187838e-08,-4.52083930987544e-08,-4.55164141889668e-08,-4.5067371715782e-08,-4.53488721611481e-08,-4.549175278307e-08,-4.52687660985809e-08,-4.53122093894195e-08,-4.54176093313097e-08,-4.53780627574066e-08,-4.52834997935167e-08,-4.5464192476211e-08,-4.541907286817e-08,-4.53977211089212e-08,-4.54621419957688e-08,-4.52969668355079e-08,-4.53860927819056e-08,-4.52612303887325e-08,-4.5216545782958e-08,-4.52565043716875e-08,-4.51753106217441e-08,-4.50249570197389e-08,-4.50561993311579e-08,-4.50648130525209e-08,-4.49114695040768e-08,-4.46638288133015e-08,-4.47904507186071e-08,-4.45246236592382e-08,-4.46787135625622e-08,-4.44683803517706e-08,-4.42783468606869e-08,-4.41361496522696e-08,-4.40162967682222e-08,-4.3857579634572e-08,-4.3757367131205e-08,-4.34890747563623e-08,-4.33712307258893e-08,-4.32673361023186e-08,-4.31475578582381e-08,-4.30320903540102e-08,-4.26514029918956e-08,-4.26418060079543e-08,-4.2233807954646e-08,-4.20138521538393e-08,-4.17909393573698e-08,-4.1372443946057e-08,-4.10752391324767e-08,-4.08525570714182e-08,-4.06176141122455e-08,-4.02184224855099e-08,-3.9823334234123e-08,-3.95628580125912e-08,-3.92369424021174e-08,-3.86671218605333e-08,-3.80871785855647e-08,-3.79899251895915e-08,-3.74368920559935e-08,-3.701173373287e-08,-3.64402006566268e-08,-3.59948097774016e-08,-3.55938734728502e-08,-3.48408318320379e-08,-3.4390790613126e-08,-3.34329095758839e-08,-3.31415094203442e-08,-3.21046622269985e-08,-3.15755427821544e-08,-3.08480957336552e-08,-3.00601125896382e-08,-2.94036112532326e-08,-2.84952684532174e-08,-2.74430290879487e-08,-2.66952162415563e-08,-2.59868642517871e-08,-2.4813896915899e-08,-2.37417623951826e-08,-2.27954548287293e-08,-2.15350892934989e-08,-2.04254492985927e-08,-1.91022756281804e-08,-1.79946598622273e-08,-1.65550629004416e-08,-1.52055349134101e-08,-1.37204697672933e-08,-1.21840428028606e-08,-1.05478318404539e-08,-9.05080660394094e-09,-7.1708907949441e-09,-5.46009494411338e-09,-3.69958607435285e-09,-1.61045472936778e-09,4.01016612098062e-10,2.62831687069709e-09,4.77622851881398e-09,7.11757912741778e-09,9.80467126687038e-09,1.23240163417855e-08,1.49384145828948e-08,1.76798901453171e-08,2.09217044837079e-08,2.37556158661451e-08,2.70352831806833e-08,3.06443767540062e-08,3.41957546474331e-08,3.77808590462104e-08,4.16251023585899e-08,4.58350015917295e-08,5.02224708154229e-08,5.45963787364291e-08,5.9481971340965e-08,6.45249249800419e-08,6.9958784446013e-08,7.55020971380852e-08,8.13514904182952e-08,8.7430893291174e-08,9.38737937720053e-08,1.00918569220635e-07,1.08022297086543e-07,1.15703453657184e-07,1.23807001176546e-07,1.32308727858058e-07,1.41381334912122e-07,1.50872693573729e-07,1.60704406733555e-07,1.71437941275074e-07,1.82757983213672e-07,1.94598583318893e-07,2.07259616210751e-07,2.20440001932192e-07,2.34489794865501e-07,2.49236687207088e-07,2.6502674315272e-07,2.81487922660178e-07,2.98753706389313e-07,3.1690730989401e-07,3.35747166545761e-07,3.5538663109414e-07
