v,0.25
Patm,100000
g,9.81
r,500
G,10^9.15
rho,2300
mu,10^3.73
rc,11
 
M,10^4.94
sigma,0.25
 
tilt_erupt,19.5393nrad
 
-1070,-1069,-1068,-1067,-1066,-1065,-1064,-1063,-1062,-1061,-1060,-1059,-1058,-1057,-1056,-1055,-1054,-1053,-1052,-1051,-1050,-1049,-1048,-1047,-1046,-1045,-1044,-1043,-1042,-1041,-1040,-1039,-1038,-1037,-1036,-1035,-1034,-1033,-1032,-1031,-1030,-1029,-1028,-1027,-1026,-1025,-1024,-1023,-1022,-1021,-1020,-1019,-1018,-1017,-1016,-1015,-1014,-1013,-1012,-1011,-1010,-1009,-1008,-1007,-1006,-1005,-1004,-1003,-1002,-1001,-1000,-999,-998,-997,-996,-995,-994,-993,-992,-991,-990,-989,-988,-987,-986,-985,-984,-983,-982,-981,-980,-979,-978,-977,-976,-975,-974,-973,-972,-971,-970,-969,-968,-967,-966,-965,-964,-963,-962,-961,-960,-959,-958,-957,-956,-955,-954,-953,-952,-951,-950,-949,-948,-947,-946,-945,-944,-943,-942,-941,-940,-939,-938,-937,-936,-935,-934,-933,-932,-931,-930,-929,-928,-927,-926,-925,-924,-923,-922,-921,-920,-919,-918,-917,-916,-915,-914,-913,-912,-911,-910,-909,-908,-907,-906,-905,-904,-903,-902,-901,-900,-899,-898,-897,-896,-895,-894,-893,-892,-891,-890,-889,-888,-887,-886,-885,-884,-883,-882,-881,-880,-879,-878,-877,-876,-875,-874,-873,-872,-871,-870,-869,-868,-867,-866,-865,-864,-863,-862,-861,-860,-859,-858,-857,-856,-855,-854,-853,-852,-851,-850,-849,-848,-847,-846,-845,-844,-843,-842,-841,-840,-839,-838,-837,-836,-835,-834,-833,-832,-831,-830,-829,-828,-827,-826,-825,-824,-823,-822,-821,-820,-819,-818,-817,-816,-815,-814,-813,-812,-811,-810,-809,-808,-807,-806,-805,-804,-803,-802,-801,-800,-799,-798,-797,-796,-795,-794,-793,-792,-791,-790,-789,-788,-787,-786,-785,-784,-783,-782,-781,-780,-779,-778,-777,-776,-775,-774,-773,-772,-771,-770,-769,-768,-767,-766,-765,-764,-763,-762,-761,-760,-759,-758,-757,-756,-755,-754,-753,-752,-751,-750,-749,-748,-747,-746,-745,-744,-743,-742,-741,-740,-739,-738,-737,-736,-735,-734,-733,-732,-731,-730,-729,-728,-727,-726,-725,-724,-723,-722,-721,-720,-719,-718,-717,-716,-715,-714,-713,-712,-711,-710,-709,-708,-707,-706,-705,-704,-703,-702,-701,-700,-699,-698,-697,-696,-695,-694,-693,-692,-691,-690,-689,-688,-687,-686,-685,-684,-683,-682,-681,-680,-679,-678,-677,-676,-675,-674,-673,-672,-671,-670,-669,-668,-667,-666,-665,-664,-663,-662,-661,-660,-659,-658,-657,-656,-655,-654,-653,-652,-651,-650,-649,-648,-647,-646,-645,-644,-643,-642,-641,-640,-639,-638,-637,-636,-635,-634,-633,-632,-631,-630,-629,-628,-627,-626,-625,-624,-623,-622,-621,-620,-619,-618,-617,-616,-615,-614,-613,-612,-611,-610,-609,-608,-607,-606,-605,-604,-603,-602,-601,-600,-599,-598,-597,-596,-595,-594,-593,-592,-591,-590,-589,-588,-587,-586,-585,-584,-583,-582,-581,-580,-579,-578,-577,-576,-575,-574,-573,-572,-571,-570,-569,-568,-567,-566,-565,-564,-563,-562,-561,-560,-559,-558,-557,-556,-555,-554,-553,-552,-551,-550,-549,-548,-547,-546,-545,-544,-543,-542,-541,-540,-539,-538,-537,-536,-535,-534,-533,-532,-531,-530,-529,-528,-527,-526,-525,-524,-523,-522,-521,-520,-519,-518,-517,-516,-515,-514,-513,-512,-511,-510,-509,-508,-507,-506,-505,-504,-503,-502,-501,-500,-499,-498,-497,-496,-495,-494,-493,-492,-491,-490,-489,-488,-487,-486,-485,-484,-483,-482,-481,-480,-479,-478,-477,-476,-475,-474,-473,-472,-471,-470,-469,-468,-467,-466,-465,-464,-463,-462,-461,-460,-459,-458,-457,-456,-455,-454,-453,-452,-451,-450,-449,-448,-447,-446,-445,-444,-443,-442,-441,-440,-439,-438,-437,-436,-435,-434,-433,-432,-431,-430,-429,-428,-427,-426,-425,-424,-423,-422,-421,-420,-419,-418,-417,-416,-415,-414,-413,-412,-411,-410,-409,-408,-407,-406,-405,-404,-403,-402,-401,-400,-399,-398,-397,-396,-395,-394,-393,-392,-391,-390,-389,-388,-387,-386,-385,-384,-383,-382,-381,-380,-379,-378,-377,-376,-375,-374,-373,-372,-371,-370,-369,-368,-367,-366,-365,-364,-363,-362,-361,-360,-359,-358,-357,-356,-355,-354,-353,-352,-351,-350,-349,-348,-347,-346,-345,-344,-343,-342,-341,-340,-339,-338,-337,-336,-335,-334,-333,-332,-331,-330,-329,-328,-327,-326,-325,-324,-323,-322,-321,-320,-319,-318,-317,-316,-315,-314,-313,-312,-311,-310,-309,-308,-307,-306,-305,-304,-303,-302,-301,-300,-299,-298,-297,-296,-295,-294,-293,-292,-291,-290,-289,-288,-287,-286,-285,-284,-283,-282,-281,-280,-279,-278,-277,-276,-275,-274,-273,-272,-271,-270,-269,-268,-267,-266,-265,-264,-263,-262,-261,-260,-259,-258,-257,-256,-255,-254,-253,-252,-251,-250,-249,-248,-247,-246,-245,-244,-243,-242,-241,-240,-239,-238,-237,-236,-235,-234,-233,-232,-231,-230,-229,-228,-227,-226,-225,-224,-223,-222,-221,-220,-219,-218,-217,-216,-215,-214,-213,-212,-211,-210,-209,-208,-207,-206,-205,-204,-203,-202,-201,-200,-199,-198,-197,-196,-195,-194,-193,-192,-191,-190,-189,-188,-187,-186,-185,-184,-183,-182,-181,-180,-179,-178,-177,-176,-175,-174,-173,-172,-171,-170,-169,-168,-167,-166,-165,-164,-163,-162,-161,-160,-159,-158,-157,-156,-155,-154,-153,-152,-151,-150,-149,-148,-147,-146,-145,-144,-143,-142,-141,-140,-139,-138,-137,-136,-135,-134,-133,-132,-131,-130,-129,-128,-127,-126,-125,-124,-123,-122,-121,-120,-119,-118,-117,-116,-115,-114,-113,-112,-111,-110,-109,-108,-107,-106,-105,-104,-103,-102,-101,-100,-99,-98,-97,-96,-95,-94,-93,-92,-91,-90,-89,-88,-88,-87,-86,-85,-84,-83,-82,-81,-80,-79,-78,-77,-76,-75,-74,-73,-72,-71,-70,-69,-68,-67,-66,-65,-64,-63,-62,-61,-60,-59,-58,-57,-56,-55,-54,-53,-52,-51,-50,-49,-48,-47,-46,-45,-44,-43,-42,-41,-40,-39,-38,-37,-36,-35,-34,-33,-32,-31,-30,-29,-28,-27,-26,-25,-24,-23,-22,-21,-20,-19,-18,-17,-16,-15,-14,-13,-12,-11,-10,-9,-8,-7,-6,-5,-4,-3,-2,-1,0
-2.62369018867883e-10,1.98256518833373e-10,-6.32837966694407e-12,2.71566146750765e-12,4.35899660196367e-10,-3.3015879617372e-10,1.62606619551986e-11,3.72280462546556e-10,2.21641485515666e-10,8.60540839198232e-10,3.63525362735294e-10,-1.44783490706873e-10,1.95916586654946e-10,-1.46122592292673e-10,6.7497011486456e-11,-2.21435314338832e-10,-2.0576254987209e-10,-1.36478891691143e-10,-2.83153389452923e-11,-5.45975556763213e-10,-1.43394805636166e-10,-4.42979084235147e-10,-5.48477855444113e-11,-8.79928085572317e-12,-1.27046365316192e-10,-3.32483232609699e-10,-3.61851879208682e-11,-3.68236734440455e-10,1.95043677262111e-10,-1.57350776676081e-10,-2.53478902484328e-10,2.59098749125446e-10,-1.97063266660082e-10,-1.97422174779334e-13,-1.23561678964656e-10,-1.12239326378952e-10,1.87997894577824e-10,-4.97830902852791e-10,-8.44339334263542e-11,5.05021879826681e-10,6.05327404385265e-11,1.19691095801105e-10,5.87032471570254e-10,-1.55060323389614e-10,-1.59371561454363e-10,-2.02528074368422e-10,-2.91136119092862e-10,6.54513328741758e-10,4.48983234713045e-11,-1.26392121906356e-10,1.12959264396733e-10,-5.56742430249335e-12,-2.83436706981525e-11,-2.84118784304054e-11,2.93323943545825e-10,1.47321644043318e-10,-3.00089082643109e-10,-5.60484302178977e-11,-3.04914127492333e-10,2.94115906040892e-10,3.07260291418107e-10,7.28152962699394e-11,4.31378451429636e-12,1.10698178403829e-10,-9.25251848315977e-11,2.64996207267678e-10,-1.38277391315016e-10,-9.23833294603251e-12,8.75144968115889e-11,-1.22615894647156e-10,-1.75317218708272e-10,-2.55425324208923e-11,-1.27768893976168e-10,5.80689904146029e-11,-9.33727048316102e-11,1.77230305422769e-10,-1.18212544807041e-10,2.29054552003242e-10,4.18044025999367e-11,-1.06368522221028e-10,5.96052957501402e-10,-8.07103232292292e-11,-2.08592601879275e-10,3.40783372844959e-10,1.71571101843908e-10,1.08190591887705e-10,-1.24880049700014e-11,7.18968468309653e-11,-4.2536584351941e-10,-1.49424200246422e-10,-1.01465025223428e-10,1.89862713207644e-10,1.52625055318662e-10,-2.48435142214992e-10,4.82250740720627e-10,-4.20792172710084e-11,-1.31668742483745e-10,-8.60617427465923e-11,-3.26392385729423e-10,-4.07130888318675e-10,3.2388009973324e-10,1.0098653283559e-10,2.70411262330218e-10,5.04131926583425e-11,2.60596098513003e-10,1.2898071138691e-11,7.55698821996559e-10,-2.07729530970271e-10,4.25665277028977e-10,7.97436312379874e-11,1.05006231440764e-10,-1.82904510530747e-10,-9.43240506093785e-11,-1.1897764712465e-10,-1.14318117618388e-10,1.07775401789199e-10,-1.64596043523531e-10,-7.20492717316398e-11,-4.77020874457207e-10,6.90122261692886e-11,1.35421491055895e-10,2.38687082433541e-10,-6.19988989564701e-11,1.56673180016124e-10,-3.47501667394104e-10,1.73557942989103e-10,1.07712813428183e-10,-1.79699702886308e-10,-1.71033173453324e-10,3.66669644774786e-10,1.87927376726364e-10,1.82760843376017e-10,8.5809330182336e-11,-9.94634456719266e-12,6.15044229348293e-11,2.45302982548655e-10,-2.28663203249672e-12,-2.52928324434231e-10,-9.18298323488005e-11,4.9974895883446e-11,1.67528161581492e-10,-8.43386511117948e-11,-7.02516697290425e-11,2.60314435657276e-10,2.49885594834752e-10,7.59222497799652e-11,-3.34058156664915e-11,-3.5280404274999e-10,-2.73652250486059e-11,1.49037019287767e-10,2.16836853833463e-11,2.23303977973252e-10,7.98152557601294e-10,1.94629381780214e-10,8.28070067972663e-11,-2.72914018667054e-10,1.57190781352752e-10,7.0357175978485e-11,-3.64930798654176e-11,-1.35980481195862e-10,-2.60632623991652e-10,-2.44264430929191e-10,2.60109538466893e-10,7.92146772089008e-11,9.65772194893542e-11,4.1723609454329e-11,-9.51599853774374e-11,-5.43039891312696e-11,8.47137475555999e-11,1.87156044341024e-10,-4.39272887074748e-10,-4.34880424863347e-10,1.36644668298182e-10,-1.90004738330093e-10,1.48859192787268e-11,4.15696211852839e-10,3.55867170209185e-10,-3.2123225817724e-10,5.5285863289692e-11,-1.82147845850059e-10,1.86677339393413e-10,-7.47985563985459e-11,1.96467329004781e-10,-4.93219365501382e-10,1.64135806759523e-10,2.00676479639573e-11,-2.93059581088216e-10,4.72985467532809e-10,1.60993817418888e-10,-2.51529788446599e-10,-5.99619114852443e-11,3.47316980938773e-10,2.5583379985171e-10,-4.04566225203249e-12,-1.31470810717768e-10,-1.03512890086396e-10,-3.00583402176865e-10,5.17735199479144e-10,-9.60203071132052e-11,-1.56477300892619e-10,-1.64188139370684e-10,1.98977510090618e-10,-9.568664809074e-11,1.51605564857322e-10,-3.08290828513612e-11,1.57227782390651e-10,-4.81497073114303e-10,-2.21266692792177e-10,-6.46502633473185e-11,7.66110486988028e-11,-2.07594969277549e-11,8.4147527355048e-11,-2.11899101413271e-10,2.38052158013373e-12,2.38971119970581e-10,-2.31132120950378e-10,7.28601907275263e-11,-7.25994168461863e-11,2.72102892348658e-10,-2.5186840955225e-10,-8.91983101729609e-11,-7.3740733809411e-11,-3.26973631648408e-10,1.7193073738979e-11,-2.97623540224337e-10,-2.89019093039787e-10,-3.78812096110075e-10,-1.26514272521018e-10,-1.39075185304328e-10,-1.49452778470781e-10,1.34110348788879e-10,7.68575571656615e-11,-3.62879736330569e-10,1.95157337157992e-10,7.77090954991881e-11,2.96683191878299e-10,1.85139809767322e-10,-8.89673070332321e-11,1.1905902542279e-10,-1.77837293461868e-10,2.07299921116594e-10,1.50005084034426e-10,-2.95498618154733e-11,-6.14724408255555e-10,2.48276587068823e-10,-4.51356699291832e-11,-1.50658831874197e-10,-3.38290324164135e-11,1.90115320393866e-10,-2.09858276104835e-10,-1.06442457212849e-10,-7.40643495793436e-11,3.1990443081287e-11,3.38498578959266e-10,4.59607857323698e-11,8.89614064389657e-11,2.77037764665747e-11,1.00871363159695e-10,1.56837600013084e-10,-1.88766131778766e-10,2.95857640245275e-11,2.46673906775476e-10,1.91149291166148e-10,-8.44337190138715e-11,-1.3304993248758e-10,8.0064222221154e-11,-1.70734859399953e-10,4.18896925546866e-10,2.58342246184978e-10,1.10695807897889e-10,-1.38241988278152e-10,-3.83559592079925e-10,3.48365886601418e-10,-3.28340531101624e-10,1.39416959070147e-10,-2.27922546897806e-10,5.77894583231915e-11,2.88326824391475e-10,1.35831200933228e-11,2.85826101393779e-11,1.93100248279372e-10,-3.85566987875819e-10,1.72308756338015e-10,-1.91579862640949e-10,-3.41874736589313e-10,-1.3274827770171e-10,1.18889754632946e-10,-2.30773907578037e-10,-2.20578591941973e-10,-2.97052725220334e-11,1.25650158753514e-10,-1.60090380943938e-10,8.4795883721509e-11,4.95382703813425e-10,1.73085674567233e-11,5.03515048997904e-10,1.89060100389281e-11,-2.14869747279908e-10,-4.75739040909854e-10,1.98225107706894e-10,3.28406980971328e-10,2.38375569309458e-10,1.58361836514536e-10,-1.42003659744223e-10,-6.43639719200319e-11,-5.84511018825063e-11,-2.12319973089246e-10,-3.86130603441224e-10,-1.79383148996958e-10,3.9942409911178e-12,2.22537244213564e-10,-1.41736807548945e-10,5.99524842618722e-10,2.41664440997739e-10,4.32932178391282e-11,1.20830947192648e-10,-2.54272706418758e-10,2.8985865038405e-10,-1.39422614593493e-10,1.47446009738321e-10,-2.50209778233854e-11,-1.82178895624753e-11,2.72298462772794e-10,4.72619656344947e-10,5.80402399967513e-10,-5.17293379289797e-11,-5.29604252156836e-11,-7.11625639713899e-11,8.96570028697964e-11,3.33365514875836e-11,-4.95767730232777e-10,-1.85056842284814e-10,-2.16788374485638e-10,-2.53084575259666e-10,2.93488560261868e-11,-1.36707331619948e-10,-4.02428539395233e-10,2.05756758080942e-10,3.48534641534556e-10,-3.67135149593261e-12,-9.33780100071806e-11,-6.24158700203573e-11,4.1948974314907e-10,2.74635746572817e-10,1.60957254002723e-10,1.72448302977691e-10,-3.31825089703683e-10,1.00798550105346e-10,-9.48162005224412e-11,1.81404255429556e-10,8.81624125481511e-11,-1.32636239498521e-10,-6.45563225819561e-11,-1.77612100414495e-10,-3.4818254758927e-10,-4.48017273678372e-10,-1.81336419739097e-10,-1.43998507137025e-10,4.86281741988021e-10,6.35026784031193e-11,-2.65327886358394e-10,-5.54595280060107e-11,-1.0280925276322e-10,1.51412489837556e-10,1.34103103886713e-10,2.49425099386618e-10,-9.6708258681106e-11,-6.46591459377144e-11,-8.76939863427735e-11,-8.84329823017465e-11,1.26971696799952e-10,1.50795646482822e-10,3.10014768754842e-10,2.70139628908121e-10,3.77120205885318e-11,3.94826468140524e-11,1.03001750776896e-10,-3.28111152045744e-11,-6.54999185345469e-11,-3.60644450458736e-10,6.47737224596579e-11,-1.17713354837613e-10,-6.73055536958054e-11,4.27747285246046e-10,1.97802335543937e-10,4.48915924403097e-11,-2.57372918789145e-12,-3.60916932396102e-10,-3.00340819255098e-10,8.69996966941439e-11,1.47112793733789e-11,2.42048848477979e-10,-1.61005102619239e-10,2.85664918278887e-10,1.12496350893704e-11,-1.70165568962143e-10,-5.7484415938352e-11,-4.78413224459191e-10,6.5514189839182e-10,1.74106600314883e-10,5.77456762543059e-11,4.57488476896822e-10,3.72694272956567e-11,1.25063506453841e-10,5.54177908299863e-12,-2.58354021933477e-10,-8.56014433419271e-11,3.5385569982064e-10,-6.75105339941142e-11,-1.84926396441465e-10,2.35456035524121e-10,-4.81722436420311e-10,-1.1699311640443e-10,-3.08012156106431e-10,-1.4106539930481e-11,-2.3202693439959e-10,4.23381456359582e-10,-2.43467720354434e-10,-1.71343918247297e-10,-6.72699397142359e-10,7.33865843896465e-10,-1.68742459752511e-11,1.84114739130694e-10,-1.69199246462152e-10,-3.7682023175827e-11,7.41837358796528e-11,4.24732295909431e-10,-1.15082625131758e-10,1.98776481441255e-10,-1.39054881866776e-10,2.74488471048054e-11,6.60200968126054e-11,1.13158777593565e-10,-2.66036081205674e-10,3.20351952894241e-10,-2.87968187576974e-10,-2.33876373763465e-10,3.29164377128752e-10,2.29188021369583e-10,3.26119949443834e-11,-7.51313589973953e-11,-1.01783720365679e-10,4.00106026023634e-12,-7.8618794573744e-11,3.59097197148434e-10,5.57071166257831e-10,1.6234192123135e-10,-1.48864790370876e-10,-1.58229473590642e-10,4.13705192873988e-10,2.20511591872056e-10,-3.21421209027719e-10,-1.80775567188142e-10,2.41286862167915e-10,2.09683600148858e-11,-1.70624062373956e-10,-1.73219150572987e-10,8.58462962451907e-11,-5.06190471003031e-10,-2.25489649161441e-11,5.08432989158756e-10,1.84023848085402e-10,1.85105299288248e-10,-1.90560677126696e-10,9.08574067407228e-11,5.59255241218774e-11,-2.37957629004795e-10,-2.69323875314196e-10,1.23002710260453e-10,4.46713851977211e-10,4.11076179416719e-10,-3.8232078873447e-10,-8.97026370879463e-12,3.36156559672193e-11,7.57818652817472e-11,-5.44585925769982e-10,-1.1996143142657e-11,2.02354170563056e-10,5.72583595642981e-10,-2.07717315539115e-10,3.82750892449952e-10,2.60779936501708e-10,-6.87326418227902e-11,-5.19746359050884e-11,-2.99415536573924e-10,-2.45838911944186e-10,-1.62573539985743e-10,-6.35494428974312e-11,-2.96261554374302e-10,-3.58926825482525e-10,3.84651219323076e-10,-6.4616953817211e-12,6.54428556806482e-12,-5.50168693807857e-11,-2.63977577389617e-10,2.89136479912421e-10,9.12658382191205e-11,2.24038493456056e-11,1.75614220912081e-11,-1.63252618465867e-11,2.46604996623649e-10,1.86087254999985e-10,-1.92051785502667e-10,5.30466434800512e-10,-2.67385754792478e-10,2.96086497685122e-11,-7.87421650940921e-11,-3.07025607680633e-10,-1.08009854104001e-10,-3.52728905279884e-10,-1.4282151701395e-11,-4.43809335213048e-10,2.26157265404344e-10,3.612204778334e-10,5.98654511145101e-11,-1.57540766952967e-10,7.45317322813254e-10,1.32694678697591e-10,-4.57287231165182e-11,7.52803314061703e-11,-5.58825573307099e-10,6.40026005055979e-10,8.25818183085265e-12,5.33576159073614e-10,-2.89030402782336e-11,-2.04380922004803e-10,-3.82918170222748e-11,3.62577514735035e-11,-4.28952139031416e-10,1.42264014998293e-10,2.11880566195191e-10,2.96226260026822e-10,9.04002213775827e-12,-9.54703800591233e-11,-5.70064561212138e-11,5.25358045177953e-10,3.82959604865499e-10,-2.84498195800013e-12,6.76596939813957e-10,-5.22414851531097e-11,-5.01002320188321e-10,1.1555509264799e-10,-6.46766280102701e-11,-1.94339583752824e-10,4.82054402372123e-11,2.09049673078857e-10,-4.53117137885872e-11,-3.05433629743636e-10,3.12670791139746e-10,-3.41639385295746e-10,1.78069542240495e-10,-1.15319263487122e-10,3.27744743335635e-10,2.53878350045437e-11,-4.00316570498374e-10,-2.51396371630083e-10,-2.94369679857433e-10,-9.28767726171696e-11,-2.59516114660939e-10,-2.29209597662321e-10,-8.13250873579197e-12,8.28652412308115e-12,-9.59398475961253e-11,2.22081457100579e-11,-3.99413792014055e-11,-3.96078450907474e-10,-4.60058311820474e-10,5.48307719626467e-10,1.46374736839467e-10,2.99488311478291e-10,3.84142268464845e-10,-2.32438333238442e-10,1.1891772052128e-10,-3.55206079174384e-10,2.74575682670409e-10,-3.02015284296154e-11,5.67232045262842e-11,1.8200192618675e-10,1.18147048665916e-10,-8.79988127224283e-11,1.70097087707091e-10,8.87775083926555e-11,2.32651148491856e-10,1.19667844298343e-10,5.67112718366501e-11,3.42254041092816e-11,-1.58262396701532e-10,3.47496251655671e-10,3.16888782961032e-10,2.37031132230902e-10,2.24470855502884e-10,1.49496294084475e-10,2.62015170468441e-10,-4.71609871754302e-11,4.74763291315594e-10,2.92890389469904e-10,6.14706356266751e-11,2.63610553585162e-10,2.7350949892179e-10,-2.16845230012697e-10,3.95854408492562e-11,-3.06141785335851e-10,-3.57741607585491e-10,1.83763794998271e-10,1.69524373562833e-10,5.58467814301427e-10,2.75870024086816e-11,-1.49211254669261e-10,-6.05917890325431e-11,-1.74772516007438e-10,-2.90254588669021e-10,-1.66068499574523e-10,-2.30909360598522e-10,-5.07477853239385e-10,-5.47713074896674e-10,1.33095585994441e-10,-1.10102726259977e-10,-2.25806121616861e-10,-4.14709424640553e-11,8.56613000029574e-12,1.84772219296248e-10,-6.13080754809101e-10,-2.88650136177968e-10,7.16914531910481e-11,3.35555368974676e-11,-9.24455397495333e-11,-2.55598293484857e-10,2.33191058275728e-10,1.15448893388804e-11,-2.77270794033407e-10,-1.93010835411954e-10,-4.70729708425934e-11,-1.11186058144404e-10,2.14028055779312e-10,3.0876235739529e-10,-3.66775928062183e-10,3.45332162524871e-10,-2.36886496213458e-10,2.1807280392708e-10,-1.07501315900829e-10,-2.20646058303939e-10,2.69843094527284e-10,-4.72372430969474e-10,-2.66997236644493e-10,3.99659903743026e-10,1.59988700809188e-10,-1.36630716293314e-10,1.33967000816931e-10,-8.61456927013851e-11,2.58043636253162e-10,3.16684956037146e-10,-3.88022536011254e-11,-1.13243347283199e-10,-5.07384635731401e-10,4.05853638567345e-11,2.0420992476662e-10,-9.98865154951575e-11,-2.76904495285222e-10,7.664725354856e-11,-2.8046929913612e-11,3.38222101425343e-10,-7.85458339007745e-11,-4.99819493093158e-10,3.41545155252959e-10,5.33809013737278e-10,1.94928258521285e-10,-1.0579370507882e-10,-2.7016016355539e-11,1.32434349205393e-10,3.08365848105657e-10,-1.40183902856725e-11,2.86670267041037e-11,-1.57818282778699e-10,-1.22405560608899e-10,4.83412848995657e-11,3.17440084394478e-10,-1.41246307162186e-10,2.61695752020791e-10,-1.06570685693056e-10,-5.63814922175042e-10,3.64605889773735e-11,2.67836602992571e-10,-2.1080865154988e-10,7.95993767754767e-11,1.30064896678877e-10,4.51296930892735e-11,1.92585602772707e-10,4.29875451950393e-11,-1.68153730226687e-10,-1.05955932452188e-10,-3.11200703847474e-10,4.14932986593193e-10,2.2050147872213e-10,1.25935304201799e-10,-1.91359581412913e-11,-1.10082573156399e-10,-1.21200984966665e-10,1.83872928081275e-10,5.8622313409097e-10,2.41047968653066e-10,3.47615377415334e-10,1.19256839795744e-10,3.78880776249751e-10,-9.08148256379974e-11,-1.76475123817249e-10,-2.64110237636427e-10,3.71114490455401e-10,5.59046491302256e-11,-1.21961375890871e-10,-2.55214869918825e-10,6.89968849495572e-11,-1.39162122221839e-10,1.20064464213725e-10,1.54245607101779e-10,6.44258271106343e-11,-8.03787419174591e-10,1.20052229394244e-10,5.47019508464429e-10,8.02579554168932e-11,6.03869099351402e-10,-3.45413525053793e-10,1.02890624931439e-10,-2.3869328239945e-10,1.32462582961619e-10,7.23463839745563e-11,5.27952008902594e-11,6.8914294940971e-11,-5.46485434508907e-11,-1.58456586608504e-10,-1.14818821561027e-10,1.76128784687968e-10,-3.66408835800005e-11,-3.33446923043171e-10,-5.57134931470318e-10,2.25743116226944e-10,-1.88048968014928e-10,-2.11319300406877e-10,-1.60528955420391e-10,-3.33626096027152e-10,4.62294405949903e-11,-1.82840341336503e-10,-4.81183757983709e-10,3.23671836071994e-10,7.41639714026902e-10,-1.60153353569395e-10,1.67500200475961e-11,-1.35001739671598e-11,-5.58798312535801e-10,-2.12279731593205e-10,-3.07139593514771e-10,-6.22070572860165e-10,7.66759380037747e-12,-2.12396235298198e-11,2.45681015287143e-10,9.44637360347596e-11,-1.83550624732111e-10,1.68168636339842e-10,-2.02055394459179e-11,-6.94730675701394e-11,2.62662385982708e-10,2.07552178271544e-11,8.73538995507009e-11,-1.87398121892232e-10,4.11774163158683e-11,-1.75406997310481e-10,8.67086834313554e-11,4.06850322452941e-10,-4.1605169238774e-10,3.38962755267006e-11,-1.51474078694521e-10,-2.44956608211782e-10,7.89911251511685e-11,-7.24774136353367e-11,5.01375055497026e-11,1.63176224757926e-10,-4.08691323589033e-10,-6.56189870763671e-11,3.76815663499951e-10,-1.32422843371065e-10,-1.35905486735226e-10,3.24821388463952e-10,-2.93266845858532e-10,5.06879452730926e-10,2.44698723036982e-10,-1.09241868741133e-10,-2.32338015833663e-10,-2.09456310509567e-10,2.89738686589266e-10,7.75712175010576e-11,5.11321822967548e-10,-6.17193791621303e-11,-2.0074449891772e-10,3.93205460657648e-10,2.20235640395711e-10,-2.61043523985779e-10,-2.23029464710688e-10,-5.21612363984077e-11,-3.82254007376484e-10,5.55993072173843e-10,-3.04604849814911e-10,-3.01503155112709e-10,-3.92775920271257e-10,3.39654078014739e-11,-5.90653265417292e-11,1.22899593372419e-10,4.29088710020713e-10,-2.12083826159853e-10,-1.20885853531101e-10,-5.50411952285779e-11,1.8071649971147e-10,3.13213441637091e-11,-1.33567035326415e-10,9.13480045080256e-11,3.07167112378148e-10,7.05352961033228e-11,-3.82010796047153e-11,-2.72110941744083e-11,-2.41476761568466e-10,-7.63543709546025e-11,7.22626115039355e-11,-1.25277663595865e-10,-2.85082596528154e-11,2.53936059868669e-10,5.95791553342804e-10,2.8327310526687e-10,-1.94078464176945e-10,2.67988258722343e-10,-2.14068463214306e-10,-6.75665730061383e-12,1.1262042509993e-10,1.42093690331744e-10,-1.98386056664117e-10,9.39854475463862e-11,-9.33642491227023e-11,-1.56040754362166e-12,-2.05661809022698e-10,-1.01760742830619e-11,3.33273791260635e-10,2.26907461573183e-10,1.29583237879537e-10,9.2986595260698e-11,-4.49613123261933e-11,1.1109323953243e-10,-1.63210694920083e-10,-1.23521736359439e-10,4.84968858904142e-10,-9.80765311114673e-11,-3.59754133700566e-10,5.94708821371092e-11,4.7110604959546e-10,6.78916209293429e-12,5.28307256185904e-10,1.03785997057702e-10,-8.21445361064362e-11,-3.15951574973584e-13,6.81920746826157e-11,8.44549802592391e-11,3.04680301347432e-11,6.85643137098195e-10,6.0936665234904e-11,-2.6389585373938e-10,-3.1586953027478e-10,-2.13638146849215e-10,1.33905160260908e-10,-2.9652979750561e-10,-2.31708956248818e-10,-2.3961210296007e-10,1.90910633967803e-10,-3.11529248215492e-11,-2.91471032769042e-10,-1.4491933797747e-10,9.86773028742097e-11,7.95568846233371e-12,-2.17409963671509e-10,-1.18709671367476e-10,-7.18630528306995e-10,2.40751616765229e-10,-2.3125116983615e-10,7.016099659037e-11,3.05427345497248e-10,-9.29177341206779e-12,7.03658745559287e-11,-2.67045970899574e-10,3.10445237734806e-10,-2.22834676586726e-10,1.77619273118623e-10,-2.92710096462875e-10,-5.406835894327e-10,1.56684496117918e-10,-2.86739007236138e-10,2.63616774865992e-10,-1.68430144670775e-10,3.48003312422396e-10,4.07862604136604e-10,4.27372530937713e-10,8.42616051358554e-11,1.41588860069992e-12,-4.40937343277631e-10,4.64804121761096e-10,1.3704991770359e-10,2.62807686175752e-10,-5.36982240560825e-11,3.2339592731809e-11,1.05315921638138e-10,1.18557784095707e-10,-9.09419195015919e-11,1.56642564532614e-10,-1.08778280840997e-10,-1.22112320627812e-10,2.58032835883716e-10,2.01283251412412e-10,-2.35153964430307e-10,2.25078203326897e-10,-1.47238457060898e-10,1.89452759464987e-10,-2.86372896761043e-10,-2.01444371758726e-10,5.66356382356891e-11,-2.1783044925551e-10,1.1210163790201e-10,3.36060093918199e-10,-1.33828081704136e-10,-1.41113776609549e-10,-3.40707894917388e-12,-2.92017859698396e-11,5.17723582860929e-10,3.17617086780202e-10,3.06439365434439e-10,-1.61278031874953e-10,-4.07179092168804e-10,4.38463114985903e-10,-3.5415253253105e-10,2.70221074710952e-10,-8.89082088961615e-11,-2.48577063300165e-10,-5.62308801487929e-10,-4.81184291427895e-11,1.31634318309081e-10,5.94342974100519e-10,-5.60298203188136e-10,-3.36369674248341e-10,-3.40949934898889e-10,1.38055478663436e-10,3.30383068806892e-10,-9.89683018429953e-11,-2.10973169548049e-10,1.77011233293284e-10,-2.829202374913e-10,8.38043903777322e-11,3.1092226474764e-12,-1.03650012727033e-10,-1.02373884954365e-10,-3.95210955195717e-11,5.8445421391638e-11,-2.84561312224687e-10,-1.30837978449826e-10,-6.95330788359309e-11,2.37279367322115e-10,-3.01108354492936e-10,5.1898715338744e-11,2.08226886138614e-10,1.43195769187345e-10,-3.68132851250196e-10,1.91150683465458e-10,-2.19622136278064e-10,2.58260159758705e-10,2.80704500826302e-10,-2.34378109115393e-10,-4.27803525558449e-10,1.64514877189048e-10,2.62767917477717e-10,-1.28706666011929e-10,8.2150793776835e-11,4.18259427954797e-10,-1.01623555281383e-10,3.54425690705846e-10,-2.5069197484648e-10,-6.29425609236426e-11,-7.30447902044923e-10,1.57249345390761e-10,-3.50270135377038e-11,3.03002472872422e-10,3.64768238766185e-10,3.76800923702482e-10,-7.92571802447065e-11,5.89477931961749e-11,4.27651131050961e-11,-1.60902703515509e-10,-1.61021623039624e-10,-1.31881178944489e-10,3.39910024207664e-10,4.30592537774265e-10,1.10464738728897e-10,1.20732341072374e-10,2.52448899733178e-10,-2.15070192089938e-10,2.61069166892425e-10,3.15211567908964e-10,5.46465665213953e-11,5.38783493564773e-10,-1.27184714710657e-10,4.38087661931059e-10,5.9809837349042e-10,5.54940727825274e-10,4.76570948372441e-10,5.57366256487881e-10,9.82267675067697e-10,1.30477721691069e-09,7.63368320428414e-10,3.90713486724159e-10,8.09221502071586e-10,1.03449603658461e-09,1.1920222215781e-09,1.48013267058136e-09,1.26242969207343e-09,1.32622896097531e-09,1.37336062785415e-09,1.28530067827913e-09,1.9758156228395e-09,1.77137344610401e-09,2.0743713309951e-09,1.6722612557193e-09,1.83955954980329e-09,2.20928302642362e-09,1.95833271291625e-09,2.27846930380202e-09,2.48436392025775e-09,2.406849480034e-09,2.35575992415729e-09,3.11121900479645e-09,3.21258081045215e-09,3.1932907209777e-09,3.51865687685535e-09,3.78035025200383e-09,3.28999114808765e-09,3.36485960389052e-09,3.82860554060728e-09,4.25660126453654e-09,4.31478855523444e-09,4.05291749219648e-09,4.59909428367664e-09,5.31671941339271e-09,5.08596957961325e-09,5.63422089835264e-09,5.53328953820718e-09,5.39514175460964e-09,6.27022562888144e-09,6.58042415631209e-09,6.93189060791581e-09,7.52046067756496e-09,7.63512797532151e-09,7.64732195747853e-09,7.97723175899947e-09,8.56567237922953e-09,8.5310496605374e-09,9.20672250323623e-09,9.35756864469935e-09,1.00136710680227e-08,1.06714292983452e-08,1.07410590438712e-08,1.10637756700896e-08,1.22185178592826e-08,1.22528715935661e-08,1.30294902052564e-08,1.41246702124966e-08,1.4128034273076e-08,1.47584005858037e-08,1.61537247043534e-08,1.68306583218269e-08,1.72207371705678e-08,1.86751070667231e-08,1.95593427994572e-08
