v,0.25
Patm,100000
g,9.81
r,500
G,10^9.15
rho,2300
mu,10^3.73
rc,11
 
M,10^5.2
sigma,0.25
 
tilt_erupt,32.3438nrad
 
-1100,-1099,-1098,-1097,-1096,-1095,-1094,-1093,-1092,-1091,-1090,-1089,-1088,-1087,-1086,-1085,-1084,-1083,-1082,-1081,-1080,-1079,-1078,-1077,-1076,-1075,-1074,-1073,-1072,-1071,-1070,-1069,-1068,-1067,-1066,-1065,-1064,-1063,-1062,-1061,-1060,-1059,-1058,-1057,-1056,-1055,-1054,-1053,-1052,-1051,-1050,-1049,-1048,-1047,-1046,-1045,-1044,-1043,-1042,-1041,-1040,-1039,-1038,-1037,-1036,-1035,-1034,-1033,-1032,-1031,-1030,-1029,-1028,-1027,-1026,-1025,-1024,-1023,-1022,-1021,-1020,-1019,-1018,-1017,-1016,-1015,-1014,-1013,-1012,-1011,-1010,-1009,-1008,-1007,-1006,-1005,-1004,-1003,-1002,-1001,-1000,-999,-998,-997,-996,-995,-994,-993,-992,-991,-990,-989,-988,-987,-986,-985,-984,-983,-982,-981,-980,-979,-978,-977,-976,-975,-974,-973,-972,-971,-970,-969,-968,-967,-966,-965,-964,-963,-962,-961,-960,-959,-958,-957,-956,-955,-954,-953,-952,-951,-950,-949,-948,-947,-946,-945,-944,-943,-942,-941,-940,-939,-938,-937,-936,-935,-934,-933,-932,-931,-930,-929,-928,-927,-926,-925,-924,-923,-922,-921,-920,-919,-918,-917,-916,-915,-914,-913,-912,-911,-910,-909,-908,-907,-906,-905,-904,-903,-902,-901,-900,-899,-898,-897,-896,-895,-894,-893,-892,-891,-890,-889,-888,-887,-886,-885,-884,-883,-882,-881,-880,-879,-878,-877,-876,-875,-874,-873,-872,-871,-870,-869,-868,-867,-866,-865,-864,-863,-862,-861,-860,-859,-858,-857,-856,-855,-854,-853,-852,-851,-850,-849,-848,-847,-846,-845,-844,-843,-842,-841,-840,-839,-838,-837,-836,-835,-834,-833,-832,-831,-830,-829,-828,-827,-826,-825,-824,-823,-822,-821,-820,-819,-818,-817,-816,-815,-814,-813,-812,-811,-810,-809,-808,-807,-806,-805,-804,-803,-802,-801,-800,-799,-798,-797,-796,-795,-794,-793,-792,-791,-790,-789,-788,-787,-786,-785,-784,-783,-782,-781,-780,-779,-778,-777,-776,-775,-774,-773,-772,-771,-770,-769,-768,-767,-766,-765,-764,-763,-762,-761,-760,-759,-758,-757,-756,-755,-754,-753,-752,-751,-750,-749,-748,-747,-746,-745,-744,-743,-742,-741,-740,-739,-738,-737,-736,-735,-734,-733,-732,-731,-730,-729,-728,-727,-726,-725,-724,-723,-722,-721,-720,-719,-718,-717,-716,-715,-714,-713,-712,-711,-710,-709,-708,-707,-706,-705,-704,-703,-702,-701,-700,-699,-698,-697,-696,-695,-694,-693,-692,-691,-690,-689,-688,-687,-686,-685,-684,-683,-682,-681,-680,-679,-678,-677,-676,-675,-674,-673,-672,-671,-670,-669,-668,-667,-666,-665,-664,-663,-662,-661,-660,-659,-658,-657,-656,-655,-654,-653,-652,-651,-650,-649,-648,-647,-646,-645,-644,-643,-642,-641,-640,-639,-638,-637,-636,-635,-634,-633,-632,-631,-630,-629,-628,-627,-626,-625,-624,-623,-622,-621,-620,-619,-618,-617,-616,-615,-614,-613,-612,-611,-610,-609,-608,-607,-606,-605,-604,-603,-602,-601,-600,-599,-598,-597,-596,-595,-594,-593,-592,-591,-590,-589,-588,-587,-586,-585,-584,-583,-582,-581,-580,-579,-578,-577,-576,-575,-574,-573,-572,-571,-570,-569,-568,-567,-566,-565,-564,-563,-562,-561,-560,-559,-558,-557,-556,-555,-554,-553,-552,-551,-550,-549,-548,-547,-546,-545,-544,-543,-542,-541,-540,-539,-538,-537,-536,-535,-534,-533,-532,-531,-530,-529,-528,-527,-526,-525,-524,-523,-522,-521,-520,-519,-518,-517,-516,-515,-514,-513,-512,-511,-510,-509,-508,-507,-506,-505,-504,-503,-502,-501,-500,-499,-498,-497,-496,-495,-494,-493,-492,-491,-490,-489,-488,-487,-486,-485,-484,-483,-482,-481,-480,-479,-478,-477,-476,-475,-474,-473,-472,-471,-470,-469,-468,-467,-466,-465,-464,-463,-462,-461,-460,-459,-458,-457,-456,-455,-454,-453,-452,-451,-450,-449,-448,-447,-446,-445,-444,-443,-442,-441,-440,-439,-438,-437,-436,-435,-434,-433,-432,-431,-430,-429,-428,-427,-426,-425,-424,-423,-422,-421,-420,-419,-418,-417,-416,-415,-414,-413,-412,-411,-410,-409,-408,-407,-406,-405,-404,-403,-402,-401,-400,-399,-398,-397,-396,-395,-394,-393,-392,-391,-390,-389,-388,-387,-386,-385,-384,-383,-382,-381,-380,-379,-378,-377,-376,-375,-374,-373,-372,-371,-370,-369,-368,-367,-366,-365,-364,-363,-362,-361,-360,-359,-358,-357,-356,-355,-354,-353,-352,-351,-350,-349,-348,-347,-346,-345,-344,-343,-342,-341,-340,-339,-338,-337,-336,-335,-334,-333,-332,-331,-330,-329,-328,-327,-326,-325,-324,-323,-322,-321,-320,-319,-318,-317,-316,-315,-314,-313,-312,-311,-310,-309,-308,-307,-306,-305,-304,-303,-302,-301,-300,-299,-298,-297,-296,-295,-294,-293,-292,-291,-290,-289,-288,-287,-286,-285,-284,-283,-282,-281,-280,-279,-278,-277,-276,-275,-274,-273,-272,-271,-270,-269,-268,-267,-266,-265,-264,-263,-262,-261,-260,-259,-258,-257,-256,-255,-254,-253,-252,-251,-250,-249,-248,-247,-246,-245,-244,-243,-242,-241,-240,-239,-238,-237,-236,-235,-234,-233,-232,-231,-230,-229,-228,-227,-226,-225,-224,-223,-222,-221,-220,-219,-218,-217,-216,-215,-214,-213,-212,-211,-210,-209,-208,-207,-206,-205,-204,-203,-202,-201,-200,-199,-198,-197,-196,-195,-194,-193,-192,-191,-190,-189,-188,-187,-186,-185,-184,-183,-182,-181,-180,-179,-178,-177,-176,-175,-174,-173,-172,-171,-170,-169,-168,-168,-167,-166,-165,-164,-163,-162,-161,-160,-159,-158,-157,-156,-155,-154,-153,-152,-151,-150,-149,-148,-147,-146,-145,-144,-143,-142,-141,-140,-139,-138,-137,-136,-135,-134,-133,-132,-131,-130,-129,-128,-127,-126,-125,-124,-123,-122,-121,-120,-119,-118,-117,-116,-115,-114,-113,-112,-111,-110,-109,-108,-107,-106,-105,-104,-103,-102,-101,-100,-99,-98,-97,-96,-95,-94,-93,-92,-91,-90,-89,-88,-87,-86,-85,-84,-83,-82,-81,-80,-79,-78,-77,-76,-75,-74,-73,-72,-71,-70,-69,-68,-67,-66,-65,-64,-63,-62,-61,-60,-59,-58,-57,-56,-55,-54,-53,-52,-51,-50,-49,-48,-47,-46,-45,-44,-43,-42,-41,-40,-39,-38,-37,-36,-35,-34,-33,-32,-31,-30,-29,-28,-27,-26,-25,-24,-23,-22,-21,-20,-19,-18,-17,-16,-15,-14,-13,-12,-11,-10,-9,-8,-7,-6,-5,-4,-3,-2,-1,0
-2.05117633756645e-10,-1.8392829629734e-10,-1.82807160130587e-11,-2.1533673293156e-10,-6.71206882945726e-11,-3.3440000254393e-10,1.2938488165961e-10,4.63750917771842e-10,-3.56785241687688e-11,-3.94303914056547e-10,3.59177274667947e-10,-1.15006014843476e-10,-2.32631866506341e-10,-3.22375899776566e-10,1.75721768124793e-10,4.35059943981264e-11,2.03802812274308e-10,-3.30555394587336e-10,-8.32113680991248e-11,1.69634125680238e-10,1.24556738712319e-10,1.64334339714711e-10,-1.36187172249577e-10,8.84276341118687e-11,3.7002384049545e-11,2.86416059043772e-10,-3.49562110860215e-11,3.49036948857587e-10,6.1895594483595e-11,-1.86310391344435e-10,-4.29967432408713e-12,-2.78510765076605e-10,1.43473534979889e-10,-3.61247314594192e-10,4.37803550382056e-11,-6.57060475866384e-11,1.83238498408815e-10,3.39459117714741e-10,1.32973922878539e-10,2.02818161790733e-11,-9.06404123397828e-11,-1.68569432443953e-10,-7.08528671673607e-10,3.47754070178006e-10,2.69076547700783e-10,-4.08488176839804e-10,1.97393645171416e-10,-1.1303504552826e-10,-3.03420134574582e-10,2.42585193140115e-11,8.65705802874434e-11,-2.54182567483119e-10,9.55127114487065e-11,-1.04627286132957e-10,2.07975984705385e-11,3.5508691382937e-10,2.80320306575958e-10,-2.53450233525841e-11,-2.62591642289552e-10,-9.228662653218e-11,8.10124320213225e-11,-1.92013055425461e-10,-9.91381059243173e-11,9.64771556447007e-11,-1.62675757972637e-10,1.36414585092137e-10,-2.26528348414485e-10,7.56081052824725e-11,7.47274056288661e-11,1.53340143690873e-10,-2.49827048524665e-10,-1.07908545640071e-10,4.49528800537476e-10,2.06254675075296e-10,-1.6393059867246e-10,3.85975614371974e-10,-3.01882954819964e-11,-4.76075611520147e-10,-2.6534753831981e-10,7.02692959925947e-11,3.27082173034293e-10,-1.59052276943297e-10,7.88035959333415e-12,6.54023857563675e-11,4.651477848677e-10,4.3609416019615e-10,-3.65515604236452e-10,2.94134737312323e-10,-5.10393785862527e-10,-7.02763340530829e-11,2.55216703491667e-10,-4.09441546170393e-10,1.04115502621396e-10,-2.68321359114816e-10,-2.23154734781671e-10,-1.25796175758913e-10,1.0343519876231e-10,4.67043401417304e-10,3.46451421643883e-10,4.75135866600294e-10,-2.93932087128544e-10,-2.87818559158699e-12,-1.63481144727756e-11,9.46615528014113e-11,3.019004774705e-10,1.2067777144437e-10,1.73670544021223e-10,-9.94691807201425e-11,3.54690313220494e-10,-6.57819914399355e-11,1.8022049517182e-10,-6.22006431286065e-11,8.25154627408115e-11,-1.47392764202791e-10,1.37991270616293e-10,-3.68638952185212e-10,-2.90791584352036e-10,-3.3715098397741e-10,-1.73398100898312e-10,1.06255030549437e-12,2.98385821179137e-10,1.95244351747012e-11,-2.62590733913411e-11,4.59729164935717e-11,3.49157610617234e-10,-3.5293297872595e-10,-8.44466291096306e-11,1.45742422702222e-10,-9.1499425234856e-11,-1.08593047647296e-10,-3.14889211461124e-11,1.49637615476994e-10,-3.00844000246018e-10,-2.31625755419754e-10,4.02845920309063e-10,1.83947770525454e-10,5.95667432720452e-11,7.87350746198497e-12,-5.190196666389e-10,-1.05156653622874e-10,-1.28258061694841e-11,2.75384366408419e-10,1.65468642919457e-10,-2.79387220245242e-10,8.72589491289247e-10,-3.0588571833067e-11,-1.50232923740007e-10,-1.24642327683996e-10,2.08782751005272e-10,1.24580085114164e-10,-1.49644786372275e-10,4.37123139113646e-10,-2.1710391693269e-10,-1.02089566837717e-11,4.38306643700175e-11,6.77233849830648e-11,1.84294773794561e-10,-5.17273708438676e-11,9.22904644420486e-11,-2.33045402657388e-10,-1.22721571355938e-10,-1.62028927246014e-10,1.65675882373644e-10,-2.46437019966041e-10,5.43965895334398e-10,-2.08350671635856e-10,1.73134832237714e-10,1.7021476742691e-10,-3.06953747087039e-10,1.33406019606764e-11,-1.09872052709738e-10,-2.84033977843485e-10,2.18473357358215e-11,-8.44667196111495e-11,1.23644796571801e-11,-1.01774302417489e-10,6.86634373323375e-11,-1.83408521672779e-10,-4.80256765018383e-10,4.08892871089401e-10,-2.18532422693619e-10,-2.22568493378016e-10,-2.01617122782189e-10,-1.27513882550264e-10,-3.56104866667276e-10,1.02243503665963e-10,-2.58831909350732e-10,6.0933642071508e-11,2.44317837163987e-10,-1.52472630541306e-10,1.81748591301594e-10,1.68628964498777e-10,-9.24312333373581e-11,-3.59640704600504e-10,-4.58376196622114e-10,2.75739565154026e-10,6.7674770946702e-11,-9.72049292120668e-11,-3.99079491016215e-10,1.79548708602197e-10,9.16614151136199e-11,1.75265314012392e-10,8.33067647380308e-11,1.95166423793884e-10,-1.7007233448726e-10,-3.27250817684972e-10,-7.27831182374775e-11,4.69171623134848e-11,4.65310866270658e-11,3.59484848933457e-11,-7.32655046702285e-11,-4.01995648380715e-10,3.80513323548718e-10,6.5632260492353e-11,-4.43116545688916e-10,1.93200983710091e-10,1.98140583588899e-11,-1.75023366237716e-10,-1.09858510530446e-10,-3.78091057407061e-10,-1.13867923078703e-10,2.50877728927652e-10,1.87978010319651e-10,1.39172418018924e-10,-3.14529174143754e-10,2.08002702889485e-10,1.42561653155512e-10,-2.82603901370655e-10,-6.30026486100842e-11,2.20475900011338e-10,-1.87724516923248e-10,-3.47786412575226e-10,-8.85445281606015e-11,-2.17800533982469e-10,2.12104146764563e-10,9.09336941554096e-11,-3.0432539053978e-10,2.18619147797064e-10,3.58613233956215e-10,2.02771022866753e-10,-2.17323162219062e-11,-2.11406338119513e-10,-9.26641505864416e-11,-2.24665855488822e-10,-5.34106566053234e-11,-9.47734678124651e-11,-7.62055552095067e-11,-2.47102246467447e-10,1.27176669100627e-11,3.11943251675315e-10,5.13747418504564e-11,-8.4402813830509e-11,-1.23504282932511e-10,-1.77053237288071e-11,-1.1942245687363e-10,-5.93896215375141e-11,1.01706379745636e-10,-1.69072703143362e-10,-2.24977941976561e-10,-2.65779996139847e-10,2.36627615855284e-10,-1.2972703504805e-10,3.60230586007383e-10,-1.9675789713183e-11,-1.5193641972907e-10,-9.63249241827185e-11,-1.56128671479278e-10,-1.88451031233301e-10,-2.60373524775457e-10,3.9875032513926e-11,9.11823361220968e-11,1.52657662718989e-10,3.72684407871089e-10,4.23009164689364e-10,1.36477027397574e-10,4.17185088827315e-11,-4.90760919334113e-11,-1.66165103316771e-11,-2.43128476020844e-11,1.80466812128795e-10,3.25417154229946e-10,2.22399260885937e-10,-4.32228910122981e-10,8.42401978152059e-11,2.97590928151891e-10,2.51730983240472e-10,2.43342324929754e-10,4.07981456577973e-10,-5.36967976330868e-10,3.47542716478238e-10,-1.7299084408643e-10,6.95392922184432e-11,1.02081589357254e-10,-1.23387614266974e-10,1.67529061624317e-10,1.04475665383948e-10,1.03007480898942e-10,-9.77558075019268e-11,7.3988469922888e-11,2.48347359671111e-10,-1.29434641337723e-10,1.49129575135965e-11,2.15735057817555e-10,-2.32575313341106e-10,-9.92423482520299e-11,3.25998749943394e-10,1.56691656786622e-10,9.73227828203159e-11,-1.40087599984867e-10,1.62761844986563e-10,6.09498360307747e-11,-9.81914185985231e-11,2.15166277490072e-10,-3.40795564683341e-10,2.5478794158975e-10,-2.87969508108745e-10,3.4387430666772e-10,4.96824201089469e-10,1.52412526287519e-10,-2.89737932026362e-11,6.82410335882809e-11,-3.12814527933028e-10,2.27279551124144e-10,1.58818776998818e-10,-1.14383780692049e-10,-2.3348370981942e-10,4.16386756967122e-11,6.99992788574971e-11,3.27543301406782e-11,-4.26072402839166e-10,2.4045133941555e-10,2.48386870646836e-10,-2.8613613287966e-10,-1.14879276920299e-10,5.18654755448618e-10,1.7845675569584e-10,3.27252472524317e-10,3.4171133345973e-10,3.14390671036518e-10,-4.76245403761166e-10,-3.34391562499182e-10,-4.10411532101253e-10,1.25042022252139e-10,4.84685400713284e-11,5.58718859824519e-10,-2.39608818852479e-10,6.31686613663516e-11,-2.86792283472349e-10,3.37156784084078e-10,2.81024601188537e-10,7.51907632041057e-11,-2.79677346692548e-10,1.79916171019706e-10,-3.68343027806654e-11,2.59919530984735e-10,-5.2521955660179e-10,-7.92748835102813e-11,3.43918366024514e-10,2.60738551227612e-10,-4.94817209623648e-11,-2.76283121200136e-11,1.31901416390083e-10,4.89235937049802e-11,1.75139604157313e-11,2.73727088000709e-10,3.00734717774547e-10,7.54983768895512e-11,-2.94117139277779e-10,4.21806429476672e-10,-3.36466554511737e-10,5.96704509515997e-11,1.16597469127772e-10,-3.61878849156433e-10,-2.51933183310045e-10,-6.36280667694478e-11,4.4978850058848e-12,6.33928790375052e-10,-1.93594974562512e-10,9.94109766955656e-11,7.00039105139361e-11,-2.31593284946124e-10,-2.99910408454307e-10,-2.54130150884439e-10,-3.19755923108789e-11,-2.02684884671926e-10,9.16636296427368e-13,1.19853005373224e-10,2.87540690478895e-10,-1.26334772725143e-10,2.03590606572705e-10,-9.14762763609589e-11,9.34116177453786e-11,-2.91330893985154e-10,9.31621315685048e-11,-8.16476203873239e-11,-5.71638775804849e-10,6.78923647685743e-11,1.31531154503381e-10,4.67421998391457e-10,6.69858692678785e-12,3.46258688985413e-11,-1.29715193519378e-10,-4.42375142648264e-10,-2.01190183123145e-10,-2.38311265103456e-10,-1.11003286591297e-11,-2.9785418226173e-10,-7.01626897651985e-11,-1.7697388095416e-11,2.38906731707937e-10,1.56800088163935e-10,-8.32300182320578e-12,2.51383040270534e-10,3.58395852894674e-10,-2.48089401379418e-10,2.00915363879573e-10,1.8964990035256e-10,9.17348250395765e-11,2.55839228956206e-11,-6.93050091421366e-12,-3.93411117714179e-10,-5.08969357300451e-10,4.31495679141973e-13,1.0677259524226e-11,-2.32241345190224e-10,6.85077569202842e-10,-6.81375337399067e-11,1.54546927369534e-10,-1.78332012846459e-10,-2.13145279083719e-10,1.9509859612326e-10,-6.03064706443702e-11,-6.29921682896893e-11,-1.50458488179322e-10,-3.72516629084342e-11,4.18026774618469e-10,-1.16423899413849e-10,7.85391963896922e-11,-5.80286632359981e-11,5.92218892548718e-11,-6.08646250717225e-11,-3.46327470454005e-10,4.46413664120414e-11,-7.92759411159154e-11,-1.68848868818132e-10,-1.79490558701422e-10,-5.0268916145069e-11,-1.20668183968097e-10,-9.55704803880434e-11,2.12006948880843e-11,4.33511967489073e-11,9.03544634231658e-11,-1.12207201563474e-10,-5.95227706918567e-11,-2.29824060704234e-10,-4.14050385532266e-11,-4.66974028222394e-12,-2.32020993748663e-10,3.51798537499887e-10,2.96654366823881e-10,-1.52204196768844e-10,-4.86671613955624e-11,2.49443774366295e-10,3.67205498408728e-10,-4.62127056859735e-10,1.73823011109139e-10,-7.96412794536734e-11,-1.75000491046571e-10,-3.51820465364858e-10,3.19637425924595e-10,-8.50058810981571e-12,-6.55625290539562e-11,9.74135763254886e-11,3.39766787100805e-10,-1.87911157674959e-10,-1.57275756489812e-11,3.43415893871154e-11,-6.53765080718675e-11,-1.76852382513606e-10,-8.44142198186894e-11,-1.62509175413851e-10,3.97155015818429e-10,-1.84482456818691e-10,8.27648125437175e-11,6.01772518368782e-11,-8.1769381183976e-11,-6.99921868232642e-11,2.29519003636396e-10,3.84663011144857e-10,3.67793812291235e-10,-1.57933154054221e-10,-1.21333235985475e-10,-6.32629461828003e-12,6.72342879540439e-11,-1.6606040232133e-10,-1.31896890732087e-10,4.21476609835082e-11,4.40399739802013e-10,-1.49206746790763e-10,3.06247437119029e-10,4.79538285532103e-10,-2.65178533189312e-10,-2.54907850356738e-10,8.85635225949615e-11,-1.08763838826985e-10,-1.98304570145951e-10,1.97698934639984e-10,3.993557895804e-10,-6.12232488504937e-11,-1.41134134117535e-10,2.95582539762028e-10,1.92225915688879e-10,-2.78124935997197e-11,-1.21975269522197e-10,-1.12015380571483e-10,1.20988432798534e-11,-3.66760972634113e-10,-3.38057841335968e-10,-1.2934309630083e-11,2.80656835268306e-11,-5.04923706991874e-11,-1.04931201629671e-10,-2.39135262149271e-11,2.46953714885253e-10,1.08335110846756e-10,1.06825519042297e-12,2.69046188790452e-10,3.8871100926083e-11,-2.71613444744969e-10,3.29346938759497e-10,-1.74317766882752e-10,-1.33562653465287e-10,1.68659128585713e-10,3.97256769765615e-11,1.19257075119034e-10,-1.92837258756552e-10,-1.42876591815403e-10,-4.72101262925991e-10,6.97191188911965e-11,2.81790149354294e-10,-1.08545457693666e-10,-2.34245134475906e-10,-3.02823270066339e-10,1.48212195605906e-10,1.60063123236354e-10,-2.683075901295e-10,6.10809652164466e-11,-2.44287441754833e-10,-3.20942865212955e-10,1.34093155364303e-10,2.64879228006226e-10,1.60591362558821e-10,-9.63228448891908e-11,2.09181696350723e-10,5.1215518004006e-10,8.02090652296548e-12,-1.91958654339782e-10,-6.03238289865971e-11,2.77979747652699e-10,1.02328683178086e-10,-1.33053638563387e-11,7.42043967533797e-12,1.07623920687618e-10,-1.01584623045155e-10,-1.0250823340207e-10,4.46140182328549e-10,-2.80761671048927e-11,1.40846377493086e-10,-1.63091062144753e-10,-2.42177298683135e-10,1.21402610707101e-10,-2.41888001951574e-10,2.29251070177627e-11,5.99573698501148e-11,3.10341382244301e-10,1.4346083651395e-10,3.70311619929863e-10,9.58428391061457e-11,-1.01160941722131e-10,1.08533920165097e-10,3.61490498250488e-10,1.11403033809183e-10,-4.19485250230602e-10,-1.17636460711304e-10,3.719266655159e-12,4.35212864132201e-10,-1.67578758038152e-10,-4.02284791492844e-10,-3.81000714869414e-10,-2.20735905512652e-10,-1.69105231231958e-10,-1.64585072941972e-10,-5.4834159060972e-11,7.69100818516823e-11,-1.17336039336564e-10,3.63863035194121e-11,-1.85400888608882e-10,-3.23098046677123e-10,-6.67080010297414e-10,-3.16616652317534e-11,3.55157693338848e-10,2.34624920997231e-10,1.36653610166998e-10,-7.68738603480575e-11,1.63256451007739e-10,3.87077750749585e-10,3.27426816860893e-10,-9.77942349080092e-11,1.88282563869653e-10,2.38851375500031e-11,5.12035868888106e-10,5.85648878312393e-10,-3.46546082820788e-11,4.07671844101244e-11,7.20831281095626e-11,-6.4678687080186e-11,-2.22014173769837e-10,-3.98441067908132e-12,-6.40902919435301e-11,-1.2495148405218e-10,3.4107962711196e-11,-2.72326280992101e-10,-1.00453604122976e-10,4.1715100176307e-10,-9.39344825024312e-11,6.88049499349395e-11,-7.79167756378805e-12,-3.80999145502993e-11,4.34389931677121e-11,3.55174297301307e-10,2.98326447934546e-10,-1.32843240181305e-10,4.63919161583304e-10,-1.05116346100587e-10,-4.4320822123262e-10,-7.16782870460742e-11,3.95455013119098e-11,3.45611832804596e-10,1.68659115110057e-10,-1.08387378945953e-10,6.96445480823947e-11,-7.07320287549286e-11,-4.53036045050535e-11,-4.12986260644118e-10,-3.89147429222982e-11,-1.1810710938987e-10,-1.79520277153542e-10,-2.59738512910644e-10,1.20102763636108e-11,-1.18149793540736e-10,5.60251649721271e-11,2.43799038085884e-10,5.44978508710643e-10,2.81043045679587e-11,-2.89099988100747e-10,2.93663437604995e-10,2.20087300178443e-10,1.5887358970381e-10,1.00843722410286e-11,3.05407999325652e-10,-8.12125468579207e-11,1.58875516185346e-10,-1.32322953632312e-10,8.58826944696805e-11,4.8719849915368e-11,2.07268221009383e-10,3.69295121350495e-10,2.38878094509031e-10,4.72861367700733e-11,4.86302933908147e-11,-1.7886150438842e-11,4.6884532691666e-10,3.82196245519574e-10,-2.56247748864224e-10,-1.67218992275451e-10,-3.33097139507846e-10,2.98537209823383e-11,-2.43768580331172e-11,-5.96251538491915e-11,-1.74596723800174e-10,-2.3236761503612e-10,3.9547337643561e-10,3.55016442143983e-11,-1.03891294263068e-10,-3.01534950641165e-10,-2.71890717817133e-10,-3.09928220104811e-10,1.21232179889705e-10,3.0317143825243e-12,-1.07079430521571e-10,2.84251413761952e-11,-8.68596756599901e-11,1.50806784023584e-10,-2.73493813923019e-10,1.73492601370688e-10,-1.79513789491125e-10,-1.9371322425921e-10,3.68515534814919e-10,1.06615616555238e-11,-3.75914835724503e-10,1.86605521268649e-10,1.07701143621451e-11,1.06692363094863e-10,1.63500636026859e-10,-2.82777113929e-10,3.72011110287147e-10,2.60094497479877e-10,-1.81878516115889e-10,-2.47696625572247e-10,-6.40952686865235e-10,1.87715453293968e-10,-5.48310194791925e-10,-2.42170780645206e-10,-6.89528921374204e-11,5.99662896859047e-10,1.12663573503603e-10,3.01907255151293e-10,5.46502950513805e-11,-4.51243375575705e-10,1.61466600020499e-12,-1.54032749166316e-11,-1.1086063902481e-10,-5.38122450991492e-10,3.92802852360783e-11,-2.78809552178325e-12,-1.79913845403061e-10,-1.51513077017657e-10,5.1766749341943e-12,-1.96940536636827e-10,1.08862469404978e-10,4.55659074083969e-10,2.98549593672178e-10,-1.76353867300371e-10,2.70399538868252e-10,1.60652885579175e-10,-2.82148695019655e-11,2.46272139527574e-10,2.32071586081666e-10,-2.21344818416353e-10,8.12566886249654e-11,-1.10747495659355e-10,-6.77404605035918e-11,-1.0477864278793e-10,8.86889527320341e-11,4.43912917850554e-11,5.03222853886001e-10,1.05513267434431e-10,-9.54945461882849e-11,-1.37952129990646e-10,-2.37303635814711e-10,-1.21544797616963e-10,-1.50753993436256e-10,-7.13997913401707e-11,2.85191409357937e-10,-5.48713029148152e-10,3.6155163113428e-10,-2.06124774829116e-10,-3.14845728994961e-10,-5.93328999867111e-10,-2.07327698162649e-11,-3.49070722988288e-10,-3.92881499263447e-11,-4.879232927394e-10,2.22593928629848e-10,3.07794074279119e-10,3.09828811733228e-10,-1.42573496955008e-10,-4.51499543162582e-11,4.63709355510983e-11,-1.08090397597162e-10,1.2409459580079e-10,-1.39700928859993e-10,-2.68999875494907e-10,-1.20116731456368e-10,-1.48493704149009e-10,1.65938257541776e-10,6.44296256670947e-12,1.43833956497228e-10,2.01856023884685e-10,1.72481231967626e-10,-8.34558699958072e-11,-1.74478795443778e-10,1.6448648215674e-10,1.29391072985787e-10,2.15499305896123e-11,-1.54142315720575e-10,-2.21197564912072e-11,-2.80095012614078e-10,-1.36508818025418e-10,-1.0581611624051e-10,2.17634226579501e-10,2.16033949565679e-10,4.16598608752493e-10,1.08501738048029e-10,9.48734848334386e-11,-7.6789847835469e-10,2.42442661173499e-10,1.49352988228514e-10,-4.07159751236179e-10,1.77206764357912e-10,-5.40934808744723e-11,-9.75562455825583e-11,-4.02732935353384e-10,4.45152697334166e-11,-1.75402549791071e-10,-1.89680533193404e-10,-3.18776405818827e-10,-3.93396163475318e-10,5.72951783165848e-11,4.36735267118664e-13,4.16026307760402e-10,9.13973071877917e-11,1.03239828779826e-10,6.60847048941472e-11,8.86844347812354e-11,-1.33012888413613e-11,1.9421566781512e-11,2.1317563342702e-10,-2.97413557704983e-10,-9.52853483552735e-11,-2.2564126587726e-10,-1.11204304694629e-10,5.92327389622797e-10,1.71042799509229e-10,-2.94036094436629e-11,4.38547887049869e-10,-1.57327540217892e-10,5.7852041005227e-10,-3.31600427526733e-10,-1.80652805145904e-11,-1.04755854962053e-10,-6.06424964868166e-11,-3.10038286422883e-10,-6.49824993315385e-10,-2.39277545378569e-10,-4.13560255326876e-10,2.21441719217928e-10,1.49944253304423e-10,-9.24425023821072e-11,-1.40113122690684e-10,5.29548121803155e-11,-2.45075799627365e-10,9.93474276887664e-11,-1.33837007665505e-10,-4.90368926284705e-11,-8.95432642899563e-11,5.58633550429491e-10,7.6093780198468e-11,2.88994488083017e-10,3.33731242062923e-10,-2.22227000878091e-10,2.33105797686598e-10,-2.96088266118673e-10,4.97976670871233e-10,-1.32877052239951e-10,-1.04841357273662e-10,-1.85892165646899e-10,-3.06486577897219e-10,-1.74957477668865e-10,9.76850119029288e-11,1.4747546681005e-10,3.38782568604782e-11,3.16890381102141e-11,9.92522668148399e-11,3.51426451669847e-10,-8.08247755006888e-11,-1.52050050211588e-10,6.63762822628888e-11,5.29579475035642e-10,-3.41459537771641e-10,-1.17137561596493e-10,-2.45020277885905e-10,2.59584443836568e-11,2.41467530727593e-10,2.92606538638113e-10,3.57995156524979e-10,4.36631923444289e-10,-1.56623830043898e-10,2.82119940209787e-10,2.06979841027368e-10,2.23872844271062e-10,-5.72083585547217e-11,6.64107611754055e-10,1.09736154805743e-11,-1.67597800078083e-10,-2.49567197474865e-10,-2.79529964122177e-10,-5.55880082170165e-10,-2.64180159555233e-10,1.37381992265914e-10,1.02357338144893e-10,2.10478701700131e-10,4.35997275845562e-10,2.47843714786459e-10,3.78049359888073e-10,-3.62914217119167e-10,-1.17337714768688e-10,-1.71559783344536e-10,9.53359709758539e-11,-4.5418335001466e-10,2.56174374782618e-10,5.24699513594297e-11,-8.4443161227642e-11,-3.64864981939764e-10,2.09861688777336e-10,-2.95035468288128e-11,-1.99410908451687e-10,-2.38914411619223e-12,-4.07870648412091e-10,-6.69002037400799e-10,-1.80705018071953e-10,3.57230255773766e-10,-6.56277587615686e-11,-1.64256806722603e-10,2.21520370582296e-10,8.3636070778973e-11,1.75296676935499e-10,2.46994282790141e-10,2.78600886393093e-10,-6.20277125460734e-10,1.4231661966669e-11,1.61179114587602e-10,1.0910297844444e-10,-1.37104913083242e-10,-3.73558729514814e-11,-2.1522874837606e-10,7.84966676102924e-11,-2.58439384973355e-11,-2.27966707693312e-10,-5.12508346793746e-10,-2.09612404924746e-10,-2.71199565084623e-10,-2.1005762794261e-10,-2.50491302834742e-10,-1.64280180984633e-10,1.12355134953272e-10,-1.16077166701012e-10,-9.71921516337764e-11,-7.77125064118501e-11,-5.39024556125567e-10,-7.27608825238055e-11,-3.99572315324178e-11,-1.21184562981873e-11,2.91794419492294e-10,-2.80894046031598e-10,-2.94808796791023e-10,-4.73462498654956e-10,4.36642977323139e-11,-3.5640875906566e-10,-3.15104464175238e-10,-2.71949642740114e-10,-4.98489799535309e-10,-3.29657616403894e-10,-7.05136281573324e-10,-8.76463637828449e-10,-2.49822654647679e-11,-7.91976320310335e-10,-4.81602316072626e-10,-3.9335053716133e-10,-5.14378408731596e-10,-4.23476154256887e-10,-4.48280818778032e-10,-7.35975513871292e-10,-7.78782609390489e-10,-7.31130676854239e-10,-8.16521617562344e-10,-5.1832482921374e-10,-6.68557811995928e-10,-7.93500533718349e-10,-7.07238466529832e-10,-6.73173852830872e-10,-8.88052510961499e-10,-1.26105673308198e-09,-8.32802071868769e-10,-5.7225203915423e-10,-5.23968589459466e-10,-6.96278383051993e-10,-5.14044579541874e-10,-1.11574479624606e-09,-1.2150307444115e-09,-8.31131447891069e-10,-9.82973774473393e-10,-1.19678510862975e-09,-1.46610689300292e-09,-1.10336300109292e-09,-5.6473926928195e-10,-8.10960777659691e-10,-9.6613160831992e-10,-1.3276063344902e-09,-1.12239365635852e-09,-1.29749277072954e-09,-1.17198649033322e-09,-1.14880499765327e-09,-1.4634368359502e-09,-1.71161053643157e-09,-1.30168347741625e-09,-1.52633067700177e-09,-1.24252294748569e-09,-1.42284066459761e-09,-1.54364776655034e-09,-1.24082152678808e-09,-1.57824150187922e-09,-1.46523225060208e-09,-1.27554106402228e-09,-1.32960797339832e-09,-9.19278122538651e-10,-1.13941430740777e-09,-1.0457241071469e-09,-7.81961485005736e-10,-1.12941229881231e-09,-1.6426325899273e-09,-8.09375247035287e-10,-1.23890722320962e-09,-1.12539828541209e-09,-1.71376902446818e-09,-1.49517466157371e-09,-1.17110553479586e-09,-1.39679233961262e-09,-1.42379636514853e-09,-1.19198961221058e-09,-1.68968955844621e-09,-1.1290386625168e-09,-9.1109408377426e-10,-1.26649225551515e-09,-9.78013093466143e-10,-1.07274622357809e-09,-9.28068007970631e-10,-9.85752388588975e-10,-7.84678100988118e-10,-8.60278343540685e-10,-1.0837099965096e-09,-6.46482038087952e-10,-5.6919440490238e-10,-5.1498945462405e-10,-4.48517915838121e-10,-3.51348371846853e-10,-5.17146521676929e-10,-4.23095195977478e-10,-4.88807868935238e-10,-4.13551618831902e-10,2.42936899971215e-10,1.28068966671776e-10,-5.75417910520251e-10,-1.19221553887152e-10,1.62768570679581e-10,4.17381313217906e-10,4.99123386405777e-10,1.04080868784865e-09,-4.28053014009885e-12,1.00838031290971e-09,1.03559322551807e-09,1.08035545463601e-09,8.62867374831147e-10,1.3705088073318e-09,1.74576207686357e-09,1.75890727935875e-09,1.64538692888926e-09,2.15350033132723e-09,2.64846068589623e-09,1.90908196473829e-09,2.4675426921053e-09,2.90443048202271e-09,2.92665820673515e-09,3.27766503668901e-09,4.06584832968995e-09,4.39243330423969e-09,4.43732999504881e-09,4.09529920298856e-09,4.41817390510848e-09,5.08380162745804e-09,5.71614816564444e-09,5.72629407768062e-09,6.25791614992413e-09,6.44117492361332e-09,6.59731438847362e-09,7.29662622097695e-09,7.93897273772516e-09,8.25634295753724e-09,9.09189205874731e-09,9.17320771160399e-09,9.49945358826637e-09,1.09332065178984e-08,1.07736494483039e-08,1.17975810508776e-08,1.23000430679701e-08,1.25537568882766e-08,1.34925268762409e-08,1.38935563594814e-08,1.47964087025208e-08,1.56877488893901e-08,1.68036563211657e-08,1.80797178429815e-08,1.89956101206218e-08,1.93325355025218e-08,2.10553427865967e-08,2.21737636678924e-08,2.3282765732787e-08,2.48696187192854e-08,2.68488474775806e-08,2.8672066056066e-08,3.06764851914744e-08,3.19833953237577e-08
