v,0.25
Patm,100000
g,9.81
r,500
G,10^9.15
rho,2300
mu,10^3.73
rc,11
 
M,10^5.2
sigma,0.5
 
tilt_erupt,32.3438nrad
 
-1472,-1471,-1470,-1469,-1468,-1467,-1466,-1465,-1464,-1463,-1462,-1461,-1460,-1459,-1458,-1457,-1456,-1455,-1454,-1453,-1452,-1451,-1450,-1449,-1448,-1447,-1446,-1445,-1444,-1443,-1442,-1441,-1440,-1439,-1438,-1437,-1436,-1435,-1434,-1433,-1432,-1431,-1430,-1429,-1428,-1427,-1426,-1425,-1424,-1423,-1422,-1421,-1420,-1419,-1418,-1417,-1416,-1415,-1414,-1413,-1412,-1411,-1410,-1409,-1408,-1407,-1406,-1405,-1404,-1403,-1402,-1401,-1400,-1399,-1398,-1397,-1396,-1395,-1394,-1393,-1392,-1391,-1390,-1389,-1388,-1387,-1386,-1385,-1384,-1383,-1382,-1381,-1380,-1379,-1378,-1377,-1376,-1375,-1374,-1373,-1372,-1371,-1370,-1369,-1368,-1367,-1366,-1365,-1364,-1363,-1362,-1361,-1360,-1359,-1358,-1357,-1356,-1355,-1354,-1353,-1352,-1351,-1350,-1349,-1348,-1347,-1346,-1345,-1344,-1343,-1342,-1341,-1340,-1339,-1338,-1337,-1336,-1335,-1334,-1333,-1332,-1331,-1330,-1329,-1328,-1327,-1326,-1325,-1324,-1323,-1322,-1321,-1320,-1319,-1318,-1317,-1316,-1315,-1314,-1313,-1312,-1311,-1310,-1309,-1308,-1307,-1306,-1305,-1304,-1303,-1302,-1301,-1300,-1299,-1298,-1297,-1296,-1295,-1294,-1293,-1292,-1291,-1290,-1289,-1288,-1287,-1286,-1285,-1284,-1283,-1282,-1281,-1280,-1279,-1278,-1277,-1276,-1275,-1274,-1273,-1272,-1271,-1270,-1269,-1268,-1267,-1266,-1265,-1264,-1263,-1262,-1261,-1260,-1259,-1258,-1257,-1256,-1255,-1254,-1253,-1252,-1251,-1250,-1249,-1248,-1247,-1246,-1245,-1244,-1243,-1242,-1241,-1240,-1239,-1238,-1237,-1236,-1235,-1234,-1233,-1232,-1231,-1230,-1229,-1228,-1227,-1226,-1225,-1224,-1223,-1222,-1221,-1220,-1219,-1218,-1217,-1216,-1215,-1214,-1213,-1212,-1211,-1210,-1209,-1208,-1207,-1206,-1205,-1204,-1203,-1202,-1201,-1200,-1199,-1198,-1197,-1196,-1195,-1194,-1193,-1192,-1191,-1190,-1189,-1188,-1187,-1186,-1185,-1184,-1183,-1182,-1181,-1180,-1179,-1178,-1177,-1176,-1175,-1174,-1173,-1172,-1171,-1170,-1169,-1168,-1167,-1166,-1165,-1164,-1163,-1162,-1161,-1160,-1159,-1158,-1157,-1156,-1155,-1154,-1153,-1152,-1151,-1150,-1149,-1148,-1147,-1146,-1145,-1144,-1143,-1142,-1141,-1140,-1139,-1138,-1137,-1136,-1135,-1134,-1133,-1132,-1131,-1130,-1129,-1128,-1127,-1126,-1125,-1124,-1123,-1122,-1121,-1120,-1119,-1118,-1117,-1116,-1115,-1114,-1113,-1112,-1111,-1110,-1109,-1108,-1107,-1106,-1105,-1104,-1103,-1102,-1101,-1100,-1099,-1098,-1097,-1096,-1095,-1094,-1093,-1092,-1091,-1090,-1089,-1088,-1087,-1086,-1085,-1084,-1083,-1082,-1081,-1080,-1079,-1078,-1077,-1076,-1075,-1074,-1073,-1072,-1071,-1070,-1069,-1068,-1067,-1066,-1065,-1064,-1063,-1062,-1061,-1060,-1059,-1058,-1057,-1056,-1055,-1054,-1053,-1052,-1051,-1050,-1049,-1048,-1047,-1046,-1045,-1044,-1043,-1042,-1041,-1040,-1039,-1038,-1037,-1036,-1035,-1034,-1033,-1032,-1031,-1030,-1029,-1028,-1027,-1026,-1025,-1024,-1023,-1022,-1021,-1020,-1019,-1018,-1017,-1016,-1015,-1014,-1013,-1012,-1011,-1010,-1009,-1008,-1007,-1006,-1005,-1004,-1003,-1002,-1001,-1000,-999,-998,-997,-996,-995,-994,-993,-992,-991,-990,-989,-988,-987,-986,-985,-984,-983,-982,-981,-980,-979,-978,-977,-976,-975,-974,-973,-972,-971,-970,-969,-968,-967,-966,-965,-964,-963,-962,-961,-960,-959,-958,-957,-956,-955,-954,-953,-952,-951,-950,-949,-948,-947,-946,-945,-944,-943,-942,-941,-940,-939,-938,-937,-936,-935,-934,-933,-932,-931,-930,-929,-928,-927,-926,-925,-924,-923,-922,-921,-920,-919,-918,-917,-916,-915,-914,-913,-912,-911,-910,-909,-908,-907,-906,-905,-904,-903,-902,-901,-900,-899,-898,-897,-896,-895,-894,-893,-892,-891,-890,-889,-888,-887,-886,-885,-884,-883,-882,-881,-880,-879,-878,-877,-876,-875,-874,-873,-872,-871,-870,-869,-868,-867,-866,-865,-864,-863,-862,-861,-860,-859,-858,-857,-856,-855,-854,-853,-852,-851,-850,-849,-848,-847,-846,-845,-844,-843,-842,-841,-840,-839,-838,-837,-836,-835,-834,-833,-832,-831,-830,-829,-828,-827,-826,-825,-824,-823,-822,-821,-820,-819,-818,-817,-816,-815,-814,-813,-812,-811,-810,-809,-808,-807,-806,-805,-804,-803,-802,-801,-800,-799,-798,-797,-796,-795,-794,-793,-792,-791,-790,-789,-788,-787,-786,-785,-784,-783,-782,-781,-780,-779,-778,-777,-776,-775,-774,-773,-772,-771,-770,-769,-768,-767,-766,-765,-764,-763,-762,-761,-760,-759,-758,-757,-756,-755,-754,-753,-752,-751,-750,-749,-748,-747,-746,-745,-744,-743,-742,-741,-740,-739,-738,-737,-736,-735,-734,-733,-732,-731,-730,-729,-728,-727,-726,-725,-724,-723,-722,-721,-720,-719,-718,-717,-716,-715,-714,-713,-712,-711,-710,-709,-708,-707,-706,-705,-704,-703,-702,-701,-700,-699,-698,-697,-696,-695,-694,-693,-692,-691,-690,-689,-688,-687,-686,-685,-684,-683,-682,-681,-680,-679,-678,-677,-676,-675,-674,-673,-672,-671,-670,-669,-668,-667,-666,-665,-664,-663,-662,-661,-660,-659,-658,-657,-656,-655,-654,-653,-652,-651,-650,-649,-648,-647,-646,-645,-644,-643,-642,-641,-640,-639,-638,-637,-636,-635,-634,-633,-632,-631,-630,-629,-628,-627,-626,-625,-624,-623,-622,-621,-620,-619,-618,-617,-616,-615,-614,-613,-612,-611,-610,-609,-608,-607,-606,-605,-604,-603,-602,-601,-600,-599,-598,-597,-596,-595,-594,-593,-592,-591,-590,-589,-588,-587,-586,-585,-584,-583,-582,-581,-580,-579,-578,-577,-576,-575,-574,-573,-572,-571,-570,-569,-568,-567,-566,-565,-564,-563,-562,-561,-560,-559,-558,-557,-556,-555,-554,-553,-552,-551,-550,-549,-548,-547,-546,-545,-544,-543,-542,-541,-540,-539,-538,-537,-536,-535,-534,-533,-532,-531,-530,-529,-528,-527,-526,-525,-524,-523,-522,-521,-520,-519,-518,-517,-516,-515,-514,-513,-512,-511,-510,-509,-508,-507,-506,-505,-504,-503,-502,-501,-500,-499,-498,-497,-496,-495,-494,-493,-492,-491,-490,-489,-488,-487,-486,-485,-484,-483,-482,-481,-480,-479,-478,-477,-476,-475,-474,-473,-472,-471,-470,-469,-468,-467,-466,-465,-464,-463,-462,-461,-460,-459,-458,-457,-456,-455,-454,-453,-452,-451,-450,-449,-448,-447,-446,-445,-444,-443,-442,-441,-440,-439,-438,-437,-436,-435,-434,-433,-432,-431,-430,-429,-428,-427,-426,-425,-424,-423,-422,-421,-420,-419,-418,-417,-416,-415,-414,-413,-412,-411,-410,-409,-408,-407,-406,-405,-404,-403,-402,-401,-400,-399,-398,-397,-396,-395,-394,-393,-392,-391,-390,-389,-388,-387,-386,-385,-384,-383,-382,-381,-380,-379,-378,-377,-376,-375,-374,-373,-372,-371,-370,-369,-368,-367,-366,-365,-364,-363,-362,-361,-360,-359,-358,-357,-356,-355,-354,-353,-352,-351,-350,-349,-348,-347,-346,-345,-344,-343,-342,-341,-340,-339,-338,-337,-336,-335,-334,-333,-332,-331,-330,-329,-328,-327,-326,-325,-324,-323,-322,-321,-320,-319,-318,-317,-316,-315,-314,-313,-312,-311,-310,-309,-308,-307,-306,-305,-304,-303,-302,-301,-300,-299,-298,-297,-296,-295,-294,-293,-292,-291,-290,-289,-288,-287,-286,-285,-284,-283,-282,-281,-280,-279,-278,-277,-276,-275,-274,-273,-272,-271,-270,-269,-268,-267,-266,-265,-264,-263,-262,-261,-260,-259,-258,-257,-256,-255,-254,-253,-252,-251,-250,-249,-248,-247,-246,-245,-244,-243,-242,-241,-240,-239,-238,-237,-236,-235,-234,-233,-232,-231,-230,-229,-228,-227,-226,-225,-224,-223,-222,-221,-220,-219,-218,-217,-216,-215,-214,-213,-212,-211,-210,-209,-208,-207,-206,-205,-204,-203,-202,-201,-200,-199,-198,-197,-196,-195,-194,-193,-192,-191,-190,-189,-188,-187,-186,-185,-184,-183,-182,-181,-180,-179,-178,-177,-176,-175,-174,-173,-172,-171,-170,-169,-168,-168,-167,-166,-165,-164,-163,-162,-161,-160,-159,-158,-157,-156,-155,-154,-153,-152,-151,-150,-149,-148,-147,-146,-145,-144,-143,-142,-141,-140,-139,-138,-137,-136,-135,-134,-133,-132,-131,-130,-129,-128,-127,-126,-125,-124,-123,-122,-121,-120,-119,-118,-117,-116,-115,-114,-113,-112,-111,-110,-109,-108,-107,-106,-105,-104,-103,-102,-101,-100,-99,-98,-97,-96,-95,-94,-93,-92,-91,-90,-89,-88,-87,-86,-85,-84,-83,-82,-81,-80,-79,-78,-77,-76,-75,-74,-73,-72,-71,-70,-69,-68,-67,-66,-65,-64,-63,-62,-61,-60,-59,-58,-57,-56,-55,-54,-53,-52,-51,-50,-49,-48,-47,-46,-45,-44,-43,-42,-41,-40,-39,-38,-37,-36,-35,-34,-33,-32,-31,-30,-29,-28,-27,-26,-25,-24,-23,-22,-21,-20,-19,-18,-17,-16,-15,-14,-13,-12,-11,-10,-9,-8,-7,-6,-5,-4,-3,-2,-1,0
3.28561424417533e-10,8.42171585109496e-10,-1.41496459451951e-10,-9.36026795834885e-11,8.82001330141191e-11,-1.46896095019637e-10,-4.30053172569954e-10,-6.47889378926804e-10,-2.88079945292066e-10,-4.07710465077194e-10,1.01367989015062e-09,-8.32029486019076e-10,2.61592402598166e-10,4.43516129262847e-10,-2.90942614485722e-10,7.15044136598138e-10,3.21303314853124e-10,4.93581317044202e-10,-4.243671748432e-10,-7.78440510178204e-10,7.01982984782884e-11,4.54157214124219e-10,-4.05362310447878e-10,8.95912167415287e-11,6.5906661081063e-10,-7.75367816196685e-11,-1.99521452745416e-10,-1.25001261138851e-10,-1.04914999188097e-09,-4.90995372158504e-10,3.82215082821178e-11,-3.47717405019808e-10,2.88467276935494e-10,9.75708627033397e-12,-3.83118075298037e-10,2.44093360517923e-10,-2.81511220829068e-10,6.40045581554902e-11,2.64323043772466e-10,2.31587636798764e-10,-2.57906433059449e-10,-7.73950315447998e-11,-6.12046941985964e-10,-3.45040986951102e-10,-3.28353503126452e-10,2.50972820678838e-12,-4.97982172514956e-10,3.16080389731675e-10,3.87897550877402e-10,-2.3474858129499e-10,1.2861145034637e-10,1.4231599683863e-10,1.44160401170242e-10,-1.48644282710119e-10,-9.7854819334384e-12,7.17909174668915e-11,4.80147652770364e-10,8.93267017044756e-11,-4.93885298875763e-10,1.63104064599071e-10,2.96535286724108e-10,3.54592771261037e-10,3.96894631204252e-10,7.23902023241741e-10,-6.16693666321776e-10,6.00083733971059e-10,-3.68685119580926e-10,2.27575268347183e-10,2.53078697033487e-10,-7.19368049082276e-10,-2.69540978386169e-11,3.71273315444498e-10,-1.0854116787735e-10,-1.05966787771718e-09,2.01755213160622e-10,2.54204715508604e-10,9.20316591528989e-10,9.43557959581732e-11,1.64722699381234e-10,2.80558519991456e-10,-6.2973746083103e-10,-5.06325624640367e-10,4.98100467267844e-10,4.63710204861054e-10,-2.20498247030127e-10,-5.40921929153833e-10,2.87958825716101e-10,7.4412866735086e-10,-4.49126047411774e-10,1.10933606044015e-10,-2.16154000546973e-10,-2.48707930797758e-10,-2.96907143336895e-11,-7.39173008023346e-11,-3.63530490055433e-10,2.66041949886593e-10,-9.47932069809505e-10,-3.21305477060876e-11,6.32645735797946e-11,2.64326806007175e-10,-9.52760832160056e-10,2.98456418544613e-10,-5.43609039029027e-10,-9.73076211124555e-12,2.98819571625469e-10,4.96235150406623e-10,4.25264183713698e-10,1.81041429528398e-10,-5.13013892398695e-11,1.31864127522546e-11,-4.83406168786165e-10,-1.18393013963363e-09,-9.28663243566195e-10,-1.1991748966481e-10,7.97193557415175e-11,1.19000177149861e-12,-2.53206770620044e-10,3.67636790700922e-10,2.51278551425116e-10,-4.22308904779381e-10,-2.56879067585336e-10,-4.19116835401117e-10,1.54101602078763e-10,6.11451971379659e-10,7.86540751559604e-11,-2.7694510523621e-10,-5.76552262852211e-10,-2.62293172745873e-10,2.58046502695275e-10,2.53815042493184e-11,2.12124577202848e-11,-2.88747130995742e-11,2.83639433257432e-10,1.06621644297605e-10,-4.12111026962825e-10,3.52633096424308e-10,8.86283556964479e-10,2.16577522471045e-10,6.34745219953981e-10,8.26860192108874e-11,-5.56927980002637e-10,9.80659241862356e-11,2.05765521366619e-10,1.46059751807444e-10,-5.05326320072007e-10,6.87589641231822e-10,1.63071712497771e-10,-5.43228431931254e-10,-6.27607875964507e-10,1.15577304881973e-09,-3.78220191243179e-10,-5.06571558926803e-10,1.16879523296383e-09,-2.02244351032009e-10,1.25141047366367e-10,-7.70588280331169e-10,2.2815395633804e-10,3.12074202135582e-10,-1.24687362161149e-09,1.32669638389672e-10,1.57229683925381e-09,-3.3932205776703e-10,-5.2937215591682e-11,1.0332421485785e-09,5.68784681254064e-10,-9.38239701448773e-10,1.85310262024947e-10,5.39728344148292e-10,-3.40881517029628e-10,1.49711531709831e-09,-1.79136403763287e-10,-9.400007271227e-10,-4.96212774073903e-10,7.28593544607891e-10,-1.65618942528088e-10,-2.52665977364572e-10,6.43120644446334e-10,8.05246354752308e-10,9.77063664849735e-10,3.74791246994943e-11,-2.84746531910297e-10,-5.15165752199225e-10,-7.78341173950176e-10,-5.57696399650363e-10,6.1992950210394e-10,1.45717622328444e-10,-8.40734431209599e-10,-3.32826458660842e-10,1.07363134878656e-09,-4.18951467623881e-10,-2.02019365861727e-10,4.38502916960811e-10,1.20716916288869e-09,5.93109320942773e-11,-5.89068939529601e-10,-4.92614973699886e-10,-4.09230196293463e-10,5.30327943835715e-10,-2.09632175008729e-10,4.18772878829459e-10,3.41652424815152e-10,4.31963772435418e-10,1.08795451295272e-10,5.10090445105742e-10,8.18431789211259e-11,3.03689669338797e-10,8.95267486224323e-10,-7.75981867322067e-10,4.08201480470416e-10,3.48556116150185e-10,1.39357951824304e-10,-2.46394683375665e-11,-5.033114805066e-10,6.60825428351038e-10,-2.72902629814608e-11,-1.3890289595037e-10,1.92472401559637e-10,2.41985213644131e-10,-8.55363659857e-10,3.64496897480745e-10,1.00244286585804e-09,-1.32975663226012e-10,-6.62415758147361e-11,-6.31618017991041e-10,-4.30973678598553e-10,2.25213739694831e-10,-2.59200234643014e-10,-4.61798143203402e-10,-5.05512778902942e-10,3.47787953336373e-10,-3.15524794740255e-10,4.70968988949939e-10,5.80900288387094e-10,-3.13226067285524e-10,2.49662307288791e-10,-2.21520199066346e-11,7.751514998088e-10,8.91117080734504e-11,-6.51392351985113e-10,6.86539722267578e-10,1.11064383919188e-09,7.11354794901802e-10,-5.50234248846197e-10,-2.09956842149648e-10,-2.6725741750505e-10,-5.12148655416578e-10,5.85510492664331e-11,1.71310513997509e-10,4.97679584509218e-10,-1.70593470032832e-10,-7.77615175166163e-10,-4.06459712232721e-10,1.16470801402697e-09,-1.93208546557998e-10,3.23805783356075e-10,-1.03558616548957e-10,-1.86756816553017e-10,-3.96331087878337e-10,5.66504048497591e-10,3.54235191244868e-10,-9.58716130588218e-10,8.24855250864251e-10,1.67580628260511e-10,-9.62221603696944e-12,-5.73050363459561e-11,-8.04504234328436e-10,2.13350709737033e-10,-4.07870237013159e-10,-5.60095667270743e-11,3.75544975715841e-10,-1.02352343071461e-10,-6.56958848026278e-10,4.53119237980838e-10,-5.27108177316679e-11,3.37880563314684e-10,2.56343804133033e-10,5.49976542783631e-10,1.04867098524891e-09,3.26704073667881e-10,-4.18003856463978e-10,-8.2247376693834e-10,-9.17457122792631e-10,6.6766598647078e-10,-7.62484062600511e-10,-1.57069665818124e-10,2.35455847429621e-10,-2.51409221528776e-10,-2.88169369737293e-10,4.72066117063799e-10,8.38925711227746e-11,4.5231212920268e-10,-1.01917163777515e-09,-4.82018118938308e-10,3.8402810704648e-10,1.93389270987189e-10,-2.13873312093315e-10,5.09783124390272e-10,-5.04041518379759e-10,-3.5437733767572e-10,-5.14676051187766e-10,-3.07147825879803e-10,1.05576770365382e-09,3.7904864788073e-10,2.33928827176318e-10,-1.09862404796357e-09,1.46590646104298e-10,9.56259583644278e-11,-1.91289927704466e-10,5.84200322535568e-10,1.20305160004843e-10,1.07890812835746e-09,-4.67435891484609e-11,-3.76062312150028e-10,-3.66744302273674e-10,5.18091899494225e-10,-7.65867974886369e-11,-3.56454634797693e-10,4.21765127749757e-11,-4.13367945560497e-10,-1.39193424903867e-10,-3.16240229190329e-11,6.31748602654946e-10,-5.84604446994685e-10,7.53836057303078e-10,-4.27782724289619e-10,-4.70717108471504e-10,3.76710868969336e-10,2.66501985718153e-11,4.90429181399361e-10,9.31779744303134e-11,-6.69427200691661e-10,9.08006694938324e-10,3.26382401834325e-10,-6.70009802541605e-10,8.9937384180308e-10,2.46948222390609e-10,2.08725964462034e-10,-3.28525251795416e-10,5.79763813862625e-12,4.50205336717825e-11,-7.33019712794293e-10,1.16177892579313e-09,-1.17680874942682e-09,-1.87070525939171e-10,-1.34020861097799e-10,6.86435334723046e-11,-2.68807593935598e-10,-6.08412840628122e-11,-3.79180196539493e-10,1.2161511469409e-09,9.73962250995189e-10,4.39169853528069e-10,-1.09998003364816e-10,8.56393384965801e-10,-8.47631985393989e-12,-7.36246734792712e-10,-2.89947091672307e-10,-6.20272743213131e-10,6.57674793851063e-10,5.53366524771435e-10,3.42978027054761e-10,-2.90051275882331e-10,6.35552842600423e-10,-7.08498307929281e-10,5.60841711508277e-10,8.29699560632769e-12,-2.30765878418111e-10,-6.70287761825247e-10,-4.89923922373174e-10,-1.62048746390839e-11,1.67418220791124e-10,3.44856577142731e-10,2.56312065627554e-10,9.28675262731873e-12,9.06599042167423e-10,-8.91208187150581e-10,-6.29113228761724e-10,1.22965170954451e-10,-2.99790487597564e-10,3.8587086515957e-10,-1.34057623149914e-09,1.38004178166919e-10,7.80659160828589e-10,4.93362655064862e-10,-8.51504542959993e-10,2.56131403319356e-10,5.27050314562258e-11,4.26972862620741e-10,-3.43814547152898e-10,-2.33441739185074e-10,-6.69220123186356e-10,4.97661332835845e-10,-8.49528325238126e-11,-7.15762910348211e-10,-8.28446332167187e-10,-5.78375176344717e-10,-8.70883520143021e-10,4.62584776118462e-10,4.33696354198133e-11,5.96821421509915e-10,-2.56284463680606e-10,4.75503140595586e-10,-4.68795467238188e-10,-3.08343741068578e-10,-4.60127836192839e-10,-1.10160710328777e-10,2.62337338071827e-10,-2.47050635264414e-10,-1.01539645443801e-09,-6.16097057321202e-10,-1.1375497967156e-10,1.44399235529362e-10,-1.24162507772429e-10,1.2424069951997e-10,-1.52951210738587e-10,-2.27197535786021e-10,-2.57183483308703e-10,-3.88265838999927e-11,-5.59146802793091e-10,6.46530782859462e-11,-2.68916417765114e-10,-4.34028899284167e-11,4.28147231623822e-10,5.11166705465989e-11,-4.38006407310348e-10,4.54003637878148e-10,-7.89797735031598e-10,5.78866189929711e-10,3.29319801828993e-10,-3.19869320109057e-10,-4.43926095944309e-10,3.82116397747022e-10,-4.89852816774295e-10,3.79430322100856e-11,4.4733599856506e-10,-8.19137881071377e-10,6.18076555937548e-10,-1.13718043773424e-10,5.32531319320701e-10,-3.85121589017961e-10,8.67882692893413e-10,3.88963037817013e-10,5.92328731159486e-11,7.2785493651462e-10,1.96556780596043e-10,1.69661550280558e-10,-2.76786055411448e-10,-8.16221576607403e-10,-3.97271737890705e-10,-6.50257531277426e-10,-3.30254915748137e-10,-5.73750247260806e-10,2.37431410229709e-10,9.66685753281477e-10,-3.19341779544668e-10,3.87145269157591e-10,-1.58588226265868e-10,-2.63028814812217e-11,4.91207436702861e-10,-3.31399523089888e-10,8.15297477200939e-10,-1.18799255686655e-11,2.2174521344286e-10,-2.09498287350112e-10,-1.72649793502538e-10,-8.38450815845547e-11,6.38767432534702e-13,-6.19579098057801e-10,-6.71412425442802e-10,-3.03147599507686e-10,-4.38505704198135e-10,-9.69447180938776e-10,-1.31799830332075e-11,-5.88830838804685e-11,4.46828412008311e-11,3.78756873770155e-10,-5.30116290536517e-10,1.86647035892502e-10,9.23123099124269e-12,-2.21413651856722e-10,-3.6174739096385e-10,-5.80370119211238e-11,-1.88198509069414e-10,-1.52445494565503e-10,-3.44679254977508e-10,4.27376584338321e-11,1.9833853147888e-10,-6.297550731927e-10,8.20137200621095e-10,-1.7241819166202e-10,-2.68030349748119e-10,-8.6493041338588e-10,-8.79692551816701e-10,-2.24688812526821e-10,-8.36315614714673e-11,5.43528268199312e-11,-3.23549057397272e-10,6.5783007317063e-12,-3.29563772042465e-10,-4.60431550232815e-10,-2.14536915004634e-10,-3.74065291963542e-10,-1.66483812337435e-10,-1.88466370807004e-10,1.97778714819434e-10,3.25786941292955e-10,-5.14693123459895e-11,1.06212361641805e-10,-1.06862236060983e-09,-3.22130051279205e-10,-3.12215343766918e-10,7.73532197712134e-10,2.96061656983079e-10,3.89634563656008e-10,-2.90251865817147e-10,1.14417983425312e-10,-6.27249490611447e-10,1.19565529876647e-09,9.35709407944702e-12,-3.13749843246879e-10,-1.42036566288514e-09,2.17158603414775e-10,6.8207058020596e-10,7.86173813631891e-10,-2.58916702754766e-10,-1.44624216046878e-09,8.21185063648429e-10,-2.24955728763154e-11,5.63476535731541e-10,5.57623842851011e-10,5.3512352264436e-10,-4.43866831930945e-10,-4.09769546654262e-10,-1.6205750479135e-10,-5.79018923205364e-10,-3.94873015851483e-10,-2.91275287196285e-10,-4.95558965530168e-10,-3.4965520475193e-10,-5.68436411805474e-10,-2.37082487276759e-10,-3.86151370898085e-10,4.37686265435861e-10,9.40352729395903e-10,-2.16607073014494e-10,1.75137111941735e-10,-4.78610536208508e-10,-2.9797228304337e-10,1.1415675921835e-09,-3.53408831228646e-10,2.1544079831709e-10,-1.71881752973967e-10,-3.70982829717781e-10,-4.98288667069833e-10,-3.62934510911702e-10,-2.22007232539677e-10,-2.64092404753604e-10,-5.08560758728652e-10,2.21909829291501e-10,-7.34994015766781e-12,1.93712145192646e-10,4.69929586081132e-10,9.50525720260334e-10,3.35875629822842e-10,-5.0335615285523e-10,-5.47863298510318e-10,3.42775592916679e-10,2.08343443318506e-10,5.52034312442042e-10,-2.49405075640669e-10,5.93576000084212e-10,-6.48881286892893e-10,-2.39634018931321e-10,-7.49649431861528e-11,-4.3872547708203e-10,3.42611593845013e-10,-1.67256583771354e-10,4.17868626171758e-10,-1.06954910203308e-10,6.209408541959e-10,-8.82637217077758e-10,-4.07472961749269e-10,-7.09456272567899e-10,3.22401884568912e-10,1.61117432723749e-09,-3.00721903458123e-10,3.47688487098247e-10,6.6947463930436e-10,9.30207467625131e-10,6.22157078592805e-10,-4.6884993479186e-10,-1.19302886447034e-09,-8.8916050440395e-10,4.35526780854448e-10,7.79272874646995e-10,8.55925329931129e-10,-2.54876310241859e-10,5.4700966348901e-10,-1.95355692159771e-10,5.62345851825817e-10,-5.86320911760982e-10,4.9649737245669e-11,4.10057431722356e-10,-2.1128024452038e-10,-8.26432128089819e-10,-2.91125054645633e-10,-2.00544820448518e-10,2.42202715742678e-10,-6.62477187365019e-10,1.05304671740856e-11,-2.83671907139916e-10,3.27395172828062e-10,6.55557505643453e-11,2.4586933004195e-10,-9.5926646087623e-10,2.23846146236238e-10,3.04517665423465e-10,-2.002070193935e-10,-5.31335023324091e-10,1.63193881913216e-10,-2.41396162880113e-10,-5.47913098120798e-10,-3.93806478009244e-10,-2.24713839862896e-10,1.496210697012e-10,1.07092460563581e-09,-1.13120452024429e-10,2.58653962821492e-11,-2.04947182017126e-10,1.02538775531123e-10,-1.75728276932098e-10,-1.99906836342481e-10,-1.25574692756213e-11,4.73848683768105e-10,5.96558328528524e-11,2.40432872146037e-10,-1.77379777041891e-11,-1.93872961516598e-10,-5.72877712287114e-10,1.98037463273565e-10,-1.41536052323643e-10,8.47540868479132e-11,3.30267414786788e-10,5.0550423901253e-10,7.79373760463094e-11,-3.55899819171663e-10,-1.62233487804758e-10,-7.66223825116251e-10,-8.16358084856918e-10,-6.06124235112901e-10,9.93797322202029e-10,-3.41549945660991e-10,-3.84845905464651e-10,6.13601469971681e-10,3.18195545011866e-10,5.34307687485983e-10,-4.68600235990464e-10,2.87597834126624e-10,-7.48723283513281e-10,-3.40636969309209e-11,8.5150936212377e-10,7.21550456866473e-10,-1.07743917769004e-09,3.07201872192556e-10,4.16939345035509e-10,-1.79341831027676e-10,4.60627804758748e-10,-6.71264350548639e-10,3.87546464235269e-10,-6.68559713696343e-10,6.95518223040619e-10,3.51260642540455e-10,5.59992512319082e-10,3.11113573436854e-10,-1.02068893780686e-12,-2.49951471956686e-10,2.49136189200556e-10,-2.2593248936236e-10,-3.09596765800647e-10,4.07839653139349e-10,2.25747625730346e-10,-3.66099297582642e-10,5.55970089865832e-10,1.47121978767086e-10,-3.46225127339858e-10,-1.34165677991079e-10,4.69209411223338e-10,2.36712178490293e-10,-2.10252555620676e-10,-1.35615825172328e-10,-9.72887899930346e-10,2.5373327594406e-11,1.77280424249207e-10,2.97586545571875e-10,-6.90150560592001e-10,6.5212762672045e-10,8.08015507938848e-10,-1.37834756384423e-10,-6.52561457811512e-12,2.69125823929647e-10,-4.03159040397804e-10,-1.74429179443612e-10,-3.00244622282783e-10,5.86160628227133e-10,-5.18597900395561e-10,6.88705360809381e-12,1.00083480472884e-10,-8.19672255798864e-10,-1.4842832536042e-10,6.46447843118362e-10,-2.87628450627402e-10,-3.81061799161992e-10,-1.67913088673683e-11,-1.64905990668795e-10,1.41190364381406e-10,-2.20243921250248e-10,7.38052053778484e-10,-8.81004393956387e-12,3.67992782059428e-10,-6.06350884666946e-10,1.5261685249743e-10,-5.72213600113009e-10,2.53586735306959e-10,8.89384652753114e-10,4.07904362564453e-11,-1.88548409082312e-10,-4.86944990126631e-10,3.19801824362482e-10,-3.97375159296123e-10,5.16399130730698e-10,-5.19741775711932e-10,-7.24087199266233e-10,1.3909930080169e-10,7.63358564855982e-11,-1.04712258965074e-10,4.80869747009973e-10,5.79532452903179e-10,5.02386277602214e-10,-8.65142266153584e-10,3.84487862209307e-10,-2.67882915119983e-10,-1.01623865187229e-10,8.20884726203445e-10,7.75247017246216e-10,2.54388104419365e-10,-4.77032513247933e-10,5.73954656944238e-10,2.08828404457457e-10,-5.81689012903684e-10,1.68959842926741e-10,1.12490743513263e-10,-2.5339643942492e-10,2.41040897957732e-10,-2.53778824719252e-10,9.20660585371566e-10,2.68186211943294e-11,2.87584019138922e-10,3.27428571871241e-10,-6.93861103416527e-10,-1.69295530963491e-10,-4.50857999844925e-10,-1.19235773745581e-11,-3.20887813862835e-10,-3.49074055719793e-10,-3.17778875225712e-10,2.93495774145779e-10,7.21248206141838e-10,-2.97195045010278e-10,-4.97132499666431e-10,-9.63972871589369e-11,8.58298157271961e-11,-8.95370525115844e-10,1.12919028770227e-11,4.4512171457783e-10,8.4173732141351e-11,8.6029268388681e-10,-1.14249699555733e-09,3.35100802965036e-10,4.15572714104931e-10,4.35512896542009e-10,-1.93557753024511e-10,-2.36498559564984e-10,1.25661974169252e-10,-7.71987806371148e-10,1.4159362026731e-10,1.35150191826162e-10,-1.7754209076845e-10,7.12008133848475e-10,-2.88931514824532e-10,5.16601449388771e-10,-1.50147291607183e-10,3.68044014654341e-11,7.43350998034635e-10,-2.600839595693e-10,-1.54973660510591e-10,7.65104468935366e-10,-7.47667954290615e-10,-2.31032688037026e-10,-6.58933637633231e-10,-8.66642714591205e-10,-8.46773844662719e-10,6.66578874220794e-11,-7.14107764533619e-10,-2.56145764565455e-10,-3.96993897296866e-10,-2.18773490399103e-10,7.80533221045173e-10,-6.77111566911443e-11,3.97618704590471e-10,-1.01012432336113e-10,2.28807678744398e-10,5.38427184905229e-10,-2.86211370745618e-10,-5.63547904650123e-11,2.79217865864473e-10,-6.29605806215757e-10,1.05983632155606e-09,-5.01243498596149e-10,1.25535474877088e-09,6.12497084190942e-10,-1.33512357434227e-10,9.42319460346076e-11,-8.43381620947904e-10,-3.47803244836433e-10,1.12472707617198e-09,5.79256558167768e-10,3.56288610092678e-10,-3.71411168181072e-10,-6.78925884797319e-10,6.26927757547078e-10,1.19453051999737e-12,-7.35687290384758e-10,-1.21941105649574e-10,-7.58193467761076e-10,6.24348015562494e-10,-4.30355719451444e-10,4.9935349881357e-11,-2.29526798887573e-10,-1.1919768019331e-10,5.39174041046806e-10,-7.4010410240487e-10,-6.06267767409449e-10,-1.05971971519032e-09,1.23146606612552e-10,2.32999076130947e-11,6.05921703187451e-10,3.28829281059514e-11,1.47167437657124e-10,-4.44642609840493e-10,2.94346532535433e-10,-2.0281994570283e-10,-1.46656150867552e-10,4.4289882641926e-10,1.95058677695702e-10,-1.26921751810701e-10,-1.01794079670971e-10,1.78264763473759e-10,3.90021700702142e-10,-6.05768499079694e-10,-7.03840354063772e-10,-2.01674322242163e-10,-1.4994524504449e-10,-5.03390410561549e-10,-2.54762325686232e-10,2.69507488857002e-10,-2.82305772271103e-10,-2.43325491659874e-10,4.68396341751052e-10,-2.98276640254292e-10,-3.36249138552065e-10,-8.69589575689071e-10,-1.53489667495708e-10,-1.15698515064897e-09,-1.39999910549995e-10,2.48821604387965e-10,-5.20678594141355e-10,8.32465566864491e-10,1.0620735898863e-10,-2.40566443016431e-10,-2.77543544511365e-10,6.24175196903309e-10,-6.55922975718473e-11,4.68227210848395e-10,9.95819286327151e-10,-3.2093996859228e-11,-3.42271999909917e-10,2.63373226173144e-10,-4.71387993182045e-10,7.24013068896732e-10,-3.63756486424223e-10,1.38728763779419e-11,6.86631490752826e-10,-3.95461328334166e-10,3.96119896904768e-10,8.74058491327771e-10,-6.85661830864278e-11,6.02337632517434e-10,5.94255264694532e-10,-1.65129714881815e-10,-4.15248922169158e-10,-2.30893350383435e-10,-7.20630056238822e-10,1.1444878774631e-10,3.08447014543147e-10,5.69879367439155e-10,6.88615894200023e-10,1.76680666257531e-11,-1.43299535774395e-10,3.92424883398349e-10,3.98064869057529e-10,6.05270274611889e-10,-1.67467809305644e-10,-4.40144531853052e-10,-1.3817968375281e-10,-7.17965296685095e-10,-7.35251885065814e-10,2.13908526955954e-10,-3.89457529170772e-10,3.78657512231112e-10,1.63746059462295e-10,9.22883982916942e-10,6.78932068126697e-10,-1.19013503982848e-10,1.5118574302422e-10,4.01688040480315e-10,-2.67805219804316e-11,-9.4007362743677e-10,8.41972905395854e-10,-3.9811575135685e-10,4.44221947481667e-11,-3.86773007499989e-10,2.33344429758231e-10,6.45656592297375e-11,8.17734486317736e-10,-5.37777058603997e-10,-2.12075597076741e-10,1.59122950252148e-10,-9.73990329160757e-10,-3.6292087214622e-10,-8.00151960480863e-10,4.34356381563849e-10,-3.8347714649298e-10,-1.04292208892539e-10,7.79609360390047e-10,3.18725211130079e-10,-2.67266047822761e-10,-6.26728965784108e-10,2.55895396037795e-11,-3.35089030507338e-10,1.59732941637762e-09,-8.62125566189784e-11,8.32527693375806e-10,-1.40695165916549e-10,6.92206883281162e-10,3.71918726915376e-10,-1.73683381803393e-10,1.72040006908974e-10,-8.6630583162415e-11,-2.1471042983932e-10,-5.17492113575596e-10,-9.12270028920718e-10,-1.74899114245948e-11,-1.90896065630478e-10,-1.76294612868258e-10,-1.20879590329238e-09,-3.48414337973711e-10,4.50309455794539e-10,-7.55136984592411e-10,4.14670576289515e-10,-1.54802012329217e-09,1.27744420070079e-09,4.42075392761154e-10,1.65230298448658e-10,-3.3994169061135e-10,-1.16888758537397e-10,-3.87374602130895e-10,-1.46364828408597e-10,3.82655210964212e-11,-6.01760260827859e-10,6.17012285329685e-10,-6.72131022765585e-10,1.17515775988358e-09,1.11449690366291e-09,1.56855276073429e-10,1.57974461013179e-10,6.12532278548047e-10,6.86411833211844e-10,3.16863403377215e-10,2.51548469293031e-10,3.45367983746844e-10,-9.26574413988614e-10,-4.59267179345211e-10,-5.32566736239232e-11,-2.17164443760659e-10,-1.26361049032069e-09,-4.01583775676941e-11,1.62747480181203e-10,-3.80059900540432e-11,-6.26416909239737e-11,3.92599031570942e-10,1.7175933305886e-10,-1.24058675724515e-10,-5.98391747100702e-10,-1.04782222163024e-09,-2.22398783916094e-10,4.47954736285639e-10,2.69132821009814e-10,-3.83139311188152e-10,1.37858871786277e-10,9.20266044785225e-11,-5.47120327308025e-11,-8.91194364116393e-11,5.01879286605151e-10,-3.32765522819859e-10,3.36808067448517e-10,-7.24460385714061e-10,4.73526099670363e-10,2.41151169705243e-10,2.09238918307689e-10,1.00824299600497e-09,-6.83654546996703e-10,-7.74793255686709e-10,-3.36716510504928e-10,-2.12592669861721e-10,-4.91565433548987e-11,-7.99475866103746e-10,5.20883274290592e-11,-8.65530080642834e-11,-1.78207404535245e-10,7.27437334648102e-10,-5.51490185243348e-10,-1.8078258195364e-11,5.74853992431691e-11,-1.1311650918543e-10,4.97583945302721e-11,-3.97404408356413e-10,7.50739903269024e-10,-1.17341047049298e-10,3.5687095436523e-10,-3.02113255491261e-10,-2.16780663979104e-11,1.5691123073346e-10,-1.11424556279826e-09,1.74204609030993e-10,-1.14415901738986e-12,8.65912856020705e-11,-5.04189615233837e-10,5.53320367939811e-10,-5.28722287564211e-10,-1.6914715687251e-10,-1.20647391898522e-10,1.20909879095125e-09,-3.96642242630736e-11,4.0680198337489e-10,4.53104040096336e-10,-4.6494563935142e-10,-5.05465540272524e-10,-8.52225948567506e-10,1.28880823879748e-10,-9.79546262062807e-10,6.32871972684033e-10,7.4946153754809e-10,1.23725226859433e-09,2.23044817611199e-10,-5.88030795562355e-10,3.86312995066841e-10,-4.15894974082027e-10,1.61219580196097e-09,-1.30586294788241e-10,-3.27227210250298e-10,-3.80093003146348e-10,-2.84041272776345e-10,1.93455190006706e-10,4.80820492321057e-11,2.19435279552834e-10,-3.28393974461202e-10,-4.5767881846082e-11,2.29306118762899e-10,3.63084209691022e-10,1.02827279698999e-09,1.5706058793168e-10,9.7572536228503e-11,-4.35558471207477e-10,-4.90613615034207e-10,-3.66252538524077e-10,-1.59133389282024e-10,9.81347107129903e-11,-2.1167631859344e-10,3.51087791873038e-10,-2.27911291900936e-10,5.61229736508708e-10,-4.50576465530156e-10,-8.99127061752071e-10,6.52177219252529e-10,2.78889927513013e-10,-8.67536729717138e-11,3.06979406074304e-10,2.54987720484876e-10,3.62167639452517e-10,-1.36651105063949e-10,4.61774958432807e-10,2.17346506085714e-10,8.43915537214989e-10,-4.92941315359453e-10,-1.56897040318179e-10,-1.4205171244106e-10,3.51254917824488e-12,-2.20537607471477e-10,-3.74624527973957e-11,-5.31932719223438e-10,1.35180325420816e-10,1.77352914588721e-10,-6.86341979555772e-10,5.06614320452115e-10,-2.70168263240935e-10,2.07669507838554e-10,-6.49388333786934e-10,1.45253526958174e-10,-1.38317958312209e-11,2.01471514212393e-10,1.01164024348506e-09,-3.66647137463128e-10,1.01821784165684e-09,4.70492121379942e-10,-6.47292232120738e-10,1.95224869339968e-10,2.17517470600986e-10,-1.15259231222184e-10,-3.1143333130931e-10,-9.8222800295128e-11,2.7878173526626e-10,2.27857045358626e-10,-1.43551831443735e-10,-8.19183436531542e-10,3.65385047096306e-10,4.47612874988786e-10,-3.17083245955714e-10,4.80441375353731e-10,-5.13370346528611e-10,2.8027181459548e-10,-1.30103070111412e-10,1.95935492850247e-10,-3.52606881842883e-10,-5.02232416247597e-10,4.49556700790713e-10,6.15901847705596e-11,5.10777443821944e-10,2.37773388486801e-10,3.27017716831805e-11,-5.64630731699888e-10,-4.95821975418855e-10,-3.4714678318316e-11,-6.44747710806645e-10,6.14990555221418e-10,1.51046586129597e-11,8.76271081906607e-10,-4.96138438431798e-10,2.51879822456791e-10,-1.87480593882747e-10,4.10994618556668e-10,3.85590588960495e-10,1.31745467379167e-09,-5.37858373382808e-11,5.53499010737914e-10,3.99933528780258e-10,-7.18014550595895e-11,3.93988716814075e-10,4.2233815872079e-10,-5.53945898088092e-10,3.3622782154753e-10,6.89624039923888e-10,6.87442754774034e-10,1.01649582298555e-10,4.14630899375639e-10,-7.13830839954552e-11,-1.17170190525662e-10,-2.10049343355535e-10,2.89921253891539e-12,1.94671020315307e-10,3.72527548519219e-10,-2.65129860172308e-11,5.88814238013402e-10,-4.05924620414877e-10,-4.25751938244525e-10,4.1665176566387e-10,-1.10042534559511e-10,2.10705386573153e-10,4.66322556577188e-10,6.502938686097e-10,1.33273674546329e-10,5.7591592252259e-10,-4.93073190975759e-10,-9.28050258078894e-10,-1.97331985909927e-10,-9.01509315979452e-11,5.125869924182e-10,1.16432252485982e-10,-5.19019970755771e-10,-5.04495431822887e-10,-4.13453361293996e-10,-6.3308020580574e-10,5.4543996967458e-10,-1.95461041747092e-11,1.19464624063576e-11,-8.65105411772061e-10,-1.55142048186405e-10,-4.91512856736967e-11,-9.29313128200176e-10,-1.23514225920098e-09,1.7591695010492e-10,-1.71369319047678e-10,-3.07950795945581e-10,6.98788615987036e-10,-2.1800027296091e-10,2.88051461073077e-10,2.56248497054813e-10,6.53707008786159e-10,2.59600951899698e-10,3.21614754787253e-13,-5.26888117608817e-11,3.0007257560353e-10,3.5306695356392e-10,1.69297585826082e-10,-3.88378897171756e-10,-1.41160546059323e-09,7.16992699026675e-10,-7.84069516870307e-10,-2.39556650431555e-10,-9.44073958248315e-10,2.1135150418198e-10,-9.75071741048839e-11,1.73570206460563e-10,-6.94203129965654e-11,-6.31591045243347e-10,-4.30797015606412e-10,-6.44994986185571e-10,6.27133435912855e-10,1.36258318403889e-09,1.38570967119255e-10,5.95292748347876e-10,3.01273739030532e-10,4.56582006029467e-11,-6.64838198633152e-10,-1.10657398398391e-09,4.3236705593601e-11,9.43885388690766e-10,5.21924058606867e-10,2.20051773159883e-11,3.05248765452978e-10,-3.08305970465255e-10,-3.83301398052355e-10,2.25794524522876e-10,1.37495260031918e-10,1.53733544766385e-10,4.7677955818633e-10,6.76956210464493e-10,-8.62815396423536e-10,-5.1985971307945e-10,-4.26848126594399e-10,1.73414902229992e-11,4.89278352132791e-10,2.1139834198819e-10,4.33568519643363e-10,-7.86819675775472e-10,4.30017744702008e-10,5.66575775804626e-10,1.5199731632377e-10,-8.00580172502063e-10,-9.82951270782909e-11,-1.24094208019497e-11,5.69819474923183e-10,4.86359608140776e-10,1.14109430245924e-10,-6.7887973848113e-10,-3.75092976490543e-10,6.67966886873409e-10,3.71311227965531e-10,5.96274860272512e-10,2.50096889327871e-10,-9.49943818710343e-10,-4.75163000635582e-10,-5.93010995800191e-10,6.50259008632718e-10,3.83308335780771e-10,3.78025816284093e-10,-5.22436435072507e-10,-5.12520968894445e-10,1.54195302532233e-10,7.37872334896005e-10,-1.10820349156389e-10,-6.78108080483294e-10,2.91212930567517e-10,5.49721780296431e-12,-2.32637816844437e-10,3.05054397392982e-10,-5.28087461817065e-10,-8.02525668994214e-10,-2.42996671460505e-10,1.56546812087295e-10,2.01517167051509e-10,-2.39712414031409e-10,1.57935452293868e-11,5.86273077597072e-10,2.79330900789116e-10,3.87916125185658e-10,3.53633156070412e-10,-4.49656189135685e-10,-1.12944362741925e-10,9.85410757915386e-10,1.75394604658232e-10,-4.91213672550672e-10,-8.05752092949014e-10,-1.05163361268548e-10,4.5594514391059e-10,2.6514596174366e-10,-2.75856411343783e-10,-4.79735357599292e-10,-2.84647002245608e-10,-9.44807172184507e-10,-1.60553622809791e-10,-1.28635635194925e-10,-2.86988360931027e-10,-5.84175562487272e-10,-2.64932520042339e-10,-5.0698157332629e-10,-1.0733252678113e-09,-3.23116317546173e-10,-4.9015027113947e-10,-1.07918070136447e-09,-1.11467629988009e-09,-1.02080459352657e-09,-3.30332140573543e-10,-1.44086240121932e-09,-1.05672110399417e-09,-1.2937442234212e-09,2.42220668568453e-10,-1.00027548605975e-09,-5.98857707251049e-10,-1.42125889770334e-09,-4.61752820966624e-10,-5.743500861741e-10,-1.48620099982016e-09,-5.68692045042383e-10,-8.00938376417137e-10,-9.77729210479307e-10,-9.46434283539737e-10,-1.90536816355992e-09,-1.29883750797642e-09,-1.25948816655784e-09,-8.32173203746463e-10,-1.11285859002458e-09,-3.21396607720702e-10,-1.19297424940382e-09,-1.44757080175398e-09,-1.61385105735656e-09,-1.00884569404676e-09,-9.26855718348882e-10,-4.65817164516388e-10,-2.04835665693166e-09,-1.39599768564875e-09,-4.93269273569579e-10,-1.83022545074069e-09,-4.98746149414128e-10,-1.82926151445057e-09,-1.28974137676643e-09,-1.32805455315014e-09,-1.41387448676121e-09,-2.21430502033958e-09,-1.51861932597239e-09,-1.50229979695624e-09,-1.26622719211122e-09,-1.01909820852365e-09,-1.10195489352961e-09,-1.26653672763311e-09,-1.11191072436307e-09,-1.26008361388204e-09,-1.15350478591565e-09,-4.63777317401756e-10,-1.0748386929683e-09,-1.29384010120493e-09,-1.05850617193738e-09,-2.01160606824372e-10,-1.43480670674291e-09,-1.22377872630273e-09,-1.83286156983598e-09,-6.60782789837773e-10,-1.81004885014281e-09,-2.04197017104094e-09,-8.76152402538651e-10,-1.65879819338407e-09,-1.23124193353541e-09,-1.83936240105932e-09,-3.84543704997908e-10,-1.26754904304508e-09,-7.18625164799381e-10,-9.69787708417114e-10,-2.22497273333235e-10,-2.97992510326641e-10,-9.61083203961366e-10,-5.44982885311588e-10,-8.29355970048793e-10,-6.04503676309707e-11,-6.69342183278831e-10,-1.75958027573212e-09,-9.1037306367308e-10,-1.09449011563562e-09,-9.15236612416164e-10,-8.22844113121367e-10,1.39802307054516e-10,-9.7366878344218e-11,-9.01198540033838e-10,-5.12073003533661e-10,-5.7849176999347e-10,2.51700324260711e-10,4.08506143962306e-10,-1.57393373407641e-11,2.01057491843792e-10,1.22738552565395e-10,1.39994963854929e-09,6.10599209925748e-10,5.77204807324584e-10,4.73972570675105e-10,7.88921396464129e-10,9.37388437974094e-10,1.31163916596002e-09,1.54033569030592e-09,2.1071494439937e-09,1.00429657001611e-09,1.78212123104079e-09,2.47465954641633e-09,1.11671962502688e-09,2.70096362320516e-09,3.65870879220067e-09,2.6714065875977e-09,2.87991359041413e-09,3.90991437513006e-09,3.26876538009093e-09,2.95380067519699e-09,2.97814309933404e-09,4.41462351710894e-09,5.08782225330179e-09,5.17471769419215e-09,5.58120071778437e-09,5.53805366903096e-09,5.69292558514172e-09,5.52616172044808e-09,7.28233014961248e-09,7.25326866894039e-09,8.40704044753786e-09,8.16507018034937e-09,7.80231151933383e-09,8.13295746765226e-09,1.00206144307729e-08,1.01043963408613e-08,1.13135620043378e-08,1.06338039620128e-08,1.21331649902509e-08,1.2376692502548e-08,1.34430838190637e-08,1.41764768795192e-08,1.45079126235606e-08,1.48236095452226e-08,1.71049838070801e-08,1.74964695369632e-08,1.94634951198836e-08,1.94958519680774e-08,2.03748478100671e-08,2.24712791832692e-08,2.41360513903499e-08,2.54649266247718e-08,2.67667770093136e-08,2.8400564266154e-08,3.07060242252792e-08,3.21750052124643e-08
