v,0.25
Patm,100000
g,9.81
r,500
G,10^9.15
rho,2300
mu,10^3.73
rc,11
 
M,10^5.2
sigma,0.1
 
tilt_erupt,32.3438nrad
 
-1254,-1253,-1252,-1251,-1250,-1249,-1248,-1247,-1246,-1245,-1244,-1243,-1242,-1241,-1240,-1239,-1238,-1237,-1236,-1235,-1234,-1233,-1232,-1231,-1230,-1229,-1228,-1227,-1226,-1225,-1224,-1223,-1222,-1221,-1220,-1219,-1218,-1217,-1216,-1215,-1214,-1213,-1212,-1211,-1210,-1209,-1208,-1207,-1206,-1205,-1204,-1203,-1202,-1201,-1200,-1199,-1198,-1197,-1196,-1195,-1194,-1193,-1192,-1191,-1190,-1189,-1188,-1187,-1186,-1185,-1184,-1183,-1182,-1181,-1180,-1179,-1178,-1177,-1176,-1175,-1174,-1173,-1172,-1171,-1170,-1169,-1168,-1167,-1166,-1165,-1164,-1163,-1162,-1161,-1160,-1159,-1158,-1157,-1156,-1155,-1154,-1153,-1152,-1151,-1150,-1149,-1148,-1147,-1146,-1145,-1144,-1143,-1142,-1141,-1140,-1139,-1138,-1137,-1136,-1135,-1134,-1133,-1132,-1131,-1130,-1129,-1128,-1127,-1126,-1125,-1124,-1123,-1122,-1121,-1120,-1119,-1118,-1117,-1116,-1115,-1114,-1113,-1112,-1111,-1110,-1109,-1108,-1107,-1106,-1105,-1104,-1103,-1102,-1101,-1100,-1099,-1098,-1097,-1096,-1095,-1094,-1093,-1092,-1091,-1090,-1089,-1088,-1087,-1086,-1085,-1084,-1083,-1082,-1081,-1080,-1079,-1078,-1077,-1076,-1075,-1074,-1073,-1072,-1071,-1070,-1069,-1068,-1067,-1066,-1065,-1064,-1063,-1062,-1061,-1060,-1059,-1058,-1057,-1056,-1055,-1054,-1053,-1052,-1051,-1050,-1049,-1048,-1047,-1046,-1045,-1044,-1043,-1042,-1041,-1040,-1039,-1038,-1037,-1036,-1035,-1034,-1033,-1032,-1031,-1030,-1029,-1028,-1027,-1026,-1025,-1024,-1023,-1022,-1021,-1020,-1019,-1018,-1017,-1016,-1015,-1014,-1013,-1012,-1011,-1010,-1009,-1008,-1007,-1006,-1005,-1004,-1003,-1002,-1001,-1000,-999,-998,-997,-996,-995,-994,-993,-992,-991,-990,-989,-988,-987,-986,-985,-984,-983,-982,-981,-980,-979,-978,-977,-976,-975,-974,-973,-972,-971,-970,-969,-968,-967,-966,-965,-964,-963,-962,-961,-960,-959,-958,-957,-956,-955,-954,-953,-952,-951,-950,-949,-948,-947,-946,-945,-944,-943,-942,-941,-940,-939,-938,-937,-936,-935,-934,-933,-932,-931,-930,-929,-928,-927,-926,-925,-924,-923,-922,-921,-920,-919,-918,-917,-916,-915,-914,-913,-912,-911,-910,-909,-908,-907,-906,-905,-904,-903,-902,-901,-900,-899,-898,-897,-896,-895,-894,-893,-892,-891,-890,-889,-888,-887,-886,-885,-884,-883,-882,-881,-880,-879,-878,-877,-876,-875,-874,-873,-872,-871,-870,-869,-868,-867,-866,-865,-864,-863,-862,-861,-860,-859,-858,-857,-856,-855,-854,-853,-852,-851,-850,-849,-848,-847,-846,-845,-844,-843,-842,-841,-840,-839,-838,-837,-836,-835,-834,-833,-832,-831,-830,-829,-828,-827,-826,-825,-824,-823,-822,-821,-820,-819,-818,-817,-816,-815,-814,-813,-812,-811,-810,-809,-808,-807,-806,-805,-804,-803,-802,-801,-800,-799,-798,-797,-796,-795,-794,-793,-792,-791,-790,-789,-788,-787,-786,-785,-784,-783,-782,-781,-780,-779,-778,-777,-776,-775,-774,-773,-772,-771,-770,-769,-768,-767,-766,-765,-764,-763,-762,-761,-760,-759,-758,-757,-756,-755,-754,-753,-752,-751,-750,-749,-748,-747,-746,-745,-744,-743,-742,-741,-740,-739,-738,-737,-736,-735,-734,-733,-732,-731,-730,-729,-728,-727,-726,-725,-724,-723,-722,-721,-720,-719,-718,-717,-716,-715,-714,-713,-712,-711,-710,-709,-708,-707,-706,-705,-704,-703,-702,-701,-700,-699,-698,-697,-696,-695,-694,-693,-692,-691,-690,-689,-688,-687,-686,-685,-684,-683,-682,-681,-680,-679,-678,-677,-676,-675,-674,-673,-672,-671,-670,-669,-668,-667,-666,-665,-664,-663,-662,-661,-660,-659,-658,-657,-656,-655,-654,-653,-652,-651,-650,-649,-648,-647,-646,-645,-644,-643,-642,-641,-640,-639,-638,-637,-636,-635,-634,-633,-632,-631,-630,-629,-628,-627,-626,-625,-624,-623,-622,-621,-620,-619,-618,-617,-616,-615,-614,-613,-612,-611,-610,-609,-608,-607,-606,-605,-604,-603,-602,-601,-600,-599,-598,-597,-596,-595,-594,-593,-592,-591,-590,-589,-588,-587,-586,-585,-584,-583,-582,-581,-580,-579,-578,-577,-576,-575,-574,-573,-572,-571,-570,-569,-568,-567,-566,-565,-564,-563,-562,-561,-560,-559,-558,-557,-556,-555,-554,-553,-552,-551,-550,-549,-548,-547,-546,-545,-544,-543,-542,-541,-540,-539,-538,-537,-536,-535,-534,-533,-532,-531,-530,-529,-528,-527,-526,-525,-524,-523,-522,-521,-520,-519,-518,-517,-516,-515,-514,-513,-512,-511,-510,-509,-508,-507,-506,-505,-504,-503,-502,-501,-500,-499,-498,-497,-496,-495,-494,-493,-492,-491,-490,-489,-488,-487,-486,-485,-484,-483,-482,-481,-480,-479,-478,-477,-476,-475,-474,-473,-472,-471,-470,-469,-468,-467,-466,-465,-464,-463,-462,-461,-460,-459,-458,-457,-456,-455,-454,-453,-452,-451,-450,-449,-448,-447,-446,-445,-444,-443,-442,-441,-440,-439,-438,-437,-436,-435,-434,-433,-432,-431,-430,-429,-428,-427,-426,-425,-424,-423,-422,-421,-420,-419,-418,-417,-416,-415,-414,-413,-412,-411,-410,-409,-408,-407,-406,-405,-404,-403,-402,-401,-400,-399,-398,-397,-396,-395,-394,-393,-392,-391,-390,-389,-388,-387,-386,-385,-384,-383,-382,-381,-380,-379,-378,-377,-376,-375,-374,-373,-372,-371,-370,-369,-368,-367,-366,-365,-364,-363,-362,-361,-360,-359,-358,-357,-356,-355,-354,-353,-352,-351,-350,-349,-348,-347,-346,-345,-344,-343,-342,-341,-340,-339,-338,-337,-336,-335,-334,-333,-332,-331,-330,-329,-328,-327,-326,-325,-324,-323,-322,-321,-320,-319,-318,-317,-316,-315,-314,-313,-312,-311,-310,-309,-308,-307,-306,-305,-304,-303,-302,-301,-300,-299,-298,-297,-296,-295,-294,-293,-292,-291,-290,-289,-288,-287,-286,-285,-284,-283,-282,-281,-280,-279,-278,-277,-276,-275,-274,-273,-272,-271,-270,-269,-268,-267,-266,-265,-264,-263,-262,-261,-260,-259,-258,-257,-256,-255,-254,-253,-252,-251,-250,-249,-248,-247,-246,-245,-244,-243,-242,-241,-240,-239,-238,-237,-236,-235,-234,-233,-232,-231,-230,-229,-228,-227,-226,-225,-224,-223,-222,-221,-220,-219,-218,-217,-216,-215,-214,-213,-212,-211,-210,-209,-208,-207,-206,-205,-204,-203,-202,-201,-200,-199,-198,-197,-196,-195,-194,-193,-192,-191,-190,-189,-188,-187,-186,-185,-184,-183,-182,-181,-180,-179,-178,-177,-176,-175,-174,-173,-172,-171,-170,-169,-168,-168,-167,-166,-165,-164,-163,-162,-161,-160,-159,-158,-157,-156,-155,-154,-153,-152,-151,-150,-149,-148,-147,-146,-145,-144,-143,-142,-141,-140,-139,-138,-137,-136,-135,-134,-133,-132,-131,-130,-129,-128,-127,-126,-125,-124,-123,-122,-121,-120,-119,-118,-117,-116,-115,-114,-113,-112,-111,-110,-109,-108,-107,-106,-105,-104,-103,-102,-101,-100,-99,-98,-97,-96,-95,-94,-93,-92,-91,-90,-89,-88,-87,-86,-85,-84,-83,-82,-81,-80,-79,-78,-77,-76,-75,-74,-73,-72,-71,-70,-69,-68,-67,-66,-65,-64,-63,-62,-61,-60,-59,-58,-57,-56,-55,-54,-53,-52,-51,-50,-49,-48,-47,-46,-45,-44,-43,-42,-41,-40,-39,-38,-37,-36,-35,-34,-33,-32,-31,-30,-29,-28,-27,-26,-25,-24,-23,-22,-21,-20,-19,-18,-17,-16,-15,-14,-13,-12,-11,-10,-9,-8,-7,-6,-5,-4,-3,-2,-1,0
-9.61323084470669e-12,1.34842956236861e-10,-7.70350230678695e-11,-6.53312830445895e-11,4.01463525881422e-11,7.83580139574069e-11,-1.55491860244747e-12,-1.14718714078995e-10,-1.12213279019291e-10,1.35396297860874e-11,-5.67103960408279e-11,3.54871335084887e-11,3.43985966256447e-11,-3.18961316701619e-11,-2.38169829777988e-10,-1.83600058329369e-10,1.05845423287873e-10,-3.42140512145023e-11,9.56521029201246e-11,1.0433075783135e-10,2.72413484929249e-11,-4.97939633129238e-11,7.71104221215718e-11,-2.5099405565297e-11,-1.12375348955791e-11,-1.13803108733833e-10,5.1475101167345e-11,1.1493794961787e-10,1.81236946531914e-10,8.64274309392421e-11,-1.19166079580157e-10,9.9746318171589e-11,-7.33835493768976e-11,-4.54754204896021e-11,1.10580315172184e-10,-1.04163841143803e-10,-2.29097171226894e-11,1.4896045632739e-10,-1.08077531793546e-10,1.01551413393341e-10,5.98041562693795e-11,9.12912072360942e-11,-6.32757179275834e-12,-8.95575470141498e-11,4.25358223428938e-11,6.24622609605894e-11,-2.52385721986902e-12,5.74155640417053e-11,5.49558485914171e-11,-1.43857256825486e-10,1.33407063904023e-11,-9.23734195242373e-11,1.84201118019771e-10,6.27376986096021e-11,-1.03418234524956e-11,7.07931770331379e-11,-1.09656014139839e-10,1.58736480877425e-11,-1.59230437552012e-10,1.05609276967145e-10,1.70581839357672e-10,8.47719863555613e-11,1.05102109716979e-10,1.00064146238946e-10,-4.02576794220921e-11,4.85744946933455e-11,-1.17060114573955e-10,-1.36174090185995e-11,-1.98556018537016e-10,-5.00090753864566e-11,-1.03272872198476e-11,-6.1535789621518e-11,-2.9861195629428e-11,4.05037712489426e-11,-2.12496718257491e-10,1.88029722045347e-10,-9.18648496460862e-11,-1.02749585461745e-10,-1.43972816983041e-10,1.22766341717265e-11,9.63265401258923e-11,-1.93198700592661e-11,1.57056593728289e-11,1.02060677041986e-10,9.94469428951222e-12,-6.41363727749473e-11,5.35489230833839e-11,-3.19944807607944e-11,3.76671668408428e-12,2.97254511873827e-11,3.71689577672039e-11,7.43075348349213e-11,1.99454693475687e-10,-3.50626799249802e-11,1.17401631952728e-10,4.0558547954203e-11,2.0543786321402e-11,-1.1926063301871e-10,-1.16227166573125e-11,-4.02241818559554e-11,-3.15169123209451e-12,1.05418543887828e-12,-2.67095828799509e-11,-1.0215098459354e-10,1.20843066212615e-10,1.03932933552092e-10,-7.65197567547756e-11,1.60103488273158e-11,-2.95840125307987e-10,5.47270178689505e-11,-9.11992502277797e-11,1.85414943026645e-10,1.09945368616597e-10,-1.50423882391795e-10,-6.09789886861921e-11,6.67867410057367e-11,-6.87733747537175e-11,-3.01217099717774e-11,6.5750840067746e-11,-6.72717462541005e-11,2.84567906949783e-11,1.32361838333175e-10,7.73071579583247e-11,-1.3075417385211e-10,-6.81697511241722e-11,-4.01192722363431e-11,-1.64735635141166e-11,-3.26782236319355e-11,1.11260482243277e-10,-1.02534864863569e-10,-1.77617295003216e-10,-7.03325799046491e-12,2.43617503101824e-11,-1.36688640056623e-10,-7.56754030873266e-11,-3.72482704312067e-11,-7.74845296098176e-11,8.20373545859332e-11,3.18530493704864e-11,4.01862440576187e-11,-1.41163929530542e-11,1.13987131037861e-11,2.6159358310407e-10,4.8482136643536e-11,1.48209275350304e-10,3.56191770733791e-12,-1.50364454839095e-11,-4.63535624960215e-11,-6.40051314275377e-11,-1.05473474896186e-11,-4.32791046716098e-12,-9.63878100742904e-11,-1.8402556945745e-11,-2.04760069838521e-10,1.63689908842585e-10,-7.80630029316546e-11,2.81461818770849e-11,-5.21874457831319e-11,-4.97606787705525e-11,-1.3633380059427e-10,-6.42536977745239e-11,3.55949831738571e-11,-5.67716246534531e-11,-1.77913530364808e-10,-1.44417844123888e-10,3.65575042110307e-11,3.40407355352626e-13,-2.15175380091864e-11,1.74850803030059e-10,1.03399001000516e-10,-7.53033774842259e-12,8.85583972088866e-11,7.48824892153635e-11,2.62748147542126e-10,2.01914990152733e-11,-4.41377679056406e-11,8.35324476068073e-11,2.17233470597282e-11,-1.32658976165097e-10,2.99506753055452e-10,-3.61228390123892e-11,6.34033376848664e-11,-2.01175257978117e-10,-7.19384637065237e-11,1.07466914157896e-11,-1.37194077580128e-10,1.73780654814543e-10,-1.04248781238534e-10,1.6859969333555e-10,4.96697580812063e-11,-3.54343660337786e-10,1.4634888201376e-10,-8.19726646746078e-11,2.0062337886164e-11,-1.31546879563589e-10,-5.57699138022323e-11,7.08363363225034e-11,1.18616650533612e-10,-5.86541565500919e-12,-2.15404342356698e-11,-9.82053663340459e-11,-1.34108425813882e-10,-5.1301624788739e-11,2.87095372546212e-11,1.20458368151164e-10,1.99243568488822e-10,-2.05460666620846e-10,2.63885864330403e-11,-2.17577024002774e-11,1.137500617571e-10,1.64420364681349e-10,-2.60305750719368e-11,-5.36446706930399e-12,-1.69286478457024e-10,-2.59497155575686e-11,-1.79175407026571e-10,6.53394817243463e-11,-1.2164308640263e-10,-1.09497501004952e-10,2.74396418860745e-11,-1.1237337930919e-10,-4.6337941298841e-11,1.53916463305474e-10,-2.61521424809107e-10,-6.72139099284482e-12,-4.12671750036384e-11,-2.11459331768557e-10,1.52214467227044e-12,5.6717451574009e-11,-3.52076636933098e-11,1.83936297907002e-10,4.88492150582791e-11,-2.73572923975579e-10,-2.68385782288594e-12,9.02530417311727e-11,1.09029660273691e-10,1.08164340156884e-10,1.46166502339868e-10,-2.45046715079384e-11,-2.60870354940275e-11,1.24366585323043e-11,6.56263145550771e-11,-1.02453500600276e-10,8.71898832601703e-11,-6.38950425182306e-12,-1.0371039458255e-10,3.83928755734263e-11,-1.0276478460512e-10,-3.23109401159487e-11,8.87124387000774e-12,6.02730753076597e-11,-1.42099897092224e-10,-2.59919113280967e-11,7.99340455965685e-11,-9.85283208707962e-11,8.78437512437448e-11,-9.18315523735315e-11,1.72960095297717e-10,5.3779859137346e-11,1.43745434354287e-11,-3.46909078584727e-12,-1.97862162904512e-10,-7.80212586973797e-11,-5.48557432080101e-11,2.06362844494503e-10,1.70383787572673e-10,1.10321580668072e-12,8.46901507034868e-11,-2.39690332817337e-11,-2.22288094230685e-10,8.39956424248355e-12,-4.0015524312776e-12,3.51557227320378e-11,2.80047886146961e-10,4.46937622009213e-11,-5.78627158177418e-11,2.75065751040499e-11,-8.71153928407639e-11,4.7717745840779e-11,-7.05503638533176e-11,5.97777393221148e-11,7.53956520479875e-11,2.67896288215176e-11,6.12514092213733e-11,2.5030090269482e-11,-3.72592799511693e-11,-6.11874105466935e-11,9.29521963586525e-11,-4.99217405627357e-11,1.13200636201629e-10,-6.83489853644787e-11,7.77081761303139e-11,-7.66140271939179e-11,6.69309874350262e-12,1.7393492825824e-11,4.69386016553218e-12,1.70244410177605e-10,-2.73349695691964e-10,6.1061620687926e-11,8.05950837265383e-11,-2.89043586770737e-11,-4.10045117629239e-11,5.72474065129172e-11,1.27803680503869e-10,-4.14584659782469e-11,4.45990367585857e-11,2.20647422292541e-10,-3.94256037802013e-11,1.79472648623452e-10,1.23793431105928e-11,-6.47630727088894e-11,8.45737146586072e-12,-3.20819068408752e-11,-9.63945431557325e-12,-2.15091324805074e-12,-8.79830472048204e-11,1.26879100294687e-11,-7.79266285871434e-11,-1.8594318558603e-10,-9.21840334799762e-12,1.20074701521084e-10,2.07464063580967e-10,-1.28512150330969e-10,-9.69614861823803e-11,-6.60055178934561e-11,5.44276661027817e-11,-2.78323474754725e-11,4.6291333083012e-11,1.15000643131034e-10,-2.27702336774297e-11,-2.43675913651973e-11,-1.40960558258813e-10,1.5394439145662e-10,8.04488329553883e-11,-1.75115854048939e-10,4.00043618125258e-11,-4.64165646340655e-12,-1.25897142767207e-11,-1.73418442712021e-10,-8.21755228461024e-11,7.33599234814873e-11,-8.75611030786988e-11,1.83887191808995e-10,-9.11357788546689e-11,-1.04252239452096e-10,2.13247831962103e-10,8.26258989992695e-11,1.81509182244018e-10,-2.68545394380865e-11,1.12673545687819e-10,-1.0016566786e-10,-3.44984652831831e-11,7.38426227359637e-11,4.86525467927604e-11,-3.68926213762963e-11,4.96005674046371e-11,4.82332790293652e-11,4.96007591742668e-11,7.83245778465104e-11,-8.65932954771364e-11,-1.17089319903169e-10,1.38630723190763e-10,1.26743319755503e-10,-1.01554550107568e-10,-7.43503566047944e-11,1.3184695536981e-10,-4.98413632786753e-11,2.5437025139646e-11,-1.41346303142994e-10,7.99968792208157e-11,5.46330103160722e-11,-3.38126156901131e-11,-1.67153311301383e-10,-6.62066845241584e-11,1.79292593349418e-10,-6.88570517987934e-12,-3.32732695832488e-11,1.3941576943209e-10,1.45110736436398e-10,1.50740198957623e-10,-4.98097363692678e-11,-1.90604832526301e-10,7.58202379155717e-11,4.5370365027806e-11,-1.04484954113219e-10,5.9519165066402e-11,7.83590755557491e-11,1.40081132386671e-10,-6.34230287918928e-11,-1.97178868980427e-10,8.81856512098074e-11,1.35932325995422e-11,-1.17286033965288e-10,-7.15829481278029e-13,-1.22363484933058e-11,-3.48660543977111e-11,5.3383912787076e-11,-1.78100681034518e-11,-9.26430952091227e-12,1.19797141181915e-10,1.07748525075009e-10,-4.5791769211686e-11,-3.42485150789782e-11,-2.07379075253623e-11,8.28344346107417e-11,-3.92787369001747e-11,-1.23889480740733e-10,9.09030881539702e-11,1.65545331103203e-10,1.41294473193563e-10,1.14109370874409e-10,6.54421267405278e-11,9.27943369880358e-11,-2.2097789340497e-11,-5.19700405371843e-11,-2.7254822739059e-11,-3.26191820935437e-11,5.90124128025867e-11,7.60709212303203e-12,1.43236913360074e-10,-1.88357687700181e-10,5.61021730530686e-12,-8.5219984276841e-11,-1.33326928424975e-10,3.80215362359857e-11,-1.59410071617791e-11,1.24508576604646e-10,1.10484414889616e-10,8.92040789783409e-11,7.4350984275975e-11,1.49030777849877e-10,4.66749418881053e-11,1.85620783480287e-10,8.01067963787094e-12,-1.40259906849687e-10,-3.18653823755165e-11,7.60142711030482e-11,-1.03022797365186e-10,-8.740462355196e-11,1.35638104624984e-10,-1.30231858991851e-10,-1.07517693896972e-10,-3.42906392975556e-11,-8.25188440150342e-11,4.3251680904233e-12,-5.45999745946515e-11,7.90947436817956e-11,-1.67755347421265e-10,1.90194871287232e-10,-4.07223676003327e-11,-1.44106798115551e-10,1.26814818301174e-10,1.18276866491427e-10,-1.86746390832531e-11,-8.57624056492541e-11,1.25109317316129e-10,-7.54458996335962e-11,2.82143074111319e-12,-1.57247410783906e-10,5.39002108331397e-12,6.13722375755191e-11,-1.18575504155221e-11,-5.10560026535429e-11,1.40965700624305e-10,-1.00309511200801e-10,-2.6045575882091e-11,-2.99625277081799e-12,4.71895227098386e-11,-5.08401716089404e-11,1.09426972747623e-10,-6.1090094097012e-12,-1.62448933055358e-11,-8.24886905863509e-12,-2.50970160160226e-11,1.2268332976482e-10,-8.94931656028761e-11,5.48695807318607e-11,-6.10958779006821e-11,-5.87970605748449e-12,2.48204997524086e-11,-1.55724657329259e-12,1.316024115627e-10,-1.09000199741735e-10,-1.49097569685079e-10,5.45777276438802e-12,3.67321390655381e-11,-7.39973194437446e-11,7.48730032163406e-11,-1.18353773918765e-11,-1.23327059389928e-10,9.34753433972735e-11,-8.18879635613209e-12,-7.81639212162671e-12,-6.2684412714824e-11,-1.93691087147912e-10,1.35396350962602e-10,-2.18423190766868e-10,7.44052715722124e-11,-5.49565902711034e-11,-6.44275360863395e-11,1.76118062237941e-11,1.34605179323958e-10,-8.85252355421289e-13,9.39749882689838e-12,8.4306285442591e-11,4.49743687661135e-11,-3.17385483518921e-12,1.7265004796966e-11,-7.09383588846724e-12,-1.70486994834952e-11,-1.5107771746864e-11,-1.45697619114465e-10,-1.34678631300009e-10,-1.0222654679498e-10,6.09458383412736e-11,3.38578111345182e-11,5.81579792126108e-12,1.39290786888145e-11,-7.57912406659907e-11,2.46544090841245e-10,2.50208059571116e-11,1.25875808893757e-10,-2.05262376178924e-10,-1.07190422427642e-10,7.93954526160793e-11,1.45225717551764e-10,1.37076043331822e-10,-9.9238069031175e-11,-2.17516811718309e-11,9.28647229597935e-11,6.02655351214458e-11,-8.43898691168555e-12,-1.52201324471899e-10,-5.61368868337184e-11,-1.83971023290117e-10,1.81644805596951e-11,1.63181823492451e-10,4.29724155532118e-11,-3.3427083207501e-11,6.06997399390848e-11,1.5056155822597e-10,1.24753097974774e-10,-1.57734593101288e-10,-3.39816473156004e-11,-1.38595350995138e-11,1.50620889882518e-10,2.37703584587548e-11,1.40156223461208e-10,-5.47364498854211e-11,2.13533117251365e-12,-1.8233425919664e-11,-1.77585277447687e-11,4.63532938732264e-11,2.47169633912609e-10,1.58011226514075e-10,-4.70670438231846e-11,-1.07427124107904e-10,9.90791078166923e-11,-1.03502993726466e-10,1.55409366406688e-10,1.69606715999672e-11,-1.82189509598522e-11,8.81518664856619e-11,-1.08880917428666e-10,-5.76835432431479e-11,3.24272233756845e-11,-3.13438828631875e-11,-2.81054747871179e-11,-9.86803159291346e-11,5.56101620901102e-13,-1.2934692495757e-11,1.90149163388428e-12,-7.04186881767852e-13,7.80737569475691e-11,1.39076728906033e-10,2.58004669847812e-11,-3.03032756613611e-11,-1.05936365468351e-10,-1.46550858929069e-10,8.51977277852675e-11,1.78759525885569e-12,-8.39088508975658e-12,-2.08105660542164e-11,-2.92075255844704e-10,2.78452439516767e-10,-6.08898920047441e-11,9.74242847735311e-11,-1.99307845579485e-10,1.26051291606e-10,-1.28923093325633e-10,-1.8228446719018e-10,-1.1863940685734e-10,-6.45120834626585e-11,1.15796715132335e-10,-1.06132579734464e-10,-5.71388978425319e-11,1.55327583619972e-10,-2.85857381033264e-11,2.19121320665105e-11,-1.99477754494376e-11,6.85167728868045e-11,-1.39121748701831e-12,-1.52974132379129e-10,7.69267629970183e-11,-1.53742705324303e-10,6.03819374647227e-11,-2.86625153578274e-11,-1.72320951348918e-11,-6.46446955057208e-11,6.04596261384145e-11,-1.55155593890938e-10,1.59243112242596e-11,5.02878505015201e-11,4.8615797994101e-11,-2.34338400902085e-11,-4.44472296261428e-11,1.01459744825702e-11,-1.47539475039146e-10,-2.01264890445329e-11,-2.02097073992337e-10,2.47645822815329e-11,-5.5912971813149e-11,2.98754897997285e-11,1.99828493803536e-10,-7.25693846877053e-11,1.18135254088328e-10,6.61846377464124e-11,-1.51097769208105e-10,-2.05894403115835e-10,-2.49196208543166e-10,-1.74222454136372e-10,9.40511455840934e-11,-1.1420972334005e-10,-3.58090878757728e-11,1.85421258870398e-11,-8.3091706992409e-11,-3.41330554807206e-11,1.0394199757513e-10,-1.97135371697209e-10,1.17490192533821e-10,-8.40746088409864e-11,6.86711873624472e-11,4.8894848942141e-11,4.08671957132385e-11,-1.17146057142892e-10,6.47334895026012e-11,7.06644334788288e-12,7.25690491186936e-11,-1.06178523546192e-10,-6.29651717710929e-11,-4.55316448829917e-11,-8.17165289855855e-11,3.44231870290948e-11,5.7401269291022e-11,-1.82641776070657e-10,3.45664548474839e-11,-6.56283581677398e-11,2.58318049152224e-11,-4.52192277436347e-11,9.32656314804161e-12,-8.44091663334197e-11,-7.60793086977338e-11,5.52913421973298e-11,-4.05135092261284e-12,-1.47765927534969e-10,1.17895964935258e-10,1.8461451017777e-10,-1.45782572680251e-11,-1.44260603006061e-10,1.25731600435938e-11,1.34967355864661e-12,-7.37333417518243e-11,-8.34278693348988e-11,-8.02806221487248e-11,1.55952373352127e-10,8.90052237724593e-11,6.22148680116951e-11,5.09190873169007e-11,7.93318198875987e-11,9.23895521015834e-11,2.01128628546458e-11,-1.07678026382526e-10,-1.05295944656159e-12,2.34587235133932e-10,6.96865113359874e-11,6.27827206829683e-11,-9.88666950719845e-11,-1.39783601848515e-10,-7.03970888813568e-11,-1.69461655591547e-10,5.80315350261565e-11,6.42154276784101e-11,-5.08642193851105e-11,-2.1467082132581e-10,-5.85507021788142e-11,1.72886292229195e-10,1.58238257122214e-10,-3.53920208505916e-11,-7.6332762158227e-11,2.65766154832732e-11,1.03116726682786e-10,-2.33519551007134e-11,8.02083457461199e-11,-1.36955323401867e-10,8.5104280924038e-11,6.37479773139616e-11,6.24277693584846e-11,8.21168119662642e-12,1.50775109997214e-10,1.22657013694807e-10,1.24269851087577e-10,6.47566202681737e-11,-9.39643706762106e-11,9.8602073570999e-12,-1.18813226413985e-10,8.43369478615705e-11,-4.44713606006405e-11,6.28686492572587e-11,-2.14450596117551e-11,-1.26866063415751e-10,-6.70047933888402e-11,3.21745827891438e-12,2.5041672701637e-11,-7.27892763213373e-11,6.51771824348115e-11,5.67164930731431e-11,7.39411658777975e-11,1.06126363951317e-10,-8.53787767614593e-11,7.26253703850708e-11,-1.66035170062994e-10,-2.44073556220151e-10,-9.53157205920475e-11,5.30831640341608e-11,-1.04346928337056e-10,1.45484793728591e-11,-4.46718462568673e-11,-6.65562282674774e-12,-1.96620934414294e-11,-1.88590872743365e-11,1.74446064261644e-10,-6.75765310461087e-11,-2.19269219591464e-11,1.49293293729617e-10,-1.6216208707646e-10,8.7949791587323e-11,-6.10155432423396e-11,-1.31413572206079e-10,1.38199535075016e-10,8.92616549389688e-11,1.9776169847054e-10,4.34701006827015e-11,-2.08018908924076e-10,1.45965220085833e-10,6.14875464698562e-11,-3.37803326209133e-11,5.56131679991658e-11,-1.14181182966386e-10,9.59341543341098e-11,8.06930422455583e-11,2.9436766008225e-11,-3.30462755522122e-11,-7.65926822004972e-11,-1.3080369205874e-10,3.55154719976161e-11,6.14309485604725e-11,3.85639371071466e-11,-1.72398769983981e-10,-1.17429149394477e-10,-4.40452889101893e-11,-1.15884697376246e-12,8.03388177337897e-11,2.27057558779661e-11,-1.27230543293404e-10,-2.52807695833327e-11,1.37534605971586e-10,-1.60211814938822e-10,-2.11996689602315e-11,9.19254306887021e-11,-1.9651968153871e-10,2.69142334781347e-10,5.01795936691887e-11,5.14538669594658e-11,1.25518828007816e-11,1.3798904058301e-10,4.29584970140939e-11,3.2365487138472e-11,-2.49508887848619e-11,3.17862345903285e-11,-1.28673839360503e-11,9.7831381273738e-11,1.19909066090953e-10,-2.89099152445933e-10,-6.43587484155835e-11,9.55961914742693e-11,-2.66772395327966e-11,-1.04574040896053e-10,-6.89320234978394e-11,2.18840010396773e-10,6.53188426139484e-11,6.35722372901881e-11,8.01028575843379e-11,9.9974681817377e-11,3.25319992831644e-11,-6.86772095764263e-11,9.13228141030116e-11,-2.85184425718153e-10,-2.39455065887272e-11,-3.29247016479244e-11,-1.37306433488619e-11,-6.94591976794624e-11,-5.80012963189514e-11,8.24144417126557e-11,1.1973047843282e-10,-1.80699141900484e-11,5.32766929914419e-11,6.70434107529317e-11,5.60334383344978e-12,7.20993428195641e-11,2.41378210171381e-11,-2.2481519101054e-11,-1.31995865915662e-10,1.30552576292311e-11,-2.93949238461451e-11,-5.85363670872582e-11,1.90412783896444e-10,6.38123110936584e-11,5.37957748117987e-11,-4.55129578940831e-11,-8.74908008986558e-11,5.07096509770491e-11,1.81543772181777e-10,-8.13121342198987e-11,1.00503557763235e-10,-7.96072616100366e-11,1.22650590507462e-10,6.31983973715485e-11,-4.28210106361953e-11,1.51155612960862e-10,2.35418843911847e-10,3.44525903239711e-11,-3.33055704897952e-11,1.70148564921396e-11,-2.30701490849967e-10,-1.9040323805823e-11,2.94549630772716e-11,-1.57900344898674e-11,-1.02175724307228e-10,1.20663299361869e-10,-1.11110416507813e-10,1.20780067931718e-10,8.24552262167898e-11,3.03939877509274e-11,5.44258336489658e-12,-4.26524465016627e-11,-1.91068134451373e-10,9.09758487231229e-12,2.53103051854949e-10,4.02537208245114e-11,-9.53307940273354e-11,-6.60680126808818e-11,4.77032202685153e-11,2.44322434837232e-10,-9.74605302968042e-12,-1.69248759246258e-11,-1.10672117793057e-10,8.57566259342494e-11,-5.44203133653825e-12,9.07649898081583e-11,3.09886985147398e-11,-1.01717452242829e-10,-7.15082956807835e-11,-4.09018853660887e-11,-4.46948130877267e-11,3.06572667269958e-11,-9.56092409571176e-11,-1.05139174451405e-11,7.32265418637655e-11,-2.80845351733584e-11,6.07783672472791e-11,7.1079899147646e-13,3.43368632895687e-11,-5.69887443237776e-11,7.89382404000114e-11,-8.51866410685192e-11,5.10320911330906e-11,1.18548730551262e-10,7.8269906736189e-11,-1.28327972720206e-10,-3.02187593375983e-11,1.10812213735928e-11,-6.38866395872937e-11,-1.85056788974308e-10,1.94966250880285e-11,-2.10049095857567e-10,9.67635099403556e-11,2.02399889103459e-12,1.02031120675621e-10,2.57006094844189e-11,4.82843687592689e-11,2.19080904037097e-10,2.64892655298702e-10,8.82342634628598e-11,-2.63991953299195e-10,1.02659050980783e-10,-1.27849396349979e-10,9.6988428562045e-11,-1.23684307864685e-10,1.91930302983764e-10,-2.83635150133458e-10,2.98418677805702e-11,6.33305052804284e-11,-3.6350848176742e-11,1.10559160052894e-10,3.11978259638009e-10,-1.55789746538589e-10,-1.7366358913059e-10,1.4809641918853e-10,-1.42952735128307e-10,-1.06489081001271e-11,2.88096360140891e-12,4.66784712493721e-12,2.38463048581697e-10,5.30605440529946e-11,1.33838842960172e-10,4.70898292870956e-11,1.95371654900031e-10,-7.12176757444942e-11,2.40277776549481e-10,-3.87714725436061e-11,-2.19121780121378e-11,7.68920757724079e-11,-4.37544886621258e-11,9.12784056877168e-13,1.77823851923662e-10,1.61967003694871e-10,-1.68383700211915e-10,-1.03155032625117e-11,-2.00686072688172e-11,-7.30281676361531e-11,-1.36277919973888e-10,7.79226357050674e-12,-2.80537147189652e-11,1.23348034658004e-10,3.11522453104932e-11,-2.28558830088861e-11,4.77077070023153e-11,1.08335579337625e-11,1.51920612752837e-10,6.21569498991344e-12,1.4226888521931e-10,2.31753616400946e-11,-6.88464071548796e-11,-3.88922678115853e-11,-3.03661024676927e-11,7.60433352714242e-11,5.06789393760279e-11,-4.96168602679854e-11,2.83263904499287e-11,1.20904185171867e-10,-5.22125102223129e-11,5.51304320431959e-11,8.63005977382664e-11,7.90860585170684e-11,-5.58142620625008e-11,-5.42583796707647e-11,-2.24297945614569e-11,1.13177817484088e-10,8.76485321871166e-12,1.79777864856365e-10,-8.89248499732551e-11,3.07299076150359e-11,8.44092568026831e-11,-1.03144518508621e-10,-7.11244688222337e-11,-1.49857673703653e-10,-1.91805438752024e-10,4.71882103034859e-11,2.65250418213051e-11,6.73912180242967e-11,-6.77352257953644e-12,2.48479897062041e-12,1.02338627840162e-10,-1.76908077717797e-11,-2.8217125747434e-11,2.67462541409887e-11,-9.8225021036063e-11,-1.49883690922614e-11,1.25532490299789e-10,6.31893697245679e-11,-1.937379437492e-11,8.1364449446453e-11,3.79517778718389e-12,3.09412103290703e-11,1.97414058543786e-10,-3.67701265818787e-11,6.07746424536883e-11,9.58790988795645e-11,1.16921280629205e-10,-8.59857530121428e-11,2.12827015705854e-10,-1.53424655941592e-10,-6.96908509009166e-11,-8.81574950713539e-12,2.83779337833946e-11,5.23283103506967e-11,5.66785080265696e-12,1.97526731598181e-10,8.41923164773537e-11,1.50264027437883e-10,4.08721490199443e-11,1.25315164265045e-10,-2.82237894805284e-11,-1.86264370588162e-10,1.9178312516588e-11,-1.36400441894627e-10,9.56393975132497e-11,8.16727039149163e-12,-1.16079058692998e-10,-2.20460695795069e-11,-5.47437069846245e-11,2.39959682078769e-10,-1.26918974475402e-10,-9.78895872604161e-11,-1.61112555136815e-10,3.60829470842896e-11,1.6948263444111e-11,1.0550275557907e-10,6.06337254129582e-11,-3.64811104407753e-11,-1.53441853200957e-10,-6.10258045726207e-11,7.68737514624098e-12,-4.27520959197033e-11,1.22538829992406e-10,-1.16402082894041e-10,1.56727339682429e-10,-1.48839163126586e-10,1.77074570941571e-11,1.25081859015908e-10,1.29660024253926e-10,-1.14376664582633e-10,-5.90836849512209e-12,1.73251331194261e-11,1.38986397768955e-10,-8.25599852085545e-11,1.90196720197711e-11,-9.11417113031788e-11,7.24150846992606e-12,7.69502900368562e-11,-1.27737423550398e-10,-7.95719224247309e-11,-1.19806132340225e-10,4.97798527669778e-11,4.01787798839248e-11,-4.32315016678878e-11,1.83339381356731e-11,-1.47221765931215e-10,-1.55681301256671e-10,1.05824815215214e-10,-1.77706446765679e-10,3.96840236332347e-11,-7.18146265970321e-11,1.06550922682256e-12,-1.50635069528294e-10,2.76660598628995e-11,-1.92236292649031e-10,-6.10165580446877e-11,9.92252338413393e-11,-1.31974397089624e-10,-1.32455657455548e-10,-8.71556724451376e-12,-8.6587406610578e-11,-1.03126335871679e-11,-4.93154171396343e-12,-1.35893962421471e-10,-9.03718092981583e-12,1.31787532246801e-10,-2.96956875807315e-11,2.71492966577864e-11,-1.43606454822377e-10,1.02256913931347e-10,-2.50057074421599e-11,3.80099800631649e-11,1.87364391177474e-11,2.98468519642378e-11,-1.07333338899112e-10,-2.23002414973652e-11,-9.54015823183341e-11,-2.2846765182664e-11,-1.57521134849954e-11,-2.06590399505153e-10,-1.33605174077624e-10,-2.3307547857716e-10,-1.75326238076657e-10,-9.30526610532338e-11,-2.98284643113005e-10,-9.40121525823018e-11,-2.97026349852912e-10,-3.09211979974881e-10,-1.86885421907961e-10,-7.77674641074031e-11,-2.91268256715988e-10,-5.24741916743507e-10,-4.02295165589026e-10,-4.79652653905537e-10,-5.52261285296471e-10,-4.1091437921257e-10,-4.82962097249465e-10,-5.11944649484548e-10,-5.11899133473538e-10,-6.10930202404687e-10,-5.58898411740869e-10,-6.46086915082119e-10,-7.0883666462425e-10,-5.73684226891734e-10,-6.09022257131072e-10,-7.20293592273989e-10,-6.94868162640812e-10,-8.58522700812565e-10,-8.10624581017484e-10,-7.64657237540131e-10,-8.31666982745099e-10,-7.24243309510499e-10,-8.33704551706975e-10,-7.13800154715164e-10,-9.06068656422373e-10,-1.02319537677533e-09,-7.86915643222831e-10,-8.76821919967132e-10,-9.00287821986256e-10,-1.09113705796012e-09,-9.93733549628513e-10,-9.84499089263313e-10,-1.09932673668581e-09,-1.13967255721436e-09,-1.31634522940304e-09,-1.18936088899361e-09,-1.08921001502529e-09,-1.11901049688649e-09,-1.08315216891211e-09,-1.25668988119503e-09,-1.08970621258567e-09,-9.69213384475385e-10,-1.33302687009501e-09,-1.34998968175926e-09,-9.88608850552968e-10,-1.37596337628647e-09,-1.19994958744064e-09,-1.24705063807306e-09,-1.33330844360416e-09,-1.14329082481371e-09,-1.09666532338766e-09,-1.17026698203641e-09,-1.22722326380199e-09,-1.23793604767418e-09,-1.17367274693333e-09,-1.32885080660603e-09,-1.0841252672692e-09,-1.08267568700777e-09,-1.33170040431365e-09,-1.32732984129428e-09,-1.28158287371264e-09,-1.13201323926203e-09,-1.35542536091877e-09,-1.32205305071518e-09,-1.28543370977213e-09,-1.24739990532998e-09,-1.16291020282596e-09,-1.19208575950843e-09,-1.34249338512808e-09,-1.16495886937522e-09,-1.43822983865004e-09,-1.18561356729589e-09,-1.05654050515732e-09,-1.21978938732743e-09,-9.80632475076514e-10,-1.11409402697596e-09,-1.13382806431186e-09,-1.11907628265976e-09,-9.59310270435365e-10,-7.26121140022051e-10,-9.34009244826059e-10,-9.59312945961393e-10,-6.38531748446049e-10,-8.25456413308365e-10,-6.90030965264685e-10,-8.75768632901901e-10,-6.04839305466574e-10,-5.47246959175178e-10,-4.3292463169143e-10,-4.70591871915289e-10,-2.08025650240229e-10,1.01690520460896e-11,-1.22688651958569e-10,-7.4383658501037e-11,2.25988730997855e-11,1.47953725859596e-10,1.70771979047278e-10,6.9321483152124e-11,4.03762776208118e-10,3.70330467192229e-10,6.75438714652479e-10,7.78453593088928e-10,9.56065721998563e-10,1.08082003451472e-09,1.34013942578544e-09,1.21777298785505e-09,1.58400943732953e-09,1.51853577165609e-09,2.05943951241436e-09,1.90250210868878e-09,2.17017011341429e-09,2.45034846809349e-09,2.60552931354943e-09,2.78779063690385e-09,3.20923311322994e-09,3.35193822809032e-09,3.60296626470025e-09,3.8977973854539e-09,4.19523969689009e-09,4.41681644249438e-09,4.76081150409987e-09,5.09372784168193e-09,5.48454682885431e-09,5.80490529413988e-09,5.93463026023362e-09,6.51219468508434e-09,6.82239641098522e-09,7.28442629392924e-09,7.63270738317093e-09,7.99840374968468e-09,8.82442095456752e-09,9.13074783195198e-09,9.75685054529845e-09,1.02063216051278e-08,1.08659644921497e-08,1.13228243527848e-08,1.22791728101795e-08,1.27234844840907e-08,1.33823575916512e-08,1.42418459946573e-08,1.51896417814375e-08,1.60407382390765e-08,1.67270933034593e-08,1.77255670868254e-08,1.87706809997851e-08,1.99716044135004e-08,2.10882599395813e-08,2.23144832015836e-08,2.35945586230618e-08,2.50524543640654e-08,2.67433880156478e-08,2.85106703236393e-08,3.02768668242198e-08,3.23619333354542e-08
