v,0.25
Patm,100000
g,9.81
r,500
G,10^9.15
rho,2300
mu,10^3.73
rc,11
 
M,10^4.95
sigma,0.25
 
tilt_erupt,20.7486nrad
 
-1005,-1004,-1003,-1002,-1001,-1000,-999,-998,-997,-996,-995,-994,-993,-992,-991,-990,-989,-988,-987,-986,-985,-984,-983,-982,-981,-980,-979,-978,-977,-976,-975,-974,-973,-972,-971,-970,-969,-968,-967,-966,-965,-964,-963,-962,-961,-960,-959,-958,-957,-956,-955,-954,-953,-952,-951,-950,-949,-948,-947,-946,-945,-944,-943,-942,-941,-940,-939,-938,-937,-936,-935,-934,-933,-932,-931,-930,-929,-928,-927,-926,-925,-924,-923,-922,-921,-920,-919,-918,-917,-916,-915,-914,-913,-912,-911,-910,-909,-908,-907,-906,-905,-904,-903,-902,-901,-900,-899,-898,-897,-896,-895,-894,-893,-892,-891,-890,-889,-888,-887,-886,-885,-884,-883,-882,-881,-880,-879,-878,-877,-876,-875,-874,-873,-872,-871,-870,-869,-868,-867,-866,-865,-864,-863,-862,-861,-860,-859,-858,-857,-856,-855,-854,-853,-852,-851,-850,-849,-848,-847,-846,-845,-844,-843,-842,-841,-840,-839,-838,-837,-836,-835,-834,-833,-832,-831,-830,-829,-828,-827,-826,-825,-824,-823,-822,-821,-820,-819,-818,-817,-816,-815,-814,-813,-812,-811,-810,-809,-808,-807,-806,-805,-804,-803,-802,-801,-800,-799,-798,-797,-796,-795,-794,-793,-792,-791,-790,-789,-788,-787,-786,-785,-784,-783,-782,-781,-780,-779,-778,-777,-776,-775,-774,-773,-772,-771,-770,-769,-768,-767,-766,-765,-764,-763,-762,-761,-760,-759,-758,-757,-756,-755,-754,-753,-752,-751,-750,-749,-748,-747,-746,-745,-744,-743,-742,-741,-740,-739,-738,-737,-736,-735,-734,-733,-732,-731,-730,-729,-728,-727,-726,-725,-724,-723,-722,-721,-720,-719,-718,-717,-716,-715,-714,-713,-712,-711,-710,-709,-708,-707,-706,-705,-704,-703,-702,-701,-700,-699,-698,-697,-696,-695,-694,-693,-692,-691,-690,-689,-688,-687,-686,-685,-684,-683,-682,-681,-680,-679,-678,-677,-676,-675,-674,-673,-672,-671,-670,-669,-668,-667,-666,-665,-664,-663,-662,-661,-660,-659,-658,-657,-656,-655,-654,-653,-652,-651,-650,-649,-648,-647,-646,-645,-644,-643,-642,-641,-640,-639,-638,-637,-636,-635,-634,-633,-632,-631,-630,-629,-628,-627,-626,-625,-624,-623,-622,-621,-620,-619,-618,-617,-616,-615,-614,-613,-612,-611,-610,-609,-608,-607,-606,-605,-604,-603,-602,-601,-600,-599,-598,-597,-596,-595,-594,-593,-592,-591,-590,-589,-588,-587,-586,-585,-584,-583,-582,-581,-580,-579,-578,-577,-576,-575,-574,-573,-572,-571,-570,-569,-568,-567,-566,-565,-564,-563,-562,-561,-560,-559,-558,-557,-556,-555,-554,-553,-552,-551,-550,-549,-548,-547,-546,-545,-544,-543,-542,-541,-540,-539,-538,-537,-536,-535,-534,-533,-532,-531,-530,-529,-528,-527,-526,-525,-524,-523,-522,-521,-520,-519,-518,-517,-516,-515,-514,-513,-512,-511,-510,-509,-508,-507,-506,-505,-504,-503,-502,-501,-500,-499,-498,-497,-496,-495,-494,-493,-492,-491,-490,-489,-488,-487,-486,-485,-484,-483,-482,-481,-480,-479,-478,-477,-476,-475,-474,-473,-472,-471,-470,-469,-468,-467,-466,-465,-464,-463,-462,-461,-460,-459,-458,-457,-456,-455,-454,-453,-452,-451,-450,-449,-448,-447,-446,-445,-444,-443,-442,-441,-440,-439,-438,-437,-436,-435,-434,-433,-432,-431,-430,-429,-428,-427,-426,-425,-424,-423,-422,-421,-420,-419,-418,-417,-416,-415,-414,-413,-412,-411,-410,-409,-408,-407,-406,-405,-404,-403,-402,-401,-400,-399,-398,-397,-396,-395,-394,-393,-392,-391,-390,-389,-388,-387,-386,-385,-384,-383,-382,-381,-380,-379,-378,-377,-376,-375,-374,-373,-372,-371,-370,-369,-368,-367,-366,-365,-364,-363,-362,-361,-360,-359,-358,-357,-356,-355,-354,-353,-352,-351,-350,-349,-348,-347,-346,-345,-344,-343,-342,-341,-340,-339,-338,-337,-336,-335,-334,-333,-332,-331,-330,-329,-328,-327,-326,-325,-324,-323,-322,-321,-320,-319,-318,-317,-316,-315,-314,-313,-312,-311,-310,-309,-308,-307,-306,-305,-304,-303,-302,-301,-300,-299,-298,-297,-296,-295,-294,-293,-292,-291,-290,-289,-288,-287,-286,-285,-284,-283,-282,-281,-280,-279,-278,-277,-276,-275,-274,-273,-272,-271,-270,-269,-268,-267,-266,-265,-264,-263,-262,-261,-260,-259,-258,-257,-256,-255,-254,-253,-252,-251,-250,-249,-248,-247,-246,-245,-244,-243,-242,-241,-240,-239,-238,-237,-236,-235,-234,-233,-232,-231,-230,-229,-228,-227,-226,-225,-224,-223,-222,-221,-220,-219,-218,-217,-216,-215,-214,-213,-212,-211,-210,-209,-208,-207,-206,-205,-204,-203,-202,-201,-200,-199,-198,-197,-196,-195,-194,-193,-192,-191,-190,-189,-188,-187,-186,-185,-184,-183,-182,-181,-180,-179,-178,-177,-176,-175,-174,-173,-172,-171,-170,-169,-168,-167,-166,-165,-164,-163,-162,-161,-160,-159,-158,-157,-156,-155,-154,-153,-152,-151,-150,-149,-148,-147,-146,-145,-144,-143,-142,-141,-140,-139,-138,-137,-136,-135,-134,-133,-132,-131,-130,-129,-128,-127,-126,-125,-124,-123,-122,-121,-120,-119,-118,-117,-116,-115,-114,-113,-112,-111,-110,-109,-108,-107,-106,-105,-104,-103,-102,-101,-100,-99,-98,-97,-96,-95,-94,-93,-92,-91,-91,-90,-89,-88,-87,-86,-85,-84,-83,-82,-81,-80,-79,-78,-77,-76,-75,-74,-73,-72,-71,-70,-69,-68,-67,-66,-65,-64,-63,-62,-61,-60,-59,-58,-57,-56,-55,-54,-53,-52,-51,-50,-49,-48,-47,-46,-45,-44,-43,-42,-41,-40,-39,-38,-37,-36,-35,-34,-33,-32,-31,-30,-29,-28,-27,-26,-25,-24,-23,-22,-21,-20,-19,-18,-17,-16,-15,-14,-13,-12,-11,-10,-9,-8,-7,-6,-5,-4,-3,-2,-1,0
-1.54986808530809e-10,3.26653105106933e-10,-6.92455401587444e-11,-1.38854665736215e-10,8.97162444482326e-11,-9.4734569486141e-13,-2.31779733431343e-10,7.966439159545e-12,1.07992200226926e-10,-8.01050046996387e-11,4.49038815323348e-10,-1.35179882058004e-10,2.35733821712746e-10,1.39360898741449e-11,4.95392306973039e-10,2.08291624756274e-10,1.82161780148537e-11,2.08034761427192e-10,-2.54482316410313e-10,1.9600358694844e-10,-2.18779711909536e-10,-5.12345557716652e-10,1.73362424065967e-10,3.65112161418931e-10,5.61154983521431e-10,2.82353159654193e-11,-1.30511746639332e-10,-8.58149069571497e-11,-3.01012405565767e-10,1.50983378287097e-11,2.19544710233241e-10,-1.6433393023734e-10,5.33393678057165e-12,-8.12957858499554e-11,-1.2746432689816e-10,-3.71839629990201e-10,8.52010108768809e-11,-9.58349125594944e-11,-2.49603463223945e-10,7.19901215286358e-12,3.14002647797418e-10,4.48139960482986e-10,-1.60220316176559e-10,-4.46858835558155e-11,-4.54850207696147e-10,-3.31925132487381e-10,9.87008642132658e-12,-1.02227838889333e-10,-1.67146407373092e-10,2.29856527674294e-10,1.74387026662849e-10,2.08064006831286e-10,-4.18599597970388e-10,7.20324416882496e-11,-1.06846527672406e-10,-4.37771679386439e-10,1.24374564296868e-11,-7.07933184510482e-11,1.89128299471263e-10,-3.43075853877421e-10,4.27750456390691e-10,-1.88002624018263e-10,1.32529766470951e-10,-1.94071079126365e-10,-1.78958517374935e-10,2.12118150274961e-10,-1.91169356902484e-10,1.23987716748567e-10,1.63147808783409e-10,3.9360503750498e-10,-7.06490311803912e-11,-5.93730345663695e-10,2.78611443540335e-10,-5.8534957670615e-11,-2.61394977895657e-10,1.20590728814115e-10,-2.83847853483865e-10,7.46973111944076e-10,-7.76113060443527e-11,-2.50901465076139e-11,4.13107637766507e-11,-6.00637839960789e-11,3.75735165599224e-10,-1.27338186265909e-10,2.81543681944691e-10,5.23674500894331e-10,-2.86566254600021e-10,4.66661376937772e-10,1.88744541382845e-10,-9.47504236178216e-11,-8.83944140626883e-11,-4.16824636245645e-10,-1.7525258010627e-10,1.34329950335473e-10,-3.47775216066368e-10,3.60991143930524e-11,-1.94882424329548e-10,-3.37278379207231e-10,-4.19166593544166e-10,-3.25883354005009e-11,2.62207507984519e-10,-5.42334775760981e-10,-2.86043588897083e-10,1.95135518759239e-10,4.92864374009676e-11,-3.04529931727028e-10,4.93878250529332e-10,-3.14049436316513e-10,-2.60096386224313e-10,6.30541847829335e-11,3.15126689461039e-10,-3.36964172606925e-11,3.2129724154748e-10,5.14475861037537e-11,2.38603678347333e-10,1.11442929782669e-10,-1.46746783164098e-10,5.02028545076896e-10,-1.38826696772191e-10,-9.32977606841537e-11,-1.67705630953766e-10,3.96688312072338e-10,3.99032927155034e-11,1.63938580243752e-10,3.31877979892217e-10,1.921449203743e-10,-8.56029930655876e-11,1.16752630001472e-11,-2.10570618890962e-10,-1.34745231839905e-10,2.97658208309779e-11,4.91991627137944e-10,2.62781186321235e-10,2.3603305847381e-10,-5.61613913746274e-11,6.31918785020197e-11,-2.19827998837241e-10,1.42460264826679e-11,7.20527138186663e-11,-3.2258200444623e-10,-1.54167522803276e-10,-3.70769349790249e-10,-1.99789434018167e-10,-2.95537889678567e-10,-1.8353971302154e-10,6.31772860517661e-11,-2.03081513540113e-10,2.70651487315904e-11,-1.08781466211025e-10,-1.77528326555454e-10,-1.63472171892457e-10,-3.1787651471813e-11,-2.71278412688514e-11,2.15211376540811e-10,1.9578356057795e-10,3.23749136462796e-10,1.17431123319017e-11,8.64584313112222e-11,3.25317995764444e-11,-1.6040007263403e-10,1.73716674256092e-10,-4.60382738684773e-10,-2.74148292262252e-10,1.36603407650697e-10,-4.00197085756999e-10,-1.39543257527032e-10,-9.80503875407295e-12,-5.37098815812916e-10,-2.43146194820959e-11,3.82174552745577e-10,3.19845493221813e-10,3.22368581954205e-10,4.44564297476048e-10,-1.76238512723113e-10,1.92415920578269e-10,-4.34600027766828e-11,-8.02625525565926e-11,9.44663211248456e-11,-9.21983710924925e-11,-5.84222476519433e-11,3.65879506267246e-10,2.63684714252554e-10,-2.98690119259016e-10,-1.70991121032143e-10,3.6538945660647e-10,2.5136240082796e-10,1.1622510844328e-10,2.31842789112382e-10,4.85361828979931e-10,-8.20016852057728e-11,-2.92998569467292e-10,-5.61325679320478e-10,-2.39113091442134e-11,-8.62694331804002e-11,-1.82171746958767e-12,9.71393413060259e-11,4.01408946604221e-10,-1.93469713477115e-10,-1.75187824763314e-10,5.80936420590112e-10,2.1874272882774e-10,3.39959815972532e-10,-6.96509016507895e-10,7.79362182134517e-11,1.58509327895563e-10,2.40314166613171e-10,1.65465612548622e-10,2.02468811132592e-10,2.36377955635373e-10,1.65992869535498e-10,-9.47839390073535e-11,-1.60890076873995e-10,-7.91000658151109e-11,-2.06208181107903e-10,-2.49225649100156e-10,-3.91869449930663e-12,-4.3893794210249e-10,6.64044556610935e-11,-1.15871198296197e-10,-2.8867663942256e-10,1.96450469467024e-10,-1.78446524251699e-10,3.39476850857861e-10,-1.37818861353464e-10,-1.50857676140636e-10,-1.18214523966803e-10,-1.37468190756862e-10,2.95089611490487e-10,-1.94734953037296e-10,1.4984021438223e-10,2.9458225110017e-10,2.67225770372015e-10,2.7580689490032e-10,-2.48567741764276e-10,-1.01608841676303e-10,-3.65069536735004e-10,3.05765739242583e-10,-9.99375326672985e-11,9.72076902337965e-11,-5.44529974253966e-11,1.24934771659802e-10,3.79345179863354e-11,-3.73471146270863e-11,-2.28290969813232e-12,-1.99478860497804e-10,2.9423726295783e-10,-2.15493727606016e-10,4.81153160034654e-12,-2.24927848374742e-10,-5.22647341355446e-11,2.63165667768388e-10,-6.07583310674336e-10,-1.24148249697954e-10,2.59238303751145e-10,-4.2651520398005e-10,1.14413436936659e-10,-5.87445756217235e-11,1.42623082951024e-10,1.74697224858149e-10,6.43827121369028e-11,2.3724161035034e-10,8.8451159542348e-11,8.19979629505124e-11,-3.91199382857069e-10,3.41552095543262e-10,3.35715038984426e-10,2.94835103708966e-10,-7.39691842953872e-10,-5.94828008807599e-11,2.50382671980123e-10,-3.29356397537199e-10,-2.51895199896108e-10,9.61133348957366e-11,-5.15036723371981e-11,5.09634230180452e-10,-2.85621369309968e-10,2.26541747304133e-10,1.73204617985583e-10,3.24547498833866e-10,-6.57499066867442e-11,2.99156291520717e-10,-1.32620071766445e-11,-5.03292351576589e-11,-1.95565281844311e-10,-3.92396534808039e-10,-3.47002088727575e-10,-1.77115205533791e-10,2.90919270467288e-10,1.15524771834229e-10,1.57352707711641e-10,2.58121322071007e-10,-2.57190631366873e-10,-8.26809757371958e-11,2.56456398499248e-10,-1.53973824543175e-10,-1.32905633252765e-10,-4.65355779597436e-10,2.96975571831965e-10,6.40598102618322e-10,-1.5353347879335e-10,-1.69260308475123e-10,-3.18317684962635e-10,-1.25399287250366e-10,-3.91158263423283e-10,2.56993273367289e-10,1.60342859458343e-10,1.43678728928322e-10,-2.12140449360827e-11,3.3080050979595e-10,3.32804862361845e-10,-6.94563191348933e-11,-5.04392364048612e-10,8.09844606067564e-11,-1.47152101135869e-10,1.20915484726288e-10,2.33497038055257e-10,-1.64107614135228e-10,2.00813838038394e-10,1.48018182423561e-10,-4.27410743057872e-10,-4.93218014274648e-10,-5.15820735114391e-11,2.23655275203661e-10,-1.74932488157166e-10,-1.58593184882036e-10,2.43677566074738e-10,7.01560078895204e-11,-3.22781537907141e-10,9.66661077665965e-11,7.51207216816607e-11,-5.69190670563124e-10,6.76856439236686e-11,-1.55982841705364e-10,-3.47789698892309e-10,4.13790718944532e-10,-2.84130290215822e-10,7.01102585989978e-13,-4.98095891285405e-12,3.08950376336674e-10,-9.89809132910249e-11,-4.21919658474248e-10,-1.27559668162111e-10,-2.5307218285035e-11,-1.94758407703315e-10,1.47204192162984e-10,4.48352798168186e-10,2.75706973359916e-11,-4.4307460075458e-10,-2.33337957242731e-10,-5.28934637665373e-11,-3.98262732674318e-10,-1.31466215598445e-10,-1.33976244739251e-10,-4.83243296035561e-12,-3.03596311217221e-10,-1.58762556628545e-10,2.99034346067038e-10,4.30003853044551e-11,4.13782462934855e-10,-1.1865778359943e-11,-1.13522693613356e-10,-6.04029926570172e-10,-2.15472194703538e-10,3.26285586523043e-10,9.472145917095e-12,-1.03647810581282e-10,2.96171780044433e-10,-1.19849544367246e-11,-4.88032821531357e-10,-2.80198514542968e-10,2.9224173827051e-10,5.01294303755734e-11,-3.74031625185005e-10,1.84034357421872e-10,1.10347538997614e-10,8.18908515273299e-12,3.51050437709659e-10,-1.37224360411336e-11,-4.76600882084841e-10,1.8725121647142e-10,2.16972831522801e-10,1.9952601265389e-10,-2.97039873404984e-10,2.30742312262451e-10,4.8068510481909e-11,-2.46770017339927e-10,1.75491675693533e-10,-2.72103798062285e-10,2.76496249136015e-10,8.28341418220363e-11,-2.92911132416532e-10,-4.66571314653432e-10,4.03148894488928e-10,1.66762529460813e-10,6.5904524567023e-11,1.34283425540943e-10,3.9842262083143e-10,1.64883982068024e-11,3.07158718986186e-13,-1.33005627079968e-10,-2.60463087820947e-10,2.21072091910613e-10,2.61742887428946e-11,-3.78632931175956e-10,-2.05237648868996e-11,3.05557959467234e-11,7.39182801241005e-11,4.32042748765705e-10,-4.13196105465736e-10,4.67981903303186e-10,1.66386495885301e-11,-3.18981540204744e-10,-4.77744600627653e-10,-1.53910533650695e-10,-5.49827577291249e-11,2.37851246352805e-10,1.60579001686007e-10,1.96880501322443e-10,-2.04271618463764e-10,3.32806867386293e-10,-1.77212930610939e-10,-5.77293893081322e-11,-2.79140586824435e-11,-3.54332951107084e-10,-3.04787800304909e-11,-8.63905979775269e-12,1.56962457173085e-10,3.24121119342473e-10,1.99595204098401e-10,1.50318338541002e-10,6.05380903553136e-11,1.33040562226163e-11,6.60313406127625e-11,-3.79452816897053e-11,-4.25593899990507e-10,6.65712400686594e-11,-2.60047975075463e-10,-1.02035394396056e-10,1.06098719670505e-11,-1.54809131314877e-10,3.91123271878288e-13,-3.15334623975912e-11,6.13924155276483e-10,1.24800260716613e-10,2.93151728308129e-10,1.9503765873817e-10,-2.1494804908298e-10,5.02916233963006e-10,5.42881282021812e-10,-3.89070569629712e-10,-1.36281433854278e-10,3.15827907238336e-10,-2.26599790981931e-10,-2.02232046088038e-10,6.18418346328034e-11,-2.03066244107424e-10,4.98236797195011e-11,-1.52936298138323e-11,2.77927939758174e-10,-4.22774682727875e-10,1.29684994142181e-10,-3.10193769687548e-10,-3.25471482194027e-10,-1.25547594343404e-11,5.11401141956423e-11,5.94824108184829e-10,3.181085243776e-11,1.30820179930811e-11,-1.89279067186317e-10,-2.77545079035559e-10,-2.09909100417596e-10,4.7855302839267e-11,8.78284934279321e-11,-2.80122399117188e-10,4.84236636996399e-11,-3.18633344320419e-10,5.60343123757916e-11,2.0590812832344e-10,-1.77545764812366e-10,-1.26046226969624e-11,2.88748042226652e-10,-1.57995328715339e-10,2.88487507283949e-10,-4.5633531309086e-10,1.78558491363533e-10,-1.69873757740725e-10,9.13035239188237e-12,2.21453299089907e-10,1.50537965289454e-10,9.76556138204885e-11,1.0574565912653e-10,2.74381841463525e-10,-8.54375086429557e-11,-3.08569985952209e-10,2.74792220287979e-10,6.57189341875468e-10,4.72575101671281e-10,3.67815126920942e-10,-7.74920103330377e-12,-3.77317629850021e-11,1.81985573423669e-10,2.40495808969673e-10,1.17737003901535e-10,-6.03952978466351e-11,9.00814561469135e-11,-2.82411494084957e-10,-1.89833856420281e-10,-8.76220337435255e-13,3.06677189904604e-10,-1.07292276396604e-10,-3.02780315691571e-10,-1.36243491445789e-10,-6.17911719316006e-10,1.22787802314318e-10,-1.81583629321688e-10,1.41130004454226e-10,1.38047535544723e-11,5.90250642120111e-10,1.96248277326609e-10,7.56489270903823e-12,-2.46119564012283e-10,5.48832536961209e-10,5.98513823667702e-11,2.18989586171099e-11,5.57909736845829e-11,-7.95526624481719e-11,-1.94589931181861e-10,3.96267400424346e-11,-1.29044714765676e-11,-3.11452108878375e-11,2.07608539072298e-11,-2.98973702462478e-10,-1.03884729738356e-12,-1.07997506237422e-10,-1.60522292950841e-10,-2.57262629429577e-11,-4.72284179991673e-11,2.4072606801661e-10,1.67827711239218e-10,-1.07891274792582e-10,4.14776110442768e-10,-1.72536034904804e-10,-2.90919831629173e-10,-1.10832046643515e-10,1.25503859734221e-10,-2.01527678877211e-10,-9.72936182203776e-11,1.81937100074796e-10,-2.14710816957651e-10,2.96586060010276e-10,-3.41673550598238e-10,-1.52608054357864e-10,-2.32576941854703e-10,-1.0936575970671e-10,2.51193178690508e-10,-3.64267086949084e-10,1.13182338804111e-10,-5.74908673519935e-11,8.81752372594651e-11,-3.65146236884515e-10,-2.41173797245622e-10,-1.83200052775859e-10,2.50605389792748e-10,-1.29739291531117e-10,3.68849323148657e-10,7.04083626000194e-10,-3.5701291440125e-10,-6.37647674887998e-11,1.82883106403781e-10,-1.58804079386876e-11,4.18272844357697e-10,-4.35988148188853e-10,-3.51376913317722e-10,-3.71800697613884e-10,-2.32061470613485e-10,2.92917255416258e-10,-4.28532354829794e-11,7.03827585366737e-10,2.55076259458793e-10,-2.87354590000276e-10,3.3043829831618e-11,-6.95017560898831e-11,1.59781795005477e-10,4.85767413296137e-11,4.26217883242474e-10,-7.72219395560189e-12,-1.55853978084909e-10,1.07608048123658e-11,1.62344665418466e-10,-3.78416598622794e-10,1.20091098120548e-10,-7.93945489878347e-10,-3.0594130148461e-11,-1.14510945956974e-10,1.75216672480184e-10,2.45131194102781e-10,3.74597509021289e-10,-1.29702018357368e-10,3.69824581933941e-10,2.19130086878323e-10,1.87353504375514e-10,-1.96537176000081e-10,-8.57200457333266e-12,5.03730471242423e-11,-9.00191806076969e-11,5.29883401543216e-10,-1.13701476316193e-10,2.77069227781446e-11,1.54295671235877e-10,1.07739111164367e-10,3.00533314180405e-10,1.38053321064968e-10,5.17281301670412e-10,-3.30699971999073e-11,-1.69231720575432e-10,-4.54328487437496e-10,3.90580364756473e-10,2.21626255662932e-10,-4.26518138650535e-10,-7.13188398250887e-12,4.86942352451319e-10,1.1458238525887e-10,-3.77271498696115e-10,6.10793378412366e-11,-4.42557617369966e-10,-1.8082174444774e-10,-5.65113336218636e-11,-3.84715672981719e-10,2.8334796197203e-10,1.5596968117387e-10,1.09347686084407e-10,-3.97785385772984e-11,1.85851724853577e-10,2.57130137073398e-10,1.65706825903856e-10,1.19492896595968e-10,-1.10551436462523e-10,1.35911852195827e-10,3.37281077193919e-10,2.01703351983289e-10,5.11596497474651e-12,-2.72774563854837e-10,9.52512545995441e-11,-2.15820510573103e-10,1.72278039064043e-10,-3.39954184630218e-11,-3.1751411611501e-10,2.72118570388068e-10,-2.78059576754911e-11,-3.16288682697834e-10,2.88403673075186e-11,-3.54358356750161e-11,-2.02652068130537e-10,1.55262646883054e-10,1.60463813779542e-10,-6.38645971778757e-11,-1.07741783595761e-10,-3.77977815064015e-10,-7.2250250132052e-11,-3.70237341441768e-10,1.61531598022334e-11,-1.73018717213179e-10,-2.0139106103227e-10,4.70081547816784e-11,-2.33641788731566e-10,1.50230465547459e-10,1.05821234314177e-10,-1.7498083645272e-11,-4.70187637408832e-10,3.00954284513365e-10,-8.75696593641479e-11,-1.35487472718662e-10,2.52307819870357e-10,2.39306771396171e-10,-4.37570285914303e-10,1.42183355022757e-11,5.07260357047305e-11,-1.60328991079129e-10,2.71631919972658e-10,-1.54501515086075e-10,-2.39004373565957e-10,3.18082046939923e-10,-8.93670209808682e-11,-2.95446187362858e-10,2.1028595718094e-10,3.54775423204639e-11,1.32356917105479e-10,-1.46564389896721e-10,4.24792704598984e-10,1.06907222840688e-10,2.27145805363897e-11,-1.0074216558242e-10,-1.61259139698478e-10,-7.77518403301574e-11,-3.19379532609568e-10,1.34055599397057e-10,-2.87612443013774e-10,7.08958947664474e-11,2.2870127315824e-10,1.33170828218659e-11,-3.28826764890321e-10,1.60717289248855e-10,5.47099802819655e-10,-1.74645226632942e-12,2.2722418864688e-11,3.16735997318434e-10,1.39547763202366e-10,-3.70853102679159e-11,-1.65852034333931e-10,-1.86100103079536e-10,-5.61154081710438e-11,-6.01125339345751e-11,1.00673666276274e-10,4.23305909936521e-10,2.23039800925465e-10,1.05254771815002e-10,5.28624386444617e-11,-5.59737159273039e-11,1.93981157150811e-10,-1.3918847786107e-10,-5.63260293615956e-11,4.69428191588456e-10,1.59684161849455e-10,2.86868717267282e-10,-1.41896850355931e-11,3.24123690835297e-10,9.61005289841912e-12,4.14846276157656e-11,1.70867980236394e-10,-8.32445195809135e-11,1.8251529888186e-11,3.25078025298736e-11,3.16521837703259e-11,-3.86484208748739e-12,2.13185563175573e-10,9.19589336263079e-11,2.87990877690732e-10,1.00370287291424e-10,4.02790935276483e-10,-2.33454077078163e-10,2.83177089469169e-10,1.63383201899869e-11,1.00944584935765e-10,2.40722944654398e-11,-2.02009975142368e-10,-1.01776370180664e-10,4.86218005220893e-10,-4.46641181690071e-11,-5.57387207940497e-10,6.95526616343213e-10,-3.74494768871305e-10,-1.04129260093685e-10,3.23300694680625e-10,-7.57710736023991e-11,-1.49518282805986e-11,-5.60006850398258e-11,5.58884900549069e-11,3.53225026854513e-10,-2.83451852975886e-10,-4.12651030580498e-11,-1.63208502996294e-10,3.97628435553751e-10,-2.05340394275638e-10,2.44322923910723e-10,-5.537486244166e-10,2.79807404804117e-10,-1.20583944164221e-10,2.55792966425586e-10,-9.75912328383456e-11,1.34252160173917e-10,4.3869750840985e-10,2.30874221083785e-10,8.67376744521251e-11,-2.09214665008661e-10,-4.0864185575174e-11,1.2700678143732e-10,-1.36500660523287e-10,-3.24790178233747e-10,3.521878476959e-10,-3.69816322259631e-10,3.69187930296723e-11,2.61045209927423e-10,-5.41554677614272e-10,-2.67301811879384e-10,2.20530989558858e-10,-5.23046667678665e-11,1.56551219521646e-10,7.87270915122342e-11,3.26455680964227e-10,-2.86619632124176e-10,2.21090549237296e-10,-4.81048951150846e-10,-4.28695520675829e-11,-1.54450040136045e-10,-7.64825668973581e-11,1.60758740555286e-10,-3.70924480977579e-11,-3.1324348060778e-10,1.74246203839241e-10,-4.24185249818636e-11,-1.19630193527116e-10,3.76955593883003e-10,2.56154973565559e-10,1.97521931622161e-10,-2.75413653476163e-10,3.47437702714466e-11,-1.04801552521398e-10,-1.03182643200363e-10,-1.43375218077542e-11,-2.25733738640663e-10,2.96187605130321e-10,2.13381154550034e-10,2.91920014874479e-10,-2.56508940317307e-10,-1.29755163650309e-10,2.24927602126474e-10,-5.66279989369061e-11,-3.82890662961491e-10,1.10768808733623e-10,-6.96625069958845e-11,-4.6951056447514e-11,1.42178009692379e-10,-2.27498998771422e-10,1.94533414436884e-10,-2.11915863805897e-10,-1.18355157452417e-10,3.80788007224242e-11,-5.00198373009269e-11,-4.73379874440951e-10,1.93675163919065e-10,4.65680676888522e-11,-3.30924413813614e-12,-2.31252024190847e-10,-6.48919012511464e-11,-2.91030273609769e-10,3.43477031663339e-10,-3.03646008839508e-10,2.86278405020219e-10,9.18615358628054e-11,-2.07703129126149e-10,3.71103239238152e-12,1.03166774250556e-10,4.65292787112879e-10,1.22170416338712e-10,1.42219478275369e-10,2.44111487987523e-11,2.67964927043516e-10,3.13593303462004e-10,-1.88685467428783e-10,2.107628231658e-10,3.53103518154195e-14,5.15647595004486e-10,6.94733645096766e-11,1.41507955994854e-10,2.06053103926405e-10,-2.12470842421458e-10,2.86912402795847e-10,3.29945498120045e-11,1.90517001519716e-10,-4.99110388096627e-10,1.35621922745114e-10,3.11553739261189e-10,-3.6371945593394e-10,-1.65103622012757e-13,2.94822542484929e-10,3.36198913925595e-10,1.19623879156317e-10,-2.93781603911149e-10,-3.43044057075213e-11,1.35470589736265e-10,-2.09069798588752e-10,-1.06875653119256e-10,1.11538472125972e-10,-1.89351785445235e-11,-2.37304405644691e-10,-1.45046765091839e-10,-2.30089956513421e-10,8.94016122465824e-11,-3.70812060308568e-10,-2.7986463588705e-10,6.29231292797718e-10,2.90217114168934e-10,1.22772352776966e-10,-2.86765994556012e-10,-3.29702591576723e-10,2.18845547621215e-10,1.62689434957853e-10,8.17712705284288e-11,4.92696730631198e-11,-2.04288922694888e-10,1.9948550247797e-10,-1.95377677443533e-10,2.91279037347698e-10,1.90535109154819e-11,-3.03328807804098e-10,-6.28229075014077e-11,-3.92264781662043e-10,-4.09090697581161e-10,-3.22694985641698e-10,-2.58612314031298e-10,-2.2919019567704e-10,3.4870497667786e-10,-1.3747549350559e-10,3.88742721260555e-10,-6.92232678808e-11,1.99095412988499e-10,-1.09804161717222e-10,-1.25918804164392e-10,-1.47604612417244e-10,1.31346864762708e-12,1.16824959957305e-10,-4.257773405455e-10,2.87628416875948e-11,-2.08694232765865e-10,4.55304615880111e-10,-1.0485957218843e-10,1.83913447461813e-10,-6.66792309069527e-11,-1.28671619661529e-10,6.74242265392051e-11,9.14427539415293e-11,-1.82529343646901e-10,2.20368745925623e-10,-2.15721213130739e-10,2.67379007690435e-10,-1.30522539637718e-11,1.03898303398639e-10,1.20161191410217e-10,4.29661557282071e-10,5.81782622043808e-11,4.42760569977767e-10,7.58641857328683e-11,1.54367844341198e-10,6.20860810472343e-10,4.49347626070216e-10,5.2328619152441e-11,3.1950389748769e-10,3.3370553905073e-10,5.39159521722322e-10,4.51154187437127e-10,8.60925816575083e-10,6.31993286381262e-10,1.02581363441153e-09,1.08228713794184e-09,9.18499784024375e-10,7.37697297835385e-10,9.7347814214034e-10,9.56416071579077e-10,1.18818357767296e-09,9.54591477073766e-10,1.5231792758006e-09,1.59213024703341e-09,1.37809807222316e-09,2.00089362078459e-09,1.60013076186201e-09,1.95237648847697e-09,1.941250612288e-09,2.27961538462663e-09,2.06541287661808e-09,1.99041026535442e-09,2.11892908984271e-09,2.15976685427349e-09,2.43785161671237e-09,3.28011819963662e-09,2.85455514552088e-09,2.84798322149071e-09,3.11704306624844e-09,3.54099861126638e-09,2.98254450515645e-09,3.24284842279188e-09,4.00559683165917e-09,4.12061287442529e-09,4.42788906441274e-09,4.47111097302273e-09,4.32577401645086e-09,5.35235201508736e-09,5.06529197201964e-09,5.51534798535975e-09,5.7122639400683e-09,5.55570451058171e-09,5.6452582150624e-09,5.94360355192065e-09,6.64558406934284e-09,6.71386339169641e-09,7.28983485780881e-09,7.62779412866664e-09,8.50480831883079e-09,8.51513209899207e-09,8.51874550545467e-09,9.4274406456563e-09,9.55667983146125e-09,1.01773103455878e-08,1.02398167372506e-08,1.13728469046051e-08,1.15972066011777e-08,1.19620623670142e-08,1.23426893998866e-08,1.33873921110378e-08,1.39514678702287e-08,1.47671246227414e-08,1.52483527957946e-08,1.59276513022573e-08,1.71202288103099e-08,1.75918097602382e-08,1.83414854791706e-08,1.93139906852765e-08,2.07199933923655e-08
