v,0.25
Patm,100000
g,9.81
r,500
G,10^9.15
rho,2300
mu,10^3.73
rc,11
 
M,10^5.03
sigma,0.1
 
tilt_erupt,22.5291nrad
 
-1065,-1064,-1063,-1062,-1061,-1060,-1059,-1058,-1057,-1056,-1055,-1054,-1053,-1052,-1051,-1050,-1049,-1048,-1047,-1046,-1045,-1044,-1043,-1042,-1041,-1040,-1039,-1038,-1037,-1036,-1035,-1034,-1033,-1032,-1031,-1030,-1029,-1028,-1027,-1026,-1025,-1024,-1023,-1022,-1021,-1020,-1019,-1018,-1017,-1016,-1015,-1014,-1013,-1012,-1011,-1010,-1009,-1008,-1007,-1006,-1005,-1004,-1003,-1002,-1001,-1000,-999,-998,-997,-996,-995,-994,-993,-992,-991,-990,-989,-988,-987,-986,-985,-984,-983,-982,-981,-980,-979,-978,-977,-976,-975,-974,-973,-972,-971,-970,-969,-968,-967,-966,-965,-964,-963,-962,-961,-960,-959,-958,-957,-956,-955,-954,-953,-952,-951,-950,-949,-948,-947,-946,-945,-944,-943,-942,-941,-940,-939,-938,-937,-936,-935,-934,-933,-932,-931,-930,-929,-928,-927,-926,-925,-924,-923,-922,-921,-920,-919,-918,-917,-916,-915,-914,-913,-912,-911,-910,-909,-908,-907,-906,-905,-904,-903,-902,-901,-900,-899,-898,-897,-896,-895,-894,-893,-892,-891,-890,-889,-888,-887,-886,-885,-884,-883,-882,-881,-880,-879,-878,-877,-876,-875,-874,-873,-872,-871,-870,-869,-868,-867,-866,-865,-864,-863,-862,-861,-860,-859,-858,-857,-856,-855,-854,-853,-852,-851,-850,-849,-848,-847,-846,-845,-844,-843,-842,-841,-840,-839,-838,-837,-836,-835,-834,-833,-832,-831,-830,-829,-828,-827,-826,-825,-824,-823,-822,-821,-820,-819,-818,-817,-816,-815,-814,-813,-812,-811,-810,-809,-808,-807,-806,-805,-804,-803,-802,-801,-800,-799,-798,-797,-796,-795,-794,-793,-792,-791,-790,-789,-788,-787,-786,-785,-784,-783,-782,-781,-780,-779,-778,-777,-776,-775,-774,-773,-772,-771,-770,-769,-768,-767,-766,-765,-764,-763,-762,-761,-760,-759,-758,-757,-756,-755,-754,-753,-752,-751,-750,-749,-748,-747,-746,-745,-744,-743,-742,-741,-740,-739,-738,-737,-736,-735,-734,-733,-732,-731,-730,-729,-728,-727,-726,-725,-724,-723,-722,-721,-720,-719,-718,-717,-716,-715,-714,-713,-712,-711,-710,-709,-708,-707,-706,-705,-704,-703,-702,-701,-700,-699,-698,-697,-696,-695,-694,-693,-692,-691,-690,-689,-688,-687,-686,-685,-684,-683,-682,-681,-680,-679,-678,-677,-676,-675,-674,-673,-672,-671,-670,-669,-668,-667,-666,-665,-664,-663,-662,-661,-660,-659,-658,-657,-656,-655,-654,-653,-652,-651,-650,-649,-648,-647,-646,-645,-644,-643,-642,-641,-640,-639,-638,-637,-636,-635,-634,-633,-632,-631,-630,-629,-628,-627,-626,-625,-624,-623,-622,-621,-620,-619,-618,-617,-616,-615,-614,-613,-612,-611,-610,-609,-608,-607,-606,-605,-604,-603,-602,-601,-600,-599,-598,-597,-596,-595,-594,-593,-592,-591,-590,-589,-588,-587,-586,-585,-584,-583,-582,-581,-580,-579,-578,-577,-576,-575,-574,-573,-572,-571,-570,-569,-568,-567,-566,-565,-564,-563,-562,-561,-560,-559,-558,-557,-556,-555,-554,-553,-552,-551,-550,-549,-548,-547,-546,-545,-544,-543,-542,-541,-540,-539,-538,-537,-536,-535,-534,-533,-532,-531,-530,-529,-528,-527,-526,-525,-524,-523,-522,-521,-520,-519,-518,-517,-516,-515,-514,-513,-512,-511,-510,-509,-508,-507,-506,-505,-504,-503,-502,-501,-500,-499,-498,-497,-496,-495,-494,-493,-492,-491,-490,-489,-488,-487,-486,-485,-484,-483,-482,-481,-480,-479,-478,-477,-476,-475,-474,-473,-472,-471,-470,-469,-468,-467,-466,-465,-464,-463,-462,-461,-460,-459,-458,-457,-456,-455,-454,-453,-452,-451,-450,-449,-448,-447,-446,-445,-444,-443,-442,-441,-440,-439,-438,-437,-436,-435,-434,-433,-432,-431,-430,-429,-428,-427,-426,-425,-424,-423,-422,-421,-420,-419,-418,-417,-416,-415,-414,-413,-412,-411,-410,-409,-408,-407,-406,-405,-404,-403,-402,-401,-400,-399,-398,-397,-396,-395,-394,-393,-392,-391,-390,-389,-388,-387,-386,-385,-384,-383,-382,-381,-380,-379,-378,-377,-376,-375,-374,-373,-372,-371,-370,-369,-368,-367,-366,-365,-364,-363,-362,-361,-360,-359,-358,-357,-356,-355,-354,-353,-352,-351,-350,-349,-348,-347,-346,-345,-344,-343,-342,-341,-340,-339,-338,-337,-336,-335,-334,-333,-332,-331,-330,-329,-328,-327,-326,-325,-324,-323,-322,-321,-320,-319,-318,-317,-316,-315,-314,-313,-312,-311,-310,-309,-308,-307,-306,-305,-304,-303,-302,-301,-300,-299,-298,-297,-296,-295,-294,-293,-292,-291,-290,-289,-288,-287,-286,-285,-284,-283,-282,-281,-280,-279,-278,-277,-276,-275,-274,-273,-272,-271,-270,-269,-268,-267,-266,-265,-264,-263,-262,-261,-260,-259,-258,-257,-256,-255,-254,-253,-252,-251,-250,-249,-248,-247,-246,-245,-244,-243,-242,-241,-240,-239,-238,-237,-236,-235,-234,-233,-232,-231,-230,-229,-228,-227,-226,-225,-224,-223,-222,-221,-220,-219,-218,-217,-216,-215,-214,-213,-212,-211,-210,-209,-208,-207,-206,-205,-204,-203,-202,-201,-200,-199,-198,-197,-196,-195,-194,-193,-192,-191,-190,-189,-188,-187,-186,-185,-184,-183,-182,-181,-180,-179,-178,-177,-176,-175,-174,-173,-172,-171,-170,-169,-168,-167,-166,-165,-164,-163,-162,-161,-160,-159,-158,-157,-156,-155,-154,-153,-152,-151,-150,-149,-148,-147,-146,-145,-144,-143,-142,-141,-140,-139,-138,-137,-136,-135,-134,-133,-132,-131,-130,-129,-128,-127,-126,-125,-124,-123,-122,-121,-120,-119,-118,-117,-116,-115,-114,-113,-112,-111,-110,-110,-109,-108,-107,-106,-105,-104,-103,-102,-101,-100,-99,-98,-97,-96,-95,-94,-93,-92,-91,-90,-89,-88,-87,-86,-85,-84,-83,-82,-81,-80,-79,-78,-77,-76,-75,-74,-73,-72,-71,-70,-69,-68,-67,-66,-65,-64,-63,-62,-61,-60,-59,-58,-57,-56,-55,-54,-53,-52,-51,-50,-49,-48,-47,-46,-45,-44,-43,-42,-41,-40,-39,-38,-37,-36,-35,-34,-33,-32,-31,-30,-29,-28,-27,-26,-25,-24,-23,-22,-21,-20,-19,-18,-17,-16,-15,-14,-13,-12,-11,-10,-9,-8,-7,-6,-5,-4,-3,-2,-1,0
1.23175782591596e-10,3.80678601233923e-12,-2.17330509965395e-11,-6.24023808299846e-11,-3.03562577367424e-11,-1.87881741791235e-10,2.76289531143651e-10,2.6283202132666e-12,-8.12863119063022e-12,-2.09694361069582e-11,-1.23442952331659e-10,-9.08709218799476e-11,3.36872512343208e-11,-6.53209180715045e-11,-2.64280975337528e-11,-7.99735317718659e-11,-1.43215235130439e-10,1.30406614946641e-10,-1.173649184751e-10,1.42100785501181e-12,3.52120173853829e-11,-1.21430172164085e-10,-7.5238654139931e-11,-6.49389507576066e-11,2.32485812587589e-11,-3.71256224085174e-11,3.84908842673847e-11,-6.78970230194199e-12,-3.13245894823654e-11,-6.37297126047616e-11,-6.97005509326203e-11,5.28377065862147e-11,-2.01014210394647e-10,5.31410813379345e-11,1.28580500091946e-10,1.17033909220509e-10,7.42562189036747e-12,5.23879252128962e-11,-6.0340675464616e-11,-4.33996979360324e-12,-1.74356175113444e-10,9.83738502662297e-11,-6.91365190939206e-11,6.23097783339253e-11,-1.0264057826684e-10,-9.49758252635463e-11,8.35564480689519e-11,2.64501507654476e-12,-2.3655730459384e-11,1.34179809266425e-10,-1.9835215163923e-10,3.01105481776192e-11,-8.16268724973287e-11,-7.07397131659136e-11,-1.47636221612732e-10,1.29854451497867e-10,1.65091294182244e-10,-1.39722473402009e-11,-2.27343192304499e-10,1.37623561001874e-10,-1.83093783825925e-10,-1.76108689839947e-11,7.25050097551142e-12,-7.84279098763305e-11,-3.31184410287829e-11,4.74849020450579e-11,-2.95093299845754e-10,2.68971898884856e-11,-5.09540899217688e-11,5.11932619290985e-11,-6.37450814283732e-11,1.46973353671249e-10,-9.13248013064583e-11,1.27016120483288e-10,1.17033715992125e-10,2.22593759491414e-11,-3.10925851968516e-11,-7.67684443539182e-11,-3.41917850387271e-11,-7.17816141207739e-11,7.2919072924074e-11,2.66751580256563e-11,6.43025209826706e-13,1.18395899698928e-10,-1.54752257111591e-10,2.87305807832309e-11,1.63728536947266e-10,3.80263700814034e-11,5.66187223042176e-12,-7.74981006394079e-11,2.2056077312233e-10,-2.15236611717454e-11,2.08684997697604e-10,-2.65436082586768e-11,-1.59081369459422e-11,6.91406364265034e-11,1.30595590839442e-11,2.21092310985071e-11,-2.39241375098948e-10,-9.54040266921948e-11,-9.8288383389391e-11,4.57440492167444e-11,5.88778767703072e-11,-6.12494616857393e-11,-5.94127005581828e-12,4.59720442243947e-11,-1.02460730569224e-10,1.49569553108766e-10,1.33128620277197e-10,1.0814007456992e-10,1.16122227073834e-10,8.5692793623046e-11,1.21103955078454e-10,2.0554924420008e-11,-3.32846472332857e-11,-1.2086973733535e-10,-1.08806598009891e-10,7.88127230626409e-11,6.80822097668485e-11,6.75279455565516e-11,2.77622012991004e-10,1.55777509524829e-10,-3.06601775158268e-11,-8.2424505830177e-11,1.29593980903194e-11,-5.4644975086062e-11,5.44223522552227e-11,4.58881814379604e-11,1.19932044944879e-11,6.28704035582907e-11,-1.4217415172165e-10,1.07091885248328e-10,8.0927682135296e-11,-1.27006444979864e-10,4.20873618621096e-11,-6.94220737889651e-11,1.12347796888187e-10,-8.24775108273344e-11,-6.83178157703555e-11,-5.87072330993288e-11,1.75733315017529e-10,-5.89642545821122e-11,-8.47153133588326e-11,5.28235821088501e-11,2.08784077516271e-11,2.00176850677751e-11,-2.54405612162554e-11,1.27641014155762e-10,1.53034423582007e-10,4.95431242023972e-11,-1.1276963507326e-10,-1.86366914425522e-10,-8.77461815527701e-12,5.24086427027417e-11,2.7408585758938e-11,4.74084459637504e-11,-8.37891562950352e-11,-1.81472753833691e-10,-2.33534272101989e-11,-5.12933264416237e-11,-4.12650331562004e-11,1.50188790968889e-10,2.70324477483136e-11,-3.53248032008297e-11,-2.01043163913887e-10,1.02008401393644e-10,9.9748974046643e-11,2.52049609714473e-10,8.46746378444443e-11,1.52681631554008e-10,8.3396836062949e-11,1.35810844113872e-11,8.35995992081267e-11,2.71269967284184e-11,-1.41275543286795e-10,-4.96911577977392e-11,-8.25646093595328e-12,-2.61635153045644e-11,7.54720583237666e-11,1.33990937479616e-10,-3.78500261118539e-12,1.22442497456169e-10,8.36654543731695e-11,1.49663374716401e-10,-9.19791155270988e-11,6.20767703934064e-11,3.36464080173348e-11,1.43328565147836e-10,-1.12614852295577e-10,4.35148840827046e-11,-8.52172720097879e-11,1.67655748524427e-11,1.23402048661839e-10,7.19779139787734e-11,1.3762554994661e-10,1.5722070366698e-10,8.22621977932687e-11,-2.28402188624284e-10,-2.07793498156343e-11,1.9385762220001e-11,6.10091657376897e-12,-1.29696667591848e-10,4.80105706922281e-11,-8.2495932930212e-11,-9.93232861403701e-11,-2.1738320978238e-11,-1.13128410994157e-11,2.33846077027676e-11,-1.14652080845727e-10,-1.67847485754112e-10,-1.69458341984517e-11,1.78581733484116e-10,-1.2755089077727e-10,-9.09138497211786e-11,5.18581880778183e-11,-3.49818774323613e-11,-9.69535709205572e-11,-2.55515107154259e-10,1.24355694168911e-11,-5.23924974421988e-11,-1.59325788823023e-10,1.3623885793082e-11,-9.45631316960162e-12,1.12384022469061e-10,7.78678446746069e-11,2.84031294455287e-11,1.48366621865087e-10,7.78996855957297e-11,7.88813879864106e-11,-6.61734794643702e-11,4.77242606708402e-11,1.67170407003513e-10,8.52027327981741e-12,6.41341179783758e-12,6.77680427282193e-12,-6.441534540851e-11,6.34813167418484e-11,-1.09688855064763e-10,1.6719488735005e-11,1.44464528930853e-11,2.35540167567537e-10,-7.11315334317826e-11,1.65613950584453e-10,-3.8847507397971e-11,-3.44757045404149e-11,2.36027415243269e-10,-1.44774793830088e-10,5.27458574094526e-11,-6.82887240403142e-11,7.34679921936912e-11,2.43211235169374e-11,7.51215474162036e-11,1.52338366150749e-10,8.20356990793278e-11,8.40686730382371e-12,-7.4263613276893e-11,-8.85143674076934e-11,5.1121506699332e-11,1.28559944733094e-10,-1.29029835422069e-10,-1.24141668188327e-10,1.18241174836341e-10,4.11328205035621e-11,-5.74377613013209e-11,-1.30288765473226e-10,1.31887393048206e-11,3.34584140455398e-11,-1.97733067058743e-10,4.96976149267758e-11,5.79596582655254e-11,-4.3672794643415e-11,7.74188360798023e-11,1.69013369181149e-10,-1.7298350350934e-10,3.28412944382075e-11,-1.88778359021123e-11,3.58421256879766e-12,3.14416290991099e-11,-1.16715929260395e-10,-1.27643486244131e-11,1.32032774905291e-10,7.46038214127763e-11,-1.16798797429355e-10,-2.3707330597652e-10,1.17116986745196e-10,-3.41499172079329e-11,-9.63544253711108e-11,5.11959705283826e-11,3.06330951626552e-11,-4.78661957450894e-11,7.43159275915932e-12,8.89187042376763e-11,9.77905347139226e-11,-2.0255957524132e-11,2.50052663439829e-11,-3.08011357799831e-11,-9.74394900570133e-11,3.1338447455718e-11,4.85021267206054e-11,3.09407800416714e-11,8.73348066060862e-11,-8.32975544584753e-11,-3.63662986933487e-11,2.36312614130969e-11,-4.64828342222213e-11,1.32363838561241e-10,1.34392375274739e-10,6.58688284100135e-11,1.42249358632056e-10,-5.61223703749179e-11,-1.04276645506685e-10,-2.36237828120533e-10,7.280677607348e-11,1.12969348190753e-11,7.35972159002172e-11,1.5302686257942e-10,-1.82778501572066e-10,4.80204982497924e-11,8.51828849299797e-11,3.78861775973686e-11,-3.6857789193258e-11,2.79820873552624e-11,2.9854132854275e-11,2.98670441740687e-11,-9.09508005465997e-11,4.65687638585849e-11,-5.18517140151936e-11,-1.58183344685272e-10,-6.36643256916724e-11,2.17990871925845e-10,3.27552831873063e-11,-1.1940237370727e-10,-1.375317713978e-10,-7.06305633020681e-11,-1.68520649091968e-10,-7.01380660239739e-11,-7.20768088676932e-11,2.77393426542701e-11,-8.38406564269726e-12,-9.66032171239784e-12,-3.46083594478724e-11,-5.67764163519277e-11,5.67220873818956e-11,7.63354692140992e-11,6.21560793978122e-13,-1.36449823566375e-10,-2.11363474372508e-10,3.99859981097947e-11,-5.9880782798996e-11,9.60173263554897e-11,2.21283943709179e-10,-1.04534102923016e-10,-1.32089685983436e-10,4.44053371961185e-11,-2.85053864170042e-11,-6.43230385029253e-11,-1.55083311350555e-10,-6.29768878151364e-11,-2.33345836252019e-10,3.81156475300608e-11,5.71328029798076e-11,-8.77884332736374e-11,-4.25824751432033e-12,2.37297155370535e-10,-1.87660960137324e-10,4.09889414930428e-11,-5.92252566027201e-12,5.5812235414905e-11,1.16412928113129e-10,1.33209110831164e-12,-5.77218626785679e-11,4.99194178584e-12,-2.53881186432694e-11,1.97263893735164e-11,-3.5842762378487e-11,1.80651374222865e-10,-5.40455356759227e-11,-7.73913803072503e-11,5.41467454382105e-11,6.67070159426734e-11,-2.34276686296647e-10,7.02215756162659e-11,1.64029566884921e-10,-6.62375560848954e-11,1.34193475014934e-10,1.67467301255436e-10,7.04784855103024e-11,1.69016904166213e-11,-2.00396028733016e-10,5.26964782494059e-11,-1.92168514747604e-10,-1.96879211952456e-12,4.6565825360553e-12,-5.85883878273839e-11,1.74921696621795e-11,1.15147068553646e-10,-5.40684276586207e-11,-9.41120521920626e-11,-9.09255797598839e-11,3.67843795352182e-11,1.85847049124515e-10,2.14107063825607e-10,-3.68497739768669e-11,-1.11268334113224e-10,-1.05122075889125e-10,-1.79183101971064e-10,-1.07905467593031e-11,8.08672497255401e-11,3.64353702063245e-11,-1.77967934729587e-10,5.18079903548713e-11,-2.4830962641587e-11,-1.80965316023337e-11,5.98213321760233e-11,1.05874238319768e-10,5.04368367361678e-11,-1.5412090823745e-10,-7.65225097357128e-11,-1.07336661529296e-10,4.63129762916953e-11,-1.93893788029201e-11,-1.76343518555414e-12,8.76447731404879e-12,-1.63597331715028e-10,2.06212771536661e-10,-1.53880643466737e-12,5.48105479061923e-11,9.52075861086471e-11,-6.48803967231901e-11,-1.03964960475339e-10,6.07961135249992e-11,-1.73260852144301e-10,3.02644703406361e-11,-3.65485339477663e-11,1.61285164119256e-10,5.75767899261485e-11,7.56285929914816e-11,-7.20667911881076e-11,-1.31968869605373e-10,-7.90550419738414e-11,-1.3234386271858e-10,-6.04818174596641e-11,1.87517619360923e-11,2.64865841468419e-11,2.88618270563342e-11,1.26999095047108e-10,5.4356363727411e-11,-6.18442137105272e-11,6.40636076868345e-11,-9.28723384000573e-11,1.17876162288022e-11,2.99523446456016e-11,9.78034246464438e-11,1.17635244747971e-10,-1.00039472394252e-11,-9.29494063109573e-11,1.37152561414775e-11,-1.24940611744618e-10,1.62977961987072e-11,-8.33291356715052e-11,-3.31657869964506e-11,2.50258054768292e-11,-2.37105589615106e-10,-3.40018209348066e-11,7.12766147663551e-11,5.11087998076028e-11,-9.14704294301934e-12,1.50106859450508e-10,-2.45316949086909e-11,-8.54041292090112e-11,-2.75936859146758e-11,4.1289495039581e-11,-3.61516665801863e-11,-1.12756877594643e-10,-1.66186226016517e-10,5.47691152017686e-12,-9.15104554728667e-11,1.58208315188803e-10,-1.12374711074677e-10,2.06815492916222e-10,1.07590163795985e-11,8.24133774957882e-11,-2.65088472570596e-11,1.64130107287308e-11,2.73373998047877e-11,-1.38411431162245e-10,3.76837921880726e-11,6.02392070306795e-11,6.61155879706436e-11,-3.32956496078904e-11,-1.03629575844019e-11,1.30287799024687e-11,2.45115486383508e-10,1.11499253006994e-11,5.08521813524573e-12,-1.36363160900285e-10,1.11672291659719e-10,-4.42380415422394e-11,-1.73205516940319e-10,-6.26937656242778e-11,3.62696597438589e-11,4.12234079508215e-11,-1.83148204256026e-10,1.8396137510672e-11,-1.32120712198373e-10,-9.64310343306709e-11,-2.32335743577382e-10,-6.11041689160829e-11,1.95857345563693e-10,-2.18729672811733e-11,-4.41188173247177e-11,-6.5025060472338e-11,-2.06513627335154e-11,5.05791580971756e-11,5.88273733115617e-11,1.15735054134708e-10,-2.54048969974456e-11,-2.97987999751227e-11,5.68662900124149e-11,1.06377961477887e-10,-1.61173951101217e-10,9.11364274954514e-11,9.19973942410927e-11,-6.47318608783754e-11,-7.50022072499264e-11,-1.00402288450086e-10,-1.05086513146867e-10,-9.18829443916337e-11,9.78582168269574e-11,5.56728898881181e-11,1.00317166948599e-10,9.22527279495053e-11,2.03912728328784e-10,-8.57258501377873e-11,-8.29535021369312e-11,-6.69094233135967e-11,1.4067644662599e-10,9.19752898237311e-11,4.60470579835348e-11,-5.84080025712092e-11,7.53367264071588e-11,6.72977496141231e-11,-2.00041716848022e-11,-1.72292903465946e-10,-1.57707434512097e-11,8.24184870944434e-11,-8.52404330687756e-11,5.29681603202731e-11,-7.93918544260869e-11,8.02470341513304e-11,-8.49124552599112e-11,-4.81537587867305e-11,-3.45241726417593e-11,-2.20873747365213e-11,-5.14628606564333e-11,4.28500604252785e-11,1.21537814375105e-10,-8.9436825234566e-11,3.77367563572121e-12,-9.42263438789068e-11,1.68241990142794e-10,1.14438707236971e-10,-3.86132581418724e-11,-2.24576195972415e-10,-1.09070721199248e-10,4.93545425750716e-11,-1.33050517636007e-11,1.15359904975593e-11,1.59865036013412e-10,-5.01828101685439e-11,-7.22989356404631e-11,-7.91357479093292e-11,-6.69698200630271e-11,7.52687113629504e-12,3.58977989868029e-12,2.47168953776078e-11,2.44682113062134e-10,-4.82419278743975e-11,-1.62043881421616e-11,-2.486611240839e-11,1.45828538536649e-10,-2.20494298215203e-11,-1.2895106333829e-10,-1.51634417020642e-10,-3.36331460799892e-11,1.84747057652646e-10,3.88619604811766e-11,-4.10517798342417e-11,-6.94158699721413e-11,4.46198838624966e-11,1.1266684850603e-10,2.11501342501163e-11,1.21491527992957e-11,1.66738843574051e-10,-1.20936357834853e-10,-3.75540155719337e-12,-2.96669358794679e-11,-6.00401389041619e-11,-7.89252908342963e-11,-4.14152353271472e-11,-1.86082366040858e-11,-2.05362645303612e-10,1.22784488244313e-10,-2.08632346325354e-10,1.06945166283399e-10,6.06207998873944e-11,1.01334405148184e-10,2.63446340049522e-11,2.53925443493982e-11,-4.45938338153578e-11,1.0007269580355e-11,-6.42479981025691e-11,-1.61105232660242e-10,3.69378039446102e-11,7.50667608540758e-11,-1.87708610206474e-10,-7.29802254195598e-11,2.40937188520015e-10,-1.22138035657589e-11,-1.35521462439352e-10,-1.90693193048741e-10,1.72152337978561e-11,-4.94544253890065e-11,-1.51546623139682e-10,4.04900582921599e-11,1.88269876502035e-10,-1.14687550559807e-10,-1.24146546389494e-10,-1.66008688871728e-10,1.50649486443797e-10,-9.46778458406036e-11,7.96751407531662e-11,8.82098708882019e-12,1.7480890078316e-10,6.20441990970759e-11,-7.21188421097139e-11,2.18348166230653e-11,-2.70432977278375e-11,4.65820880978216e-11,6.79723072861253e-11,8.95256054269912e-11,-1.1377110826081e-10,9.35909574985306e-11,5.28725955965523e-14,8.49713336322187e-11,1.12739253158615e-11,-1.5038818485604e-10,6.01735302754698e-11,7.63418424455976e-11,7.53714838920667e-12,-2.50613092245586e-11,6.88276559896933e-11,5.03894415137452e-11,-1.79259448249634e-11,3.16450842706687e-11,9.41117875260079e-11,-5.21203521480394e-11,1.04680288295116e-10,7.07754139177546e-11,3.73374479958398e-11,-1.83102273572323e-12,-1.00877601968118e-10,-7.95888186724651e-11,-4.57918499756378e-11,7.42914653624646e-11,-1.2688621887339e-11,-1.69558558243631e-10,1.60752982689038e-10,1.4368794015449e-10,-1.75546412971193e-10,-1.39711287378984e-11,3.06170160430652e-11,3.38028872805738e-11,-1.02890795464012e-10,5.91985253468433e-12,-1.27421440678876e-10,-2.93250408670335e-11,-6.21814696397019e-11,4.06255843410296e-12,-1.49330897014137e-11,-4.5981809308676e-11,4.84956006963375e-11,-6.15181202041877e-11,3.36215710381693e-12,-8.79382266004053e-11,-1.65858922830545e-10,2.76003213082547e-11,-6.62539465628868e-11,-6.25203273789112e-11,1.18758209283931e-10,4.03123228873693e-11,8.14514561148462e-12,-1.79421964013893e-10,1.146985763283e-11,8.06849458844371e-11,2.78705917022478e-11,-7.61983875111635e-13,-1.21121611795409e-10,-4.10366236055508e-12,-1.06034974354206e-10,-8.91906625461096e-11,3.08491451911028e-10,1.03977620490319e-10,1.33604358043832e-11,-7.53549233218736e-11,-1.56015241193016e-11,-5.35667363307598e-11,2.756904466963e-11,1.67869937490275e-11,4.02523284100355e-11,-9.29026747583358e-11,-1.33511916081369e-10,-3.68048559679989e-11,-8.19066570929929e-11,-7.9256262581609e-11,1.49286052119803e-11,-1.87509888855765e-10,4.65223248873121e-11,-7.75661143956817e-11,1.66771343858221e-11,6.61525989355972e-11,-7.48717724880874e-11,-6.70273425677309e-11,-2.5507639295849e-11,-2.93319848981087e-11,1.54311072777245e-10,-2.67430544368579e-11,-1.31742526758448e-10,4.74847705361197e-11,1.56390960689926e-10,-7.4646800375577e-11,-1.97501346730784e-10,-1.5510798510044e-10,-8.60808563737643e-11,-6.13891840894969e-11,1.00975466343095e-10,-1.36114675915692e-10,1.63758216454113e-10,-1.43211169848063e-10,-1.57141960936597e-11,1.86785848398884e-10,-3.01757890932403e-11,-6.78558403689061e-12,-1.16047280475738e-10,6.1869309264058e-11,7.54877697707586e-11,3.16184201986845e-10,-5.24592639283769e-11,-6.68606260121988e-11,-1.88872582878668e-11,7.96122593853046e-12,5.02608272220875e-12,7.8068641434662e-11,1.11448771511733e-11,-1.30401410437927e-11,-6.0893990897188e-11,5.17312122426544e-11,-1.43652250407625e-12,-7.05491368790367e-12,-6.38578455476834e-11,3.92795358658353e-11,4.37192101300273e-11,6.03974981183353e-11,3.51637433145982e-11,-2.1740399029237e-11,1.73077662250875e-10,1.73490774834475e-10,-4.65535108704155e-11,1.78545912284355e-10,-1.54841720208689e-10,-1.16743308717874e-10,6.28638202737247e-12,-6.87483835355226e-11,-1.42031574591283e-10,1.50399623882391e-10,9.25576855817526e-11,6.84035163070812e-11,-1.78702402636075e-10,2.1750813001714e-10,-1.60148052169947e-10,3.09283520217756e-11,2.44474348520791e-11,-3.09463841211986e-12,-5.55433739245008e-11,-3.2081486706584e-11,-6.89061494183182e-11,1.56991082919188e-10,2.18554597385228e-10,-1.26823616392006e-10,1.14247922283078e-10,3.89376397980266e-11,-5.36033770493742e-11,1.33685711878376e-10,-1.35942726051031e-11,1.10981858536077e-10,-3.86019852181509e-11,1.40776776975182e-10,4.34828386220601e-11,9.47308681538671e-11,2.09039832377396e-11,-4.62414894008056e-12,9.74130862513393e-11,-8.64173491110544e-11,-9.65069825820398e-11,-9.42820299209061e-11,6.29060324176077e-11,-1.01891521388843e-10,-2.01581207544381e-10,-5.76463340110754e-11,4.32640626770243e-11,8.49638393995835e-12,3.02751364416444e-11,4.23499000160885e-12,1.17645098630876e-10,9.75598652762598e-11,3.29410382400549e-11,-5.46562099550045e-11,-2.03825467331399e-10,1.76089745323158e-10,-2.26918506337013e-11,2.7573592820365e-10,3.83495732276689e-11,6.44966453066125e-11,6.28530032097648e-11,6.67158533199876e-11,-6.75773324512235e-11,-2.30016702275974e-11,-2.95797657031189e-11,1.19516333770538e-10,-1.11481803363971e-10,-3.81905898137075e-11,7.53260784859789e-11,1.823574536554e-10,-1.11112565606093e-10,1.02258433792564e-10,-3.22730869796155e-11,-2.67548329277764e-11,4.98057734528936e-11,1.30087205297918e-10,-1.56652047925313e-11,-1.73009167212158e-10,5.02557289545203e-11,1.64928568348742e-10,-9.22120553263415e-11,4.73082720772709e-11,8.95307607642736e-11,7.78824358359641e-11,-1.26037898160474e-10,-3.22480933995078e-11,-1.220306048439e-10,2.1155484268936e-11,-2.64870731534517e-11,-1.45738594297132e-10,-1.93426100101311e-10,2.85523914893782e-11,6.6919692039597e-11,4.6334666189956e-12,1.0338848609242e-10,-5.66847475613986e-12,1.00059902717919e-10,3.66608172265225e-11,-1.09916737812667e-10,-7.06961160088122e-11,-1.06208085383155e-10,-4.07472626089729e-11,9.72335831170431e-11,-5.54225270243668e-11,8.06967262119312e-11,-9.50307192336004e-11,8.07906173293948e-11,-2.83355165894633e-11,1.59579412763294e-11,3.65157086109364e-11,5.41910982083723e-12,1.63777279892447e-10,-2.57007511313545e-11,7.15119119066842e-11,1.17980992381486e-10,1.35774932506158e-15,-7.72529756542189e-11,-2.28248485033339e-10,-1.37556345323793e-10,9.57958261367275e-11,-9.02849626665143e-11,1.06355482579745e-10,-1.43745750713385e-10,-1.43210593993905e-10,6.33666908725176e-11,-1.46015946664348e-10,3.46954042511017e-11,8.60947938083099e-11,-1.05771912035812e-10,6.26858197939987e-11,1.83654008487586e-10,2.1214531513462e-11,1.93003901593693e-11,-2.11670709959008e-11,-6.56789487080398e-12,-1.3962863228249e-10,1.45537320475471e-10,6.33757923579267e-11,-7.64683865288445e-11,-1.92249376979183e-11,2.13239836395907e-11,-2.32893224870584e-10,7.12924967612277e-11,-1.52577085239641e-10,1.57589793940156e-10,-3.26574055583277e-11,7.17167910910344e-11,1.59392765590292e-10,-4.74767433179863e-11,6.05714761226733e-11,-1.04332698460075e-10,-8.94168003015332e-11,1.08753912003414e-10,2.80509480324578e-11,-1.4560468187659e-11,2.03839709215855e-10,-3.76692422327574e-11,-5.38488807198036e-12,-5.71628308886606e-11,1.25133982553062e-10,8.31608969019694e-11,2.79042405594534e-11,1.47451643232416e-10,8.90524645687578e-11,-2.38016410903029e-10,-7.2006104360302e-11,-1.73284143939125e-10,-4.417522388888e-11,-1.67646100631746e-11,-6.03899705768444e-11,-2.68692065510613e-10,-5.62523654418814e-11,1.11176755580051e-10,2.2527621438436e-11,7.33034040260184e-11,9.97915921912077e-11,1.28713245587739e-10,-9.97882458612057e-11,9.90883317466791e-11,9.97115653609789e-11,7.83303675809083e-11,5.84829108547115e-12,1.69287103947033e-10,-2.40314543124409e-11,-1.23254915272492e-10,6.23379192726385e-11,-8.06384247597885e-11,1.05253321716636e-10,7.07460506131512e-11,-4.24964180396588e-11,-2.54280711167078e-10,-1.24885199273139e-11,-1.54127769899763e-11,-3.00792504139297e-11,-9.10917683934217e-11,-6.56527275063919e-11,6.73485168219221e-11,-1.29649094592751e-11,-6.33334174222337e-11,-3.50002988557766e-11,-1.80776714373279e-10,-1.25652209802623e-10,-5.28615907179518e-11,2.53650951530249e-12,1.3526000789696e-10,-6.07283284733876e-11,-2.96696452390045e-11,-1.38766382536199e-10,-1.60473210195205e-10,-2.56009751391505e-11,4.6071812711118e-11,-5.14769730576555e-11,1.95170792921087e-10,2.76314475996623e-11,6.53296371988353e-11,1.50843216085444e-10,2.0982726208098e-10,-1.08936252825419e-11,1.59411022646878e-10,1.56275974341979e-10,6.09689806713137e-11,1.17653587412594e-10,6.71162735567677e-11,3.94206060904617e-10,3.92921599794832e-10,3.83964565125905e-10,3.02241209837338e-10,2.19343809961817e-10,2.73879136842762e-10,3.47257900525573e-10,2.89674598799194e-10,4.94959330620983e-10,6.85877085798163e-10,6.16163068806079e-10,6.28650989856095e-10,7.07797140379292e-10,7.48453132477881e-10,6.99417543382191e-10,8.95031257424388e-10,8.67060459734209e-10,9.75082485406176e-10,9.89957049335585e-10,1.0015558772327e-09,1.17764850327653e-09,1.27442719493227e-09,1.33060245840016e-09,1.1509204077918e-09,1.42964810440023e-09,1.42043017642437e-09,1.57151310185618e-09,1.82675440318541e-09,1.54970519771085e-09,1.90040365060001e-09,2.1139777300133e-09,2.17791709307074e-09,2.07952568110593e-09,2.42841134066151e-09,2.51955040713323e-09,2.43266474840628e-09,2.61582345789245e-09,2.74568268846936e-09,2.99446042036614e-09,3.24313591682138e-09,3.4101166583469e-09,3.39672149714228e-09,3.76149969630959e-09,3.96315982247082e-09,4.06120463527545e-09,4.3557669828253e-09,4.30269237443128e-09,4.65932371784865e-09,4.93006997722719e-09,5.4405330506468e-09,5.62656843508644e-09,5.70132462237467e-09,5.91839009059622e-09,6.13153717723765e-09,6.37620096602612e-09,6.80092137676988e-09,7.2115838334042e-09,7.41316056198294e-09,7.89401024383707e-09,8.18709307228658e-09,8.70289197506509e-09,8.82072711435729e-09,9.36129831048518e-09,9.74281538884155e-09,1.02111296335071e-08,1.07562696302041e-08,1.11786512068319e-08,1.18003240346194e-08,1.25078125822991e-08,1.3140301921461e-08,1.33942304574422e-08,1.42038923619546e-08,1.49082476307022e-08,1.55961120916288e-08,1.62936680683343e-08,1.72379041823072e-08,1.79636695897756e-08,1.92339623691314e-08,2.00620510179696e-08,2.12475112271235e-08,2.24757237105093e-08
