v,0.25
Patm,100000
g,9.81
r,500
G,10^11.45
rho,2500
mu,10^2.91
rc,28
 
M,10^6.54
sigma,0.5
 
tilt_erupt,7.2029nrad
 
-1160,-1159,-1158,-1157,-1156,-1155,-1154,-1153,-1152,-1151,-1150,-1149,-1148,-1147,-1146,-1145,-1144,-1143,-1142,-1141,-1140,-1139,-1138,-1137,-1136,-1135,-1134,-1133,-1132,-1131,-1130,-1129,-1128,-1127,-1126,-1125,-1124,-1123,-1122,-1121,-1120,-1119,-1118,-1117,-1116,-1115,-1114,-1113,-1112,-1111,-1110,-1109,-1108,-1107,-1106,-1105,-1104,-1103,-1102,-1101,-1100,-1099,-1098,-1097,-1096,-1095,-1094,-1093,-1092,-1091,-1090,-1089,-1088,-1087,-1086,-1085,-1084,-1083,-1082,-1081,-1080,-1079,-1078,-1077,-1076,-1075,-1074,-1073,-1072,-1071,-1070,-1069,-1068,-1067,-1066,-1065,-1064,-1063,-1062,-1061,-1060,-1059,-1058,-1057,-1056,-1055,-1054,-1053,-1052,-1051,-1050,-1049,-1048,-1047,-1046,-1045,-1044,-1043,-1042,-1041,-1040,-1039,-1038,-1037,-1036,-1035,-1034,-1033,-1032,-1031,-1030,-1029,-1028,-1027,-1026,-1025,-1024,-1023,-1022,-1021,-1020,-1019,-1018,-1017,-1016,-1015,-1014,-1013,-1012,-1011,-1010,-1009,-1008,-1007,-1006,-1005,-1004,-1003,-1002,-1001,-1000,-999,-998,-997,-996,-995,-994,-993,-992,-991,-990,-989,-988,-987,-986,-985,-984,-983,-982,-981,-980,-979,-978,-977,-976,-975,-974,-973,-972,-971,-970,-969,-968,-967,-966,-965,-964,-963,-962,-961,-960,-959,-958,-957,-956,-955,-954,-953,-952,-951,-950,-949,-948,-947,-946,-945,-944,-943,-942,-941,-940,-939,-938,-937,-936,-935,-934,-933,-932,-931,-930,-929,-928,-927,-926,-925,-924,-923,-922,-921,-920,-919,-918,-917,-916,-915,-914,-913,-912,-911,-910,-909,-908,-907,-906,-905,-904,-903,-902,-901,-900,-899,-898,-897,-896,-895,-894,-893,-892,-891,-890,-889,-888,-887,-886,-885,-884,-883,-882,-881,-880,-879,-878,-877,-876,-875,-874,-873,-872,-871,-870,-869,-868,-867,-866,-865,-864,-863,-862,-861,-860,-859,-858,-857,-856,-855,-854,-853,-852,-851,-850,-849,-848,-847,-846,-845,-844,-843,-842,-841,-840,-839,-838,-837,-836,-835,-834,-833,-832,-831,-830,-829,-828,-827,-826,-825,-824,-823,-822,-821,-820,-819,-818,-817,-816,-815,-814,-813,-812,-811,-810,-809,-808,-807,-806,-805,-804,-803,-802,-801,-800,-799,-798,-797,-796,-795,-794,-793,-792,-791,-790,-789,-788,-787,-786,-785,-784,-783,-782,-781,-780,-779,-778,-777,-776,-775,-774,-773,-772,-771,-770,-769,-768,-767,-766,-765,-764,-763,-762,-761,-760,-759,-758,-757,-756,-755,-754,-753,-752,-751,-750,-749,-748,-747,-746,-745,-744,-743,-742,-741,-740,-739,-738,-737,-736,-735,-734,-733,-732,-731,-730,-729,-728,-727,-726,-725,-724,-723,-722,-721,-720,-719,-718,-717,-716,-715,-714,-713,-712,-711,-710,-709,-708,-707,-706,-705,-704,-703,-702,-701,-700,-699,-698,-697,-696,-695,-694,-693,-692,-691,-690,-689,-688,-687,-686,-685,-684,-683,-682,-681,-680,-679,-678,-677,-676,-675,-674,-673,-672,-671,-670,-669,-668,-667,-666,-665,-664,-663,-662,-661,-660,-659,-658,-657,-656,-655,-654,-653,-652,-651,-650,-649,-648,-647,-646,-645,-644,-643,-642,-641,-640,-639,-638,-637,-636,-635,-634,-633,-632,-631,-630,-629,-628,-627,-626,-625,-624,-623,-622,-621,-620,-619,-618,-617,-616,-615,-614,-613,-612,-611,-610,-609,-608,-607,-606,-605,-604,-603,-602,-601,-600,-599,-598,-597,-596,-595,-594,-593,-592,-591,-590,-589,-588,-587,-586,-585,-584,-583,-582,-581,-580,-579,-578,-577,-576,-575,-574,-573,-572,-571,-570,-569,-568,-567,-566,-565,-564,-563,-562,-561,-560,-559,-558,-557,-556,-555,-554,-553,-552,-551,-550,-549,-548,-547,-546,-545,-544,-543,-542,-541,-540,-539,-538,-537,-536,-535,-534,-533,-532,-531,-530,-529,-528,-527,-526,-525,-524,-523,-522,-521,-520,-519,-518,-517,-516,-515,-514,-513,-512,-511,-510,-509,-508,-507,-506,-505,-504,-503,-502,-501,-500,-499,-498,-497,-496,-495,-494,-493,-492,-491,-490,-489,-488,-487,-486,-485,-484,-483,-482,-481,-480,-479,-478,-477,-476,-475,-474,-473,-472,-471,-470,-469,-468,-467,-466,-465,-464,-463,-462,-461,-460,-459,-458,-457,-456,-455,-454,-453,-452,-451,-450,-449,-448,-447,-446,-445,-444,-443,-442,-441,-440,-439,-438,-437,-436,-435,-434,-433,-432,-431,-430,-429,-428,-427,-426,-425,-424,-423,-422,-421,-420,-419,-418,-417,-416,-415,-414,-413,-412,-411,-410,-409,-408,-407,-406,-405,-404,-403,-402,-401,-400,-399,-398,-397,-396,-395,-394,-393,-392,-391,-390,-389,-388,-387,-386,-385,-384,-383,-382,-381,-380,-379,-378,-377,-376,-375,-374,-373,-372,-371,-370,-369,-368,-367,-366,-365,-364,-363,-362,-361,-360,-359,-358,-357,-356,-355,-354,-353,-352,-351,-350,-349,-348,-347,-346,-345,-344,-343,-342,-341,-340,-339,-338,-337,-336,-335,-334,-333,-332,-331,-330,-329,-328,-327,-326,-325,-324,-323,-322,-321,-320,-319,-318,-317,-316,-315,-314,-313,-312,-311,-310,-309,-308,-307,-306,-305,-304,-303,-302,-301,-300,-299,-298,-297,-296,-295,-294,-293,-292,-291,-290,-289,-288,-287,-286,-285,-284,-283,-282,-281,-280,-279,-278,-277,-276,-275,-274,-273,-272,-271,-270,-269,-268,-267,-266,-265,-264,-263,-262,-261,-260,-259,-258,-257,-256,-255,-254,-253,-252,-251,-250,-249,-248,-247,-246,-245,-244,-243,-242,-241,-240,-239,-238,-237,-236,-235,-234,-233,-232,-231,-230,-229,-228,-227,-226,-225,-224,-223,-222,-221,-220,-219,-218,-217,-216,-215,-214,-213,-212,-211,-210,-209,-208,-207,-206,-205,-204,-203,-202,-201,-200,-199,-198,-197,-196,-195,-194,-193,-192,-191,-190,-189,-188,-187,-186,-185,-184,-183,-182,-181,-180,-179,-178,-177,-176,-175,-174,-173,-172,-171,-170,-169,-168,-167,-166,-165,-164,-163,-162,-161,-160,-159,-158,-157,-156,-155,-154,-153,-152,-151,-150,-149,-148,-147,-146,-145,-144,-143,-142,-141,-140,-139,-138,-137,-136,-135,-134,-133,-132,-131,-130,-129,-128,-127,-126,-125,-124,-123,-122,-121,-120,-119,-118,-117,-116,-115,-114,-113,-112,-111,-110,-109,-108,-107,-106,-105,-104,-103,-102,-101,-100,-99,-98,-97,-96,-95,-94,-93,-92,-91,-90,-90,-89,-88,-87,-86,-85,-84,-83,-82,-81,-80,-79,-78,-77,-76,-75,-74,-73,-72,-71,-70,-69,-68,-67,-66,-65,-64,-63,-62,-61,-60,-59,-58,-57,-56,-55,-54,-53,-52,-51,-50,-49,-48,-47,-46,-45,-44,-43,-42,-41,-40,-39,-38,-37,-36,-35,-34,-33,-32,-31,-30,-29,-28,-27,-26,-25,-24,-23,-22,-21,-20,-19,-18,-17,-16,-15,-14,-13,-12,-11,-10,-9,-8,-7,-6,-5,-4,-3,-2,-1,0
-3.49494720665778e-10,5.10591517944317e-10,9.64857227782207e-10,6.95900372424225e-10,-4.97039331961685e-10,9.43744690155703e-11,6.31279460746917e-10,-5.33280017953372e-10,-1.04180048841705e-10,3.52979607198945e-11,-1.03678769598575e-09,-1.69051717822384e-10,3.94145917779128e-11,2.80115879069893e-10,-3.17602438884863e-10,-5.19182901976516e-10,3.23587759186797e-10,8.36975491459456e-10,-6.91989826490716e-10,4.39844172655186e-10,4.74263291457068e-10,3.57946825076613e-10,6.27981081734737e-10,5.20564679184745e-10,-8.8977671789184e-10,-1.22968708720975e-09,8.43796824913095e-10,1.40650608573481e-10,-9.36377750447691e-10,2.43098305269466e-10,2.0106019971972e-10,3.4212186062323e-10,6.8769323025944e-10,-4.03475515734569e-10,1.34701125054674e-09,-1.16286137864117e-09,9.05693637401915e-11,1.20164121615059e-10,6.8112265515997e-10,1.09080345554908e-09,3.57246988885469e-10,4.52317489740541e-10,9.42389777429424e-10,2.05383814193482e-10,8.09526215716902e-10,8.48476725711733e-10,6.3416944377264e-11,2.19029281482401e-10,-4.74779164825863e-10,-6.57772562867733e-10,2.69011406754645e-10,-2.03392844910855e-10,-3.23784805690957e-10,-4.62546675713557e-10,2.84430944932905e-10,-1.48215044031379e-10,7.8299303051589e-11,1.88506928272729e-10,3.99681375957564e-10,-4.46223678342087e-10,1.11010444487775e-09,-3.39384458118772e-10,-5.70449325936052e-10,7.13130589763824e-12,-1.06233787686771e-09,-1.62565086554448e-10,-3.39351928871201e-10,4.94285493481196e-10,-5.71307122807658e-10,-1.16590545506177e-10,-6.34720631363377e-10,9.95976414336559e-10,-7.16225768182776e-11,6.06530489143236e-10,-2.75009140835533e-10,-7.28986070705944e-10,-4.20560581435202e-10,-8.86811753337055e-10,-2.86093896263033e-10,2.34770474281334e-10,2.75352644491002e-10,-1.00729131282355e-09,-1.2868441989657e-11,1.15699302359636e-10,6.85568767449061e-10,-3.4638782496803e-10,5.06431711872697e-11,-5.58799737810621e-10,-5.62797141563284e-10,8.19890444627539e-10,-7.5169332567211e-10,3.53332184175416e-10,6.43075807526345e-11,3.18812492270951e-10,4.93448176327328e-10,7.46574583859906e-10,-1.2115190111629e-10,5.61558468112086e-11,-4.24754007524413e-10,2.47601766661518e-10,4.7622057779616e-10,-1.21989017549569e-09,2.62258445387859e-10,-1.84906428429592e-10,6.07010062395486e-10,-9.17659298021251e-11,-1.82472866660385e-10,-9.06308790100586e-10,-3.93565649822636e-11,-2.74195610003926e-10,-2.20561787103936e-10,-3.79191648939988e-11,1.04710449187048e-10,-7.42064351343909e-10,-5.70019852547355e-10,4.76699168468487e-10,-7.08860326456445e-10,-8.77917984952002e-11,-1.63113750872238e-10,-3.43024567106374e-10,7.48812151876352e-10,-1.77712011077168e-10,6.41898567087531e-10,-2.63672224970551e-10,9.16815534412205e-10,-2.07229018595076e-10,-2.45765933731489e-10,-3.70990315976005e-10,-9.33845772037243e-11,8.14061483207146e-10,-1.29786935783078e-10,1.79419291375123e-10,1.96457060159419e-10,-3.70313330074887e-10,6.25112937246447e-10,4.34664794280714e-10,-1.43143421687056e-09,-5.91328336841823e-10,5.56465038081106e-10,6.60916900109141e-10,1.42606044627249e-10,-1.56433486198796e-10,-5.86894670792992e-10,-3.01557398927729e-10,4.0512100665598e-10,-5.85092604212377e-10,6.09939907409199e-10,8.86744025922312e-10,-8.24696414183622e-10,2.43662684429118e-10,4.57957970377444e-10,-6.08686256322651e-10,-2.05890257707078e-10,-2.45123213752424e-10,-1.35418116898104e-09,-7.57711654606429e-11,2.49726631424343e-10,-3.7807669224073e-10,3.14491822125216e-10,-9.89092819836002e-11,-1.01034768795194e-10,1.6419197023715e-11,2.84074911414607e-10,7.79238432669336e-11,5.17502142004641e-11,-3.39389657894423e-10,4.00624049311476e-10,-3.53357925193648e-10,-1.70125423681677e-10,-3.22428144713126e-10,-2.45415218815568e-10,4.93740310874365e-10,1.28278481200978e-09,-7.03972437580923e-10,-1.94258943800097e-10,3.59440779074123e-10,5.50393570501826e-10,-6.32559982968241e-10,2.44263474237709e-10,1.06962970327956e-10,-8.09621301720035e-10,-2.62438220769796e-11,-4.212692059306e-10,-1.87125950550194e-10,8.99735972925791e-10,-2.11544058821049e-10,5.87724701679046e-10,-6.07347384313944e-11,-1.35830715126696e-10,9.43791755823236e-11,1.20437362375894e-10,-2.29622162868395e-10,-6.75922849232688e-10,8.71388854521816e-11,-1.93337702280509e-10,-6.78201262777641e-10,3.95652092175911e-10,6.93618391042882e-10,4.57563820230238e-10,-8.56640728542351e-10,4.08076528520363e-10,1.02271122919145e-10,-1.16702297955188e-10,5.71614449573012e-10,-6.20300514705296e-10,-5.01539325769754e-10,4.20897123400756e-10,-3.87463140670001e-10,-1.07800106397011e-09,3.95829056845611e-11,3.6687506390036e-10,2.27133650029735e-11,-5.46507909702612e-11,4.39836060529832e-10,-7.28575567089599e-10,2.0353903043009e-10,1.51205895308738e-10,-6.11142388887726e-10,-7.55682559823202e-10,-1.36542421948434e-10,6.76443615771936e-10,-3.34629111881672e-10,3.06563666432165e-10,2.28128400847134e-10,-2.12925978268038e-11,-6.92048250454973e-10,2.60601516945532e-10,5.59359053586779e-10,-5.75215773005501e-10,-7.49632899562197e-10,1.29326345827459e-10,-2.07141226705628e-10,-9.41788384582836e-11,4.60869189379687e-10,-5.88587523452551e-11,6.86619224651827e-10,-2.08350086046861e-10,-1.0331944348501e-10,-2.53059305845546e-10,1.89728245429379e-10,-1.03460699913993e-09,-7.25983410409537e-10,5.68208829727342e-10,9.58953811085821e-10,-2.25284024747117e-10,6.44944923348291e-10,-5.02920689711028e-10,-2.21224864561684e-10,1.05245299197738e-09,-9.1065982847497e-10,-2.06422833766067e-10,-1.07464619287302e-10,2.13374618886782e-10,-8.93077002081802e-11,-4.38976652127524e-11,5.90077409213601e-10,-2.32220380095271e-10,-1.83543341626944e-10,3.62176861204705e-10,-1.03489380734632e-10,-6.32559829213235e-10,-1.4731989682643e-10,-9.54082949169445e-11,1.85056366383735e-10,3.92325607235633e-10,-1.48619059671382e-10,-3.73661548301226e-11,-7.14457106949233e-10,-3.31487249928711e-10,1.64379702685002e-10,-1.59203732035114e-10,1.01129580097565e-09,-2.35770248923184e-11,-6.47316922340112e-11,-5.93191589893234e-10,-3.7013347739785e-10,2.25478989861794e-10,-2.77018954639969e-10,-1.5392748473591e-10,4.76759118842107e-10,3.2141888478976e-11,-4.08043092301916e-10,2.78752206165078e-11,5.73243888732498e-10,1.83486024806918e-10,6.70163591642524e-10,2.38601592788612e-10,8.11701294559047e-10,-1.32891905487082e-09,2.79625197351878e-11,-5.73054963191995e-10,2.9125066060053e-10,-1.11292865287815e-09,1.00874712972231e-10,1.14203362967062e-10,-3.5671198011994e-10,3.69473364250785e-10,8.03992575423064e-10,1.06568160090419e-10,-1.24919099148429e-10,-2.09072557685206e-10,-6.768710466488e-10,-2.43852487446761e-10,-2.8358568397384e-10,3.65283972317945e-10,-2.5390001322531e-10,8.58287841300011e-10,8.7921571145075e-11,-1.00466699472901e-09,-3.12733491711717e-10,-4.05716046846901e-10,-4.61474507530268e-11,4.9529949181403e-10,6.1170332395087e-10,-1.83289651719997e-10,6.54200018128647e-10,-2.48827880643578e-10,1.94286175376978e-10,-8.67892027088151e-10,4.22899431760512e-10,2.82342312354937e-10,2.63786008183311e-10,3.62623200175868e-10,9.98048386540619e-10,-1.96589845475889e-10,-4.81419316820387e-10,1.41473768546298e-10,-2.29207102502422e-10,-5.49612553672101e-10,-2.66480850747898e-10,-7.14991386092529e-10,5.70907805654767e-10,-5.14159563597584e-10,-1.10921394896037e-10,-5.44163854875453e-10,-9.1036540773728e-10,1.4714813656375e-10,8.73269459412467e-10,-9.43775400680394e-10,-1.45123582041484e-11,1.06063519659207e-09,5.23664998850031e-10,2.71551625911428e-10,1.20367002628354e-10,5.73837905813078e-10,3.71928973652994e-10,-1.79383574292554e-10,-1.15622803908032e-10,3.98750035040352e-10,-8.19228316752643e-11,-9.74478390995661e-10,2.86064908185337e-10,6.33824367475536e-10,5.87602808927602e-10,-1.98925113734029e-10,-3.10728712281665e-10,-7.86334312645342e-10,-3.42119582900793e-10,5.7211436323033e-10,5.64165121645523e-10,-3.04967584988097e-11,8.86121315263122e-10,-8.36380803207486e-10,2.64617414553493e-10,-2.25570916627352e-10,2.05007413094452e-10,3.82095976460918e-10,2.30744523278415e-10,8.02503003823346e-10,-5.04943280603833e-10,-2.52561581332009e-10,-4.32917624849801e-10,3.50917049176463e-10,3.796794970575e-10,1.14495548184422e-10,-2.50348920545347e-10,-3.01033473222807e-10,7.19131005096275e-10,7.2453425693755e-10,-8.87972553520995e-10,-8.93973559201702e-10,-1.51931160987147e-10,1.00206484557163e-10,4.45573682177171e-10,-3.93816798428356e-10,-1.11759179573847e-10,3.07216193606515e-11,7.14563471880529e-11,-6.26855418873036e-10,-2.24581063989479e-10,-8.67962867763889e-10,6.76967363652519e-11,2.47509891137455e-10,-5.18502256696799e-10,-2.86720468537338e-10,2.18625113946297e-10,1.98758464262503e-10,-7.03732632851093e-13,-2.10420568916296e-10,1.01805936359731e-10,-3.88317136118637e-10,-2.10192101051335e-10,5.07637064950029e-10,3.88648766850165e-10,-2.46964117727444e-10,-5.22099830702233e-11,-6.32451940574969e-11,4.13248127408579e-10,2.31571683911655e-10,3.6644128777482e-10,7.0645360500283e-10,1.954408874534e-10,-2.96954312753117e-10,5.20047073971135e-10,-3.09414116976737e-10,-4.79077157628883e-10,-6.18363332686572e-10,-3.18134935829375e-10,-1.88068099007183e-10,7.80776340543342e-10,-2.41254208997843e-10,4.38464924092718e-10,2.65650724342719e-10,3.1331958905987e-10,1.08006162174837e-09,2.22234842846443e-10,6.76855670239613e-11,5.35215747740212e-10,1.6931333111173e-09,-7.88178624048483e-10,-1.69691179311763e-10,5.25119952427389e-10,4.67730844849923e-10,7.82433031569572e-11,4.45656076513252e-11,2.96574773939189e-10,-4.47975617849222e-10,3.96543086549552e-10,3.25628628119941e-10,-7.85937775326263e-10,5.20946744021505e-10,-1.07546552466154e-09,-1.18857262138217e-10,-4.83857745016977e-10,-6.90709764788822e-10,3.33014927871716e-10,8.71940875360702e-10,-4.6144794501723e-11,2.28592442130257e-10,-8.29865161107697e-10,-6.73516329376974e-10,-6.94993901934694e-10,-3.80826092556538e-10,1.49615300659326e-10,6.90937286764764e-10,-1.3637755231601e-11,-2.44334891252154e-10,1.55428213123638e-10,3.9752757593512e-10,-3.19949323730576e-10,-3.02018043428729e-10,2.6265349571053e-11,-7.93273154515863e-10,1.41297047160208e-10,-5.41552544470893e-10,-1.78468378099023e-11,3.27642746649422e-10,-7.82368488380911e-10,6.44465646552516e-10,-3.50950494497579e-10,9.1158017874177e-12,-5.16320536355969e-11,6.36338794369106e-10,-4.46052213483882e-10,-1.3306074845089e-10,-3.6568946123198e-10,-2.86207676278634e-10,1.64473588850281e-10,6.53702434005135e-10,5.22914808432727e-10,-2.45159661898654e-10,-2.36390981733843e-10,5.61459322606946e-10,7.13673690167139e-10,-2.69407533992519e-10,-4.54245200350549e-10,-5.26621012711835e-10,7.27072965050106e-10,-5.04081424676757e-10,2.71221816992055e-10,-8.56959008196953e-11,4.25427179688989e-10,-3.57724808335266e-10,1.34497012663803e-10,-1.80795558188322e-11,1.45719878127541e-10,5.77394094787964e-10,-7.39072536787697e-10,2.56716917550423e-10,1.29256249513254e-11,2.9167563046435e-10,-3.53657245298997e-11,3.63858195213369e-10,7.05380049003104e-10,-3.82519202820413e-10,-6.7693049791791e-11,8.22578158811252e-11,-1.0143269558866e-09,2.29601336548702e-11,-2.39537569029363e-10,-2.50726540804043e-10,-5.81622047437561e-10,-1.00720441450411e-10,1.25973061462754e-10,1.46552522171796e-10,-4.70165698355848e-10,-3.6798873938718e-10,-1.17640112380376e-10,-3.27561802850072e-11,-2.74120005978058e-10,-6.78233618669036e-11,-7.56052791594179e-11,3.19484916196275e-10,1.090872992056e-10,-3.07478852659188e-11,4.41706152341054e-10,9.70007483807406e-10,4.79010558780813e-10,-5.15870580272301e-10,1.01738396624624e-09,-7.22890881921333e-10,2.06822526200374e-10,1.08930227632977e-10,3.33823650312721e-10,2.93702760407669e-10,-2.43057652351398e-10,-4.32016322806735e-10,8.54307525660742e-10,6.83388132422601e-10,3.45785664228146e-10,1.46507592215878e-11,-4.49762867486169e-10,6.36630643110811e-10,-4.90306469687609e-10,7.00670848057336e-10,-4.18352471769688e-10,4.43715490636842e-11,9.55041910073848e-11,4.14283623616284e-10,-6.67779153674365e-10,3.63318680936045e-10,1.72412048188892e-10,-2.1029086405611e-10,9.85941051965329e-12,3.44938071776253e-10,1.1192291037352e-10,-1.63837176031067e-10,6.67476675962607e-10,9.85580100766296e-10,8.11188569571307e-10,2.75515970246669e-10,3.49100616790622e-10,-5.76919228615585e-11,8.14652565913165e-11,-2.85418299490802e-10,4.3088581183517e-11,-8.63622460365794e-10,-3.77408560732576e-10,8.25008180263805e-10,7.84286007857646e-10,7.04283661348839e-10,-5.09406411479478e-10,9.75841449705946e-11,7.64149287097999e-11,1.06129144551137e-09,-3.08115909480105e-10,1.99418541380325e-10,6.91641913208385e-10,5.2690529192958e-11,-3.48991872922863e-10,1.16692765000921e-10,2.5251059387774e-10,2.68473047759213e-10,5.37638013780169e-10,-4.46114213534317e-10,2.21306985565574e-11,-1.61942261269448e-10,-8.62605554441346e-10,-9.5801066134796e-10,-3.82560286941792e-10,2.98426630844272e-10,5.63762851760718e-10,1.16625386060618e-09,-2.08866532773545e-10,8.46664535310009e-10,-8.51573582101208e-10,4.31676953585252e-10,4.31013578042019e-10,-1.98402928177808e-10,3.02653500999042e-10,6.52331008880648e-10,-3.29905372702753e-10,-4.6353873436871e-10,3.16961446533701e-10,-6.81988656048108e-10,5.09207151121934e-10,2.11612169651488e-10,3.53675865729871e-10,-5.28579145370446e-11,8.51981024162307e-10,-9.12840462772452e-10,-6.3172053834225e-10,4.21865690850316e-12,-3.99472930196349e-10,-2.14398432726003e-10,3.63231335005689e-10,1.10991899090314e-09,2.92307719088538e-11,4.20257459665164e-10,3.09009878624964e-10,-1.9011745591532e-10,3.9600640024825e-10,1.28371058826226e-10,-2.96139369897226e-10,1.49849217583015e-09,-5.39000609729564e-10,2.42509794387914e-10,6.24802238335991e-10,3.60089097293994e-10,2.43045520648146e-10,-1.15990176513835e-10,2.22931251044124e-10,-2.41856660213474e-10,-9.53005108472616e-10,3.67562509436405e-10,-8.72034278994778e-11,8.11983322979119e-11,-5.00249707578328e-10,6.72470733962743e-10,-2.12797347640115e-10,1.89729300132468e-10,-2.855103086063e-10,5.27591319954011e-10,-4.44275925846463e-10,-3.34851477944083e-10,7.25031195893044e-10,-1.18020112356803e-10,-4.68622348716145e-10,-8.03462870046309e-10,3.80082406893548e-10,-6.56511322305999e-10,9.00059639539676e-10,-8.42655722608675e-11,8.82227488278352e-11,3.8819067039853e-10,6.90295284757377e-10,-3.31176855014707e-11,-1.13652591567659e-09,-5.74530265423275e-11,-1.28571921363028e-10,5.67809798536154e-10,-1.37409399334978e-10,-6.67471340781808e-11,-8.0291733655017e-10,-3.42441854328872e-10,-1.94263762038013e-10,2.26053743509947e-10,9.44667377236815e-10,-4.74534311749383e-10,8.26370027923627e-11,1.95084592456768e-10,-1.54595833362561e-10,2.43651117152633e-10,-2.89396216652772e-11,-3.32279583433385e-10,-1.98501661971117e-10,1.65412754217769e-10,5.73923700135293e-10,4.76392994042364e-10,-4.77262496063483e-10,5.50966820602522e-10,1.94690715184045e-10,-1.28168560324595e-10,-3.54003074501462e-10,-1.24816967954533e-10,2.22095454164467e-10,-2.32563532012961e-10,-5.45820184313147e-10,-5.03522017034778e-10,-3.81118160873737e-10,-1.36881642265566e-09,-1.73216486245981e-10,2.94145533219445e-10,7.78343331578707e-10,6.052755529739e-10,-9.08076099128699e-11,2.35632518311408e-10,-3.84549829906383e-10,3.27040261122405e-10,1.68271392529739e-10,-2.0883856095519e-10,-3.41781983960564e-10,4.67071007219623e-10,2.97437028197973e-11,-9.8202930497682e-10,5.43009431296152e-11,-3.08518903554584e-10,-2.13580090213189e-10,-3.57734215977175e-10,7.40366346910446e-12,5.34374783897727e-10,3.26709983261262e-10,2.49842602069012e-10,-4.38888025236906e-10,5.50578228036282e-10,-1.27062822401644e-10,-8.24793146732474e-10,3.43067412275643e-10,-1.19430970751951e-09,7.03407528662504e-11,3.27707802815737e-10,-3.60292534608594e-10,9.27566290212435e-10,4.39356191825e-10,1.22315950521916e-09,-2.29535902108921e-10,-1.05598175398106e-10,4.98392295210079e-10,-2.26224156092054e-10,-3.70227995602947e-10,5.47750465133792e-10,1.58627339055853e-11,-2.36795172582972e-10,-9.92595322812032e-10,4.17329271071799e-10,-5.33420332171808e-10,1.22488090518347e-09,3.49584437962168e-10,8.30317360463599e-11,-1.10984551048624e-09,-8.69817943356872e-10,-1.78171460748099e-12,4.79152350739668e-10,-1.31962808591234e-10,8.47203353551938e-10,1.55198776812391e-10,-7.33780181371202e-10,3.99701248225373e-10,6.15072026937581e-10,-2.38553713974444e-10,-1.90510063113859e-10,-1.96669531027074e-10,1.20674668428286e-09,1.01139841226751e-09,3.15205510110854e-10,-2.03306418277909e-10,-2.66135762900637e-10,-3.30490804014843e-10,2.44460931690977e-10,-1.40379286437283e-09,1.39449646141579e-12,-4.76409730849317e-10,-3.79694663430989e-10,-4.12024923576638e-10,5.71858625729664e-10,8.60993249941543e-10,-3.18538075734939e-10,3.13667262897325e-10,-1.12496663854435e-09,6.02065227926075e-10,5.30838557542426e-11,6.62524592879587e-10,2.05352026388475e-10,2.92898404399908e-10,4.00296631476672e-10,9.30007141042293e-10,3.65930792748187e-10,8.76169858829242e-10,4.06514428740571e-10,-6.76602009683655e-11,-3.84673886173805e-10,-8.54759689248793e-10,-3.61444883992606e-10,4.18026233861474e-10,-3.55156257406309e-10,1.97003637159206e-10,-3.19646309420584e-10,7.49979757765528e-10,1.66710958096587e-10,4.43554413459423e-10,-8.33119410715644e-10,2.65865506336676e-10,-1.23064970666126e-10,9.76555545645389e-12,6.0872584941819e-10,-3.3630274650921e-10,-3.04356416530542e-10,8.70979516594724e-10,9.16123289087078e-10,-4.15983260986075e-10,-3.23029866208262e-10,2.88226460400596e-10,-1.30968225966573e-10,2.3362066883945e-10,-7.20540825310742e-11,-7.86084250899316e-10,-4.47888764464369e-11,-9.75423917160875e-10,2.26102666252754e-10,5.17137808279473e-10,1.78135261845641e-10,-2.16771314442589e-11,1.50055389986516e-10,-3.25761884602009e-10,-3.18540385621437e-10,-5.02166657992216e-10,2.70231963458267e-11,8.3842001130557e-10,9.96174553452169e-11,6.20447107030634e-10,-2.99138115669426e-11,-1.35736465018711e-10,-3.80270130065948e-11,-1.05765195511372e-10,2.49674211519148e-10,-2.30088398679012e-10,-5.82472239638974e-10,2.33889941352716e-10,3.90961845268897e-10,1.85516637054217e-10,-4.4036633872073e-10,-1.51658490751469e-10,-4.02239313028519e-10,-4.31354168993876e-10,-3.38197673864659e-10,-5.47981644949145e-10,9.3219045478113e-11,-5.17176661402522e-13,6.16021613566014e-10,1.35263003060343e-09,1.5670616880226e-10,-6.33055637771247e-10,-5.44961673149905e-10,-1.77715180756982e-11,3.46533248110738e-10,6.28581292296538e-10,-1.52849212986473e-10,1.20128476036038e-09,6.14330965845409e-10,1.20651264821555e-10,3.00415218879559e-10,-4.80455399678992e-10,-1.91854170251324e-10,4.97494516361277e-10,-7.63462915657134e-10,-2.16513888899969e-10,-2.76067030431986e-10,1.62647860184845e-10,3.156976666866e-10,-4.51939141618131e-10,-1.57230154902614e-10,3.65397701664581e-10,-3.34806089814718e-10,2.37011407383717e-10,-4.60645352288239e-10,-4.75769237087974e-10,-1.09953451276185e-11,-3.53454029941314e-10,-7.77870732926825e-10,2.66962984665398e-10,-2.67629426716026e-10,1.12074965989619e-09,3.73169221157482e-10,-2.15786433367311e-10,9.11500777135302e-10,-7.39765962374871e-10,1.83448466693865e-09,2.00861411179821e-10,-3.20203069291847e-10,-1.7193361210501e-10,1.21918174469997e-09,5.79622918659989e-10,2.93974857421061e-10,6.56414644870529e-11,3.11732165350366e-10,-2.55097375491606e-10,-7.66415589300149e-11,2.96908713687805e-11,-2.80704209968043e-10,-5.21113456998332e-10,2.60847750677213e-10,3.48536246308878e-10,-8.89534544136568e-10,3.94738536367209e-10,5.02734859981385e-10,2.99202692318234e-10,-1.05819004786249e-09,8.14678560536045e-10,5.52015513486392e-10,-4.51281540612331e-10,-3.51779744935101e-10,6.10397476927808e-10,2.45667838396322e-10,-3.91597182242171e-10,-3.12660037526288e-10,-7.52864496478881e-10,-2.58582966997788e-11,-1.39137329588401e-10,1.59964672822085e-10,-4.57620773491561e-10,-6.34985137226745e-10,9.06698977034157e-10,1.3721527569232e-09,3.67961384947042e-10,-5.01097329067592e-10,-1.04159503360959e-10,5.79081575687879e-10,2.72047402207396e-10,2.20389704945558e-10,1.76929781994985e-10,-5.77913424842329e-10,-1.72414781392566e-10,-2.9700728539787e-10,8.34518816705713e-11,-9.21620364415413e-10,4.89496671455939e-10,-2.23427151174877e-10,4.77701644325544e-10,-1.15519352065303e-09,-2.51261155120112e-10,5.76478756823148e-10,3.1032236661787e-10,1.07410551063312e-10,2.24077484752513e-11,1.82476398173237e-10,1.93424042413256e-10,5.17725136160764e-10,-4.83405572683619e-10,3.18562373210698e-10,-6.26414031327268e-10,9.97148802787072e-11,8.01778803692056e-12,2.12245833350225e-10,-6.47605887535974e-10,-2.38187243417809e-10,-3.43681350957357e-10,-2.4870531690293e-10,4.58300688666105e-10,-7.12838410254257e-10,-3.63323299692353e-10,-1.39062230451627e-10,9.89828681771477e-11,5.76220332317032e-10,2.42338078228283e-10,-2.51166401080352e-10,7.63218107350565e-11,1.09373366875634e-10,5.68812573153028e-10,4.28631373177959e-10,-1.51846991042423e-10,5.78403729321546e-10,1.72145866307657e-12,6.88275225844974e-10,2.25654227024743e-11,6.82366489444184e-10,-1.26490293084096e-09,-2.19317573263267e-10,2.57889457592028e-10,1.18869994033605e-10,2.86758728451008e-10,-4.46291991427126e-10,2.0625782445184e-10,-1.54131952959401e-10,-2.78419420002195e-10,-8.74375480393905e-10,-8.3887741249046e-10,6.50371410999597e-10,-7.71126748791341e-10,-4.03829463970158e-10,-3.03426436383547e-10,5.34420540287295e-10,-9.79293219913376e-10,4.42725434673096e-10,-5.31524803685406e-10,-5.17136969130232e-10,6.44913450324026e-10,-2.59765428741377e-10,-4.99344011586777e-10,3.93370620788878e-10,-1.40982909438371e-11,1.04544841249966e-10,-2.65020940786647e-10,-2.57473195236856e-10,-1.69047853401148e-10,-6.07746622165514e-10,6.98186093166592e-10,9.08991044569148e-10,2.84878487080946e-11,5.30344911086848e-10,-5.54539682309744e-10,-9.806126298619e-10,2.70022459864668e-10,-3.37946476675664e-10,-2.0167315085359e-10,6.1847811577887e-10,2.13239829403786e-10,-9.23018649195604e-11,1.05557397663458e-09,7.17110170147596e-11,8.05019950823455e-10,-4.09745334462847e-10,-3.52028068220042e-10,-9.88654750575404e-10,-4.91025139709226e-10,-9.62621313600813e-11,-8.66286315065377e-10,7.99246830321669e-10,2.0581624063247e-10,4.25892614909249e-10,5.58616629161552e-10,4.63822783140696e-10,-1.02088594161301e-10,5.16417968173395e-10,-4.97517724378102e-10,-9.62005275215373e-10,3.22693974623879e-10,-5.5249520581025e-10,5.28555656151499e-10,8.46085084414707e-11,1.61654139829511e-10,-8.11163087414055e-10,5.82451629171009e-11,-6.81529145501369e-10,8.9259324642415e-11,1.2823604353195e-10,-4.92930475644997e-10,-5.9122170251483e-10,1.28017616797063e-10,-3.03223066107795e-10,2.23049838183537e-10,-2.68184121286406e-11,2.06592049800243e-10,-2.41783928311318e-10,-8.08498748210207e-10,-4.39948632372342e-10,3.55290453047992e-10,3.64459856205611e-11,-4.83687595498839e-10,1.89481294332947e-11,-7.99400905744963e-10,6.2930857372647e-10,-2.96790650878806e-10,8.02904212945771e-10,-7.04062597820003e-10,-2.90785643114255e-10,7.28577267610225e-10,4.10599220817931e-10,7.72772091057413e-10,-9.30056812725202e-10,-4.71510745073805e-10,5.07262718002872e-10,1.84742435789388e-10,1.8884747423307e-10,-4.51651351379347e-10,2.64137591286623e-10,2.45307652628768e-10,-7.52347146050242e-10,-1.40912562254953e-09,-3.48846226958221e-10,-4.0977034194143e-10,-2.80024671368002e-10,1.72128314310604e-11,-4.37940170176065e-10,-5.30479399003224e-10,6.4638282073702e-10,-2.68846252051915e-10,-5.15420609136291e-10,-5.34393028633955e-10,-1.92009294969754e-10,-5.34994686143825e-11,3.34623423628147e-10,-1.98118725827662e-10,4.06980584782648e-10,-7.15173709416785e-10,1.12661564592456e-10,-6.02748155848227e-10,-3.89230033994406e-10,3.89931228365241e-10,-5.94404243651959e-10,-5.25845131578057e-10,-4.4152727408152e-11,1.01180873302111e-09,-8.07537333510188e-10,-7.7054164185519e-10,-3.42295624154549e-10,-2.01641648014879e-10,-2.51584737683055e-10,-3.63744757427317e-10,-1.16771516246261e-09,-7.12841928015774e-10,-9.11590507248826e-10,1.09891274677132e-09,1.20849840598722e-10,-6.6382381674762e-10,-4.52989188669944e-10,1.67695424775534e-10,3.76099184230427e-11,-4.94191591355957e-10,-8.89004003227336e-10,-7.08395028203818e-10,3.41051184122e-10,4.7758033455465e-10,-9.05837640107113e-10,-8.35191335424273e-10,-4.40604215455068e-10,-5.76119360764807e-10,-7.96269051953232e-10,-3.98309185342623e-10,-6.52420333681155e-10,-3.16013399359911e-10,-4.51285944253893e-10,-6.96965924508054e-10,-6.38551295100418e-10,-1.08329323777465e-09,-1.20211675023973e-09,-9.43036065263072e-10,-1.02692829730384e-09,-1.30253041720172e-09,1.79632543934447e-11,-5.04873258342168e-10,-5.73775539354777e-10,-3.00481672618804e-10,-1.06614627179124e-09,-1.35289253886216e-10,-6.97559941942013e-10,-1.24046093461151e-09,1.43327930283263e-10,-8.13654751865637e-11,-7.00877653643404e-10,-6.01373823316928e-10,1.10625363090209e-10,-9.62242711238895e-10,-1.16110288409996e-09,4.85339823462857e-10,-1.14243396263351e-09,-6.50659478004482e-11,1.14275210238513e-10,3.96680256884923e-10,-8.78642306267589e-11,7.21887398610016e-10,-2.90554173777382e-11,5.95130229266358e-10,8.0530311688651e-10,1.12676788187382e-09,8.57408336786605e-10,1.23117035037808e-09,2.07781831557547e-09,3.7590230359898e-09,4.8545017816169e-09,4.75309564903087e-09,5.52404462899073e-09,7.21399890886082e-09
