v,0.25
Patm,100000
g,9.81
r,500
G,10^11.45
rho,2500
mu,10^2.91
rc,28
 
M,10^5.88
sigma,0.5
 
tilt_erupt,1.9853nrad
 
-1143,-1142,-1141,-1140,-1139,-1138,-1137,-1136,-1135,-1134,-1133,-1132,-1131,-1130,-1129,-1128,-1127,-1126,-1125,-1124,-1123,-1122,-1121,-1120,-1119,-1118,-1117,-1116,-1115,-1114,-1113,-1112,-1111,-1110,-1109,-1108,-1107,-1106,-1105,-1104,-1103,-1102,-1101,-1100,-1099,-1098,-1097,-1096,-1095,-1094,-1093,-1092,-1091,-1090,-1089,-1088,-1087,-1086,-1085,-1084,-1083,-1082,-1081,-1080,-1079,-1078,-1077,-1076,-1075,-1074,-1073,-1072,-1071,-1070,-1069,-1068,-1067,-1066,-1065,-1064,-1063,-1062,-1061,-1060,-1059,-1058,-1057,-1056,-1055,-1054,-1053,-1052,-1051,-1050,-1049,-1048,-1047,-1046,-1045,-1044,-1043,-1042,-1041,-1040,-1039,-1038,-1037,-1036,-1035,-1034,-1033,-1032,-1031,-1030,-1029,-1028,-1027,-1026,-1025,-1024,-1023,-1022,-1021,-1020,-1019,-1018,-1017,-1016,-1015,-1014,-1013,-1012,-1011,-1010,-1009,-1008,-1007,-1006,-1005,-1004,-1003,-1002,-1001,-1000,-999,-998,-997,-996,-995,-994,-993,-992,-991,-990,-989,-988,-987,-986,-985,-984,-983,-982,-981,-980,-979,-978,-977,-976,-975,-974,-973,-972,-971,-970,-969,-968,-967,-966,-965,-964,-963,-962,-961,-960,-959,-958,-957,-956,-955,-954,-953,-952,-951,-950,-949,-948,-947,-946,-945,-944,-943,-942,-941,-940,-939,-938,-937,-936,-935,-934,-933,-932,-931,-930,-929,-928,-927,-926,-925,-924,-923,-922,-921,-920,-919,-918,-917,-916,-915,-914,-913,-912,-911,-910,-909,-908,-907,-906,-905,-904,-903,-902,-901,-900,-899,-898,-897,-896,-895,-894,-893,-892,-891,-890,-889,-888,-887,-886,-885,-884,-883,-882,-881,-880,-879,-878,-877,-876,-875,-874,-873,-872,-871,-870,-869,-868,-867,-866,-865,-864,-863,-862,-861,-860,-859,-858,-857,-856,-855,-854,-853,-852,-851,-850,-849,-848,-847,-846,-845,-844,-843,-842,-841,-840,-839,-838,-837,-836,-835,-834,-833,-832,-831,-830,-829,-828,-827,-826,-825,-824,-823,-822,-821,-820,-819,-818,-817,-816,-815,-814,-813,-812,-811,-810,-809,-808,-807,-806,-805,-804,-803,-802,-801,-800,-799,-798,-797,-796,-795,-794,-793,-792,-791,-790,-789,-788,-787,-786,-785,-784,-783,-782,-781,-780,-779,-778,-777,-776,-775,-774,-773,-772,-771,-770,-769,-768,-767,-766,-765,-764,-763,-762,-761,-760,-759,-758,-757,-756,-755,-754,-753,-752,-751,-750,-749,-748,-747,-746,-745,-744,-743,-742,-741,-740,-739,-738,-737,-736,-735,-734,-733,-732,-731,-730,-729,-728,-727,-726,-725,-724,-723,-722,-721,-720,-719,-718,-717,-716,-715,-714,-713,-712,-711,-710,-709,-708,-707,-706,-705,-704,-703,-702,-701,-700,-699,-698,-697,-696,-695,-694,-693,-692,-691,-690,-689,-688,-687,-686,-685,-684,-683,-682,-681,-680,-679,-678,-677,-676,-675,-674,-673,-672,-671,-670,-669,-668,-667,-666,-665,-664,-663,-662,-661,-660,-659,-658,-657,-656,-655,-654,-653,-652,-651,-650,-649,-648,-647,-646,-645,-644,-643,-642,-641,-640,-639,-638,-637,-636,-635,-634,-633,-632,-631,-630,-629,-628,-627,-626,-625,-624,-623,-622,-621,-620,-619,-618,-617,-616,-615,-614,-613,-612,-611,-610,-609,-608,-607,-606,-605,-604,-603,-602,-601,-600,-599,-598,-597,-596,-595,-594,-593,-592,-591,-590,-589,-588,-587,-586,-585,-584,-583,-582,-581,-580,-579,-578,-577,-576,-575,-574,-573,-572,-571,-570,-569,-568,-567,-566,-565,-564,-563,-562,-561,-560,-559,-558,-557,-556,-555,-554,-553,-552,-551,-550,-549,-548,-547,-546,-545,-544,-543,-542,-541,-540,-539,-538,-537,-536,-535,-534,-533,-532,-531,-530,-529,-528,-527,-526,-525,-524,-523,-522,-521,-520,-519,-518,-517,-516,-515,-514,-513,-512,-511,-510,-509,-508,-507,-506,-505,-504,-503,-502,-501,-500,-499,-498,-497,-496,-495,-494,-493,-492,-491,-490,-489,-488,-487,-486,-485,-484,-483,-482,-481,-480,-479,-478,-477,-476,-475,-474,-473,-472,-471,-470,-469,-468,-467,-466,-465,-464,-463,-462,-461,-460,-459,-458,-457,-456,-455,-454,-453,-452,-451,-450,-449,-448,-447,-446,-445,-444,-443,-442,-441,-440,-439,-438,-437,-436,-435,-434,-433,-432,-431,-430,-429,-428,-427,-426,-425,-424,-423,-422,-421,-420,-419,-418,-417,-416,-415,-414,-413,-412,-411,-410,-409,-408,-407,-406,-405,-404,-403,-402,-401,-400,-399,-398,-397,-396,-395,-394,-393,-392,-391,-390,-389,-388,-387,-386,-385,-384,-383,-382,-381,-380,-379,-378,-377,-376,-375,-374,-373,-372,-371,-370,-369,-368,-367,-366,-365,-364,-363,-362,-361,-360,-359,-358,-357,-356,-355,-354,-353,-352,-351,-350,-349,-348,-347,-346,-345,-344,-343,-342,-341,-340,-339,-338,-337,-336,-335,-334,-333,-332,-331,-330,-329,-328,-327,-326,-325,-324,-323,-322,-321,-320,-319,-318,-317,-316,-315,-314,-313,-312,-311,-310,-309,-308,-307,-306,-305,-304,-303,-302,-301,-300,-299,-298,-297,-296,-295,-294,-293,-292,-291,-290,-289,-288,-287,-286,-285,-284,-283,-282,-281,-280,-279,-278,-277,-276,-275,-274,-273,-272,-271,-270,-269,-268,-267,-266,-265,-264,-263,-262,-261,-260,-259,-258,-257,-256,-255,-254,-253,-252,-251,-250,-249,-248,-247,-246,-245,-244,-243,-242,-241,-240,-239,-238,-237,-236,-235,-234,-233,-232,-231,-230,-229,-228,-227,-226,-225,-224,-223,-222,-221,-220,-219,-218,-217,-216,-215,-214,-213,-212,-211,-210,-209,-208,-207,-206,-205,-204,-203,-202,-201,-200,-199,-198,-197,-196,-195,-194,-193,-192,-191,-190,-189,-188,-187,-186,-185,-184,-183,-182,-181,-180,-179,-178,-177,-176,-175,-174,-173,-172,-171,-170,-169,-168,-167,-166,-165,-164,-163,-162,-161,-160,-159,-158,-157,-156,-155,-154,-153,-152,-151,-150,-149,-148,-147,-146,-145,-144,-143,-142,-141,-140,-139,-138,-137,-136,-135,-134,-133,-132,-131,-130,-129,-128,-127,-126,-125,-124,-123,-122,-121,-120,-119,-118,-117,-116,-115,-114,-113,-112,-111,-110,-109,-108,-107,-106,-105,-104,-103,-102,-101,-100,-99,-98,-97,-96,-95,-94,-93,-92,-91,-90,-89,-88,-87,-86,-85,-84,-83,-82,-81,-80,-79,-78,-77,-76,-75,-74,-73,-72,-71,-70,-69,-68,-67,-66,-65,-64,-63,-62,-61,-60,-59,-58,-57,-56,-55,-54,-53,-52,-51,-50,-49,-48,-47,-46,-45,-44,-43,-42,-41,-40,-39,-38,-37,-36,-35,-34,-33,-32,-31,-30,-29,-28,-27,-26,-25,-24,-23,-22,-21,-20,-19,-18,-17,-17,-16,-15,-14,-13,-12,-11,-10,-9,-8,-7,-6,-5,-4,-3,-2,-1,0
6.18181506788733e-10,5.53966370937415e-10,1.8333876269816e-10,-3.47681147816672e-10,-5.42483462303402e-10,6.09669140901343e-11,1.6785548746104e-10,-9.37658196303527e-10,-1.51952050950941e-10,3.27995287982844e-10,-3.26148946695881e-10,-2.50539104850675e-10,2.5044142571142e-10,-4.4401758880875e-10,3.5442593861002e-10,-3.16447310482704e-10,4.592232873272e-10,-2.3240481742932e-10,2.55979228224044e-10,1.84282195559419e-10,-2.08181249634146e-10,-1.14417982854472e-09,-3.02602583066622e-10,-1.13670508534619e-10,1.49393671528958e-10,-2.16482578339129e-11,-2.45066933325333e-10,-4.93664449800581e-11,-4.25595636982154e-11,-8.23818812899095e-11,4.3255948586338e-10,5.01730643683367e-10,5.78812391847411e-11,6.45696595363165e-10,4.26673204606031e-10,7.15394710775701e-10,-2.04865033587477e-10,-5.95146590634115e-10,5.91262614231504e-10,-8.82666537017001e-10,3.30236179950475e-10,8.33951281938157e-10,6.64429863645412e-10,-5.26886498818767e-10,2.30513011242553e-10,-1.79120304442047e-10,-2.6572394602834e-10,1.99169405019597e-10,-6.72808888490932e-10,6.00207135239479e-10,-8.11337668511923e-10,-6.95207075371693e-10,2.13107789279629e-12,-1.86898667815713e-10,1.40872075250819e-09,-2.93945285136961e-10,2.20444526697341e-10,1.08814243405761e-09,-1.52301368502871e-10,5.26624595708495e-10,6.91707492554943e-11,2.06600919358377e-10,-2.13610320931847e-10,-1.11822549966368e-09,6.06853140057062e-10,-2.22589393661715e-10,-5.77271205772528e-10,-8.2436331276495e-11,9.40881432533047e-11,-6.44646623351821e-10,-1.3056820684846e-10,-1.7544503192474e-10,3.19141034927406e-10,-1.02582719158227e-09,-8.67457001500588e-10,-1.27116013275058e-10,-5.29168820517225e-11,-2.30986180619071e-11,-7.71560585260948e-10,-6.05219893581288e-10,-2.9212792160676e-10,-3.21334194265648e-11,8.12929379557392e-11,-8.19216308373504e-10,4.97541919595912e-10,1.0635776287975e-10,4.92279274586125e-11,3.93255700768334e-10,7.15947264783327e-10,-2.18479492083528e-10,4.18932425755871e-10,-4.55765298652949e-10,6.25125870616944e-11,8.45114097780816e-10,-1.49962291904291e-10,3.94563494212983e-10,7.32506934995663e-10,-9.75576638336736e-10,-1.03688482461987e-09,8.89602659670771e-10,2.44113594962486e-10,-8.92015615274522e-11,-7.6462369358253e-10,6.65853737301273e-10,9.19144996598491e-11,-6.4459824430863e-10,-3.91879549714021e-11,3.57167528054141e-11,3.82366012004847e-10,8.13372003623472e-11,-8.56499866208828e-11,-3.49370291561418e-10,2.0061257359691e-10,-3.63639265964389e-10,4.91503886745506e-10,2.33257391145441e-10,-3.00963714893957e-10,-2.46134255157575e-10,7.64362409330768e-10,6.54611179009428e-11,-1.21994698324608e-10,-1.65180531040158e-10,1.36701876168638e-10,1.25262124557342e-10,1.4247839714571e-10,-5.75164036053755e-10,5.54552771033693e-10,2.33174355442122e-10,4.10200041971194e-10,-7.71656884732242e-10,-7.44733660799311e-10,-2.48068953962809e-10,-2.52067766726776e-10,5.30778162209285e-10,6.31681582304048e-10,-1.34310350079529e-10,-9.86630026013344e-10,-1.63383365794985e-10,6.20429757678195e-10,1.3261987615763e-10,-1.80439386479291e-10,6.46863275281017e-10,5.29368731012953e-10,-9.76899241467076e-10,3.73264258469801e-10,-1.75923414080169e-10,2.43894192295706e-11,-1.9009837700624e-11,5.09285232052152e-10,-6.91821730336814e-10,1.21746999308158e-10,-7.25735479443341e-11,8.91633665366312e-12,-3.38886003952499e-13,-3.19992265317596e-10,6.26215193198144e-10,1.94192242737659e-10,5.12495493500694e-10,-8.37455360322301e-11,6.78036429613391e-10,-1.10955323986997e-10,-3.85967511564844e-10,7.15442119257266e-11,-3.04926177245688e-10,-4.05269015622057e-10,-3.04544529740747e-10,-2.11350842995687e-10,1.90587051952836e-11,4.54555646640649e-11,8.49293958393857e-10,-7.3729266646398e-10,7.99306847001985e-10,-5.9211637818041e-10,-2.29764080416244e-10,2.67299434653076e-10,9.58279340658762e-10,-7.7168928951528e-10,8.44975431824415e-10,6.83540386751316e-11,-3.71933410178425e-10,-2.35195255957528e-10,-1.9029187523406e-10,-3.60078942890566e-10,-6.86474697268114e-10,5.22638554567156e-11,2.41164844048336e-11,-7.76243515020822e-11,-2.88632026547221e-11,-4.55980841348996e-10,6.45072893903304e-10,2.48901583942629e-10,-5.34441682437438e-10,2.81012694601015e-10,1.4407383259445e-10,2.87997603692707e-10,3.46071078167114e-10,-3.38624255468325e-10,-6.3535693639411e-10,4.24888440104386e-10,-8.97828707889399e-10,-2.16644981408944e-10,5.66668863349993e-10,-4.17096338092087e-10,-6.27893982590701e-10,-5.74109288541032e-10,-2.35672943935367e-10,5.96533979389628e-10,-2.10454145698271e-10,1.15909184564131e-10,-6.14367666287405e-10,3.46027817593984e-10,-6.29604792131803e-10,-3.7033565323161e-10,3.74102807190901e-10,-5.51019178119337e-10,5.30240840729624e-10,2.43941375295167e-10,6.01304567981511e-10,6.21301884714259e-10,3.20967433463164e-10,-1.42749302862654e-09,-2.27461747804046e-10,-4.09901624678763e-10,-1.14824662037833e-09,4.10336601865964e-10,-5.03060001301792e-12,1.73330772775306e-10,-1.20893574607586e-09,4.32265064205668e-10,-4.07791092688914e-10,6.83164339334592e-10,3.05090768439894e-10,4.48280685955532e-10,5.793888575175e-10,-1.99506737084025e-10,-5.81699921365827e-10,-3.45691304820744e-10,4.87779850106668e-10,4.49089598487357e-10,2.15321689475136e-10,6.39079751411632e-10,2.90434756869666e-12,6.25932690549106e-11,1.90568013563126e-10,-8.72427059937863e-10,-2.5765024996827e-10,5.33516689142231e-10,2.81598945224676e-10,6.16482260131186e-10,-7.61559187765451e-10,5.19790134958226e-10,-6.56592406337678e-10,-2.40016460681581e-10,-3.4941857095159e-10,-5.916445116432e-10,6.25344301226246e-10,-6.67331261183229e-10,-6.46180603168752e-10,-3.37533270745328e-10,-5.00569528339213e-10,-1.12890439904519e-10,5.42377041840586e-10,-8.07652825948061e-10,1.02691586921124e-09,6.92043488317247e-10,9.34722940721388e-11,-1.33812458232285e-10,-3.81364520723141e-10,-1.29607462513199e-09,1.57901241824394e-10,2.93172903224073e-10,2.63465225179625e-10,-1.92481632318653e-10,1.83731773851548e-10,-3.34211018182858e-10,3.00626469810058e-10,4.37061738887004e-10,-2.78095440494068e-10,-1.76605488985044e-10,4.80514378752064e-10,4.45719455545777e-10,-5.97093240043222e-10,3.04248845483686e-10,-1.01231431257826e-09,-8.03174467322723e-11,7.00137088804937e-10,1.26914072019341e-10,-5.00229286149726e-10,-8.08814849320933e-10,-4.5182872465251e-10,2.9663678570719e-10,5.20442348908481e-11,-7.96902980377918e-10,8.34053030648895e-10,2.86745865558488e-10,1.16065911803941e-11,9.83561650402167e-10,-2.54133025053718e-10,7.38577373338572e-10,-6.53796115640318e-10,-3.55459887346666e-10,-2.29332814640579e-12,-2.0458252565182e-11,-4.08095655821003e-10,1.85678017994931e-10,7.93496053341986e-10,2.19081034174226e-10,-9.08769159551451e-11,-3.62585373661535e-10,-4.9381823402146e-11,-6.66977763052725e-10,1.29470513017986e-10,-1.17224712816495e-10,4.33469030473989e-10,-2.16051419111403e-10,-3.82628901067072e-10,6.52303216785755e-10,2.75405987959417e-10,1.83873458921159e-11,-2.86077471062581e-10,5.0588619696209e-10,4.42712712266762e-10,-1.51824394026809e-10,-2.90687341043429e-10,2.95854601605748e-10,1.62578507346257e-10,7.21601101975339e-11,1.20831415129538e-09,5.3925360021625e-10,9.03713377495209e-10,-3.48543978188768e-10,2.66310606011179e-10,1.09877274103912e-09,6.64605287744185e-10,3.90541268091396e-10,-1.07778036634454e-09,-3.89346170703366e-10,3.02583303852432e-10,-3.00413776553599e-10,4.70756011897033e-11,-9.63544828169239e-10,1.33322486414954e-11,4.26590284098846e-10,1.41675475253714e-10,-3.09677697107171e-10,-5.53943197387119e-10,-4.60360145694095e-10,-2.28285977308461e-10,-5.23753375533564e-10,2.22039107855399e-11,-9.28120968966061e-10,-8.12940654337423e-10,-2.02502693953163e-11,-4.26613260068432e-10,-2.80226125506344e-10,-3.99957134856634e-10,-7.06501498190212e-10,9.47793347715873e-11,1.80638323514592e-10,3.87735385368562e-10,-1.67752988787292e-10,2.57161605885994e-10,5.27899525238688e-10,3.02565030385434e-10,-3.63471098536978e-10,8.2283263536747e-10,8.01427988927301e-10,-4.71002874432445e-10,4.77225092543741e-10,1.28355550161192e-10,6.04864533998597e-10,3.69023398970105e-10,1.34068997922082e-09,1.05606168900268e-09,9.6344278818703e-11,-9.21714669316008e-11,1.77105925097399e-11,-6.20817232321769e-10,5.39673926407142e-10,-1.72933124586141e-12,2.38549466985246e-10,1.45223309908885e-09,3.91970619180761e-10,-1.70891087300468e-10,2.23890453981518e-10,7.10961207477147e-10,7.21015666665457e-10,-8.49629170134955e-10,-1.3579525546704e-10,-5.45139252666304e-10,2.20491072135488e-10,-5.08031624350405e-10,-6.31925410348377e-11,-3.68957153548006e-10,-4.69465988507039e-10,-6.92550864982842e-11,1.35717722943638e-10,4.91458120932249e-10,3.19066908789975e-10,7.14759442546607e-10,-2.98120995503072e-10,-5.95937637145312e-10,-9.37760371132932e-11,-2.86401847443476e-10,-6.93572978355763e-10,-2.28407134696793e-10,-3.77162366747258e-12,2.88543717043473e-10,1.19324655181744e-10,3.37932803209493e-13,1.07359260808093e-10,8.06467061801775e-10,-6.07633641015268e-10,-5.58116266876524e-10,2.77336965397542e-10,-3.57673415952007e-10,-4.33292134770966e-10,-3.16265199752012e-11,-1.89298500465634e-11,4.01290842129931e-10,2.19635853742073e-10,1.2555113638264e-10,-6.04073419099513e-10,5.15174579135633e-10,7.09594676220426e-11,-1.14690916278545e-09,6.98938097686866e-10,-2.64716261212137e-10,2.76380330781859e-11,1.23206379329259e-10,6.10940564249275e-10,3.44352620827987e-10,-8.35853095914156e-10,-3.98781055141193e-10,4.82042570096598e-10,-5.69602989454264e-10,2.02983519403064e-10,5.73736990894782e-10,-6.72604683018194e-10,1.22163652986985e-10,8.05602035055184e-10,-5.21740222410609e-10,-2.19020061901231e-10,3.65984640903407e-10,9.55575373840882e-10,-7.89802662264974e-10,1.08072082306602e-09,4.05215523358249e-11,-5.05903719138264e-10,9.47495852895967e-11,-4.07811852956944e-10,3.90909936374465e-10,5.35045158092453e-10,8.88260881936292e-10,-2.36723733887689e-10,-1.05524057088229e-09,1.13362128861839e-10,-1.63021278321435e-10,-1.68271322133042e-10,-3.67937179840268e-10,-6.51402122556232e-10,-1.98658010351246e-11,4.32758955365101e-10,2.68327145235869e-10,9.2603998945026e-10,1.16433948879151e-10,4.25593933518454e-11,1.28149124858191e-10,1.54547740195101e-10,-2.88122439079965e-10,-4.90887996303645e-10,2.56231512424311e-10,-1.90146104195861e-10,2.70886405471211e-10,5.26895523325359e-10,-7.48503699085147e-11,-6.75181765481904e-10,-4.32233255729864e-10,4.26673572999733e-10,-6.7339070192651e-10,-4.6423167686769e-10,4.37925456635486e-10,-4.00892098710939e-10,-9.49918938235109e-11,5.95143137744901e-10,-2.27514004635866e-10,-6.3212587089021e-10,-2.18491064932327e-10,2.56641841289054e-10,3.25290327727576e-10,-1.39879468699142e-10,-3.32669182116531e-10,4.4957521879007e-10,-3.29302003529073e-10,-1.89328490041279e-10,-7.51885086424401e-10,-3.13338391338131e-10,3.91712082369888e-10,2.65025806378533e-10,-8.42214872766329e-10,3.7034145982785e-10,-5.36199267778588e-10,5.4122088231369e-10,6.06911009140238e-10,4.83337607248297e-10,-9.26653919744439e-10,-1.46386745220793e-10,4.17758325378042e-11,-1.42745379208116e-10,-9.25120015310771e-11,8.82319942417253e-11,-1.35041066965323e-10,3.56670633820782e-10,-1.25526455271518e-10,1.53103705202832e-10,5.28198551543575e-10,1.07800822360015e-10,1.65876679825844e-11,-6.71848841488176e-11,1.16852652166507e-10,6.4552482809593e-10,-1.94923381505959e-10,2.4316107713112e-10,4.13160808631507e-10,-3.28781980394466e-10,-1.04911625117312e-09,-8.5405703139606e-10,6.66859417834066e-10,-6.3706399883448e-10,-2.08453363543735e-10,-4.20440458867723e-10,-4.15555529234334e-10,1.89798582794351e-10,-6.65632319451539e-10,3.98227583053732e-10,2.94874068085305e-11,2.0670436740968e-10,-1.42092888602297e-10,-1.53628318702865e-10,-8.47894406269472e-11,5.40911945332835e-10,3.13482917880278e-10,2.99026454113117e-10,-7.94597963881384e-10,-4.17443978850467e-10,3.89153042779834e-11,3.77979035091421e-10,2.7932994412598e-10,3.60281337875471e-10,-9.60255303226491e-11,5.67031742015354e-11,5.17429213440566e-10,-1.38764217115381e-10,-4.68901813403671e-10,2.48357359369595e-10,-8.86159820048828e-11,-2.92939864005628e-10,4.89098579246e-11,-1.73711396826339e-10,1.40896151917628e-10,-1.23611987425096e-09,3.49503435292829e-10,1.96525935035477e-10,-4.27068377270294e-10,1.52006613621294e-10,1.60855055647742e-09,3.79828052257794e-11,4.06588774425918e-10,2.64994966697735e-10,4.05976646362801e-10,6.38386520530609e-10,4.34497224724717e-10,-3.72440324254973e-10,2.77342488892711e-10,2.75926580311481e-10,-1.57980605128215e-10,-4.85188374558043e-10,7.45266875952694e-10,-4.77875575523338e-10,7.3550823959678e-10,1.48939090271514e-10,-4.16156472362493e-10,5.42699194912014e-10,-1.68994773054223e-10,4.07466586969736e-10,-2.40741968900553e-11,3.47429899114665e-10,2.35170112481543e-10,-5.24983991082009e-10,-3.05976974669107e-10,1.96666130438732e-10,7.55710675314546e-10,4.88430947023276e-10,1.86626153921487e-10,-1.28518171618667e-10,-3.83773922604138e-10,-3.628426432587e-11,4.24723173811474e-10,7.47419168774719e-10,-4.84544127013617e-10,-2.5499331083466e-10,-1.00488671642525e-09,-6.11729871175111e-11,-1.14050185930512e-11,4.08130462355263e-10,1.13269231839921e-10,8.10998467322929e-10,1.21881876919186e-10,2.18590218775654e-10,3.7464780463319e-10,7.05575256929486e-10,-7.48801093476789e-10,-1.96841385943148e-11,-4.6836747695746e-10,1.8742934085571e-10,4.67953932768454e-10,-4.46186646099105e-10,-3.12777158069471e-10,3.77857958598733e-10,-4.32609110000543e-10,6.10445313739615e-10,5.34332569899006e-10,-6.57032761032753e-10,6.88104372800415e-10,-5.73033332350849e-10,4.00367086572661e-10,1.03682534321006e-10,-3.53665853194098e-10,5.49488969909601e-10,4.9249103243006e-10,-3.03284998385667e-10,2.25055008955855e-10,7.45591191702213e-10,4.59110167678627e-10,-1.14740120026468e-10,5.03433119460164e-10,3.30112057788359e-10,5.84760069369227e-11,5.65210094895062e-10,-2.84158556969653e-10,-4.68967453459202e-10,-5.78490918953033e-11,3.17629476423371e-10,-2.98392043672392e-10,-3.14150465539225e-10,-1.93700502386483e-10,-4.13064124375081e-10,-1.8159466090315e-10,-8.78874911950057e-10,4.69337419584931e-10,4.69451489018959e-10,-1.98331321744579e-10,7.69897854728147e-10,-1.18556270113777e-09,1.06783050482322e-09,-6.7376318921545e-10,-5.00677317395034e-10,-8.19074314424292e-10,7.63607495357573e-11,1.60094499369213e-10,-7.15866640208937e-10,2.1276993167756e-10,2.0527774672654e-10,3.92529648203704e-10,-2.39142521853503e-11,-4.39480581692343e-10,7.98065099844219e-10,6.8491337496815e-10,2.69289874933274e-10,1.84132436618657e-10,3.26963004755698e-10,-9.21857867902274e-10,4.37654113026269e-10,1.29656338617619e-10,2.39672893742791e-11,-2.59533547366833e-11,3.29104904989328e-11,-5.56134703572201e-10,7.24874325647323e-10,-5.55151194960082e-10,2.90045632790634e-10,-5.12503731591679e-10,7.54950539955243e-10,2.21442011094512e-10,3.26429737912537e-10,4.08423657582628e-10,-5.16585346478745e-10,-1.25497740515864e-10,-1.31373026233485e-10,3.07275665839369e-10,-1.10859221316279e-10,-2.93625461769793e-10,-3.42909784571003e-12,2.71899121944251e-11,-6.08165163337303e-10,1.40410327521382e-09,-2.50369542616372e-10,-3.87280237024604e-10,-4.58947709108165e-10,-4.50330800891827e-11,-2.55892474995505e-10,-2.09632135331196e-10,2.83222566176696e-10,4.13483980142432e-10,-8.32524861384063e-10,-8.24820581735803e-10,5.06921064422263e-11,-1.08960228839835e-10,-5.45438258052633e-10,4.48791880775217e-10,4.91504806156917e-10,-1.7096460474237e-10,2.71448493471757e-10,-7.27155537344279e-10,1.4576748721772e-10,-6.679464884079e-10,-2.16531424546541e-10,5.27714426592217e-10,5.85428382151693e-10,-1.01213398974167e-10,-4.9015867076105e-10,9.73893426409147e-10,-3.31732471324868e-10,1.32992586512941e-10,-6.30355952153859e-10,-2.95138263386607e-11,-5.37671403097357e-10,-8.16074166177764e-10,-1.19989363870911e-10,1.14445158181566e-10,2.29291710677313e-10,4.54511019434801e-10,7.38371025649479e-10,2.74037506409638e-10,6.86612314364982e-10,-8.87485378305047e-11,-4.91421148796794e-11,-8.5455542754819e-10,3.59529108108375e-10,-6.95815052118e-10,-2.05636780174294e-10,3.70301130931024e-10,-9.93775920413154e-12,2.30965359573408e-10,4.34137436307896e-10,3.37486329591277e-10,9.23094383714511e-10,-7.47447866841141e-10,-9.70655838925678e-10,-7.82398978671953e-11,-6.07371375837244e-10,-5.30103351014396e-10,1.28933810614568e-09,3.12982888694445e-10,1.04906776075571e-09,5.38174481628868e-10,5.13446147612929e-10,-6.88734324841928e-10,6.97239023547002e-10,7.8464475453283e-10,-1.53544230919243e-10,-3.73761336065151e-11,1.03546271610067e-09,-2.12775749048422e-11,1.90174029427328e-10,-3.01342541167161e-10,4.53982235578551e-10,-3.12933415591812e-10,4.9361463002583e-10,2.27788801205313e-10,4.21259412548855e-10,-5.34160224155545e-10,2.61184335758059e-10,-3.82066031471134e-10,5.39411854233858e-11,4.75073861475973e-10,7.67856309988102e-10,1.03800156723798e-09,5.71664069975092e-10,1.3670577575884e-10,1.02049623612444e-10,-3.84155739704921e-11,-4.29673563279641e-10,-7.6964769705534e-10,3.79266638923468e-10,3.1993700982208e-10,1.11479769134583e-10,1.14626845642482e-10,2.51531370339769e-11,3.24732120488669e-10,-1.55787446994455e-10,-5.4938060785121e-10,1.39261766948384e-11,-1.13801969360025e-11,4.90972370595216e-11,2.36610004736267e-10,-5.98540568459633e-10,-4.12858670948956e-10,-3.16083071880755e-10,-7.14512151905302e-11,6.21573885863973e-10,-1.937591706376e-11,5.93681315553453e-10,2.63055435124758e-10,-4.26548857025162e-10,-8.29909461561101e-10,3.34478843497961e-12,-2.29266923078538e-10,-5.62844848583316e-10,4.02041144235194e-10,3.20364228506411e-10,-1.52881969007344e-10,-6.40520630651179e-10,2.10185467589793e-10,7.3883554426913e-10,1.39065213334363e-10,-5.0907594471331e-11,-8.56520546852727e-10,-4.86160310932711e-10,4.20015659361833e-10,-2.49047945748892e-10,-5.61033561603024e-10,1.49846418033531e-10,-4.61595816751842e-11,-3.92384969882329e-10,3.68429324353199e-10,6.43495535426084e-10,5.73355193614378e-10,3.5540196674907e-10,-2.72530809385811e-10,-7.19820609084204e-11,1.28408690925504e-10,1.66895776977022e-12,1.74391998369849e-10,7.13882414025197e-10,-1.00470099819968e-09,-1.19093679968693e-09,-4.41083707081466e-10,-5.49630961493232e-11,8.68564015799132e-10,7.82107281865506e-11,-2.01769517203482e-10,-3.45429825821398e-10,-1.77169195988225e-10,4.05071526815234e-13,1.05486272937311e-10,-1.7015219624521e-10,2.01454445340146e-10,3.71689436756926e-10,6.28330430453879e-10,1.30263369333911e-10,1.50515150574927e-10,4.7639803146367e-10,-5.15631802753404e-10,3.02976507139057e-10,-4.93135076166624e-10,-1.87705583340023e-10,1.22223230863752e-09,6.64132795838094e-10,-2.62531220631518e-10,-8.56221510486405e-11,-4.0691666884033e-10,2.08419152735524e-10,5.63892916034917e-10,3.19145058004325e-10,-5.51832707641937e-10,-5.13386815067047e-11,2.71671693872436e-10,-5.25764908554383e-10,5.60799312845816e-10,3.66057044712728e-10,5.30750289712264e-11,1.20712136232578e-11,-4.45721588749499e-10,3.83190882398515e-11,2.04044816948821e-11,1.22473267000335e-10,-3.72991164043163e-10,-1.00810057661262e-09,-7.38256215256901e-11,-2.18581123875609e-10,-4.23552600381257e-10,-4.78527555929489e-10,7.42474609463167e-10,2.32854547675854e-10,-6.61246804831846e-11,2.30822790875131e-10,-2.287213446399e-10,4.0701869646831e-10,7.14111867765591e-11,3.24554810994791e-10,-5.91248304068678e-10,-4.90279794222959e-11,6.1051236359787e-10,-1.13189142401827e-09,2.06040898461708e-10,-2.95944431158695e-10,-5.13073109249196e-10,4.34959247338346e-11,-6.7209675594093e-10,8.06848959563651e-10,3.42792247893417e-10,1.28176489762621e-11,6.7721999625991e-10,-7.74687130334079e-11,8.84363827208139e-11,-1.33246794098935e-11,7.38221684088956e-10,-4.53458067153182e-10,4.18301386287373e-10,3.94484116126094e-10,-2.56409146469566e-10,3.34904817012798e-10,2.99558225705336e-10,2.81980512920433e-10,1.07238331310388e-10,-2.60884454119211e-10,1.44653755973936e-10,-3.42012986916816e-10,3.93270714649823e-11,-6.0826157369824e-10,-1.27511892262913e-10,5.81217915795249e-10,-5.15996520634831e-10,-2.81722293703513e-10,4.35690207168553e-10,-1.46524003795756e-10,6.28625272417227e-10,6.53693735210748e-10,1.23679446880646e-10,-6.83396940236099e-10,-4.55330940021258e-10,8.35914520431767e-10,-8.14567432202324e-11,8.12408646903804e-10,1.71648516550635e-10,3.10608201030286e-10,-9.01423643516992e-10,-6.57297695528464e-10,4.47810807571805e-10,3.9979591152318e-10,-7.82656003242399e-10,-3.99141024050763e-10,1.89870410329122e-10,3.76361149767581e-10,4.13791228472132e-11,-1.51501031168628e-10,-1.14299569074722e-10,3.94467132746297e-10,3.3089167095956e-10,9.33720138760338e-10,-5.65392667676889e-11,-9.2305488561603e-11,6.82355318302587e-11,1.84429846630568e-10,2.89183392448657e-10,1.14440308616825e-09,-3.0955681011866e-10,5.8344190383072e-10,2.78202460180185e-10,6.62621894457099e-10,2.01298329092652e-10,1.99325815691336e-10,-1.17820972663969e-10,5.07000653050242e-10,6.92835871509213e-10,-7.06962768913329e-10,-7.74685930707634e-10,-9.52845080316981e-10,1.71481795821011e-10,2.34844419504707e-11,-4.01719238216164e-11,2.43690348654205e-10,-3.93039455382046e-10,-2.2311659967406e-10,1.35788615589186e-10,6.5086152272066e-10,-3.46042841422159e-10,-1.5214576167031e-10,-8.96135793053734e-10,3.18686784021135e-10,-1.15785167279638e-10,1.51714942592828e-10,-8.78424290990653e-10,4.62164665066402e-10,-5.46327790193442e-11,1.36711421544714e-09,6.52070956028512e-10,-7.31467153741869e-10,6.3282607332929e-10,-3.89403094290783e-10,-1.13833126632601e-10,1.34826328437739e-10,-1.75670989699907e-10,-1.26373329690467e-10,1.44678552099781e-10,2.61312551118407e-10,-3.8134784055712e-10,-3.85730868034127e-10,1.323999374541e-10,-4.45070382900317e-10,-6.86322792351261e-10,5.96673077207078e-10,-1.46971520219072e-10,-1.60495060512672e-10,-4.47324385023048e-10,-8.81549300176857e-10,1.43112062175598e-10,-7.70489145665029e-10,1.85452677097308e-10,1.37709449138634e-10,-3.222952824337e-10,-1.92055210067311e-10,3.1512881824469e-10,-1.07627796315615e-10,-6.12069884813633e-10,-2.35988682783239e-10,1.36429493130009e-10,9.74108143616216e-10,-1.33524311438477e-11,1.17283733197334e-10,-2.95887719802251e-10,-2.56393048131781e-10,-3.75743557931991e-11,1.80485132443615e-10,7.67115153244495e-10,-8.76281834828456e-10,9.95346877691494e-11,-8.61169101091449e-10,3.28296630986918e-10,9.77799329014986e-11,-9.90963038191994e-11,-5.97254063831312e-11,-5.74193377494586e-10,-1.40617834187058e-09,3.98563834007639e-10,-7.28251859826438e-10,3.31425495789541e-10,-1.99237035297071e-10,-1.78606120883585e-11,1.59046286799725e-10,-2.38698601092536e-10,-7.52242488745967e-10,-6.66533015360367e-10,5.96590903425454e-10,2.95154391616255e-10,-7.22602081176139e-11,3.07546855640253e-10,-1.08313855291988e-09,2.17392628430322e-10,-2.17413293209536e-10,-1.92009681572321e-10,-4.02882177076978e-10,-8.62730252395094e-11,3.18443340655995e-10,2.32963714929688e-10,7.00447547885652e-11,-3.64944589839048e-10,2.57230812884086e-10,-5.4594143018218e-10,2.43325592649878e-10,2.56995962309875e-10,2.99100876292862e-10,7.79968361638675e-11,-3.16992791323004e-10,-8.41624862767726e-10,2.43065505383438e-10,6.25782730005624e-11,-3.11027114390894e-10,6.4238965203215e-10,-2.02119306910846e-11,-2.67103782215463e-10,4.49898330917628e-11,9.57847969608085e-10,4.258707175412e-11,-4.37944690646755e-10,-1.52863258503424e-10,8.17491756090048e-10,-1.36886105194849e-09,-2.12319683650027e-10,-9.12824035194768e-10,-6.74901543409037e-11,-2.85195325075585e-11,4.15122548081974e-10,-3.22143840153791e-10,2.7049863440266e-10,-3.68790777608434e-10,-3.57861735096747e-11,-9.59276253322039e-10,-2.33105905837554e-10,-6.30677007517228e-10,1.32558936805419e-10,1.86252436668168e-12,-4.10119405127461e-10,2.75135253092215e-10,-1.35765800197917e-10,3.98016165536976e-10,-2.5059763894805e-11,1.14316722541712e-09,-2.74097589466476e-11,-3.45159479665402e-10,2.89143721069453e-11,-4.53073734070137e-10,-4.55638176806608e-10,-3.32252236103631e-10,1.91585179622911e-10,6.33913866717844e-10,-3.30395115390319e-10,-1.12095517593668e-10,-4.64831850488708e-10,-1.41589419845436e-10,-6.70554219305988e-10,-5.35812509540559e-10,7.27396288048003e-10,-2.3219596506379e-10,4.83413624718843e-10,6.0868460796152e-10,1.01618326706511e-09,-4.06019611805346e-10,2.63873714143147e-10,4.67562637112044e-10,5.70374878970548e-10,-1.12707089361885e-09,-4.65596502073564e-10,3.03866585982061e-10,-6.81564776030473e-11,-1.66066588502347e-10,2.77762671625367e-10,-1.61650901545933e-10,-7.62229437980473e-11,1.59031582726183e-10,-3.68433782090922e-11,5.3803821414438e-11,-5.40906077520336e-11,-2.98757643879574e-10,-3.52475809735626e-10,3.4632689250492e-10,6.98554486425947e-10,-5.08479672881029e-10,5.10957515259748e-10,5.25368881688587e-10,1.00010677614128e-09,1.2238991562396e-09,1.3053920433297e-09,2.60287589123405e-09
