v,0.25
Patm,100000
g,9.81
r,500
G,10^11.45
rho,2500
mu,10^2.91
rc,28
 
M,10^6.25
sigma,0.5
 
tilt_erupt,4.1749nrad
 
-1309,-1308,-1307,-1306,-1305,-1304,-1303,-1302,-1301,-1300,-1299,-1298,-1297,-1296,-1295,-1294,-1293,-1292,-1291,-1290,-1289,-1288,-1287,-1286,-1285,-1284,-1283,-1282,-1281,-1280,-1279,-1278,-1277,-1276,-1275,-1274,-1273,-1272,-1271,-1270,-1269,-1268,-1267,-1266,-1265,-1264,-1263,-1262,-1261,-1260,-1259,-1258,-1257,-1256,-1255,-1254,-1253,-1252,-1251,-1250,-1249,-1248,-1247,-1246,-1245,-1244,-1243,-1242,-1241,-1240,-1239,-1238,-1237,-1236,-1235,-1234,-1233,-1232,-1231,-1230,-1229,-1228,-1227,-1226,-1225,-1224,-1223,-1222,-1221,-1220,-1219,-1218,-1217,-1216,-1215,-1214,-1213,-1212,-1211,-1210,-1209,-1208,-1207,-1206,-1205,-1204,-1203,-1202,-1201,-1200,-1199,-1198,-1197,-1196,-1195,-1194,-1193,-1192,-1191,-1190,-1189,-1188,-1187,-1186,-1185,-1184,-1183,-1182,-1181,-1180,-1179,-1178,-1177,-1176,-1175,-1174,-1173,-1172,-1171,-1170,-1169,-1168,-1167,-1166,-1165,-1164,-1163,-1162,-1161,-1160,-1159,-1158,-1157,-1156,-1155,-1154,-1153,-1152,-1151,-1150,-1149,-1148,-1147,-1146,-1145,-1144,-1143,-1142,-1141,-1140,-1139,-1138,-1137,-1136,-1135,-1134,-1133,-1132,-1131,-1130,-1129,-1128,-1127,-1126,-1125,-1124,-1123,-1122,-1121,-1120,-1119,-1118,-1117,-1116,-1115,-1114,-1113,-1112,-1111,-1110,-1109,-1108,-1107,-1106,-1105,-1104,-1103,-1102,-1101,-1100,-1099,-1098,-1097,-1096,-1095,-1094,-1093,-1092,-1091,-1090,-1089,-1088,-1087,-1086,-1085,-1084,-1083,-1082,-1081,-1080,-1079,-1078,-1077,-1076,-1075,-1074,-1073,-1072,-1071,-1070,-1069,-1068,-1067,-1066,-1065,-1064,-1063,-1062,-1061,-1060,-1059,-1058,-1057,-1056,-1055,-1054,-1053,-1052,-1051,-1050,-1049,-1048,-1047,-1046,-1045,-1044,-1043,-1042,-1041,-1040,-1039,-1038,-1037,-1036,-1035,-1034,-1033,-1032,-1031,-1030,-1029,-1028,-1027,-1026,-1025,-1024,-1023,-1022,-1021,-1020,-1019,-1018,-1017,-1016,-1015,-1014,-1013,-1012,-1011,-1010,-1009,-1008,-1007,-1006,-1005,-1004,-1003,-1002,-1001,-1000,-999,-998,-997,-996,-995,-994,-993,-992,-991,-990,-989,-988,-987,-986,-985,-984,-983,-982,-981,-980,-979,-978,-977,-976,-975,-974,-973,-972,-971,-970,-969,-968,-967,-966,-965,-964,-963,-962,-961,-960,-959,-958,-957,-956,-955,-954,-953,-952,-951,-950,-949,-948,-947,-946,-945,-944,-943,-942,-941,-940,-939,-938,-937,-936,-935,-934,-933,-932,-931,-930,-929,-928,-927,-926,-925,-924,-923,-922,-921,-920,-919,-918,-917,-916,-915,-914,-913,-912,-911,-910,-909,-908,-907,-906,-905,-904,-903,-902,-901,-900,-899,-898,-897,-896,-895,-894,-893,-892,-891,-890,-889,-888,-887,-886,-885,-884,-883,-882,-881,-880,-879,-878,-877,-876,-875,-874,-873,-872,-871,-870,-869,-868,-867,-866,-865,-864,-863,-862,-861,-860,-859,-858,-857,-856,-855,-854,-853,-852,-851,-850,-849,-848,-847,-846,-845,-844,-843,-842,-841,-840,-839,-838,-837,-836,-835,-834,-833,-832,-831,-830,-829,-828,-827,-826,-825,-824,-823,-822,-821,-820,-819,-818,-817,-816,-815,-814,-813,-812,-811,-810,-809,-808,-807,-806,-805,-804,-803,-802,-801,-800,-799,-798,-797,-796,-795,-794,-793,-792,-791,-790,-789,-788,-787,-786,-785,-784,-783,-782,-781,-780,-779,-778,-777,-776,-775,-774,-773,-772,-771,-770,-769,-768,-767,-766,-765,-764,-763,-762,-761,-760,-759,-758,-757,-756,-755,-754,-753,-752,-751,-750,-749,-748,-747,-746,-745,-744,-743,-742,-741,-740,-739,-738,-737,-736,-735,-734,-733,-732,-731,-730,-729,-728,-727,-726,-725,-724,-723,-722,-721,-720,-719,-718,-717,-716,-715,-714,-713,-712,-711,-710,-709,-708,-707,-706,-705,-704,-703,-702,-701,-700,-699,-698,-697,-696,-695,-694,-693,-692,-691,-690,-689,-688,-687,-686,-685,-684,-683,-682,-681,-680,-679,-678,-677,-676,-675,-674,-673,-672,-671,-670,-669,-668,-667,-666,-665,-664,-663,-662,-661,-660,-659,-658,-657,-656,-655,-654,-653,-652,-651,-650,-649,-648,-647,-646,-645,-644,-643,-642,-641,-640,-639,-638,-637,-636,-635,-634,-633,-632,-631,-630,-629,-628,-627,-626,-625,-624,-623,-622,-621,-620,-619,-618,-617,-616,-615,-614,-613,-612,-611,-610,-609,-608,-607,-606,-605,-604,-603,-602,-601,-600,-599,-598,-597,-596,-595,-594,-593,-592,-591,-590,-589,-588,-587,-586,-585,-584,-583,-582,-581,-580,-579,-578,-577,-576,-575,-574,-573,-572,-571,-570,-569,-568,-567,-566,-565,-564,-563,-562,-561,-560,-559,-558,-557,-556,-555,-554,-553,-552,-551,-550,-549,-548,-547,-546,-545,-544,-543,-542,-541,-540,-539,-538,-537,-536,-535,-534,-533,-532,-531,-530,-529,-528,-527,-526,-525,-524,-523,-522,-521,-520,-519,-518,-517,-516,-515,-514,-513,-512,-511,-510,-509,-508,-507,-506,-505,-504,-503,-502,-501,-500,-499,-498,-497,-496,-495,-494,-493,-492,-491,-490,-489,-488,-487,-486,-485,-484,-483,-482,-481,-480,-479,-478,-477,-476,-475,-474,-473,-472,-471,-470,-469,-468,-467,-466,-465,-464,-463,-462,-461,-460,-459,-458,-457,-456,-455,-454,-453,-452,-451,-450,-449,-448,-447,-446,-445,-444,-443,-442,-441,-440,-439,-438,-437,-436,-435,-434,-433,-432,-431,-430,-429,-428,-427,-426,-425,-424,-423,-422,-421,-420,-419,-418,-417,-416,-415,-414,-413,-412,-411,-410,-409,-408,-407,-406,-405,-404,-403,-402,-401,-400,-399,-398,-397,-396,-395,-394,-393,-392,-391,-390,-389,-388,-387,-386,-385,-384,-383,-382,-381,-380,-379,-378,-377,-376,-375,-374,-373,-372,-371,-370,-369,-368,-367,-366,-365,-364,-363,-362,-361,-360,-359,-358,-357,-356,-355,-354,-353,-352,-351,-350,-349,-348,-347,-346,-345,-344,-343,-342,-341,-340,-339,-338,-337,-336,-335,-334,-333,-332,-331,-330,-329,-328,-327,-326,-325,-324,-323,-322,-321,-320,-319,-318,-317,-316,-315,-314,-313,-312,-311,-310,-309,-308,-307,-306,-305,-304,-303,-302,-301,-300,-299,-298,-297,-296,-295,-294,-293,-292,-291,-290,-289,-288,-287,-286,-285,-284,-283,-282,-281,-280,-279,-278,-277,-276,-275,-274,-273,-272,-271,-270,-269,-268,-267,-266,-265,-264,-263,-262,-261,-260,-259,-258,-257,-256,-255,-254,-253,-252,-251,-250,-249,-248,-247,-246,-245,-244,-243,-242,-241,-240,-239,-238,-237,-236,-235,-234,-233,-232,-231,-230,-229,-228,-227,-226,-225,-224,-223,-222,-221,-220,-219,-218,-217,-216,-215,-214,-213,-212,-211,-210,-209,-208,-207,-206,-205,-204,-203,-202,-201,-200,-199,-198,-197,-196,-195,-194,-193,-192,-191,-190,-189,-188,-187,-186,-185,-184,-183,-182,-181,-180,-179,-178,-177,-176,-175,-174,-173,-172,-171,-170,-169,-168,-167,-166,-165,-164,-163,-162,-161,-160,-159,-158,-157,-156,-155,-154,-153,-152,-151,-150,-149,-148,-147,-146,-145,-144,-143,-142,-141,-140,-139,-138,-137,-136,-135,-134,-133,-132,-131,-130,-129,-128,-127,-126,-125,-124,-123,-122,-121,-120,-119,-118,-117,-116,-115,-114,-113,-112,-111,-110,-109,-108,-107,-106,-105,-104,-103,-102,-101,-100,-99,-98,-97,-96,-95,-94,-93,-92,-91,-90,-89,-88,-87,-86,-85,-84,-83,-82,-81,-80,-79,-78,-77,-76,-75,-74,-73,-72,-71,-70,-69,-68,-67,-66,-65,-64,-63,-62,-61,-60,-59,-58,-57,-56,-55,-54,-53,-52,-51,-50,-49,-48,-47,-46,-45,-44,-44,-43,-42,-41,-40,-39,-38,-37,-36,-35,-34,-33,-32,-31,-30,-29,-28,-27,-26,-25,-24,-23,-22,-21,-20,-19,-18,-17,-16,-15,-14,-13,-12,-11,-10,-9,-8,-7,-6,-5,-4,-3,-2,-1,0
2.34753902833635e-10,-1.07781954293399e-09,6.59209190589322e-10,-5.24687462749962e-10,-5.69557752411003e-11,2.91985887108844e-10,8.60609108256403e-11,-9.42532955896035e-12,-1.96934507229036e-11,-6.13874858773864e-10,-8.88112594366726e-10,-4.45782774307539e-10,7.14635158172209e-10,-2.35521809543153e-10,-4.03401336018799e-10,-5.34145153668185e-10,2.30187578665663e-10,-3.59682632825889e-11,-3.58314264539651e-10,2.68521260000185e-10,6.86608731523278e-10,-4.92348214198194e-10,-8.2387029092037e-11,3.25894468729217e-10,3.2784646364387e-10,-1.12377217726708e-10,6.91595285693013e-10,3.42850916082168e-10,2.65791105055768e-10,4.61340968041298e-10,-3.36624217049431e-10,-7.40989766067315e-10,2.83647857449482e-10,8.8674977104721e-12,2.61367432830155e-10,7.39151342422707e-13,2.48224647360437e-10,-1.54785430811208e-10,-5.02413519617907e-11,9.12270899008011e-12,1.05192090039072e-09,3.52016443167666e-10,-1.60089454847113e-10,8.54453142419201e-10,9.28131794655799e-10,-8.9221544512819e-11,6.63427358520239e-11,4.18400240066046e-10,4.06513533741953e-10,-9.76854570808143e-11,-6.46972891563532e-10,-6.95437569611449e-10,-5.47473425536465e-10,-6.42838013021547e-10,-1.73135783892335e-10,1.51633670564455e-11,2.65802962577542e-10,-1.26373154088063e-10,1.61159924306834e-10,8.10925075851035e-10,2.44213654815665e-10,4.85144322851459e-10,-3.94278328196816e-10,4.36172060760545e-11,-1.83793490098918e-10,7.66533124236675e-10,4.55221257285374e-11,1.04680845351095e-09,7.6585408178357e-10,6.41411056802429e-10,-4.1896770155465e-11,-3.45123458930317e-10,3.14934842009016e-10,-3.74929851004322e-10,-2.19502403564025e-10,2.51847842688326e-10,-1.48725580756056e-09,-4.46541379596676e-10,-4.41888770521091e-10,-5.07883624659233e-11,4.16971548366295e-10,1.15020011185552e-09,2.30853878324476e-10,1.29629541003269e-10,-7.95868224666201e-10,-2.42484188761139e-11,-8.98319541938509e-10,1.18886108759943e-09,2.57843724147835e-10,-6.93926089050068e-11,-1.58002369993367e-10,-1.54564218096863e-10,-2.72375100138771e-10,-8.29078279463819e-10,1.15335277130783e-10,-5.41617560330792e-10,-5.32788493548053e-10,-2.06411190547133e-10,-6.97362833914051e-10,-4.0810075460395e-10,1.48547854350455e-10,-3.8101290721394e-10,-3.21446888528868e-10,7.03540816812971e-10,-6.29181376730946e-10,-7.99085510652256e-10,-2.60244106128692e-10,-9.72412243979326e-10,-1.66601883671041e-10,-8.04197862495264e-11,3.01511831802462e-10,1.99687361018904e-10,-4.59533756495811e-10,4.83140059976628e-10,3.12532632920377e-10,4.29994518284494e-11,2.77427090768386e-11,-9.23368112396121e-10,-6.95241028461323e-10,3.36955098079847e-10,-6.71357216272407e-10,8.56494307326698e-10,6.99583140284693e-10,-1.93905008978231e-10,-1.44510703755276e-09,7.07859229254845e-10,-1.17630634546055e-10,-1.67838827898754e-09,2.86505693345854e-10,5.95948237177617e-11,-2.9042189192911e-10,2.9099938237926e-10,-4.52702343530063e-11,-4.24751198167426e-11,-3.46157833882193e-10,-3.19736737303434e-10,5.37068284674846e-11,6.09266672887463e-10,6.53390400089823e-10,-6.80232676491563e-10,6.98528808373902e-11,-1.10976115991362e-10,2.78117919290402e-10,-1.17772335044132e-11,-4.04010710138568e-10,4.62025905846676e-10,-2.07907615214437e-10,4.01219046037425e-10,-1.22714385481081e-10,-4.37960407529681e-10,2.19792349086217e-10,1.72024715927473e-10,1.28738218853288e-10,7.56795882557787e-10,9.25738517663361e-10,-5.2083157087643e-10,-2.65529989937813e-10,2.65069673598563e-10,-4.76269893663157e-11,-2.81057524591726e-10,6.41399751644143e-10,-3.43556678825647e-12,-1.53743451258841e-10,-8.80284026479341e-10,3.23953788621794e-11,-2.12708681783388e-10,9.11433890734765e-12,-1.0376706309817e-10,4.20624482952748e-10,-1.79206592072912e-10,-6.4954435770262e-11,-6.33623228656867e-10,9.67846617108923e-11,-1.7754642734812e-10,-4.83040714018288e-10,-4.16336313319198e-10,2.87713115142187e-10,-7.73369992448607e-10,1.63495306852613e-10,3.80519439506218e-10,-7.92850439173087e-11,-2.33968189410524e-10,-3.80478292170054e-10,2.95141807761385e-10,-1.23488989144098e-10,-1.44905105102442e-09,5.99739256219269e-10,-2.70965567657852e-10,8.93608483267084e-10,5.79287704687357e-10,4.08444876175543e-11,5.28923555812791e-10,3.20887908881389e-10,2.43731459613328e-10,1.32231191989278e-10,-4.44823566629068e-10,-1.50460945043688e-10,1.07029598401429e-10,-1.04475884280844e-10,-4.05477900321413e-10,1.27217271328904e-10,-5.12283500842246e-10,1.98895967833232e-10,-3.31627939138811e-10,-9.00282256497949e-11,4.7469234961944e-10,4.92655862506071e-10,1.33299375741151e-10,-4.10830346572421e-11,-2.9534534621537e-11,-3.39718455552263e-10,-1.25446049495867e-09,4.336401198129e-10,6.67662053930313e-10,-6.00260572561381e-10,4.38997397634211e-10,9.56140167910616e-10,-3.93097854130135e-11,4.93851599396562e-11,2.2821416469072e-10,-4.63208435302543e-10,4.9353433515157e-10,1.11628508452475e-10,-2.54928590909358e-10,-2.16208950750159e-10,2.48158592823743e-10,-2.38542846699612e-11,1.00766365204796e-09,-5.70965201458053e-10,3.5416063842779e-10,1.02834201850007e-09,3.66670895271205e-10,-1.74612179998837e-10,-3.64519576036064e-10,-2.15468085698725e-10,-8.21233517237261e-11,-8.57171737722007e-11,-2.4669959348941e-10,-3.81014740036851e-10,-4.42286986429644e-10,-4.53782504739601e-10,2.1705922581055e-10,-4.87617346087197e-10,-1.88062950422713e-10,1.13090815805103e-09,-8.58352151268344e-12,-1.97938395756545e-10,-6.49886759312015e-10,3.16888421680008e-11,4.77924375603793e-10,1.47879678732496e-10,-1.15002391387703e-10,-4.24288684585643e-10,-5.32305464057778e-10,-4.70289946770188e-10,2.72363520620174e-10,-5.55913364468772e-10,2.1400783967737e-10,6.57528336430962e-10,-5.97711241519212e-10,-2.92837913169522e-12,1.01905823620318e-10,-3.16308561290604e-10,-3.60784086461327e-10,-7.1646256858655e-11,-1.90390359956832e-10,-4.23897517780986e-10,-3.10023231080958e-10,5.77810429850334e-11,-6.33611910697104e-10,-1.36803217579433e-11,1.63277790882908e-10,1.01415346569912e-09,-2.84955554802621e-11,-1.37576690816144e-10,2.66993667295385e-10,1.08583804010169e-09,-1.84195455431884e-10,-5.24072793344318e-10,3.99459856335989e-10,8.12891780524836e-10,7.09798189711692e-10,1.73519357979938e-10,-1.11000315722549e-10,-2.23961468236271e-10,-7.25980538431029e-10,2.51205687152669e-10,-1.24945538614245e-10,-8.25480893605862e-10,1.58487624859339e-10,8.51983543781971e-11,-4.24810044992834e-10,1.06778610905087e-09,-8.07047061221885e-10,-1.68224921962778e-10,5.25632370318686e-10,-6.30437822561875e-10,9.16444581803391e-10,-1.24218235163207e-09,-5.30657579291184e-10,1.77530399244262e-10,1.24240100918094e-11,-4.11088419603899e-10,-4.85610516361402e-10,5.31720101427865e-10,3.34986075080742e-10,5.76020588566965e-11,6.96321790666153e-10,2.44396047347179e-10,-3.13728110855997e-10,5.56480252958237e-11,-3.88687065362079e-11,-7.65500960823459e-10,3.14587932613848e-11,3.34589462301891e-10,-6.88709543773914e-10,-2.38927374285344e-10,2.89892333160539e-11,-3.410819801718e-10,-2.32743294212466e-10,-8.68592095505381e-10,3.66418146909149e-10,-3.40621557705615e-10,1.11277827074226e-11,1.48598049316344e-10,5.56393212466232e-12,-3.20241145171763e-10,6.00826920049943e-10,-4.47353690071974e-10,-1.27954966919267e-10,2.43228919792545e-10,7.72605641151477e-10,-5.02589635422555e-10,-1.29357637136832e-09,1.06831098607936e-10,-1.07077046761557e-10,2.61323345800182e-10,-9.56436943363555e-11,1.27789804496982e-10,-3.00862277523807e-10,8.68833589726747e-11,2.68695586324343e-11,-1.8463280068835e-10,-1.93374703269761e-10,-5.09010681710051e-11,-7.24454175856797e-10,-2.66619778079902e-10,-9.26849091110601e-12,6.69648589361495e-12,-2.6500108151116e-10,-8.9602607105532e-10,2.22800214385564e-10,3.03790381419033e-10,-2.00964055606163e-10,1.03714906433257e-09,-6.76750808073263e-10,-9.95690369656589e-10,-1.97259109364602e-10,-6.38746222464056e-10,6.47321265800366e-10,8.63053170006894e-10,-4.90646136489329e-10,3.40136862290578e-10,-6.44380762965815e-10,-5.7616679230849e-10,-9.50484276839706e-10,3.89031363626654e-10,4.88620408362812e-10,2.42322867871197e-10,8.81112933413597e-10,8.3080877679431e-10,-5.84876987348355e-10,1.10286794855561e-09,3.38909809156809e-10,-6.5711084006781e-10,6.4192868432793e-10,9.72039456846192e-10,6.04431286004829e-10,3.81815206487526e-10,4.01316148850967e-10,-4.64342163089088e-10,1.58133503284813e-10,-3.76954625733941e-10,-3.88709755946276e-10,-4.51898666462261e-10,-1.08124824785172e-09,1.31027048849911e-09,-5.04013818126233e-10,3.19773811728412e-11,1.49989254539234e-10,7.69990710163039e-10,-1.82869737942644e-10,-2.38782865606624e-10,2.73480541296082e-11,3.65681259172201e-10,-2.22584838625809e-10,-1.00158542877514e-10,4.6502270493271e-10,-4.30677525513633e-10,-4.12937465591458e-10,8.09136487848068e-10,8.49326613392089e-10,7.51698870100152e-10,4.05403414080024e-10,-1.01365931706309e-09,6.2609787383458e-11,-4.54832061711496e-10,-6.7287128380251e-10,4.31411519003487e-11,-6.15559684461854e-11,4.25587621991226e-10,7.63826847801505e-11,9.19187526257174e-10,3.7161968687738e-10,5.3495571765163e-10,-4.37420559590192e-10,-1.5216831729408e-10,-3.04892510580055e-12,1.93295507477739e-10,7.78427223973013e-10,5.05230381918474e-10,-1.50182550026914e-10,1.77503939316468e-10,-2.27550922347355e-11,-8.07645106323488e-10,1.14759605921005e-10,4.6406558006412e-10,4.58103773957999e-10,3.37844610760585e-10,-2.4351348998473e-10,-9.94588180526076e-11,4.92530457208643e-10,3.16301548756689e-10,-1.83240182976302e-10,4.94260207475983e-10,-3.18579000943043e-10,6.34907376943469e-10,-8.8762539284333e-10,3.10929341572643e-10,-4.14173565701776e-10,2.45939084810812e-10,2.63489459104551e-10,9.03232570648929e-10,8.19695331374376e-10,5.60058699562588e-10,-4.7127640581816e-10,-4.4409138349166e-10,-3.37299480847366e-10,4.12721386474655e-11,-4.72180235286358e-10,1.74683764312995e-10,5.08572539587793e-10,1.84684208246842e-10,1.13536252896559e-09,7.05170995269762e-11,-1.64290392254189e-11,1.11616566995135e-10,-2.69760282821916e-10,5.24937671149795e-10,1.49787656086865e-10,9.45802256732742e-10,4.25539731958285e-10,-2.88423080888746e-10,2.00194276507918e-10,-7.00843235354694e-12,1.28043069445748e-10,1.57216474736635e-10,-1.34594937226156e-10,-1.65931773065811e-10,-2.3110558705568e-10,6.24345935743588e-10,5.14747638092061e-10,-2.21897546099529e-11,6.2198046677456e-10,5.05235447237155e-10,-4.7630135501909e-10,-7.00592942710386e-10,-2.8987310098913e-10,5.66530438182333e-10,6.55728372222296e-10,3.95825852245243e-11,5.61109244224888e-10,-4.14284752971578e-10,-3.65927314114921e-10,3.62375074712869e-10,-1.57748977812194e-10,9.11036565808255e-10,2.1598968422205e-10,1.12438326245126e-10,2.79082278961301e-10,1.55328361957858e-10,-1.70349018671698e-10,-9.20273951755815e-10,2.65848077327494e-11,-7.09716990990356e-11,8.44400341779276e-10,4.23237627457099e-10,-1.57247523722528e-10,2.11408856629675e-11,2.30018400803877e-10,4.2629139244298e-10,-7.82365270852794e-10,-5.9171707372141e-11,4.97943341449268e-10,-1.20614854001372e-10,-3.43391436871018e-10,-1.58882776990622e-11,-9.83220487133205e-10,-8.5237266518389e-10,3.93059859908497e-10,4.7843414663931e-10,5.48324384068257e-10,1.71354028282528e-10,-7.47873912982054e-10,3.001719803976e-10,-3.74033679170364e-10,-1.01039054340429e-10,1.00461916543595e-10,2.20815086933625e-11,-8.18906907340742e-11,3.60234618846103e-10,-1.5031311819294e-10,-9.18533792711657e-11,-8.454052816345e-11,4.68016414334467e-10,-1.82426366808891e-10,1.9413682963621e-10,4.17041151724341e-10,-4.37968826391842e-10,-5.30270174781039e-10,4.75014335804046e-10,-6.55119843393833e-11,2.12891750441788e-10,3.81662018727736e-10,-4.49250475400797e-10,-5.83314433317226e-12,-6.96989843122144e-11,3.81299975463463e-10,-5.55320859597513e-10,-1.11278368753124e-10,1.09715319426275e-09,-3.54049019820706e-10,5.60220102342903e-10,2.57487079198286e-10,-2.74237837812827e-10,4.30299384345715e-10,7.14359775995377e-10,1.83495766422894e-10,-1.37473235526832e-10,6.10206564570265e-10,-3.67155543129547e-11,5.05496934266618e-11,-4.92586663693311e-10,8.63566244827288e-11,1.84120434701909e-10,1.05305008743026e-10,3.0375640493825e-11,-2.15365378938118e-10,5.26510044158391e-10,-9.53811950408596e-11,-1.98365773334536e-10,-3.96555369075489e-10,9.08346239625784e-11,1.78283554574574e-10,-1.07936524995231e-10,7.28856316106817e-10,4.27816567530575e-10,-9.92807582833306e-11,2.28298371353889e-12,-5.37507055052754e-10,2.83903390248329e-12,8.49183581425968e-10,1.09053591654992e-10,4.14308847338049e-10,8.86724957973562e-10,1.02089711717087e-09,-7.11377637715501e-10,-5.5045539867171e-10,-3.41412799932442e-10,8.22849082175572e-10,3.33021883810698e-10,-7.03537108805167e-10,2.47192340971467e-10,-6.3715949340186e-10,2.37119438392993e-10,2.53409385091326e-10,-4.59918841917246e-10,4.10389904787083e-10,3.00555163232017e-10,-3.34617020354942e-10,-4.98263945328205e-10,2.6065402011725e-11,-1.7885170172529e-10,4.27811923692639e-10,-2.96877943163203e-10,5.75973360364309e-10,6.72697689263636e-10,-1.5455627962897e-10,9.4141014607478e-10,7.787978556163e-11,1.0216083761707e-09,3.96452557329965e-10,-3.80541511154884e-10,-2.7830749362742e-11,2.01656314970783e-10,-1.51688164519069e-10,-4.58692173858955e-10,2.18764542862943e-10,2.7068636270927e-10,4.38885104117102e-10,-6.33827452633005e-10,-2.85913726882753e-10,-9.47407357581107e-11,-7.36406188681903e-10,9.46030935240241e-10,-5.08621644816465e-10,-5.05599089034421e-10,-3.034013744606e-10,-9.0104923204697e-12,-2.024635870335e-11,4.3454596739544e-10,2.11252731083083e-10,2.92345287016707e-10,-5.80012633728478e-10,-6.41300376079849e-10,2.67015580368287e-10,-8.00284735727176e-10,4.32084160714657e-10,3.764494991017e-10,-6.67862858683791e-10,-3.07347657402576e-10,-2.08234543131456e-10,5.25656564166168e-10,4.31943442800527e-10,-5.03183889320697e-10,-1.66380833100755e-10,-1.09078661319273e-10,-5.18930465377143e-10,7.89768866799953e-10,1.52229686521691e-10,1.64517139562507e-10,-2.45506963884968e-10,1.93251408336323e-10,4.31917286783087e-10,-2.38057380350383e-10,-4.82837045151561e-10,5.8121993878655e-10,-7.68728491426174e-10,-2.69023642376187e-10,2.53210230162473e-10,-3.6171253290729e-13,1.27286218775431e-11,-2.12851575831552e-10,-1.21610447565704e-11,-5.93615948022051e-10,4.03583294642213e-10,9.57336916775664e-12,5.81704059229257e-10,-4.11632165551135e-10,4.09390961309545e-10,4.8427536241499e-10,-3.89599598222214e-10,5.83197280860478e-10,9.17719421349279e-10,8.56860539033046e-12,-4.08368590579183e-10,1.07065037422227e-10,-4.82978698123024e-10,-6.54745180097428e-10,7.86372475840273e-11,-4.79035972675364e-11,-5.26201052721874e-10,-5.65628728625516e-10,1.43006902169421e-10,-4.06770144175669e-10,-6.77158431693068e-10,7.93539082433419e-10,9.21716634307383e-11,1.50457813075627e-10,-3.84518825415262e-10,-2.11250056438551e-11,-6.57279357186422e-10,-2.99348205414082e-10,-5.69553061395394e-10,4.83571349004789e-10,1.21089421364085e-10,-3.06078600193992e-10,-4.99666321463866e-10,-4.33748814384044e-10,5.09212907655432e-10,-4.46025398325381e-10,3.3302316602114e-10,-3.77976940851837e-10,4.34763062485538e-10,-4.51104381273578e-10,6.15312861126977e-10,-2.79425262370048e-10,-2.34371498530586e-10,7.78609170648343e-10,-1.11141649406843e-10,1.61406736095247e-10,1.20063217837028e-09,2.12717438831249e-10,1.27826464711819e-10,-3.39272092587162e-10,-5.06440762920705e-11,4.60787651450312e-10,8.84087567292487e-10,-2.33589001256221e-10,2.47989142403641e-11,-7.96454134513268e-10,3.70818340944714e-10,1.51521781621057e-11,1.50790060908266e-10,1.98153094517408e-10,-3.63734467951795e-10,1.37985918147873e-10,3.55248890301181e-10,4.7915623749136e-10,-5.12660430287778e-11,-1.7904110777972e-10,-5.17183429357246e-10,-1.40895250901102e-10,-3.34433602792739e-10,-1.0708011480349e-10,-7.03597663113327e-11,5.90941458277582e-10,-1.10023854291687e-09,-6.19659306155036e-11,6.2135665626346e-10,-1.05604599644601e-09,3.59565394009372e-10,2.4391010609548e-10,-5.07213162222195e-10,-6.11037065484889e-10,-1.76900725948756e-10,3.29301371974975e-11,-3.38091194054607e-11,2.56519706885281e-11,2.58145328509565e-10,3.06576276765942e-10,-1.31641491674149e-09,8.05090669161819e-10,1.2155422728347e-10,-6.21348896581827e-10,-1.76893467668609e-10,-3.57252031583696e-10,7.46536249644014e-10,1.05520264503876e-11,2.47431315878943e-10,4.12936713673134e-10,-9.23902407820871e-10,-5.44986906545869e-11,5.55435249257206e-10,1.98260309089912e-10,-4.68197730598262e-10,6.29710645379006e-10,-2.35233763926516e-10,-2.65470702478069e-10,3.72032131301728e-10,5.88430219856333e-10,-3.04107733256832e-10,2.10675317791346e-11,5.79311309329351e-10,-7.05557371862807e-11,-4.45161597946847e-10,1.54148094286808e-10,1.26610496837476e-09,6.93025189373902e-10,3.48513445393296e-11,2.91083044641473e-11,-6.11339262118925e-10,6.74106348422169e-10,5.83907069821666e-10,-1.01048125921004e-10,-2.27337606500238e-10,-6.48446820733294e-11,2.8432770506436e-11,3.33828815770379e-10,-6.33576828573142e-10,2.66472866811403e-10,-9.73776199925691e-10,1.19759621788217e-10,-3.88992668179227e-10,-3.29292706994927e-10,5.7210948947682e-10,3.47029514482791e-10,-2.24477038598815e-10,-2.55867968086666e-10,6.10857081602135e-10,3.25036061260669e-10,-4.63751008528502e-10,9.63094041154006e-10,-1.4107537691489e-10,6.75155403309559e-11,3.96355994939533e-10,5.58256364481519e-10,3.54943024257708e-10,-4.76142860947366e-10,-3.8089081598893e-10,2.73864340713364e-10,-1.4465798428285e-10,1.47208816822703e-10,-1.93193661836766e-10,5.58865610376853e-11,-4.95474047311058e-10,8.28220300259732e-10,4.24103392513777e-10,1.35743461000308e-10,-3.01607123540907e-10,-2.29380280718183e-11,3.12866660448089e-10,5.7139204147425e-11,-5.4246848822311e-10,-3.00524276920984e-10,-7.87703483194559e-10,-1.09205148258332e-10,5.84894490517627e-10,-2.4192776859863e-11,3.69514847894158e-11,2.65501142999358e-10,2.29262210820464e-10,-5.82580428160351e-10,-2.88077975019794e-10,-2.69444051409997e-10,-9.35664022515179e-10,4.18622468607893e-10,-3.74460043824108e-10,-3.69126374946667e-10,-5.12031482662014e-10,-5.18690410988504e-10,-7.26186646277606e-10,-3.13711238664851e-11,-5.70447455487384e-10,9.2544623414017e-11,2.55511405980697e-10,2.84920589165398e-10,-3.31178173644389e-10,-4.08805126512892e-10,-4.09564116509336e-10,1.30406131337515e-10,-3.34126367791678e-10,1.73835302440782e-10,2.12512938629011e-10,7.36204959151588e-10,-2.3175604111326e-10,3.77402396837616e-11,2.69720153061056e-10,-6.62465708586838e-11,-1.68101786944033e-10,3.25794945571743e-10,-6.80290244087124e-11,5.62282727520199e-10,-3.51532655029126e-10,1.17902938830151e-10,-3.08833999502169e-10,1.38543183029504e-10,-4.00624805772365e-10,-1.94725078864217e-11,3.78979530458217e-10,1.11480133462814e-10,-9.20101485654174e-11,-6.36651854053179e-10,3.90302329220028e-10,1.21428615179252e-10,-4.20749360532748e-10,-2.38747628542289e-10,6.43782383397361e-10,8.67142098420333e-10,-2.78472469357397e-10,2.51818889002238e-10,-2.13034626788587e-10,-5.3204212826142e-10,-2.10283387273165e-10,-4.15418226396573e-10,6.09284285691051e-10,6.35009164456574e-10,1.56884250884561e-10,-4.29685791697883e-10,-8.0517605770687e-11,9.9701403924047e-11,-5.69724760801355e-10,-1.80546565051921e-10,2.12124958384297e-11,1.00451156797164e-10,3.85159736978491e-10,5.62835643752927e-10,-9.43411779288255e-10,2.64242169404153e-10,7.61579274450584e-10,-3.80901531590915e-11,-2.95728572438651e-10,-5.47279200678805e-11,1.8643324821195e-10,3.60276055089262e-12,-1.44574761194587e-10,3.54623359584618e-10,2.68554135884595e-10,-4.9366969299731e-10,5.60078940359863e-11,1.37279339470198e-10,-1.89825768449157e-11,1.56734950373535e-10,-1.54766249972035e-10,1.71724890252353e-10,3.52884274096815e-10,-4.54102963250608e-10,2.09132326516381e-10,-4.73987186667983e-10,4.75293681079006e-10,1.00042607569685e-09,7.43824396318169e-10,1.97439045995404e-10,3.32159259873945e-10,9.07197988621292e-10,8.94511420226604e-10,-5.60692683747082e-10,8.03247331208229e-11,-3.39806918373391e-10,4.68095831742798e-10,4.6444197897859e-10,3.73711337151462e-10,-4.68012565067363e-10,-5.72730491625093e-10,2.87754524663723e-10,9.1623905258745e-10,-1.25519674136026e-09,1.85250869791464e-10,-8.85703658607861e-11,5.7315475531714e-11,2.85332519996157e-10,3.41022853014049e-10,1.13036605082746e-10,8.47918776952452e-10,-1.47846411624515e-10,2.66976011865819e-10,-3.92108790446709e-10,6.69175458137827e-10,2.63385165016602e-10,3.79453412275507e-10,1.28927972311385e-10,-1.5909062567592e-09,7.69353149231159e-10,7.12608795565754e-10,9.31798546327994e-10,7.46305409008949e-11,2.08926140689171e-10,-7.14697557619648e-10,-8.10848706517106e-11,3.70433550826304e-10,2.61482997864482e-10,1.76171808988335e-10,8.36246865453112e-11,2.58388286177652e-10,4.11726110428602e-10,5.42977131925324e-10,-5.91904812695502e-11,-9.94748893033678e-10,-3.01371383862417e-10,-1.13697040897526e-10,4.92428344184859e-10,9.85054632341912e-11,-5.54506771198605e-10,1.55558987300589e-10,1.56572633127792e-10,-3.34635213452661e-10,-1.62290028221838e-10,1.62309932027922e-10,7.97762146656272e-10,-2.30308374512411e-10,5.65010352621862e-10,-8.25210101270061e-10,-8.71766769085929e-11,4.6112726211172e-10,-7.03988638071505e-10,3.63413156623791e-10,1.03159258936449e-09,1.0682960416532e-10,-4.25468485736034e-10,9.21610345706111e-11,5.74774661598141e-10,-6.93571483347245e-10,9.05964094479839e-10,-5.75998680470437e-10,1.84691010416809e-10,8.26178893075912e-10,3.45284549754224e-10,-3.88459059841912e-10,-2.67629024256033e-10,-2.56739277945115e-10,-3.63599889271301e-10,1.26140703579781e-10,8.84251971542639e-10,-4.20247596558851e-10,2.10850102603629e-10,-4.36626113672442e-11,-2.41865439160316e-10,6.16787892166552e-10,-4.32919952151779e-11,8.23247041287216e-10,9.05397482456023e-10,2.49659553904704e-10,3.41634687196698e-10,-3.01312168140717e-10,-4.5073668460978e-10,4.14709637203997e-10,-4.43051150216949e-11,-4.8300984966199e-10,-3.96909867574651e-10,4.28878522473806e-10,7.76641639376566e-11,-8.45915712507348e-11,8.80754576706848e-10,-1.17674401912692e-10,-8.33629724412397e-10,1.16770436653972e-09,-2.34285463688773e-10,4.59690113447988e-10,-4.52371598328926e-11,5.32118969646674e-10,1.82350139510439e-10,3.19075676343361e-10,-6.18444435827976e-10,-2.85069374333674e-10,3.31725652765406e-10,-3.20644142804825e-11,-1.16246270839607e-10,-3.50929176495644e-10,-1.69887474334192e-10,-2.17714894352504e-10,4.02163212018831e-10,1.58900802998291e-10,5.53676638323204e-10,-8.54959901675972e-11,-2.19068556871923e-10,-4.17803382362173e-10,-9.82395951684226e-10,-5.30236103231871e-10,1.88840907537411e-10,3.4012645300868e-10,4.8682157576735e-10,4.64746924488023e-10,1.10975064876705e-09,-2.72222505686198e-10,-1.59633170839553e-11,-2.01928039809715e-11,-5.46175425744043e-10,5.57326558326273e-10,1.89660030004598e-10,-1.15903077807803e-10,-3.82093453979997e-10,6.64825123557352e-10,-6.56699707216635e-10,5.36524529303227e-10,2.76150135628442e-10,-4.17240885755828e-10,-2.68512700853503e-10,2.81893773075633e-10,-4.50933944393753e-10,-5.57892235451133e-12,2.91726912338031e-10,-1.0002203558697e-10,-4.47894096218708e-11,-6.16139955459423e-11,1.11411595699285e-09,-8.16575275813372e-10,4.39510049511198e-10,-4.33048653861331e-11,-4.32835328197426e-10,-2.04032871966954e-10,3.11211229192395e-10,1.76642102173166e-10,4.5590202881223e-10,3.02013378254031e-10,3.43946322720896e-12,-1.41622800937164e-11,2.1540404367512e-10,-5.67021701274063e-10,8.78759790319393e-10,-5.28462137655878e-10,-5.43810780613752e-11,1.96372901656881e-10,2.68064758318189e-10,-2.55480390910803e-10,-9.19270725059922e-11,2.93645706236488e-10,4.85911241392902e-10,6.54815275949615e-10,-8.20839019134485e-10,3.022841291568e-10,3.25902771273384e-10,-2.941218207393e-10,-6.68053277324063e-10,-1.54419429838416e-10,-7.43017242471206e-10,-5.09416825727402e-10,4.64727163070308e-10,2.75870111212812e-10,1.43809057739988e-09,5.29317012382009e-11,3.70019905831767e-10,1.56755869195575e-12,6.4302273020662e-11,3.45513330629885e-10,6.74119982151217e-11,3.97995329592519e-10,7.86048758717779e-10,-7.0575724394955e-10,-2.79802408015976e-11,-3.29583551988492e-10,-3.36124036792167e-10,-4.94451834814083e-10,-7.24893088690401e-10,-4.2145584856615e-11,-1.17423917131551e-10,-4.30038626048723e-10,1.98136944342805e-10,-2.54757689764282e-10,5.25272067778576e-10,5.51997757037662e-10,-3.0910015919122e-10,2.89184803235588e-10,1.54921881593074e-11,2.05081624678684e-10,-5.22675525809288e-10,-2.79036689150448e-10,-2.26674802868862e-10,5.17872174536292e-10,7.08627716958578e-10,-2.03882129992168e-10,6.08372382074459e-10,-2.46028639821962e-10,1.31944276166715e-09,-1.00870946720077e-09,7.79244062129625e-10,-1.33410333237285e-10,-9.7615544875018e-10,-3.51025907596876e-10,-1.43205368250664e-10,-6.70142709583538e-10,2.29350406441653e-10,-5.2951938628145e-10,3.49452543594475e-10,-7.5996815716213e-10,-5.43807393415962e-10,1.80564736564429e-10,-2.48983456898629e-10,-1.54878717121597e-11,-5.1198691197506e-10,-2.59369780331038e-11,4.16508967151811e-10,8.84524788328755e-11,-6.83136384080698e-10,-1.90676077590475e-11,6.30787773482769e-10,-4.1526506483317e-10,-2.07227403053729e-10,4.32825828708334e-10,-7.34722132766973e-11,2.63145106431457e-10,-9.16708142727171e-10,5.92393868513403e-10,-3.94471951544068e-10,-1.44458973222072e-10,-1.10978446599353e-10,2.66381786742129e-10,-2.41175205808673e-10,3.48009757999513e-10,-8.51527422785406e-11,-1.80686822613995e-10,4.30701760464654e-10,-3.27552933286345e-10,1.3247787030044e-10,-5.43883372692873e-10,-7.48964083532591e-11,1.28879664757125e-10,-1.74573778598113e-11,-2.6926530539317e-10,9.15506955558495e-11,1.09286661148352e-10,7.84376692786126e-10,-2.47008079765478e-10,-1.25928704045486e-10,-1.91747898111265e-12,2.33237583596132e-10,1.76988868929527e-10,3.23188374031572e-10,-2.69847202609569e-10,-2.2945214143676e-11,4.32582603820496e-10,-2.0329799200454e-10,6.86524973404881e-10,-3.05573134664767e-10,5.84064052209104e-11,3.08707554688599e-10,3.28630860223371e-10,4.91212118614396e-10,4.01709078245538e-10,2.02652879105507e-10,1.87018367194505e-11,-8.78741559445309e-10,3.97100443776813e-10,1.02346540050754e-10,-4.0560578866586e-10,1.32277826393871e-10,-3.23680325425055e-10,2.57526750332131e-11,6.6102209107143e-10,-4.96469008885304e-10,5.94845146671311e-10,8.69767145408708e-10,-4.89990039049957e-10,1.22687169594534e-10,-7.91880348771589e-10,2.68854341063191e-10,-9.11643189369849e-11,-2.59143834432347e-10,2.30370271537402e-11,2.11818731114894e-10,-7.82262040061347e-11,-1.02218598356426e-09,-6.20994651103177e-10,5.46980937377956e-10,9.55821959516272e-10,4.37871225457056e-10,6.12232368989986e-10,2.65940773276961e-10,3.73586589196397e-10,-1.22272897381653e-09,1.56051422382953e-10,4.73833660499901e-10,-5.77025552752024e-11,1.53429267667537e-10,6.09076386601933e-10,4.93864125355625e-10,-9.22998099187658e-11,3.76824571653806e-10,3.00374179011943e-10,8.71772726416846e-11,3.10345177519574e-10,3.24682647922098e-10,-8.28988361855224e-10,-9.16043514581355e-10,6.16835338983529e-10,4.93643990001812e-10,-1.37216623668507e-10,-5.92782845401054e-10,3.00816329023319e-10,-2.07196256060321e-10,5.87203445415106e-10,8.10616305777155e-11,2.49735756386259e-10,-5.86059612279771e-10,-2.38172405550141e-10,-1.36715080858707e-09,5.45745771142806e-10,-1.01940916711229e-10,5.27367659221579e-11,-9.27595181261338e-10,-6.08359099838659e-10,-3.36417455636442e-11,-1.02800850116486e-09,-8.94947696264729e-10,-3.28684220438998e-10,3.33267662845187e-10,4.7365905560588e-10,-5.34272532676692e-10,1.85816526751825e-10,-1.60845688564432e-10,8.24805874451978e-10,-1.41092042763173e-11,-1.4366888187113e-10,5.81610700981222e-10,-7.464495001375e-10,-8.62278103305192e-10,-9.82390446906172e-11,1.67098007238974e-10,-2.08113387490125e-10,3.29565465204869e-10,3.40600473471201e-10,1.35708122913637e-10,7.33357503152614e-10,-8.11029723916627e-10,8.41533210042858e-10,-1.33984147244399e-10,-3.57932645658736e-10,6.92900872589744e-10,1.16428271139467e-09,7.28998179347736e-10,-8.21809618057233e-10,1.62446485052417e-10,-1.50099324133106e-10,5.81025541230493e-10,-6.20494699219686e-10,3.37251657668586e-10,2.0716177716873e-10,-6.89123216738687e-11,-2.84049103237058e-10,1.80555864536991e-10,6.06329921834387e-10,-1.71397407752998e-10,4.90365784331713e-10,8.55552196512264e-10,9.24240548922204e-10,8.7162012986915e-10,1.27139404668791e-09,2.00955607423568e-09,2.64244951980347e-09,2.21113823542358e-09,3.20052402393432e-09,4.52410083949782e-09
