v,0.25
Patm,100000
g,9.81
r,500
G,10^11.45
rho,2500
mu,10^2.91
rc,28
 
M,10^5.88
sigma,0.1
 
tilt_erupt,1.9853nrad
 
-1154,-1153,-1152,-1151,-1150,-1149,-1148,-1147,-1146,-1145,-1144,-1143,-1142,-1141,-1140,-1139,-1138,-1137,-1136,-1135,-1134,-1133,-1132,-1131,-1130,-1129,-1128,-1127,-1126,-1125,-1124,-1123,-1122,-1121,-1120,-1119,-1118,-1117,-1116,-1115,-1114,-1113,-1112,-1111,-1110,-1109,-1108,-1107,-1106,-1105,-1104,-1103,-1102,-1101,-1100,-1099,-1098,-1097,-1096,-1095,-1094,-1093,-1092,-1091,-1090,-1089,-1088,-1087,-1086,-1085,-1084,-1083,-1082,-1081,-1080,-1079,-1078,-1077,-1076,-1075,-1074,-1073,-1072,-1071,-1070,-1069,-1068,-1067,-1066,-1065,-1064,-1063,-1062,-1061,-1060,-1059,-1058,-1057,-1056,-1055,-1054,-1053,-1052,-1051,-1050,-1049,-1048,-1047,-1046,-1045,-1044,-1043,-1042,-1041,-1040,-1039,-1038,-1037,-1036,-1035,-1034,-1033,-1032,-1031,-1030,-1029,-1028,-1027,-1026,-1025,-1024,-1023,-1022,-1021,-1020,-1019,-1018,-1017,-1016,-1015,-1014,-1013,-1012,-1011,-1010,-1009,-1008,-1007,-1006,-1005,-1004,-1003,-1002,-1001,-1000,-999,-998,-997,-996,-995,-994,-993,-992,-991,-990,-989,-988,-987,-986,-985,-984,-983,-982,-981,-980,-979,-978,-977,-976,-975,-974,-973,-972,-971,-970,-969,-968,-967,-966,-965,-964,-963,-962,-961,-960,-959,-958,-957,-956,-955,-954,-953,-952,-951,-950,-949,-948,-947,-946,-945,-944,-943,-942,-941,-940,-939,-938,-937,-936,-935,-934,-933,-932,-931,-930,-929,-928,-927,-926,-925,-924,-923,-922,-921,-920,-919,-918,-917,-916,-915,-914,-913,-912,-911,-910,-909,-908,-907,-906,-905,-904,-903,-902,-901,-900,-899,-898,-897,-896,-895,-894,-893,-892,-891,-890,-889,-888,-887,-886,-885,-884,-883,-882,-881,-880,-879,-878,-877,-876,-875,-874,-873,-872,-871,-870,-869,-868,-867,-866,-865,-864,-863,-862,-861,-860,-859,-858,-857,-856,-855,-854,-853,-852,-851,-850,-849,-848,-847,-846,-845,-844,-843,-842,-841,-840,-839,-838,-837,-836,-835,-834,-833,-832,-831,-830,-829,-828,-827,-826,-825,-824,-823,-822,-821,-820,-819,-818,-817,-816,-815,-814,-813,-812,-811,-810,-809,-808,-807,-806,-805,-804,-803,-802,-801,-800,-799,-798,-797,-796,-795,-794,-793,-792,-791,-790,-789,-788,-787,-786,-785,-784,-783,-782,-781,-780,-779,-778,-777,-776,-775,-774,-773,-772,-771,-770,-769,-768,-767,-766,-765,-764,-763,-762,-761,-760,-759,-758,-757,-756,-755,-754,-753,-752,-751,-750,-749,-748,-747,-746,-745,-744,-743,-742,-741,-740,-739,-738,-737,-736,-735,-734,-733,-732,-731,-730,-729,-728,-727,-726,-725,-724,-723,-722,-721,-720,-719,-718,-717,-716,-715,-714,-713,-712,-711,-710,-709,-708,-707,-706,-705,-704,-703,-702,-701,-700,-699,-698,-697,-696,-695,-694,-693,-692,-691,-690,-689,-688,-687,-686,-685,-684,-683,-682,-681,-680,-679,-678,-677,-676,-675,-674,-673,-672,-671,-670,-669,-668,-667,-666,-665,-664,-663,-662,-661,-660,-659,-658,-657,-656,-655,-654,-653,-652,-651,-650,-649,-648,-647,-646,-645,-644,-643,-642,-641,-640,-639,-638,-637,-636,-635,-634,-633,-632,-631,-630,-629,-628,-627,-626,-625,-624,-623,-622,-621,-620,-619,-618,-617,-616,-615,-614,-613,-612,-611,-610,-609,-608,-607,-606,-605,-604,-603,-602,-601,-600,-599,-598,-597,-596,-595,-594,-593,-592,-591,-590,-589,-588,-587,-586,-585,-584,-583,-582,-581,-580,-579,-578,-577,-576,-575,-574,-573,-572,-571,-570,-569,-568,-567,-566,-565,-564,-563,-562,-561,-560,-559,-558,-557,-556,-555,-554,-553,-552,-551,-550,-549,-548,-547,-546,-545,-544,-543,-542,-541,-540,-539,-538,-537,-536,-535,-534,-533,-532,-531,-530,-529,-528,-527,-526,-525,-524,-523,-522,-521,-520,-519,-518,-517,-516,-515,-514,-513,-512,-511,-510,-509,-508,-507,-506,-505,-504,-503,-502,-501,-500,-499,-498,-497,-496,-495,-494,-493,-492,-491,-490,-489,-488,-487,-486,-485,-484,-483,-482,-481,-480,-479,-478,-477,-476,-475,-474,-473,-472,-471,-470,-469,-468,-467,-466,-465,-464,-463,-462,-461,-460,-459,-458,-457,-456,-455,-454,-453,-452,-451,-450,-449,-448,-447,-446,-445,-444,-443,-442,-441,-440,-439,-438,-437,-436,-435,-434,-433,-432,-431,-430,-429,-428,-427,-426,-425,-424,-423,-422,-421,-420,-419,-418,-417,-416,-415,-414,-413,-412,-411,-410,-409,-408,-407,-406,-405,-404,-403,-402,-401,-400,-399,-398,-397,-396,-395,-394,-393,-392,-391,-390,-389,-388,-387,-386,-385,-384,-383,-382,-381,-380,-379,-378,-377,-376,-375,-374,-373,-372,-371,-370,-369,-368,-367,-366,-365,-364,-363,-362,-361,-360,-359,-358,-357,-356,-355,-354,-353,-352,-351,-350,-349,-348,-347,-346,-345,-344,-343,-342,-341,-340,-339,-338,-337,-336,-335,-334,-333,-332,-331,-330,-329,-328,-327,-326,-325,-324,-323,-322,-321,-320,-319,-318,-317,-316,-315,-314,-313,-312,-311,-310,-309,-308,-307,-306,-305,-304,-303,-302,-301,-300,-299,-298,-297,-296,-295,-294,-293,-292,-291,-290,-289,-288,-287,-286,-285,-284,-283,-282,-281,-280,-279,-278,-277,-276,-275,-274,-273,-272,-271,-270,-269,-268,-267,-266,-265,-264,-263,-262,-261,-260,-259,-258,-257,-256,-255,-254,-253,-252,-251,-250,-249,-248,-247,-246,-245,-244,-243,-242,-241,-240,-239,-238,-237,-236,-235,-234,-233,-232,-231,-230,-229,-228,-227,-226,-225,-224,-223,-222,-221,-220,-219,-218,-217,-216,-215,-214,-213,-212,-211,-210,-209,-208,-207,-206,-205,-204,-203,-202,-201,-200,-199,-198,-197,-196,-195,-194,-193,-192,-191,-190,-189,-188,-187,-186,-185,-184,-183,-182,-181,-180,-179,-178,-177,-176,-175,-174,-173,-172,-171,-170,-169,-168,-167,-166,-165,-164,-163,-162,-161,-160,-159,-158,-157,-156,-155,-154,-153,-152,-151,-150,-149,-148,-147,-146,-145,-144,-143,-142,-141,-140,-139,-138,-137,-136,-135,-134,-133,-132,-131,-130,-129,-128,-127,-126,-125,-124,-123,-122,-121,-120,-119,-118,-117,-116,-115,-114,-113,-112,-111,-110,-109,-108,-107,-106,-105,-104,-103,-102,-101,-100,-99,-98,-97,-96,-95,-94,-93,-92,-91,-90,-89,-88,-87,-86,-85,-84,-83,-82,-81,-80,-79,-78,-77,-76,-75,-74,-73,-72,-71,-70,-69,-68,-67,-66,-65,-64,-63,-62,-61,-60,-59,-58,-57,-56,-55,-54,-53,-52,-51,-50,-49,-48,-47,-46,-45,-44,-43,-42,-41,-40,-39,-38,-37,-36,-35,-34,-33,-32,-31,-30,-29,-28,-27,-26,-25,-24,-23,-22,-21,-20,-19,-18,-17,-17,-16,-15,-14,-13,-12,-11,-10,-9,-8,-7,-6,-5,-4,-3,-2,-1,0
-9.37373956758096e-12,-3.20794896429092e-11,-6.93650831584695e-11,-1.76124816423126e-10,-8.23088819231654e-11,-8.36364157971026e-12,-1.33813351790144e-11,-6.87248094701279e-11,3.48615180318672e-11,-9.5119389744703e-11,2.13266297139155e-11,-7.90343216798451e-11,-8.29265720797232e-11,-1.29502521282547e-11,7.93818621031665e-11,-1.60301300955886e-11,2.27318890254187e-10,-2.88394903837797e-11,1.15108795711504e-10,-8.46856318200839e-11,-3.6287069509351e-11,7.41706596280615e-11,-4.5430862013449e-11,7.41486615919247e-12,7.44323074133586e-12,1.97174972644385e-10,-7.18056975452482e-11,1.12538124162372e-11,-1.81254594624725e-10,-1.48006502679943e-10,-1.03858080498694e-10,5.55905409215697e-11,-4.54527606978462e-11,5.86362607251491e-11,3.31962597503914e-11,-6.11121112846646e-11,7.4992042853572e-11,-1.20148751017959e-10,4.05472138987172e-11,9.66201761417641e-11,-3.71395479826472e-11,-1.80527497458195e-10,-7.75681868995613e-11,1.66297298580811e-10,6.6135560998072e-11,-3.19226473717087e-11,1.08205505675e-10,-6.1138753509385e-11,1.0428882433735e-10,5.46265615656507e-11,-4.44826620071966e-11,-8.88132837023489e-11,8.2850096304446e-12,3.52073022122405e-11,8.70186064346561e-11,-1.03861315736391e-10,-4.15620346356746e-11,-5.53614829400807e-11,-2.36021505551675e-10,5.01373271533918e-11,-2.80954110182192e-11,1.88692988725928e-10,3.65759421754609e-11,7.55202180295974e-11,1.2365378590749e-11,-2.57359754072394e-10,1.67189348262969e-11,-1.19323903285644e-11,-8.93126405391456e-11,9.88036417730213e-11,7.07507802594894e-12,-7.23012858183051e-11,1.11219550509804e-10,-6.3883546851431e-11,-1.6318663599192e-10,1.85259781239801e-11,9.37973070431939e-11,2.75533848001525e-11,-1.41937202393452e-10,1.77057454949476e-10,-1.71702218600508e-11,-8.90182786613242e-11,1.00050325964187e-11,-1.07158970156833e-10,6.73551423421359e-12,-7.6856681039832e-11,-2.10606875610337e-11,1.24279904228292e-10,4.17010196960277e-11,1.72325705682718e-10,1.29393453834706e-10,1.47683949068072e-10,-1.43695782796042e-10,-4.35797025676401e-11,1.56828312271696e-10,-3.49033013709273e-12,5.56450685332005e-11,-1.53093791921607e-10,5.06169531203898e-11,5.45278998161111e-11,-3.92139892942019e-11,2.95115741686672e-11,3.0931061143869e-11,4.20443552652249e-11,-6.99073925657119e-11,4.83114431509085e-11,-9.27572531192763e-11,-1.47232327648556e-10,1.65092123965546e-10,1.23079012169119e-11,-3.16416890997965e-11,-1.18604221278748e-10,8.26837817852496e-11,7.59424214518734e-11,1.08717326388452e-10,2.42913955036778e-10,1.23462002419024e-11,2.2441637349556e-10,-2.73629231645537e-12,-1.00380284371669e-11,1.31843032864294e-10,-2.20165697547206e-12,1.20788839075744e-10,1.04184162332797e-10,-1.79166065957221e-11,-8.41767547735685e-11,-9.62512538174333e-11,9.66967895099965e-11,3.74398574789961e-11,-1.50786588308623e-11,1.30250643724725e-10,1.50155656907623e-11,2.1352040570835e-10,-7.29848676864936e-11,4.35235192978835e-12,-1.13268375583154e-10,-2.29560530277035e-10,-7.36250313132752e-11,-5.46494775852763e-11,-5.17495507349508e-11,-6.7856959989043e-11,-1.96201716663176e-10,2.49034348667186e-11,4.26942329398505e-11,-1.78786958490139e-11,7.10471245547661e-11,6.71419189110491e-11,5.0046327607304e-11,5.75708718369188e-11,9.80176878105211e-11,1.50934577497691e-10,-7.13829027243009e-11,2.86206397968715e-10,8.56259965598793e-11,-9.16798023561978e-11,3.9864382542275e-11,-1.19829875659369e-10,-6.75827339874175e-12,6.56974639724248e-11,-3.53318128157832e-11,-1.29609058499908e-10,8.47277756086837e-11,8.54477304241628e-12,7.59638436679186e-11,3.30252465116593e-11,4.00058261331853e-11,2.34332760614551e-11,-2.5846670890363e-11,-1.98598656441416e-11,-5.50503604063057e-11,-8.48395000129027e-11,7.70548575923933e-11,1.30858952188423e-10,-5.08758697646513e-11,1.45771694654697e-10,-2.06479904949493e-11,1.27759855091868e-10,8.76793254841068e-11,1.37979702506526e-10,5.64896550148353e-11,-2.45993924075075e-12,-9.76082761772015e-11,-9.81113220181821e-11,5.54397151568845e-11,-5.45627222850397e-11,2.39770147749139e-11,-8.89279084459358e-11,-3.36350520795211e-12,4.07736908179264e-11,8.02208337689631e-12,3.18873448838342e-11,-1.18973982400147e-10,6.02978380605344e-12,2.68028155526776e-11,5.97096023937788e-12,-9.50743117215002e-11,-3.43541239469776e-11,-3.89041472772797e-11,-3.78602199579384e-11,-1.2405805913391e-10,9.72887268231966e-11,1.4186873783965e-11,-6.37437765990032e-11,-2.44514683975001e-11,-2.00037054497412e-10,-4.33810603346801e-12,-1.39294156815242e-10,7.93341767289006e-12,-1.34062785568658e-10,1.30997069510273e-10,-1.66294419656557e-11,3.24478980338222e-11,8.54754754089513e-11,7.6114035696262e-11,-5.62697346760906e-11,-5.41628228422254e-11,1.76638988265148e-12,1.06487635142554e-10,1.94825687581129e-11,-1.15011439959961e-10,1.07578642820403e-10,8.37686090957952e-12,-1.96783501576683e-10,-7.85388227144759e-11,-1.51405075120426e-10,7.82406047196697e-11,1.01313070503715e-10,-9.16885988346434e-11,-7.43365855089357e-11,-1.33126808080186e-10,-9.89352492963567e-11,-2.99936972336531e-11,-8.47537363195247e-11,1.3938903336144e-10,5.50848580302766e-11,1.34473376034735e-11,8.03058486813582e-11,1.75902453838731e-10,-1.98460589059485e-10,3.89163492672847e-11,-4.8407946991987e-11,1.32783127245321e-10,-3.71568347305329e-11,-1.7229715190088e-10,1.67000737173185e-11,4.83012001506574e-11,-1.45408591541139e-10,2.44416512581849e-11,2.66790027416977e-11,2.95596871392138e-11,-3.59752343101636e-11,-3.81766692746898e-11,3.66416407810514e-11,-2.83629437283499e-11,-2.50643145619259e-11,-1.15714536941764e-11,1.49504910188721e-10,-3.65333407414089e-11,9.19509400257269e-11,-1.97751564517177e-10,-3.42458183152722e-11,-5.40900819515872e-11,-1.43844557301112e-10,-9.30959141877036e-11,-2.02607824869838e-10,-1.21901972057241e-10,2.73878565472457e-11,-1.39983786207424e-11,-8.88009868825011e-11,7.11317855969055e-11,7.06300473152893e-11,1.87291128539319e-10,-1.46637446662662e-10,3.11297999159177e-11,-1.50614793256992e-10,-1.79909280705052e-11,9.08749994307041e-11,5.83758357834037e-11,-9.75816117220769e-11,6.62890612711823e-11,1.47286672486998e-10,-1.52487692160686e-11,8.32671761816873e-11,2.24953368841569e-10,8.73525000617826e-11,6.76910284877465e-11,7.22228975797296e-12,1.2924536888917e-10,-1.48738389049492e-11,-1.27488125932308e-10,-1.49649390073166e-10,-1.66335869756355e-10,7.1508102058869e-11,6.48706737410554e-11,-1.50263299120826e-10,-1.98342710420903e-11,3.1380508810778e-12,5.42582150604736e-11,-1.52778685534525e-10,-1.32057371794331e-10,4.82820410575101e-11,-7.87663102871625e-11,9.6045705309062e-12,1.21085025328333e-10,-6.08864531425299e-11,-4.79054105727881e-11,1.33287043616223e-10,-8.086507742979e-11,-4.37229647665134e-11,2.06311683597971e-12,2.31281718500568e-11,-1.46491677663535e-10,-8.17430787031617e-11,6.3088724528276e-11,1.10631626452884e-10,3.34772405333066e-11,-7.3946753997822e-11,-2.49656078078464e-11,1.50606860142167e-11,-1.4139872798359e-10,1.04882011301553e-10,1.16707084824829e-10,-2.07936574694778e-11,-8.4824426663711e-11,-2.08188635637822e-11,-5.19068077693909e-11,-1.28317502693834e-10,-4.31096972200492e-12,6.62426993569464e-11,1.72093467434586e-10,9.95659475360914e-12,-1.94370040468167e-11,-1.93536975719935e-11,1.10399629265399e-10,1.69429931155774e-12,-2.16503884590921e-10,6.18257694709311e-11,9.86529402002894e-11,5.10859370269918e-11,-1.28640621722141e-11,1.12958819835095e-12,6.9641908727926e-11,8.99440245300046e-11,-1.28982062882229e-10,-8.36172234939129e-11,6.66145345986119e-11,2.00570758941407e-10,7.56512390453676e-11,-1.29635772140891e-10,-3.64164883129539e-12,-6.87791725579855e-11,1.91235788232824e-11,6.01113197816919e-11,-1.38031319214592e-10,-8.9338438070128e-11,6.43761591375263e-11,-7.73238622530326e-11,7.51756985112431e-11,-2.25158350442496e-11,2.71899819071301e-11,-3.87164269593041e-11,-5.78066978175391e-11,-2.52236735583903e-12,1.34198940615482e-10,3.30958612616873e-11,9.01372761698379e-12,1.73573080701484e-11,7.44231861582372e-11,-1.03845404307553e-10,-1.37505014172032e-11,5.69140399859821e-11,-1.19232002437761e-11,1.85953078298913e-10,1.38220965360897e-10,7.70669376683607e-11,2.58585276234308e-11,1.31776258006698e-10,4.25020425017286e-11,2.25773305278685e-12,-1.98778972607267e-11,-1.31632367766543e-10,1.96138878666658e-10,-5.06855692429165e-11,4.00007370701728e-11,-1.04924562125835e-10,-7.61313835116973e-11,-1.53026673651858e-11,1.30462496467626e-10,6.5023789690575e-12,2.79379420105837e-10,1.25647176151129e-10,5.83483902523771e-11,2.01937379319543e-11,-3.17565552128815e-11,-2.31446086670747e-10,-2.59381620960839e-10,-3.56142139236202e-11,-6.68583586219186e-11,-6.55184697857121e-11,-1.74906705171851e-10,8.33247458744761e-11,-3.11845076213624e-11,-1.05724662692502e-11,-1.95578730036299e-10,-6.3573132124784e-11,6.57594609139558e-11,4.4319271458608e-11,-1.77376867822737e-10,1.40293781220923e-10,-3.81369441957631e-11,6.13754953219471e-11,2.2445069944822e-11,1.05240198839939e-10,-5.23765879541412e-11,-7.58226426329988e-11,-9.9773992749345e-11,-6.82218270212077e-11,6.28671476810711e-12,8.31275409136432e-11,3.46757876190349e-11,-2.9535010397716e-11,-1.71165432126584e-10,5.68884520179301e-11,1.22825754079571e-10,4.35601015458835e-11,-4.70033405061966e-11,-2.1593470012652e-11,7.80203758939133e-11,2.44895580889306e-10,2.68574629790576e-12,-1.52925724150867e-10,1.4823736284725e-12,2.29045756269175e-11,-1.16142230342651e-10,-1.96213113326002e-12,8.36534455361804e-12,-5.66358802952559e-11,-1.54729822652898e-10,-1.32372214989989e-10,-1.16221466179911e-10,-4.40437970435949e-11,-1.44506886033079e-11,1.4351811468828e-11,3.37959895412459e-11,-1.18108759632708e-10,-1.63462510002454e-10,2.72653498666142e-11,1.51568936187796e-10,6.88295483882257e-11,9.62439159907292e-12,2.31226968883501e-11,-3.45909573450445e-11,1.84320548206754e-10,-1.12612855343333e-10,5.81732012046217e-11,-1.88598711100251e-11,6.6115382963043e-11,-7.24690901446908e-11,5.3354274912511e-11,-2.13958910046621e-11,2.07499118379754e-10,-6.51081050890687e-11,2.20229325450248e-10,-9.42534736392389e-12,1.21892213456188e-10,-1.72766471019824e-10,-1.02371028561602e-10,1.24953029506818e-10,5.792208112691e-11,-1.73217712485254e-10,-7.7393713897805e-11,-1.11851643203038e-10,3.39862569064334e-11,-5.03046069216865e-12,5.81741179414368e-11,5.76955773841953e-11,-2.78369013256803e-11,-2.93493899869658e-11,-4.5678840045337e-11,-3.70549364981516e-11,-1.99576566477374e-11,-3.44831770476271e-11,-2.04173630197761e-10,1.84503950649159e-11,1.35551771677144e-10,2.96764637708516e-11,2.26890056907609e-10,1.92849808938257e-10,7.32924775152975e-11,-1.48769207390129e-11,3.96361133181914e-11,1.40317261673549e-10,8.67629573333103e-11,5.81620443868077e-11,2.3246586090201e-10,1.10655514458166e-10,-8.33948323505854e-11,-7.78385449549122e-11,-2.44733839795424e-11,1.17296960055489e-11,6.99637408427729e-11,-7.75767083527316e-11,1.41312896051879e-10,3.23814520426703e-11,-2.37747544908657e-11,-7.71147071537943e-11,-2.5992678737253e-10,3.46123062027552e-11,4.95836781686797e-11,-1.58191460316887e-10,-7.96191450044766e-11,-2.6682980620898e-10,1.64813006758536e-10,7.60858147561778e-11,-8.78228204087522e-11,-3.73892164196217e-11,5.5741090081308e-11,6.33495117536967e-11,4.70211862024991e-11,9.74026549374984e-12,5.52115554479332e-11,-2.86954870124884e-11,5.08103280791097e-11,-1.15610563941132e-10,-3.76911250377909e-11,9.18607802369772e-12,-4.66847552632416e-11,2.30107371605733e-11,-1.39571381321035e-10,1.74141417487295e-10,-4.43375859748142e-11,4.07013191917492e-11,-1.22102718976228e-10,-1.04472040082494e-10,1.00973309783503e-10,-3.88083995067614e-11,3.17440335039862e-12,3.1755321933181e-12,-1.64001959500251e-10,1.6856533390044e-10,-8.03428625277248e-11,3.46819831615698e-11,-9.79645158348484e-11,-1.3351672725316e-10,-6.38362153552997e-11,-1.36193372032791e-11,3.84844323109615e-11,1.31767677869052e-10,-4.90186415078551e-12,1.06328809224742e-10,1.47783513998598e-10,3.72613770472102e-10,-9.38210711280632e-11,-1.57023267260612e-12,6.7880705500885e-11,-2.59209697836443e-11,1.34688657065056e-10,-3.34122732557841e-12,9.59127032156433e-11,-4.29124286851013e-11,5.06627369960544e-11,1.75087619692277e-10,1.3662391581319e-10,-4.38747709013675e-11,-9.83045063090546e-11,-5.23755196367023e-11,2.82345314775686e-12,1.54909916437779e-10,-7.26497608651185e-12,-5.75101096906382e-11,-3.7470746477638e-11,1.80289490073039e-10,-1.18108334496123e-10,7.06208890509269e-11,1.25713473277096e-10,1.66764611794977e-10,5.93094042962192e-11,-1.91538296926669e-10,-4.78675778209338e-11,3.72501030421041e-11,-8.42834746430862e-12,-2.24066324709708e-11,-1.28954557485552e-10,1.12659849222123e-10,4.99526885928649e-11,-7.36613094003444e-12,1.10199949504008e-10,4.22420909631336e-11,-1.38456815545638e-10,1.5925657048378e-10,5.05121010864153e-13,1.64504480270941e-10,-2.4939398251566e-11,1.94409930461037e-10,7.20912544522186e-11,1.98912652223209e-10,-4.69636982782732e-11,-1.36054584905359e-11,6.29974318365373e-11,-8.31870930302842e-11,7.17589892744512e-11,-4.03935517819051e-11,1.76455834389199e-10,1.10024044374955e-10,-1.39525799009391e-11,1.68595987368962e-10,-1.79272412036679e-10,-1.66107745392432e-11,2.8958731112038e-11,6.8203979343252e-11,-2.08404234010225e-11,-3.96220395345718e-11,5.39390122179782e-11,-1.62511854542791e-10,-6.57403135289401e-12,-1.29858945133833e-10,-3.40997022695645e-11,-1.85135915760394e-11,-6.74298798094484e-11,-1.77452681792322e-11,5.48366436273528e-11,-1.86258536698051e-10,-1.00185093591445e-10,-9.52221295414354e-11,6.45373039645162e-11,2.04930150586707e-11,-6.26860335494228e-11,2.38089148043567e-11,-4.69110998166632e-12,3.39213121484518e-11,-1.06150037350254e-10,-2.61118310980648e-11,1.27554277397402e-10,-2.29660337374625e-11,-3.24156494784282e-11,1.35428438445016e-10,3.38577769798859e-11,3.14102686447064e-11,-1.48571018270256e-10,1.39660181595723e-10,-4.89708055395253e-11,-4.04303584685172e-11,9.02500607717496e-11,-1.12115411329522e-11,7.68116956294621e-12,-7.08273103891618e-11,-2.13434711035661e-10,-1.38621915802104e-10,-2.04943203386917e-10,-2.71070881343337e-12,-7.52549245460958e-11,-3.22875662923043e-11,5.88858882766038e-11,4.65218095352459e-11,-1.47562908773044e-10,1.0500376742629e-10,-7.65325680816447e-11,2.41801566767162e-11,1.63311033797764e-10,-7.18393598353071e-11,-5.99423482758612e-11,-1.22950738626845e-10,-8.07253281520147e-11,5.76221551196141e-11,2.50594903518151e-11,-2.11728529665394e-11,1.28062030369182e-10,-4.78822012109875e-11,1.84582710972712e-10,-1.42785086516957e-10,7.17773556182021e-11,8.19581829821524e-11,-1.77432096759519e-10,7.328663675085e-11,8.18504078925084e-11,2.26936147369455e-11,6.16245201898451e-11,-5.50257565216055e-11,7.35282085463486e-11,-1.31084866839474e-10,1.7098842987986e-11,-6.72575317635472e-11,1.38131831282872e-10,1.23133805338971e-10,2.74393397820054e-11,1.39028512297657e-10,-2.4020652687237e-11,-5.8002487707809e-11,6.54769881875187e-11,4.43336180342068e-11,-2.47148056166637e-10,-5.74011178354922e-11,-1.84283859762481e-10,4.60739295968325e-11,2.33689799351015e-10,9.63407768355831e-11,2.37304267666207e-11,1.32275726128866e-11,3.17635082183018e-11,-1.22607701359986e-10,4.76428563765239e-11,-1.77390517175158e-10,8.73679344780625e-12,-9.39029236528281e-11,-1.17675909622759e-11,3.6206438556801e-11,6.49909912547184e-11,-2.55909423171905e-10,-1.45658147655642e-10,-6.55881857460262e-11,1.04478602200456e-10,-1.1218163913719e-10,-6.5686902931254e-11,1.24173347895918e-10,-1.28978416273578e-10,-2.44137934373604e-11,-5.08929615878708e-11,-3.45208206015061e-11,2.96196294732473e-10,1.35735261605139e-12,1.87729517480513e-10,1.89996188210382e-10,2.33164618102075e-11,-1.08123158238926e-10,-6.9333056778711e-11,8.93422317149278e-11,2.33510350062147e-11,-1.00061173569745e-10,-2.21854317028141e-11,-6.16088233270427e-11,1.70943027531787e-11,1.71492366604932e-10,-7.23113377949433e-11,-4.60318758534002e-11,-1.27170352935008e-10,-1.08866978171082e-10,2.20600222869929e-10,-3.99710779378958e-11,-4.84120498899276e-11,-8.37424273996442e-11,8.98870827193939e-11,-7.46753482621653e-11,5.80736878928403e-11,1.35183442043577e-10,-8.75502082407642e-11,-1.5007554792075e-10,4.68208456181313e-11,-1.80469861611315e-10,1.50696292517e-10,2.17803355407789e-11,-3.18796913642149e-11,-4.633311861863e-11,-5.17573894758207e-11,1.50539309664417e-10,-9.0205500760811e-12,-4.84057809667294e-11,-4.59419240185531e-11,-1.5141238106803e-10,-3.97321293571319e-11,1.12850906314259e-10,-2.99269032776943e-11,-4.63996817052386e-11,-2.22332265956457e-10,-1.15967201642828e-11,-1.609128112734e-10,-1.14113600742432e-10,-4.85717156989754e-12,-6.69348466305188e-11,-1.62600253235621e-10,-2.07057013573573e-10,5.28250206727653e-11,-5.89301708485636e-11,-1.08581696466206e-10,-6.20694823130078e-11,3.54653283565715e-11,-5.95292544157127e-11,-1.48708941494486e-11,-2.89475067654797e-11,1.3472918444535e-10,-2.28347072491871e-10,4.61930697689938e-12,1.48539661403139e-11,-5.91441535573299e-11,-1.77110203197174e-10,-2.40097497797254e-10,2.55172704757682e-11,-1.84666096061372e-10,1.87246988234526e-10,-1.16639670162481e-10,-5.43599205873543e-11,-1.42785805600995e-11,8.74951389995163e-12,-6.32089803794832e-11,-4.83856405205982e-14,3.42050840551756e-11,-6.97955071539899e-11,-1.14477378409884e-10,-1.19672047855129e-10,1.9215000764563e-10,1.12016380184933e-10,9.77618747027329e-11,1.10202554510938e-10,-3.10419848041393e-11,-2.22762447613373e-11,1.53951697135051e-10,6.9433059163356e-11,-1.50104181294827e-11,-1.03193462858147e-10,9.75280956410963e-11,5.37102608519556e-11,2.49886360438467e-11,-7.34966525609509e-11,-9.11539357975756e-11,1.10554795599435e-10,5.95659786523405e-11,-1.24686086982632e-10,-9.66372066585424e-11,4.34220184835874e-11,2.24168769049974e-10,3.41824668987345e-11,-7.73329124024176e-11,6.19333650551715e-11,4.72569449506328e-11,6.31424542027376e-11,7.7347208473764e-11,-3.62854585690704e-12,-8.42707883766779e-11,1.25871291867623e-12,3.58890480625303e-11,1.5046772994923e-10,-5.73473162150795e-11,4.94911953509415e-11,3.94524784086069e-11,-1.38397574889952e-10,7.57272724824315e-11,4.45726227906631e-11,-1.74924651984172e-10,-1.74257164619309e-10,1.02196071926143e-10,4.97440730981193e-11,-7.68513073013147e-11,4.13938817668509e-11,2.84606815750083e-11,-2.69158216424963e-11,-1.11631105335221e-10,-5.36225990383488e-12,2.01928147094789e-11,-5.55609108161446e-11,-8.13507551843211e-11,2.53011828639667e-11,1.42548449804478e-10,-4.33915553250372e-11,-2.06443787737963e-11,-5.07081843948998e-11,4.69044638658834e-11,-4.14382485808611e-12,-5.39268672652414e-12,7.7332048093572e-11,7.36383441087211e-11,-1.43619800987535e-10,-1.20881569887726e-11,-5.23723490149063e-12,-9.22717901824158e-12,1.00081885942652e-10,-1.23894877317662e-10,-1.04678411294091e-10,-3.2537275426448e-11,3.20677624955754e-11,-4.40556929722817e-11,-1.30090398690714e-10,7.69185877652914e-11,-2.18042932888521e-10,1.4416764348902e-10,2.84780215436208e-11,-7.53924549796775e-11,-2.29034374060737e-11,-9.19810368765187e-11,1.7126552356856e-10,-1.23477910926167e-10,6.56242694209132e-11,5.15942990644318e-11,7.25739860599626e-12,-8.84545128671103e-11,7.79150305097546e-11,1.27094269703507e-10,-6.43200917897272e-11,-5.18042747190107e-11,1.73595229681053e-10,2.28551291554607e-10,3.69252855110732e-11,-2.53559820722275e-12,2.67849030972357e-12,-1.70576871781808e-10,-1.59797835357206e-11,5.11386373453127e-11,6.96164467531441e-11,-2.57762690229463e-12,1.63190974754099e-10,-8.45854563575328e-11,-7.40791496343131e-11,1.7092111192478e-10,1.02427384402947e-10,1.41872329270815e-10,-6.57405780169463e-11,-7.2644123984333e-11,-4.48444900960579e-11,-1.63913105883656e-10,1.99530720519444e-11,2.11661423327599e-10,-4.02497266446535e-11,-1.28478450480277e-10,2.81344861024126e-11,8.40348034772181e-13,1.44298673644263e-10,-1.66992398848094e-11,6.62235037837129e-11,6.90412983579251e-11,2.40638945450042e-11,-4.37145360505699e-11,6.29376352589505e-11,-5.36654198725557e-11,2.99089002454716e-11,-6.12269375769432e-11,-1.3137305045186e-11,-1.3110572303211e-10,9.94171566228438e-11,-1.05106136604421e-10,-1.58170232131201e-12,2.8323121857018e-11,-5.16368169911431e-11,-4.57697239902754e-11,-1.66138030717859e-11,-1.15514373289706e-10,-1.55662480886744e-10,1.56204903564233e-10,-7.25386093427744e-11,-9.71420225354139e-12,1.81319723854107e-10,-2.76920307811677e-12,-3.26506853851687e-11,-1.13096462761852e-10,-1.21686554121487e-10,9.65729119427971e-13,7.11022569876622e-11,9.2546064707556e-11,-1.36396937942511e-10,1.05083546374768e-10,3.55140406985209e-11,-2.51173780125473e-10,2.46171044046035e-10,2.8901713211521e-11,8.27780089565874e-11,1.56392921553444e-12,-2.46468598430736e-11,-1.63750350379405e-10,-1.26002738924123e-11,-5.44512128050828e-11,1.64655388890483e-10,-7.6191345869065e-11,1.67302957870975e-11,7.50417864438326e-11,-1.53518025186819e-10,4.13728794052708e-11,-4.79924026869538e-12,1.01007720954297e-10,-7.93840962808621e-11,-1.19783942539972e-10,5.28171603707525e-11,-1.95341772784338e-10,-1.38943093186944e-10,2.98193890617496e-11,-7.43082789212755e-11,1.27917002419938e-10,-7.26495682971745e-11,9.16251350930153e-11,-4.55221125894206e-11,-2.66533536247736e-11,1.24559027750538e-10,4.0986794819992e-11,-1.72908076660298e-10,4.56452805379629e-11,1.27584592811602e-10,-1.58407437108022e-11,1.10563833377183e-11,-1.57027043523279e-11,2.46220905171899e-11,7.50452488172414e-11,-1.61781964996853e-10,-8.30505725864004e-11,-5.48046989916865e-11,3.14771631929717e-11,-1.21035718315607e-10,-2.04239668746737e-10,-9.83121523694837e-12,5.68305694838355e-11,-7.7472136245096e-11,5.64142708511562e-11,4.07532729618381e-11,1.17297556649068e-10,2.29400607356978e-11,1.19125629306361e-10,2.96079892460335e-12,-1.62721411817117e-10,-2.92969042510673e-11,-2.63380021295503e-10,3.89943496770639e-12,1.31090229973041e-10,-2.03246657908251e-10,1.58092492203748e-10,-1.53917410896353e-11,6.47157472235422e-11,1.31049290712303e-10,-2.07745116874383e-11,8.78128227685155e-11,-2.31141176457965e-11,-8.51821038030952e-11,1.17377793596255e-10,-4.47513258627942e-12,-6.76425918520875e-11,8.25832611105549e-11,3.17981077382571e-11,4.96235970132921e-11,5.33062004973407e-11,3.6776603965155e-11,5.61323589407745e-11,-2.60903970236884e-11,-1.16018421060644e-10,-5.85487916004998e-11,3.02980303353788e-11,-3.70284875821165e-11,-8.7313444869012e-11,-1.36170420326216e-10,-9.94732584326415e-11,-1.00006557822069e-10,8.18680144468107e-11,-1.30076191052e-10,1.00665637541602e-10,6.87740862086923e-11,-9.16245030276729e-12,2.1805978135775e-11,7.46995155317113e-11,2.2048995538114e-11,1.65619724101323e-10,2.8551873502336e-11,5.41748215308168e-12,-1.26978513365361e-10,6.06784864858657e-11,5.39198132606258e-11,5.2479881986175e-11,8.28712602623066e-11,-2.45723526321026e-10,9.82530069481508e-11,9.80645268497339e-11,1.57723331989826e-10,1.93586251980066e-11,3.09108534568158e-10,-1.23050066380257e-10,2.495802679827e-10,1.46622093209425e-10,2.05370054126986e-10,2.35069102442634e-10,-4.14888600058976e-11,9.32645186243204e-11,8.92100813845844e-11,-2.28243229556079e-10,1.31364662995489e-10,-2.76147082380823e-11,2.30871703336057e-12,-8.94505815162393e-11,-1.33793643979554e-10,1.03168678335874e-10,-1.36320278414725e-10,3.10591051357564e-11,-1.39122675766968e-10,-2.15703849636343e-11,2.15119768748303e-10,2.98947583686241e-12,-2.4151804947825e-11,-8.96217320643867e-11,1.13095276468156e-11,-5.93375908027008e-11,-7.58174889726469e-11,2.92684239620929e-11,6.80602831689657e-11,2.51712678658436e-11,7.20505358819052e-11,-2.39778964184069e-11,8.52614025269393e-11,-1.44079309952217e-10,-1.3983161279141e-10,-2.06007710444027e-11,5.47644940987952e-11,-1.3588026900328e-10,7.90458359130032e-11,9.79362778732685e-11,-7.44039895187044e-11,4.88172003081999e-11,-2.97768831628852e-10,5.71832671435389e-11,7.17078937321761e-11,1.73279520120762e-10,3.52432455160743e-11,-1.03484820877574e-10,-4.15281635078697e-11,6.99798546007296e-11,-6.1627655134197e-11,2.50541367083835e-12,-1.90911550228379e-10,1.56489003563649e-11,7.76771737765535e-11,-5.64116084985748e-11,5.01711592712369e-11,-8.94155114095079e-11,-1.01438629788598e-10,5.32304760841983e-11,-8.06529265161119e-11,2.01895513678666e-11,-5.33676989995461e-12,-1.44537734021045e-10,-1.1588159682149e-11,-4.05162276438012e-11,-7.84560610259245e-11,4.92903418351927e-11,-3.82201877696735e-11,5.43825396779739e-12,-2.25414354542236e-10,-2.22863886883257e-10,1.22042009942249e-10,1.56977855453873e-10,2.83914437085498e-11,-9.4988248661293e-11,4.08387406160778e-11,-2.65668936322823e-11,-9.38721697017747e-11,-1.71498424703674e-10,1.53378976128772e-11,-8.90060771413695e-11,6.11527468114722e-11,1.57950842812766e-10,8.53920701531394e-11,2.17291792907224e-11,-1.13565427381454e-11,8.93802220221228e-11,6.79392691019519e-11,1.32695191924854e-11,4.46097567964845e-11,6.93473089628567e-11,4.4271842771869e-10,3.64941443009221e-10,4.28361741716568e-10,6.71647606169649e-10,6.45751145110268e-10,9.73903311837622e-10,1.01762667299357e-09,1.43322176885702e-09,1.85239981763897e-09
