v,0.25
Patm,100000
g,9.81
r,500
G,10^11.45
rho,2500
mu,10^2.91
rc,28
 
M,10^6.42
sigma,0.1
 
tilt_erupt,5.5433nrad
 
-1141,-1140,-1139,-1138,-1137,-1136,-1135,-1134,-1133,-1132,-1131,-1130,-1129,-1128,-1127,-1126,-1125,-1124,-1123,-1122,-1121,-1120,-1119,-1118,-1117,-1116,-1115,-1114,-1113,-1112,-1111,-1110,-1109,-1108,-1107,-1106,-1105,-1104,-1103,-1102,-1101,-1100,-1099,-1098,-1097,-1096,-1095,-1094,-1093,-1092,-1091,-1090,-1089,-1088,-1087,-1086,-1085,-1084,-1083,-1082,-1081,-1080,-1079,-1078,-1077,-1076,-1075,-1074,-1073,-1072,-1071,-1070,-1069,-1068,-1067,-1066,-1065,-1064,-1063,-1062,-1061,-1060,-1059,-1058,-1057,-1056,-1055,-1054,-1053,-1052,-1051,-1050,-1049,-1048,-1047,-1046,-1045,-1044,-1043,-1042,-1041,-1040,-1039,-1038,-1037,-1036,-1035,-1034,-1033,-1032,-1031,-1030,-1029,-1028,-1027,-1026,-1025,-1024,-1023,-1022,-1021,-1020,-1019,-1018,-1017,-1016,-1015,-1014,-1013,-1012,-1011,-1010,-1009,-1008,-1007,-1006,-1005,-1004,-1003,-1002,-1001,-1000,-999,-998,-997,-996,-995,-994,-993,-992,-991,-990,-989,-988,-987,-986,-985,-984,-983,-982,-981,-980,-979,-978,-977,-976,-975,-974,-973,-972,-971,-970,-969,-968,-967,-966,-965,-964,-963,-962,-961,-960,-959,-958,-957,-956,-955,-954,-953,-952,-951,-950,-949,-948,-947,-946,-945,-944,-943,-942,-941,-940,-939,-938,-937,-936,-935,-934,-933,-932,-931,-930,-929,-928,-927,-926,-925,-924,-923,-922,-921,-920,-919,-918,-917,-916,-915,-914,-913,-912,-911,-910,-909,-908,-907,-906,-905,-904,-903,-902,-901,-900,-899,-898,-897,-896,-895,-894,-893,-892,-891,-890,-889,-888,-887,-886,-885,-884,-883,-882,-881,-880,-879,-878,-877,-876,-875,-874,-873,-872,-871,-870,-869,-868,-867,-866,-865,-864,-863,-862,-861,-860,-859,-858,-857,-856,-855,-854,-853,-852,-851,-850,-849,-848,-847,-846,-845,-844,-843,-842,-841,-840,-839,-838,-837,-836,-835,-834,-833,-832,-831,-830,-829,-828,-827,-826,-825,-824,-823,-822,-821,-820,-819,-818,-817,-816,-815,-814,-813,-812,-811,-810,-809,-808,-807,-806,-805,-804,-803,-802,-801,-800,-799,-798,-797,-796,-795,-794,-793,-792,-791,-790,-789,-788,-787,-786,-785,-784,-783,-782,-781,-780,-779,-778,-777,-776,-775,-774,-773,-772,-771,-770,-769,-768,-767,-766,-765,-764,-763,-762,-761,-760,-759,-758,-757,-756,-755,-754,-753,-752,-751,-750,-749,-748,-747,-746,-745,-744,-743,-742,-741,-740,-739,-738,-737,-736,-735,-734,-733,-732,-731,-730,-729,-728,-727,-726,-725,-724,-723,-722,-721,-720,-719,-718,-717,-716,-715,-714,-713,-712,-711,-710,-709,-708,-707,-706,-705,-704,-703,-702,-701,-700,-699,-698,-697,-696,-695,-694,-693,-692,-691,-690,-689,-688,-687,-686,-685,-684,-683,-682,-681,-680,-679,-678,-677,-676,-675,-674,-673,-672,-671,-670,-669,-668,-667,-666,-665,-664,-663,-662,-661,-660,-659,-658,-657,-656,-655,-654,-653,-652,-651,-650,-649,-648,-647,-646,-645,-644,-643,-642,-641,-640,-639,-638,-637,-636,-635,-634,-633,-632,-631,-630,-629,-628,-627,-626,-625,-624,-623,-622,-621,-620,-619,-618,-617,-616,-615,-614,-613,-612,-611,-610,-609,-608,-607,-606,-605,-604,-603,-602,-601,-600,-599,-598,-597,-596,-595,-594,-593,-592,-591,-590,-589,-588,-587,-586,-585,-584,-583,-582,-581,-580,-579,-578,-577,-576,-575,-574,-573,-572,-571,-570,-569,-568,-567,-566,-565,-564,-563,-562,-561,-560,-559,-558,-557,-556,-555,-554,-553,-552,-551,-550,-549,-548,-547,-546,-545,-544,-543,-542,-541,-540,-539,-538,-537,-536,-535,-534,-533,-532,-531,-530,-529,-528,-527,-526,-525,-524,-523,-522,-521,-520,-519,-518,-517,-516,-515,-514,-513,-512,-511,-510,-509,-508,-507,-506,-505,-504,-503,-502,-501,-500,-499,-498,-497,-496,-495,-494,-493,-492,-491,-490,-489,-488,-487,-486,-485,-484,-483,-482,-481,-480,-479,-478,-477,-476,-475,-474,-473,-472,-471,-470,-469,-468,-467,-466,-465,-464,-463,-462,-461,-460,-459,-458,-457,-456,-455,-454,-453,-452,-451,-450,-449,-448,-447,-446,-445,-444,-443,-442,-441,-440,-439,-438,-437,-436,-435,-434,-433,-432,-431,-430,-429,-428,-427,-426,-425,-424,-423,-422,-421,-420,-419,-418,-417,-416,-415,-414,-413,-412,-411,-410,-409,-408,-407,-406,-405,-404,-403,-402,-401,-400,-399,-398,-397,-396,-395,-394,-393,-392,-391,-390,-389,-388,-387,-386,-385,-384,-383,-382,-381,-380,-379,-378,-377,-376,-375,-374,-373,-372,-371,-370,-369,-368,-367,-366,-365,-364,-363,-362,-361,-360,-359,-358,-357,-356,-355,-354,-353,-352,-351,-350,-349,-348,-347,-346,-345,-344,-343,-342,-341,-340,-339,-338,-337,-336,-335,-334,-333,-332,-331,-330,-329,-328,-327,-326,-325,-324,-323,-322,-321,-320,-319,-318,-317,-316,-315,-314,-313,-312,-311,-310,-309,-308,-307,-306,-305,-304,-303,-302,-301,-300,-299,-298,-297,-296,-295,-294,-293,-292,-291,-290,-289,-288,-287,-286,-285,-284,-283,-282,-281,-280,-279,-278,-277,-276,-275,-274,-273,-272,-271,-270,-269,-268,-267,-266,-265,-264,-263,-262,-261,-260,-259,-258,-257,-256,-255,-254,-253,-252,-251,-250,-249,-248,-247,-246,-245,-244,-243,-242,-241,-240,-239,-238,-237,-236,-235,-234,-233,-232,-231,-230,-229,-228,-227,-226,-225,-224,-223,-222,-221,-220,-219,-218,-217,-216,-215,-214,-213,-212,-211,-210,-209,-208,-207,-206,-205,-204,-203,-202,-201,-200,-199,-198,-197,-196,-195,-194,-193,-192,-191,-190,-189,-188,-187,-186,-185,-184,-183,-182,-181,-180,-179,-178,-177,-176,-175,-174,-173,-172,-171,-170,-169,-168,-167,-166,-165,-164,-163,-162,-161,-160,-159,-158,-157,-156,-155,-154,-153,-152,-151,-150,-149,-148,-147,-146,-145,-144,-143,-142,-141,-140,-139,-138,-137,-136,-135,-134,-133,-132,-131,-130,-129,-128,-127,-126,-125,-124,-123,-122,-121,-120,-119,-118,-117,-116,-115,-114,-113,-112,-111,-110,-109,-108,-107,-106,-105,-104,-103,-102,-101,-100,-99,-98,-97,-96,-95,-94,-93,-92,-91,-90,-89,-88,-87,-86,-85,-84,-83,-82,-81,-80,-79,-78,-77,-76,-75,-74,-73,-72,-71,-70,-69,-68,-67,-67,-66,-65,-64,-63,-62,-61,-60,-59,-58,-57,-56,-55,-54,-53,-52,-51,-50,-49,-48,-47,-46,-45,-44,-43,-42,-41,-40,-39,-38,-37,-36,-35,-34,-33,-32,-31,-30,-29,-28,-27,-26,-25,-24,-23,-22,-21,-20,-19,-18,-17,-16,-15,-14,-13,-12,-11,-10,-9,-8,-7,-6,-5,-4,-3,-2,-1,0
-3.57998657437629e-11,-1.15524858587321e-10,1.75624275144234e-11,1.52600024441546e-11,2.05514619599416e-11,-2.49311756803644e-10,-2.63420034065455e-11,1.64552640337419e-10,5.24010966710393e-12,-7.12269595329013e-12,1.72103673623795e-10,-1.60684765154109e-10,-3.02317082837608e-11,1.24040206959771e-11,-1.61746593224802e-10,-5.89243486899536e-12,8.84102908595892e-11,1.17904033612983e-10,-1.55010737360544e-10,-7.48600530407255e-11,-1.90481062904441e-10,1.44002405950981e-11,-5.17140766325122e-11,-3.00867544655969e-11,1.97074497538645e-10,3.1674978063895e-11,-2.35158238860259e-10,7.07180406012261e-11,-5.5995401087348e-11,-9.40527929194268e-11,-6.80245570804508e-12,1.22909012586495e-10,-3.50636710555882e-11,-6.90018682448008e-11,8.74390633513056e-11,-1.90027299783068e-10,-4.03709597287731e-11,6.16276137609864e-11,-7.79275886490393e-11,9.05592110840672e-11,2.88906253286203e-11,-1.94377653185654e-10,-1.05697565419253e-10,1.84514233941586e-10,-1.48343183861871e-10,7.3838523704363e-11,8.4356071851237e-11,2.78753430662867e-11,-1.04184913338489e-10,-9.00754627950115e-11,-1.00729633002243e-10,-2.7081007667345e-12,-2.18576110516472e-12,-1.02266868221283e-12,6.76663673135941e-12,1.06188424630638e-10,-4.5261625550784e-11,8.23847450330743e-11,-2.93208297971507e-11,1.58689773233461e-10,-5.496740312258e-11,1.77961420233433e-10,-6.9711505099182e-11,-5.73909451038396e-11,8.16064844499514e-11,1.96096746507169e-11,1.09834625648546e-10,3.53489564817528e-11,2.03658052331559e-10,4.4218082079184e-11,1.40798978256902e-10,1.76578490469438e-12,-1.06456084625057e-10,1.86927284956318e-10,4.60944825405597e-11,8.5915785470237e-11,7.23586404447093e-11,8.1258734143464e-11,-1.56047685521978e-11,1.76308647541997e-10,7.71654131696364e-11,8.64820839201034e-11,1.26966964823443e-10,-9.64503959236803e-11,1.01752383257623e-10,1.54620426150356e-10,-6.42878600745801e-11,5.64873781839128e-11,7.69081479117223e-11,-1.26056168364109e-10,-2.22180453315581e-11,-5.7399994565117e-11,2.10318274807484e-10,5.92772897467493e-11,7.09478900849231e-11,-4.11447433597108e-11,2.67444731610252e-10,1.2789187516031e-10,-7.72480505866049e-11,3.13741345171741e-11,-8.15260658915747e-11,-3.30635996240333e-12,1.42990186999217e-11,1.35753374369576e-11,-4.54158852269784e-11,-7.62244151511208e-11,-1.2912731039759e-10,6.02483551082194e-11,6.17068097946429e-11,8.34035587416146e-11,-7.88512856320307e-11,-8.83154597362432e-11,-2.35898996784611e-10,-2.32079741425896e-11,-9.41629433492426e-11,2.2562641656647e-11,1.24311062755561e-10,-1.28613463558562e-11,1.97313318816259e-10,-3.76951834569095e-11,8.15724129445398e-11,1.25610459272494e-13,1.58938888849499e-11,-9.76288322020115e-13,1.83368638603747e-10,-3.96331013528106e-11,1.6360379147237e-12,-1.44430633614765e-10,1.36831617810861e-10,-2.11739319982012e-11,3.08090631128456e-11,-6.16552348185165e-11,-6.87768840149997e-11,-3.68806015969903e-11,-3.26368517457086e-11,-2.37218218487082e-11,1.52503682250293e-11,-2.75585162850817e-11,-1.29302183939237e-11,1.26232912990707e-10,9.16756859698368e-11,1.61155264620163e-10,8.94817542756383e-11,-4.79481066150834e-11,-1.61360770004119e-10,-1.15490998021596e-10,4.33552227683484e-13,-2.18039763645088e-10,7.04942499822696e-11,-4.04939896077336e-11,-3.85318331883861e-11,5.55685475442027e-11,1.34825162959352e-10,-1.23566228400212e-10,9.34852351783814e-11,1.06479775872526e-10,-1.83966053314655e-10,4.597354329582e-11,7.90382688314813e-11,1.89546072089617e-11,1.33630922520128e-10,7.03652253748693e-12,1.11666051490692e-11,1.44456227849246e-10,-1.64596138189771e-10,8.96042242394209e-11,1.27489667965607e-10,-3.71553130873735e-11,1.11657932158265e-10,5.83557814042224e-11,2.24122747179519e-11,1.23416372849902e-10,-7.73870930443534e-12,3.6551627820119e-11,1.77867300256276e-10,-9.38698055551245e-11,-2.00060386903578e-11,1.28912647893498e-10,4.78766566020482e-11,-5.68937496632193e-12,-6.08884928256884e-11,8.344166444563e-11,1.17317894029578e-10,1.35599848459314e-11,-5.21196215618924e-11,9.15188910831965e-11,-1.08700013394254e-10,-1.552620951608e-10,-1.4931587635089e-11,-1.26265814723654e-10,2.61437357804787e-12,4.30836853077074e-12,4.52100708702788e-11,-9.18842689873356e-11,8.59042048706853e-11,6.65123689773947e-11,-3.19177606097331e-11,-4.68976425442581e-11,-3.18449377834466e-12,9.52851754207217e-11,-6.2805874816233e-11,-3.81011653512369e-11,3.97595339091781e-11,-5.76382028531936e-11,3.72119994303041e-11,1.28888297834904e-10,-1.56277166407454e-10,-3.68733060692535e-11,-1.23378479143418e-11,-1.46207270640799e-10,-9.65591018429417e-11,-8.03463911620679e-12,-1.62122079801726e-10,-2.63893701904349e-10,-6.40847290997518e-11,7.52032511822891e-11,-3.69320065465815e-10,-3.80371108417428e-11,-1.43420295822488e-10,8.66940868040162e-11,-9.10759132266443e-11,-4.72752985014921e-11,3.32942179838565e-11,7.52004323242314e-11,2.60171680040322e-10,2.58675968757284e-11,-8.78884639954464e-11,2.85423736797834e-11,1.45881096712356e-11,-6.70994489552104e-11,-1.16705118456017e-10,1.3473297581117e-11,2.35176900623712e-10,-2.29662960596044e-11,-1.34937602972441e-10,-8.87089039354315e-11,9.8434835589093e-11,-6.4559963326311e-11,-2.64785497775042e-11,-2.1824995280349e-11,2.22642015314365e-12,6.2334100386986e-11,1.23517884167043e-10,-4.89101006908555e-11,-1.05970268583359e-10,9.25936777074501e-11,-4.06803477396605e-11,-8.91465812303713e-11,-4.18392446869009e-11,-1.63779808983267e-10,-1.38470183186858e-10,-1.88593771931116e-11,-1.89511532957208e-11,-7.34074581856068e-11,8.82854675872739e-11,-1.63415384820075e-10,5.08353755412411e-11,-4.2814952176298e-11,-2.53704527077051e-10,7.80820139308349e-12,-2.52818229997434e-11,-1.05405513738297e-11,-8.79951780155104e-11,1.36380737042604e-10,-4.69174687979504e-11,2.21916604805398e-10,1.46924304687488e-10,8.41235389857689e-11,-4.55361291479081e-11,7.11847975794897e-11,-2.42774171524241e-11,-3.711034293288e-12,3.03715929672643e-11,-1.31750502219736e-10,7.82807370874713e-12,-8.88436096380942e-11,8.73811023508216e-11,6.92517765390594e-11,-1.55013219393645e-10,2.97240700435241e-11,-4.29778777950525e-11,2.58455553812811e-11,-1.56849950593434e-10,-1.2292060073009e-11,1.13500540072137e-10,-1.00605942664194e-10,1.27045248501744e-11,6.20404607480573e-11,1.16519147333522e-10,-2.28116300240196e-11,-1.1438973425615e-10,1.4041904607803e-10,-4.2609129122216e-12,-1.13214933206746e-11,2.84128075960895e-10,-4.23573026055007e-11,-3.86007096248655e-11,-1.14204202289389e-10,-9.06560906335385e-12,-3.42380238822728e-11,1.77727966855346e-11,2.27268121137848e-10,-5.15709511222949e-11,2.06858329047312e-10,-2.16051196331845e-11,-9.98924449644028e-11,1.12346142394577e-10,-2.62891565972905e-10,5.30720181463776e-11,4.36451560627312e-11,1.62758019450475e-10,2.0545205159997e-11,-8.61556386131761e-11,4.05075401885389e-11,-6.83799876159747e-11,-1.46093894069651e-11,-2.86692814012935e-12,-3.97396704072084e-12,-6.8230276618017e-11,5.05929231950443e-11,1.87216814336322e-10,4.6571530687249e-11,1.86964263139151e-11,-3.86054560674938e-11,2.35562044753459e-10,-7.04226068404198e-11,1.0832421004475e-11,-2.22326819311814e-11,-7.97688805996542e-11,-8.21510101492226e-11,4.35902315375031e-11,-1.08908638210186e-10,2.19607925458175e-10,-1.40917218043e-10,9.12227195285898e-11,-2.02966153863717e-10,-1.11185352113742e-10,-1.28315427637695e-10,-5.89957629462946e-11,5.87768146218513e-11,1.22287570068957e-10,-2.20611946207979e-10,-3.78602856992764e-11,8.37469300762495e-11,1.2678721958038e-10,2.18139901920139e-10,-1.7144026476201e-10,1.36662986115971e-10,8.47762497192893e-11,-8.75145399431386e-11,-1.48634865209736e-11,1.18652903840566e-10,-5.01993416446626e-11,-2.42785400226263e-11,-3.45271446993432e-11,-2.91172490158299e-10,9.98016289512622e-11,4.07711377065327e-11,-1.14351252302116e-10,1.03427460432259e-10,-4.92929514581123e-11,-8.69096495469377e-11,3.65993840975707e-11,-1.09355559814061e-11,-7.30025782010269e-12,1.99926441043066e-10,-1.10720736214126e-10,-3.76063729422546e-11,-1.41903120480594e-11,1.06876729688639e-10,6.76179643111624e-11,-1.82634852324365e-11,-9.35747106196693e-11,2.2972883874571e-10,3.89296795928413e-11,-7.29274005126506e-11,5.17294998937065e-11,-2.41174022470894e-11,1.81327322709092e-10,-1.48749570919617e-10,-1.24052236966132e-10,1.46096244200229e-11,-5.67656075856523e-11,-1.03817066647757e-10,1.06505896327409e-10,1.13103251475679e-10,7.42824910544779e-11,-5.34536077543243e-11,1.76780110691934e-11,9.49826015009648e-11,-6.00055638017695e-11,-2.93162605606261e-10,-6.27054677960284e-12,7.57580755675492e-12,1.64861283740074e-10,2.62878694185975e-11,-3.84075371643474e-11,-5.33178111793976e-11,4.43498288993628e-11,2.29402902159272e-11,-4.16369833838018e-12,-4.09735909043716e-11,6.63731503872633e-11,1.79324606277038e-11,-7.25389055930087e-11,4.91363304440036e-11,6.33225519213812e-11,5.23844825148057e-11,-1.61508138988019e-11,7.62714021949867e-11,-1.09488530924378e-10,5.63674858331324e-11,-1.71768472865406e-11,-1.32311236394161e-10,3.58081034359129e-11,-1.36295120152736e-10,-7.83396989752212e-11,-5.8858709326468e-11,-6.26163326487776e-11,-1.27463669960025e-10,-7.77857148861729e-11,1.53657555207377e-10,2.58480063593553e-10,1.79332580134789e-11,-6.95521058331424e-11,9.49416171022474e-11,-7.885029762157e-11,-1.17350715486172e-10,6.3884979853178e-11,6.90374162084544e-11,-6.96374174104394e-11,6.37588081682086e-12,1.15277510557635e-11,4.11850142959976e-11,1.80763999270831e-10,-1.29457919881524e-11,-1.60484207990135e-10,1.01745104440933e-10,-7.58557337722593e-11,2.02789612131622e-10,4.88415867619635e-12,6.06383539574115e-11,-2.88233219158982e-12,6.71028113465035e-11,-4.25518419210956e-12,-5.32354804946585e-11,7.84467223292315e-11,-2.71844243283534e-11,-7.70972040748638e-11,1.56728655099883e-11,-4.747559527163e-11,4.40139584345514e-11,8.56604006686615e-11,4.49099482754994e-11,8.4311161960744e-11,1.85313442311966e-10,-9.82046764703116e-11,-2.86608560377102e-10,-9.15098530983649e-11,-6.63701708014654e-11,4.19393386020428e-11,6.10311880941527e-11,-1.862317564053e-10,1.47539451100636e-11,-2.28427166242567e-10,-3.37561656519888e-11,1.17864983112968e-10,-1.19130739985069e-10,9.04757166842139e-11,-1.87515033338368e-10,1.27679680899545e-10,3.67903726399521e-11,-5.07024333454628e-11,-2.0121643514665e-10,-1.7452933849893e-10,5.00651175552797e-12,-1.64849200974968e-11,-1.10048131510907e-10,-5.37749434244473e-11,3.15198157178986e-11,-9.0325563955529e-12,-5.42088232711186e-11,-1.36580846005686e-10,4.37625967918535e-11,-1.60729315277857e-10,1.63840761601146e-10,5.31662800378927e-11,-4.60103124461661e-11,9.82249212308871e-12,-1.17744224753806e-10,-5.99736423139884e-11,-5.84196945375943e-11,-2.39008457197448e-10,7.71567312396756e-11,-2.78826314554982e-11,1.0973807692422e-10,-7.53690082298701e-12,-1.49216410772461e-10,-5.14949804464246e-11,2.26036132010304e-10,-4.4715985237075e-11,2.1380326708533e-10,9.9981161828422e-11,-9.52755564747031e-11,-8.67129710455882e-12,-3.07493063532825e-11,1.27722102183478e-10,1.26325257287461e-10,6.57457633916679e-11,-3.7288212153953e-11,2.447419179413e-11,4.90165984909987e-11,-7.33951717334131e-11,-6.69537654655605e-11,1.3785025537876e-10,-3.34615104190773e-11,-1.13839951029671e-10,8.25220495461678e-11,9.23895907541197e-11,1.43264703460588e-10,-4.91828390776413e-11,6.42342971213776e-11,9.67481466696933e-11,-3.3979445521592e-11,5.76259793190664e-11,5.96991845170437e-11,-1.41074620881159e-10,9.36024402525266e-11,8.29206941494252e-11,1.93595979056781e-11,3.78241869164644e-11,-1.65873265924637e-10,-5.2341293936377e-12,1.68420749267375e-10,2.15243075387375e-11,-2.91130936781054e-11,1.45593468803116e-10,1.86636446287253e-10,-1.91089879298484e-11,8.93274077614187e-11,-2.83656759170988e-11,1.00267795965073e-10,-2.6960950092844e-11,-8.01568022646765e-11,2.63224205029419e-11,-4.45262173866771e-11,1.26187934371869e-10,-9.19244803901125e-11,-1.88864605706984e-11,1.41442835047454e-10,-2.73438109237468e-11,7.06773423268252e-11,2.47711232085825e-10,-1.17479002023284e-10,-7.04823378637735e-11,-8.82905698183575e-11,1.23767943662513e-10,-2.12076949054214e-10,8.00555672176153e-11,7.64484567881201e-11,-3.07095602532968e-10,-1.44348975027898e-11,1.83010314144695e-11,1.47519488621868e-10,9.55747328660253e-11,-2.95349173553666e-11,1.79441153428738e-10,-8.67235391494314e-12,-1.06144575030385e-11,-3.11635284586893e-11,-1.53392568095374e-11,-8.77229085191325e-12,-3.39995214524815e-11,1.34953700477867e-10,2.13699981927014e-10,6.22621546504854e-11,4.73499860552431e-11,6.18771549843698e-11,7.21449694260725e-11,1.5397646839527e-10,-1.83764853564615e-11,-1.11232370622068e-11,-7.80080495269586e-11,1.47161953078071e-10,1.42242297925811e-10,-8.85698377994738e-11,3.95351552192355e-11,-1.28125233555005e-10,-1.40131208263495e-11,5.14786076650157e-11,-4.34973799627255e-11,-9.5675827040968e-12,7.25262655716127e-11,-9.12471042294446e-11,-3.22899890484459e-11,7.17310024462935e-11,-2.55865155820979e-10,-2.10029964657818e-11,-6.45011195695514e-11,-2.35892844577647e-10,-1.89790346180493e-12,-1.09837983715123e-11,-8.2531301555532e-11,1.65104676307251e-11,7.73445925472849e-11,-1.25243462529059e-10,-4.22371358850241e-11,2.92596239128495e-11,-2.68196141421906e-11,-4.30442512355167e-11,2.01389915231104e-11,1.29373150877586e-11,1.11090032903649e-11,-1.01661670310722e-12,6.54175639616746e-12,-2.00884176016164e-11,-4.5417677681348e-11,-1.3972092920679e-10,7.90080378640295e-12,7.32608773903087e-11,-7.60429037055671e-11,-6.37200028394697e-11,-8.12214927110306e-12,-3.13977057394788e-11,3.91336369174309e-11,-1.06182926965822e-10,-4.46153493137747e-11,-5.4892656602795e-11,1.96615959050884e-10,-6.68031112861988e-11,-2.04208178051557e-10,-9.04755334053593e-11,1.50296165906223e-10,5.87643246228576e-11,1.02242707251748e-10,-1.88925307128049e-11,-6.75238729989497e-11,-3.79480383099459e-11,-2.14360163369319e-10,-5.65716709930889e-13,6.81295964136814e-11,1.4166240670197e-10,-1.95516068084358e-10,6.3484532729272e-11,1.21494419683932e-11,7.59981823339148e-11,-1.83513882477849e-11,3.63389219186924e-11,2.03278222094336e-10,-6.14383747246242e-11,-2.04556732200635e-11,1.13962050511183e-11,1.53556399266773e-10,-1.07983314651592e-10,-9.34456088877635e-12,-2.62717547419435e-11,-1.77025558441794e-10,-1.57569448462973e-10,5.92830536638899e-11,-2.57588745735184e-11,1.67218664313433e-10,1.25398195581787e-12,9.28808354526881e-11,-3.04435066222e-11,1.88134732787314e-10,-8.47120270177032e-11,-8.62448303866983e-11,-6.955972197938e-11,1.57036633138674e-11,-2.96675649752412e-11,8.41305106924024e-11,-4.17950743400779e-11,8.16352982825926e-11,3.58146384631185e-11,-1.42424434929935e-11,9.39225338232442e-11,2.26293052577319e-12,-6.10562650738116e-12,-2.41675440078309e-11,1.66541665582457e-11,-6.00797813093289e-11,1.50158839953158e-11,4.72659750739814e-11,-3.8083582286048e-11,7.39632650193522e-11,-2.52812195655027e-11,3.91582638620527e-12,-1.14747365771552e-10,-9.1680475620576e-12,6.62408037959452e-12,1.05417124810602e-11,-6.63614926170672e-11,-3.53548755935525e-11,7.25424191554675e-11,1.98159691932531e-11,8.22943041219423e-11,-4.26793235213133e-11,3.7483702911383e-11,3.54794188186454e-11,-3.28332646731504e-11,-8.12152232084088e-11,-8.76192923908392e-12,1.62416354767057e-10,-1.91202252177668e-10,-5.02491786252578e-11,1.11423097111626e-10,-2.37241769042891e-10,8.35279252952603e-11,-1.51597304029991e-10,-1.6477131282923e-10,6.97207181325356e-11,-8.68509369776559e-11,-3.98364651220689e-11,1.74669921657398e-11,-1.13984245783753e-10,1.13541671675976e-10,-6.60574131843641e-11,-2.84710038942068e-11,-3.6492495623524e-14,1.1418294107739e-10,1.14939681343589e-10,-1.35728989785252e-10,-4.9896057211394e-11,-6.06285268147971e-11,-5.60083566315281e-11,-8.44582148581759e-11,-8.87773813013728e-11,2.10096619778e-10,-1.91799947672321e-11,-3.0904204477875e-11,3.19552341522762e-11,-1.13347861120117e-10,-8.60122625002489e-11,1.99817914378663e-11,1.4254821770052e-11,-6.14863003580085e-12,-1.61297494883635e-10,-2.86164733689031e-11,3.65911052291332e-12,-3.02881271680088e-11,4.89242508260762e-11,1.77265084926077e-11,-7.6117726293539e-11,6.54726520878783e-11,4.24471229368372e-11,-1.86596277483046e-10,4.55548462273306e-11,2.94725949648395e-11,-9.91374047121787e-12,-2.48551504795428e-11,2.07035562282281e-11,-6.43009556950499e-11,-1.22793124009116e-11,-1.99362748866885e-11,-1.51595419340264e-11,-1.40670566519413e-10,5.26327680046559e-11,1.20987545851844e-10,8.19434404613416e-11,-4.38739529622311e-11,1.17501435058835e-10,-1.77161499811019e-11,-3.70116249341091e-11,-6.87191726531112e-11,-9.69625072106823e-11,-1.98403336766235e-10,4.06966629986249e-11,-1.01469316853755e-10,-1.36615104901336e-10,1.18225585358291e-10,-6.92217085382162e-11,-1.09779251010784e-10,-2.42368327153212e-11,-2.08673870285397e-11,-7.4880346862929e-11,1.15361325618629e-11,-2.33391150236604e-10,8.25361239647836e-11,1.46751622244761e-10,-3.65940452411493e-11,-3.43928105191507e-10,-7.34154390898244e-12,-2.78298875776035e-11,1.20620089479186e-11,-7.34911165502447e-11,3.15293789485125e-11,-3.2381182079167e-12,1.71257812341384e-10,-8.53686995800949e-11,3.07713870733677e-11,1.54374109606098e-10,-1.84150248523593e-10,-8.74906628918499e-11,-5.5607596220506e-11,1.21766124186313e-10,-1.24513936370933e-11,-2.00382769210668e-11,-2.98014127290075e-11,1.75000586573588e-11,-4.69478020357718e-11,-1.74807758378814e-10,-9.32282800775108e-11,-4.99951193181997e-11,8.9033071496251e-11,-5.21269027866936e-11,6.97762651510456e-11,-3.93027512527363e-11,-9.1953714734299e-11,6.86204854265706e-11,8.40285603082601e-11,2.55744695167551e-11,-5.9749089725418e-11,-1.30551301082589e-11,-8.77497510073285e-11,-2.50651949544845e-13,8.53955472544653e-11,3.92988006240878e-11,1.98603528792621e-11,-1.79384686576248e-12,5.79509062873144e-11,1.20224693547916e-10,-1.01510977391861e-10,2.02708355208324e-11,1.04268360549949e-10,1.87057178898364e-11,1.91622294687558e-11,1.17837006614063e-10,-7.94778605836597e-11,-1.60062604725479e-10,1.57681493929586e-10,1.13222693481799e-10,6.63208471258561e-11,2.36956930131937e-11,-1.19024902858811e-10,-1.3523326766677e-10,4.44503939886807e-11,1.03490345990085e-10,7.19572297509722e-11,7.83523277944799e-11,1.9590437287499e-10,-1.28071165727847e-10,-1.9924535380248e-10,-6.75595694637612e-11,7.91091293221881e-11,-1.53609195016939e-11,-5.53985793016673e-11,6.33493222950629e-11,6.93701154467614e-11,-5.61673770987342e-13,1.61042860817523e-10,-5.05983968215073e-11,1.2019183230121e-10,2.70867150475607e-10,-7.42498200541423e-11,5.12035022032761e-11,-1.00078373603545e-10,6.95656688447983e-11,-9.50778043239039e-11,7.29202048682174e-11,-4.28827347406496e-11,-1.93357563604783e-11,1.71070754513101e-11,7.83165660629577e-11,-1.44511143287709e-11,2.03034068676788e-12,-1.05354430395175e-10,8.07340923027651e-11,-7.6990411570173e-11,-1.03586132953243e-10,1.14484311915124e-10,1.29675340481326e-10,-1.6532930289392e-10,-1.10778114649921e-10,1.38482272525851e-10,-3.4947904490997e-11,4.82736594470101e-11,-5.52745862255625e-11,-5.19929349672918e-11,4.34984969986832e-11,-1.17389830630004e-10,5.22570014225124e-11,7.45194018329201e-11,1.22132089479914e-10,5.90838539954456e-11,1.67473681675071e-10,1.06182648211749e-10,-1.49181655921269e-10,-1.24896957042389e-10,8.07369050955648e-11,2.89074709450734e-11,1.02265214214955e-10,7.85210279509537e-11,-8.18770162204767e-12,-2.42761171415096e-10,9.11927018601485e-11,-3.46782668069496e-11,1.95963476531798e-10,-1.66727272347089e-10,3.93378344110981e-11,1.28375060500145e-10,-7.52786031993729e-11,3.73017599428184e-11,1.50550104572252e-10,2.43009258317087e-11,2.18033963331965e-11,7.42133362998382e-11,-5.36292090667543e-11,-3.99859802286592e-11,-6.33948971858715e-12,-2.13713930392213e-11,-2.07975244226986e-11,-9.04783893729238e-11,-3.7880811475206e-11,-1.60678601896598e-10,-1.5358899467471e-10,2.90035907981231e-11,9.20745995517661e-11,-1.3392853389187e-10,9.81020410607346e-11,5.44169387741168e-11,-1.2615705371449e-10,3.99891243633399e-11,-9.51540222200671e-11,1.66009856610146e-10,-4.83602789229833e-11,3.4155907322101e-11,1.27978042926152e-10,5.65611108990996e-11,-6.63659136578232e-11,-1.09208774975004e-10,-3.83345419330152e-11,-4.88663525002927e-12,2.61724480059056e-11,6.38923854173514e-11,-1.2699055957844e-10,2.42848319924237e-11,-1.77162146264185e-10,-7.34380559706224e-11,-4.28847069869411e-12,-3.24075846468738e-11,-6.58445710058106e-11,8.00882752728049e-12,-3.75736474552579e-11,1.50229259445441e-10,-1.50126277509559e-10,2.30860396453439e-11,-3.73196607312928e-11,9.85641104144747e-11,-3.51911681968677e-11,2.81817250384263e-11,-6.60672124228807e-12,9.23618772016372e-11,1.01405198780859e-10,-2.6401724667622e-11,-3.92250552931019e-11,1.0471797252908e-11,-5.17650127367081e-11,-8.31467216829281e-11,6.49174172586157e-11,3.29991138456824e-11,2.42478451200373e-11,3.36679729394295e-11,1.0116094374562e-10,1.52829290191211e-10,3.58802310193669e-11,8.19880442008385e-11,-2.38243660156349e-10,-1.33097118672078e-10,-1.50581457362942e-11,7.014931839343e-11,1.57631411648959e-11,7.34298876467548e-11,-1.27777729833646e-10,-9.74985768330572e-11,5.10621107029781e-11,2.30069536830689e-11,-2.66097487157943e-10,1.56468669998598e-10,1.51359983442675e-11,-4.28329885250071e-11,1.00761466945449e-10,1.41321502919098e-10,9.83728267478996e-11,-2.42553436847176e-11,1.46550197447502e-10,1.02383324493114e-12,2.66332367173276e-11,1.29341576399615e-10,-6.02574584859884e-11,-1.17507375439363e-10,1.45459432600467e-11,4.28351886647009e-11,-6.48964065635397e-11,2.72319338086282e-11,-1.32421261066778e-10,4.42975375599867e-11,1.58268769690501e-10,6.05017507661974e-12,2.66701281024251e-11,-2.07018361342005e-11,-2.35200479476522e-12,2.25750888245504e-11,5.04242695853135e-11,9.37446698853293e-11,1.75459944446705e-10,1.65283409945851e-11,3.93111398599444e-11,6.59468405801934e-11,-5.01153802157904e-12,1.40420239640789e-10,1.77493395820943e-11,-5.21040552650373e-12,-1.35427396701744e-10,-5.50538830088954e-11,3.2126253145632e-12,-2.70573664696538e-11,2.49547653215001e-11,1.29067081257464e-10,-1.59747551855428e-10,7.61901495953215e-11,-5.15419281378794e-11,-5.34388791608457e-12,-3.81010285256653e-11,1.24252785871453e-10,5.4112558165917e-11,-3.12832297429199e-11,-2.59028797475401e-10,1.08123659731845e-10,1.03163501737558e-10,-1.13284064637918e-10,8.40420922511997e-11,-8.24433521790041e-11,6.61871855853963e-11,9.42218732765329e-11,-3.37275574029209e-11,2.3312162168713e-11,-1.52377105392058e-12,5.55920669454323e-11,-7.75165847841836e-11,-3.27674652302465e-11,-7.44712294393928e-11,-8.38809108830757e-13,-2.32698117288304e-10,2.74864019277945e-11,4.72187231205807e-11,1.56356566125106e-10,1.81460368208909e-10,-5.27512124444564e-11,6.53899474619861e-11,7.5648067187741e-11,-3.36412926370823e-11,-1.00009929215844e-10,-1.0044993283221e-11,-1.34935818757545e-10,2.4415872557247e-11,5.99760641510124e-13,-8.43902769426564e-11,5.52828623315574e-11,8.53586091986157e-11,5.53100648462097e-11,-2.35962450078465e-11,-1.17796746262806e-10,-1.13654372595594e-10,-7.13541224968931e-11,1.8606935289093e-10,6.46980718090604e-11,5.12794381642349e-11,1.55092136770815e-10,-1.07017913722333e-10,-4.45751749510982e-11,-5.2197621307484e-11,8.23191340905358e-11,-5.07154983117904e-11,-3.77825402440793e-11,-1.18359053927083e-10,-1.27157540984851e-10,-2.68519283853728e-10,1.21269667498343e-10,-1.11451386205325e-10,-1.08715415860079e-10,8.10522120779425e-11,-1.78915152330594e-10,-3.71190717691906e-11,1.09149884325444e-10,-5.32124788464302e-11,-2.39163886623192e-11,-7.22992065920329e-11,-2.21683687450097e-10,-1.28698144158263e-10,-3.16867542496115e-11,-1.66989233448969e-10,6.12589073028605e-11,-7.54287386077718e-11,-9.04007234690932e-11,-1.8005146949921e-10,-1.35998303404328e-10,-8.31889087737488e-11,-1.94798188110981e-10,-1.20926327329203e-10,-3.30793833398437e-10,-1.61167880491503e-10,-7.06307870901805e-11,-3.15844205517871e-10,5.39962479668248e-11,-1.43673966683665e-10,-1.56122521277248e-10,-2.29080847245234e-10,-1.92673825699525e-10,-5.85213830260304e-11,-1.45851540318512e-10,-9.30406545535756e-11,-9.93934473403095e-11,-1.64814906430485e-10,-2.60807080510955e-10,-1.67082562312397e-10,-2.58887259229579e-10,-2.82582639782812e-10,-2.8685259980569e-10,-2.92817577534021e-10,-3.31785605779251e-11,-1.7631081371744e-10,-1.76061496027404e-10,-5.67453532316704e-13,-1.67164682453534e-10,-1.87513423428505e-10,-1.26714179610732e-10,-1.15114311623481e-10,-1.5342956187463e-10,8.84990593075439e-11,6.10118756908645e-11,1.56967323842577e-10,3.81448160629286e-10,3.68685732100519e-10,6.13073903805305e-10,7.36073317313677e-10,7.75232565201423e-10,1.12432543218681e-09,1.75037195880635e-09,2.04069262945169e-09,2.48383167873029e-09,3.39282188828623e-09,4.32655443258364e-09,5.56485554913939e-09
