v,0.25
Patm,100000
g,9.81
r,500
G,10^11.45
rho,2500
mu,10^2.91
rc,28
 
M,10^6.25
sigma,0.1
 
tilt_erupt,4.1749nrad
 
-1109,-1108,-1107,-1106,-1105,-1104,-1103,-1102,-1101,-1100,-1099,-1098,-1097,-1096,-1095,-1094,-1093,-1092,-1091,-1090,-1089,-1088,-1087,-1086,-1085,-1084,-1083,-1082,-1081,-1080,-1079,-1078,-1077,-1076,-1075,-1074,-1073,-1072,-1071,-1070,-1069,-1068,-1067,-1066,-1065,-1064,-1063,-1062,-1061,-1060,-1059,-1058,-1057,-1056,-1055,-1054,-1053,-1052,-1051,-1050,-1049,-1048,-1047,-1046,-1045,-1044,-1043,-1042,-1041,-1040,-1039,-1038,-1037,-1036,-1035,-1034,-1033,-1032,-1031,-1030,-1029,-1028,-1027,-1026,-1025,-1024,-1023,-1022,-1021,-1020,-1019,-1018,-1017,-1016,-1015,-1014,-1013,-1012,-1011,-1010,-1009,-1008,-1007,-1006,-1005,-1004,-1003,-1002,-1001,-1000,-999,-998,-997,-996,-995,-994,-993,-992,-991,-990,-989,-988,-987,-986,-985,-984,-983,-982,-981,-980,-979,-978,-977,-976,-975,-974,-973,-972,-971,-970,-969,-968,-967,-966,-965,-964,-963,-962,-961,-960,-959,-958,-957,-956,-955,-954,-953,-952,-951,-950,-949,-948,-947,-946,-945,-944,-943,-942,-941,-940,-939,-938,-937,-936,-935,-934,-933,-932,-931,-930,-929,-928,-927,-926,-925,-924,-923,-922,-921,-920,-919,-918,-917,-916,-915,-914,-913,-912,-911,-910,-909,-908,-907,-906,-905,-904,-903,-902,-901,-900,-899,-898,-897,-896,-895,-894,-893,-892,-891,-890,-889,-888,-887,-886,-885,-884,-883,-882,-881,-880,-879,-878,-877,-876,-875,-874,-873,-872,-871,-870,-869,-868,-867,-866,-865,-864,-863,-862,-861,-860,-859,-858,-857,-856,-855,-854,-853,-852,-851,-850,-849,-848,-847,-846,-845,-844,-843,-842,-841,-840,-839,-838,-837,-836,-835,-834,-833,-832,-831,-830,-829,-828,-827,-826,-825,-824,-823,-822,-821,-820,-819,-818,-817,-816,-815,-814,-813,-812,-811,-810,-809,-808,-807,-806,-805,-804,-803,-802,-801,-800,-799,-798,-797,-796,-795,-794,-793,-792,-791,-790,-789,-788,-787,-786,-785,-784,-783,-782,-781,-780,-779,-778,-777,-776,-775,-774,-773,-772,-771,-770,-769,-768,-767,-766,-765,-764,-763,-762,-761,-760,-759,-758,-757,-756,-755,-754,-753,-752,-751,-750,-749,-748,-747,-746,-745,-744,-743,-742,-741,-740,-739,-738,-737,-736,-735,-734,-733,-732,-731,-730,-729,-728,-727,-726,-725,-724,-723,-722,-721,-720,-719,-718,-717,-716,-715,-714,-713,-712,-711,-710,-709,-708,-707,-706,-705,-704,-703,-702,-701,-700,-699,-698,-697,-696,-695,-694,-693,-692,-691,-690,-689,-688,-687,-686,-685,-684,-683,-682,-681,-680,-679,-678,-677,-676,-675,-674,-673,-672,-671,-670,-669,-668,-667,-666,-665,-664,-663,-662,-661,-660,-659,-658,-657,-656,-655,-654,-653,-652,-651,-650,-649,-648,-647,-646,-645,-644,-643,-642,-641,-640,-639,-638,-637,-636,-635,-634,-633,-632,-631,-630,-629,-628,-627,-626,-625,-624,-623,-622,-621,-620,-619,-618,-617,-616,-615,-614,-613,-612,-611,-610,-609,-608,-607,-606,-605,-604,-603,-602,-601,-600,-599,-598,-597,-596,-595,-594,-593,-592,-591,-590,-589,-588,-587,-586,-585,-584,-583,-582,-581,-580,-579,-578,-577,-576,-575,-574,-573,-572,-571,-570,-569,-568,-567,-566,-565,-564,-563,-562,-561,-560,-559,-558,-557,-556,-555,-554,-553,-552,-551,-550,-549,-548,-547,-546,-545,-544,-543,-542,-541,-540,-539,-538,-537,-536,-535,-534,-533,-532,-531,-530,-529,-528,-527,-526,-525,-524,-523,-522,-521,-520,-519,-518,-517,-516,-515,-514,-513,-512,-511,-510,-509,-508,-507,-506,-505,-504,-503,-502,-501,-500,-499,-498,-497,-496,-495,-494,-493,-492,-491,-490,-489,-488,-487,-486,-485,-484,-483,-482,-481,-480,-479,-478,-477,-476,-475,-474,-473,-472,-471,-470,-469,-468,-467,-466,-465,-464,-463,-462,-461,-460,-459,-458,-457,-456,-455,-454,-453,-452,-451,-450,-449,-448,-447,-446,-445,-444,-443,-442,-441,-440,-439,-438,-437,-436,-435,-434,-433,-432,-431,-430,-429,-428,-427,-426,-425,-424,-423,-422,-421,-420,-419,-418,-417,-416,-415,-414,-413,-412,-411,-410,-409,-408,-407,-406,-405,-404,-403,-402,-401,-400,-399,-398,-397,-396,-395,-394,-393,-392,-391,-390,-389,-388,-387,-386,-385,-384,-383,-382,-381,-380,-379,-378,-377,-376,-375,-374,-373,-372,-371,-370,-369,-368,-367,-366,-365,-364,-363,-362,-361,-360,-359,-358,-357,-356,-355,-354,-353,-352,-351,-350,-349,-348,-347,-346,-345,-344,-343,-342,-341,-340,-339,-338,-337,-336,-335,-334,-333,-332,-331,-330,-329,-328,-327,-326,-325,-324,-323,-322,-321,-320,-319,-318,-317,-316,-315,-314,-313,-312,-311,-310,-309,-308,-307,-306,-305,-304,-303,-302,-301,-300,-299,-298,-297,-296,-295,-294,-293,-292,-291,-290,-289,-288,-287,-286,-285,-284,-283,-282,-281,-280,-279,-278,-277,-276,-275,-274,-273,-272,-271,-270,-269,-268,-267,-266,-265,-264,-263,-262,-261,-260,-259,-258,-257,-256,-255,-254,-253,-252,-251,-250,-249,-248,-247,-246,-245,-244,-243,-242,-241,-240,-239,-238,-237,-236,-235,-234,-233,-232,-231,-230,-229,-228,-227,-226,-225,-224,-223,-222,-221,-220,-219,-218,-217,-216,-215,-214,-213,-212,-211,-210,-209,-208,-207,-206,-205,-204,-203,-202,-201,-200,-199,-198,-197,-196,-195,-194,-193,-192,-191,-190,-189,-188,-187,-186,-185,-184,-183,-182,-181,-180,-179,-178,-177,-176,-175,-174,-173,-172,-171,-170,-169,-168,-167,-166,-165,-164,-163,-162,-161,-160,-159,-158,-157,-156,-155,-154,-153,-152,-151,-150,-149,-148,-147,-146,-145,-144,-143,-142,-141,-140,-139,-138,-137,-136,-135,-134,-133,-132,-131,-130,-129,-128,-127,-126,-125,-124,-123,-122,-121,-120,-119,-118,-117,-116,-115,-114,-113,-112,-111,-110,-109,-108,-107,-106,-105,-104,-103,-102,-101,-100,-99,-98,-97,-96,-95,-94,-93,-92,-91,-90,-89,-88,-87,-86,-85,-84,-83,-82,-81,-80,-79,-78,-77,-76,-75,-74,-73,-72,-71,-70,-69,-68,-67,-66,-65,-64,-63,-62,-61,-60,-59,-58,-57,-56,-55,-54,-53,-52,-51,-50,-49,-48,-47,-46,-45,-44,-44,-43,-42,-41,-40,-39,-38,-37,-36,-35,-34,-33,-32,-31,-30,-29,-28,-27,-26,-25,-24,-23,-22,-21,-20,-19,-18,-17,-16,-15,-14,-13,-12,-11,-10,-9,-8,-7,-6,-5,-4,-3,-2,-1,0
-1.00569338721011e-10,-7.32565883710505e-11,1.44014225408617e-10,-3.84380332485651e-11,2.15340339108026e-11,6.06931344583898e-11,2.49684572818545e-11,-4.5959469246294e-11,-1.70367633114676e-11,1.65527362048846e-10,-6.27994304443817e-11,1.76857051717635e-11,4.96829892572113e-11,6.25642723941144e-11,1.14248580374536e-11,-1.44702342413849e-11,1.9931624049782e-10,8.95784020707852e-11,-1.01373578464793e-10,-1.47881436173116e-10,5.31232955731545e-12,3.3411139796299e-11,-1.45479140720963e-10,1.13969101915029e-10,-4.21675484501308e-11,-5.28376410244785e-11,1.06388376604394e-10,-2.25824157318753e-11,-3.00511898727549e-11,-3.7022621016612e-11,9.22642021886321e-12,-7.63948266434011e-11,1.10635202897254e-11,1.01935067358385e-10,2.12281646852434e-11,-1.35614436078237e-11,1.21706942311693e-10,-8.17073173530093e-11,8.64433527115271e-11,-9.30909786325222e-11,2.40096871621497e-10,-8.30997153921382e-11,-1.53220304274247e-10,4.58746992414931e-13,1.86557487298001e-10,6.2641426715885e-11,-1.64774708181915e-11,5.50256505220936e-11,-1.70232287416444e-11,-2.0974995986983e-11,1.4175635742626e-10,2.73014027617678e-10,-1.2605231472016e-10,7.53556329227183e-11,1.67689476427953e-10,-6.47210290463881e-11,-1.44291482562849e-10,-6.44208052242004e-11,2.94359935345082e-11,-2.43034451678307e-10,-6.74649609068343e-11,-1.55019250467873e-10,-1.5917620107105e-10,4.99672451204594e-12,-8.46456351792764e-11,2.54336642960965e-11,-1.07463969133166e-10,1.51022792079343e-10,-2.1107101887601e-10,1.5082014871709e-10,1.07771593567481e-10,-1.22805090491142e-11,-1.17628788687121e-11,-2.06627787163117e-10,6.27580986256062e-12,-1.58016870128285e-10,-2.80415328388684e-11,5.48263935675704e-11,-9.80131850859711e-11,-1.39667970007009e-10,1.55537463802099e-10,5.35350013567942e-11,9.37095340414221e-11,-4.89535424166627e-11,-8.10974355697495e-11,-2.14936017700376e-10,-4.18123333180975e-11,-2.03782848259754e-10,5.39790810735825e-11,1.22619599588217e-10,-1.40881086623342e-11,2.57371244646005e-11,-3.25386899592067e-11,8.9553437069593e-11,7.51007852452097e-11,3.25725247651216e-11,-7.68990452916662e-11,5.61507471267742e-11,-3.19986586649808e-11,1.64954440767746e-10,-1.18838459017357e-11,1.29252292370954e-11,-8.12815690347656e-11,-2.32636293941533e-11,-1.12151144154256e-10,1.10134764332322e-10,4.08420830480701e-11,1.4858590291406e-10,-1.14520575709443e-11,1.17962751646029e-10,3.37592934452184e-11,2.47147408933868e-11,2.54363630013466e-11,-6.41796505378338e-11,1.0722576623736e-10,-1.01023205960415e-10,1.29227365164449e-10,-7.18924024992569e-11,1.11421163634643e-10,1.05812488075591e-10,-1.26500852391727e-10,5.4408447684312e-11,1.48452933076783e-11,7.67142038230099e-11,5.00979094037636e-11,-1.38303817174413e-10,5.53984524189589e-11,-1.4522473025216e-11,7.91880432032158e-11,-6.92208065205002e-11,-1.71454201745302e-10,-7.89297594915906e-11,1.50076751256895e-10,-6.04111282223808e-12,7.72176010087661e-12,2.80244554173469e-11,3.05141777611253e-11,-4.39210231277043e-12,-6.41206968465541e-11,-4.18602539069186e-11,1.61644958206015e-10,-1.48187059824867e-10,9.51260684391747e-11,-1.32179252808377e-11,1.40608649801422e-11,3.48307935003567e-11,-6.81665702938815e-12,-5.07911035846985e-11,1.02296964781268e-11,4.25615368860043e-11,1.52155522904713e-10,1.591469922746e-10,1.02749537158139e-10,-8.03767550659593e-11,2.49627620013759e-10,1.8584787724169e-11,4.96665085777166e-12,6.21125508168254e-11,-5.18676119044735e-11,1.02542393720542e-10,-1.36878994634968e-10,-6.59460207152143e-11,3.7345120590894e-11,5.72123271986619e-11,1.7657427659851e-11,-2.42339896061047e-10,-1.02313877956918e-10,4.57139337960063e-11,9.95521976236841e-11,7.63101524809347e-11,-1.0816788319445e-10,9.82253505711522e-11,-9.35440264909673e-11,-1.47863430001884e-10,1.33039186343868e-11,1.9785214446334e-11,-7.99544954375154e-11,-3.78062296105331e-11,1.10860777602573e-11,1.65139133046589e-11,6.26576719566656e-11,-8.49694439783467e-11,-1.87098228727595e-10,5.06611629819359e-11,-1.75952922899195e-11,-2.54685166244985e-11,-2.77416597229301e-10,-9.71990182645244e-11,8.48122648854312e-11,-5.86766299050164e-11,-1.51096684905189e-11,3.02466513626032e-11,-1.22328093012044e-10,-1.11629646916706e-10,-7.08586403530015e-11,4.24841850282823e-11,1.7980859397258e-10,-1.53432875811515e-10,-8.57505716623234e-11,-2.82044036675379e-11,5.09506355802515e-11,-2.41876964782237e-10,5.58033281617055e-12,-1.09594258759474e-10,-7.66617985015794e-11,-1.16859499640211e-10,9.63805006343181e-11,1.53207354939691e-10,7.71593917324023e-11,-2.23409582415491e-10,1.24262668560662e-10,-1.271202026779e-11,7.58605125175117e-11,1.76855943642958e-10,-3.40220849905271e-11,9.87398617876462e-11,-6.1681762917067e-12,2.19893230118789e-10,7.0146066847639e-11,7.33300996020147e-11,-5.78753370362349e-11,1.13234750595125e-10,2.33251858793595e-11,-7.48630918280505e-11,2.85217730483525e-11,-1.08285000300996e-10,2.34120716526333e-11,-5.53490566459448e-12,-8.14419945435311e-12,1.40886473859693e-10,-1.10801657675972e-10,7.48730134865227e-11,7.0649674421658e-11,-1.70403364253361e-10,2.73478234093667e-11,5.10565684712158e-11,3.1386204599783e-11,8.83415510104081e-11,1.90111019125055e-11,1.1939607898428e-10,-1.89384322923511e-10,1.16981375694004e-10,1.35507146274499e-10,-1.27039751599787e-10,-7.71727508206753e-11,-8.80169390330709e-11,-2.36957639127071e-10,1.39027720083475e-10,-1.63448236925324e-10,-1.1287429895905e-10,2.79418887750624e-11,2.71137347919776e-11,1.61518396181191e-11,3.09985834204274e-11,1.22298208876681e-10,-1.88382186331199e-10,5.16829973236146e-11,6.71308166996733e-11,5.43936065090483e-11,1.63666785669682e-10,-2.7258519346405e-12,7.66994456602834e-11,-1.43585067985197e-10,1.778722179989e-10,4.71816659092316e-11,3.6813976388232e-11,-2.28438434342174e-10,-3.3962579857037e-11,-8.6628562722577e-12,1.20804050799783e-10,-5.17662481521344e-11,1.1911804184013e-10,4.24437616475926e-11,-2.70080723907187e-11,6.2891567375727e-11,8.38478880305848e-11,9.67526367220847e-12,2.49087606320763e-10,-6.74156507440048e-11,-4.92842744946942e-11,3.3219842576867e-11,4.12962131665464e-11,-2.29649349425782e-10,6.20137993057061e-11,-2.46715528221695e-11,-2.45272176245841e-10,3.84469223058224e-11,-4.83466273250872e-11,-1.68326164371586e-10,6.04648222376844e-11,-5.88638225209108e-11,1.12850544340235e-10,-6.39926274132264e-11,7.69523905571221e-11,1.0779537688889e-11,-5.46979174348506e-11,-2.31373989899255e-10,-2.96628857942046e-11,-9.85235941023549e-11,-1.94477182601063e-10,-1.25504942754214e-10,3.09685251629787e-11,-6.04731575626457e-11,1.95154722890052e-10,-4.69045652279041e-11,-1.30989222750436e-11,-4.25119819142262e-11,-4.19681760643094e-11,9.2913797461166e-11,-1.66921852513597e-10,1.43922090286368e-11,-1.70177748310854e-11,-4.81130925187251e-11,-1.9231957882841e-10,-3.85385857368529e-11,-1.01334597836768e-11,7.765066956319e-11,-5.12791502986546e-11,-1.40007601686958e-10,-1.75361854873657e-12,1.33090092766949e-10,8.06183748249419e-11,7.59637705687505e-11,-9.69442082804813e-11,6.50932643164936e-11,9.61471120220863e-11,-1.55877616008252e-10,1.56748581385991e-10,1.0254977492491e-10,-5.76489506170166e-11,-2.85973953710922e-11,7.63521157294589e-11,5.76407634253304e-12,1.05948247537278e-10,-1.77201006308438e-10,-1.35604891509514e-10,1.37984042054632e-10,7.825266345698e-11,-3.34024995011586e-11,2.30838224714217e-11,-1.533505650086e-11,-2.52608933494089e-11,2.00908663579199e-10,-8.40393972354897e-11,4.64959110916702e-11,1.31838233002353e-12,-3.64414723439587e-11,4.9176233438981e-11,-1.34226351011839e-11,-5.36872952753291e-11,-4.69966428176555e-11,-5.0875058218815e-11,-6.50598233837207e-11,6.42554466339368e-11,9.54761928374224e-11,-1.63826718155366e-10,1.08136259250255e-10,-3.08909520517705e-11,-5.41804139727764e-11,-1.16574661276761e-10,1.22387556235671e-10,-1.05172304163412e-10,-1.80100531494974e-10,-6.4108591338149e-11,-7.63296691748325e-11,-4.30113300254849e-11,-8.72199272082767e-11,-6.43480385437243e-11,-4.91419086497265e-11,-3.26659571522704e-11,-3.13007311170783e-11,8.47383057830053e-11,2.40964473952929e-11,-1.0875731081301e-10,-1.00585012546642e-10,6.36790119845966e-11,-1.19988258612882e-10,-7.73057228717237e-11,5.95842691123686e-11,-1.72405782734543e-10,-1.20787770771858e-10,3.99468338532834e-11,5.15353160644351e-12,2.93611324640467e-10,-7.05798530564327e-11,5.75969011171545e-11,-9.03073531006209e-11,-9.50132043760694e-11,6.53132237708096e-11,9.65498130480299e-11,1.49563239982817e-10,6.51729868645331e-11,-9.26080403254288e-11,2.86516950171792e-11,-5.21314002797718e-11,-1.68416691629546e-10,-1.10314067274832e-10,1.17790609257688e-11,-2.68953304777971e-11,1.71179977969813e-10,-4.2298747244961e-11,1.43514845313468e-10,8.89048259192889e-11,-3.27851556726767e-11,3.96039092681258e-11,-2.10782411305239e-11,1.14533671960176e-10,-1.78683277567903e-10,1.19473244343809e-10,7.17090119762523e-11,-7.59886919068967e-12,-7.4897426436005e-11,-3.35538539124303e-12,3.67319246675329e-11,-3.95559910367207e-11,1.30698389315212e-10,1.21697949855329e-10,-5.44702989759333e-11,1.63746864182156e-10,1.44422363537387e-10,-2.57335779514402e-11,1.22336858548352e-10,6.25819797843696e-11,-1.17611068276854e-10,-5.07039102983172e-11,1.36184997531563e-10,-2.94187187379706e-11,2.36156977233184e-11,4.28304648612243e-11,2.854220141181e-12,5.77328837268103e-11,3.90276494995836e-11,-2.54878287120143e-10,8.60190785448777e-11,-9.38083495597141e-11,2.65433794834382e-11,-4.34513536257403e-11,-1.62127405777391e-10,-1.29958681501353e-10,1.36419912519393e-10,2.2180228750415e-11,2.7250666685925e-11,8.60545740042932e-11,2.39482758253706e-11,-1.283669141827e-10,6.75006845168259e-11,-1.50964863356387e-10,7.2163354652755e-11,-8.33438417591497e-11,4.77573126978549e-11,-1.15514571331623e-11,3.842466620512e-11,8.56175875716854e-13,2.49799245343407e-10,-2.52588243537732e-11,-8.88884991524662e-12,-3.22658559024298e-11,1.9307439439673e-11,-1.3154340206415e-10,-7.46904927010088e-11,-5.69753924473465e-11,-8.33508893434894e-11,3.97606545821518e-11,1.42339217334205e-10,-1.8829864293359e-11,4.35582382203803e-11,-8.85196984102117e-12,5.02714605552905e-11,1.71293616345733e-10,-1.22258553834947e-10,-4.31148802995404e-11,-1.92012792231231e-10,-6.94069141737667e-12,-5.23601935878209e-11,-2.67064380101802e-10,6.28933907732951e-11,1.56913371652114e-11,-9.54981897592793e-11,9.771307702218e-12,-3.53055952376497e-11,6.29252722276209e-12,8.93750541152288e-11,9.61574547059869e-12,-1.05427058988286e-10,-6.66824971328464e-11,-5.93105914066484e-11,1.16546938086014e-10,1.07220458255829e-10,-1.07837622699373e-10,-9.42313354134544e-11,-4.09238916001201e-11,-7.95506666189196e-11,-8.03210623520552e-11,4.34514223508174e-11,1.31124833109966e-10,-1.2915657615314e-10,6.44842947984744e-11,7.55344381846806e-11,-7.23652818660067e-11,1.44354521071685e-10,9.13974831110918e-11,5.53265439101999e-12,4.69275946232004e-11,6.53468633583334e-11,-6.15624190507226e-11,-2.10680852997957e-10,2.78768300423547e-11,-3.2663429711377e-11,3.62018998339368e-11,-2.05257552264279e-10,-4.59253105609359e-11,-2.69769976764399e-11,4.67985625127764e-11,9.94673881350562e-11,-2.6030209386846e-11,5.2755667609451e-11,-3.67490618319452e-11,6.76490616867216e-11,2.26002771544583e-10,1.43257024263972e-10,1.18168111658558e-10,5.9153308870057e-11,-1.08394346509415e-10,4.51046102016601e-11,7.8315378446195e-11,-4.64417271270716e-11,1.38628382926754e-11,-2.83168180197138e-11,-5.27979152020874e-11,1.4149285603617e-10,1.02443961415909e-10,1.81655802127861e-10,1.61665103768675e-11,1.71103081682003e-11,3.74610882218044e-11,2.68176151665543e-11,5.15552108702778e-12,-4.15613650379145e-11,-1.72412224072196e-10,2.25497185027729e-11,-2.14467034768043e-11,1.44762000342325e-12,1.15012829690924e-10,-1.26578032512103e-10,-8.46189189232499e-11,-1.930344917721e-10,1.66174391868448e-10,8.24484141890914e-11,1.00165495184538e-10,1.56461885052854e-10,1.38701318817308e-10,-1.57606392881764e-10,1.26953940404284e-10,-4.05452170928305e-12,-2.14108493059575e-10,-5.14927931743423e-11,-6.68493110386668e-11,-7.96644295315138e-12,6.80037457109428e-11,-1.28308470988271e-10,-6.55221055366355e-11,5.78401481318984e-11,1.83528408907761e-11,1.26218346667041e-10,-8.71730241800053e-11,1.67818767800452e-10,9.96918475637289e-11,-8.07333124632721e-11,-4.33910107952344e-11,1.3090346908425e-10,-2.93766188117888e-12,4.72742225684927e-12,2.19688798244844e-11,4.30268725021111e-11,3.0139523688456e-11,1.26277732187796e-11,4.68681897322659e-11,5.33016767054277e-11,-8.88844869505692e-11,9.80298415792666e-11,1.27793916317951e-10,-5.71923110546696e-11,1.27293821058908e-10,-2.98981639187304e-11,-6.55677408167038e-11,-1.33249656423122e-11,9.83766285799309e-12,-8.00457972507449e-11,-7.85719258346715e-13,1.76000351082322e-11,1.00862201245823e-10,-1.00832705484052e-10,6.58531082199792e-12,5.41665206069656e-11,-1.73533080281388e-10,1.34783397678208e-10,-2.09606985038038e-11,-1.79890818543348e-11,-1.32202051371464e-11,1.21577212176861e-10,3.74050193068398e-12,-1.39632935792559e-10,-4.81359325927976e-11,4.62003246011181e-12,-2.13437151083031e-11,-2.89800610936101e-11,-1.92004153425803e-10,-7.18109311890598e-11,1.74106693933192e-10,-4.89840581170429e-11,1.4069570757733e-10,-6.20685632556673e-11,1.17416077033478e-10,-1.37733597952273e-10,-6.97523435026303e-11,6.58433407062545e-11,4.15586476478619e-11,-2.80056168924899e-10,-2.00318213968078e-10,1.65400810358286e-11,1.05108860722741e-10,1.36560167929557e-11,1.71527236666329e-10,-1.32144539958864e-10,2.5627189678696e-10,8.67012144969765e-11,5.93771174554192e-11,1.72889640362951e-10,1.03294131149861e-10,-7.79517134664019e-11,-2.45590296772928e-10,1.03190285822961e-10,1.07934264294716e-10,2.29524734794983e-10,1.87014183943951e-10,9.32900764771314e-12,1.58635394908013e-10,3.47892985605507e-11,-9.03848914549739e-11,-1.48435376261344e-11,-5.13322035168264e-11,-1.0727603629008e-10,-2.09643861916534e-10,4.6255499793366e-12,-8.32968421480519e-11,-1.69246830909797e-10,2.25585325103964e-10,7.06205606376248e-11,1.18198229188076e-10,-2.06669225509924e-11,-1.39644467655895e-10,1.7534237511298e-11,-6.85718640556043e-11,9.37309451990331e-11,-1.5162333110732e-11,-4.4523919214145e-11,-2.95039793551392e-10,1.02245687297943e-10,1.50028511527761e-10,-1.03577360850779e-10,2.44020312446243e-10,-6.74714081226103e-11,6.48389492220471e-11,6.40865134635923e-11,7.91809949024124e-11,-3.94833958107213e-11,5.91346228225545e-11,-2.71086987748827e-11,-1.26835561282371e-10,-2.09699020547154e-10,-1.02803097122403e-10,-6.82548183594824e-11,-5.75225404636112e-12,8.54795462916346e-11,1.16365861790504e-10,5.38890802083607e-11,8.48167310285956e-11,-1.2695657043843e-10,1.39535343039111e-10,-8.27238635070822e-12,-6.39724780407605e-11,1.20715515425709e-10,-5.82930754732211e-11,1.09685044255306e-10,4.01916682189721e-11,6.91976318698743e-11,-5.20463028259465e-11,-3.57832865656544e-11,1.71767498914301e-12,-2.3562570762311e-12,-3.6895396143836e-11,2.25770702544546e-10,2.93128168752657e-11,7.35919923933354e-11,1.96286217020421e-11,-1.00843926148065e-10,2.68206133872105e-11,5.33921792847151e-11,4.58754438121184e-11,-1.44179922265935e-10,-1.17442901482955e-11,5.52232785944005e-11,6.19403823206346e-12,-1.27273661585886e-10,-9.55121736411549e-11,6.81058261726041e-11,-7.9328095918259e-11,3.1092377677748e-11,5.53923527372836e-12,-1.02528050134071e-10,-1.54914166761565e-11,-7.94000297230242e-11,-2.0147299264158e-11,-2.02594001886475e-10,1.29154686588543e-10,-3.49348323415898e-11,8.92426911902313e-11,-1.91509396419073e-11,1.48742505746205e-10,8.73570277349449e-11,1.822208510122e-11,-1.37085854337608e-10,-1.87744798835869e-10,1.2818661177509e-10,7.84743859785311e-11,-6.67191341710741e-11,6.23123680657379e-11,-6.99463162207232e-11,-8.70429899746223e-11,1.20575540979565e-10,3.88726348964213e-11,-3.73606476477243e-11,-3.72576972386546e-11,6.27024009448672e-11,8.49805147052707e-11,-1.06907921112204e-10,5.83629498109017e-11,7.38850465453927e-11,5.62400483895052e-11,7.4757805698649e-11,3.61929183954192e-11,-9.16030810259676e-11,4.65259212065036e-11,5.64163416003964e-11,5.53577027679821e-11,-8.30299886333388e-11,-8.45299129976991e-11,-5.04755953099495e-11,7.37901181370436e-11,-6.83263938361201e-11,-9.14015544185389e-11,1.6131528948825e-11,-1.47539589225033e-11,1.07617264860083e-11,-3.21933518274248e-11,1.50633074756079e-10,-1.26486501246595e-11,-1.27189015381489e-10,-5.05764294304252e-11,6.28737535575818e-11,-1.01050139634151e-10,1.3065010844532e-10,2.05626641319562e-11,-1.81895130385661e-10,-1.59294360429056e-10,7.10603024247171e-12,-9.69679698537264e-11,7.67773167396406e-12,-1.16306440622958e-11,6.75031967234333e-12,-5.21699211504097e-11,-1.08011719934378e-12,7.62624367377074e-11,-2.02274470588125e-10,-1.4337625407645e-11,1.46389236980715e-12,-4.23989772563956e-11,1.48850277743326e-10,5.49296444215554e-12,1.28532548075642e-10,-2.88132899286845e-11,1.55917174765817e-10,5.71397565434298e-11,1.5947518268403e-11,-6.69736824195034e-12,7.62238141118864e-11,-2.42732053290776e-11,-4.18485836434766e-11,-1.6055483103937e-10,4.2573055429412e-11,-9.16180987188589e-11,2.97593165518606e-10,2.5846819354747e-11,1.49213919347864e-10,-7.01287350352124e-12,1.47958504792442e-10,5.25150748114239e-11,3.03745376149861e-11,-6.27679445719312e-11,9.96519238729512e-11,1.10779345918926e-10,-5.44472102124108e-11,8.88252274216779e-11,-1.71196242826779e-10,9.64520714011565e-11,5.64371965856952e-12,-7.05195813590678e-12,-3.95568655069536e-11,-7.8812415892442e-11,-9.60137073382263e-11,3.07579415285926e-11,3.3118488583134e-12,-1.92756628134521e-11,3.29989081042781e-12,-2.58687790127672e-10,5.64492869477258e-12,1.69702501578223e-10,-1.35672632471022e-10,-4.56619354473806e-12,-4.87067951855203e-11,-1.05731855976915e-10,-1.46596557416291e-11,9.33235719084134e-11,-1.68007396751187e-10,3.43002285194605e-11,2.91635777571442e-11,1.52873593651012e-11,-1.3708474780784e-10,-1.65859790750818e-11,-9.72366802352071e-12,-3.13429496368888e-11,6.97445139665312e-11,-1.33392493444792e-10,-9.29143940522404e-11,-8.81554405708024e-11,3.91014955841724e-11,1.04683357842803e-10,-1.47077356542756e-10,6.31964898045779e-11,2.02502000309464e-10,1.26725097944331e-12,1.15924520747991e-10,-2.89777782750119e-11,7.95767952493058e-11,7.35286911472795e-12,1.29430988775536e-11,1.92153506839148e-10,1.17777612630198e-10,2.51752294451138e-11,-5.21832544132094e-11,-7.06143971001271e-11,7.88815386131178e-11,7.47940414901092e-12,6.77322529989976e-11,-1.16279550413732e-10,4.28987311905665e-11,-4.80227400771596e-11,1.18543366870191e-12,8.6399081291025e-11,-2.92554030620966e-11,1.22618387688508e-10,1.23337117958394e-10,-1.94525524904046e-11,4.51459703217974e-11,1.38173539883629e-10,8.82079102231221e-11,1.33781160251604e-10,2.93916501077814e-12,-2.58005904062595e-11,1.79397340503203e-10,9.91455003584631e-11,-6.13052336357378e-11,7.61066366905912e-11,5.42288428670081e-11,-1.07075783123074e-11,5.28992114155812e-11,-4.44183845151486e-12,-6.58513470494986e-11,-4.05628797754626e-11,4.52744906417555e-11,-9.30345643025058e-12,-9.32425707503242e-11,-1.20243901493397e-10,1.52362014763898e-10,-8.1390995459262e-11,-1.30730627245248e-10,6.92745486690746e-11,-2.87095621949504e-11,-9.84797490798838e-11,1.56966716183447e-10,1.63100536583295e-10,2.93204549744354e-12,1.82282885981623e-11,1.06974275611824e-12,5.43787390725006e-11,-1.92205570823352e-11,-7.00820298260822e-11,-5.10685644972505e-11,1.0264382342572e-10,4.05981487436363e-11,1.39788978760793e-10,-1.25115784453958e-10,1.48840818609163e-10,-9.67534125922436e-11,-1.2351068490171e-10,1.26531626007396e-10,-4.12143281908707e-11,1.55856711790232e-10,-6.16573995931189e-13,-1.95207519609578e-10,-7.71311713026385e-11,-1.23091231016973e-10,-9.25281965708848e-11,-2.68943764021876e-10,6.00584857219302e-11,-2.97455071374339e-11,1.2561270874641e-10,-1.926098634418e-10,-9.83654181977502e-11,-1.3306334133826e-11,-5.63116101291893e-11,1.39957982188469e-10,2.16996678029412e-10,1.02364643159208e-10,-1.02724391894991e-10,1.7183694505902e-10,-9.91561916878642e-11,2.19204810757706e-11,7.28296297753543e-11,-7.46184230184794e-11,-1.00064299520511e-11,1.84386747601373e-10,-1.83933898938429e-11,8.16395125483518e-11,-8.11737965676571e-11,1.43307384831508e-10,4.56088636798202e-11,-1.30363034304629e-10,-5.51797445326503e-11,-3.14641808521426e-11,-1.02283492068172e-10,-1.74849998412316e-10,-1.82314584241832e-10,1.05255384146799e-10,-3.01091805561775e-11,-8.16411310633687e-11,-1.31841686353745e-10,1.2371192847101e-10,5.36667543161037e-11,1.23459291368069e-10,-1.73754214520996e-10,5.3186922944731e-11,-2.00979327910908e-10,-4.11834722133676e-11,-1.0093929320948e-10,1.2500677125625e-10,1.05285233136676e-10,-3.61814573348619e-11,-1.42539243608567e-11,-1.38002511675462e-10,5.88538838966632e-11,7.14294804907673e-11,-2.68539375540324e-11,1.06177378736145e-10,3.34605124370216e-12,-1.40029663221887e-11,-9.14428449154362e-12,8.19140142516717e-11,1.23231720529859e-10,8.54573003595963e-12,2.17024763527442e-10,6.44806158247739e-11,9.51230028572344e-12,3.75037645595449e-11,-6.22746802382913e-11,1.34171260083737e-11,7.91136780159535e-11,-2.02071777644193e-11,4.50594799717602e-11,-4.16211329111131e-11,-1.94613580314913e-10,-4.59890707978064e-11,-8.57484086890927e-11,8.82621714063354e-11,5.32120967737037e-11,2.51511013526128e-11,1.33113330382979e-10,-1.16458983178582e-10,-5.94333807908896e-11,-5.50290946066477e-11,8.00376607752611e-11,3.29524906995567e-11,3.8096019448469e-11,8.88458242361651e-11,2.17430232917079e-11,4.94717522863514e-11,-1.30007430386573e-10,2.0810390776322e-10,7.07838042104935e-11,-1.20437499726722e-10,-2.66928241961712e-11,-3.11044590540609e-11,2.08420481732012e-10,6.15508845539255e-11,-5.24694273704999e-11,-2.40962861335607e-11,-8.68323767001714e-11,-4.43883019540439e-11,-1.98768416824501e-10,-4.51169559576524e-11,-1.18979833624273e-10,-5.01938269161718e-11,4.9529136738272e-11,-7.3835579813329e-11,-2.27393607784962e-10,6.69389848871491e-11,-1.64799970718304e-10,-1.34036249580441e-10,-5.99060741186652e-11,2.7295996333972e-11,6.66934526224237e-11,-1.13757428792926e-10,4.28794628895924e-11,2.15193451363906e-10,1.03770774135218e-10,-1.46358724143799e-12,1.38782635966029e-10,9.68048909294696e-11,5.12136933956956e-11,3.5641391488133e-11,-4.85568764561188e-11,-2.5297192606542e-11,-7.75576098189467e-11,1.05283781085396e-10,-2.14574374672012e-11,4.46775844806911e-11,1.2349646224587e-10,2.37239705429657e-11,9.97610859420766e-11,3.09717115414315e-11,9.17565029763248e-11,3.28011537367091e-11,-2.37984741659011e-11,7.33445294622763e-11,-7.63023489171988e-11,5.40938546221905e-11,1.01114045341551e-10,1.11366808086205e-10,1.86563432431759e-11,1.42982551978103e-10,-1.1531043755993e-10,9.85564388788013e-12,-1.91994610959702e-10,-1.48994135935357e-10,-5.63869089299355e-11,8.9210949967441e-11,-2.92245573760549e-11,-8.49758919937476e-11,1.59495285076418e-10,1.62590868040747e-10,1.30041126838234e-10,-1.68785322781342e-10,3.07851009788383e-11,-5.87743705510888e-11,-2.24502696130266e-10,-1.5537291175446e-11,-5.71419350293873e-11,-3.21549200238763e-11,-1.20774355090674e-10,7.55585863010297e-12,-9.32628868104022e-12,-8.87345188817866e-11,1.9965032574053e-11,-9.87690396846282e-11,1.70478132526302e-11,-1.74303825376491e-11,-4.02770965763082e-11,-1.78175923010429e-10,3.07718753108396e-11,8.31701781976553e-11,5.57562131041367e-12,1.04316697253844e-10,3.11345549728855e-11,-1.46163553583858e-10,-1.76135166617277e-10,4.56924419407754e-11,4.14870449375019e-11,1.81328460675559e-10,1.98531566350941e-10,3.18305954900813e-10,1.20786723831039e-10,1.71002203279423e-10,1.00467868648948e-10,2.41302987829441e-10,-7.37067165208466e-11,3.35013580937729e-10,2.04377839925749e-10,2.21018681637264e-10,2.35874190294192e-10,2.83861277058344e-10,4.87183514656834e-10,5.15312606838214e-10,7.17649461246652e-10,7.31446328161549e-10,1.16434317398642e-09,1.21679969334972e-09,1.41411014392823e-09,1.98548601662879e-09,2.43264074028809e-09,2.97196935084121e-09,4.22764712178432e-09
