v,0.25
Patm,100000
g,9.81
r,500
G,10^11.45
rho,2500
mu,10^2.91
rc,28
 
M,10^6.54
sigma,0.25
 
tilt_erupt,7.2029nrad
 
-1325,-1324,-1323,-1322,-1321,-1320,-1319,-1318,-1317,-1316,-1315,-1314,-1313,-1312,-1311,-1310,-1309,-1308,-1307,-1306,-1305,-1304,-1303,-1302,-1301,-1300,-1299,-1298,-1297,-1296,-1295,-1294,-1293,-1292,-1291,-1290,-1289,-1288,-1287,-1286,-1285,-1284,-1283,-1282,-1281,-1280,-1279,-1278,-1277,-1276,-1275,-1274,-1273,-1272,-1271,-1270,-1269,-1268,-1267,-1266,-1265,-1264,-1263,-1262,-1261,-1260,-1259,-1258,-1257,-1256,-1255,-1254,-1253,-1252,-1251,-1250,-1249,-1248,-1247,-1246,-1245,-1244,-1243,-1242,-1241,-1240,-1239,-1238,-1237,-1236,-1235,-1234,-1233,-1232,-1231,-1230,-1229,-1228,-1227,-1226,-1225,-1224,-1223,-1222,-1221,-1220,-1219,-1218,-1217,-1216,-1215,-1214,-1213,-1212,-1211,-1210,-1209,-1208,-1207,-1206,-1205,-1204,-1203,-1202,-1201,-1200,-1199,-1198,-1197,-1196,-1195,-1194,-1193,-1192,-1191,-1190,-1189,-1188,-1187,-1186,-1185,-1184,-1183,-1182,-1181,-1180,-1179,-1178,-1177,-1176,-1175,-1174,-1173,-1172,-1171,-1170,-1169,-1168,-1167,-1166,-1165,-1164,-1163,-1162,-1161,-1160,-1159,-1158,-1157,-1156,-1155,-1154,-1153,-1152,-1151,-1150,-1149,-1148,-1147,-1146,-1145,-1144,-1143,-1142,-1141,-1140,-1139,-1138,-1137,-1136,-1135,-1134,-1133,-1132,-1131,-1130,-1129,-1128,-1127,-1126,-1125,-1124,-1123,-1122,-1121,-1120,-1119,-1118,-1117,-1116,-1115,-1114,-1113,-1112,-1111,-1110,-1109,-1108,-1107,-1106,-1105,-1104,-1103,-1102,-1101,-1100,-1099,-1098,-1097,-1096,-1095,-1094,-1093,-1092,-1091,-1090,-1089,-1088,-1087,-1086,-1085,-1084,-1083,-1082,-1081,-1080,-1079,-1078,-1077,-1076,-1075,-1074,-1073,-1072,-1071,-1070,-1069,-1068,-1067,-1066,-1065,-1064,-1063,-1062,-1061,-1060,-1059,-1058,-1057,-1056,-1055,-1054,-1053,-1052,-1051,-1050,-1049,-1048,-1047,-1046,-1045,-1044,-1043,-1042,-1041,-1040,-1039,-1038,-1037,-1036,-1035,-1034,-1033,-1032,-1031,-1030,-1029,-1028,-1027,-1026,-1025,-1024,-1023,-1022,-1021,-1020,-1019,-1018,-1017,-1016,-1015,-1014,-1013,-1012,-1011,-1010,-1009,-1008,-1007,-1006,-1005,-1004,-1003,-1002,-1001,-1000,-999,-998,-997,-996,-995,-994,-993,-992,-991,-990,-989,-988,-987,-986,-985,-984,-983,-982,-981,-980,-979,-978,-977,-976,-975,-974,-973,-972,-971,-970,-969,-968,-967,-966,-965,-964,-963,-962,-961,-960,-959,-958,-957,-956,-955,-954,-953,-952,-951,-950,-949,-948,-947,-946,-945,-944,-943,-942,-941,-940,-939,-938,-937,-936,-935,-934,-933,-932,-931,-930,-929,-928,-927,-926,-925,-924,-923,-922,-921,-920,-919,-918,-917,-916,-915,-914,-913,-912,-911,-910,-909,-908,-907,-906,-905,-904,-903,-902,-901,-900,-899,-898,-897,-896,-895,-894,-893,-892,-891,-890,-889,-888,-887,-886,-885,-884,-883,-882,-881,-880,-879,-878,-877,-876,-875,-874,-873,-872,-871,-870,-869,-868,-867,-866,-865,-864,-863,-862,-861,-860,-859,-858,-857,-856,-855,-854,-853,-852,-851,-850,-849,-848,-847,-846,-845,-844,-843,-842,-841,-840,-839,-838,-837,-836,-835,-834,-833,-832,-831,-830,-829,-828,-827,-826,-825,-824,-823,-822,-821,-820,-819,-818,-817,-816,-815,-814,-813,-812,-811,-810,-809,-808,-807,-806,-805,-804,-803,-802,-801,-800,-799,-798,-797,-796,-795,-794,-793,-792,-791,-790,-789,-788,-787,-786,-785,-784,-783,-782,-781,-780,-779,-778,-777,-776,-775,-774,-773,-772,-771,-770,-769,-768,-767,-766,-765,-764,-763,-762,-761,-760,-759,-758,-757,-756,-755,-754,-753,-752,-751,-750,-749,-748,-747,-746,-745,-744,-743,-742,-741,-740,-739,-738,-737,-736,-735,-734,-733,-732,-731,-730,-729,-728,-727,-726,-725,-724,-723,-722,-721,-720,-719,-718,-717,-716,-715,-714,-713,-712,-711,-710,-709,-708,-707,-706,-705,-704,-703,-702,-701,-700,-699,-698,-697,-696,-695,-694,-693,-692,-691,-690,-689,-688,-687,-686,-685,-684,-683,-682,-681,-680,-679,-678,-677,-676,-675,-674,-673,-672,-671,-670,-669,-668,-667,-666,-665,-664,-663,-662,-661,-660,-659,-658,-657,-656,-655,-654,-653,-652,-651,-650,-649,-648,-647,-646,-645,-644,-643,-642,-641,-640,-639,-638,-637,-636,-635,-634,-633,-632,-631,-630,-629,-628,-627,-626,-625,-624,-623,-622,-621,-620,-619,-618,-617,-616,-615,-614,-613,-612,-611,-610,-609,-608,-607,-606,-605,-604,-603,-602,-601,-600,-599,-598,-597,-596,-595,-594,-593,-592,-591,-590,-589,-588,-587,-586,-585,-584,-583,-582,-581,-580,-579,-578,-577,-576,-575,-574,-573,-572,-571,-570,-569,-568,-567,-566,-565,-564,-563,-562,-561,-560,-559,-558,-557,-556,-555,-554,-553,-552,-551,-550,-549,-548,-547,-546,-545,-544,-543,-542,-541,-540,-539,-538,-537,-536,-535,-534,-533,-532,-531,-530,-529,-528,-527,-526,-525,-524,-523,-522,-521,-520,-519,-518,-517,-516,-515,-514,-513,-512,-511,-510,-509,-508,-507,-506,-505,-504,-503,-502,-501,-500,-499,-498,-497,-496,-495,-494,-493,-492,-491,-490,-489,-488,-487,-486,-485,-484,-483,-482,-481,-480,-479,-478,-477,-476,-475,-474,-473,-472,-471,-470,-469,-468,-467,-466,-465,-464,-463,-462,-461,-460,-459,-458,-457,-456,-455,-454,-453,-452,-451,-450,-449,-448,-447,-446,-445,-444,-443,-442,-441,-440,-439,-438,-437,-436,-435,-434,-433,-432,-431,-430,-429,-428,-427,-426,-425,-424,-423,-422,-421,-420,-419,-418,-417,-416,-415,-414,-413,-412,-411,-410,-409,-408,-407,-406,-405,-404,-403,-402,-401,-400,-399,-398,-397,-396,-395,-394,-393,-392,-391,-390,-389,-388,-387,-386,-385,-384,-383,-382,-381,-380,-379,-378,-377,-376,-375,-374,-373,-372,-371,-370,-369,-368,-367,-366,-365,-364,-363,-362,-361,-360,-359,-358,-357,-356,-355,-354,-353,-352,-351,-350,-349,-348,-347,-346,-345,-344,-343,-342,-341,-340,-339,-338,-337,-336,-335,-334,-333,-332,-331,-330,-329,-328,-327,-326,-325,-324,-323,-322,-321,-320,-319,-318,-317,-316,-315,-314,-313,-312,-311,-310,-309,-308,-307,-306,-305,-304,-303,-302,-301,-300,-299,-298,-297,-296,-295,-294,-293,-292,-291,-290,-289,-288,-287,-286,-285,-284,-283,-282,-281,-280,-279,-278,-277,-276,-275,-274,-273,-272,-271,-270,-269,-268,-267,-266,-265,-264,-263,-262,-261,-260,-259,-258,-257,-256,-255,-254,-253,-252,-251,-250,-249,-248,-247,-246,-245,-244,-243,-242,-241,-240,-239,-238,-237,-236,-235,-234,-233,-232,-231,-230,-229,-228,-227,-226,-225,-224,-223,-222,-221,-220,-219,-218,-217,-216,-215,-214,-213,-212,-211,-210,-209,-208,-207,-206,-205,-204,-203,-202,-201,-200,-199,-198,-197,-196,-195,-194,-193,-192,-191,-190,-189,-188,-187,-186,-185,-184,-183,-182,-181,-180,-179,-178,-177,-176,-175,-174,-173,-172,-171,-170,-169,-168,-167,-166,-165,-164,-163,-162,-161,-160,-159,-158,-157,-156,-155,-154,-153,-152,-151,-150,-149,-148,-147,-146,-145,-144,-143,-142,-141,-140,-139,-138,-137,-136,-135,-134,-133,-132,-131,-130,-129,-128,-127,-126,-125,-124,-123,-122,-121,-120,-119,-118,-117,-116,-115,-114,-113,-112,-111,-110,-109,-108,-107,-106,-105,-104,-103,-102,-101,-100,-99,-98,-97,-96,-95,-94,-93,-92,-91,-90,-90,-89,-88,-87,-86,-85,-84,-83,-82,-81,-80,-79,-78,-77,-76,-75,-74,-73,-72,-71,-70,-69,-68,-67,-66,-65,-64,-63,-62,-61,-60,-59,-58,-57,-56,-55,-54,-53,-52,-51,-50,-49,-48,-47,-46,-45,-44,-43,-42,-41,-40,-39,-38,-37,-36,-35,-34,-33,-32,-31,-30,-29,-28,-27,-26,-25,-24,-23,-22,-21,-20,-19,-18,-17,-16,-15,-14,-13,-12,-11,-10,-9,-8,-7,-6,-5,-4,-3,-2,-1,0
1.0338884927354e-10,6.72655353929658e-11,2.09080638168616e-10,-4.80387232980139e-12,4.16732642143234e-10,-1.50508206957928e-10,-3.04459627565405e-10,2.0609927982112e-10,-4.13124725777271e-10,2.61152250098167e-10,1.13284812363417e-10,5.77399372374702e-11,3.0184041902419e-10,4.20806853557694e-10,2.72024988928215e-11,-3.36492467163044e-10,-2.59683860983653e-10,4.82252619934852e-11,-2.12118432141469e-10,9.23210432776609e-11,-2.48679480346891e-10,6.63226385388085e-11,1.10008742187416e-10,-6.51379558196035e-11,-1.34337772319279e-10,7.75664082839016e-11,-2.5960448439931e-10,-2.79835186832628e-10,-2.58816603873761e-11,-2.35130774507165e-10,-1.20306805555413e-10,3.57973728444535e-11,5.05618615456572e-11,4.67404548856745e-10,-8.91176917959581e-11,-2.09452279379496e-10,-1.0114478669264e-10,-3.38531693276492e-10,-1.82475954658093e-11,-3.70031337224281e-10,-1.09386752726908e-10,-1.32971069225391e-10,2.56647415727685e-10,-1.48948078383951e-10,1.60314239181579e-10,2.17029470876649e-11,4.29838273777982e-10,1.8243785811001e-10,6.46463115820675e-11,4.73158784183499e-10,3.60147804172716e-10,-1.86602287499481e-10,-8.81457501193061e-11,-2.29002341697973e-10,-4.88096528840236e-11,-1.00471178201179e-11,-3.66832720857119e-10,1.28591800266551e-10,9.09047364373945e-11,4.05784323292336e-11,-3.94117057884191e-10,-1.45783279887374e-10,7.86732794712597e-11,-1.5218205687255e-10,-1.91388366172523e-10,-2.41419281906999e-10,1.65027983105202e-10,1.93768759965416e-10,-4.16013383267907e-10,-1.00929450298382e-10,9.15681108355586e-11,5.49764733696491e-10,1.5893530257922e-10,-4.36122010339089e-11,-6.50341345746334e-11,3.06923971374039e-10,-1.1889249176916e-10,-7.66481537648103e-11,-7.78917116306968e-11,2.97930320245247e-11,3.3100178735333e-11,-1.03483804688844e-10,1.7622948684328e-10,-1.11574871079181e-10,-4.20498894778107e-10,-2.14297695437294e-10,-2.10942015276589e-10,2.96768159808593e-11,1.13299361231291e-10,-1.99512496528013e-10,1.77070964198448e-10,4.33586676266177e-10,-4.77389415586471e-10,2.09383191251975e-10,5.42381793191701e-12,4.01738381983571e-10,2.16062037700805e-10,-2.3728744969347e-10,1.59539052655082e-10,2.46463771981181e-10,-1.28186163241943e-10,3.60291460303094e-10,2.16843890517447e-10,2.66569035352799e-12,-9.56733475649789e-11,1.68546052921985e-10,6.22447029385443e-10,3.65846344357141e-10,-3.12949100834869e-11,1.58141629002485e-10,1.39452343077727e-10,-1.96877516208308e-11,-3.25967762976956e-11,-4.15851123219371e-10,2.10775733422249e-10,3.51490470634151e-10,1.27423198809051e-10,2.78679227813772e-10,-2.39166590703972e-10,1.78190221500923e-10,-9.8148295306413e-11,4.08324859619755e-10,-1.13317410873352e-11,2.432864731072e-10,-2.26373310518788e-10,-1.47310979129734e-10,-3.57208558999961e-10,-3.16573409442165e-10,4.86965968269982e-10,-1.43159583683659e-10,-2.57911053823687e-10,4.1825010433998e-10,-2.88755324235929e-10,-3.28245042140485e-10,2.3486535824541e-10,-6.48703013823269e-11,1.72352185052095e-10,-2.82046096834781e-10,4.64293613204326e-10,1.7973879820103e-10,-2.33376460835773e-10,-2.77118589857949e-11,-1.22844968073447e-11,2.62493360405741e-10,6.64823122669899e-11,3.7340639690385e-10,-3.94297896315559e-11,2.10023260605739e-10,9.38011730642029e-11,1.17840528083707e-10,-2.8243445119674e-10,1.00633455501248e-10,-1.85991560845304e-10,3.86906541313904e-10,-1.30031549595118e-10,2.02272766911551e-11,-1.66301755602709e-10,-1.843565348284e-10,-1.06207758743302e-10,-2.33629401473693e-10,-3.55005371057667e-10,1.54159951680285e-10,-1.39501255856054e-10,2.58466710318859e-10,-2.648364506244e-10,5.09000604573121e-11,-5.18333941199624e-11,-1.49752474514326e-10,1.73724885318568e-10,-1.83234416196046e-10,2.56538459188336e-10,-2.81960840549578e-11,3.00994567156831e-10,6.81286909317731e-11,-4.22978246307462e-11,-5.46676076263369e-11,-1.76181093097869e-10,-5.13459295972077e-11,-3.29131630614643e-10,2.14205517712612e-10,5.44924282571674e-11,8.06420953055604e-11,-3.10255899294699e-10,-2.30894921391229e-10,-3.38398749452428e-10,-1.30801038590203e-10,-1.19435506541767e-10,-7.39375061859284e-11,8.70992867382746e-11,-3.27915909655973e-12,3.79558457518172e-10,-2.01912233085779e-11,3.93142887929263e-10,-1.07836054392367e-10,1.23820595648667e-10,2.09411926860332e-10,-4.09240494488016e-10,-2.23060711147575e-10,-2.93268901900023e-10,2.87142857260873e-10,-1.89300615976053e-10,4.33071399947655e-11,-2.43525867681629e-10,2.32638364499393e-10,3.01780237986008e-11,5.73203915503956e-10,-2.79711372778569e-10,-1.92310739160807e-10,-9.34000058762586e-11,1.24188760019055e-10,-1.31838203658756e-10,-1.97245035235014e-10,-2.11183596122947e-10,2.09421661038008e-10,-3.83455397999788e-10,-5.82756847960505e-11,-2.50008806995022e-11,-2.39112522816559e-11,9.92552434954011e-11,-4.82961540326507e-10,-1.10494235518024e-10,-3.58222832287117e-10,4.08243616635747e-10,-3.8922972995845e-10,2.71107110802811e-11,3.77330758291103e-10,3.3583716014937e-10,-1.7408371730302e-10,3.74038593333372e-10,-2.32016817017677e-10,-2.08359734914387e-11,-8.48849364435251e-11,-5.45983020415675e-11,4.72480529793866e-10,-1.24774635927929e-10,3.4432541148958e-10,-6.55827431381248e-10,1.30900238137264e-10,2.43420316909988e-10,-1.80930676128962e-10,-2.35674363640241e-10,-1.81012614965116e-11,-1.00362334029694e-10,2.83363046781449e-10,-1.48717341137594e-10,-4.86205065051448e-10,3.0783549605287e-10,2.87607857195013e-10,1.96976734767901e-10,2.17095276761104e-11,-2.7098592197867e-10,-1.12962274248934e-10,-1.92833292096774e-10,-8.26251756713386e-11,1.06004330460689e-10,-5.72750620314936e-11,-4.34346810935983e-12,-1.09393984594751e-10,3.29453767734765e-10,1.99396089860558e-10,-3.80811615915525e-12,5.50931748889411e-11,-1.65695825773659e-10,2.75344828392253e-11,-1.65633330315015e-10,-5.38282137864635e-11,2.53174264145245e-10,3.81518224315028e-10,-2.29878179877463e-10,-2.19437458543532e-11,-4.45847319029994e-10,2.2646442459604e-10,2.93735169838809e-10,8.91107461932561e-11,-3.42680648101667e-10,8.48301569344594e-12,2.25745247584071e-10,2.53359233462168e-10,-2.58502230472231e-10,-4.45340396480809e-10,-1.00022670138358e-10,9.42841986198376e-11,-1.07945530093102e-11,6.95575885800305e-11,1.10817063072998e-10,1.50298335325857e-11,-1.64785116812351e-10,3.67317836402764e-10,3.48494441797921e-10,3.73049809831654e-10,2.83846594992795e-10,1.20423033437874e-10,1.79434788034871e-10,3.46214200295912e-11,-5.22429976517841e-10,3.51633330955851e-10,3.68233950687298e-11,-1.28383957474979e-10,-4.72272080405051e-10,1.68651360385756e-10,7.12988865024945e-11,-3.17451693677104e-11,5.96918252786512e-10,-1.45056543500517e-10,-9.31628284019153e-11,-4.58805564613719e-11,1.85304991886024e-10,-3.56778626501471e-10,1.69352177172549e-10,4.21719101803895e-10,6.17786838339107e-11,-3.82575829346998e-11,1.92934394440296e-10,-1.93024403299274e-10,-1.81014380707155e-10,5.0066805368325e-11,-3.50690194240947e-11,-7.50795298926074e-11,-1.35641655885631e-11,-1.66113913365913e-10,1.65940936631939e-10,6.52250284609554e-12,4.51039093385564e-11,-1.47099154621208e-10,-4.04045453368855e-10,2.90996962982951e-10,-7.64089352410674e-10,2.49578129613726e-10,-3.01885927920305e-10,2.52321883322391e-11,1.99808688214896e-10,-2.02520911650869e-11,2.43237893364231e-10,-1.94417377611342e-10,5.6199294576239e-12,-6.56316880860579e-11,-3.53213676047041e-10,-3.245895422299e-11,-2.41649839583552e-10,1.45083129708726e-10,-3.81588704394351e-11,1.21007291566087e-10,2.25032904282751e-10,4.25228014546888e-10,1.8770837779909e-10,-2.29001385371661e-10,-2.75778531370371e-10,-4.32550747539053e-11,-2.25462598953168e-10,3.75726097033963e-10,-1.66638388278101e-10,1.67970763913632e-10,-5.99519420765317e-12,-4.21180158187533e-10,3.00336852776327e-10,-1.20303517825495e-10,-3.92819823962097e-11,1.22199518096914e-10,2.79331308191862e-10,2.16454752038159e-10,-5.64577084256223e-10,1.26542805623472e-10,3.42741906543212e-10,-5.07648872274555e-11,-5.00149314255892e-11,7.54574499167596e-11,-7.91011890343649e-10,-2.70039728991058e-10,1.65975338449492e-10,3.85408489333736e-10,-2.08957450347736e-10,-1.46681373199761e-10,3.08288392936093e-10,-3.14067767886941e-10,-3.41115135153007e-10,4.98146418571213e-10,-6.8582250460223e-12,-2.19569447570392e-10,-1.46203096146732e-10,-2.98493721828314e-10,8.39154930800919e-12,-5.99327905835607e-11,-6.37847901428728e-11,2.43201181524661e-10,-2.12796946166917e-10,1.59381508078559e-10,-3.49412701776429e-11,-2.61909327683719e-10,-5.98509255981801e-10,2.43992218873388e-11,2.49720043615857e-10,-1.73578638918398e-10,2.73329590060294e-10,1.21267675236922e-10,-8.09550402492164e-11,2.83553746128472e-10,-1.52138130478105e-10,1.83904974532876e-10,-2.1064410494128e-10,-1.21091240935596e-10,1.64577374610214e-10,-4.68326115178532e-10,4.05663873526278e-10,-2.29992549367128e-11,-9.08097139060864e-11,-2.08558075826465e-10,-3.33662162976009e-10,3.79095150945669e-10,2.36089545475616e-10,-1.49743757257413e-10,-3.63815566001914e-11,-2.56946315241503e-10,5.90288593290458e-11,5.42852398390917e-10,4.73549582122009e-11,4.21038588164486e-10,2.20776736186986e-10,1.77775762414413e-10,-9.53508516747804e-11,-2.93253842353082e-10,-2.87741803193199e-10,-3.58905337041446e-10,-3.30730743935657e-11,-6.11126418231394e-11,-1.68361553227738e-10,-2.00156516895406e-11,3.22520081907812e-10,-4.13098420431823e-10,2.4529176198379e-12,-1.49097232225682e-10,-4.5015645234156e-11,-2.30774388614251e-10,-5.13501271398783e-11,-3.933324219725e-10,1.67941826721998e-10,-2.52302690673887e-10,8.54440132528333e-12,3.53752969801538e-10,-6.01382987700406e-11,9.371949481323e-11,2.70609596530502e-10,2.96325180261819e-10,-1.39761709756917e-10,3.91289390983024e-10,-1.21705717077804e-10,1.92073010004861e-11,-4.14439575948062e-10,-4.64422037215169e-10,1.4002288940562e-10,-2.43989293484483e-10,-1.39384477546776e-10,-5.66256391196333e-10,-9.24612089618127e-11,-5.97583273012935e-11,5.53079854594298e-12,2.03358589166799e-10,4.00084472907699e-10,6.76202139645885e-11,3.80710937348394e-10,3.74127423807388e-10,-5.98542290491843e-10,-4.01163488260965e-10,1.47376787252356e-10,-3.7339488397562e-10,1.60642954342288e-10,-1.57937012317061e-10,2.24060088778037e-10,2.84737356427122e-10,-6.42859210836899e-10,-1.76542224874206e-10,9.19128486691363e-11,-6.18838176161401e-11,-1.71389758191596e-10,4.09744866571844e-10,1.0237680030399e-10,7.65344268106913e-11,2.22757492869962e-10,-1.99185213572984e-10,1.59759390536022e-10,1.8303350112866e-10,-6.54730045512743e-11,-4.49034232832905e-10,4.62797637284058e-10,-2.69277089606167e-10,1.64606160183079e-10,-3.12455990644125e-10,-3.74996317555379e-10,-1.36027725061473e-10,2.68056983016233e-10,-2.59670554694639e-10,-2.13189735294365e-10,-3.59914915958759e-10,5.10332084636112e-11,-2.21750655323955e-10,-2.51617007167582e-10,-1.69466212262097e-10,-1.71565227917071e-10,-3.00473123956572e-11,-3.48680685496972e-10,1.06406328359482e-10,1.07356525212512e-10,1.15991440113155e-10,1.69295620270758e-10,-4.9180402487743e-10,-2.77196911754519e-10,-1.75718194539628e-10,-2.04260525216543e-10,8.30599968068064e-11,-2.51450278312042e-10,1.34988475352692e-10,3.71290991623354e-11,-2.04811239101297e-10,-1.36663005721926e-10,6.81945122304412e-11,3.87146343401468e-11,-6.40484261218675e-12,-1.40302268335905e-10,1.05601642045367e-10,1.26792943561177e-10,3.32859467414192e-10,-2.07232861879802e-10,1.66808129389287e-10,-3.29367948224757e-10,-5.37095452621535e-13,1.51168481060437e-10,1.94548384136314e-11,-9.00652312558487e-11,-2.81460081087222e-10,-1.52220738422406e-10,1.63106770371542e-10,-4.66037949393188e-10,-4.19463944255364e-10,-1.82139029889106e-10,-5.72330387040824e-12,4.64366106412914e-10,1.45971769294068e-10,-1.36857556898879e-10,4.68043195753683e-11,2.07430195537235e-10,-4.82600551440214e-11,-3.94579269579176e-11,-7.83050446031601e-11,3.66996058833918e-10,-2.14726105926249e-10,-3.22121972840005e-10,1.19640927265621e-10,6.2806695807069e-12,5.6085049138213e-11,3.52931232995248e-10,3.46711428655937e-10,-7.22916960932553e-12,1.18692083250753e-10,1.73974960428116e-10,1.80171300159501e-10,1.66626725447747e-10,1.35862488536107e-10,-8.27853588034001e-12,-2.21945904573337e-10,-4.77391411728714e-11,1.6294929302373e-10,3.12773167784339e-10,3.02486473134067e-10,2.31064863568685e-10,5.05552930287111e-10,-1.75368156726831e-10,-3.19318152889602e-10,-6.22122135561234e-10,1.32743227285731e-10,-7.99543899353319e-11,2.78726855978522e-10,2.97295370621813e-10,2.38601614194854e-10,-3.02391231101271e-10,2.41026705187308e-10,-2.67698235263165e-11,-3.81417999171209e-10,-2.36825286234293e-10,4.87549315963245e-10,-3.09680591872979e-10,-4.48210731503436e-11,-3.4659368997694e-10,-3.47776089291101e-10,-4.25504708374147e-10,-2.85714532533589e-10,8.18721216290206e-11,-2.48321150583678e-10,-1.97639367609695e-10,1.33326994897549e-10,-1.37681681705112e-10,-3.80851187896997e-10,1.22587877635355e-10,-5.03612729242389e-10,1.75866016459892e-10,-1.40626198140457e-10,-1.26404167574066e-11,-3.8128423897901e-10,-7.64576325637865e-11,-4.42500297419107e-10,4.86053623416335e-10,-3.31919735832983e-11,-1.14546581765578e-10,4.65005652203516e-10,2.94049784930556e-10,5.67041608020816e-11,-1.81722024262927e-10,2.40778559906807e-10,-3.23294282057212e-10,3.64099761072187e-10,1.98463332883504e-10,-8.53680982109092e-11,1.69356113900083e-10,-1.3286620127018e-10,-2.29313483136506e-10,-5.51489631910161e-10,4.11652053063342e-10,-2.26017957363359e-10,3.61486311731541e-10,-2.3758748490955e-10,3.62483533981969e-10,-4.52921302111516e-12,3.72801402475156e-10,-1.92814635591784e-10,-2.86449528855598e-10,1.14385197122698e-10,1.31635633263557e-10,-3.61392050049302e-11,2.757064624934e-10,1.04428125960897e-10,1.70237642120536e-10,4.48378397332832e-10,5.22783934043704e-11,1.39358234228906e-10,-1.48674204297308e-10,-2.58107286029685e-10,-7.40673839753105e-11,-5.35101022852374e-10,-7.5872237097591e-10,7.95638541156018e-11,3.64260705206247e-10,2.27213804943699e-10,2.33271432051871e-10,1.67637616381474e-10,7.49488731538423e-12,5.91251532267016e-11,1.02557369637771e-10,-1.81481079224655e-10,3.91574862828762e-10,-3.03336851991134e-10,-6.81003846110307e-11,7.17851199244741e-12,2.33428976520989e-10,-1.16769257023458e-10,2.61973169086526e-11,-3.16374150578245e-10,1.6913644508329e-10,-3.36801597247029e-10,2.8451976358357e-10,-2.07783493683348e-10,-3.91528612101178e-10,-1.14784842901481e-10,-1.05482615921729e-11,-1.36215351952198e-10,-2.47144910254281e-10,4.33745023471492e-11,-1.47890585080378e-10,-4.45294546836126e-10,3.28207213330835e-10,-4.56402402379223e-11,5.30661091148392e-10,-9.78165925056987e-11,-2.00530102503577e-10,-3.51523022072568e-10,-3.78779753416064e-10,-4.1283446610587e-10,-3.57627303187429e-11,-2.71133166251827e-10,9.13050645215726e-11,-1.3486503334216e-10,4.75236294066343e-10,-2.7871312440192e-10,2.37617643629806e-10,1.41689053493743e-10,-3.86007590832521e-10,-4.95640363708886e-11,-1.64575629023641e-10,2.53195556536187e-10,-1.77312525468762e-10,-2.20321742449762e-10,3.84610237746189e-10,-2.64734465536186e-10,4.14299330372729e-11,-2.80797200343754e-12,-1.5284480803973e-11,3.75595053436595e-11,-2.30277514204105e-10,6.91059335237099e-11,4.55776873174119e-10,5.75371527366404e-11,1.33758490131747e-12,-9.98440448321947e-11,2.58767015977952e-11,-2.0490648044057e-10,-1.0541783737828e-10,3.04812415539145e-12,4.15489126136242e-12,-4.98134927874704e-11,1.60273983506041e-10,-2.13699618190237e-10,-1.7199028614522e-10,8.87382368417166e-11,3.46946085127364e-10,2.50945725669812e-10,-2.91263529161691e-11,8.41189394545634e-11,3.64804710804388e-10,6.31402943170771e-11,-2.05795622272632e-10,1.71362259899809e-11,-2.7717346737284e-10,-2.94322754547982e-10,-2.67107035931344e-10,1.88373857672187e-10,-1.78439881243408e-10,-4.50433961519625e-12,4.46482829520822e-11,-4.83619448598623e-10,1.15600180222901e-10,1.69465418555509e-11,-2.96407522481294e-10,-7.0657870592174e-10,-1.22632022192306e-11,4.79920317137385e-10,-7.42812115647492e-11,-1.15338751519662e-10,2.62719615793159e-10,-4.48301159124241e-11,-4.4399870023799e-10,-3.76771475828356e-10,3.27723890084061e-10,-7.95415278221092e-11,-9.74918262181526e-11,-2.94423730950879e-10,9.30595451984389e-11,1.90678439068589e-10,-1.06793555020572e-10,-8.19605983140803e-11,-1.56797133569161e-10,-1.43606405601909e-10,-1.88778537842332e-10,3.8089668800603e-11,-4.05419632801923e-10,-1.88191176096048e-11,-2.30821649178978e-10,1.67858793418087e-10,5.04432109762624e-10,-1.02045446257244e-10,5.2977749531455e-10,2.59634292456786e-10,-4.06574843864827e-11,-1.77841977811065e-10,-2.59035199576683e-11,-1.6895041527654e-10,-2.73136102324017e-11,-6.20042905216906e-10,-3.87991438610154e-10,3.83572292644271e-10,3.61305271975526e-10,-1.501626952642e-10,-1.563774998583e-10,3.86139406798643e-10,4.77594960949056e-10,-2.85536835789324e-10,1.49416657874643e-10,-2.21351938132491e-10,5.84914619810603e-11,3.80324040883003e-11,-1.09031008399387e-10,-1.5155771655674e-10,5.60389546277252e-11,-1.65359623849968e-10,2.21941611023665e-11,5.31743550607556e-10,2.64826637993915e-10,-4.7791540454432e-10,9.29635154747083e-11,1.27997369383349e-10,-1.35786581312354e-10,8.68432942319001e-11,-1.34994380158436e-10,-4.82310106750821e-10,-8.01970621747027e-11,-4.80200672855436e-11,2.20645579934943e-10,-2.45410210316053e-10,5.95836939888918e-10,-1.24136805292216e-10,1.02758470234301e-12,1.53920510993703e-10,-1.86176521436919e-10,-2.91378147426948e-11,-3.42450146379055e-10,-1.46615693416453e-10,-1.67525996980792e-10,-2.72322608387348e-10,4.53528014330529e-10,-4.06131306110324e-11,-2.8559187237843e-10,1.64313873651049e-10,-2.96564287673906e-10,1.62368363220921e-10,2.5791610581127e-10,2.52820318153156e-11,5.71211037198777e-11,2.31940004014614e-10,-2.91732991873548e-10,-3.11702913313424e-11,-1.81095140451178e-10,-1.46445818107675e-10,2.34049644476959e-10,-4.76422003574271e-10,-5.30628452093888e-10,-2.63201807741588e-10,-5.70030921518583e-10,3.27769720393907e-10,-1.40196866202172e-10,-1.14513383436231e-10,2.54403451654471e-10,5.83517145923575e-10,3.287902853206e-11,-5.0073923449655e-10,-2.12225572962156e-10,1.82463352127257e-10,-4.13853635097091e-10,1.02800823909731e-10,2.40158541497235e-10,-7.88348001773201e-12,-4.98786947301838e-11,-2.89481881964763e-10,-2.78455172808627e-10,-1.20330238155757e-10,-2.49881569427583e-10,2.22878649578003e-10,8.85735612687721e-11,1.26244700168535e-10,-4.96116808726943e-11,-1.39160027378025e-11,-4.55385329990644e-11,1.5385054765021e-10,2.35639989726502e-10,-5.22100897930453e-10,1.00843190567944e-10,-6.97089270892724e-11,2.47084157771201e-10,-3.94492150311549e-11,1.36201385286688e-10,1.8285364979975e-11,3.72586793436742e-10,4.55268285442607e-10,2.34916428835453e-10,2.40050047616618e-10,-9.18923413806001e-11,-3.8126995552805e-10,-2.75319852385511e-10,-1.19148512553137e-10,5.32914614384976e-10,2.55181731020469e-10,1.06846697490803e-10,6.21621876434599e-11,1.54830290593354e-11,-6.01266797457262e-10,8.96380836974973e-11,1.01093076538107e-10,1.88215817419029e-10,-1.81539831264432e-10,4.43706333461265e-10,-1.31736788211002e-10,-1.56435648655527e-10,-1.14382808730728e-10,1.53751567314985e-11,1.14926450653375e-10,-7.78125094768753e-11,-3.4756849677838e-10,7.98851053139303e-10,1.42875771621606e-11,5.52450781797469e-11,-6.63739272225218e-10,3.34937980534497e-10,1.99399193376328e-10,1.2588705056901e-10,2.09114989529375e-10,3.91858564128553e-10,1.36105537768848e-11,4.89470544239799e-10,-6.76946186869806e-11,-1.12596717864602e-11,-2.05298493847074e-10,-1.0597421268965e-10,-6.7325831418017e-10,2.17847763175673e-10,-1.92529513463184e-10,-8.20290502456935e-11,-2.78303766975858e-10,2.06342511753114e-10,-9.12854252038995e-11,-6.02488029333437e-11,3.45786396456391e-10,2.73214812707628e-10,7.75109433347912e-11,-4.2085800843857e-11,-8.13233233047836e-11,3.87644069316468e-10,4.15052077695299e-11,5.06752908854738e-12,-1.80168697983245e-11,9.01221598929474e-11,-3.64245544164009e-10,3.54102729493129e-11,3.1282978672221e-10,-2.41536361860909e-10,3.98454912723431e-10,1.47649387057424e-10,1.51445129131034e-10,-2.40355010277036e-11,-1.16488241771736e-10,3.54424570973695e-10,8.80663397612235e-11,-1.24491019606415e-10,-1.01976145170489e-10,-8.14927011950357e-11,-1.01974444680251e-10,3.80291327429617e-10,7.12029756669342e-11,-3.65119442939297e-11,1.18804870950914e-10,-2.52510828552982e-10,1.29838218376416e-10,-5.37428614879983e-11,-2.75235436786588e-11,5.35746120512997e-10,2.66667431823232e-10,-4.31299960459786e-10,1.47383358478445e-10,2.30836644751152e-10,-2.31207113042993e-10,4.88061764121194e-11,1.91617189214456e-10,2.26842683460909e-10,1.93111686533674e-10,-1.49057943539713e-11,2.86675598742893e-10,-2.72250627510461e-10,-3.11065686125324e-10,2.49692208726359e-10,6.07215007258409e-10,5.76593748621259e-13,1.99221441678337e-10,-9.28778750683485e-11,-1.02122706600073e-10,-1.26597659853978e-10,2.61603199752901e-10,1.78275241459593e-10,-5.98520772388688e-11,1.18753861294207e-10,1.1971280619385e-10,-1.47712612326189e-10,2.05531412997763e-10,-7.98511282580263e-10,-1.79583559162216e-10,3.06173581671001e-11,1.27928273956876e-10,-1.48875500552531e-10,-1.07718617449009e-10,-2.14284140378689e-10,-1.71577216900086e-10,-1.04166861035898e-11,3.65582206171089e-10,1.4148079381163e-10,-9.40616154925632e-11,-6.45217263212496e-11,1.00143474462505e-10,2.90745759725803e-10,-2.06308749278427e-10,3.06606328658483e-10,-6.19834933403124e-11,-1.16813405928931e-10,-6.94442507137789e-11,4.49673188808758e-11,-3.19752395169475e-10,-2.19889151083631e-10,3.11688633642159e-10,-7.60523724867448e-10,-4.99937622794542e-11,2.52143585783006e-10,1.23422864290125e-10,-7.90450065194424e-11,1.93929392855259e-10,3.63328016330743e-10,-2.24717365321256e-10,9.11374396173155e-11,2.6517795010638e-11,2.03161243212716e-10,1.77405113021226e-10,5.28878885301193e-10,2.31201395654588e-10,-5.69749357319305e-11,-1.46821264853592e-10,-2.15353385652913e-10,-1.19993099699325e-10,-2.31357175375572e-10,-6.66867232957945e-11,-2.71187637761257e-10,-7.67671205542268e-13,-3.63968094782534e-10,1.30010123001741e-10,-3.92129904843038e-10,3.09528303346514e-10,-1.72662803363875e-10,4.25709546311203e-10,2.48999446806202e-10,8.43789283153079e-11,-5.05669539634212e-11,-2.67289142545078e-10,8.78081221614345e-11,-3.28788251639531e-10,-7.12477403967644e-10,-1.29479111644668e-10,1.74779085059286e-10,1.08906700782314e-10,1.1026476356467e-10,1.17685005718136e-11,-1.73623606722854e-10,1.4441101060172e-10,-5.234777937559e-10,-9.39794915806945e-11,-8.89345886792553e-11,-2.20540005782688e-10,6.52880128052617e-10,9.63262508047118e-11,-1.20245970562494e-10,1.19839022724111e-11,4.39929459875526e-11,-7.79304270335069e-11,-1.50481683220165e-10,-1.30090871367875e-10,-1.64023403200806e-12,1.59507240149836e-11,-2.43152185894614e-10,-4.41400891332706e-11,-3.40323307874877e-10,4.27578561914448e-10,-1.22640316428838e-10,-3.27056111301217e-11,-3.67991867497938e-11,2.90874282980157e-10,7.29804533457037e-11,-3.89253887162678e-10,4.50480505698885e-10,2.77479369706097e-11,5.55494566489337e-11,2.87394885962361e-10,7.80684881874759e-11,-1.45742983838888e-10,3.85167747088724e-11,-1.68387386978504e-10,-5.91032520387841e-10,2.62298512543011e-10,-9.55047034457077e-11,-4.82661661525931e-10,-4.75243326681293e-10,-2.35238815915341e-10,-2.07912746777778e-10,2.09650172486488e-10,2.28360242125497e-10,-4.88457868180659e-10,3.60435900345261e-10,2.48618090894791e-10,5.41702540169928e-10,7.45798178866747e-11,1.50699141312365e-11,-2.76252320125594e-10,2.26705805502398e-10,-1.66426490546078e-10,1.62598017186491e-10,-1.98669973850909e-10,8.14007450252293e-11,1.9128647452782e-10,-4.55593268291858e-10,3.57368552170666e-10,5.57162396876218e-10,3.63417172036553e-10,-6.05220573196336e-11,8.65689975659251e-11,1.15510122201945e-10,-1.58153502230044e-10,-6.13526640402393e-10,1.2443500819971e-10,3.53057337971053e-10,1.37301560792451e-10,1.00158336496548e-10,2.39755440075944e-10,1.01065744213758e-10,-2.71197750405729e-12,2.11832639570766e-10,3.76839464144774e-10,-4.1002480314533e-10,9.51526054202174e-11,1.33544220037477e-10,7.22858096937674e-11,-1.00290080036931e-10,-3.1235162051171e-10,-2.15349217110976e-11,-1.51551786473937e-10,-1.53579597881952e-10,-2.07139425143999e-10,-3.99135114270657e-10,-6.77971818492065e-11,-1.80288711667442e-12,1.10275972308955e-10,-4.06821846004802e-11,9.94254380885834e-11,-1.74491688603863e-10,2.87511709637259e-11,1.81350271897251e-10,-5.95435494097522e-11,2.0024231829455e-10,8.14078992393212e-12,-7.56644529927703e-11,-1.12089406905346e-10,-1.03359752171421e-10,-1.90173430770588e-10,5.99937754049851e-11,-2.13598452191463e-10,3.52393957763179e-10,-8.09395098804004e-11,3.0793367841288e-10,1.77845661344603e-10,-1.06959375485886e-10,-1.06833301018875e-10,-2.80322456888169e-10,-3.76619664702889e-12,-5.80674224961149e-11,1.25832884329554e-10,-3.63898387977822e-10,-1.40550804104106e-12,8.44601917950793e-11,7.44886363201114e-12,7.03484084292942e-11,1.07250019797258e-10,-9.9852393477988e-13,-9.36044856891813e-11,-1.3781777341707e-10,-1.28114951683467e-10,-5.94573723038639e-11,-1.90301499005538e-10,-3.05839660435507e-10,4.18037503730918e-10,1.13412682985883e-11,-5.41293434060422e-12,1.99840297379754e-10,5.77180788868167e-11,-3.50308949369949e-10,-1.63919271754575e-10,-3.71042584372391e-10,-7.96146816307877e-11,5.04868933624671e-10,-2.23948733919581e-10,2.72335228069704e-10,-4.90614102014236e-11,-1.41756885062452e-10,-2.09229107134383e-11,1.39837642776887e-10,-5.65325749720866e-10,-5.19420182555483e-11,-3.07397975296361e-11,-1.64119489873418e-10,4.7661348193309e-11,2.56360739944874e-11,-3.38372030661663e-10,1.95435564503973e-10,-4.48992706812074e-11,-4.16839439139013e-10,1.85623623392111e-10,-3.1663371017896e-10,9.15006453200883e-11,-2.64311727285078e-10,1.50257050627784e-10,7.17392478200584e-11,-3.02764987049903e-10,-1.98947748620308e-10,-3.20140973817068e-10,4.44286394646693e-10,1.12855906182883e-10,3.43002024963172e-10,1.3250941437101e-10,3.33226496093952e-10,3.19691369881091e-10,-2.40660723489092e-11,1.59698337741169e-10,8.61771704288864e-12,8.28032122066624e-11,1.86953842471729e-10,-1.99738613145882e-10,-1.94573210228042e-10,-1.25010634180834e-10,7.19210173664786e-11,-3.72846642749568e-10,3.32368439918174e-10,5.69973913377139e-11,4.0776525125222e-10,2.24387153213467e-10,3.4672065899173e-10,-1.42330784222723e-10,-2.94684050592295e-10,8.91065259584819e-12,1.21892473786743e-10,2.4505314801709e-10,4.28297651934903e-10,1.79974794278729e-12,1.98766745902107e-10,-1.07671038085352e-11,-1.10303836164921e-10,2.76373439930874e-10,4.29429037785706e-11,1.92999242227438e-10,3.85035720329463e-10,-2.5579287795098e-10,1.60621998929113e-10,2.13378656993758e-10,-5.0324002191542e-10,-1.19475236598096e-10,1.84196697213735e-10,-1.25261709924958e-11,1.07641833442468e-10,-2.74372162764855e-10,-1.84646021708596e-11,-1.29694812349957e-10,-3.5640150997812e-12,3.67559672371935e-11,-4.3468042887928e-10,1.05569821164429e-10,5.65455283660465e-10,-8.84767523937483e-11,-3.02831879947315e-10,3.69148294897717e-11,-2.78473189259083e-11,-7.10726551985203e-11,-1.41439233785183e-10,-1.29331647539072e-10,-3.9564111524601e-10,3.4404167255952e-10,2.20127167954554e-10,-1.50289488691113e-10,-3.77574368293287e-10,-4.75797119411432e-10,-4.22543728721886e-10,-6.64486186070387e-11,-3.14193107231424e-10,-2.5518365412204e-10,-1.40578748404749e-10,-5.7732423147145e-10,-3.41232912116353e-10,-1.05494708753301e-10,-5.75962374778476e-10,-2.01772636586996e-10,-4.02039166277707e-10,-3.50012994400222e-10,-6.10974566095545e-10,-3.14375885254026e-10,-6.1691493175109e-10,-3.25775397827212e-10,-6.02182295151201e-10,-6.28317880281191e-10,-1.2815646691703e-10,-3.94628868297361e-10,-2.80109003024076e-10,-9.20347709365193e-10,-4.72699474752563e-10,-2.33698855290666e-10,-5.36514200778276e-10,-9.22089415280131e-10,-6.53867849283448e-10,-2.13987784974294e-10,-7.93206633569831e-10,-4.26081692365111e-10,-4.90465818457006e-10,-1.02888230361232e-09,-4.24329697471168e-10,-5.52025956071314e-10,-1.08146383238056e-09,-6.57113551390723e-10,-4.41625354430902e-10,-8.38764718342456e-10,-9.53988789927225e-10,-3.80203679732237e-10,-4.05384095201362e-10,-8.24736044335152e-11,-7.49944145486749e-10,-9.23398671615524e-10,-5.36557726481343e-10,-3.75635247414576e-10,-4.69910037949231e-10,-5.44962610440563e-10,-4.11356573592216e-10,-5.03309422201259e-10,-4.6132094443603e-10,-5.91687583217549e-10,-4.34451403278463e-10,-2.47016337962079e-10,-8.26197219242933e-11,1.05338589131387e-10,-2.38946359150768e-10,-2.02814287654723e-11,-1.65880767314943e-10,4.01526657516667e-10,4.79572451251219e-11,-1.4114840855855e-10,3.01459233953005e-10,6.06492811670828e-10,1.18961779723285e-09,1.28794509005499e-09,1.830714669108e-09,2.33954976010335e-09,3.62286648353681e-09,3.67883815264454e-09,4.678503372311e-09,5.85334598049271e-09,7.2739647426338e-09
