v,0.25
Patm,100000
g,9.81
r,500
G,10^11.45
rho,2500
mu,10^2.91
rc,28
 
M,10^6.24
sigma,0.1
 
tilt_erupt,4.2126nrad
 
-1005,-1004,-1003,-1002,-1001,-1000,-999,-998,-997,-996,-995,-994,-993,-992,-991,-990,-989,-988,-987,-986,-985,-984,-983,-982,-981,-980,-979,-978,-977,-976,-975,-974,-973,-972,-971,-970,-969,-968,-967,-966,-965,-964,-963,-962,-961,-960,-959,-958,-957,-956,-955,-954,-953,-952,-951,-950,-949,-948,-947,-946,-945,-944,-943,-942,-941,-940,-939,-938,-937,-936,-935,-934,-933,-932,-931,-930,-929,-928,-927,-926,-925,-924,-923,-922,-921,-920,-919,-918,-917,-916,-915,-914,-913,-912,-911,-910,-909,-908,-907,-906,-905,-904,-903,-902,-901,-900,-899,-898,-897,-896,-895,-894,-893,-892,-891,-890,-889,-888,-887,-886,-885,-884,-883,-882,-881,-880,-879,-878,-877,-876,-875,-874,-873,-872,-871,-870,-869,-868,-867,-866,-865,-864,-863,-862,-861,-860,-859,-858,-857,-856,-855,-854,-853,-852,-851,-850,-849,-848,-847,-846,-845,-844,-843,-842,-841,-840,-839,-838,-837,-836,-835,-834,-833,-832,-831,-830,-829,-828,-827,-826,-825,-824,-823,-822,-821,-820,-819,-818,-817,-816,-815,-814,-813,-812,-811,-810,-809,-808,-807,-806,-805,-804,-803,-802,-801,-800,-799,-798,-797,-796,-795,-794,-793,-792,-791,-790,-789,-788,-787,-786,-785,-784,-783,-782,-781,-780,-779,-778,-777,-776,-775,-774,-773,-772,-771,-770,-769,-768,-767,-766,-765,-764,-763,-762,-761,-760,-759,-758,-757,-756,-755,-754,-753,-752,-751,-750,-749,-748,-747,-746,-745,-744,-743,-742,-741,-740,-739,-738,-737,-736,-735,-734,-733,-732,-731,-730,-729,-728,-727,-726,-725,-724,-723,-722,-721,-720,-719,-718,-717,-716,-715,-714,-713,-712,-711,-710,-709,-708,-707,-706,-705,-704,-703,-702,-701,-700,-699,-698,-697,-696,-695,-694,-693,-692,-691,-690,-689,-688,-687,-686,-685,-684,-683,-682,-681,-680,-679,-678,-677,-676,-675,-674,-673,-672,-671,-670,-669,-668,-667,-666,-665,-664,-663,-662,-661,-660,-659,-658,-657,-656,-655,-654,-653,-652,-651,-650,-649,-648,-647,-646,-645,-644,-643,-642,-641,-640,-639,-638,-637,-636,-635,-634,-633,-632,-631,-630,-629,-628,-627,-626,-625,-624,-623,-622,-621,-620,-619,-618,-617,-616,-615,-614,-613,-612,-611,-610,-609,-608,-607,-606,-605,-604,-603,-602,-601,-600,-599,-598,-597,-596,-595,-594,-593,-592,-591,-590,-589,-588,-587,-586,-585,-584,-583,-582,-581,-580,-579,-578,-577,-576,-575,-574,-573,-572,-571,-570,-569,-568,-567,-566,-565,-564,-563,-562,-561,-560,-559,-558,-557,-556,-555,-554,-553,-552,-551,-550,-549,-548,-547,-546,-545,-544,-543,-542,-541,-540,-539,-538,-537,-536,-535,-534,-533,-532,-531,-530,-529,-528,-527,-526,-525,-524,-523,-522,-521,-520,-519,-518,-517,-516,-515,-514,-513,-512,-511,-510,-509,-508,-507,-506,-505,-504,-503,-502,-501,-500,-499,-498,-497,-496,-495,-494,-493,-492,-491,-490,-489,-488,-487,-486,-485,-484,-483,-482,-481,-480,-479,-478,-477,-476,-475,-474,-473,-472,-471,-470,-469,-468,-467,-466,-465,-464,-463,-462,-461,-460,-459,-458,-457,-456,-455,-454,-453,-452,-451,-450,-449,-448,-447,-446,-445,-444,-443,-442,-441,-440,-439,-438,-437,-436,-435,-434,-433,-432,-431,-430,-429,-428,-427,-426,-425,-424,-423,-422,-421,-420,-419,-418,-417,-416,-415,-414,-413,-412,-411,-410,-409,-408,-407,-406,-405,-404,-403,-402,-401,-400,-399,-398,-397,-396,-395,-394,-393,-392,-391,-390,-389,-388,-387,-386,-385,-384,-383,-382,-381,-380,-379,-378,-377,-376,-375,-374,-373,-372,-371,-370,-369,-368,-367,-366,-365,-364,-363,-362,-361,-360,-359,-358,-357,-356,-355,-354,-353,-352,-351,-350,-349,-348,-347,-346,-345,-344,-343,-342,-341,-340,-339,-338,-337,-336,-335,-334,-333,-332,-331,-330,-329,-328,-327,-326,-325,-324,-323,-322,-321,-320,-319,-318,-317,-316,-315,-314,-313,-312,-311,-310,-309,-308,-307,-306,-305,-304,-303,-302,-301,-300,-299,-298,-297,-296,-295,-294,-293,-292,-291,-290,-289,-288,-287,-286,-285,-284,-283,-282,-281,-280,-279,-278,-277,-276,-275,-274,-273,-272,-271,-270,-269,-268,-267,-266,-265,-264,-263,-262,-261,-260,-259,-258,-257,-256,-255,-254,-253,-252,-251,-250,-249,-248,-247,-246,-245,-244,-243,-242,-241,-240,-239,-238,-237,-236,-235,-234,-233,-232,-231,-230,-229,-228,-227,-226,-225,-224,-223,-222,-221,-220,-219,-218,-217,-216,-215,-214,-213,-212,-211,-210,-209,-208,-207,-206,-205,-204,-203,-202,-201,-200,-199,-198,-197,-196,-195,-194,-193,-192,-191,-190,-189,-188,-187,-186,-185,-184,-183,-182,-181,-180,-179,-178,-177,-176,-175,-174,-173,-172,-171,-170,-169,-168,-167,-166,-165,-164,-163,-162,-161,-160,-159,-158,-157,-156,-155,-154,-153,-152,-151,-150,-149,-148,-147,-146,-145,-144,-143,-142,-141,-140,-139,-138,-137,-136,-135,-134,-133,-132,-131,-130,-129,-128,-127,-126,-125,-124,-123,-122,-121,-120,-119,-118,-117,-116,-115,-114,-113,-112,-111,-110,-109,-108,-107,-106,-105,-104,-103,-102,-101,-100,-99,-98,-97,-96,-95,-94,-93,-92,-91,-90,-89,-88,-87,-86,-85,-84,-83,-82,-81,-80,-79,-78,-77,-76,-75,-74,-73,-72,-71,-70,-69,-68,-67,-66,-65,-64,-63,-62,-61,-60,-59,-58,-57,-56,-55,-54,-53,-52,-51,-50,-49,-48,-47,-46,-45,-44,-43,-43,-42,-41,-40,-39,-38,-37,-36,-35,-34,-33,-32,-31,-30,-29,-28,-27,-26,-25,-24,-23,-22,-21,-20,-19,-18,-17,-16,-15,-14,-13,-12,-11,-10,-9,-8,-7,-6,-5,-4,-3,-2,-1,0
8.01772054758553e-11,-7.15753094405902e-11,1.98911163998599e-10,-1.6820289382199e-10,1.70203542219191e-10,-1.23881461788354e-10,1.17651797899598e-10,1.57040343075661e-10,2.08261960429693e-10,-8.82534240735646e-11,-8.86360353004522e-11,-8.32793284868771e-11,-1.90306683101874e-11,6.99861209055438e-12,-2.77708256894385e-11,1.31680210230527e-10,-6.70334333059986e-11,1.28602504450283e-10,1.76269136776467e-11,-1.19628832753854e-10,-1.60538730597725e-10,2.34928232037176e-12,-5.50962855558446e-11,1.4904553804531e-10,3.55925107544856e-11,4.52425367068194e-12,4.3396323961128e-11,9.15633325736694e-11,-3.69290101556912e-11,7.39879247109914e-11,-1.04613942455488e-10,8.16193621633076e-11,2.30207254106655e-10,-2.60075147670665e-11,-1.44212155350771e-12,1.25422806086943e-11,-4.6914095756811e-11,5.29371738693299e-11,-1.76326528198156e-10,1.92687784254716e-10,1.86342078943001e-11,5.64885387812329e-11,5.13839425887963e-11,-8.29874053476424e-11,5.83811383113359e-11,-2.04944641763012e-10,4.94487618140215e-11,4.32222698833044e-12,-5.0189213151481e-11,-2.85425368866277e-11,1.50138608697043e-10,1.62988797499295e-10,-2.42832320456063e-10,-1.0559149083394e-10,9.56812858189158e-11,6.53448296252621e-11,1.96110135585662e-10,-1.56274309941938e-10,-9.1029153525462e-11,-8.29460705399644e-11,-1.34174092985653e-10,3.82947574075595e-11,-8.88959956853768e-11,-2.01006439885264e-11,8.95587798007031e-11,-2.46565616583568e-11,-7.42896751288273e-11,-4.94573318274217e-11,-9.81001390407681e-11,1.38886681307088e-10,2.40628214830766e-11,-2.18231628191445e-11,-9.57261630430522e-11,-1.60721208011215e-10,3.40830283304549e-11,1.45132214338761e-10,-4.45381602993365e-11,-5.04192079183043e-11,-1.874656869495e-11,9.12672540385856e-11,-4.60931431270815e-11,-2.02735066368028e-10,-9.00749744960385e-11,-3.46790310192464e-11,-3.76561055906909e-11,1.23091116060141e-10,-1.80544935917485e-10,5.73233215309613e-11,-7.58875117530916e-11,6.93585585898038e-11,2.44390591266585e-11,4.71979553796653e-11,-7.12543955512348e-11,-2.72755556721492e-12,6.05159846151854e-11,2.32798798305973e-12,4.59611990013258e-11,9.59191999053077e-12,-1.81429471631818e-11,-1.26572280541259e-11,1.30995009759316e-10,-5.11626092246083e-11,1.35795611067549e-11,-9.62489746660686e-11,4.93510361142889e-11,-3.55121627997969e-11,-4.73395028537004e-11,-2.79106947291809e-12,-5.7878378473126e-11,-5.49519239375098e-11,-2.25973640875248e-11,7.84856101190683e-11,-5.87839771850514e-11,3.09614542383818e-11,8.8142739371377e-11,1.37650691216345e-10,1.03990541872015e-10,-7.85254127529335e-11,-2.40496382648784e-11,9.84641507253537e-11,-1.51932509738114e-10,2.3275831013436e-10,1.71982341581119e-10,3.69824560130801e-11,-1.40941867081467e-10,5.95826408589292e-11,2.0555338232951e-11,-3.64554458081606e-11,3.53955692460158e-12,-2.57273257730466e-11,9.92446291629308e-11,-2.40415386880602e-10,-2.97015920378057e-10,-1.17667101820546e-10,1.24402892994775e-11,1.27854912933418e-10,1.02964581752897e-10,9.02370165865371e-11,1.71095973292569e-10,-5.63406780759046e-11,-1.08878606134832e-10,-2.45900894025174e-10,1.47894960416838e-10,1.48491739747804e-10,-1.22726139382657e-11,1.34644195610698e-10,5.92359148320493e-11,6.32752190315715e-11,6.8119569753047e-12,1.35462671728548e-10,-9.69179089721746e-11,-6.5716920726316e-11,-8.14742056970104e-11,1.78820103870732e-10,2.13772157015781e-10,-9.23723932702148e-11,8.00081351185522e-11,-1.00936783131289e-10,1.83324409310312e-10,1.51707981859313e-10,-6.04525169790333e-11,2.46713682451888e-10,1.84326433791338e-10,-1.51896869482854e-11,1.59946771266532e-10,-4.5726404539301e-11,-1.13816794678655e-10,-5.09832853177641e-11,9.41341452339855e-11,1.19555185767259e-10,-9.38581729037271e-11,-5.28593134918511e-11,-1.29880827473369e-11,4.15179916204849e-11,5.62681245955234e-11,4.12638281819392e-11,8.08930376797386e-11,-2.02177716444155e-12,5.08564799304556e-12,-8.09046547353344e-11,-8.68422594231516e-11,2.26502315432706e-11,3.33492628156518e-11,-6.02458296099427e-11,-5.70550203212682e-11,-1.41652810807264e-11,1.40371740862275e-10,-7.20129185202352e-11,6.11106776829419e-11,7.4625163123752e-11,5.13313836185407e-13,-7.35132368940274e-11,7.98515707286262e-11,6.14217093293024e-11,6.76418446424548e-11,1.8550653585818e-10,8.51828878541889e-11,1.88137098727409e-10,8.13685453497261e-11,2.54087108598749e-10,-1.51554006226185e-10,8.7005544407229e-11,-7.65128016028989e-11,-1.32805495797983e-10,8.99281213651462e-11,1.88782450407758e-10,4.50077130670364e-11,-1.39147881570456e-10,-6.59937460557774e-12,1.05513806830041e-11,1.20468586410839e-10,-2.95021340058525e-10,-2.5111098899384e-11,7.46798552040856e-12,-8.75787714713668e-11,-1.77288719036333e-10,-7.87399330820392e-12,-2.15447697807089e-11,9.949100215659e-11,3.31164082467075e-11,-1.4027451712569e-10,1.54759496581555e-11,-1.18294040580105e-10,-1.4459997445062e-10,-8.75556017166167e-11,-3.90623009539414e-11,-3.46913349706922e-11,6.85537123959186e-11,1.00806070838649e-10,1.13595595951145e-10,-6.16704476852503e-11,1.11080343764788e-10,-2.00130663645107e-10,4.5837395863855e-11,-8.7330553593778e-11,5.02923552200936e-11,-1.55765492071647e-10,1.15144211710012e-10,1.42509253604148e-10,5.46570297994659e-11,8.05669754181127e-11,6.76989656416513e-11,2.54443545619007e-11,7.55672131896524e-11,6.25807689838568e-11,-8.02097010490166e-11,-1.62492925000191e-10,-2.01229522012077e-11,1.46752553594509e-10,1.79524465140032e-10,2.45325555388892e-11,-9.75993081236788e-11,1.2193361009167e-10,7.37506040838226e-11,8.01824948688151e-11,5.0257555163978e-11,-1.08427755790307e-10,-2.05599728614932e-10,-1.78284581488438e-10,5.36003678359865e-12,-1.60763007861756e-11,-6.58595541022345e-11,7.15415024681777e-12,4.31606376995337e-11,2.49348896576274e-10,2.54244194076685e-11,-1.24462376387006e-10,-7.73464822263965e-11,4.31495236072359e-12,-1.16491015300068e-10,1.34543102987161e-10,9.58127760104393e-11,2.24972961632002e-10,9.40586461166751e-11,7.28404981482421e-11,-2.06528387034878e-10,-5.70236809187046e-11,6.87238985369019e-11,1.84434998178809e-10,-2.43557604532418e-11,-9.35611855413552e-11,1.79997494589885e-10,-9.17166761141414e-11,2.78884715973505e-10,6.04986084599516e-11,9.98530713625429e-12,1.3495861589869e-11,8.39554610165306e-11,-6.00598303330592e-12,4.29362939533518e-11,7.90934757160376e-11,4.38592855287471e-11,1.01607459620349e-10,8.10198143083833e-11,-1.09985439101749e-11,8.33694274091536e-11,1.43200216765792e-11,1.01080591154099e-10,-1.24879378685675e-10,1.13700516201959e-10,-4.49076615382234e-11,2.77578887450932e-11,-8.44667684603851e-11,-7.54215728109615e-11,3.53028761812013e-11,8.43319034976611e-13,1.96332674970516e-10,8.68307308548918e-11,8.17768790175943e-11,6.69118890735838e-11,-3.58152682043528e-11,-1.19102982902464e-10,1.25647973268499e-10,3.18224182025978e-11,-2.83337802984609e-11,-1.32058036697737e-10,5.63143745770272e-11,-7.13600697234422e-11,2.26399701104875e-10,6.86496609069455e-12,-3.57241529827828e-11,8.98412984900286e-11,-1.60599286918438e-10,1.42800455999128e-10,-2.13589944520278e-11,-1.17584751466677e-10,9.14734371955604e-11,-1.12013066154516e-10,-1.78635813118497e-10,-4.11571555853669e-11,2.88766320963343e-11,2.59136927162821e-11,1.11226577731005e-10,-7.88735497578218e-11,-2.13824405284039e-10,1.88955047809559e-10,5.52361303672523e-11,6.76812792111071e-11,7.60810432538875e-11,-3.17606741651379e-12,-8.14489909052536e-11,-6.68433220998336e-11,3.47473332388283e-11,3.109305813658e-11,-1.09195191578307e-10,1.87078471974524e-10,-1.22176943515136e-10,-1.18983512427529e-10,-8.69153768723991e-11,6.73403973287058e-11,-8.42513452993763e-11,5.96416924115469e-11,-1.45656536037892e-10,4.48443867449161e-11,1.1102560039077e-10,9.22818890204002e-11,-7.10875236255734e-11,-1.01408134311721e-11,-1.15767701175806e-10,-1.151313662875e-10,1.3199290347303e-10,-2.81196369054399e-11,4.02170705962698e-11,-2.14288431601583e-11,1.20497424627099e-10,-3.45068284295771e-11,-7.61107698150896e-11,1.21191170741332e-10,-1.18792792190969e-10,2.19058319627544e-11,2.46908813084564e-11,1.07837473167318e-10,-1.50108967896647e-10,1.13456666440009e-11,-6.95463664871726e-11,-2.67109990574459e-10,-2.12069983737945e-11,3.97627322863531e-11,-2.24274116093913e-10,-6.02281129008905e-11,-3.67803736765355e-11,2.06283277000268e-10,-6.52994104999706e-11,2.85521042649627e-11,-1.40673227642105e-11,6.45534889965598e-11,-1.0793944034085e-10,-1.01094604200607e-11,2.31659460952991e-11,-9.57733327992969e-11,-1.11525500464038e-10,8.87543008481611e-11,4.61468471857266e-11,-4.76253541538138e-11,-1.29572119672858e-10,-4.95406309144748e-11,5.75245922211318e-11,1.58206395772249e-11,-6.28286314456824e-11,-1.15028717407736e-10,-5.94251286312555e-11,1.07452502729627e-10,-5.26261143807413e-11,5.49458181218275e-12,-1.2630395348555e-10,1.03019750500161e-11,-1.32526843747516e-10,2.84132362839731e-10,-1.88210090554307e-10,-1.38363463726699e-10,-1.13297714486989e-11,-2.48292877833152e-10,1.45749757239122e-11,1.8105234951904e-10,-1.0302384595693e-10,-2.28708425275537e-11,4.9347596383303e-13,4.56746645615681e-11,3.19618606296726e-11,2.98497939049262e-11,6.78652089864295e-11,1.18757380483257e-12,1.20432349951991e-11,3.90800134490069e-11,-1.86250192835045e-11,3.67030280936388e-11,-7.92584430292563e-11,9.44482695033312e-11,-6.20928563395006e-11,1.6564239702066e-11,1.48679801535431e-10,-1.19651488743434e-11,-5.64562410676038e-12,2.63790083446855e-11,6.73658548140083e-12,2.96531676727894e-11,1.35884020309285e-10,4.71124102457357e-11,-3.80363005809148e-12,1.82589508028027e-10,1.01877308152144e-10,3.70458977083595e-11,-1.89221676342883e-10,-2.24335099027249e-11,2.18010409568042e-10,-8.62865220411931e-11,-3.71176101680092e-11,-7.64910545924993e-11,7.71475644092461e-11,-6.18026540526072e-11,-9.81126461219644e-11,1.77493508886898e-10,-1.63099480435709e-11,-1.95343462545232e-10,-3.8720367703109e-11,-9.7747841519403e-11,1.15836425785996e-10,-4.29534071581854e-11,-4.68329628602032e-11,-7.91548902176482e-11,-2.52872856215008e-11,3.97346292703912e-11,2.08890484791745e-11,-2.49706922616295e-11,2.13831655463054e-11,-1.33774095997014e-10,-1.76047434709252e-10,-1.62700322970311e-10,-1.33586214706474e-10,2.32786517900454e-11,1.33112123225444e-10,-2.85373252003743e-11,-8.18677162194102e-11,-6.97985711889502e-13,-6.13147637513444e-12,5.94734972886815e-11,-2.26819637153671e-11,3.78450555619763e-12,5.77433020939195e-11,-3.49778038695488e-11,-5.45837423827888e-11,-5.13578894247202e-11,1.10565375152965e-10,-6.58877920962068e-11,8.71087051170749e-11,2.62387881525101e-11,4.06832580027469e-11,1.22227749648441e-10,-4.38103660416452e-12,1.25366092138645e-11,1.30390810931578e-10,2.26789222134493e-10,1.58145713997708e-10,-1.40844197847095e-10,1.52987381036711e-10,-4.84979956000564e-11,4.83576702567673e-11,-1.86283379897458e-11,-1.19745769440472e-11,-3.77426980154287e-14,-8.51532079642688e-11,-1.58579739612998e-10,-1.3619240697042e-10,-2.00166896167116e-10,-1.91792379470085e-10,-1.34432423983313e-10,-7.9314609235808e-11,1.52971554498016e-11,6.42906511077078e-11,7.97358001488626e-11,3.1265925847888e-11,1.97727786728193e-11,-5.54211242566034e-11,-5.72654757391049e-11,1.44131919635061e-10,1.10095581230891e-11,1.11000007408389e-12,-1.14943306759365e-10,1.30693463930402e-11,-2.49747875213531e-11,4.94335684415263e-11,-3.04405224110978e-11,2.60923551506228e-11,-8.16633104718601e-11,-1.75077193547218e-11,1.20170522650772e-10,3.33514415136839e-11,6.08912855100582e-11,-1.07012025870839e-10,1.22042168237894e-10,-1.44878237938729e-10,-4.9129549537535e-11,-6.91005120655658e-11,1.78655007326936e-10,-7.78512304166166e-11,8.80091511098681e-11,-5.22428845445725e-11,1.36310123331185e-10,-1.85240573022839e-10,4.42928793058841e-11,2.56283674763111e-11,5.79989261816819e-11,-1.64627053253749e-10,-2.5441760578122e-11,1.33927725435265e-11,8.06894862719478e-11,-6.87612975005186e-11,4.30643737164098e-11,1.65105008098094e-10,-7.10388332185819e-11,-3.15916529520245e-11,1.13991052544967e-11,-7.31275408623448e-11,-3.93116138261526e-11,1.03101457553802e-10,1.65469666695229e-11,-7.06231808231055e-12,1.11498273176998e-10,5.72902577821768e-12,-1.07282628840601e-10,2.96965549813683e-12,7.55315658466817e-12,-4.4508810303688e-11,-1.29676669149581e-10,-8.25301728095127e-11,9.49050891956458e-11,-1.83482652589106e-11,2.27694393856419e-10,-6.38815619299986e-11,3.89519679204802e-11,-1.73157725293936e-11,6.99574196808859e-12,1.17067003443084e-10,-5.84930342549297e-11,1.7398802748797e-10,-1.47104461832646e-10,-3.88397600546145e-12,-1.33877786715944e-10,-2.24957109362953e-11,-1.2452256863712e-10,-1.30307301280418e-10,-9.48256956360325e-11,-7.08913365141993e-11,3.6190682574258e-12,-2.845965411568e-10,-3.56199920103698e-11,-5.12362438220256e-11,1.33075314411578e-10,-4.78993900592912e-12,2.67035696740891e-11,1.2915732602969e-11,-3.61172822423906e-11,1.46638849339141e-10,1.25252805650589e-10,-5.77094099491499e-11,6.73697211565415e-11,-7.01992614713497e-11,9.0157457771897e-11,8.98948754340833e-11,8.90329924610477e-11,-7.81598529688007e-11,1.10952744214954e-10,4.60644772170862e-11,-9.10181700524992e-11,1.02206821801941e-10,1.62993440807984e-10,2.35161145653984e-10,3.15082762065866e-11,5.10898886902921e-11,-5.70134289086014e-11,-1.35185218941456e-10,7.3184784921719e-11,9.33840242645071e-11,-7.36110223081959e-11,1.03431947465741e-10,5.57767589777202e-11,5.98500027213177e-11,1.44417629170694e-11,-4.47279684476236e-11,8.3325405145557e-11,-2.23642921349222e-10,-1.19245534032812e-10,1.92672121492125e-10,-2.03525373347605e-11,-1.48143169650547e-10,4.87779293441992e-11,3.3910487267361e-11,-3.8586877894477e-11,-9.41045490555102e-11,1.13228689675988e-10,-4.76112622626532e-11,2.15203449820307e-10,1.96003489487508e-12,1.39496835703321e-10,-3.09219755854266e-11,3.36165980089691e-11,9.81202162762596e-11,-5.40211300939805e-11,7.73996190324296e-11,8.87026491694318e-12,1.27298743736707e-12,-5.90510301631457e-12,-6.4844074796548e-11,2.18021716443823e-11,-6.64687791233035e-12,1.65586463476644e-10,-5.36695016605596e-11,3.83146444483586e-11,1.82646900905848e-11,-3.72125242173918e-11,1.06722493779725e-10,-1.50590060323758e-10,-2.52434799855763e-11,2.36334468871411e-11,-3.12905678817198e-11,2.10866346943751e-11,5.84266142146722e-11,6.6489611863096e-12,3.25813150749958e-11,-1.35914038643054e-10,-7.29917348884088e-12,-7.81121753331373e-11,-6.03573771571466e-11,1.01115296586113e-10,-5.39217909542792e-12,-1.69297830870001e-10,2.9878294630513e-10,-1.48262754449923e-11,-6.26273828402975e-11,9.50001980248084e-11,4.7358776252156e-11,2.57947640403197e-10,-1.01828928030617e-10,1.74630172901568e-10,1.85531858982161e-11,5.13899215137389e-11,-4.70645591289596e-11,2.16104536077931e-10,8.19499912644018e-11,2.26660722540024e-10,1.65680496781973e-10,2.67758026959395e-12,6.6424089658451e-11,-4.19624765916639e-11,1.02460027023303e-10,-7.92972673772096e-11,6.29956745937404e-11,-3.13633523890479e-11,-6.02776053825641e-11,-2.46657023746025e-11,-8.0330584295436e-12,6.87161423506079e-11,-2.25318092301931e-10,1.35129372599213e-10,3.4262952383833e-11,-3.78345565766658e-11,-1.29981837745454e-10,1.08467636186876e-11,2.07978420145583e-10,-1.98397437901665e-11,-2.31424326457395e-11,-4.69897610593696e-11,-2.14856798173391e-11,-3.47118433544701e-11,1.06361644715253e-10,6.36185151405152e-11,1.06249386997534e-10,-2.17994145231044e-10,-6.82978013858961e-11,6.00850841439134e-11,-8.33831299854348e-11,2.34047969622004e-11,1.43323064706834e-10,-3.03250393182783e-11,-1.63100816905585e-10,1.338716333596e-10,-4.55289349262913e-11,-1.02075205319216e-10,2.00799593095843e-11,8.69324147286479e-11,1.68551636858958e-10,1.29629347150931e-10,-2.15139967397563e-11,-5.229357863365e-12,2.82879783361674e-11,-1.52049808940076e-11,1.2229714243044e-10,-3.63746203023082e-11,7.59716108815331e-11,4.67046071585185e-12,6.31135459218144e-11,4.9949947753992e-11,-4.17384598569271e-11,3.71984199491919e-11,1.72484305634881e-10,2.7357190931624e-10,-1.50933821815064e-10,-4.32309841314656e-11,7.14183987051871e-11,8.62519408405095e-12,-3.11628647828575e-11,2.4336378226392e-10,-6.00129521307904e-11,1.03754955829202e-10,4.01575235043003e-11,2.32222651792574e-11,-2.04330748801019e-11,2.91203455268153e-11,-1.03279121667876e-10,9.41004628777545e-11,-1.2349048248962e-10,-4.33239168852047e-11,9.46104029520927e-11,1.08732459506588e-10,-5.9583927294138e-11,9.35065817741796e-11,-3.88954550973923e-12,-6.23467322589435e-11,4.28187809906176e-11,1.06503544074228e-10,-7.84548443824259e-12,-7.15374771234414e-11,5.45790255758006e-11,2.72364195739913e-10,1.18597188333042e-11,-1.75479280477673e-10,7.55460564998161e-11,7.20714892423541e-11,1.04871459778353e-10,9.97085949492157e-11,-1.69654737989928e-10,-6.87460023195178e-11,-9.51064635007602e-11,-1.85792928452804e-11,1.35903870134824e-10,-1.80357664366048e-10,-3.22078591605804e-14,-1.37990469024631e-10,-2.5321202922345e-11,7.38736349564646e-12,-2.4382052985355e-11,-2.42190243178143e-11,4.14259065383963e-11,4.07642749366069e-11,5.6613053491354e-11,1.41061787775315e-11,-8.47656892181735e-11,5.71270005890269e-12,9.39049842699966e-11,4.38797652183813e-11,-9.7361428584822e-11,-1.06495362688786e-11,-3.07113706464842e-11,-8.25607339695393e-11,-1.41798845827833e-10,7.25490014462144e-11,-8.19082922578778e-12,-9.27286936032798e-11,-9.38182290301084e-11,-6.98463116693189e-12,4.04344735881007e-11,1.4893480934472e-11,-1.07447366541213e-10,4.9970058359133e-12,-1.13230203596887e-11,-1.79522944306265e-11,-1.1958867434692e-11,1.93745345569482e-10,-1.62092417786093e-11,6.10614682039293e-11,1.87439368385065e-10,-1.25256351876299e-10,2.47668062110353e-11,-5.3044050730483e-11,-1.14287347251973e-10,1.98610016650701e-10,1.56976971597645e-10,1.92038696163041e-11,-5.06727145773883e-11,2.45278907719969e-10,-7.89597301859723e-12,3.82548788236754e-11,-4.73863446364216e-11,9.68706314249126e-11,-6.63450028240837e-11,6.6513850942178e-11,3.14246584272231e-11,2.44088662468732e-11,-6.14920533717898e-11,-2.03175619682452e-10,9.86684451248293e-11,3.76884078085942e-12,-5.79830567355598e-11,-2.20454171845106e-10,-2.283556322427e-10,-2.51668944863275e-10,1.50204247825623e-10,-4.41061000998119e-11,-1.55816826933815e-10,-6.85676189434574e-11,-8.81263349918808e-11,-1.84832368029633e-11,1.05061664874358e-10,-6.68103933285548e-11,1.00901645685625e-11,-7.83150358652163e-11,-1.36678237663923e-10,-2.88183137986354e-11,-1.96156187787896e-10,-1.85328372149676e-11,3.34144663228341e-11,-1.86471110922397e-11,1.12026119588453e-10,6.77160957510439e-12,1.02803247029347e-10,5.42665678647638e-11,-1.35396613526675e-11,1.69958260876729e-10,-1.17480872285237e-10,1.1305625991131e-10,-2.37143437739501e-11,9.46794583898777e-11,1.86284620668272e-10,1.24853922448536e-10,-2.60703947808362e-11,-2.35797249732684e-10,-9.22742036208481e-11,-4.67935710386003e-11,-1.62197239199424e-10,1.83159820183711e-10,5.95295458080485e-11,2.08105875966538e-10,1.64218717505726e-10,9.24950185478915e-11,6.85636453983605e-12,-2.35751226567763e-11,-5.20354345903829e-12,-1.71065939446148e-12,-1.06537415029005e-10,7.71071713121955e-11,7.11532110541457e-11,2.36617827289446e-11,1.16426792539797e-10,3.82890900489702e-11,1.2302801030963e-10,1.29202054240442e-10,5.99438419451542e-11,-1.36596075928728e-10,2.12839043551653e-10,2.52050709042304e-11,7.66461824178204e-13,-3.36354695690705e-10,1.20380697977758e-10,-1.31660523083895e-10,-4.35238812388877e-12,3.77097086004067e-12,1.78117022999116e-10,-2.25193379101619e-10,2.23069196088236e-10,-9.37144906013772e-11,6.23356564354151e-12,-4.44231161966912e-11,4.03375887294592e-12,-2.05875473237821e-11,2.8121085195471e-12,-6.87576435833331e-11,5.57257762016e-11,9.32223497326251e-11,3.82873161436289e-11,-1.30907451759049e-10,2.7068961289986e-11,4.65819502689419e-12,-1.09335796494448e-10,9.24645032365737e-11,8.69730597604223e-11,3.24176218463431e-11,-1.44401137257501e-12,-5.70760592870655e-11,-1.06276278708313e-11,1.46117164069596e-12,1.10511568069267e-10,1.00053191311908e-10,2.33327750786024e-11,-6.5774313043498e-11,4.50902335639857e-11,2.15258252838625e-11,6.58580708320634e-11,-6.61781823506864e-11,-1.96399828985399e-10,1.23198411625735e-11,-2.14320343772353e-11,8.31232331130832e-11,-5.93355765617934e-11,-8.15628291904784e-11,-1.20395036632276e-10,-1.43579270639057e-11,3.02359904048563e-11,-1.25819235118228e-11,4.62479847316741e-11,2.66801306233646e-10,1.18968071098404e-10,2.15120933121405e-10,-1.5421097834856e-10,5.16374066707878e-11,-4.74702559171364e-11,-1.76052066827158e-10,2.22261635950938e-10,-5.20238035825025e-11,6.29846611023833e-11,4.86902789070192e-11,3.44992563393424e-11,-6.37715238425284e-11,4.33659702865603e-11,2.32505123669897e-11,1.47961834859578e-10,-1.23519098572227e-10,7.88872881185258e-12,-1.65758057893278e-10,-5.99006107204185e-11,-1.02900906732253e-10,-1.32144051320383e-10,5.2593102320549e-11,1.48103833012364e-10,7.30019254630903e-11,-5.63459752404551e-11,8.35338087520603e-11,-6.34322075920943e-12,-4.31796964245094e-11,1.65214743869449e-11,4.93582104689956e-12,-5.40704043684698e-11,6.12002423851204e-11,3.96677481511878e-11,8.58136852252093e-11,-7.98013837919058e-11,-5.7943751752497e-11,4.76313777106937e-13,1.23599116538394e-10,3.19527376580715e-11,1.47284399465424e-10,1.48707009718571e-11,-2.11598523040545e-11,1.36292945966412e-10,-3.64460165395558e-11,3.12422212999107e-10,1.95240972366282e-11,8.05032592962706e-11,-5.05630425762441e-12,1.35565505287048e-10,7.65722140059462e-11,2.03383917649734e-10,2.9351908497299e-11,3.61050752746059e-10,2.3914274907044e-10,3.98444507279775e-10,3.13360524412131e-10,5.00694688014829e-10,5.15514496782236e-10,7.29804993736442e-10,9.4946859836239e-10,8.44436515756751e-10,1.29214404066422e-09,1.64492029446373e-09,1.95585039271882e-09,2.44834410015634e-09,3.06593434826215e-09,4.27520108461301e-09
