v,0.25
Patm,100000
g,9.81
r,500
G,10^11.45
rho,2500
mu,10^2.91
rc,28
 
M,10^5.88
sigma,0.25
 
tilt_erupt,1.9853nrad
 
-1101,-1100,-1099,-1098,-1097,-1096,-1095,-1094,-1093,-1092,-1091,-1090,-1089,-1088,-1087,-1086,-1085,-1084,-1083,-1082,-1081,-1080,-1079,-1078,-1077,-1076,-1075,-1074,-1073,-1072,-1071,-1070,-1069,-1068,-1067,-1066,-1065,-1064,-1063,-1062,-1061,-1060,-1059,-1058,-1057,-1056,-1055,-1054,-1053,-1052,-1051,-1050,-1049,-1048,-1047,-1046,-1045,-1044,-1043,-1042,-1041,-1040,-1039,-1038,-1037,-1036,-1035,-1034,-1033,-1032,-1031,-1030,-1029,-1028,-1027,-1026,-1025,-1024,-1023,-1022,-1021,-1020,-1019,-1018,-1017,-1016,-1015,-1014,-1013,-1012,-1011,-1010,-1009,-1008,-1007,-1006,-1005,-1004,-1003,-1002,-1001,-1000,-999,-998,-997,-996,-995,-994,-993,-992,-991,-990,-989,-988,-987,-986,-985,-984,-983,-982,-981,-980,-979,-978,-977,-976,-975,-974,-973,-972,-971,-970,-969,-968,-967,-966,-965,-964,-963,-962,-961,-960,-959,-958,-957,-956,-955,-954,-953,-952,-951,-950,-949,-948,-947,-946,-945,-944,-943,-942,-941,-940,-939,-938,-937,-936,-935,-934,-933,-932,-931,-930,-929,-928,-927,-926,-925,-924,-923,-922,-921,-920,-919,-918,-917,-916,-915,-914,-913,-912,-911,-910,-909,-908,-907,-906,-905,-904,-903,-902,-901,-900,-899,-898,-897,-896,-895,-894,-893,-892,-891,-890,-889,-888,-887,-886,-885,-884,-883,-882,-881,-880,-879,-878,-877,-876,-875,-874,-873,-872,-871,-870,-869,-868,-867,-866,-865,-864,-863,-862,-861,-860,-859,-858,-857,-856,-855,-854,-853,-852,-851,-850,-849,-848,-847,-846,-845,-844,-843,-842,-841,-840,-839,-838,-837,-836,-835,-834,-833,-832,-831,-830,-829,-828,-827,-826,-825,-824,-823,-822,-821,-820,-819,-818,-817,-816,-815,-814,-813,-812,-811,-810,-809,-808,-807,-806,-805,-804,-803,-802,-801,-800,-799,-798,-797,-796,-795,-794,-793,-792,-791,-790,-789,-788,-787,-786,-785,-784,-783,-782,-781,-780,-779,-778,-777,-776,-775,-774,-773,-772,-771,-770,-769,-768,-767,-766,-765,-764,-763,-762,-761,-760,-759,-758,-757,-756,-755,-754,-753,-752,-751,-750,-749,-748,-747,-746,-745,-744,-743,-742,-741,-740,-739,-738,-737,-736,-735,-734,-733,-732,-731,-730,-729,-728,-727,-726,-725,-724,-723,-722,-721,-720,-719,-718,-717,-716,-715,-714,-713,-712,-711,-710,-709,-708,-707,-706,-705,-704,-703,-702,-701,-700,-699,-698,-697,-696,-695,-694,-693,-692,-691,-690,-689,-688,-687,-686,-685,-684,-683,-682,-681,-680,-679,-678,-677,-676,-675,-674,-673,-672,-671,-670,-669,-668,-667,-666,-665,-664,-663,-662,-661,-660,-659,-658,-657,-656,-655,-654,-653,-652,-651,-650,-649,-648,-647,-646,-645,-644,-643,-642,-641,-640,-639,-638,-637,-636,-635,-634,-633,-632,-631,-630,-629,-628,-627,-626,-625,-624,-623,-622,-621,-620,-619,-618,-617,-616,-615,-614,-613,-612,-611,-610,-609,-608,-607,-606,-605,-604,-603,-602,-601,-600,-599,-598,-597,-596,-595,-594,-593,-592,-591,-590,-589,-588,-587,-586,-585,-584,-583,-582,-581,-580,-579,-578,-577,-576,-575,-574,-573,-572,-571,-570,-569,-568,-567,-566,-565,-564,-563,-562,-561,-560,-559,-558,-557,-556,-555,-554,-553,-552,-551,-550,-549,-548,-547,-546,-545,-544,-543,-542,-541,-540,-539,-538,-537,-536,-535,-534,-533,-532,-531,-530,-529,-528,-527,-526,-525,-524,-523,-522,-521,-520,-519,-518,-517,-516,-515,-514,-513,-512,-511,-510,-509,-508,-507,-506,-505,-504,-503,-502,-501,-500,-499,-498,-497,-496,-495,-494,-493,-492,-491,-490,-489,-488,-487,-486,-485,-484,-483,-482,-481,-480,-479,-478,-477,-476,-475,-474,-473,-472,-471,-470,-469,-468,-467,-466,-465,-464,-463,-462,-461,-460,-459,-458,-457,-456,-455,-454,-453,-452,-451,-450,-449,-448,-447,-446,-445,-444,-443,-442,-441,-440,-439,-438,-437,-436,-435,-434,-433,-432,-431,-430,-429,-428,-427,-426,-425,-424,-423,-422,-421,-420,-419,-418,-417,-416,-415,-414,-413,-412,-411,-410,-409,-408,-407,-406,-405,-404,-403,-402,-401,-400,-399,-398,-397,-396,-395,-394,-393,-392,-391,-390,-389,-388,-387,-386,-385,-384,-383,-382,-381,-380,-379,-378,-377,-376,-375,-374,-373,-372,-371,-370,-369,-368,-367,-366,-365,-364,-363,-362,-361,-360,-359,-358,-357,-356,-355,-354,-353,-352,-351,-350,-349,-348,-347,-346,-345,-344,-343,-342,-341,-340,-339,-338,-337,-336,-335,-334,-333,-332,-331,-330,-329,-328,-327,-326,-325,-324,-323,-322,-321,-320,-319,-318,-317,-316,-315,-314,-313,-312,-311,-310,-309,-308,-307,-306,-305,-304,-303,-302,-301,-300,-299,-298,-297,-296,-295,-294,-293,-292,-291,-290,-289,-288,-287,-286,-285,-284,-283,-282,-281,-280,-279,-278,-277,-276,-275,-274,-273,-272,-271,-270,-269,-268,-267,-266,-265,-264,-263,-262,-261,-260,-259,-258,-257,-256,-255,-254,-253,-252,-251,-250,-249,-248,-247,-246,-245,-244,-243,-242,-241,-240,-239,-238,-237,-236,-235,-234,-233,-232,-231,-230,-229,-228,-227,-226,-225,-224,-223,-222,-221,-220,-219,-218,-217,-216,-215,-214,-213,-212,-211,-210,-209,-208,-207,-206,-205,-204,-203,-202,-201,-200,-199,-198,-197,-196,-195,-194,-193,-192,-191,-190,-189,-188,-187,-186,-185,-184,-183,-182,-181,-180,-179,-178,-177,-176,-175,-174,-173,-172,-171,-170,-169,-168,-167,-166,-165,-164,-163,-162,-161,-160,-159,-158,-157,-156,-155,-154,-153,-152,-151,-150,-149,-148,-147,-146,-145,-144,-143,-142,-141,-140,-139,-138,-137,-136,-135,-134,-133,-132,-131,-130,-129,-128,-127,-126,-125,-124,-123,-122,-121,-120,-119,-118,-117,-116,-115,-114,-113,-112,-111,-110,-109,-108,-107,-106,-105,-104,-103,-102,-101,-100,-99,-98,-97,-96,-95,-94,-93,-92,-91,-90,-89,-88,-87,-86,-85,-84,-83,-82,-81,-80,-79,-78,-77,-76,-75,-74,-73,-72,-71,-70,-69,-68,-67,-66,-65,-64,-63,-62,-61,-60,-59,-58,-57,-56,-55,-54,-53,-52,-51,-50,-49,-48,-47,-46,-45,-44,-43,-42,-41,-40,-39,-38,-37,-36,-35,-34,-33,-32,-31,-30,-29,-28,-27,-26,-25,-24,-23,-22,-21,-20,-19,-18,-17,-17,-16,-15,-14,-13,-12,-11,-10,-9,-8,-7,-6,-5,-4,-3,-2,-1,0
-4.76870680841804e-10,-1.60213082810242e-10,1.78701797076261e-10,-1.78645365918306e-10,-2.94142795618094e-10,1.23850633810966e-10,-1.61706130850571e-11,-1.99208418665e-11,-1.03033918569542e-10,-2.05186046524404e-10,-3.31947704129038e-10,-3.04125706121078e-10,1.38999650650549e-10,7.61405336458636e-11,3.64005554811328e-10,1.67836008091587e-10,4.54379243548515e-11,4.9533667102136e-10,1.0326194575561e-10,-3.35322500153497e-10,-3.15852567462638e-10,-2.42230372378157e-10,1.4442815275766e-10,-5.50012044181978e-11,2.02527778981044e-10,-6.40715036971954e-11,1.38543335163628e-10,-2.38056145646232e-10,1.10485519557256e-10,5.62356248409837e-10,-3.02098541231409e-10,1.18686156561755e-10,3.27644218820457e-11,1.81906887078868e-10,-3.4454848982301e-10,-1.12473436077844e-10,-1.43259768198537e-10,-2.10311875766066e-10,4.30652843528437e-10,-1.21116311573816e-10,2.65628994395548e-10,-2.69195491048891e-11,1.74968717365905e-10,8.47919790363649e-12,-2.52817701412855e-11,1.07208597013482e-10,3.44567437406062e-10,4.46398646830696e-10,-4.66745879158104e-11,-6.09735571153749e-11,1.24952294139349e-10,-2.9044074866181e-10,1.35188542291789e-10,1.4813422616861e-10,-7.47872633196144e-11,4.59304231797063e-10,4.22778167186937e-10,8.48979409338948e-11,1.20566938629883e-10,9.22943422427953e-11,-1.85959013629503e-11,1.56766397279477e-10,1.41568033471781e-10,2.09156892908591e-10,-3.33349444594819e-10,-1.83246562397197e-11,3.06381858407289e-10,3.10054351006105e-11,-9.19734973365041e-11,7.43091234453997e-11,-1.39895451214189e-10,1.07105769662452e-10,-2.48540498137344e-10,-1.72067470311775e-10,-1.37139558822379e-10,-3.26588420665761e-10,-8.06974710218034e-11,2.65517400442283e-10,-1.06509033579347e-10,2.50923958608674e-10,-3.33417359945803e-11,4.98678240692878e-11,-3.6252234664007e-10,-7.15264747258485e-11,1.87461841949512e-10,7.44092651191879e-11,-1.70921647445187e-10,-1.30461427125476e-10,2.86396470423033e-10,-2.10060569840022e-10,-4.67688602092279e-10,3.99500437322156e-10,-3.47011276138923e-10,7.67441011905254e-11,-9.95251283348141e-11,-2.11086200813099e-10,3.76734787746937e-10,-4.37982584357744e-12,1.44868528231399e-10,6.17339099853757e-11,1.83847854227905e-10,1.36579993607179e-10,2.16747947452809e-10,3.87504609819789e-10,-1.59855304702712e-10,1.38878559813674e-10,-1.0488073287055e-10,-2.95095359625282e-10,-4.59807261020349e-10,-4.07141255461609e-10,-1.79824205172059e-11,-3.88276860758173e-10,2.87409465439439e-10,-1.29823000738204e-10,-1.38875383160871e-10,6.46811823183055e-11,1.9383902554676e-10,-1.65483677510777e-11,-1.19026079884787e-10,-1.22299421314311e-11,2.46876554970927e-10,-6.27122654570599e-12,-2.45044877266224e-10,1.72549668189547e-10,-1.27746080529053e-10,-4.11023283401777e-10,6.75218537153662e-11,1.77997382262009e-11,-3.30984866281834e-10,-2.2370881967737e-10,1.4083544016634e-10,-3.42822735531468e-12,1.45456265358078e-12,-2.74063668466245e-10,-3.76699181939776e-11,-2.13649201772449e-10,7.24673137613996e-10,-6.10739665318547e-11,-2.49380457550487e-10,1.05200497984659e-10,-1.55265658110441e-10,-2.75561619408909e-10,3.02924743007086e-10,1.54490273741359e-10,3.74632262336743e-10,-3.07537659577734e-10,-3.75292128412803e-10,6.52674515687808e-11,1.58728701256457e-10,7.21483347180501e-11,-3.38046622281586e-10,1.60899351422168e-10,-1.09336349453132e-10,2.22252506987952e-10,-3.69414706487242e-10,2.36830724635258e-12,-5.68838896119754e-10,2.76442001945093e-10,1.25673657026505e-10,-8.43126509410746e-11,-4.14649784424247e-10,1.44759988333685e-10,8.01324745632026e-11,6.16013306829466e-11,-3.59942850065691e-11,-2.13998988714373e-10,-4.9068275970401e-11,9.74067555358891e-11,-2.49245056924704e-10,-7.20828556687397e-11,4.56842464125583e-11,-3.14486751488364e-10,-1.5689287071373e-10,-5.27836831867181e-11,2.90408315999987e-10,-1.36597225105678e-10,4.51664261938685e-10,-1.01488974620037e-10,3.57155825007495e-12,2.77760505180793e-10,5.11925976860243e-10,-2.94465333478832e-11,-3.91466113124752e-11,-5.38223120302293e-11,-2.16334654878512e-10,-1.94145713050086e-10,9.13076182318747e-11,-2.22389690733016e-10,1.99950058513372e-10,3.01868187976939e-10,-7.63188141629784e-11,6.37110783576607e-10,6.24574373346101e-10,-5.99997529849195e-11,1.73488244849424e-10,-2.67720467172918e-10,-1.20023314026834e-11,-2.61749461220745e-10,4.09531860128574e-11,-4.98379686031724e-11,4.88653181626949e-10,-9.17846162870714e-11,-1.24810285688791e-10,-2.71594156466856e-10,-1.03384273035983e-10,-1.24130920416845e-10,-1.35214124376491e-10,1.03728209213161e-10,3.39058559809489e-10,-4.23176413310166e-10,-1.57097918975968e-10,3.2974818660587e-10,-1.84126832298526e-12,-1.04682325689351e-10,3.87178129995309e-11,4.55622736345217e-10,-1.41108206057742e-10,1.29101345898609e-10,2.19758626460284e-11,2.93949941218386e-10,8.11180770457152e-11,1.5422855363424e-10,-3.03128805011641e-10,-3.34040275981959e-10,3.27415582089627e-10,1.13871536066013e-11,5.49627896654599e-11,-1.83149993644966e-10,-2.06141508923863e-10,6.54998649153994e-11,4.17006461891502e-10,-4.95148196015122e-10,-3.20745882682778e-10,3.02229786667329e-10,-3.45775475500257e-10,-1.62279818282639e-10,2.21506873984728e-10,3.29746281140308e-11,-1.37137014150958e-10,1.5205454806129e-10,-5.31688372014265e-10,-2.0624289086741e-10,-1.73149733270133e-10,-3.12581383743428e-10,-1.19950593763266e-10,4.02976882983217e-10,-5.43503534014114e-11,8.4335213170359e-11,-3.42030465938328e-10,5.42498257878603e-12,1.47745254471031e-10,1.02910962242666e-11,-3.41883626389631e-10,-2.01523527162068e-10,-1.80421097618046e-11,4.30328027957089e-10,-1.1590019639755e-10,2.14046638437095e-13,3.2046664557201e-10,1.26297593744237e-10,7.42240643939199e-11,-2.69434163996631e-10,-1.93135204960201e-10,3.93394514143046e-10,4.71387062070895e-10,1.62901554476616e-10,1.79458878246208e-11,1.40378121343437e-10,-1.21217575469659e-10,-2.60015143908904e-10,-2.14646455670852e-10,-3.99270177951277e-11,-9.3602120321438e-11,1.92490864302034e-10,-5.69239923749417e-11,3.02948905210263e-10,-1.02470892884945e-10,-2.2108628291485e-10,5.83517873678355e-10,3.31802459557188e-10,-3.8708499051786e-10,-2.15003685806548e-10,-2.14585479247598e-10,-3.00750146017712e-11,-2.90279785078665e-10,3.82688532549057e-10,-3.39929882750994e-10,-2.53235721912474e-10,-2.17495555438668e-10,-1.33111687576868e-10,-3.51205922283513e-10,3.42624291515809e-10,1.54663139972178e-10,-7.6266966100158e-11,2.05566233449227e-10,3.43882249266617e-10,3.05814682459799e-10,2.84490454180652e-10,3.74079853810346e-10,-3.60158211371126e-11,-2.05330177432899e-10,3.06023767756425e-10,6.01650116259623e-11,6.3985860078031e-11,-3.87597206321857e-11,1.35190375540775e-10,5.32693277495074e-10,-3.46376229924226e-10,2.33265744221589e-11,-6.85606871594002e-11,6.58423126015384e-12,-2.38629904038323e-10,-2.00356711109675e-10,-2.79926948789517e-10,1.94981801044333e-10,2.41251802784088e-10,-3.88046447019804e-10,5.4100303039907e-10,-2.87430604752089e-10,-5.70264213460606e-10,4.75725997767335e-12,3.35794380630435e-10,1.44435469983838e-10,-1.06200789396971e-10,1.41326559462445e-10,-2.04953986473802e-10,1.61533465934337e-10,3.06145701511211e-10,-3.70669289478837e-11,-8.73783421603625e-11,8.08386589736493e-10,2.76026032678517e-11,2.3560619345451e-10,-2.96188425107971e-10,-2.19953165947885e-10,-1.60107481664829e-10,1.46794841026718e-10,-7.58981241917597e-11,-8.02258925889561e-11,-5.21926348009028e-11,-9.27980833767481e-12,1.28469057771988e-10,8.07240110247167e-11,3.98197100082515e-10,7.19683458553857e-11,-2.01125480082699e-10,1.2033601800033e-10,-1.03727521512627e-10,7.93048405583453e-11,-2.38436798520049e-10,1.55675116390266e-11,4.96748020640092e-10,2.4840254476277e-10,2.26076094634287e-11,2.03145243339357e-10,-2.01009153121967e-10,-1.08318448275658e-10,-1.91321113797486e-11,2.26073331522559e-11,5.06985014995769e-10,3.82605704626294e-11,-1.08244423197548e-10,5.18203310793349e-10,-5.41400033311674e-11,-3.35080899361068e-10,-9.59223631377696e-11,-1.09151086436687e-10,2.24162040424702e-10,-1.57274488011014e-10,-2.5689496113118e-10,2.42936300394509e-10,-1.95832349785932e-10,-4.31932599538017e-11,1.4322040936598e-10,-2.00705439157623e-10,2.72435860980287e-10,1.74041512988767e-10,4.23015954713447e-12,-2.64117804882864e-10,4.0124174499688e-10,-3.10547757335742e-10,1.7809189642529e-10,-6.00650396499953e-11,5.14810852187536e-11,-4.22046714531615e-10,2.42831689757889e-10,-3.47837918869785e-10,2.68834750153598e-10,-1.14559025491448e-10,1.22271021364475e-11,8.38813426406069e-11,-4.69289259015245e-11,2.37643349184397e-10,-5.70034069280988e-11,5.92019236830246e-11,1.41186088499631e-10,4.40275313881217e-10,-6.52816112737542e-11,-8.76014659152756e-14,2.92121693673533e-10,8.25478176890954e-11,5.86559055941996e-10,-2.55723567733029e-10,1.01421858714864e-10,1.42471570268386e-10,-3.56134610263664e-11,-2.905723566313e-11,-1.69944675581317e-10,-9.22879647492036e-12,1.88544805041218e-12,1.43262833068307e-10,3.19917817804324e-11,-4.01782263743073e-12,-2.96025244361376e-10,4.60254922415033e-11,1.38828069837515e-10,-1.79669403281961e-10,-1.01225133874627e-10,3.54734928307581e-10,-2.78226224790744e-10,-6.34496985384762e-10,-2.30682429967647e-10,5.20918699679149e-11,-1.64773869946013e-10,-1.23836697118581e-10,2.21750389107396e-10,6.36691465521369e-10,8.0936233418445e-11,-3.45612875906356e-12,-1.10110294802272e-10,6.06230128717088e-11,5.7561135729834e-10,3.24405726044795e-10,-2.43593274984124e-11,-1.9263227985598e-10,-1.21683223775608e-10,8.95425875014436e-11,-4.46937925106061e-10,-1.05736304851448e-10,3.14499815182289e-10,3.87583397716944e-11,1.48871081866322e-10,-1.42956030426674e-10,3.21872057167489e-10,1.42052351483865e-10,2.27993806248519e-10,2.81696397120155e-10,-4.23013039770489e-11,-4.42136927669515e-10,4.05424300910343e-10,-3.67259635867095e-10,-2.0630367787312e-10,2.34467698641893e-10,-1.79028311327603e-10,-3.91722701709566e-10,1.53814823667571e-10,-6.6265061154302e-11,4.94362422324946e-11,2.4125688423023e-11,3.7385662642622e-10,2.84189648765306e-10,-9.63452280297605e-12,3.0001778052491e-11,-3.82655161844883e-10,3.88459259005581e-11,-3.14657150570329e-10,1.00095096796271e-10,-2.99928540532535e-10,-1.03209193013572e-10,1.75280704810298e-10,6.21276663548456e-12,5.64656504814779e-10,2.8145879742436e-10,3.3800463056077e-10,8.24091248346079e-11,-1.6652653656197e-10,-8.28204245516807e-11,3.25329528060017e-10,4.13469586749148e-10,-3.31329280911526e-11,-8.00711547845588e-11,8.83999344880193e-11,2.21033579094035e-11,2.69838301832569e-10,-4.24903926755572e-10,2.8203837945283e-13,9.68945073661733e-11,1.81347527087247e-10,-7.70753800618485e-11,-4.18793019818791e-11,-1.66792105543932e-10,-2.95904887871409e-10,-3.49775183660896e-10,-8.14434963090975e-11,2.883605648416e-10,-3.82272494728031e-10,-1.38227554218087e-10,-3.06253197124844e-11,1.41478965560522e-10,-1.07795036883219e-10,1.78035038736965e-10,1.07593888426091e-10,9.56822392521551e-11,-1.73410919763021e-10,4.90918310351953e-11,5.68203628758185e-11,-2.03278131121734e-11,-2.30593693510265e-10,2.76889932579045e-10,-4.45304161309151e-10,-3.86042989085578e-12,-1.1826933892359e-11,1.25201538902055e-10,-9.41560221804047e-11,1.01471463025199e-10,-4.37598579650909e-11,3.46041331511933e-10,1.81283487960473e-10,-2.59531576205266e-10,1.59445314493806e-10,8.12106671442171e-11,5.00259091889182e-11,7.85686916439449e-11,2.06366637491213e-10,-2.86768627395118e-10,3.6295809824256e-11,2.10391695868461e-10,4.82744374105707e-11,1.89620899496964e-11,1.79799283094548e-10,-1.58903416941499e-10,1.4672841396052e-10,-5.02389939029273e-10,2.21297211485996e-10,3.22740603622274e-10,-2.46764947745297e-12,-4.34889682010156e-10,-5.35503928699318e-12,1.1422296026809e-10,7.81047749583907e-11,-3.84075558022708e-10,5.24682921569205e-10,-3.29865951534381e-10,1.35468965572347e-11,-7.89306462591492e-11,-3.43191399334134e-10,1.43500520789539e-11,-1.35771701002675e-10,1.45311391782002e-10,2.03381478268215e-10,3.66675534391574e-11,-8.4047030971835e-12,-4.58145246497558e-10,8.95943691596174e-11,-2.43692750400022e-11,1.72514104670999e-10,3.10320497233424e-11,-5.29124642379793e-11,2.21092942815416e-10,-2.68488492699306e-10,-4.82436883862981e-10,1.88282209930987e-10,5.92499490260471e-10,3.91704579885423e-10,-1.41298127690627e-11,-3.38773320742025e-10,-2.97911175216605e-10,2.73555032540444e-10,-1.38568755020319e-10,-3.36578911884373e-10,1.68778207279413e-10,4.71792116829911e-10,-1.71690034725917e-10,-1.00626868195361e-10,8.14144737613106e-11,-6.00968171371498e-11,-1.73214564636476e-10,4.09792885034645e-10,-2.93181860545654e-10,-1.55698311858927e-10,-1.48346748161749e-10,2.81395194979473e-10,1.30389698193389e-10,3.1331278199345e-11,4.36030730818985e-11,4.0569197818633e-11,-3.8950169677231e-10,-1.16963106140948e-10,-3.40800398493283e-11,7.25277438569407e-11,-1.16358269317541e-11,-8.99087888288494e-12,-3.53637388203099e-10,1.63553125864639e-10,1.7999334325555e-10,-9.16687042082251e-11,-2.90027664175563e-11,-2.85271600117646e-10,-2.84702652514732e-10,1.81854290165413e-10,4.09110015262312e-11,-9.26195985669861e-11,-3.63549681274692e-11,2.66034627827221e-10,3.35364090464762e-10,-4.83893579691379e-10,1.38543426925684e-10,-2.11665130641634e-10,-3.33758569804579e-11,6.25534587205691e-11,4.38270407914976e-10,-2.15678507112031e-10,3.26506028420218e-10,-8.92140398385535e-11,-3.88838163116326e-11,3.57247579047635e-10,-3.20828144432238e-10,1.08810590121055e-12,7.20219035641724e-10,-1.9057854155179e-10,-2.81932725727088e-10,2.9047130678509e-10,-3.11459898917966e-10,-4.84125670443113e-11,-8.06551902613724e-11,2.84639473353456e-10,9.19810555508046e-11,3.05736313627123e-13,1.0131394278538e-10,4.4767325542875e-10,-2.66276407809082e-10,-3.77632199290946e-10,-2.40846997895645e-10,-1.16818821998379e-10,4.7086077569853e-10,-1.32491155498695e-10,2.05317625692121e-10,2.20104543537783e-11,3.22428900887105e-10,-2.66161740733659e-10,-5.50040197055712e-10,2.29986440614676e-10,5.3856217026009e-10,-2.19427098447341e-11,-1.78925664731828e-10,-2.21685407857722e-10,1.23603786624401e-10,-2.92209117979402e-10,-1.76063616821152e-11,-1.07450482796195e-10,-4.69266072535931e-11,1.08833768587026e-11,1.12819950425755e-11,1.00665323815123e-10,3.35304530223642e-10,-3.54498718118965e-10,1.90988963347074e-10,-4.19395273562885e-10,6.64818585941504e-11,3.15302691829861e-10,-2.30106312655152e-10,-1.83425782262338e-10,-1.14128482764401e-10,2.03618253901486e-10,1.71389590320497e-11,-3.91391179611192e-10,-4.87974978368076e-11,-4.10404165981176e-10,-1.49864890466894e-10,-1.70927790585459e-10,1.35722707641422e-10,4.33097779575205e-10,-1.18733485425909e-10,-4.8237848897378e-11,3.83357995510555e-10,3.73878608791321e-10,-1.46288219701228e-10,-5.03741885533803e-11,1.38765188459032e-10,8.01105781153733e-11,-1.2856062647892e-10,2.1576369815243e-11,-2.30481757017634e-10,-2.22803853601441e-10,1.76399650650391e-10,-2.13294358054309e-10,2.49295202354461e-10,1.14705568571882e-10,-3.51320089481391e-11,1.17405909229553e-10,-3.73608205901678e-11,1.79092998850361e-10,-1.45825016832212e-10,1.32282066945142e-10,-1.85336814366365e-10,-3.62096488300749e-10,2.56995174107099e-10,7.21427721639553e-11,-7.30105399906668e-12,-2.17536534076788e-11,1.19398498439878e-10,-7.42923423164464e-11,4.80826455520051e-11,1.59723467851376e-10,-3.92449664575814e-12,7.45192248898857e-11,-2.29723824683465e-10,-2.49836492947838e-10,-2.63837764012676e-11,-2.82227292318635e-10,4.56715099337726e-10,-1.63047811818676e-10,-1.31666841864445e-10,-5.5952838367001e-11,2.32204664711665e-10,4.27989494630038e-11,3.16832836449419e-10,-2.35732033586748e-10,-1.88208276211484e-11,-2.63117605275215e-10,2.27135575429863e-10,-1.38764378975085e-10,-7.90362759431183e-11,1.36198561860513e-10,1.78136572090629e-12,-8.73272360976739e-11,3.58384386594168e-10,-7.19874791044274e-10,-5.13494408412905e-11,9.47658699730109e-11,-1.42895979264994e-10,-5.1851041862018e-11,-1.73544554408232e-11,-1.57028945486699e-10,1.52404048239909e-10,-2.5518916727836e-10,1.12138667449751e-10,3.91702223728842e-10,1.93654539727082e-10,3.7187757111342e-10,-2.64930898177133e-10,1.2332145292143e-10,-3.88149181724725e-11,-3.00960847451614e-10,4.66999606814779e-11,-2.52793506226441e-10,7.25800730672485e-11,3.81167639839292e-11,-1.51084923164312e-10,-1.39210356375016e-11,-1.14830974342001e-10,2.89842305587353e-10,-1.62743765846454e-10,3.24846363435761e-10,-7.08200532912723e-11,2.04790909946961e-10,-2.25536259449902e-10,-9.70270817309936e-12,4.87685289966517e-10,-1.94880850825436e-10,8.27605742416923e-11,8.38410759662203e-12,3.42341771363582e-10,-6.97345228759221e-11,2.83729324233536e-10,2.37613999152647e-10,-1.57254332855926e-10,8.84007316796732e-11,9.79390615004821e-11,5.84943016473256e-11,2.52150208648141e-11,-3.41959618830934e-10,1.19870012230792e-10,-5.47836516243238e-11,1.4001742958384e-10,-3.97757958606863e-10,-3.36671472071376e-10,1.48738579183599e-10,-1.1662470744019e-10,-1.21394348206589e-10,-2.1826883141024e-10,-4.73167941219587e-10,-1.73343540322307e-10,1.97706680550359e-11,-2.43999386308336e-10,6.62197696658291e-10,-7.10370377044103e-12,-2.59804305124181e-12,-5.72507382133831e-12,-1.76947862796003e-10,3.44063115085863e-11,-1.85643926506387e-10,2.25375619982952e-10,7.20434251791486e-11,-1.15126899494861e-10,2.23204809731846e-10,9.09617194343586e-11,1.95484418239791e-10,-2.21961194101535e-10,-4.936020956712e-11,-3.29822523819763e-12,1.21091113613075e-11,-1.3931564584419e-10,-5.55316200174989e-11,-3.3161017055048e-10,9.28601559280579e-11,-5.36825428292801e-11,1.46955296812166e-10,4.66187321571198e-10,-1.85812608465036e-10,1.80161881631434e-10,-6.91664503343041e-10,5.94186770898429e-11,3.68551871985215e-10,-5.54725844423163e-11,1.37934733002452e-10,3.94657504990796e-10,-1.43375104476944e-10,2.87894499422173e-10,-3.29924830721634e-10,5.46333691774196e-10,1.60111793155747e-10,-1.67012724731505e-10,5.06782678103954e-10,1.24791464664301e-11,-1.09452979249567e-10,3.17974986477627e-10,3.5267770858472e-10,-3.40521379319288e-11,6.6812207415797e-11,1.25994265534941e-10,3.60061286701052e-10,-6.28893523686525e-11,3.72985045778853e-10,-9.17990918349469e-11,-1.66274930785686e-10,-2.77007494502366e-10,6.44738447080915e-11,-8.32461558573896e-11,4.73874889518908e-10,-6.75147373622588e-11,5.25068824852122e-10,-2.78270212842116e-10,3.18860403304025e-10,6.84343354703905e-11,-2.21243706218003e-11,-2.29889002694974e-10,-1.64449347412228e-10,-1.15887962541339e-11,3.55910094714087e-11,8.20902897804481e-11,2.13400745410669e-10,-1.07361749803467e-10,2.29581041337379e-10,-9.67476756897896e-12,3.35138187583996e-10,-4.1760766556312e-11,1.99645189251642e-10,-1.65637075620499e-10,-6.19687457362732e-11,1.44736441147467e-10,1.27830134774746e-10,3.09710787750302e-10,-1.9525297245771e-10,2.49306532334527e-10,4.1755492594374e-11,9.35418679237127e-12,-1.89976577551066e-11,-4.12367190156104e-10,-6.8694051352285e-11,6.84462255123105e-11,-5.72079016525377e-11,-2.68661215546318e-10,-5.1512526645239e-11,1.76717204936308e-10,3.95898356376315e-10,4.69313950781824e-10,2.0376381749781e-10,-1.44494917377283e-10,-6.38836662237742e-10,1.10501468181293e-11,4.36920708979813e-10,9.55917661428852e-11,-7.61528138262063e-11,9.9547353700008e-13,-1.44257113583213e-10,8.40915045197785e-11,1.74731093284105e-10,-1.55346563363136e-10,-1.11371110150242e-10,-1.98073342750195e-10,-5.43576039491047e-10,6.20161417103724e-11,-8.77896812366545e-11,5.60248129753359e-10,-4.14174186310527e-10,-2.75697454386502e-10,-3.25186932676825e-10,1.60648747389461e-11,2.04164124986691e-11,2.50154953240672e-11,-1.04849343965851e-10,3.81856400361285e-10,-1.86404341085247e-10,3.02881770451582e-10,-5.66250148356872e-11,2.89666252364872e-10,8.74848864567502e-11,4.10484401872505e-10,-2.91593866341427e-10,-4.02189666854741e-10,-8.63503328612518e-11,-5.45555691592115e-10,-5.52435663405501e-10,2.94073715510425e-11,-2.01373267077633e-10,-2.91034352669901e-11,4.74618498246496e-11,-3.62611025192381e-10,2.22269279358605e-10,-1.27447599004141e-10,5.46222294587391e-11,2.25622741691968e-10,1.85307797157108e-10,2.99213822751066e-10,3.68061630982031e-10,-4.63877866368124e-11,1.32321560970861e-10,-3.11728466086746e-10,1.98935519332608e-10,-5.91477599666009e-11,-2.67289055261414e-10,-1.95034772123488e-10,-1.71369560264305e-10,-4.19030765942228e-10,-1.56910908448303e-10,2.97385059321492e-10,2.94393520986526e-10,-2.5038975649209e-10,3.16572766075553e-10,1.1314746957481e-10,2.34130081340536e-11,-2.38973277972142e-10,4.86675563698916e-11,5.61447925932753e-10,-7.63478672900086e-11,-1.36779702264049e-10,4.37272383691575e-10,1.18804342643012e-10,1.74075080377963e-10,-1.53710736528618e-10,-3.92905650770102e-10,6.53492989257757e-11,-5.09043015394681e-11,3.94353746486112e-11,-4.87451372236911e-10,-2.79498201457292e-10,3.83262847305029e-10,6.12344022694184e-11,-8.13959620567029e-10,5.72969448515817e-10,2.31445532194426e-10,-2.30224801182086e-10,7.18641033437177e-10,-9.54976523311749e-11,2.85324258792817e-12,-4.4550441840409e-10,1.44585361176181e-10,4.5506575476958e-11,2.17446035019075e-10,-4.35859253919548e-11,3.72523500905569e-10,4.88921330897563e-10,-4.43001184964096e-12,8.80067261042275e-11,-2.20521966397904e-11,3.35168318636529e-10,-2.54140183614699e-10,-4.47276526366615e-11,6.60782901642123e-11,-3.1544109382729e-10,5.59782482367102e-12,-3.25467690847915e-10,-1.12641234754992e-10,1.50257066550013e-10,1.54708434786537e-10,3.50167263156103e-11,-2.02332039969029e-11,-7.59175390479114e-11,-4.96254430004655e-11,-4.83301168256813e-11,-5.12360266842111e-10,-9.10719824988837e-11,4.78964315451136e-11,4.49240826598297e-11,-4.13073649054628e-11,-3.64439655911175e-11,5.96729120491299e-10,-1.44044328496516e-11,6.7939882215185e-11,4.79739082566293e-11,4.31071473479858e-10,-3.00339268279771e-10,2.90680866605503e-10,-4.42071689216941e-10,4.7551777669012e-10,-3.57502711675812e-10,2.54192416257311e-11,-2.33497799360387e-10,1.82525206230164e-10,-1.17904049049727e-10,-6.71156879178291e-11,3.9102419547084e-10,-2.03811480999122e-11,-1.65361700647128e-10,3.23221983421423e-10,2.59353945097946e-10,2.07015575892977e-10,-7.86645494704107e-11,1.51438574223442e-10,1.81868942429843e-10,2.70563346719378e-10,3.30562032003827e-10,3.29295244557849e-11,-1.06948821492834e-10,-5.30147672766518e-10,-2.53104528924345e-10,1.63948007064166e-10,-4.170636595018e-10,2.86745624069003e-10,8.53536768966333e-11,-1.74907303349663e-10,-2.25327719957568e-11,5.51961762317848e-11,-1.35774210511767e-10,-5.14581582165701e-10,4.72766556199881e-10,3.46880861992554e-10,-1.26736742932656e-10,-7.46064348675097e-11,1.34799511681603e-10,-1.14203016756477e-10,1.25655755656942e-10,2.61794315990756e-11,-6.37549987010696e-11,-3.337453379879e-10,2.3899901540083e-10,-9.77420976724607e-11,-2.8788245463448e-10,-3.62752839444982e-10,1.44203642371032e-10,-1.10694170754547e-10,8.69729949840343e-11,-3.01899853272587e-10,-3.64783171087725e-10,4.71640792339025e-11,-1.00486191324356e-10,-1.25290228616457e-10,1.17969186087168e-11,4.19294417671692e-10,-3.28582370289625e-10,3.38562746437912e-11,-2.0844143837448e-10,-6.42184502109403e-11,-9.86928937083278e-11,-1.85684387554593e-10,4.74080491460475e-10,1.72645142146384e-10,4.79854100867e-10,-1.98164797545546e-10,4.37007427090692e-11,-2.65570987724658e-10,-1.73357844856652e-10,5.71707482553995e-10,-1.99476619108835e-10,-2.81661573455595e-12,1.1330615968108e-10,-3.61185646408166e-10,-2.69321463426482e-10,1.89919940015853e-10,-4.97540684966497e-11,5.41690454953414e-10,-4.97106911270009e-10,-3.26658384594186e-10,-3.06319729456055e-10,3.36408120427045e-10,-8.28990018027394e-11,3.04417144246918e-10,2.09783515279008e-11,-2.76385365571811e-10,3.464700737489e-10,6.16072778873872e-10,2.75220008822033e-10,6.88803166020366e-11,9.18805243977871e-11,3.0510185392066e-10,4.80258246883024e-10,4.02248004695635e-10,9.05395339847445e-10,1.24502516055221e-09,1.0650139526953e-09,1.42235587691484e-09,2.16395227294747e-09
