v,0.25
Patm,100000
g,9.81
r,500
G,10^9.5
rho,2700
mu,10^2.69
rc,14
 
M,10^5.08
sigma,0.1
 
tilt_erupt,41.6167nrad
 
-1339,-1338,-1337,-1336,-1335,-1334,-1333,-1332,-1331,-1330,-1329,-1328,-1327,-1326,-1325,-1324,-1323,-1322,-1321,-1320,-1319,-1318,-1317,-1316,-1315,-1314,-1313,-1312,-1311,-1310,-1309,-1308,-1307,-1306,-1305,-1304,-1303,-1302,-1301,-1300,-1299,-1298,-1297,-1296,-1295,-1294,-1293,-1292,-1291,-1290,-1289,-1288,-1287,-1286,-1285,-1284,-1283,-1282,-1281,-1280,-1279,-1278,-1277,-1276,-1275,-1274,-1273,-1272,-1271,-1270,-1269,-1268,-1267,-1266,-1265,-1264,-1263,-1262,-1261,-1260,-1259,-1258,-1257,-1256,-1255,-1254,-1253,-1252,-1251,-1250,-1249,-1248,-1247,-1246,-1245,-1244,-1243,-1242,-1241,-1240,-1239,-1238,-1237,-1236,-1235,-1234,-1233,-1232,-1231,-1230,-1229,-1228,-1227,-1226,-1225,-1224,-1223,-1222,-1221,-1220,-1219,-1218,-1217,-1216,-1215,-1214,-1213,-1212,-1211,-1210,-1209,-1208,-1207,-1206,-1205,-1204,-1203,-1202,-1201,-1200,-1199,-1198,-1197,-1196,-1195,-1194,-1193,-1192,-1191,-1190,-1189,-1188,-1187,-1186,-1185,-1184,-1183,-1182,-1181,-1180,-1179,-1178,-1177,-1176,-1175,-1174,-1173,-1172,-1171,-1170,-1169,-1168,-1167,-1166,-1165,-1164,-1163,-1162,-1161,-1160,-1159,-1158,-1157,-1156,-1155,-1154,-1153,-1152,-1151,-1150,-1149,-1148,-1147,-1146,-1145,-1144,-1143,-1142,-1141,-1140,-1139,-1138,-1137,-1136,-1135,-1134,-1133,-1132,-1131,-1130,-1129,-1128,-1127,-1126,-1125,-1124,-1123,-1122,-1121,-1120,-1119,-1118,-1117,-1116,-1115,-1114,-1113,-1112,-1111,-1110,-1109,-1108,-1107,-1106,-1105,-1104,-1103,-1102,-1101,-1100,-1099,-1098,-1097,-1096,-1095,-1094,-1093,-1092,-1091,-1090,-1089,-1088,-1087,-1086,-1085,-1084,-1083,-1082,-1081,-1080,-1079,-1078,-1077,-1076,-1075,-1074,-1073,-1072,-1071,-1070,-1069,-1068,-1067,-1066,-1065,-1064,-1063,-1062,-1061,-1060,-1059,-1058,-1057,-1056,-1055,-1054,-1053,-1052,-1051,-1050,-1049,-1048,-1047,-1046,-1045,-1044,-1043,-1042,-1041,-1040,-1039,-1038,-1037,-1036,-1035,-1034,-1033,-1032,-1031,-1030,-1029,-1028,-1027,-1026,-1025,-1024,-1023,-1022,-1021,-1020,-1019,-1018,-1017,-1016,-1015,-1014,-1013,-1012,-1011,-1010,-1009,-1008,-1007,-1006,-1005,-1004,-1003,-1002,-1001,-1000,-999,-998,-997,-996,-995,-994,-993,-992,-991,-990,-989,-988,-987,-986,-985,-984,-983,-982,-981,-980,-979,-978,-977,-976,-975,-974,-973,-972,-971,-970,-969,-968,-967,-966,-965,-964,-963,-962,-961,-960,-959,-958,-957,-956,-955,-954,-953,-952,-951,-950,-949,-948,-947,-946,-945,-944,-943,-942,-941,-940,-939,-938,-937,-936,-935,-934,-933,-932,-931,-930,-929,-928,-927,-926,-925,-924,-923,-922,-921,-920,-919,-918,-917,-916,-915,-914,-913,-912,-911,-910,-909,-908,-907,-906,-905,-904,-903,-902,-901,-900,-899,-898,-897,-896,-895,-894,-893,-892,-891,-890,-889,-888,-887,-886,-885,-884,-883,-882,-881,-880,-879,-878,-877,-876,-875,-874,-873,-872,-871,-870,-869,-868,-867,-866,-865,-864,-863,-862,-861,-860,-859,-858,-857,-856,-855,-854,-853,-852,-851,-850,-849,-848,-847,-846,-845,-844,-843,-842,-841,-840,-839,-838,-837,-836,-835,-834,-833,-832,-831,-830,-829,-828,-827,-826,-825,-824,-823,-822,-821,-820,-819,-818,-817,-816,-815,-814,-813,-812,-811,-810,-809,-808,-807,-806,-805,-804,-803,-802,-801,-800,-799,-798,-797,-796,-795,-794,-793,-792,-791,-790,-789,-788,-787,-786,-785,-784,-783,-782,-781,-780,-779,-778,-777,-776,-775,-774,-773,-772,-771,-770,-769,-768,-767,-766,-765,-764,-763,-762,-761,-760,-759,-758,-757,-756,-755,-754,-753,-752,-751,-750,-749,-748,-747,-746,-745,-744,-743,-742,-741,-740,-739,-738,-737,-736,-735,-734,-733,-732,-731,-730,-729,-728,-727,-726,-725,-724,-723,-722,-721,-720,-719,-718,-717,-716,-715,-714,-713,-712,-711,-710,-709,-708,-707,-706,-705,-704,-703,-702,-701,-700,-699,-698,-697,-696,-695,-694,-693,-692,-691,-690,-689,-688,-687,-686,-685,-684,-683,-682,-681,-680,-679,-678,-677,-676,-675,-674,-673,-672,-671,-670,-669,-668,-667,-666,-665,-664,-663,-662,-661,-660,-659,-658,-657,-656,-655,-654,-653,-652,-651,-650,-649,-648,-647,-646,-645,-644,-643,-642,-641,-640,-639,-638,-637,-636,-635,-634,-633,-632,-631,-630,-629,-628,-627,-626,-625,-624,-623,-622,-621,-620,-619,-618,-617,-616,-615,-614,-613,-612,-611,-610,-609,-608,-607,-606,-605,-604,-603,-602,-601,-600,-599,-598,-597,-596,-595,-594,-593,-592,-591,-590,-589,-588,-587,-586,-585,-584,-583,-582,-581,-580,-579,-578,-577,-576,-575,-574,-573,-572,-571,-570,-569,-568,-567,-566,-565,-564,-563,-562,-561,-560,-559,-558,-557,-556,-555,-554,-553,-552,-551,-550,-549,-548,-547,-546,-545,-544,-543,-542,-541,-540,-539,-538,-537,-536,-535,-534,-533,-532,-531,-530,-529,-528,-527,-526,-525,-524,-523,-522,-521,-520,-519,-518,-517,-516,-515,-514,-513,-512,-511,-510,-509,-508,-507,-506,-505,-504,-503,-502,-501,-500,-499,-498,-497,-496,-495,-494,-493,-492,-491,-490,-489,-488,-487,-486,-485,-484,-483,-482,-481,-480,-479,-478,-477,-476,-475,-474,-473,-472,-471,-470,-469,-468,-467,-466,-465,-464,-463,-462,-461,-460,-459,-458,-457,-456,-455,-454,-453,-452,-451,-450,-449,-448,-447,-446,-445,-444,-443,-442,-441,-440,-439,-438,-437,-436,-435,-434,-433,-432,-431,-430,-429,-428,-427,-426,-425,-424,-423,-422,-421,-420,-419,-418,-417,-416,-415,-414,-413,-412,-411,-410,-409,-408,-407,-406,-405,-404,-403,-402,-401,-400,-399,-398,-397,-396,-395,-394,-393,-392,-391,-390,-389,-388,-387,-386,-385,-384,-383,-382,-381,-380,-379,-378,-377,-376,-375,-374,-373,-372,-371,-370,-369,-368,-367,-366,-365,-364,-363,-362,-361,-360,-359,-358,-357,-356,-355,-354,-353,-352,-351,-350,-349,-348,-347,-346,-345,-344,-343,-342,-341,-340,-339,-338,-337,-336,-335,-334,-333,-332,-331,-330,-329,-328,-327,-326,-325,-324,-323,-322,-321,-320,-319,-318,-317,-316,-315,-314,-313,-312,-311,-310,-309,-308,-307,-306,-305,-304,-303,-302,-301,-300,-299,-298,-297,-296,-295,-294,-293,-292,-291,-290,-289,-288,-287,-286,-285,-284,-283,-282,-281,-280,-279,-278,-277,-276,-275,-274,-273,-272,-271,-270,-269,-268,-267,-266,-265,-264,-263,-262,-261,-260,-259,-258,-257,-256,-255,-254,-253,-252,-251,-250,-249,-248,-247,-246,-245,-244,-243,-242,-241,-240,-239,-238,-237,-236,-235,-234,-233,-232,-231,-230,-229,-228,-227,-226,-225,-224,-223,-222,-221,-220,-219,-218,-217,-216,-215,-214,-213,-212,-211,-210,-209,-208,-207,-206,-205,-204,-203,-202,-201,-200,-199,-198,-197,-196,-195,-194,-193,-192,-191,-190,-189,-188,-187,-186,-185,-184,-183,-182,-181,-180,-179,-178,-177,-176,-175,-174,-173,-172,-171,-170,-169,-168,-167,-166,-165,-164,-163,-162,-161,-160,-159,-158,-157,-156,-155,-154,-153,-152,-151,-150,-149,-148,-147,-146,-145,-144,-143,-142,-141,-140,-139,-138,-137,-136,-135,-134,-133,-132,-131,-130,-129,-128,-127,-126,-125,-124,-123,-122,-121,-120,-119,-118,-117,-116,-115,-114,-113,-112,-111,-110,-109,-108,-107,-106,-105,-104,-103,-102,-101,-100,-99,-98,-97,-96,-95,-94,-93,-92,-91,-90,-89,-88,-87,-86,-85,-84,-83,-82,-81,-80,-79,-78,-77,-76,-75,-74,-73,-72,-71,-70,-69,-68,-67,-66,-65,-64,-63,-62,-61,-60,-59,-58,-57,-56,-55,-54,-53,-52,-51,-50,-49,-48,-47,-46,-45,-44,-43,-42,-41,-40,-39,-38,-37,-36,-35,-35,-34,-33,-32,-31,-30,-29,-28,-27,-26,-25,-24,-23,-22,-21,-20,-19,-18,-17,-16,-15,-14,-13,-12,-11,-10,-9,-8,-7,-6,-5,-4,-3,-2,-1,0
-6.76639237975849e-11,-5.96831129010689e-11,-1.04191148484034e-10,3.8142732838788e-11,-1.08878762440563e-11,1.35515726336366e-11,2.20411609067437e-10,-2.14271953149627e-11,-1.1181312698703e-11,1.32829848439716e-10,1.10770168877364e-10,1.44693586524328e-11,1.36880508660635e-10,-6.59130304313169e-12,1.25512951898078e-11,-5.69269866342453e-11,-4.8725474334452e-11,-6.32343911977557e-12,-1.69264532105025e-10,2.30053976677184e-11,1.36298637154534e-11,2.7418835044572e-11,9.13093269214411e-11,1.65510072184104e-11,-8.14284592004162e-11,-8.0501865922282e-11,1.34156109744687e-10,-2.25269583815685e-11,-2.25898403734205e-10,-8.01797915956606e-12,-1.95408449526152e-10,1.70646531981563e-10,-3.40905703486747e-11,-2.94774249079243e-11,1.68270286376577e-10,-8.61590859184049e-12,-1.26046878620227e-10,-1.26488531187052e-11,-1.99127224075351e-11,1.37046776749752e-10,-2.20718132627291e-12,-8.39550585431605e-11,4.15310943341307e-11,-9.69678552587052e-11,1.08801292847474e-10,-6.68795672183089e-11,-1.17777119510812e-11,2.0691712049081e-10,-4.00230257024114e-11,-4.02842715001819e-11,3.02210174667265e-12,-2.47927156112247e-11,2.53007602724703e-10,-3.75150263836563e-11,1.45218629691883e-10,-1.24901082149884e-10,1.95139402803239e-11,7.18156455074003e-11,1.50923163931731e-10,-1.02838460565312e-10,9.29411280617674e-11,1.88065973680209e-10,4.30013780722706e-11,2.96013806549121e-10,-1.4672961904855e-10,1.69466819531316e-10,3.41733003445901e-11,2.66645184681767e-11,-6.67263783742858e-11,1.71726066002655e-10,6.27876778811873e-11,1.50351944387154e-11,-1.11224681095295e-11,-4.55086357609592e-11,2.93451536132032e-11,-1.74042391229461e-10,-1.24158575263857e-10,-1.04337670057852e-10,1.10849716790564e-10,-9.53926085323563e-11,-1.07116504286841e-10,1.22195810885074e-10,-9.02060666859201e-11,-1.7419967878294e-11,5.81250000202095e-11,-1.18219915659757e-10,1.36322231014775e-11,1.204985647308e-10,-5.06256877466886e-11,-1.84971289587531e-10,-1.26215840489507e-10,-7.40553126796353e-11,-1.55810532947101e-10,1.69107440933239e-10,1.3147046189088e-10,-1.14331333432529e-10,-4.41287253189814e-11,-1.3272961912256e-11,4.52768071048253e-11,5.41893432768448e-11,-4.76305141839109e-11,-4.00864873956704e-11,1.85315805572818e-11,-1.59936379736823e-10,-1.26612368221744e-10,-4.71870051030484e-11,-3.33780328579082e-11,-5.44530062144072e-12,-1.66541839706848e-10,1.67969951947654e-10,8.8097077476862e-11,-2.4065271930827e-11,-1.38096153153688e-11,-1.1706489216678e-10,-3.13063024315594e-11,6.72378713431731e-11,-5.43013203608262e-11,-2.14495588344072e-12,1.2126438429621e-10,5.8191740785949e-11,9.32704285065992e-11,-3.5926463604362e-12,-7.032585207611e-11,1.72799336426023e-10,7.57705048200045e-11,-1.95765031236333e-10,-1.14585443149341e-10,8.88837129164552e-11,-6.92412516630096e-11,-3.89808860483458e-11,7.13590060425517e-11,1.16426394975346e-10,2.06719989243787e-10,-1.35549099996695e-11,-1.7448225492768e-10,2.44718179919673e-11,2.96023667549675e-11,1.0743169703646e-10,1.0597131948004e-10,1.25024371620656e-10,5.55545059600582e-11,8.28803582701614e-11,-1.32526679723011e-10,-2.30045613590966e-11,1.12382581995066e-10,-1.03720830602125e-10,-1.606521125632e-10,1.37233918917727e-10,5.81366835477335e-11,4.26009586713673e-11,-6.22984501481418e-11,-6.16229535249651e-11,-1.86597740927424e-10,5.8907407843327e-12,2.15879923375298e-12,-3.93147226378507e-11,2.51301798925579e-10,-3.02224051355503e-10,4.42720164200267e-11,-1.98878279812892e-10,8.85778320792154e-11,-8.67947875360147e-11,5.00976656203506e-11,1.26978121506074e-10,-8.27556384705125e-11,-1.94952704474122e-11,7.5239817855062e-11,4.06259400479864e-11,7.15366095107598e-11,-8.46371748980573e-11,-8.69270026500498e-11,-4.10471632540997e-11,4.54631055021613e-11,-1.1078998125025e-10,1.06565179379171e-10,1.08126150255869e-10,5.61443305755936e-11,-1.7506321157459e-10,6.56250824304175e-11,3.64331459241754e-12,6.41948182943366e-12,7.12121102107602e-11,-3.35426807614278e-11,4.15589441307501e-11,-1.90196520788253e-11,1.21722914578678e-10,-1.32325319069297e-10,-4.20347871829779e-11,8.59137906116157e-11,-6.56900774598479e-11,-8.00307914495687e-12,2.89523704803797e-11,-1.24097991590594e-10,-1.57135375244352e-10,-2.1567392681205e-11,1.76838979127296e-10,-9.87789518610278e-11,-1.06995749676669e-10,1.32994555035359e-10,-5.57797986388345e-11,6.65907836052347e-11,-1.23255540762823e-10,6.26030201960008e-14,6.54091202360832e-11,1.24301236213254e-10,-7.22835827501084e-11,2.72560033603677e-11,-2.018791820106e-10,6.57582125770051e-11,1.35083700227797e-10,7.83480736623005e-11,-2.40739444567118e-11,4.66622769693346e-11,-6.58146018421194e-11,1.96978484307826e-10,1.94633142970941e-10,-5.34548884214279e-12,-3.51679945207182e-11,2.05858551713959e-10,-7.86960753740342e-11,1.57072517071907e-11,-2.4389903965807e-10,5.07547624643659e-11,-2.45304510804039e-11,-2.13171427268094e-11,3.30427653602008e-11,-6.36678121627835e-11,-1.23958001463207e-10,-2.97250819942649e-10,3.09993244097127e-11,-1.36260142824646e-10,-8.39472303515283e-11,-7.77087124955643e-11,1.16741674063817e-10,-1.23279783167403e-10,5.32739324017333e-12,-4.10392640082923e-11,1.20682476153084e-10,-2.33378287921538e-11,-5.4209270060533e-11,1.69889501588743e-10,-3.61978123360736e-11,-1.65018452327259e-10,7.74569994587288e-11,1.05848686339315e-10,-4.5596055349359e-11,-9.16378994037075e-11,7.99345269580542e-11,1.88965443348621e-10,-7.16065829637131e-11,-6.65674454758042e-11,7.59716366618795e-11,-3.24494091007871e-11,-4.87553775525717e-11,-1.09209042024939e-10,-4.19400896086536e-11,-1.59128396410968e-10,-2.62618426737602e-11,3.07619225857761e-11,-3.89342060395542e-11,4.93449840270849e-11,6.28612528761228e-11,1.81444748972656e-11,-1.00168031912309e-10,2.0218676523175e-11,-1.18711206259709e-10,-1.32008974831413e-10,-5.46648713216789e-11,-1.16648291162632e-11,-6.24671711428677e-11,-1.20022388188879e-10,7.44648917793434e-11,1.09421218239861e-10,-5.34645829315997e-12,7.93232368027879e-11,6.44818162687851e-11,6.52142300451017e-11,-7.80957658812618e-11,8.06540251278851e-11,-1.36601640894138e-10,-1.63253738302743e-10,1.07813476272864e-10,1.11621328330708e-11,4.55405349889357e-11,1.02641003307127e-10,4.03408132973406e-11,-1.33715964740455e-10,1.75074780687669e-10,-2.80176403349381e-11,1.56985479904523e-10,-1.51309775130211e-10,-6.30840898437044e-11,1.17516751910421e-10,8.71218615303933e-12,-1.24828274521027e-10,-1.96266137213046e-11,3.72502524717189e-11,-5.18258007874203e-11,-2.22383763892758e-10,2.84948670628834e-11,-1.2926019647834e-10,-2.32207310712446e-11,-1.85480481140055e-10,-5.07507727870358e-11,1.03542709939628e-10,-1.72348981161356e-10,-8.57636072414719e-11,-1.72893352416878e-10,-5.42271693689908e-11,1.76896399622787e-11,-6.24031929979689e-11,-1.25498589396671e-10,5.72366742671199e-11,1.81637735328007e-10,4.25965612817325e-11,3.36410811778171e-11,1.29451849489149e-10,5.05373741665122e-11,-1.04758059672591e-10,-6.90216718242728e-11,-1.02244296926681e-11,-2.06951906433253e-13,1.85659080251733e-10,-2.32073298604563e-10,1.18679633570942e-10,-3.0866221280577e-11,-4.26761190388924e-13,1.01384259538421e-10,1.25238192177832e-10,-1.82063683870275e-10,-3.26729629066678e-11,-2.2053154982712e-10,9.85140589469036e-11,-2.89375154114866e-12,6.39936540118422e-11,-3.47291943578351e-11,3.04345780943325e-11,1.0762636122661e-11,3.6425191358277e-11,2.89453033221455e-11,-2.0700758023311e-11,2.41714388806798e-11,1.05190482719428e-10,-1.00303589215227e-10,-3.53653543230969e-11,3.20512927749216e-11,1.73496284392325e-11,3.6891030932026e-11,-5.44793720957991e-11,1.82923786681352e-10,2.98473178187588e-11,-5.19744661935726e-11,1.68559210589487e-10,-7.29615724699479e-11,7.31454206092172e-11,1.07090736501925e-10,2.52773098235893e-12,1.92166973105559e-11,-7.14918773774051e-11,1.48899200668276e-10,-2.37802744740216e-11,-8.5469637342498e-11,6.05094751163212e-11,-1.68102232558946e-10,-1.10193158115197e-10,-1.26529464749479e-10,5.64155101842064e-11,-5.29929367710145e-11,4.65192408224755e-11,4.18025498593703e-11,-7.36367165838577e-11,6.34420276179589e-11,-9.95580736698146e-11,1.35629606922972e-10,2.09055045515937e-11,-2.99541855021038e-11,-6.48635064399218e-11,-1.32206693665311e-10,-9.80656355857306e-13,6.56824801647159e-11,2.63783791768983e-11,7.19589757588642e-11,-1.64514286192823e-10,6.76576505234515e-11,3.97418800757495e-14,-4.02115523380332e-11,-1.93756526463011e-10,-1.3684628489814e-10,-1.0937549849328e-11,-3.81943645100874e-11,-1.44284668959752e-10,3.10035374122171e-11,7.46677991205529e-11,7.51326075733526e-11,3.50230921412506e-11,8.80849316266313e-11,3.14284289044033e-11,1.35135037840959e-10,-5.82281931339373e-11,1.07509217057679e-11,1.55765903425427e-11,1.14400767119146e-10,1.63448730156186e-10,3.10886923763809e-11,-6.58325937599589e-11,1.84597304245463e-11,3.90919307494826e-12,2.55617448611662e-11,1.71456685794249e-10,-2.43544716312658e-11,9.25406456074434e-11,-2.52212910209205e-10,-4.50876289723751e-11,1.07529594786925e-10,2.65670196058789e-10,8.63912969258303e-11,-1.39210436214153e-10,1.48641269357813e-10,2.8495601956767e-11,-6.01277958484508e-11,2.87414165350828e-11,-1.32123187859789e-11,2.96010394541742e-11,-1.72089136875886e-10,1.45323174961563e-10,1.00287714035149e-10,-4.92007761919696e-11,1.55889726471283e-10,3.18611619055555e-11,6.36965567408252e-11,-2.12950208900754e-10,-1.64956208935669e-10,1.09854292250228e-10,1.45643361981403e-13,-1.07252871703797e-11,-7.99904690177711e-12,2.90642317975206e-11,-1.93657497494411e-10,1.02930705815319e-10,9.20467681258119e-12,-6.5418084087598e-11,-1.9679715673765e-11,-6.84791587731658e-11,-6.06170646212534e-11,-1.62550498060781e-10,2.6365593398834e-11,3.1724516163061e-11,5.3793618154958e-11,-5.93590148318605e-11,-7.46413342249403e-11,3.22401192368863e-11,-4.36688858691358e-11,1.48504682291614e-10,7.48908637277741e-11,-1.26058432082903e-11,6.94952271969188e-12,9.70245288487979e-11,-9.11501381515075e-11,3.65946839573209e-11,8.53326507059058e-11,2.37774190582898e-11,7.97529108443565e-12,-1.63060088666383e-10,-4.48473916717916e-11,-1.64989947653082e-10,-1.91186594066755e-10,4.60905458439369e-13,-6.84688841766117e-11,-6.04066306848135e-11,1.76360022123154e-10,1.34681395193731e-10,-5.66106416807026e-11,-1.1973358671714e-10,1.44719685618445e-10,5.53976081332401e-11,-4.3643668444528e-11,-8.94929762229254e-11,7.86590310550969e-11,-1.32916531584722e-10,-5.53665972035706e-11,-5.54619281909889e-11,4.33285800325917e-12,-1.24610790348173e-10,3.95290216302869e-11,-2.07421243733777e-10,-3.45921087302755e-11,-1.08687882981605e-10,-9.26450336367865e-11,2.07707755752589e-10,-3.50555335628215e-12,9.73014297083119e-11,4.50763431692987e-12,1.33472551488122e-13,1.16212012943983e-10,1.15204203667088e-11,-8.36832576497572e-11,-4.11399055679362e-11,-7.44320071003527e-11,4.43686503737604e-11,6.96020796207489e-11,1.65965911544457e-10,-9.25828725133951e-11,1.14270791494518e-10,7.9051553923958e-11,1.27220117004678e-10,-2.47170040092134e-12,1.36514945569513e-10,-1.94316033465812e-10,-1.88532512895082e-10,9.96023500508836e-11,-3.74329237922709e-11,9.06779847832624e-11,1.77673010586796e-12,-6.83029630186801e-11,-4.27379813806135e-12,-5.43876352136766e-11,4.35744658379571e-11,1.47607001588397e-10,1.52498026043142e-10,-5.56026968855902e-11,-4.18134097402074e-11,-1.05857178485813e-10,-2.02231903883886e-11,1.05612785734839e-10,2.12815669450334e-10,-2.45274776901125e-11,-2.20574282297552e-11,1.11604221962114e-10,-3.46913438563947e-11,-5.55795225950511e-12,-1.27451823813767e-10,1.32578789766327e-10,-8.21558928690121e-11,-1.73783263979499e-10,6.1959581321552e-11,2.40483798023576e-10,-6.89005106383909e-11,-4.0166227252727e-11,8.0868844651865e-11,6.91003119499267e-11,5.82311266741947e-11,-3.86106028578291e-11,-4.44659361920048e-11,-7.82838756104417e-11,-1.55713609930309e-10,4.52711386567954e-11,1.64427383894692e-10,-5.06456702016125e-11,-3.60394939267595e-11,2.20930521186975e-11,-1.24143815219887e-10,1.27476552150163e-10,3.73240903656179e-11,2.48425238220501e-11,8.70390457368678e-12,2.8936242279874e-11,-5.0034926223592e-12,1.23189706564452e-10,3.60874156866803e-11,2.39105525777311e-10,-1.02786207739937e-10,-5.11699711737689e-12,-1.55687919946176e-10,2.7133893949801e-11,2.88589738719155e-11,1.85397587739096e-12,-2.37690023744675e-11,-1.63720624617737e-10,-1.18123195435227e-10,2.65600078194584e-10,-1.52391981532159e-11,6.42500027183269e-11,2.86052622136417e-11,8.86232385833321e-11,1.38497884226113e-10,-3.03185530747148e-11,1.3833853341866e-10,4.07984618714999e-11,-6.34430926251207e-11,2.7522460938252e-11,-3.87462117858592e-11,4.33175319323328e-11,4.89337302717063e-11,1.93213105128483e-10,-7.5317926687653e-11,-1.42333463393656e-10,-1.38014790444472e-11,3.59176193658914e-11,-5.44301734812525e-11,4.66889802417294e-11,-1.32641341216772e-10,-4.40236229852475e-11,-1.63956956854175e-10,4.20693743884766e-11,-1.81657484785319e-10,-7.5409893173652e-11,8.10216729292154e-11,-6.61509787286462e-11,3.6200729937002e-11,9.5276092008059e-11,7.28896731145644e-11,5.63886022725326e-11,-3.58556387644095e-11,7.93853344188225e-11,3.73173688124528e-11,-6.4174352227121e-11,-1.42369317204098e-10,-1.75706394748815e-11,-1.35449803989253e-10,1.02952183077816e-11,-1.41602895193212e-10,4.07414776387478e-11,1.11658391826446e-10,-2.14227883680381e-13,3.83445393469406e-11,6.50946986778863e-11,5.00737684175024e-12,-3.32184413278312e-11,1.76359990957462e-10,-2.70273144836571e-11,2.78904354687168e-12,1.99227388858482e-10,-2.05138524763816e-10,-4.56506638378358e-11,-8.83504222752885e-11,8.75019260552306e-11,-3.23026592183251e-11,6.26837264635735e-12,-3.19089735710923e-11,-1.01075824275935e-10,-9.317263410345e-11,-1.11524719351022e-10,1.14467212642732e-10,1.68239172550599e-10,-1.53620649482247e-10,-1.35889729111497e-10,3.93596546767959e-11,2.81151437597637e-11,1.60194546531571e-10,-6.70616204162415e-11,-5.49066971197286e-11,7.23211666775828e-11,1.08612778822714e-10,1.62351755790454e-10,7.04115659734265e-11,5.27094553813524e-11,6.91675683951916e-11,-4.46768043994476e-11,-3.51597296013804e-11,1.21839808172803e-10,1.53210290004391e-11,5.00019133271263e-11,1.44877675173061e-10,1.50671984625117e-12,9.848720087019e-12,-7.71608403162119e-11,-6.8003734234827e-11,8.74993673990666e-11,3.02297559544834e-11,-7.83925838891904e-11,-1.02611389943465e-10,6.03850702567252e-11,1.01821891283543e-10,1.55702099932377e-10,9.16828569523486e-11,-9.30467123469738e-11,-2.74159004464407e-10,1.02020226272623e-10,-1.9053193864021e-10,1.74880460150491e-10,-8.43684642962435e-12,1.87872694825161e-11,-4.9184193387416e-11,2.60667066923474e-11,8.66034214279942e-11,4.87669899936461e-11,4.97324784544048e-11,-4.22131550880667e-11,4.86961883607946e-11,1.0876623967785e-10,5.34214484776487e-11,-7.36219411364203e-11,4.45788516143007e-11,1.71962786190446e-10,6.06018320525168e-11,-7.16510798964706e-11,-4.61464921347097e-11,-8.58321836552993e-11,-5.3126954428006e-11,-1.14178839266341e-10,-9.62998225558991e-11,-2.92385860781171e-11,-1.36170682415003e-11,-1.48581669239282e-10,2.10798204985652e-11,-8.04694113986944e-12,-8.5940328010956e-11,-1.51856636208586e-10,2.43562423351115e-11,-1.08288451034401e-10,2.44963991656909e-10,-1.12396520620987e-10,2.70923396599884e-13,4.46669774055657e-11,-1.44889860317431e-10,6.16364945493381e-11,-8.96141047959998e-11,-8.62296468464729e-11,-2.53304823667036e-11,-1.95784811194555e-10,7.45345695606058e-11,-7.63412227067536e-11,-5.65520701406572e-11,5.81615798096585e-11,-1.93932133796906e-10,-4.81921469954877e-11,7.64006489935942e-11,1.24692791273003e-10,-9.83531558204723e-12,-5.32968675168379e-12,1.33817044750316e-10,-3.84261291582668e-11,3.66587865030983e-11,-1.47278036994076e-10,-1.39946259786921e-10,7.03915079081213e-11,6.87805095264788e-12,3.83630884740022e-11,-7.1571801057418e-11,-9.61940755689981e-11,2.01556537221748e-11,-1.18277151003728e-10,5.50458585774711e-11,4.11838065380701e-11,7.32537935189535e-12,9.42546628033454e-12,8.41807975433919e-11,-4.15168480638791e-11,-3.6378219387249e-11,4.55425461939334e-11,-7.61230875767701e-11,-1.24610124767975e-10,-2.51437295797679e-11,-3.97806068459091e-11,-3.41832381246403e-11,3.27756863169193e-11,1.40192436888794e-11,8.74654880278613e-12,7.93523843423567e-11,7.27656426001903e-11,-1.06157308853706e-11,-9.89258716951066e-11,-7.44426850141406e-11,6.47092835680278e-11,-1.35689071394831e-11,-1.89945468008764e-11,8.34512983423217e-11,-5.19600559307587e-11,-5.58879631058899e-11,1.08861598257739e-11,6.2403497314332e-12,-8.14749317534592e-11,4.82202293317484e-11,-5.91476798983363e-11,6.28791328699194e-11,9.50317526564898e-11,3.5024727329377e-11,2.36131363315873e-10,4.38310084891603e-11,-2.13174666539149e-10,3.53134728750746e-11,-6.33477163925123e-11,1.10057833964777e-10,1.83566769316798e-10,4.70780919011401e-11,-1.10899068835814e-10,6.70961698615577e-11,2.05658972432264e-11,-2.3692028710183e-11,6.9426375767353e-11,3.35370096692392e-11,1.52231340141634e-11,-2.40383888146374e-10,1.03940283755202e-10,-6.77309336641355e-11,1.14016722096683e-10,4.8062000864765e-12,4.69754140430902e-11,1.30741212742575e-10,4.65664728891226e-11,-3.37486419830388e-11,-3.09440887789561e-11,5.97360063643249e-11,4.37874052265339e-11,-1.63961806717325e-10,3.31586327106989e-10,-1.45256134955105e-10,-2.29703808134853e-12,2.53372550144158e-12,-1.21160396664507e-10,-6.01753527890006e-11,-1.9111070808458e-10,-7.30873885383097e-11,8.06953199784727e-11,-1.78650448929942e-10,2.09984222899403e-10,2.31171240866577e-11,3.82072785308843e-11,5.67014627242685e-12,4.40486226136488e-11,8.85350739847177e-11,4.42628475603453e-11,3.1107217880128e-11,2.3602667764533e-13,1.54407785495376e-10,-1.87785285967905e-11,1.06425422503883e-10,-1.12078251967794e-10,1.09756509303718e-10,-1.9404765019769e-10,-1.23043530359817e-11,-1.43660123505828e-10,1.58659222041541e-10,-1.6319226570785e-10,7.8513564027731e-11,-7.62604114341559e-11,-1.10197112992557e-10,4.81292453172116e-11,7.36693336100456e-11,1.42235157390754e-10,-1.03788922869383e-10,2.70384393058361e-10,1.02347543895472e-10,-4.12065269649938e-11,-1.01007510679174e-10,-1.91348027963296e-11,-4.28765928016203e-11,4.86756162046485e-11,-2.77594671949355e-11,6.48690776204176e-11,-7.13242854204076e-11,2.45158356956814e-10,-6.65039283321862e-11,-2.23448892383381e-11,1.36659557809086e-10,-1.09947823261279e-10,-1.01177906048982e-10,-8.19046617661182e-11,4.16957002033097e-11,-2.04357116076065e-11,-2.70176084705233e-10,-1.20114114031642e-10,2.52081746704434e-11,-1.11395150900078e-10,-8.33336166367763e-11,9.09793425480937e-11,1.83026544398564e-10,-9.78692260838469e-11,-9.79724090560691e-12,-9.1001555446047e-12,1.6102012647048e-11,1.32962614855982e-10,3.50565003551523e-11,2.25676688950905e-11,1.13139593597974e-10,-2.74479281438753e-11,5.92797532164273e-11,3.54985017037358e-11,9.94002738490804e-11,1.20428469465515e-10,3.3205795697702e-11,-5.24402309470178e-11,-2.81175713959645e-11,-5.85960604397215e-11,1.4303557812344e-11,7.26624149808135e-11,7.59398397481016e-11,1.47677973224773e-10,-8.29628856027591e-11,1.04856342940586e-10,1.45771779983077e-10,-1.14535388090765e-10,7.26700213381186e-11,-2.62058753552989e-11,-2.41778949721336e-11,-6.65087206482541e-11,1.01477282904629e-11,3.70079800687226e-11,1.06809606089931e-10,-7.7197685442816e-11,1.64126086540829e-10,-1.88587647084899e-10,-1.41887482087136e-11,-6.6627440096803e-11,5.68213672175639e-11,-1.6348817705528e-11,-1.27755023027113e-10,1.39996292370679e-10,1.6334794630904e-10,8.41222153045901e-11,-1.28553267394212e-10,2.05641035792839e-11,-2.58241467254979e-11,1.63985332708202e-10,1.77982146634968e-10,-1.17494175438376e-10,1.1854785816801e-10,1.6710496809622e-10,-3.16578773950621e-11,2.05116640236567e-11,4.12793095828809e-11,-6.34209390874158e-11,5.53743048212342e-11,3.30603819147149e-11,1.26625864951598e-10,-8.01031943881194e-11,-1.21469167915316e-10,8.77040263863732e-11,4.76778614829489e-11,-8.56724339181836e-11,8.32078441489314e-11,1.01634144269306e-11,9.01071722074498e-11,-1.76700366043066e-11,-4.25155521649871e-11,-6.11675109950053e-11,-3.30730253175084e-10,4.76101048450659e-11,1.21675023697567e-10,1.58783578934074e-11,-9.84456578306046e-11,-9.49166767028259e-11,-8.14422141673294e-11,6.26769913182069e-11,3.05787536967246e-11,-1.38640405007593e-10,-1.13961340124474e-10,-2.07975390519668e-10,-8.56138070977262e-11,-1.45473194947198e-10,3.28464507012709e-11,4.00599615253652e-10,5.31037525418489e-12,-9.66431546472181e-12,-7.44756489324988e-11,-2.82745015672842e-11,1.32313357261851e-10,9.51507564562353e-11,-1.51028604289574e-10,-1.47029809870266e-10,1.22174454039882e-10,-9.44156513610341e-11,7.44873482452526e-11,4.41642513780628e-11,-1.46388240526718e-10,4.52028936332749e-11,-5.86036646900009e-11,1.1474196131987e-11,-2.09012423674098e-10,1.46107266446683e-11,-6.85600850512974e-11,-2.66431127828554e-11,-1.95623945484226e-10,-1.48511766838519e-10,5.81442408612112e-11,-5.95523871046463e-11,7.39323893230645e-12,-4.8473417580958e-12,1.76732925654131e-10,-1.19699320752217e-10,3.35956982231743e-11,-9.43861212380844e-11,-2.2851067247418e-10,7.52818438369905e-11,7.89716707392389e-11,-1.28109029985165e-10,3.88144631812938e-11,-1.714570117782e-10,7.49145131393174e-11,-4.92760123948768e-11,1.44866793799125e-10,-8.45527588083942e-11,-5.77323356480724e-11,-5.27431536379686e-11,9.93642411917878e-11,3.77828214096433e-11,-7.0712209813397e-12,1.58105833348572e-10,-3.20476909290886e-11,7.28623177974079e-11,-1.5185241175407e-11,-1.08080631552198e-10,-6.28158056423024e-11,8.68745069567061e-11,3.96661821338224e-11,-1.05779907656895e-10,-3.34688386710795e-11,6.7801822237315e-11,-1.1401284063939e-10,-1.52893957640582e-11,1.1788534701636e-10,-8.5508761594873e-11,-4.42052866664249e-11,2.96378229175382e-11,2.67858812265327e-10,-1.07564453409574e-10,2.81198045691487e-10,1.6929600326398e-10,6.89884183229614e-11,-1.4219645536227e-10,-7.2537411370395e-11,7.47236011143497e-11,-9.39327903776837e-11,-7.19157890204252e-11,1.28861325149884e-11,6.30581856072517e-11,-4.33988067335485e-11,-6.32423578021592e-11,1.216825600553e-11,-3.7259025106878e-11,-7.44101760961669e-11,1.35044649979775e-10,5.75228924010598e-11,6.39000945516258e-11,3.54754879289664e-11,-2.58116897161127e-12,-1.75956456764943e-10,-8.54571247400162e-11,-9.18591136334743e-11,-4.31792354316871e-11,-2.25977605094241e-10,2.30202876132424e-11,-2.38805454382695e-10,-3.81341274398677e-11,-2.44807136682065e-11,-5.37935988051066e-11,-2.64960483940459e-10,1.94556117022917e-11,-9.73872727302718e-11,2.50074509486535e-12,-2.13794041690925e-10,2.06330103722226e-12,-2.55322872964205e-11,1.71871943612417e-11,-3.26461628348952e-11,8.51440163592008e-11,-7.22620489054127e-11,-1.07123189217879e-10,7.43304699335935e-11,3.70067257394346e-11,-7.14665188287623e-11,-3.63948583541251e-11,-8.02560879764702e-11,2.34914776820021e-11,-1.03538390093411e-10,-2.97876495131346e-11,1.73597311549006e-11,2.00680697737874e-10,7.8746059020071e-12,-5.81168960725495e-11,-8.08462890542225e-11,5.74603786759264e-11,1.50803307368522e-10,-1.05650050331877e-10,-5.53811259476988e-11,2.06983109371757e-10,1.57343622804752e-10,5.51856191930986e-11,1.36650623631124e-10,-2.09789967225822e-11,-1.68515836054199e-10,9.68036593440334e-11,-4.82044107044415e-11,2.49807014158503e-11,-2.32202173536998e-11,5.00213006491133e-11,9.30316235208396e-11,9.35268105181368e-11,-6.80805270837704e-11,-2.41210481716706e-11,1.1682141743301e-10,1.24057051123797e-10,-1.18845516255706e-10,-3.66652198539707e-11,7.78535743598333e-11,1.67039538573579e-10,-1.77913903043247e-10,-3.20210041720416e-11,-8.70413294223177e-12,6.84944545778216e-11,1.4687830241471e-10,2.32589730973785e-10,-1.2145327330802e-10,-5.77344307057669e-11,-9.59399788381081e-11,-6.57733766975184e-11,-3.96815612205332e-12,6.06720192137291e-11,1.24806041989343e-10,-7.44083814043848e-11,-1.34264441495441e-10,7.05603204400432e-11,-5.53886621351377e-11,1.36816924215587e-10,1.6094225063591e-10,2.05902010828288e-10,-1.25795373822089e-11,-4.15040583645885e-11,2.13837782565769e-10,-3.24706957061844e-11,7.59412383832589e-11,1.04332091991442e-11,-3.06909114207279e-11,9.40458203964542e-11,3.38264366717083e-11,-5.77290829605517e-11,1.90278750672244e-11,8.73140460702476e-11,-6.53414851615474e-11,2.4419810125593e-12,-5.72315458900274e-11,-1.76464346855637e-11,-9.55572201080364e-11,4.87592869654028e-11,1.63663070718896e-11,-1.91185765038579e-11,1.69141980923942e-10,8.18820559282062e-11,-2.15334609530424e-11,-1.13866679034434e-10,-1.6983955037456e-10,1.34130905611484e-10,1.09484459118456e-10,-3.48724408699351e-11,-1.0393558005428e-10,1.36977906040804e-10,-1.45904137147838e-10,8.61807564810649e-11,9.92362652886789e-11,-6.13278471885538e-11,3.98118154062076e-11,1.52649621194267e-10,6.02234012203617e-11,-1.03061020156036e-10,-1.14151419542318e-11,3.28556380185488e-11,1.71919921564145e-10,-3.36925527727626e-11,7.58946860977153e-11,-4.54731546194689e-11,-3.6849837477548e-11,-6.10184641781829e-11,-3.5662336651861e-11,1.13182126523105e-11,-4.63646031816773e-11,3.28716733793809e-11,-9.61089873245727e-11,6.10153266519301e-11,-1.41261314089534e-10,8.35313455614076e-11,-3.71871653585782e-11,8.86185354931201e-11,5.09951332441589e-11,4.24591083114245e-11,1.2498934023349e-10,6.80109439588054e-11,-1.70285373852353e-10,8.48071375009398e-11,3.00757363453204e-11,-3.85404006200579e-11,1.0616508790488e-10,-1.17849297069477e-10,9.45692519305359e-12,1.38896010217084e-10,-1.46240631918493e-10,-9.47988686491343e-12,6.08754558729765e-11,-4.16274331775621e-11,-2.87501679035402e-14,-4.75467414028521e-13,-3.01332189623774e-11,7.46411907111622e-11,-4.85909096076392e-11,9.11842341623894e-11,3.31053196023672e-11,-5.83428402455028e-11,-7.4348848670442e-12,-1.44975142241078e-10,2.43574853702537e-10,1.46445320743572e-10,-1.43086994778969e-10,-1.21317988430299e-10,-3.48424941343289e-11,-1.56081240129575e-10,-1.67683322279615e-11,8.26409111466857e-11,-1.55006649373519e-11,8.36187239463034e-11,-8.19828188921737e-11,-1.17567154794115e-10,1.63115891303271e-10,-9.21698621799514e-11,-1.68108595482603e-11,3.5609563918819e-11,-2.77726373939987e-11,-1.82173835034143e-10,-7.92846783719776e-12,1.43922601137538e-10,1.49248832555943e-10,9.21608229176384e-11,3.80403675368604e-11,-5.98402542778987e-12,-4.33628594901324e-11,1.31948010024362e-10,3.22538798720149e-11,3.67096786968707e-11,-1.66497891299378e-10,-3.38216216777682e-11,-9.4132517675353e-11,-1.29666244058183e-10,3.90365161309019e-13,9.33204698711181e-12,2.67543373057541e-12,-5.63224269183745e-11,-5.44707215384546e-11,-2.76821444108506e-11,1.46029480659832e-10,1.36958318906685e-11,-1.36023071913207e-11,3.13656622194088e-11,-1.56943646233868e-10,3.5571154712373e-11,-3.12821697131972e-11,1.21555171733111e-10,1.74909041461227e-11,1.09013118692806e-10,4.99674501063752e-12,-5.7743055240796e-11,-2.11881476544592e-10,-4.53991386340975e-11,-2.15925828094657e-10,-1.54266358190877e-11,-1.05270385421264e-10,1.61011352946925e-10,-1.02385181962844e-10,9.76643962529195e-11,-4.92737108828452e-11,1.16000499278966e-10,-3.30906531365215e-11,-1.40687284144069e-10,-5.74379402714842e-11,6.85462924530745e-12,6.56707094903692e-11,-2.42478634609252e-11,1.81056533601117e-10,3.5413373956862e-11,1.14918586599859e-10,-6.06776707214785e-11,-3.52769154770823e-12,9.77409045857728e-11,-7.80979821047595e-12,-9.88069417139297e-11,-3.72951800771349e-11,-6.90101898678596e-11,3.15335919910466e-11,1.61631145259865e-10,1.0787051136128e-10,1.40621102129002e-10,-2.07701114876987e-10,8.47012227622543e-11,9.82573677567232e-11,1.53608719678581e-10,-1.16844991851476e-10,-1.65020706440107e-11,-2.58607998320394e-11,1.2322100082986e-10,4.02612460090653e-12,-5.02517641004134e-11,4.16457143287314e-11,4.20419924777922e-11,3.58577689691373e-11,8.05447628797302e-11,1.70793212631453e-10,1.78478753296109e-10,1.15134434978931e-10,1.72571650759574e-10,-7.61666040547794e-11,-3.58467946962762e-11,7.57364281354106e-11,-1.96603848685791e-11,-1.4049891661849e-10,1.30399204545285e-10,1.55363839649999e-10,5.95833258121985e-12,-4.08054576257289e-13,2.34320782266271e-11,-7.46950199785204e-11,-3.64253827936051e-11,-3.17799979716685e-11,-8.04776390575782e-12,-7.90882296548586e-11,1.39729996200975e-12,7.28259476166331e-11,-1.21257501136408e-10,-8.51592623391812e-11,3.96649447419729e-11,1.72488728983343e-10,1.73169590249367e-10,5.01264267420512e-10,5.27576424859934e-10,5.48475868927442e-10,7.089590657755e-10,9.68896308642897e-10,1.11700273643226e-09,1.39874376457298e-09,1.65081951662747e-09,1.69203376535646e-09,1.97334093912564e-09,2.22044846970395e-09,2.57513697297505e-09,2.90093008172002e-09,3.01883207352029e-09,3.44904194273828e-09,3.85938620061438e-09,4.43420926873277e-09,4.66977559867508e-09,5.09925340506233e-09,5.95590012818117e-09,6.2396326269606e-09,7.1796170815236e-09,8.12838327743521e-09,8.9832916897742e-09,1.02644160564064e-08,1.13324802538442e-08,1.31410574137227e-08,1.50770469936037e-08,1.78756445333288e-08,2.1232390825538e-08,2.55923540192828e-08,3.18725014414148e-08,4.15854541159985e-08
