v,0.25
Patm,100000
g,9.81
r,500
G,10^9.5
rho,2700
mu,10^2.69
rc,14
 
M,10^5.79
sigma,0.1
 
tilt_erupt,89.0367nrad
 
-1489,-1488,-1487,-1486,-1485,-1484,-1483,-1482,-1481,-1480,-1479,-1478,-1477,-1476,-1475,-1474,-1473,-1472,-1471,-1470,-1469,-1468,-1467,-1466,-1465,-1464,-1463,-1462,-1461,-1460,-1459,-1458,-1457,-1456,-1455,-1454,-1453,-1452,-1451,-1450,-1449,-1448,-1447,-1446,-1445,-1444,-1443,-1442,-1441,-1440,-1439,-1438,-1437,-1436,-1435,-1434,-1433,-1432,-1431,-1430,-1429,-1428,-1427,-1426,-1425,-1424,-1423,-1422,-1421,-1420,-1419,-1418,-1417,-1416,-1415,-1414,-1413,-1412,-1411,-1410,-1409,-1408,-1407,-1406,-1405,-1404,-1403,-1402,-1401,-1400,-1399,-1398,-1397,-1396,-1395,-1394,-1393,-1392,-1391,-1390,-1389,-1388,-1387,-1386,-1385,-1384,-1383,-1382,-1381,-1380,-1379,-1378,-1377,-1376,-1375,-1374,-1373,-1372,-1371,-1370,-1369,-1368,-1367,-1366,-1365,-1364,-1363,-1362,-1361,-1360,-1359,-1358,-1357,-1356,-1355,-1354,-1353,-1352,-1351,-1350,-1349,-1348,-1347,-1346,-1345,-1344,-1343,-1342,-1341,-1340,-1339,-1338,-1337,-1336,-1335,-1334,-1333,-1332,-1331,-1330,-1329,-1328,-1327,-1326,-1325,-1324,-1323,-1322,-1321,-1320,-1319,-1318,-1317,-1316,-1315,-1314,-1313,-1312,-1311,-1310,-1309,-1308,-1307,-1306,-1305,-1304,-1303,-1302,-1301,-1300,-1299,-1298,-1297,-1296,-1295,-1294,-1293,-1292,-1291,-1290,-1289,-1288,-1287,-1286,-1285,-1284,-1283,-1282,-1281,-1280,-1279,-1278,-1277,-1276,-1275,-1274,-1273,-1272,-1271,-1270,-1269,-1268,-1267,-1266,-1265,-1264,-1263,-1262,-1261,-1260,-1259,-1258,-1257,-1256,-1255,-1254,-1253,-1252,-1251,-1250,-1249,-1248,-1247,-1246,-1245,-1244,-1243,-1242,-1241,-1240,-1239,-1238,-1237,-1236,-1235,-1234,-1233,-1232,-1231,-1230,-1229,-1228,-1227,-1226,-1225,-1224,-1223,-1222,-1221,-1220,-1219,-1218,-1217,-1216,-1215,-1214,-1213,-1212,-1211,-1210,-1209,-1208,-1207,-1206,-1205,-1204,-1203,-1202,-1201,-1200,-1199,-1198,-1197,-1196,-1195,-1194,-1193,-1192,-1191,-1190,-1189,-1188,-1187,-1186,-1185,-1184,-1183,-1182,-1181,-1180,-1179,-1178,-1177,-1176,-1175,-1174,-1173,-1172,-1171,-1170,-1169,-1168,-1167,-1166,-1165,-1164,-1163,-1162,-1161,-1160,-1159,-1158,-1157,-1156,-1155,-1154,-1153,-1152,-1151,-1150,-1149,-1148,-1147,-1146,-1145,-1144,-1143,-1142,-1141,-1140,-1139,-1138,-1137,-1136,-1135,-1134,-1133,-1132,-1131,-1130,-1129,-1128,-1127,-1126,-1125,-1124,-1123,-1122,-1121,-1120,-1119,-1118,-1117,-1116,-1115,-1114,-1113,-1112,-1111,-1110,-1109,-1108,-1107,-1106,-1105,-1104,-1103,-1102,-1101,-1100,-1099,-1098,-1097,-1096,-1095,-1094,-1093,-1092,-1091,-1090,-1089,-1088,-1087,-1086,-1085,-1084,-1083,-1082,-1081,-1080,-1079,-1078,-1077,-1076,-1075,-1074,-1073,-1072,-1071,-1070,-1069,-1068,-1067,-1066,-1065,-1064,-1063,-1062,-1061,-1060,-1059,-1058,-1057,-1056,-1055,-1054,-1053,-1052,-1051,-1050,-1049,-1048,-1047,-1046,-1045,-1044,-1043,-1042,-1041,-1040,-1039,-1038,-1037,-1036,-1035,-1034,-1033,-1032,-1031,-1030,-1029,-1028,-1027,-1026,-1025,-1024,-1023,-1022,-1021,-1020,-1019,-1018,-1017,-1016,-1015,-1014,-1013,-1012,-1011,-1010,-1009,-1008,-1007,-1006,-1005,-1004,-1003,-1002,-1001,-1000,-999,-998,-997,-996,-995,-994,-993,-992,-991,-990,-989,-988,-987,-986,-985,-984,-983,-982,-981,-980,-979,-978,-977,-976,-975,-974,-973,-972,-971,-970,-969,-968,-967,-966,-965,-964,-963,-962,-961,-960,-959,-958,-957,-956,-955,-954,-953,-952,-951,-950,-949,-948,-947,-946,-945,-944,-943,-942,-941,-940,-939,-938,-937,-936,-935,-934,-933,-932,-931,-930,-929,-928,-927,-926,-925,-924,-923,-922,-921,-920,-919,-918,-917,-916,-915,-914,-913,-912,-911,-910,-909,-908,-907,-906,-905,-904,-903,-902,-901,-900,-899,-898,-897,-896,-895,-894,-893,-892,-891,-890,-889,-888,-887,-886,-885,-884,-883,-882,-881,-880,-879,-878,-877,-876,-875,-874,-873,-872,-871,-870,-869,-868,-867,-866,-865,-864,-863,-862,-861,-860,-859,-858,-857,-856,-855,-854,-853,-852,-851,-850,-849,-848,-847,-846,-845,-844,-843,-842,-841,-840,-839,-838,-837,-836,-835,-834,-833,-832,-831,-830,-829,-828,-827,-826,-825,-824,-823,-822,-821,-820,-819,-818,-817,-816,-815,-814,-813,-812,-811,-810,-809,-808,-807,-806,-805,-804,-803,-802,-801,-800,-799,-798,-797,-796,-795,-794,-793,-792,-791,-790,-789,-788,-787,-786,-785,-784,-783,-782,-781,-780,-779,-778,-777,-776,-775,-774,-773,-772,-771,-770,-769,-768,-767,-766,-765,-764,-763,-762,-761,-760,-759,-758,-757,-756,-755,-754,-753,-752,-751,-750,-749,-748,-747,-746,-745,-744,-743,-742,-741,-740,-739,-738,-737,-736,-735,-734,-733,-732,-731,-730,-729,-728,-727,-726,-725,-724,-723,-722,-721,-720,-719,-718,-717,-716,-715,-714,-713,-712,-711,-710,-709,-708,-707,-706,-705,-704,-703,-702,-701,-700,-699,-698,-697,-696,-695,-694,-693,-692,-691,-690,-689,-688,-687,-686,-685,-684,-683,-682,-681,-680,-679,-678,-677,-676,-675,-674,-673,-672,-671,-670,-669,-668,-667,-666,-665,-664,-663,-662,-661,-660,-659,-658,-657,-656,-655,-654,-653,-652,-651,-650,-649,-648,-647,-646,-645,-644,-643,-642,-641,-640,-639,-638,-637,-636,-635,-634,-633,-632,-631,-630,-629,-628,-627,-626,-625,-624,-623,-622,-621,-620,-619,-618,-617,-616,-615,-614,-613,-612,-611,-610,-609,-608,-607,-606,-605,-604,-603,-602,-601,-600,-599,-598,-597,-596,-595,-594,-593,-592,-591,-590,-589,-588,-587,-586,-585,-584,-583,-582,-581,-580,-579,-578,-577,-576,-575,-574,-573,-572,-571,-570,-569,-568,-567,-566,-565,-564,-563,-562,-561,-560,-559,-558,-557,-556,-555,-554,-553,-552,-551,-550,-549,-548,-547,-546,-545,-544,-543,-542,-541,-540,-539,-538,-537,-536,-535,-534,-533,-532,-531,-530,-529,-528,-527,-526,-525,-524,-523,-522,-521,-520,-519,-518,-517,-516,-515,-514,-513,-512,-511,-510,-509,-508,-507,-506,-505,-504,-503,-502,-501,-500,-499,-498,-497,-496,-495,-494,-493,-492,-491,-490,-489,-488,-487,-486,-485,-484,-483,-482,-481,-480,-479,-478,-477,-476,-475,-474,-473,-472,-471,-470,-469,-468,-467,-466,-465,-464,-463,-462,-461,-460,-459,-458,-457,-456,-455,-454,-453,-452,-451,-450,-449,-448,-447,-446,-445,-444,-443,-442,-441,-440,-439,-438,-437,-436,-435,-434,-433,-432,-431,-430,-429,-428,-427,-426,-425,-424,-423,-422,-421,-420,-419,-418,-417,-416,-415,-414,-413,-412,-411,-410,-409,-408,-407,-406,-405,-404,-403,-402,-401,-400,-399,-398,-397,-396,-395,-394,-393,-392,-391,-390,-389,-388,-387,-386,-385,-384,-383,-382,-381,-380,-379,-378,-377,-376,-375,-374,-373,-372,-371,-370,-369,-368,-367,-366,-365,-364,-363,-362,-361,-360,-359,-358,-357,-356,-355,-354,-353,-352,-351,-350,-349,-348,-347,-346,-345,-344,-343,-342,-341,-340,-339,-338,-337,-336,-335,-334,-333,-332,-331,-330,-329,-328,-327,-326,-325,-324,-323,-322,-321,-320,-319,-318,-317,-316,-315,-314,-313,-312,-311,-310,-309,-308,-307,-306,-305,-304,-303,-302,-301,-300,-299,-298,-297,-296,-295,-294,-293,-292,-291,-290,-289,-288,-287,-286,-285,-284,-283,-282,-281,-280,-279,-278,-277,-276,-275,-274,-273,-272,-271,-270,-269,-268,-267,-266,-265,-264,-263,-262,-261,-260,-259,-258,-257,-256,-255,-254,-253,-252,-251,-250,-249,-248,-247,-246,-245,-244,-243,-242,-241,-240,-239,-238,-237,-236,-235,-234,-233,-232,-231,-230,-229,-228,-227,-226,-225,-224,-223,-222,-221,-220,-219,-218,-217,-216,-215,-214,-213,-212,-211,-210,-209,-208,-207,-206,-205,-204,-203,-202,-201,-200,-199,-198,-197,-197,-196,-195,-194,-193,-192,-191,-190,-189,-188,-187,-186,-185,-184,-183,-182,-181,-180,-179,-178,-177,-176,-175,-174,-173,-172,-171,-170,-169,-168,-167,-166,-165,-164,-163,-162,-161,-160,-159,-158,-157,-156,-155,-154,-153,-152,-151,-150,-149,-148,-147,-146,-145,-144,-143,-142,-141,-140,-139,-138,-137,-136,-135,-134,-133,-132,-131,-130,-129,-128,-127,-126,-125,-124,-123,-122,-121,-120,-119,-118,-117,-116,-115,-114,-113,-112,-111,-110,-109,-108,-107,-106,-105,-104,-103,-102,-101,-100,-99,-98,-97,-96,-95,-94,-93,-92,-91,-90,-89,-88,-87,-86,-85,-84,-83,-82,-81,-80,-79,-78,-77,-76,-75,-74,-73,-72,-71,-70,-69,-68,-67,-66,-65,-64,-63,-62,-61,-60,-59,-58,-57,-56,-55,-54,-53,-52,-51,-50,-49,-48,-47,-46,-45,-44,-43,-42,-41,-40,-39,-38,-37,-36,-35,-34,-33,-32,-31,-30,-29,-28,-27,-26,-25,-24,-23,-22,-21,-20,-19,-18,-17,-16,-15,-14,-13,-12,-11,-10,-9,-8,-7,-6,-5,-4,-3,-2,-1,0
2.26772143338448e-10,4.48801968777809e-11,-5.38847155851477e-11,-1.42624328232443e-12,-2.03200895672754e-11,1.50809014803656e-10,1.56424553327151e-12,-1.32823882026833e-10,-3.81556025641262e-11,-5.10156267480412e-11,5.8509279266881e-11,-4.4122682894914e-11,-1.0437639543062e-10,1.54292258272241e-11,-4.91333385054848e-11,-2.09811902283621e-11,1.42845447476131e-10,1.70781036237811e-10,-5.40192367958239e-11,-6.86653982717418e-11,1.46512713481332e-10,1.25675765756074e-10,-9.20148814394902e-11,-3.14605989722164e-10,1.04131117826539e-10,8.74512325525647e-11,4.0701894297409e-11,-1.95933845840341e-11,-3.77429540850259e-12,-3.51748690525893e-11,7.09398267237675e-11,-7.41487585267983e-11,6.29498747375703e-11,1.57730523852947e-10,-1.40371502620211e-10,6.72574898970641e-12,4.68725693937205e-11,-8.69295283096168e-11,5.75972889416827e-11,1.04316492107876e-10,-1.97468150298149e-12,1.58222803234206e-10,1.0941679265076e-10,-2.43094817802105e-11,1.09467466632709e-10,3.72886011527455e-11,4.27165057869068e-11,2.01851933670021e-10,-2.20930316341341e-11,-1.01914630401012e-10,-1.10804547937498e-10,1.01732007993166e-10,-1.54025457074203e-11,2.00990326932198e-11,-1.89651480471497e-11,-6.13991526303943e-11,-2.42232980202455e-10,-2.05771368577371e-11,1.04077804534504e-10,-1.20823563059719e-10,-8.84716529278027e-11,3.28271954810937e-11,7.7277515676402e-11,-7.33484506819371e-11,1.54706446820042e-10,1.34780598043279e-11,6.30562943074906e-11,2.81591919434173e-11,1.61739415465125e-10,-9.34787278562308e-12,2.13803566708959e-12,9.8435728830329e-11,1.98866353295504e-11,1.02932052211655e-10,-9.47571045156483e-11,8.22004040816561e-11,2.86669101854139e-11,1.0086481472187e-10,-3.28514732311285e-11,-5.61891316420128e-11,5.11400731984059e-11,-2.51405546461489e-11,-2.4030364897986e-11,5.92043563998054e-12,2.54911516889487e-10,8.21273186099303e-11,-7.23459586500369e-11,-5.05387409754756e-11,-1.71933134530545e-11,2.59775120462436e-11,-5.02315062094982e-13,6.15103627789689e-11,1.56520601551784e-10,9.67163066180568e-11,1.86236136384496e-10,-6.1798639594714e-11,-1.57704498597633e-10,-2.03600008362119e-10,1.81165384925177e-10,1.01701771572749e-10,-1.54424841731103e-10,8.06093532407183e-11,9.88368515689574e-11,-6.15992279195973e-11,1.1214482264454e-10,-1.6793577222561e-10,-5.21167399104349e-11,-4.20764531551059e-11,-7.37719738086384e-11,1.34947756235883e-10,-1.10781662852481e-10,4.31934568174995e-12,-1.01975851232323e-10,2.60319031382227e-10,-7.8198200087216e-11,-3.46881007516141e-11,-6.86811045110242e-11,1.29030794038559e-10,3.8615894692977e-11,4.59967530366719e-11,-4.31077555750581e-11,-1.10168619365257e-10,-3.88958598141717e-12,1.73684789902091e-11,-1.2741464970185e-10,1.97573511577799e-11,-1.53295033016792e-11,-1.48967133898722e-11,5.11065750541116e-11,-1.68091268867337e-11,2.85882506250283e-11,-1.19261852102158e-10,-9.41528224737442e-11,-1.37693775155646e-10,-2.74380042353217e-11,-9.43938866784178e-11,-2.43021327716517e-10,-1.13118069795749e-10,8.5608888753876e-11,-5.93333958219362e-11,-3.43165842289115e-11,-9.44968209226896e-12,-4.82001769851661e-11,-8.56604720791404e-11,-2.41229623615599e-11,-7.54940082810376e-11,3.39851435955281e-11,-9.10339456896609e-11,-3.84584755348674e-11,1.13350730396747e-10,-5.34413422163036e-11,6.08690488566174e-12,-9.26566004413129e-11,-9.9266758272634e-11,-3.40351439729166e-11,-1.60246801140385e-10,2.06006577637026e-10,-1.07997175320187e-10,-1.0375234128633e-10,-9.68906337087612e-11,-1.64494741543548e-10,-5.81054270700901e-11,-8.21321496371613e-11,-7.19719922608625e-11,3.34768941160884e-11,-1.72122273507075e-10,-2.84052876308965e-11,7.60241216029259e-12,1.07041316884261e-10,2.4572102066498e-11,3.17630411469608e-10,6.1949785886747e-11,-8.49858790593512e-12,4.72967122569782e-11,3.92370599843554e-11,8.49166921246319e-11,1.44732733798401e-10,1.30684274551864e-10,9.02512208698667e-11,1.48791166717514e-10,6.72470749660056e-11,1.58718189585296e-10,-3.01428605505459e-11,9.56774705882376e-11,-1.38226273669481e-10,-7.44160888679903e-11,4.40521626496717e-11,1.17558272557951e-10,1.30206645838431e-11,-9.25201065107132e-11,4.42616181288467e-11,1.02652199367301e-10,8.10327946664715e-11,-1.19877227904903e-10,1.18267309602491e-10,-1.78936575121988e-11,8.67845906209197e-12,-4.30031885662515e-11,4.96184269606519e-11,9.62594715491387e-11,2.2516420058551e-12,1.42038210876899e-10,-1.15245360510717e-11,7.61871878132132e-11,2.50899173866913e-10,2.02457220258177e-10,6.73780676558245e-11,2.85394224261719e-11,3.62342099830291e-10,1.49998008765374e-10,8.62741930040141e-11,-6.43681299972199e-11,-9.94138168231991e-12,-5.13714258439332e-11,6.14496472885558e-11,7.78736272048901e-11,-3.77088420792356e-11,-7.71578729137964e-12,-3.95852267676423e-12,8.12200459029395e-11,-2.19024245838717e-11,-3.69210832475068e-11,1.1958517942865e-11,1.14096169531477e-10,-1.15562229643579e-10,1.99610115859666e-11,-1.56893753835643e-10,-5.89084311793757e-11,-3.15591812725958e-12,-1.26958548530296e-11,5.28358189347873e-11,-1.05416848064115e-10,1.91916963114387e-11,6.99446013079578e-11,-6.39139852518867e-11,2.3329496211593e-12,2.05694709163831e-11,-7.00326683542367e-11,2.11214841630347e-11,5.61324316002531e-11,7.60679220833724e-11,8.86497213371423e-13,-9.28845285935995e-12,-9.25732729027001e-11,1.0815240256356e-10,-8.87409015420882e-11,6.82833603831668e-11,-7.0958147830171e-11,-1.23785752322652e-10,6.13728355735323e-12,7.74004550288766e-11,2.00438763416613e-11,1.29647194349151e-10,1.1136297452519e-10,4.41944281866322e-11,-2.11917003181327e-11,-6.08536026406631e-11,2.66781914554966e-11,-6.62863077758483e-11,3.7870504374698e-11,3.19411519778837e-11,-4.25850447760995e-11,1.07546248668885e-10,2.06818141645485e-11,-3.83340038654173e-11,-1.48895225498596e-10,6.7830717751115e-11,4.38607787888875e-11,-5.7800218702949e-11,-5.3337342001221e-11,-8.16999665518689e-11,-4.84472900562635e-11,-8.04186619181088e-11,-4.60145934187764e-11,-8.2337051331307e-11,-8.89087557404086e-11,-1.579917184371e-11,-2.20990201256852e-10,-2.92399378628371e-11,6.14490898086934e-11,1.97105748085532e-10,-1.38073523254354e-10,9.7895443016902e-11,-5.58886931591049e-11,-1.229292572965e-10,6.67086214300113e-11,-4.58998325436593e-11,1.17887364361181e-10,-1.10560050027771e-12,3.21641350008122e-11,1.07694580268307e-10,-3.16850283131295e-11,1.05464731423741e-10,8.07335075236766e-11,-6.35591422420993e-11,1.40117810392385e-10,1.69416618279514e-10,4.18634615827461e-11,4.42471470173868e-11,-1.04518857402061e-10,-1.13425742438979e-10,-2.15368741961019e-10,-1.96137518473136e-10,1.00740740238603e-10,-7.5501902211595e-11,4.43990789467975e-11,-7.50351727127854e-11,-8.67584421597129e-11,1.99248532024966e-10,1.20356937951623e-10,4.42160420175411e-11,-2.22472559262938e-10,-2.43215666308547e-10,3.55565653723482e-11,-3.78438827404881e-11,-1.55728694622444e-10,1.08680401481789e-10,-8.3723889391789e-11,-3.51648830881691e-11,-1.4949404925549e-10,6.07710739189343e-11,9.21537472172398e-11,-1.30948228570285e-11,1.45951043657035e-11,6.24905923046989e-11,3.69263773987865e-11,1.02852408862768e-10,1.71520586770463e-10,-9.41571988815897e-12,3.69819294331356e-11,2.7208628011902e-12,1.60083175764134e-10,3.49389063910119e-11,-4.58085381669735e-11,1.35177451305415e-11,1.07147758695026e-12,9.27121503011942e-11,-1.36318849015224e-10,1.42446217142217e-10,4.54334688394633e-11,4.0984724103191e-11,1.0972718419294e-10,-1.43568349871446e-10,-6.8686403356559e-11,6.36333463210922e-11,-5.41841606915142e-11,3.41239430092192e-11,1.11054635679876e-10,-5.73867566987323e-12,-1.89694001712938e-10,-7.81759077433303e-11,1.14856134442204e-10,8.10701960259402e-11,-4.86829991589896e-11,-1.43009303211558e-11,2.60346825887551e-11,2.73338874834882e-11,7.61611115846832e-11,6.88058254681461e-11,-1.47388930813117e-10,-1.95644508581173e-10,2.25390424112967e-11,-5.24299730979614e-11,1.12286373574739e-10,-1.24392069818639e-10,1.21143168617051e-10,-1.81343082279656e-10,1.39196661011771e-10,5.96650813772861e-11,-3.83727876045109e-11,6.34302307983372e-11,6.98294314887072e-11,6.90810643529991e-11,-9.99698931128474e-11,-6.58132512805944e-11,-8.84744510769631e-11,1.38534594978827e-10,-9.83903358375133e-11,9.13053042286154e-11,1.59735083731248e-10,1.45101649431965e-10,4.5231820086351e-11,-1.32522092468998e-10,1.78878606026052e-10,1.06198263548805e-10,1.79423284429713e-10,-6.18077006870467e-11,4.98131665693058e-13,2.53840618425686e-11,-9.87082196429462e-11,-7.67614146226843e-11,-7.46532652151669e-11,-1.24073383235845e-10,-1.19610892496372e-10,-1.08422953155912e-11,1.97923081642131e-11,-2.15414386588178e-11,-2.65472259732398e-11,-1.09124367612759e-13,2.0084914601876e-10,2.3323379204168e-10,1.2447547231551e-11,4.50301228810844e-11,1.67881879463032e-10,-2.40359115914808e-11,-1.68358442549775e-12,4.74720519749098e-11,-6.8948845381331e-11,6.11250134133011e-11,1.96741629064759e-10,-5.41892314863162e-11,-2.6867563971504e-11,-5.87375494619777e-11,1.45103068806184e-10,-1.67391013122647e-10,-1.37072324758857e-10,6.58873802229763e-11,-4.74364845410528e-11,2.38871429400357e-11,6.94175527096224e-11,1.38874297472993e-10,1.96676030279004e-10,-8.83825755471811e-11,-6.22167576890189e-11,-1.38158595914814e-10,-7.28787123147949e-11,1.34068006948529e-10,-3.07120770479791e-11,-4.91853494288146e-11,9.64340406303459e-11,4.97287686492511e-11,9.62193466828344e-11,1.05042678498956e-10,1.81233087942099e-10,1.29645504156928e-10,1.01601023656506e-11,-7.44517645611186e-11,7.39458824163412e-12,-1.11940625631455e-10,-1.32849627170033e-10,-1.41655659290057e-10,1.4327074724467e-10,-6.85655808939956e-11,4.03601838981304e-11,4.45692258179117e-11,5.97220357807119e-11,-8.42771027845071e-11,4.96922035883003e-12,-5.49216505979668e-11,2.50890792986474e-11,7.08129929372908e-11,3.02536596886836e-11,-4.45357720370257e-11,-2.57595067099841e-11,5.55081781006347e-11,1.7486367787794e-11,-5.97421579621601e-11,-1.08588004125257e-10,-2.49092370664391e-11,1.41791521742077e-10,5.70403720631605e-11,7.67658265936765e-12,-1.66059686321402e-11,5.0490012882089e-11,2.6914416287067e-10,-3.51101756441038e-11,-8.3077203095611e-11,7.20857635942067e-11,2.80052853619294e-11,3.00047431118219e-10,-8.64701906421891e-11,1.87760167100447e-10,-7.05472237487475e-11,7.34984259988962e-11,-1.43443940937348e-10,5.36805568753952e-11,1.10982815301573e-10,-7.61075228335615e-11,4.85741272886869e-11,1.54078621217301e-10,1.3090993725056e-11,-8.38571834023148e-12,-1.01185879414898e-10,1.42764238663436e-10,1.2646409497738e-10,2.27868652287555e-12,-1.67036115728294e-11,8.56516367924611e-11,1.46059087981173e-10,1.31309575585318e-10,1.42979943422071e-10,-1.43793389337693e-10,1.50037250436934e-10,4.46801074530371e-11,1.03622813080836e-10,6.88600463969015e-11,8.93690378243616e-13,-1.48507522782131e-10,2.99256186744065e-11,-6.25173688656659e-12,-4.29145792199465e-11,-4.0259592238231e-11,-1.52034859738567e-10,1.59038838786553e-11,-2.67120929394432e-12,-9.71502050365957e-11,-1.40159008464285e-10,1.08859477517665e-10,-2.92291528366157e-11,-1.35465176784167e-10,7.53241960261424e-12,-5.19540019392833e-11,8.52998663683209e-11,8.25475184808421e-12,-6.88342143373183e-12,-2.06642827433302e-10,1.83618534577337e-10,-1.78733328418353e-11,-1.52942361539804e-10,-8.37868444192027e-11,1.3241585242362e-10,-4.7339986879535e-11,-3.67783737739143e-11,9.7665358204557e-12,3.12183497923288e-11,-4.46801787102118e-11,1.04558564260825e-10,1.48383298126898e-10,1.31102265631107e-10,4.1083377934292e-11,6.96051232646306e-11,-8.25346398989938e-11,4.97444152312194e-11,1.32011001598288e-10,7.05205713931492e-11,1.64379779501321e-10,3.48809097559667e-11,2.48554598777974e-11,5.03103739884527e-11,5.76827834224331e-11,4.66705020879486e-11,-3.62252792350478e-10,4.12687499275716e-11,-1.23945018368566e-10,-8.73562743100007e-11,-5.26014220171715e-11,1.7564274882701e-10,9.68671352295357e-11,1.35270274062067e-10,-6.01115965439337e-13,-8.46803624149935e-11,7.49210198574697e-11,-5.0664588279994e-11,-1.41054874992927e-10,-9.48193324601886e-11,-6.74861331335827e-11,-6.2521513565497e-11,9.87185123551314e-11,5.51040500691053e-11,-4.58242369454495e-11,2.25955369422799e-11,6.91992236413833e-11,2.50663609691411e-11,1.71495644512714e-11,-2.16134382702474e-10,5.17310331860024e-11,-1.12277231474812e-10,5.20114964957658e-11,5.06273903297454e-11,-1.85059411514512e-11,4.96195598754611e-11,1.59234319438901e-10,-1.4470899554391e-11,7.45419973958427e-11,1.69972080422386e-10,7.55506126242258e-11,2.19102371801093e-11,-9.1166648730407e-11,5.07442040264485e-12,2.58246162361577e-11,2.02562425246281e-10,-9.53575107215294e-11,1.37091752833284e-10,2.93673749600128e-11,1.3877162750159e-10,3.14308400834042e-11,-1.37526034053863e-10,1.07574089562787e-10,-4.04950497237025e-11,1.23209159541918e-10,9.45568364450183e-11,5.93840028038186e-11,2.8238830435063e-11,-1.68417636274715e-11,-2.39140284263019e-10,-1.36023247802545e-10,2.89980639282257e-11,-2.85714872525872e-11,6.54892073541671e-11,-3.52080715040004e-11,-8.95111821114384e-12,-1.37000093440301e-11,-4.91921123157528e-11,2.74316613285355e-11,-6.90383740248511e-11,-7.9364686906991e-12,-6.03040674657117e-11,-1.41017328678913e-10,4.98983146356734e-11,3.2313313409426e-11,-3.45355513502872e-11,-4.18131059972203e-11,2.0992666842139e-10,7.92085986508367e-11,-1.70913594018106e-10,2.03766178329796e-10,7.32587800342624e-11,-1.4032826105614e-10,1.06782192551223e-10,3.67034031260067e-11,9.01357129528891e-11,2.17278409043423e-11,4.25532961999175e-11,1.9125232210618e-12,-3.69868939160642e-12,-1.26518877608274e-10,3.74828661940072e-11,-1.69780717344448e-10,-1.5906151611012e-12,-1.95619224357321e-10,-8.10399961398726e-11,1.22834061097731e-10,6.34953043674555e-11,1.71747096134541e-11,1.68091823506595e-10,7.19641832182634e-11,-1.60977998520564e-11,2.26271852141789e-11,1.60818101715913e-10,-3.72160793017733e-11,-8.38257087487555e-12,1.25613062058262e-11,5.63475508932855e-11,-4.82045710198133e-11,-2.85205619824134e-11,-1.53869824299451e-10,8.94493214286102e-12,5.34271896271091e-11,-1.46989754684592e-11,5.69600635366751e-12,-1.31179406806621e-10,-5.78851626015046e-12,-7.78343960112921e-11,4.88103305010951e-11,2.84841405879612e-11,3.2407759729468e-11,3.39779177453987e-11,3.21446703908552e-11,-7.50456301330668e-11,-4.90695576083819e-11,1.99090941776113e-10,8.66722138407978e-11,-6.56769173852968e-11,1.0250567936711e-10,6.6284979675871e-11,-8.96743996361483e-11,3.5467336388516e-11,-2.2197033827263e-11,8.68006192986252e-11,2.07577574695693e-11,-2.81159465151811e-11,-2.9140270316113e-11,-6.06088926040606e-11,7.49775546382773e-11,-6.2697467901995e-11,-1.12245704339877e-10,-5.57746004096274e-11,8.43055512085631e-12,-1.83835280995191e-11,-5.52055630556948e-11,1.06148428513098e-11,6.97730653032861e-11,2.41064724371323e-11,6.87354118991864e-11,-1.03149716670171e-10,-1.59912986965446e-10,-1.65539141104586e-10,1.53734556221161e-11,1.55912009268873e-10,8.22219253720851e-11,-6.70771330920285e-11,7.80723847174489e-11,-7.80839945980213e-12,3.17650402602457e-11,1.29920700388527e-10,1.68593905640824e-10,6.64845765443019e-11,9.54898442519876e-11,-3.16785145507528e-11,7.61464444945736e-12,4.15940288989084e-12,1.20888962387301e-10,-7.91732249230618e-11,-2.92387536893387e-10,1.05964901445595e-10,2.88434714408098e-11,3.45689746576663e-11,-1.15124555142375e-10,-5.31343253290706e-11,-3.41199769355218e-11,-1.28049098572603e-10,-1.28694013769157e-10,-7.17802261551166e-11,6.75344947422789e-11,-7.42414276468553e-11,-2.14087132080091e-12,-7.69276654808765e-11,2.02687351290174e-10,-1.51955220755479e-11,-1.69084141572839e-10,-5.88711724889737e-11,-8.80438490599883e-11,-5.94367692729533e-11,-8.23828954323919e-11,3.72991279578976e-11,-2.88553375739925e-12,-2.18513882960324e-11,8.80472569607158e-11,-5.99435196314061e-11,-1.28414349749207e-10,6.91023914122717e-11,2.05704833158864e-10,6.49329088860948e-11,1.36832059368151e-10,-1.04486473170321e-10,-1.45132369045624e-10,9.20190468133731e-11,-1.31826536314531e-10,1.31208147136139e-11,-1.0147838241212e-10,4.20782327866613e-12,1.06059644558733e-10,-2.358218680695e-10,-3.28978949367055e-11,-1.63609716004573e-10,-1.68778005896683e-10,1.75647813996163e-11,-6.58686024475088e-11,1.51803978026221e-10,-9.68743883043534e-11,-1.37399485476859e-12,3.14098860139986e-11,4.9563834795418e-11,-1.45650985453055e-10,-9.43399891545519e-11,-9.22158754392204e-11,-1.49053164520777e-10,-1.30994975938335e-10,2.86222585385403e-11,3.52862543840874e-11,1.44866189770236e-12,-1.52330974703922e-10,-9.58322922477088e-11,1.5632877027028e-11,-1.86812761454563e-11,5.67267490831666e-11,-3.56414389497027e-12,2.02414694464614e-10,-2.27786350909005e-11,2.1305474257232e-11,4.16619908317242e-11,-4.49855640643587e-11,2.01769292694253e-11,-1.63155293392332e-10,1.82552136157968e-10,-8.75579091253389e-11,7.17302451816398e-11,1.84525450422525e-10,-1.01074350122208e-10,5.32347954815218e-11,-2.51869465351121e-11,-5.80773938065824e-11,-5.69632603102927e-11,3.91346424441064e-11,2.33270086008234e-10,4.22778819833235e-11,1.40746335619685e-10,3.61944464406256e-11,-4.69813430013151e-11,8.61401765643652e-11,4.3749199235201e-11,-1.08226649856649e-10,6.51978723990008e-11,4.68019856361192e-11,9.73089609037964e-12,-5.22087402019219e-11,8.43531523801345e-11,-1.03289703464518e-10,7.33409616078522e-11,-1.52939205087909e-10,-4.04570167173126e-11,-2.8807057028789e-11,8.507905267897e-11,4.8936012142031e-11,-2.4445115435862e-11,2.82355048845194e-11,-3.67006108980836e-11,-3.94895620133185e-11,3.81865854832511e-11,3.10784929987095e-11,5.42762460949854e-11,5.43026806636921e-11,1.71958203509544e-10,6.24150110026821e-11,-4.40501468423773e-11,4.90866218568458e-11,9.69377661554685e-11,-1.21209472216892e-10,1.62168781536428e-10,2.87763468118415e-11,-1.20037765327749e-10,1.24462524982038e-10,1.77852404684788e-10,1.11840034308447e-11,2.56893826188356e-12,-4.09051001787248e-11,1.65384770473042e-10,1.83325241548792e-10,-6.85393391320547e-11,2.47544858382863e-11,1.06577002420314e-10,-1.28685522188504e-10,-1.26583513547196e-10,-1.8697930791634e-11,-3.63466602369031e-11,3.44641840345513e-11,2.39858212630821e-11,-4.68745155594871e-11,-4.10034350122009e-11,2.83651887489098e-11,1.32427777121547e-11,-8.74757342833264e-11,-1.8521542660646e-10,3.56282957269732e-11,9.19254492738056e-11,-1.5724749649753e-10,9.52085825764798e-11,2.24671285141727e-10,-2.12580477853357e-12,-5.55877743740811e-11,-3.95506864940177e-11,9.41086893764637e-11,1.700818834884e-11,-3.9927209300018e-11,-4.93662486979778e-12,1.46383117849432e-11,-7.18766505837984e-11,1.40972730730834e-10,1.03826922111217e-10,-1.26814028446691e-10,2.04281273917435e-11,-8.01063333336667e-12,-3.39249891443901e-11,-6.18167761025454e-11,-6.00786115311043e-11,-1.00553184831039e-10,1.6231335075042e-10,9.85227835792724e-12,4.34914160250538e-11,8.32583443027353e-11,-2.95356687498371e-10,2.97262279678259e-11,-1.07963321770416e-10,-5.39553870513467e-11,1.13305898264259e-10,-1.01314226660516e-10,7.1705570375024e-11,1.81856088831287e-11,6.6462304642542e-11,9.02550886044173e-11,-4.35423349757293e-11,-8.34379883365556e-12,-8.54756992965576e-11,7.25073028535048e-11,-1.82111536142193e-10,4.95560826998938e-11,-4.76574099547233e-11,1.03317500021232e-10,-1.11702940113763e-10,2.32813191178809e-11,-1.94698473043185e-11,3.42491666933398e-11,2.08659019236228e-10,-3.09157798169227e-10,8.27666504488005e-11,7.94537153598401e-11,4.00453242679618e-11,2.06493512040571e-10,-2.37673018291259e-11,-1.65686341823493e-11,7.17543171474333e-11,9.73022454288118e-11,2.33616732327884e-10,-2.03500935791873e-11,1.76774270027713e-11,-3.06142552234171e-11,1.02434750202709e-10,-1.05410426238236e-10,-1.22600278381658e-11,-1.85580817304103e-11,2.52768797016434e-10,-1.96686793473516e-10,-8.01173454678054e-11,-5.31843547791765e-11,2.06946110350679e-12,1.02690749956413e-10,1.70000780481571e-10,-1.18525125248621e-10,2.01980546322991e-10,3.5211601938863e-11,1.45518617964238e-10,-8.00082021430736e-11,-5.20261764520791e-11,9.23222047100312e-11,-4.06049113203868e-11,3.35132090008799e-11,-2.3379585664582e-11,4.00581081538186e-11,8.13365146907314e-11,-3.49541269682546e-11,1.43530289376205e-10,-7.88028623873855e-11,-5.87784741938259e-11,-1.39588449189612e-10,-2.9263013159844e-11,5.00589370311417e-11,-4.93272609336935e-12,-1.44455523710579e-10,1.58956732461296e-10,8.76089691652993e-11,-2.46470678334958e-11,-2.09084548136802e-12,-9.33517096819531e-12,-6.69476440668753e-11,1.20167757787008e-10,2.38902748824726e-10,5.77987291342654e-11,8.56234226024473e-11,-4.44365974283116e-11,-1.23507230021496e-11,-1.40873147915518e-10,-1.28302261562602e-10,-5.83105220162209e-11,4.12960874798081e-11,-1.80892722864987e-10,-4.62023101359304e-11,6.43672942149803e-12,5.43373779192245e-11,1.01071113022063e-10,-7.07798732693939e-11,4.86761011583947e-11,8.93332055578186e-11,6.0767174105291e-11,-2.12510977159508e-10,-5.30133508585688e-11,-1.46273518781177e-10,3.10375630418186e-11,-7.40443523981918e-11,-5.67792048045155e-12,6.98272984607558e-11,-8.48466743301517e-11,2.93006899223146e-11,7.3998636162487e-11,-6.49665228520916e-11,-4.89247430978156e-11,-2.19933506988419e-11,1.75550845144457e-10,-2.72272601211031e-11,-1.28370504272158e-10,-4.55026194510807e-12,-1.33699358275072e-10,1.26673286806472e-10,1.56091919777439e-10,-9.92193691722909e-12,1.05514385087669e-10,1.73233395631781e-11,-2.70899790798766e-11,-3.34077498429942e-13,-3.30443037832395e-11,-1.29052177096793e-10,-1.15149023520697e-10,5.47382660695884e-11,-4.0913072162148e-11,1.32217262571386e-10,-9.47723309542141e-11,9.40798621426649e-11,2.13652900227714e-11,4.71126820461737e-11,-1.26815452093482e-11,-8.36828014744331e-11,9.39817634110641e-11,-7.95623923706225e-11,2.12079208177878e-10,7.11642265559217e-11,6.22849307768715e-11,-7.39073550533409e-11,4.09141233749376e-11,6.23610632417745e-11,5.16639613525963e-11,1.02603898634413e-10,-5.49389322556997e-12,-2.59776662820222e-11,1.3298952022954e-10,6.47535123032537e-11,7.35710732233625e-11,1.19139705569094e-10,-3.10409553039378e-11,-4.46383000280707e-11,6.87554206776907e-11,-1.03836125684033e-10,-6.49639352490072e-11,4.51460875313734e-12,5.26048685162808e-11,8.7082747590944e-11,-9.42565613873964e-11,-1.02150781983124e-10,6.80298356959249e-13,-7.35986862156927e-12,-6.49385175997926e-11,-8.8806641624451e-11,2.22232074494493e-11,1.53894789198978e-11,2.01942107510016e-11,2.53548921597228e-11,2.01707950742582e-10,-1.40965865397414e-10,5.11904723454793e-11,-6.9406741437933e-11,9.14287352030846e-11,-2.17934072010034e-10,8.30320196991493e-11,-1.79107428267563e-10,1.37102712326919e-10,1.57389207848618e-10,6.20202370431743e-11,-1.29180938618581e-10,1.7201154081179e-10,-6.83060579634128e-11,-1.28628181031697e-11,-1.06293566265618e-10,6.37266431674889e-11,9.26802411485805e-11,-9.37680929528153e-11,-6.7892981284946e-11,-5.42308164072547e-12,-4.02890361338902e-11,1.70525190041683e-10,-1.31636904554908e-10,4.87058146812831e-11,7.85725484767402e-11,-3.8926810042492e-12,4.11728822663005e-11,1.1562882879583e-10,8.52693718038484e-11,1.33286363385961e-10,-8.62058667206889e-11,2.18243152838373e-10,-4.172870284983e-11,4.77326615180672e-11,-4.37174335389167e-11,4.23600558769569e-11,-8.11324731849023e-11,1.59616376791977e-10,-5.0597656032537e-11,2.3525297373182e-11,1.17392609002933e-10,2.08729407868978e-10,-7.78166272981271e-11,1.21364083121211e-10,-6.66857004224863e-11,6.32603976864172e-11,-2.39644293237665e-11,-1.05711201144335e-10,-1.23208098029087e-10,-4.44422625549108e-11,-9.43930011950553e-11,5.48137858998368e-11,-3.7942656993165e-11,2.17746126954249e-10,-8.68485506129173e-12,-1.24087369119434e-10,1.134468900251e-10,-1.45920566371565e-11,-6.27376417476041e-11,-9.69974423787396e-11,-6.36786688288693e-11,-1.07180653570534e-10,-1.01568570850107e-11,5.13662074873934e-11,6.52269480758042e-11,9.38405756042253e-12,-6.19887366221281e-11,-3.69259051018616e-11,9.57644021263505e-11,1.14504966604598e-10,-1.56120159063265e-10,6.74427531606194e-12,-3.33000384413222e-11,-1.1019045685787e-10,-9.33987052230377e-12,5.31224658043514e-11,4.06981262847434e-11,6.45416430979999e-11,-1.38035308558255e-10,1.16800037963777e-10,9.44359042705481e-11,-8.41586475799481e-11,1.99735363509748e-10,1.40443491836966e-10,-4.32767502064494e-11,-8.64005553070135e-11,4.71203018408065e-11,-1.30888724534295e-10,-6.24787143609901e-11,3.92454534946839e-11,3.76601776397673e-11,1.09424773054314e-10,1.10262423389899e-10,1.45574750710453e-10,-1.74109760604905e-11,5.07144280067318e-11,-1.33297329138871e-11,1.26213811580462e-11,2.59060434594041e-11,-2.40835511886717e-11,-1.95037916276517e-10,4.50473398534859e-11,9.89564499074528e-11,4.87366130128662e-11,6.4693942007745e-11,-1.15423614730024e-10,9.27453578718098e-11,1.09437424643222e-12,-7.22431482100158e-11,6.08632455556544e-11,-8.29146350683509e-11,3.72752394161774e-11,-1.63571109453078e-10,-2.09165406135735e-10,1.06871719046235e-10,-6.46384140127681e-11,8.57593827453269e-11,2.11668901135273e-10,1.23305904134298e-10,-1.344985559367e-10,-8.97518337884434e-11,1.8327137575356e-11,6.60017618209133e-11,-1.2434939088506e-11,-5.63144104885691e-11,6.13244374487949e-11,4.14487881292205e-11,-2.10505660724832e-10,6.05529493445017e-11,-1.2827250675341e-10,8.70553762919266e-11,3.73034274228876e-11,-9.95749715516764e-11,1.9574645416659e-10,7.28920371962781e-11,1.05638911796043e-10,1.08768030549843e-10,-1.82451961627512e-10,1.3895787422344e-10,-7.96666292630872e-11,-1.41271130132053e-10,-1.76003064305791e-11,-5.10107581815498e-11,-8.90330785351321e-11,-1.71499258684364e-10,-5.3339761707884e-11,9.39836403056169e-11,3.83228957487274e-12,-2.58107686469684e-11,-1.20170504035134e-11,1.96250568062988e-10,1.77404335070418e-10,-2.47088908017016e-11,7.20017397381709e-11,-1.44210816551235e-10,2.37417330420675e-11,3.6385523582249e-11,9.25778489788827e-11,1.26852898255047e-10,-5.45633831335016e-11,-1.20076294255209e-10,-5.71139521217774e-11,5.25491245513282e-11,-8.35739857517155e-12,2.48661230114982e-11,-1.54229702638597e-10,5.4613804557996e-11,-8.9961495325548e-11,1.42321441836385e-10,-7.6383818324932e-11,9.11986800051095e-11,-6.02962043991495e-11,3.80933792650786e-11,3.02354643166523e-11,-1.44934569050406e-10,1.13886193021409e-11,5.87432843867045e-12,-1.12917496109233e-10,2.19602581147089e-11,-6.85637091283759e-11,-1.03398734305321e-11,1.69469689763283e-11,-1.54175562411123e-10,1.62181589809246e-10,-5.03635943803983e-11,-4.01185439358442e-11,-5.12427383089178e-11,-1.26294244928408e-11,1.78833119915447e-10,-5.05457564900395e-11,1.31306166148513e-10,8.96350539417685e-11,9.9142030138367e-11,8.47765709790971e-13,-3.44113918925687e-11,-1.06328469967351e-11,-1.27560732171063e-10,-2.1723392585174e-11,-3.11478887124668e-11,-1.62755721200324e-10,2.40593477893242e-11,1.20927365878022e-10,-2.12558554156784e-11,-6.98698242670613e-11,-6.61637657790063e-11,1.6490494043977e-10,2.42457319907883e-10,-8.23972339879059e-11,-1.96579090754196e-10,1.37895394643406e-10,1.2070455429699e-10,-4.29838843672199e-11,1.21699432897866e-10,-2.70622000457379e-11,5.67871780160748e-11,-2.71081998090572e-11,2.0211858632826e-10,-9.95508243752531e-11,1.09053217967647e-10,9.83114640195316e-11,3.02747760126946e-11,4.65965272004057e-11,4.58269130180714e-11,4.05532646485919e-11,-3.14989366381984e-11,4.42775472031134e-11,-1.35250848961836e-10,3.4948879773668e-11,1.38028294742275e-10,-7.36341588935896e-11,1.054189867286e-10,-5.49259470416934e-11,1.45725094018397e-10,-3.53469381826044e-11,9.61042310332287e-12,6.07133957151442e-11,9.95827010738207e-11,5.59463504951935e-11,-7.10866450876142e-12,-1.39340407419187e-10,-4.05735120159898e-11,-8.9280293169007e-11,-2.7075111810396e-11,1.05433936780783e-11,-1.8068387715831e-10,1.99470388641339e-10,-9.23258658314774e-11,-9.0420224583851e-11,1.75605554820029e-12,1.20787928260101e-10,-1.84676302566662e-10,2.93516426696136e-11,-1.29053337048116e-10,-1.66282839650221e-10,1.88507849235323e-11,4.20499746980727e-11,-2.33549416207392e-11,-1.15903175297116e-10,-5.23941366999259e-11,2.3772924420877e-11,-4.53475888969842e-11,-1.58174868857237e-10,-2.63007254503379e-11,-2.94635724617875e-10,-2.39827491822068e-10,-4.56901167259022e-10,-4.64168240758226e-10,-5.73040192618206e-10,-6.23785649783544e-10,-7.24995428919846e-10,-6.59384081367059e-10,-6.4262154247163e-10,-8.74433677278161e-10,-1.01407439610545e-09,-9.1734714998752e-10,-1.13851784705559e-09,-1.37632278846482e-09,-1.33217305681321e-09,-1.30244417352459e-09,-1.46441558149524e-09,-1.40586647331797e-09,-1.57744198320774e-09,-1.76348221251787e-09,-1.73506681866103e-09,-1.76216920590716e-09,-1.84416782196663e-09,-1.97133289435547e-09,-2.00161030742428e-09,-2.13819122914796e-09,-2.33351587489155e-09,-2.15113144705211e-09,-2.27345611571638e-09,-2.44252126086421e-09,-2.59273885934549e-09,-2.6906144641214e-09,-2.58937479774841e-09,-2.66227178933662e-09,-2.74821198711616e-09,-2.96736573175383e-09,-2.87890173904387e-09,-3.10701530694075e-09,-3.09167256559962e-09,-3.26832094411719e-09,-3.17107604749796e-09,-3.49600239199044e-09,-3.52706861960365e-09,-3.70187483903271e-09,-3.80401768860663e-09,-3.75785957214157e-09,-3.96902438810623e-09,-3.80076356484936e-09,-4.11671246403519e-09,-4.08706601621888e-09,-4.25006448743412e-09,-4.34916136868e-09,-4.50176510626574e-09,-4.45946759926098e-09,-4.8049097855226e-09,-4.84087053445229e-09,-4.89285987335742e-09,-4.95817847754831e-09,-5.13105086409779e-09,-5.15807556327896e-09,-5.14967890444014e-09,-5.38504226162055e-09,-5.51449254494249e-09,-5.67547297617374e-09,-5.64667747960188e-09,-5.86191357261747e-09,-5.81897644827289e-09,-6.07878930159358e-09,-6.29525243087504e-09,-6.1145278107132e-09,-6.43013847833893e-09,-6.52920785529025e-09,-6.74666587966127e-09,-6.68216493962456e-09,-6.90027531607656e-09,-6.93507762710883e-09,-7.04120831863587e-09,-6.91474736480951e-09,-7.38399106131171e-09,-7.56647288439422e-09,-7.59564867601019e-09,-7.68053909078404e-09,-7.86084266812386e-09,-7.81882397458472e-09,-8.06806840174211e-09,-8.02091975496499e-09,-8.30771607931255e-09,-8.4745832097777e-09,-8.32390833826438e-09,-8.71359463890631e-09,-8.81924428699701e-09,-8.98214609932802e-09,-9.00956065794326e-09,-9.41340960003019e-09,-9.58695407056385e-09,-9.66935297957453e-09,-9.7300854641888e-09,-9.8272451088412e-09,-1.01908867380486e-08,-1.00584403414589e-08,-1.03662765905495e-08,-1.04034946057669e-08,-1.04827239414923e-08,-1.09117578380596e-08,-1.0986490814216e-08,-1.10649604841595e-08,-1.12350799926083e-08,-1.14271361315377e-08,-1.16387578261341e-08,-1.15308563144272e-08,-1.18355327975698e-08,-1.18928836110778e-08,-1.22662332950418e-08,-1.22353221348746e-08,-1.26333711369116e-08,-1.27027616805596e-08,-1.26934240592081e-08,-1.28927496586046e-08,-1.32300716745445e-08,-1.32091414039943e-08,-1.35024181962452e-08,-1.37069651759098e-08,-1.39092487114219e-08,-1.4172565292466e-08,-1.42153555742907e-08,-1.44415191321461e-08,-1.45951322571715e-08,-1.47857970058945e-08,-1.51458944640837e-08,-1.51643956254244e-08,-1.52597967368217e-08,-1.54339895163557e-08,-1.56750242149552e-08,-1.59622891430188e-08,-1.61787933655978e-08,-1.63681986224052e-08,-1.64377900119924e-08,-1.66814615595171e-08,-1.6791001570775e-08,-1.7039860570796e-08,-1.70926305890771e-08,-1.73762698840574e-08,-1.75759509774098e-08,-1.77603887441882e-08,-1.78843286503186e-08,-1.81322391582917e-08,-1.84368730042006e-08,-1.84594604308003e-08,-1.8533969127434e-08,-1.88464851214014e-08,-1.91786336078377e-08,-1.92697561205762e-08,-1.96087698063234e-08,-1.94147266103071e-08,-1.95427790436448e-08,-1.96250278361966e-08,-1.98335732990231e-08,-1.99225507447138e-08,-2.02132506939796e-08,-2.01170474987211e-08,-2.00561935706706e-08,-2.00708574151199e-08,-2.01541612206025e-08,-2.01666593862403e-08,-2.03749843001778e-08,-1.98287849717374e-08,-2.01665702871584e-08,-2.00001767021888e-08,-1.97086664346818e-08,-1.95977568511125e-08,-1.92891113589337e-08,-1.90835129226858e-08,-1.83917907438996e-08,-1.78802704428715e-08,-1.7103570944144e-08,-1.65066569832166e-08,-1.55177271736297e-08,-1.44038404156824e-08,-1.30754887057427e-08,-1.13115728608523e-08,-9.51254422259507e-09,-7.23625031208313e-09,-4.52083758550346e-09,-1.08180656699453e-09,2.70752695388969e-09,7.66173161185804e-09,1.32262490260626e-08,2.02684228055028e-08,2.90314088361967e-08,3.95438418621928e-08,5.24208669600259e-08,6.87041245853202e-08,8.90829121321304e-08
