v,0.25
Patm,100000
g,9.81
r,500
G,10^9.5
rho,2700
mu,10^2.69
rc,14
 
M,10^5.21
sigma,0.5
 
tilt_erupt,43.2815nrad
 
-1419,-1418,-1417,-1416,-1415,-1414,-1413,-1412,-1411,-1410,-1409,-1408,-1407,-1406,-1405,-1404,-1403,-1402,-1401,-1400,-1399,-1398,-1397,-1396,-1395,-1394,-1393,-1392,-1391,-1390,-1389,-1388,-1387,-1386,-1385,-1384,-1383,-1382,-1381,-1380,-1379,-1378,-1377,-1376,-1375,-1374,-1373,-1372,-1371,-1370,-1369,-1368,-1367,-1366,-1365,-1364,-1363,-1362,-1361,-1360,-1359,-1358,-1357,-1356,-1355,-1354,-1353,-1352,-1351,-1350,-1349,-1348,-1347,-1346,-1345,-1344,-1343,-1342,-1341,-1340,-1339,-1338,-1337,-1336,-1335,-1334,-1333,-1332,-1331,-1330,-1329,-1328,-1327,-1326,-1325,-1324,-1323,-1322,-1321,-1320,-1319,-1318,-1317,-1316,-1315,-1314,-1313,-1312,-1311,-1310,-1309,-1308,-1307,-1306,-1305,-1304,-1303,-1302,-1301,-1300,-1299,-1298,-1297,-1296,-1295,-1294,-1293,-1292,-1291,-1290,-1289,-1288,-1287,-1286,-1285,-1284,-1283,-1282,-1281,-1280,-1279,-1278,-1277,-1276,-1275,-1274,-1273,-1272,-1271,-1270,-1269,-1268,-1267,-1266,-1265,-1264,-1263,-1262,-1261,-1260,-1259,-1258,-1257,-1256,-1255,-1254,-1253,-1252,-1251,-1250,-1249,-1248,-1247,-1246,-1245,-1244,-1243,-1242,-1241,-1240,-1239,-1238,-1237,-1236,-1235,-1234,-1233,-1232,-1231,-1230,-1229,-1228,-1227,-1226,-1225,-1224,-1223,-1222,-1221,-1220,-1219,-1218,-1217,-1216,-1215,-1214,-1213,-1212,-1211,-1210,-1209,-1208,-1207,-1206,-1205,-1204,-1203,-1202,-1201,-1200,-1199,-1198,-1197,-1196,-1195,-1194,-1193,-1192,-1191,-1190,-1189,-1188,-1187,-1186,-1185,-1184,-1183,-1182,-1181,-1180,-1179,-1178,-1177,-1176,-1175,-1174,-1173,-1172,-1171,-1170,-1169,-1168,-1167,-1166,-1165,-1164,-1163,-1162,-1161,-1160,-1159,-1158,-1157,-1156,-1155,-1154,-1153,-1152,-1151,-1150,-1149,-1148,-1147,-1146,-1145,-1144,-1143,-1142,-1141,-1140,-1139,-1138,-1137,-1136,-1135,-1134,-1133,-1132,-1131,-1130,-1129,-1128,-1127,-1126,-1125,-1124,-1123,-1122,-1121,-1120,-1119,-1118,-1117,-1116,-1115,-1114,-1113,-1112,-1111,-1110,-1109,-1108,-1107,-1106,-1105,-1104,-1103,-1102,-1101,-1100,-1099,-1098,-1097,-1096,-1095,-1094,-1093,-1092,-1091,-1090,-1089,-1088,-1087,-1086,-1085,-1084,-1083,-1082,-1081,-1080,-1079,-1078,-1077,-1076,-1075,-1074,-1073,-1072,-1071,-1070,-1069,-1068,-1067,-1066,-1065,-1064,-1063,-1062,-1061,-1060,-1059,-1058,-1057,-1056,-1055,-1054,-1053,-1052,-1051,-1050,-1049,-1048,-1047,-1046,-1045,-1044,-1043,-1042,-1041,-1040,-1039,-1038,-1037,-1036,-1035,-1034,-1033,-1032,-1031,-1030,-1029,-1028,-1027,-1026,-1025,-1024,-1023,-1022,-1021,-1020,-1019,-1018,-1017,-1016,-1015,-1014,-1013,-1012,-1011,-1010,-1009,-1008,-1007,-1006,-1005,-1004,-1003,-1002,-1001,-1000,-999,-998,-997,-996,-995,-994,-993,-992,-991,-990,-989,-988,-987,-986,-985,-984,-983,-982,-981,-980,-979,-978,-977,-976,-975,-974,-973,-972,-971,-970,-969,-968,-967,-966,-965,-964,-963,-962,-961,-960,-959,-958,-957,-956,-955,-954,-953,-952,-951,-950,-949,-948,-947,-946,-945,-944,-943,-942,-941,-940,-939,-938,-937,-936,-935,-934,-933,-932,-931,-930,-929,-928,-927,-926,-925,-924,-923,-922,-921,-920,-919,-918,-917,-916,-915,-914,-913,-912,-911,-910,-909,-908,-907,-906,-905,-904,-903,-902,-901,-900,-899,-898,-897,-896,-895,-894,-893,-892,-891,-890,-889,-888,-887,-886,-885,-884,-883,-882,-881,-880,-879,-878,-877,-876,-875,-874,-873,-872,-871,-870,-869,-868,-867,-866,-865,-864,-863,-862,-861,-860,-859,-858,-857,-856,-855,-854,-853,-852,-851,-850,-849,-848,-847,-846,-845,-844,-843,-842,-841,-840,-839,-838,-837,-836,-835,-834,-833,-832,-831,-830,-829,-828,-827,-826,-825,-824,-823,-822,-821,-820,-819,-818,-817,-816,-815,-814,-813,-812,-811,-810,-809,-808,-807,-806,-805,-804,-803,-802,-801,-800,-799,-798,-797,-796,-795,-794,-793,-792,-791,-790,-789,-788,-787,-786,-785,-784,-783,-782,-781,-780,-779,-778,-777,-776,-775,-774,-773,-772,-771,-770,-769,-768,-767,-766,-765,-764,-763,-762,-761,-760,-759,-758,-757,-756,-755,-754,-753,-752,-751,-750,-749,-748,-747,-746,-745,-744,-743,-742,-741,-740,-739,-738,-737,-736,-735,-734,-733,-732,-731,-730,-729,-728,-727,-726,-725,-724,-723,-722,-721,-720,-719,-718,-717,-716,-715,-714,-713,-712,-711,-710,-709,-708,-707,-706,-705,-704,-703,-702,-701,-700,-699,-698,-697,-696,-695,-694,-693,-692,-691,-690,-689,-688,-687,-686,-685,-684,-683,-682,-681,-680,-679,-678,-677,-676,-675,-674,-673,-672,-671,-670,-669,-668,-667,-666,-665,-664,-663,-662,-661,-660,-659,-658,-657,-656,-655,-654,-653,-652,-651,-650,-649,-648,-647,-646,-645,-644,-643,-642,-641,-640,-639,-638,-637,-636,-635,-634,-633,-632,-631,-630,-629,-628,-627,-626,-625,-624,-623,-622,-621,-620,-619,-618,-617,-616,-615,-614,-613,-612,-611,-610,-609,-608,-607,-606,-605,-604,-603,-602,-601,-600,-599,-598,-597,-596,-595,-594,-593,-592,-591,-590,-589,-588,-587,-586,-585,-584,-583,-582,-581,-580,-579,-578,-577,-576,-575,-574,-573,-572,-571,-570,-569,-568,-567,-566,-565,-564,-563,-562,-561,-560,-559,-558,-557,-556,-555,-554,-553,-552,-551,-550,-549,-548,-547,-546,-545,-544,-543,-542,-541,-540,-539,-538,-537,-536,-535,-534,-533,-532,-531,-530,-529,-528,-527,-526,-525,-524,-523,-522,-521,-520,-519,-518,-517,-516,-515,-514,-513,-512,-511,-510,-509,-508,-507,-506,-505,-504,-503,-502,-501,-500,-499,-498,-497,-496,-495,-494,-493,-492,-491,-490,-489,-488,-487,-486,-485,-484,-483,-482,-481,-480,-479,-478,-477,-476,-475,-474,-473,-472,-471,-470,-469,-468,-467,-466,-465,-464,-463,-462,-461,-460,-459,-458,-457,-456,-455,-454,-453,-452,-451,-450,-449,-448,-447,-446,-445,-444,-443,-442,-441,-440,-439,-438,-437,-436,-435,-434,-433,-432,-431,-430,-429,-428,-427,-426,-425,-424,-423,-422,-421,-420,-419,-418,-417,-416,-415,-414,-413,-412,-411,-410,-409,-408,-407,-406,-405,-404,-403,-402,-401,-400,-399,-398,-397,-396,-395,-394,-393,-392,-391,-390,-389,-388,-387,-386,-385,-384,-383,-382,-381,-380,-379,-378,-377,-376,-375,-374,-373,-372,-371,-370,-369,-368,-367,-366,-365,-364,-363,-362,-361,-360,-359,-358,-357,-356,-355,-354,-353,-352,-351,-350,-349,-348,-347,-346,-345,-344,-343,-342,-341,-340,-339,-338,-337,-336,-335,-334,-333,-332,-331,-330,-329,-328,-327,-326,-325,-324,-323,-322,-321,-320,-319,-318,-317,-316,-315,-314,-313,-312,-311,-310,-309,-308,-307,-306,-305,-304,-303,-302,-301,-300,-299,-298,-297,-296,-295,-294,-293,-292,-291,-290,-289,-288,-287,-286,-285,-284,-283,-282,-281,-280,-279,-278,-277,-276,-275,-274,-273,-272,-271,-270,-269,-268,-267,-266,-265,-264,-263,-262,-261,-260,-259,-258,-257,-256,-255,-254,-253,-252,-251,-250,-249,-248,-247,-246,-245,-244,-243,-242,-241,-240,-239,-238,-237,-236,-235,-234,-233,-232,-231,-230,-229,-228,-227,-226,-225,-224,-223,-222,-221,-220,-219,-218,-217,-216,-215,-214,-213,-212,-211,-210,-209,-208,-207,-206,-205,-204,-203,-202,-201,-200,-199,-198,-197,-196,-195,-194,-193,-192,-191,-190,-189,-188,-187,-186,-185,-184,-183,-182,-181,-180,-179,-178,-177,-176,-175,-174,-173,-172,-171,-170,-169,-168,-167,-166,-165,-164,-163,-162,-161,-160,-159,-158,-157,-156,-155,-154,-153,-152,-151,-150,-149,-148,-147,-146,-145,-144,-143,-142,-141,-140,-139,-138,-137,-136,-135,-134,-133,-132,-131,-130,-129,-128,-127,-126,-125,-124,-123,-122,-121,-120,-119,-118,-117,-116,-115,-114,-113,-112,-111,-110,-109,-108,-107,-106,-105,-104,-103,-102,-101,-100,-99,-98,-97,-96,-95,-94,-93,-92,-91,-90,-89,-88,-87,-86,-85,-84,-83,-82,-81,-80,-79,-78,-77,-76,-75,-74,-73,-72,-71,-70,-69,-68,-67,-66,-65,-64,-63,-62,-61,-60,-59,-58,-57,-56,-55,-54,-53,-52,-51,-50,-49,-48,-48,-47,-46,-45,-44,-43,-42,-41,-40,-39,-38,-37,-36,-35,-34,-33,-32,-31,-30,-29,-28,-27,-26,-25,-24,-23,-22,-21,-20,-19,-18,-17,-16,-15,-14,-13,-12,-11,-10,-9,-8,-7,-6,-5,-4,-3,-2,-1,0
-3.40857962352934e-10,-1.29320872276381e-10,1.78043361800055e-10,7.71166342214963e-10,3.82346786216435e-10,1.29690957047289e-10,4.19982504265682e-10,7.12688988294998e-10,-4.4149917024034e-10,1.00980785583671e-09,-1.45243398457797e-09,5.14027673197106e-10,6.57739109128011e-10,8.18953450138229e-10,6.17235373550434e-10,2.44925784529833e-10,-6.13767477870618e-11,-1.17754394159693e-10,-3.48453238906863e-10,7.25447258248967e-10,3.36370184780651e-10,-3.48871196595809e-10,1.40907557605901e-11,-7.58826809545124e-10,4.05665018958703e-10,-2.97958568723531e-10,-6.49616954561899e-10,-4.30573568040524e-10,5.29988460283277e-10,-1.02012010325582e-10,-1.51239717597425e-10,6.47427204419159e-10,2.41402418087711e-10,4.21848282466723e-10,4.71758591232615e-10,-7.07804301466766e-10,-3.65793567800455e-10,2.4410487954335e-10,1.7298163395676e-10,-3.18432376514231e-10,-1.66234204748189e-10,6.63926409082e-10,-2.8724889092695e-10,1.71328167991097e-10,-1.2264415861771e-10,1.20673974893601e-10,7.12012436365689e-10,2.12946329749071e-10,-2.73824491057121e-10,2.45823587318011e-10,-3.74813816390598e-10,4.31317078601322e-10,-3.71404002727815e-10,6.54324724310006e-10,1.25899619098657e-10,1.11950063086109e-10,6.7249979270297e-11,-5.47129513728724e-10,2.18354360791654e-10,1.82986887517648e-10,-8.17113392737835e-11,8.13168801346894e-10,4.1337602837873e-10,6.6000847904565e-11,-6.681016146514e-10,4.05765266006135e-10,-2.76347369603348e-10,-1.47328556087867e-10,-6.59849152658197e-10,-7.90534016631502e-11,6.70488448328025e-10,1.11388820785441e-09,-1.26239710987192e-09,5.26332741931867e-10,-5.18636046360602e-11,1.75841932429679e-10,-6.78842218227965e-10,-3.76707452663954e-10,-5.61211378221157e-10,-4.34592840680348e-10,-1.1022107633526e-09,2.79761272711435e-10,3.11352970591224e-10,-2.00679966576215e-10,-4.5273069058782e-11,-1.15766250461968e-10,1.59901002624263e-10,-3.81346600433812e-11,-3.9643018715598e-10,-3.68251491825338e-10,4.13649519327072e-10,-3.39843419048175e-10,-9.76786933073699e-12,6.13193050363458e-10,3.87990737468204e-10,-1.96574969864212e-10,-3.53176293130742e-10,4.29784417129231e-10,-3.76405471174243e-10,-3.81311312758766e-10,-1.28366652760678e-10,-3.70842523977246e-10,4.33647921631413e-10,1.6496777013399e-10,-3.3325411132078e-10,5.06531879358416e-10,6.00015772771955e-10,-5.53496693007237e-10,4.03825417032585e-10,2.07863152717954e-10,-7.71651521925027e-10,-6.04995376677575e-11,-1.25894744917564e-10,3.03870460309992e-10,1.16937418393548e-10,7.36940278623278e-11,-2.24525070403366e-10,1.21999215993796e-10,-6.67520123660105e-11,2.84052414371285e-10,1.49268387325641e-10,-9.72712739757878e-10,-8.34843632365519e-10,5.43546486004061e-10,3.4133999969437e-10,4.85201771326574e-10,-5.88900662980978e-10,-8.37880937501324e-11,-8.19628760281738e-10,1.20002447635501e-10,5.48977355277996e-10,3.17062856462426e-10,-7.34208753596911e-10,-5.54213220642474e-11,1.19035089185915e-12,7.13564954909618e-10,3.45925630433493e-10,1.96305881539401e-10,5.9050954720182e-10,-3.85099607101286e-10,-9.90382900781752e-10,5.96823623272083e-10,-6.2262505626605e-10,-7.27810330104991e-10,-3.34590384711386e-10,4.70312795636652e-10,3.42655385358699e-10,-4.66304382231953e-10,1.57679035764826e-10,1.74492219377932e-11,6.09193195181339e-10,1.47575090118068e-10,2.55564215568087e-10,1.45533597155238e-10,-1.05745110356071e-10,7.78202725633983e-11,4.3847562241607e-10,-8.69245219134425e-10,-1.36258147483265e-09,-2.32585069145807e-10,3.37704552438984e-10,9.52330121348294e-11,4.36906986586444e-10,-7.8564425663521e-10,4.03003423922104e-10,2.04724913824448e-10,2.30756098746224e-10,9.04548490327254e-11,-3.74131323048709e-10,2.45651260395458e-10,7.34582107103465e-10,3.95315155289259e-10,2.98013659785186e-10,-4.95262737821938e-10,3.42549961387041e-10,5.99857741834069e-10,-8.28034222903574e-10,-1.62386655938245e-10,-3.52045116937721e-10,-9.12991456853356e-11,1.09485105138363e-10,-1.91346884588898e-11,1.31251534480471e-10,-2.16280421396541e-10,-5.98963029569269e-11,3.29400696968739e-10,-1.81590117628951e-11,7.74283167297974e-10,2.93383228610701e-10,-5.39733336652065e-10,-4.45358579714206e-10,5.75909514192032e-10,6.10136303401044e-10,5.96556991533912e-10,4.92878512322492e-10,-5.56091588146399e-11,7.86710771346502e-10,4.36238307268496e-10,5.22064595980991e-11,1.5465373340951e-10,-9.50377811276257e-11,2.15831139144199e-10,1.69260704377533e-10,-2.81297214944616e-10,4.58257404442978e-10,-9.33978684696833e-10,1.36845939388315e-11,-6.50722812769808e-11,-7.30020008167432e-10,-6.71875360386593e-10,-4.82898046917851e-10,1.46311777276771e-12,3.82671424227989e-10,-4.39727233534748e-10,-5.43601638827399e-10,5.44258905158841e-10,-7.01860702137578e-10,-6.04585537507788e-11,-9.31905190420967e-10,3.36353863941688e-10,6.49348390237447e-10,3.74993022743375e-10,4.51651227736738e-10,9.5334251343143e-10,1.22755332460549e-10,5.41557367585282e-10,-2.44115285676812e-10,-2.68923494405359e-10,-4.95770165365014e-10,-1.43772055454294e-10,2.59522406260449e-10,-1.61203116424083e-10,-1.60466449318314e-10,-5.4423440308097e-10,-5.36273726260087e-10,-4.46812285378041e-10,-5.08635956659853e-10,3.75433568875762e-10,1.59931417586229e-10,1.55263668605952e-10,-1.87557172651072e-10,-4.06062173599621e-10,-6.91566992309232e-10,-6.51266207872676e-10,-3.96085631987281e-10,7.79707579800414e-10,1.74028001355908e-10,2.07745633946183e-10,-1.66345972761584e-10,-3.92670366486787e-10,-3.44361417209613e-11,-2.56533168589182e-10,-1.06472032535453e-11,-4.93310194437351e-10,-4.35330306801921e-10,8.59074994040205e-11,-7.20909875106228e-10,1.70344841079306e-10,3.36991154699512e-10,5.24701592669093e-10,-2.46447704765456e-11,4.82730300938533e-10,-5.74609598409706e-10,-2.90027468645039e-10,-3.30701181899351e-10,2.53983326629973e-10,-3.77594525976016e-10,-5.10404717606629e-10,6.63258674276913e-11,-4.79013107064442e-10,6.00267551713581e-10,-1.17177885845679e-09,3.86984420612162e-10,7.43132665675187e-10,3.44219286931629e-10,-2.09882007313899e-10,-4.53971284709213e-11,-4.16990860362641e-10,-2.72668838585842e-10,4.04831316793659e-10,8.13545772125226e-10,-1.57655300467666e-10,1.55020213395504e-10,-7.1292786238296e-10,6.55407129930386e-11,1.80415881340771e-10,1.95457212333998e-10,-1.03625374261144e-09,-1.1000094674858e-09,-8.97571469749416e-11,6.89061605449817e-11,-3.61760254603263e-10,-7.0561456248956e-10,3.34004348935411e-10,-8.63838732979321e-10,1.01592723753233e-09,-4.70424702633245e-10,-4.38993909013729e-10,-4.20379047706586e-10,-1.37872912687485e-10,4.80849434468791e-10,3.37820169179178e-10,1.96371680296951e-10,-2.31019633678842e-10,-5.31371082082351e-10,4.08496332184987e-10,2.94035006267922e-10,-1.54126010016731e-10,3.55045322149723e-10,8.54476299646851e-10,-1.46806609606378e-10,-4.12522854475701e-10,9.45906681311689e-10,2.99857104226352e-10,-7.33252114244647e-10,-6.35333397869293e-11,3.26840942414611e-10,-1.93300448853185e-10,3.94838719120615e-10,1.07542316306385e-09,-2.60801968422443e-10,3.66181832628874e-10,5.25592099814573e-10,3.5854652752774e-11,-4.00306557654779e-10,1.22482034676595e-10,6.47232098653602e-10,1.19987534438068e-10,-2.72636850423153e-10,-7.87275290563951e-11,8.0538427885637e-10,5.9588927241571e-10,-5.70763070529062e-12,1.23404252768585e-10,4.82381076468748e-10,5.28270188936603e-11,1.53692572454009e-10,1.83769947861202e-10,2.21024892474746e-10,-8.52400985767566e-11,-6.53769482564021e-11,-1.02870331847676e-09,9.9467151520924e-10,3.9654749405832e-10,-4.03083422190253e-11,-4.06053806297955e-10,9.53063556079064e-11,-2.3810461855607e-10,3.44832532634021e-10,-5.15825129600499e-11,-6.19460917920249e-10,3.79731081155747e-10,-1.05735597890196e-09,-3.54946798477288e-10,-4.09549932586753e-11,-4.61377600258306e-10,-7.64379492736084e-10,-1.70731649373512e-10,7.48633239893378e-10,-2.48830689296019e-10,-2.53545103243815e-10,4.22579214899532e-10,-3.87036184064926e-11,4.23109108054202e-10,6.13995929134335e-10,5.18609128358497e-10,-4.28172999697292e-11,-4.3715973663258e-11,1.37619957453067e-10,3.74910393467742e-10,1.33690652011598e-10,-1.16162171266304e-09,9.98686138203848e-10,6.74596413761718e-10,2.2658217295643e-10,3.09872876444697e-10,-2.28827999716159e-10,-2.69809401480222e-10,-3.71617617766903e-10,-7.13507355137554e-10,5.49940861560092e-10,-8.70943325278436e-10,-2.68549007585637e-10,4.47696625106205e-10,7.21803067058252e-10,-9.18602560309861e-10,2.48692952807233e-10,-2.23281732309088e-10,2.72636247924385e-10,-1.028735219595e-09,8.38873252428363e-10,1.96049548718805e-10,-7.0415943951111e-10,-3.68153574082714e-11,3.33154320616592e-10,-4.25309624739362e-11,-2.32710234272071e-10,7.01217780027119e-10,-4.57967850336941e-10,3.33473823016045e-10,2.44577119951429e-10,6.90729881566748e-11,7.14557302299177e-10,1.41610478551974e-10,-6.20269310298908e-11,-9.12072009058635e-11,-6.17349821794591e-10,-7.64701776288755e-10,2.6989464460721e-10,-1.55110398526774e-10,3.54266006633811e-10,4.91555201298846e-11,1.62715548615531e-13,-5.35925905632716e-10,6.89171025232942e-11,8.59496050660792e-10,-1.65553596663826e-10,-3.92208973695962e-10,6.32205080072528e-10,8.66394941496415e-10,1.68786561474725e-10,4.90317479800426e-10,8.65384950770498e-10,-1.24797367565405e-10,1.2368838823753e-10,3.82293542634611e-10,-1.04022008551835e-10,-2.53758408335889e-10,8.33463639549871e-10,3.38851622763594e-10,1.37849417830707e-09,2.14249869758894e-11,7.57734524821198e-11,2.49844883676679e-10,-5.58947083051245e-10,-3.30987055292733e-10,-8.5769071020264e-11,4.32177026258377e-10,-1.30511176106425e-10,2.13717296188354e-10,-2.67137787031778e-10,4.67256932692116e-10,-1.6497565083083e-10,9.84905095465622e-11,1.70131534524703e-10,3.25374018583013e-10,4.02034025541393e-10,-5.9103970451167e-10,-1.6702151781375e-10,1.16439719339691e-10,-2.33198904537838e-10,6.05233293054693e-10,2.4910702593034e-10,1.94224773236598e-10,5.394877689083e-10,7.10652847655818e-10,1.398180489584e-10,-5.80127500246213e-10,-1.6279641178663e-10,-6.19115791884626e-10,1.76161691195644e-10,3.31713907966506e-10,1.09142481128016e-10,-5.85475438301588e-10,-1.60428329489247e-10,2.86313320337861e-10,-3.82748604873089e-10,-7.40369408733068e-10,3.97300380531896e-10,-1.0110706095488e-09,-9.66621366021487e-11,1.84057654727927e-11,5.40219752668927e-10,-7.76418479577779e-10,1.05162094167388e-10,1.77846114996481e-10,-1.95122739662424e-10,-3.71531673054663e-10,-3.08368276866658e-10,1.37122604057252e-10,2.54838379073257e-10,-4.04070583795426e-10,2.15228258472276e-10,-5.52403476629681e-10,4.40738906360633e-10,4.79476699490757e-11,6.71634280694292e-11,2.85882387381521e-10,7.51879330452419e-10,-2.83296043813032e-10,-3.58012561316648e-10,-8.64476390857153e-10,-2.15174529120367e-10,-4.24770070219064e-10,7.33645715170215e-11,1.02857271804996e-09,-7.94756267643981e-10,1.82382881430516e-11,-1.65033444412926e-10,-3.98765041524416e-10,-1.14366643446795e-11,-2.90533462612657e-10,-6.26039154959767e-10,2.49576431437066e-10,-6.37699682207204e-10,-3.74040123000025e-10,6.05281796038509e-10,-4.62780386734403e-10,2.91176233498664e-10,-4.24330456765242e-11,7.7565136273569e-10,-4.45018624307026e-10,1.79347827889172e-10,7.43938529430699e-11,4.82310632734127e-10,-1.08467770755532e-10,-6.77927515693229e-10,9.13248133113592e-11,1.34818253272752e-11,9.82445922307984e-11,6.56173016650155e-11,-2.84429439615045e-10,-3.88389957725659e-10,-1.24378245372599e-10,-1.92696865910894e-10,-1.04775513228735e-09,-6.70903409672234e-10,4.67488550862815e-10,4.56855264315804e-10,1.73404664854639e-10,-3.5175879352748e-10,-4.58316501688261e-10,9.67172903928906e-10,9.75523490796923e-11,-1.10400496264348e-10,-9.87086575944168e-11,5.46214237465318e-10,-9.72716261514845e-10,-1.23909714648598e-10,-5.33288484650103e-10,1.26661338328823e-10,-1.11010474773723e-09,-1.14071175779913e-09,-2.81356059810487e-10,-3.54726285383155e-10,-1.64990005353904e-10,2.39100189561505e-10,3.6976852569296e-10,-7.59802225580494e-10,-3.34827269783427e-11,-3.4981171409466e-10,4.4529283975676e-11,1.31227054611968e-09,-8.84690165052207e-10,1.13510004416183e-09,-3.09068585690099e-10,-1.59756261743363e-10,1.24234489734175e-09,-4.54017523676822e-10,-5.57674264473466e-10,-5.03404970727586e-11,-8.13636600613592e-10,3.35143478288922e-10,-2.27784074946178e-10,-2.16182635017983e-10,-4.14294003148764e-11,-2.84802976723378e-10,6.67133752639263e-10,-8.00381233643427e-10,2.62613089448181e-10,-6.45852992441955e-11,4.25876390648278e-10,4.35288264514916e-11,-2.41139074681423e-10,6.914059685694e-10,5.51323315542303e-10,-5.70139731464333e-10,-1.1032202498753e-09,-3.28768471457131e-10,5.27680172250395e-10,-3.16484662277902e-10,5.40650785165333e-10,-2.49878916732676e-10,1.17980914208889e-10,2.70775714041556e-10,-7.13447032053023e-10,-4.47204805885075e-10,-3.9506303473622e-10,4.06245913388631e-10,-7.48518242727267e-10,-1.48580723793459e-10,-3.20896537052717e-10,-6.59596158083881e-10,5.17188032548746e-10,1.18377821366393e-09,-1.31971588981216e-10,3.31678768019484e-10,-2.1261761337861e-10,3.75195219405923e-10,-2.02153657920323e-10,-1.59406900793374e-10,-4.18507420209024e-10,-1.14409778528114e-10,1.39211550634343e-10,2.83942525187205e-10,1.19333449822306e-09,-8.92789930875321e-11,1.15023297310327e-09,-4.33088919234592e-11,4.14685558862067e-10,1.26199242694421e-09,-2.04026981611952e-10,-1.7017290254756e-11,3.75937237891106e-11,-3.87321383936963e-10,5.57170278758402e-11,4.23652137288226e-10,-4.26236184779537e-10,-3.77079840222203e-10,-3.39882531037249e-10,-2.51652946341549e-10,4.76234410902907e-10,-1.66441368159611e-10,9.67105235319555e-11,-2.79120399091061e-10,8.15452907991348e-10,4.14260647647981e-10,4.04969581408038e-10,-2.19390628646598e-10,-3.43315005659798e-10,2.14906552518362e-10,-1.02433248227708e-09,-7.88250837170018e-10,-5.56435982113866e-10,-4.45720131557467e-10,-6.9123822373205e-10,3.3229175705834e-10,-3.4624754442797e-10,-1.32129074648297e-09,-2.34048050486183e-10,3.54827556604746e-10,-6.15077233026195e-10,6.62500112661443e-10,2.09380542843006e-10,-2.69554249146664e-10,-1.22401533044852e-10,2.36609332484197e-10,-7.74233070589172e-10,3.55409732626269e-10,-1.27599351792045e-10,-1.33579995370171e-10,-1.334740250677e-09,-3.58571009075286e-10,-2.53620296965741e-10,-7.82242278760506e-10,-1.36626932081935e-10,9.11940150437613e-10,-2.75383560707531e-11,2.76130832244859e-11,5.12945086468459e-10,-7.20578061988764e-10,2.35534356891835e-10,-9.38533564428088e-11,-1.30880184277917e-09,2.7547112764769e-10,7.8933306228545e-11,-2.61224349042583e-10,-1.27308590872785e-10,-8.71191949655277e-11,5.27228033570093e-10,-2.95399331109638e-10,-4.53641749932188e-10,2.90799111744567e-11,6.96565645834659e-10,4.26555710574733e-10,-8.25752766967515e-11,1.91686454606626e-10,-2.57454881251742e-10,5.86602756942112e-10,7.28445308129553e-10,4.65456516581623e-11,-3.2958507303102e-11,-1.06092289980363e-09,-1.77363190314646e-10,-4.80078310503075e-10,5.87460742612734e-10,-5.84439680703039e-10,-1.3048090156843e-10,-1.93426741827739e-12,-4.97018112583479e-10,-7.22741999449345e-11,1.70134760510015e-10,-4.69235539857374e-11,7.68943533053192e-10,-5.28893357889296e-10,1.07269200038524e-10,-5.0460547031531e-10,-2.51377239218036e-10,8.18682869555895e-10,-5.90137843796924e-11,7.55061780352429e-10,1.19451422150928e-10,1.04390762641075e-10,6.52287655985054e-10,-4.07794760229499e-10,-2.55404958905073e-10,-1.27272110555303e-09,-1.51445665327891e-10,-3.27381362793999e-10,8.60319004465167e-10,8.88380620985338e-11,-5.59234483873352e-10,-9.31177516285945e-11,8.41937307207728e-10,-8.92018137416151e-11,3.89833598491934e-11,2.01883183085815e-10,-1.59707546733571e-10,3.67653556271142e-10,5.48452214697244e-10,-2.49941220273075e-10,2.39297188798519e-10,-5.12993605137428e-10,4.2864383845518e-10,-4.49328716006959e-10,3.89827798460516e-10,4.24518471665699e-10,-3.92128723090227e-10,-3.97797691227294e-10,-6.90355713811112e-10,4.16940437602382e-10,-4.16069084553308e-11,9.51773573168944e-11,-1.90011117433913e-10,5.96110500990213e-10,-9.55557461595798e-11,-1.00455407786801e-09,2.43800578428583e-10,1.82736852675123e-10,-6.66295001779803e-10,-9.26892489086481e-11,7.9580956805493e-11,-6.47395325429892e-10,5.88690152815666e-10,7.88839190681073e-10,-3.88561892804799e-11,1.77264513198434e-10,6.13379656241721e-10,-4.15995701989996e-11,2.11484886703348e-11,1.16548671965548e-10,2.94383654136913e-10,-3.47782891288021e-10,-1.74040088252672e-10,-5.64116103451739e-10,4.92741813588025e-10,-1.11755164233911e-10,-3.06404417304701e-10,-3.84101431613329e-11,-1.55197698626822e-09,-8.48954272492205e-10,-1.49202181230818e-10,-2.80641149164766e-10,-1.0609996835903e-09,9.2353455257553e-10,3.45851833719919e-10,-2.04610036683973e-10,3.26135198032986e-10,-8.73995691889039e-11,6.21384716748939e-10,-2.45400869081175e-10,4.77469782453899e-10,-2.26338101996224e-10,-4.07498413109066e-11,-5.38293036661768e-10,-5.08016932772774e-10,-6.64858736366267e-10,-4.38580064013298e-10,-1.26172114672222e-10,-5.77716747685974e-10,1.77559117959023e-10,7.36749178386636e-10,4.52684439402589e-10,3.32846964038407e-11,-5.30380430794549e-10,-3.43611142287978e-11,-3.03409032847405e-10,-3.96230673094228e-10,-5.78978820652744e-10,-7.79236135494311e-10,-2.98014079182829e-10,-1.28605986981167e-09,5.33462490945257e-10,5.7217181514663e-10,-7.76662211971674e-10,1.7441974417636e-10,-2.33482749941071e-10,1.21609414501169e-10,-3.68243515239557e-10,2.59264564066929e-10,-1.33580106308031e-09,-4.14341103548598e-10,-8.27675975992646e-10,4.12436173115654e-10,-7.22305658077137e-10,-3.48452254110849e-10,-4.45997263874064e-10,1.64743936844926e-10,1.31872519719372e-10,6.05073698694809e-10,2.71199819133645e-10,-4.57720364887716e-10,5.26326577154273e-10,4.56888751868436e-10,-3.13211696476312e-10,-8.0474556302905e-10,-4.69809884781512e-10,-6.26000946880321e-10,3.48586794467513e-11,4.07649889087743e-11,6.50812966571365e-10,8.9630490791174e-10,6.08587536049868e-10,7.48339757220729e-10,-1.15695993275508e-09,6.85228589611343e-10,3.41110512221389e-10,-4.46919923316322e-10,2.30435471333929e-12,-2.27864257425326e-10,-3.30044435534819e-10,-4.27181329126212e-10,-1.54572727020276e-11,5.75745848433925e-10,3.874395259428e-10,3.16401200952947e-11,9.15696620190474e-11,4.50244542432759e-10,5.81208910719239e-10,-1.997428113888e-11,1.97335529681999e-10,3.20954574766414e-10,4.56884382749074e-10,-2.69095173735175e-10,-7.32415157102086e-10,5.63242597138365e-11,8.0504312819713e-10,4.79385244086177e-10,-5.58111037764258e-10,-4.7734963692632e-10,1.14932077143168e-09,-5.36012399842099e-10,3.18630487361296e-10,5.5981599084127e-10,2.51947458782821e-12,-1.54000473802307e-10,-1.25120007637243e-10,1.61835291407736e-10,9.5932536400617e-11,3.67120356574332e-10,-3.51942280485993e-10,4.88394406900932e-10,-1.48354332354729e-10,9.80093065668034e-10,-7.42896335675904e-10,-2.64017147160328e-11,-8.16150949163036e-10,-6.3267662904067e-10,-9.31013694755144e-10,-1.67000910799958e-10,-1.58845088304598e-10,-1.44666484974701e-10,5.8454256381729e-10,8.73946103335599e-10,4.32128284790561e-11,5.50826998234536e-10,-8.82952454941934e-10,6.02032974062415e-10,-6.8568683405752e-10,6.26243363683289e-11,7.57932727617288e-10,-8.77211690121194e-11,-5.89167488484356e-10,-1.68371143481883e-10,2.5300234472897e-10,3.82446546587818e-10,-3.93522263150991e-10,3.55488998085979e-10,-4.51280979887468e-11,-9.45899226850441e-11,-1.65364766769579e-10,-2.48579630641181e-10,2.35617520257312e-10,2.20703259753985e-11,3.44412300822879e-10,-2.47606719121615e-10,-2.19942916724418e-10,-2.36901451437647e-10,4.80833409316993e-10,5.76053865977487e-10,2.69015794384292e-10,-3.27290144829106e-10,4.47693217078603e-10,-5.47785903244364e-10,1.05561607084752e-10,1.4261452334871e-10,6.821180930316e-10,9.17735787459497e-10,8.19365293066502e-12,6.47116498136213e-10,1.52774781507774e-10,-6.23775169933881e-10,-5.29064558957904e-11,-4.25437510400549e-10,-2.38565650227332e-10,-1.51276870157186e-09,-1.09289960243065e-09,4.40368155403392e-10,3.11818255106595e-10,5.79330714494682e-11,-1.98486682107263e-10,-2.13768648570458e-10,5.32246686349823e-10,6.14353476007503e-11,2.51042923030783e-10,3.87635471400828e-10,5.08986432730529e-10,6.93761859745242e-11,2.95863654826925e-10,5.94188753611851e-11,9.95464254922147e-10,5.52764464464178e-11,-5.8153355987481e-10,-1.53631710272885e-10,1.75691474867678e-10,2.67936203808523e-11,2.03377139859546e-10,5.23267491514368e-10,2.74376792680786e-10,9.96355144578729e-10,-2.166919901824e-10,-1.54652491375963e-10,-3.22104588696246e-10,2.23297956137058e-10,-9.0651621779969e-10,-3.29893538843942e-10,4.95275956019898e-10,-1.01740493043095e-09,-9.21231798716162e-10,-4.19277831795211e-10,2.59066862334397e-10,-8.19466491026187e-10,-1.63699911749948e-10,1.77152899360017e-10,-8.44972189105357e-10,-7.47598731289343e-11,1.5464431640358e-10,2.53843058756983e-10,-3.5705861549358e-10,-1.41063857564946e-10,-9.40223950606478e-10,-3.89042837451001e-10,3.53908083219137e-10,-1.18922426004226e-10,5.7576847639355e-10,2.73067322988087e-10,2.44932986241239e-11,-3.99818464584812e-10,-5.9887312592019e-10,-7.50528631122762e-11,9.16406147448737e-10,9.91875406994602e-10,-2.34901503691063e-10,8.41607459196392e-12,-1.35907865378522e-10,1.48245340819219e-10,-4.68711499410086e-11,2.48955387051219e-10,-5.43398965216978e-10,1.11968812550045e-10,-1.57744154037854e-10,-4.08096373952719e-10,4.07092577627675e-10,-1.60089257789955e-09,-8.69784075590699e-10,-1.25650876926831e-10,3.30655047912817e-10,1.24259027337727e-10,7.31554590578109e-10,-7.65046215584186e-10,2.82513988463425e-11,4.62694143821268e-10,-6.63126580225155e-10,2.08397966920341e-09,4.42476211405031e-10,9.1168084061605e-10,2.16274228841507e-10,3.38274379836387e-10,2.06726572357468e-10,3.21781838682067e-10,-6.69663642737061e-10,-1.24374419381476e-10,1.12698525100314e-10,5.47505129856221e-11,-9.66944367675376e-10,1.10386842910083e-10,-6.09819561631014e-10,6.99184675095676e-11,4.6966334971675e-10,4.79451612608475e-10,-1.10928464809605e-09,-6.10971336854107e-10,-1.2959827338257e-11,4.36773282345755e-11,-1.04307674192191e-09,-1.27483631127815e-10,-6.14905202737395e-10,-7.86879862530465e-10,8.73512425782823e-11,-6.87981796287162e-11,-1.54841283180754e-10,2.4128350472269e-10,-7.96796284575529e-11,8.19235665703056e-10,-1.23166538843132e-10,4.81804785548785e-10,-1.12676868599839e-10,4.66076797110634e-10,-6.34715690005701e-10,-6.3820435220965e-10,-3.02474203310707e-10,5.30058555356733e-10,-3.39557441289185e-10,-6.21006647228468e-10,-4.20268528360112e-10,6.90108852452814e-10,3.03468134768811e-10,-6.4974304216407e-12,-6.96590280687604e-10,-7.82128191425559e-10,6.00843521091611e-11,9.11000461216372e-11,-1.83292521986262e-10,5.66814085957598e-10,-1.80279267737705e-11,5.76847654766921e-10,-4.74306191127701e-10,-2.35559817532607e-10,4.19441626602642e-10,-5.83654302667977e-10,6.22418964045504e-11,7.42694614749657e-10,-1.77091121962419e-09,-1.68529492166776e-10,-1.29650443742112e-10,4.9956067113333e-10,-1.96398049097573e-10,-6.4095787437715e-10,-2.47908587244043e-10,7.85222308859545e-10,2.15185276104722e-10,-2.20236456120899e-10,-7.86287604318835e-10,4.26717773055937e-10,-6.34735541036653e-10,-1.64740508484057e-10,-1.47436103072851e-10,7.44297616726733e-10,3.15867046861146e-10,6.99998288465771e-10,-3.20447063413561e-10,-8.69862726551834e-10,-1.21755295685041e-10,-1.9001160675543e-12,-3.0304352983882e-10,-1.0075921431336e-10,2.08930550810196e-10,1.14687942359891e-10,-6.06574691562868e-10,-7.45664051174368e-10,-4.85116478374321e-10,3.65039342300435e-10,-1.62462473293756e-09,-1.4318676618826e-10,-4.47264234786388e-10,-2.00839630882198e-10,9.33946564152363e-11,4.44747782692475e-10,7.43779750438528e-11,6.2510824670134e-10,-1.22332103789226e-10,8.84171273869705e-11,1.75332931868061e-11,6.75480182685582e-10,5.90298481008494e-10,4.67950958223184e-10,3.58835641361714e-10,-1.33973521711071e-09,4.53938127825958e-10,-3.25083822002968e-10,4.70247381649472e-10,-1.20237175527861e-10,-3.84035315571512e-10,2.17813666775203e-10,2.85533597713999e-11,2.22138490277615e-11,-6.54902163131999e-10,-2.18294314175394e-10,-4.73409685960339e-11,-2.78220908690214e-10,-7.73951561957189e-10,5.71846711591926e-10,6.25878288473589e-11,8.73620860202589e-10,-6.51411950313273e-10,-8.12018505972131e-11,-2.27505675974378e-11,-9.81462610615682e-11,2.1536470816264e-10,1.28315060673282e-10,6.58503768093729e-10,5.6697936680065e-11,-2.78993106586346e-10,3.41112933207343e-10,-9.16102858564046e-10,-6.94962847229346e-10,2.05622651656675e-10,-9.4332458369359e-11,-3.40170090867737e-10,9.05557864271346e-10,-4.51538483731768e-10,-8.6655593665503e-10,-4.95598156301754e-10,-4.12541201021058e-10,-6.71856491071262e-10,5.24362028756259e-10,5.06144605285156e-10,-2.62388832925495e-10,6.82267652615209e-11,6.89949531513749e-10,1.2852578634147e-10,5.58710430437201e-10,-7.27834781215989e-10,-8.14193776103709e-10,-3.25248265876463e-11,1.56855590849962e-10,-2.31816167538222e-10,4.74332267519859e-10,8.27235126537881e-10,4.60405958563794e-10,5.41672411368652e-10,-1.84419883712905e-10,7.37392736924075e-11,4.22359512317719e-10,-6.11882821992539e-10,-1.07923897703486e-10,-2.38139420024029e-10,1.25213993516352e-11,-3.1942024625079e-10,-4.72418015006365e-10,3.16684703906167e-11,5.63995034821768e-10,1.06444034767733e-09,2.90262104016357e-10,-1.55794221769444e-10,5.2449448496417e-11,-2.26355741727624e-10,5.58476056645825e-10,-2.18052617652583e-10,-1.31382596073106e-10,6.20724790857634e-10,-1.13741255715634e-10,3.18860255008802e-10,-4.76822511784005e-10,2.33735790414294e-10,-9.83319501325608e-10,5.25412781380276e-10,1.00933062825579e-10,-5.29161567844026e-10,8.65055685370492e-10,-4.97699039350595e-11,4.55921709407031e-11,3.34353945168763e-10,7.40906356893931e-11,6.93630266419186e-10,4.37067827930671e-10,2.94245587259952e-10,1.08910260263864e-09,1.66043897096627e-10,4.10359516652108e-10,2.10754104426591e-12,6.86871783503391e-11,-7.06396840167047e-10,2.21052250786333e-10,9.78097620281761e-11,3.90876561573761e-10,-4.08414706351245e-10,4.97059614829896e-10,-6.5528628912882e-10,-8.1244230590757e-10,-5.0865910165433e-10,3.68975398182327e-10,-1.63895602771536e-10,-5.86745796613945e-10,-2.70999190699837e-10,3.02700026430336e-10,7.52860907700161e-11,6.45028996304795e-10,-9.2457785273042e-11,8.1589664201131e-11,-7.49691195091458e-11,-3.50633416776555e-11,-7.03958894485822e-10,-1.27622039472384e-10,-5.94672318657606e-10,-3.93325785584092e-10,2.45722381420668e-10,9.57483819849134e-11,-3.51798107068204e-10,3.93686075918285e-10,-9.46251780481816e-10,4.90295450038895e-11,3.63509519120187e-10,-7.85949845869755e-11,2.0205381944453e-12,-5.34079261578959e-10,-6.36642234147511e-10,-2.19746858010591e-10,-8.80140178258334e-10,-1.006800166892e-11,-1.09470860006054e-10,5.61214519915062e-10,3.36501394215932e-11,3.42048380215525e-10,-3.76171699711988e-11,-4.97301003683075e-10,1.59081911511384e-10,-4.15259085532324e-10,6.06049328152446e-10,6.90266427707807e-11,1.07590585454335e-10,-7.5905979071347e-11,2.34619480241677e-10,2.98930928522274e-10,-3.25265604092874e-10,4.0568240561022e-10,-7.39326132819908e-11,4.79882124064631e-11,5.9171514686806e-10,-1.36140003907465e-09,-1.46084026018839e-10,-5.13458890540017e-10,-8.08750681665726e-11,6.34571519769957e-10,5.40431523920215e-10,-1.25067455442636e-10,5.8101335426908e-10,-7.15435293511333e-10,4.47459230599437e-10,4.10039073509328e-10,1.47781447727649e-10,-5.19231999981217e-10,3.73117360137932e-10,-8.32213256947074e-10,-7.83197054674447e-10,6.30538468984811e-11,3.00388874307386e-10,1.57703837205448e-10,-6.69245458266026e-10,3.31552626274744e-10,-5.63429229291124e-10,4.0198555611157e-10,-3.84836075228722e-10,4.81325205154854e-10,1.07894096267976e-09,8.56454959593369e-10,-4.49493391161939e-10,-1.62159452453646e-10,-1.43663482490909e-11,6.4671491164246e-10,-1.61190310335369e-10,-1.76437881126007e-10,2.21704539789338e-11,-2.29020145323596e-12,1.94161440004023e-10,1.91764470317076e-11,-9.45043634283564e-10,5.75849216416325e-10,-7.01659834099857e-10,-7.01183027776091e-11,-4.19716515568434e-10,-1.66988898051042e-11,4.10474631675096e-10,-1.45217967814644e-10,-2.89635060076735e-10,-6.10222510275942e-10,-3.43654736896905e-10,7.57815711431606e-10,1.2153022639711e-09,-3.28857455653022e-10,-5.47349939104404e-10,-7.57343678972123e-11,-1.09891560702553e-10,8.25278653793589e-10,-1.75561718564645e-10,6.66258737021725e-10,-3.36893065275882e-11,2.27789471043814e-10,1.54834524946203e-10,-8.88954158021396e-10,6.02049388620109e-10,4.15393225551597e-10,-3.27718004511511e-10,-6.90486313601331e-10,6.93836468886968e-10,-6.09923210892186e-11,2.24703725821819e-10,-3.10086297319746e-10,1.4909181980362e-10,1.04442270868659e-09,3.62877168931073e-10,-7.77611220387509e-11,2.32602889692409e-10,-4.43982910554241e-10,-2.78082819389959e-10,-2.85590560664001e-10,1.66172179839942e-10,-2.17548234043509e-10,-3.63564155779032e-11,-3.91380004573572e-10,2.11254389722157e-10,-4.54243453576543e-10,-6.82379737196281e-10,-1.00496216466039e-09,-2.60291402804325e-10,-4.00602389748127e-10,-2.49753170502134e-10,-4.36228421079352e-10,2.54644415704564e-10,-6.39990117011668e-10,2.42340526977843e-10,-1.86992285342538e-10,5.71135072748756e-10,-6.55590811253768e-10,-1.36246339044954e-10,6.21029318044002e-11,-7.2984974069861e-10,3.00862388840991e-10,-7.42445065347947e-10,-3.3749024373768e-10,3.88430875300332e-10,-4.35496698922542e-10,-5.04420671187048e-10,1.36654224192521e-09,-5.90815251696666e-10,3.5497192508584e-11,-6.91320128667827e-10,6.6649000013406e-11,4.21085352554739e-11,-1.74083684790779e-10,3.31452354726483e-10,-1.2432121991956e-10,-1.9315536557952e-10,2.44336909166863e-10,-4.11985870074263e-10,3.43080360228867e-10,-1.09590067708542e-09,-4.83054343908066e-12,9.03767756487932e-10,-2.76820284085623e-10,3.38392039682214e-10,-1.25943886668509e-10,-6.47851810310378e-10,1.08217190373914e-10,1.95739496328644e-10,-3.49193661279917e-10,4.53991487360117e-10,9.4533569164038e-10,2.15198170263104e-10,1.40960432853474e-10,9.97113593214709e-10,4.39492882066017e-10,-8.28874496842957e-11,8.66945824893542e-10,9.51129938469224e-10,5.04282800507119e-10,1.8505017568671e-09,1.14707764784637e-09,1.9819794211659e-09,1.77232734966888e-09,2.52079551150697e-09,7.69100699379559e-10,1.75033356270985e-09,1.5786773583822e-09,1.2907590058887e-09,2.61388991800978e-09,3.23269523966605e-09,3.50915489097098e-09,2.97082431899303e-09,4.67474810257999e-09,4.04189378040718e-09,3.89506023165233e-09,4.10021245076204e-09,4.24356060486568e-09,5.5647630432298e-09,6.25105510485185e-09,5.88343591173775e-09,6.19648789001031e-09,7.45256488186194e-09,6.85591069351836e-09,8.58109718230837e-09,1.01082521490527e-08,1.14295268392879e-08,1.25197698422709e-08,1.46971584194936e-08,1.61573443354741e-08,1.91717817219316e-08,2.13225985360774e-08,2.69295699296937e-08,3.41254748790423e-08,4.31160100182249e-08
