v,0.25
Patm,100000
g,9.81
r,500
G,10^9.5
rho,2700
mu,10^2.69
rc,14
 
M,10^5.49
sigma,0.1
 
tilt_erupt,41.044nrad
 
-1089,-1088,-1087,-1086,-1085,-1084,-1083,-1082,-1081,-1080,-1079,-1078,-1077,-1076,-1075,-1074,-1073,-1072,-1071,-1070,-1069,-1068,-1067,-1066,-1065,-1064,-1063,-1062,-1061,-1060,-1059,-1058,-1057,-1056,-1055,-1054,-1053,-1052,-1051,-1050,-1049,-1048,-1047,-1046,-1045,-1044,-1043,-1042,-1041,-1040,-1039,-1038,-1037,-1036,-1035,-1034,-1033,-1032,-1031,-1030,-1029,-1028,-1027,-1026,-1025,-1024,-1023,-1022,-1021,-1020,-1019,-1018,-1017,-1016,-1015,-1014,-1013,-1012,-1011,-1010,-1009,-1008,-1007,-1006,-1005,-1004,-1003,-1002,-1001,-1000,-999,-998,-997,-996,-995,-994,-993,-992,-991,-990,-989,-988,-987,-986,-985,-984,-983,-982,-981,-980,-979,-978,-977,-976,-975,-974,-973,-972,-971,-970,-969,-968,-967,-966,-965,-964,-963,-962,-961,-960,-959,-958,-957,-956,-955,-954,-953,-952,-951,-950,-949,-948,-947,-946,-945,-944,-943,-942,-941,-940,-939,-938,-937,-936,-935,-934,-933,-932,-931,-930,-929,-928,-927,-926,-925,-924,-923,-922,-921,-920,-919,-918,-917,-916,-915,-914,-913,-912,-911,-910,-909,-908,-907,-906,-905,-904,-903,-902,-901,-900,-899,-898,-897,-896,-895,-894,-893,-892,-891,-890,-889,-888,-887,-886,-885,-884,-883,-882,-881,-880,-879,-878,-877,-876,-875,-874,-873,-872,-871,-870,-869,-868,-867,-866,-865,-864,-863,-862,-861,-860,-859,-858,-857,-856,-855,-854,-853,-852,-851,-850,-849,-848,-847,-846,-845,-844,-843,-842,-841,-840,-839,-838,-837,-836,-835,-834,-833,-832,-831,-830,-829,-828,-827,-826,-825,-824,-823,-822,-821,-820,-819,-818,-817,-816,-815,-814,-813,-812,-811,-810,-809,-808,-807,-806,-805,-804,-803,-802,-801,-800,-799,-798,-797,-796,-795,-794,-793,-792,-791,-790,-789,-788,-787,-786,-785,-784,-783,-782,-781,-780,-779,-778,-777,-776,-775,-774,-773,-772,-771,-770,-769,-768,-767,-766,-765,-764,-763,-762,-761,-760,-759,-758,-757,-756,-755,-754,-753,-752,-751,-750,-749,-748,-747,-746,-745,-744,-743,-742,-741,-740,-739,-738,-737,-736,-735,-734,-733,-732,-731,-730,-729,-728,-727,-726,-725,-724,-723,-722,-721,-720,-719,-718,-717,-716,-715,-714,-713,-712,-711,-710,-709,-708,-707,-706,-705,-704,-703,-702,-701,-700,-699,-698,-697,-696,-695,-694,-693,-692,-691,-690,-689,-688,-687,-686,-685,-684,-683,-682,-681,-680,-679,-678,-677,-676,-675,-674,-673,-672,-671,-670,-669,-668,-667,-666,-665,-664,-663,-662,-661,-660,-659,-658,-657,-656,-655,-654,-653,-652,-651,-650,-649,-648,-647,-646,-645,-644,-643,-642,-641,-640,-639,-638,-637,-636,-635,-634,-633,-632,-631,-630,-629,-628,-627,-626,-625,-624,-623,-622,-621,-620,-619,-618,-617,-616,-615,-614,-613,-612,-611,-610,-609,-608,-607,-606,-605,-604,-603,-602,-601,-600,-599,-598,-597,-596,-595,-594,-593,-592,-591,-590,-589,-588,-587,-586,-585,-584,-583,-582,-581,-580,-579,-578,-577,-576,-575,-574,-573,-572,-571,-570,-569,-568,-567,-566,-565,-564,-563,-562,-561,-560,-559,-558,-557,-556,-555,-554,-553,-552,-551,-550,-549,-548,-547,-546,-545,-544,-543,-542,-541,-540,-539,-538,-537,-536,-535,-534,-533,-532,-531,-530,-529,-528,-527,-526,-525,-524,-523,-522,-521,-520,-519,-518,-517,-516,-515,-514,-513,-512,-511,-510,-509,-508,-507,-506,-505,-504,-503,-502,-501,-500,-499,-498,-497,-496,-495,-494,-493,-492,-491,-490,-489,-488,-487,-486,-485,-484,-483,-482,-481,-480,-479,-478,-477,-476,-475,-474,-473,-472,-471,-470,-469,-468,-467,-466,-465,-464,-463,-462,-461,-460,-459,-458,-457,-456,-455,-454,-453,-452,-451,-450,-449,-448,-447,-446,-445,-444,-443,-442,-441,-440,-439,-438,-437,-436,-435,-434,-433,-432,-431,-430,-429,-428,-427,-426,-425,-424,-423,-422,-421,-420,-419,-418,-417,-416,-415,-414,-413,-412,-411,-410,-409,-408,-407,-406,-405,-404,-403,-402,-401,-400,-399,-398,-397,-396,-395,-394,-393,-392,-391,-390,-389,-388,-387,-386,-385,-384,-383,-382,-381,-380,-379,-378,-377,-376,-375,-374,-373,-372,-371,-370,-369,-368,-367,-366,-365,-364,-363,-362,-361,-360,-359,-358,-357,-356,-355,-354,-353,-352,-351,-350,-349,-348,-347,-346,-345,-344,-343,-342,-341,-340,-339,-338,-337,-336,-335,-334,-333,-332,-331,-330,-329,-328,-327,-326,-325,-324,-323,-322,-321,-320,-319,-318,-317,-316,-315,-314,-313,-312,-311,-310,-309,-308,-307,-306,-305,-304,-303,-302,-301,-300,-299,-298,-297,-296,-295,-294,-293,-292,-291,-290,-289,-288,-287,-286,-285,-284,-283,-282,-281,-280,-279,-278,-277,-276,-275,-274,-273,-272,-271,-270,-269,-268,-267,-266,-265,-264,-263,-262,-261,-260,-259,-258,-257,-256,-255,-254,-253,-252,-251,-250,-249,-248,-247,-246,-245,-244,-243,-242,-241,-240,-239,-238,-237,-236,-235,-234,-233,-232,-231,-230,-229,-228,-227,-226,-225,-224,-223,-222,-221,-220,-219,-218,-217,-216,-215,-214,-213,-212,-211,-210,-209,-208,-207,-206,-205,-204,-203,-202,-201,-200,-199,-198,-197,-196,-195,-194,-193,-192,-191,-190,-189,-188,-187,-186,-185,-184,-183,-182,-181,-180,-179,-178,-177,-176,-175,-174,-173,-172,-171,-170,-169,-168,-167,-166,-165,-164,-163,-162,-161,-160,-159,-158,-157,-156,-155,-154,-153,-152,-151,-150,-149,-148,-147,-146,-145,-144,-143,-142,-141,-140,-139,-138,-137,-136,-135,-134,-133,-132,-131,-130,-129,-128,-127,-126,-125,-124,-123,-122,-121,-120,-119,-118,-117,-116,-115,-114,-113,-112,-111,-110,-109,-108,-107,-106,-105,-104,-103,-102,-101,-100,-99,-98,-97,-96,-95,-95,-94,-93,-92,-91,-90,-89,-88,-87,-86,-85,-84,-83,-82,-81,-80,-79,-78,-77,-76,-75,-74,-73,-72,-71,-70,-69,-68,-67,-66,-65,-64,-63,-62,-61,-60,-59,-58,-57,-56,-55,-54,-53,-52,-51,-50,-49,-48,-47,-46,-45,-44,-43,-42,-41,-40,-39,-38,-37,-36,-35,-34,-33,-32,-31,-30,-29,-28,-27,-26,-25,-24,-23,-22,-21,-20,-19,-18,-17,-16,-15,-14,-13,-12,-11,-10,-9,-8,-7,-6,-5,-4,-3,-2,-1,0
-1.25894436842358e-10,6.69317031365696e-11,-1.84761948886975e-10,-5.11825267254431e-11,-4.40623871688233e-11,-5.35999280091607e-11,4.34097536319179e-11,-1.30592354594154e-10,-1.99540671919105e-11,6.27731184454145e-11,4.13327597980693e-11,2.60622783439046e-11,1.10283763837809e-10,4.82829911134558e-11,-7.40211903802692e-11,-3.25627248599771e-11,7.47661470258672e-12,1.93312485622526e-11,1.31436216850131e-10,-9.37039719764847e-11,3.07117394553878e-11,1.23071846745356e-10,-6.16229251458029e-11,-5.43893822032779e-11,-1.32626137406024e-11,-6.88518372103668e-11,-8.33407051630588e-11,-5.18973518383074e-11,4.9613281390295e-11,-1.90323038206938e-10,7.19061914545213e-12,-1.2997429636016e-10,8.92674550477116e-11,5.69543972176948e-13,1.1602081168734e-12,7.48505782074587e-11,1.22268492749573e-10,2.11586954926845e-10,-1.40670644685328e-10,-5.57808990701955e-11,-1.15231140624157e-10,-4.16947809676847e-11,1.14955020689276e-10,7.93417308047397e-11,1.34566086147061e-10,8.47269151777734e-11,1.00362038533431e-10,6.22200053249819e-12,1.39936261408609e-10,1.5066990822237e-10,-6.45067720925593e-11,1.5282002377693e-10,-5.48945409780737e-11,-4.65956562849695e-11,9.280368198344e-12,5.78999015161005e-11,8.16891632968038e-11,5.6007440768302e-11,7.64422485741013e-11,-7.3876592809138e-11,-4.30056327664371e-11,-2.71716359823164e-11,-2.24591156186308e-10,1.21670362127272e-10,-1.43542488375035e-10,8.51245002863469e-11,1.98982619793381e-12,-1.78498140982033e-10,1.91201361705471e-10,9.59954342121586e-11,3.37792896014851e-11,2.52083925207305e-10,2.25562717965331e-11,8.51692392426098e-11,-8.95746413531555e-11,1.37406410211599e-10,-1.61925378468184e-11,-9.98528071304981e-11,-2.26296633181278e-11,-1.60224285737285e-11,-2.77391716052007e-11,-3.57693822231095e-11,1.84964427999431e-10,1.98664874538906e-11,4.58947220821834e-11,-1.0467004446766e-10,-6.1257002739429e-12,7.66557792348976e-11,-1.8446198809998e-10,-1.32251975552787e-10,8.95936759091748e-11,3.62531277905024e-11,7.84252421532042e-11,-2.81811688816101e-11,-2.70377014104794e-10,-8.64070408837283e-12,-8.16996243062042e-12,7.56692939889213e-13,-1.27743215737335e-10,5.67650151314962e-11,5.97665605732046e-11,8.69210864613153e-11,-2.5949305076276e-11,-7.83393529482626e-11,8.85163707033463e-11,-8.42275541926234e-11,-5.40784741563183e-12,-9.36764436749195e-11,-4.06394304275171e-11,-2.03793197593672e-12,-6.30208563573409e-11,1.88129465284831e-10,-3.21352726659597e-11,3.78022506591756e-11,-2.50272690948579e-11,3.46880846790084e-11,9.51232708245258e-11,-2.26265726034447e-10,-9.80240192280068e-11,5.78552292960125e-11,-1.66189582588511e-11,6.61689130240327e-12,-3.8226463685197e-11,-1.03863610273237e-10,7.91689664038873e-11,2.02781701447944e-11,2.35749566707744e-12,1.06646800416421e-10,1.10559846481081e-10,5.95659975089659e-11,4.46351294867e-11,1.9564491857196e-11,-4.31903360119665e-11,-1.41235503677991e-11,-1.02236279232657e-10,-1.2771914976282e-10,-2.37933310477315e-10,1.33967023188078e-10,7.07210751012409e-11,1.65477688151162e-11,-3.35446991922577e-11,9.03290360458892e-11,-1.62296485076934e-11,1.1774182361066e-10,1.60646882115718e-10,7.03367367491944e-11,9.10581405568818e-11,-3.41901810790656e-11,-1.76745750529505e-11,1.91145630442657e-10,-1.02322784662208e-11,1.7070358673896e-10,-1.87356091487976e-10,-1.17492325310087e-10,-7.84429208760429e-11,6.01818391804708e-11,-7.51845517966144e-11,1.02701901193689e-10,-1.04876252830796e-10,8.23050545658183e-11,-2.14618011463676e-11,-4.31361631129466e-11,5.76584096772091e-13,2.56955246974887e-11,3.04010542508594e-11,3.93845214732647e-13,-1.31619123334275e-11,-4.32479477440808e-11,-1.74255803780983e-10,9.33698910554794e-11,9.04359975442493e-11,-3.67234195600914e-11,-1.07163905081458e-10,8.28759582697884e-11,-7.66777818372687e-11,1.065703667318e-11,1.08005135730462e-10,-1.64242652389137e-10,-7.28443612244936e-11,1.86070338704165e-10,3.25238842157958e-11,3.53326801935347e-11,1.18573740385779e-10,-9.4020332091472e-11,-7.13008504924632e-11,-7.00079313245905e-11,-4.66380194894659e-11,-8.77613038822902e-11,6.03818394361003e-12,-3.59478407661925e-11,-1.25916566709643e-10,1.17564110698025e-10,-6.59958141909915e-11,1.66442866373499e-10,-6.84347669510824e-11,9.64533103392614e-11,-2.25965535307052e-11,-7.46656638459214e-11,1.8285840265217e-10,5.16163378081785e-11,-1.86498856118222e-10,3.05375914459482e-11,-9.5290010275097e-11,1.91031353272514e-10,-2.98892735404509e-11,6.86291173631316e-11,7.9974951479053e-11,3.71647018037712e-11,9.72701389712111e-11,-2.01971698568455e-10,5.8576098915754e-11,-1.0332920847149e-10,-4.38895180197819e-11,6.42990204319057e-11,-3.12606190052202e-10,-2.82253804496237e-11,-5.04064771169373e-11,-2.05598535980365e-11,3.27511965674243e-11,-1.35020809094794e-11,-1.33707776611911e-10,-3.79999879805339e-11,-1.72160355283405e-10,8.39377325697149e-11,-1.22357175303201e-10,3.79592190168636e-11,-5.92904368647549e-11,2.33751726490028e-11,9.59536702501264e-11,-5.79006098837021e-11,-5.27729105636517e-11,-1.94365995849118e-10,5.07213055035672e-11,5.15283943920372e-11,-2.03693005003344e-10,-5.74278552159955e-11,7.43813767182142e-11,-1.05601029360211e-10,1.59178145301248e-10,5.23876281771383e-11,1.26396788819106e-10,1.13206904750235e-10,3.46721044110671e-11,-5.72604241898521e-11,1.90528667967206e-11,6.67943561447636e-11,-4.56249906047066e-11,1.33802815039023e-11,1.50795546999199e-10,1.02664840671428e-10,4.32890279935919e-11,7.9824490636028e-11,-9.52347416197299e-11,-3.81248332781644e-11,-3.63523409278549e-11,-7.51657968423732e-11,-6.7859140738256e-11,5.73777964439145e-11,-7.11216834121028e-11,-1.88075194183243e-10,-1.42943474241664e-10,-3.49112177492991e-11,-6.88357502457111e-11,8.68283697982066e-12,-5.25064936212904e-11,3.89184155198759e-11,6.97588615473401e-11,-1.8387485615797e-11,1.00296891303142e-10,-2.11626170873235e-11,8.42712702536583e-11,1.66659288859979e-10,-1.46333604284594e-11,-6.6333865013392e-11,-6.80349079284763e-11,5.08485652512362e-11,6.76379001672405e-11,2.09189589806061e-11,2.64809681063095e-10,3.39130926207733e-11,9.73294340844166e-12,3.89582198836087e-11,-1.22251165838257e-10,-8.13919971875211e-11,-1.688599077636e-10,2.56164495958304e-10,-4.3162396261003e-12,-3.25426655278142e-11,-8.53196220187815e-12,-7.61728423104079e-11,3.27672676091881e-11,2.22168628944217e-10,7.71907460487022e-11,5.93807715453692e-11,-5.60568122669122e-12,1.6384535557851e-11,-1.29113412429787e-10,-1.10168283477032e-10,9.83507986302421e-11,-2.93615543788344e-11,3.08568633101108e-11,6.88470015237892e-11,-8.5221728619582e-11,1.13104043241724e-11,1.21463419431032e-10,-6.54194318738069e-11,1.92067910395656e-10,-1.25596810112343e-10,1.82273013810826e-11,-5.64198073544856e-11,1.06312906255576e-10,-1.75620150454303e-10,6.79623759247295e-11,-7.85350019957056e-11,-8.591305671261e-12,9.21128521447887e-11,-1.96038230882683e-10,-5.36519103985981e-11,1.57087071957555e-11,1.89731566293209e-11,-1.54591387800045e-10,-1.60269329415515e-11,-1.27812106485381e-11,8.01343213401088e-12,1.84599018237469e-10,2.16452304423938e-10,-2.70340023808925e-11,-1.18258607069837e-10,-1.17409096947779e-10,-1.27189139129904e-10,-6.7961086359701e-11,7.98392126891018e-12,5.00454836974573e-12,1.31256753563195e-10,-9.35652223730712e-11,-1.32808205974171e-10,7.98451253789204e-12,-1.54184739269958e-10,-3.66246654493585e-12,5.89672086510721e-11,-1.05324366607444e-10,-9.17938302561153e-12,1.57047682133827e-10,-1.44880615622613e-10,-2.04021252883529e-11,-2.41923374088894e-11,6.31963270049062e-11,-1.17386178640078e-10,-1.84253269177145e-10,-1.04075236012551e-10,-5.74695925359291e-11,2.59729915478192e-11,-1.29501256252126e-10,-6.50794434907566e-11,-7.89430207441938e-11,-1.03064883784944e-11,-4.80293010509104e-11,7.19450007311332e-11,5.73240724648923e-11,-8.35134624452357e-11,4.72255675736505e-11,-8.41643212167209e-12,-9.56126792432674e-11,-8.75042106030536e-11,-6.19391957935983e-11,1.0527318214685e-11,-3.71278877763528e-11,1.46489864634678e-10,2.14664952889914e-11,-8.67810922194501e-11,4.75148804579818e-11,-5.61566883681945e-11,-7.20537653697109e-11,5.25624053087497e-11,-1.46442924905018e-10,-1.32561786206131e-11,-1.58371714768352e-11,-7.1310158967584e-12,4.15102361031387e-11,-1.31603119809166e-10,1.72019878502514e-10,7.95683778512525e-11,2.62776772433255e-11,8.9189253054895e-11,8.31550400432521e-11,-1.89873686516295e-10,8.71701937115223e-11,2.45397047299946e-11,-1.3159996727865e-10,-1.64433376310803e-10,1.70327646447578e-11,-1.05495964852685e-10,-3.04528521709694e-11,2.51154587872369e-10,-2.57221289346238e-11,3.69592135102076e-11,2.99035751007002e-11,-1.6688505564982e-10,-1.69050828378467e-10,8.57563344891635e-11,-8.55113899687305e-11,6.61276582321093e-11,-2.42102601249052e-10,3.9335067614834e-11,5.76880433551417e-12,1.24640039318829e-10,3.7111010055218e-11,-1.31377749160278e-10,4.20934152580711e-11,7.4974428191099e-11,-5.46589506695916e-11,6.42704184736557e-11,-6.19204077211245e-11,5.47430920642937e-11,-7.92986938239133e-11,5.79087704622504e-11,-1.70575713595877e-10,-8.74190923856649e-11,-1.46334277830279e-10,1.52249242589535e-11,1.22989522878328e-11,3.22939136583322e-11,-4.07886624161338e-12,2.46030132530257e-11,8.86014869192424e-11,1.74184964985073e-10,-1.27815662961805e-10,6.9601472428096e-11,2.83214029484469e-11,-3.63831162205777e-11,1.1311336776069e-10,-1.03499985797207e-10,-6.5767718212616e-11,1.4576989995718e-11,-5.61276242182932e-11,-1.12269618707929e-10,-1.56662499506904e-10,7.45340464690219e-12,1.40805646441113e-10,-1.44294742759215e-12,6.13771877966063e-11,-1.36047676802145e-10,-1.43725710822619e-10,7.21843883832477e-11,-9.73579409388641e-11,6.248601234074e-11,2.4919288030881e-10,8.85780522221472e-13,5.01141793264917e-11,9.90579012848805e-11,-5.78547758467697e-11,9.0013727704126e-11,-9.56777818374753e-12,1.09716579598388e-10,2.95598767806952e-11,4.13548819823885e-11,-1.83699971926026e-11,1.93013471463507e-11,-9.82142700272382e-11,-7.23107880426469e-11,1.03564133253586e-10,-8.15987850280805e-11,-2.79674597056717e-11,-1.64965080482227e-10,1.37097648640642e-10,3.97308091081871e-11,2.07615025875826e-10,-9.1025635190652e-11,1.42628350529139e-11,1.39800271066634e-11,2.3382807818312e-11,-8.752608004965e-11,5.74352432980579e-11,1.44327306802097e-10,4.16805878277215e-11,-1.25324137624428e-11,-1.82318634541502e-11,8.02574123382497e-11,5.74867375389466e-11,1.10310535256539e-10,1.80858653154711e-10,-3.16394416829624e-11,-1.80827890017093e-11,-1.26175774637179e-10,1.47883192151045e-10,9.74566191395027e-12,-1.22348141647607e-10,1.91207024249875e-11,6.37755423018721e-11,-5.74957993240328e-11,-2.04426687629838e-10,4.81031974890397e-11,-1.19870543205141e-10,1.82373550467864e-10,-1.14696630606235e-10,-5.78384781449943e-11,2.53255690389626e-11,-7.47749746137288e-12,1.90671293377176e-11,-1.97993682768546e-10,7.66634960151607e-11,1.62838223967372e-10,-4.75968067279422e-11,-1.41422673568433e-10,-1.45752144162324e-10,5.1961596849516e-11,7.49312347467611e-12,-7.4407810022085e-11,-6.73950403284914e-11,9.57478285826111e-12,-8.53572781819333e-11,-1.46943745478863e-10,-6.97668163977521e-11,1.16529524092786e-10,-6.57478489443634e-11,1.52726497909404e-10,6.45359410574737e-11,-6.77964151939393e-11,-6.78912859169182e-11,-7.89810807225975e-11,-8.82027362770851e-11,2.81823604698277e-11,-8.56328387412035e-11,-1.38721191659992e-12,-1.83196683697132e-10,2.21066598869008e-11,-7.95898119334708e-11,-7.29896839219836e-11,-1.71611701564497e-10,1.67026377631168e-10,-1.78382596479231e-10,1.48355499916608e-10,3.44503601951172e-11,1.71013730257673e-10,-9.8451786264507e-11,-4.20242580907052e-11,-2.33400937576102e-11,-8.43859913192949e-11,-9.79321485008718e-11,-7.87084930301757e-11,-4.50598944455671e-11,3.4462912382194e-11,3.54275383368685e-11,-1.53893301312921e-11,-9.95542025730539e-11,1.8214977099545e-10,2.1805206757782e-10,1.36954573195279e-10,1.0897149785759e-10,5.39811393788564e-11,-8.05381905003625e-11,-1.11186568590179e-11,3.8816482524084e-11,-2.15857850782409e-11,6.39129590897057e-11,-8.19720149155382e-11,-9.23240993738601e-11,2.58475950152314e-11,4.28589220557217e-11,1.27767307648045e-10,5.3171517660421e-11,-6.3474365969283e-11,-1.51982975908424e-10,-1.28834204719917e-11,3.8156610412927e-10,8.84949179185855e-12,2.08270458980487e-11,-5.68327123650504e-11,-6.86386270080566e-11,-2.14726273219634e-10,1.81918576622288e-10,1.66899540263019e-10,1.02151711946127e-10,7.57683240574507e-11,1.90477737638497e-11,1.97428417816006e-10,-1.89268219823033e-10,-5.93571023893572e-11,-8.87338435437715e-11,6.2315327629754e-11,2.34582462417522e-11,-4.99528955999034e-11,1.26274788926857e-10,8.13142442307336e-12,1.91526135342425e-12,2.26287000471519e-11,9.35002438976085e-11,-8.12542796003983e-11,9.27091903067893e-11,-5.87341052077937e-11,-7.8425501592221e-11,-1.16147182413711e-10,-1.08894816975365e-10,1.08624301284579e-10,6.66963680969647e-12,-8.99913831430477e-11,1.07204494908069e-10,1.11141539066804e-10,-4.48487613837747e-11,1.62895751134186e-10,2.91309668874211e-11,9.09371183743651e-11,-4.74050089044087e-11,-5.55360504099191e-11,-9.73798501491926e-11,4.83864239361918e-11,2.31657601781509e-12,2.25964745369612e-10,-5.57563526232561e-11,7.8804281262598e-11,1.20446926955444e-10,1.76619364704819e-10,5.65425325672408e-11,1.10038274387776e-10,1.22584883222802e-10,3.09379186018479e-11,2.88591955781949e-11,-3.43217762005216e-11,8.29091574417346e-11,1.02697594753513e-10,8.30264487821807e-11,3.96877039367149e-11,-7.93452998710024e-11,-5.85169539816693e-11,-1.90716176776699e-10,2.51640652327801e-11,-9.52156260464959e-11,-1.96625260807446e-10,5.3115516605402e-12,-4.17672816916947e-11,1.20190960024919e-10,-1.29241870213197e-11,1.44211271585457e-10,-4.71926594971565e-11,3.86820052526743e-11,1.07136738149572e-11,-5.2272089422869e-11,-8.23207425446594e-11,-6.31366155365857e-11,1.01459437045502e-10,-4.46862552254995e-11,-1.67430343461974e-10,-7.60481078150749e-11,-2.07334070372927e-10,1.73721519744225e-10,-5.11199088110169e-11,-1.59308333151361e-11,-6.77820466859126e-11,-6.8601766797178e-11,1.25337075929705e-10,3.14521013730885e-11,8.49469775282788e-11,-6.65157500714747e-11,5.1718495978992e-11,-1.97610301994002e-10,5.52534182313007e-11,-7.16374532882914e-11,-6.474302280127e-11,1.54406775375151e-10,-2.70142057066514e-10,2.66667240879909e-11,-9.28991803110219e-11,6.32269193924246e-11,2.96323906437724e-10,1.31027141565591e-11,8.71624375095336e-11,-1.36370225787561e-10,6.88709140217343e-11,1.62293313737104e-11,-1.65836908950792e-11,9.83984590185557e-11,-6.1299414783713e-11,7.60664847264728e-11,-8.65023408220154e-11,7.60153322600833e-11,-8.8077725269274e-11,-9.0261179948087e-11,-3.99511494274804e-11,1.20881391140093e-10,-1.6315457733587e-11,5.18226089394732e-11,-4.90686462736508e-11,6.78480022350024e-11,-7.78799810075676e-11,4.49960443437005e-11,-3.1820328026635e-11,8.38888747475212e-11,7.73783072292775e-11,-5.54794809662605e-11,4.32947535866493e-11,-2.46164288377883e-10,2.62517849467948e-11,-1.44027951295115e-10,-1.63007238021757e-11,-7.74065617678342e-11,2.07488980490918e-10,-1.49752051706624e-12,1.9436797360973e-11,8.955201287853e-11,-1.68970797505481e-12,-1.02714911616949e-10,-1.84564085047083e-11,1.02306988452448e-10,-9.35678127068758e-11,2.1713017214942e-10,6.75882327694195e-11,1.5555269331518e-11,-4.20242592724726e-11,-1.51800412708001e-10,1.92203873223526e-11,-3.15370290932065e-11,9.95779111890068e-11,1.23284725391298e-11,-1.63157478462681e-10,-1.88704079576458e-10,-3.76725988296933e-11,-8.45231525842282e-12,4.8301711256235e-11,4.55296973494625e-11,-1.45822380409403e-10,7.27568909173594e-11,6.77247969118652e-12,-2.8440688171259e-10,-7.85611204634676e-11,-1.62225190092875e-11,2.96630075288161e-11,-7.5510860897601e-11,-5.20880506435755e-11,-1.54026559998574e-10,6.56794969754718e-11,-1.47048916830247e-11,-3.60196848490187e-11,1.7498340419083e-11,-1.23703123842924e-10,5.59957519357044e-11,-1.40893544913226e-12,-3.07034296401405e-11,-1.96344989080104e-11,-5.73814797513831e-11,-5.77757185913934e-11,-4.68614418614649e-11,2.03494459190076e-11,-4.88287960031221e-11,-8.94217342948537e-11,2.19967006245853e-12,1.45210700658071e-10,-1.2340354237339e-10,5.04931708040151e-11,1.78415480212301e-11,5.47114541175161e-11,-6.05278615480927e-11,1.97303420852489e-10,1.77398392385245e-10,5.1166455367194e-11,-1.26918015533283e-10,8.61543166088282e-12,5.37841630968516e-11,-1.90027152306242e-10,-2.59748011019389e-12,-7.56730322747341e-11,-1.30532220652632e-10,-4.04262390187239e-11,3.54123092473726e-11,1.1218510859842e-10,-4.56755153845366e-11,-4.95333282891129e-11,-1.37505218532595e-10,-4.54448378111112e-11,1.29685739114453e-10,9.22890027431975e-12,1.69636043968057e-11,-5.2026563820995e-11,6.1670725511738e-11,-9.32812014579423e-11,-1.66704515808255e-10,-7.19062123889692e-11,-1.65805764431503e-11,-1.61507643798184e-11,6.60148307749154e-11,-7.09410150991524e-11,-1.13079279225493e-11,-1.10619953198773e-11,3.35486022391173e-11,-2.9374252507796e-10,2.66031270207158e-11,1.15002884637217e-10,-9.73481360054878e-11,1.41038265874774e-10,7.07006048035866e-11,-1.34893108804344e-10,2.88188346545196e-11,-3.88501587408726e-11,1.24162117997025e-10,4.24703896992249e-11,-8.03306674239646e-11,-4.60946027708214e-11,-6.64309838889597e-11,9.31290876372623e-11,1.45335619171675e-11,2.35998014134053e-11,8.5996598365314e-11,-1.29634004596796e-10,1.07095941187014e-10,-4.81912216330986e-11,-3.19019145348431e-11,-1.09209082020751e-10,-2.36850202700283e-11,-2.59971535014664e-11,-1.84332303174036e-10,-2.78492389701679e-11,-1.26624971778635e-10,1.57710045502922e-10,-4.46928889225468e-11,4.40033225353464e-11,4.30967833186476e-12,-1.8591991277408e-10,7.23497337208977e-11,-1.8566251937967e-10,-9.88658094825885e-12,5.96293361939986e-11,-1.215922667754e-10,-9.07110957561908e-11,-4.9494591055901e-11,1.34015824708385e-10,-6.45934177785707e-11,1.63024972588877e-10,-5.33294899534584e-11,-1.89628018028022e-10,-1.14195675299305e-10,-2.36350538484833e-11,3.76287341494547e-11,4.89932251491445e-11,1.11186170354008e-10,-1.98111190758831e-10,-1.4869935187185e-10,2.82292224323125e-12,-8.11640439881192e-11,-9.7178535998047e-11,1.54272390965375e-10,6.85463969386826e-11,6.87321062091287e-11,-6.12110781560171e-11,-7.14513776814753e-11,-4.98869359298927e-11,5.02246212419879e-11,-8.82738348435909e-11,-5.94846087790621e-11,-7.25262150723193e-11,-5.64806704445679e-12,-2.87000721989953e-11,-1.05156631414783e-10,-2.29950036999072e-11,-7.42441128078246e-11,2.75903141514582e-11,-8.99800034919051e-11,4.066516944762e-11,-2.63603171463303e-10,8.8429288901872e-12,-3.50710849308334e-11,3.51617188515907e-11,-3.43751091084018e-11,5.88496846231762e-11,3.29875877269929e-11,5.3560607852235e-11,-2.59385125351418e-11,-8.56716918857734e-11,1.5261143224587e-10,1.29978113643102e-10,-5.30198948120895e-11,6.9188513900419e-11,1.08313001961031e-10,2.50078707629095e-11,3.04812101076526e-11,-2.42509815111917e-10,-7.53915594376062e-11,1.7796616784499e-11,-3.64852317084523e-11,4.71481697610205e-11,-4.50870940574858e-11,6.37016772466971e-11,1.66739309138014e-10,5.57910172534404e-11,-9.49731885266557e-11,-2.09615368069222e-11,-1.55751918151106e-10,-1.28041849472042e-10,7.74685066208815e-11,3.71197864586939e-11,-6.17805199427692e-11,-6.71145709859976e-11,6.96349578796774e-11,-9.1296505356689e-11,5.45807148777178e-11,-5.9232238520409e-11,7.5308857655051e-11,2.35245834267515e-10,-1.83080546070297e-11,-6.90727671277975e-11,2.81201784306792e-10,1.18465036588657e-10,-1.94444581067559e-11,-1.60617705329656e-10,-4.37081064124383e-11,-9.01352715430687e-11,-4.30873053137587e-11,3.89646240320313e-11,1.31026712454781e-10,-2.95527776339352e-10,-9.81608133244058e-11,1.1834913030332e-10,2.12583273495348e-10,-6.94565986297079e-11,8.14365210927e-12,-1.36519704532057e-10,8.80739962970591e-11,-3.84655702109814e-11,1.0889407755341e-10,1.96777618727652e-10,-6.80768380039187e-11,-1.81268583442352e-10,1.26502884077555e-10,2.0426199149768e-10,-7.44704191431238e-11,-6.3320903126537e-11,-6.84057799061072e-11,-1.33026673914973e-10,1.75063358351948e-11,-4.90625168425168e-11,-7.59221487605057e-12,2.22734765013795e-11,-1.3350737613909e-10,-1.14299750517321e-11,7.7344914056514e-11,4.32183970326736e-11,6.8185647349677e-11,-1.35458146590594e-10,5.84262251966285e-11,1.57744721436008e-10,1.10963569438595e-11,-1.03780629272504e-10,4.30607926697844e-11,8.64342350479124e-12,1.32205072951945e-10,-3.71873653620182e-11,3.75923194213967e-11,-1.50844263560616e-10,-3.83517693888132e-11,-2.34520194317681e-11,7.46136273758483e-11,-4.27303147293976e-11,-1.31121802283731e-10,-1.05699299849942e-10,-1.08624032246755e-11,-6.77247135008687e-11,-5.93610342137125e-11,-9.74281818332168e-11,5.99068067902156e-11,-1.08325130984112e-10,-2.70947873602124e-11,1.02503522739816e-10,-2.32783471909915e-11,-2.77759848415927e-11,5.5230046964965e-11,-4.91849531988844e-11,4.93964369118261e-11,1.06513720206388e-10,1.46825818580625e-11,-4.99133478644466e-11,-1.48001105930247e-10,-4.8396879911556e-11,-3.93278298052457e-13,1.4398022788565e-11,6.14506140782157e-11,-4.09454833178134e-11,-2.16408191356658e-11,-6.0919124338109e-11,-1.91486904963137e-10,2.07689329390108e-10,6.90794080421644e-11,1.99531542446677e-10,1.52031969417698e-10,-5.42694778827087e-11,-6.58143461597906e-11,-4.75722647428661e-11,7.60886495922711e-11,-2.59998865192828e-11,-1.8239907781291e-11,-8.13558774385406e-11,-1.3734906884752e-11,-4.02718317740461e-11,1.3457374144775e-10,3.88427517848996e-11,9.4264880888945e-11,-2.70733132702313e-11,8.00459437027583e-11,1.70117566544161e-11,4.25254589858248e-13,1.38019567237934e-10,-3.00721382649093e-10,-1.26151081141863e-10,-7.81740935780043e-11,-3.00892112987948e-10,-4.34363686028237e-10,-2.91619756949301e-10,-3.88284048214805e-10,-4.95089995034179e-10,-4.8027465390581e-10,-4.26813674932843e-10,-7.08676922615754e-10,-5.11800515078466e-10,-6.61527348079596e-10,-7.8262307143698e-10,-7.15154405319455e-10,-8.26417217035341e-10,-8.01647984495742e-10,-8.23239708388984e-10,-9.52200509198122e-10,-9.39050726824491e-10,-1.01748299511382e-09,-1.41503801333399e-09,-1.05840447680695e-09,-1.2614771397002e-09,-1.30907574826881e-09,-1.2290717022516e-09,-1.67134870762145e-09,-1.38143438054529e-09,-1.48710549280533e-09,-1.42384362651458e-09,-1.50135611616256e-09,-1.60116295923379e-09,-1.68012321454559e-09,-1.73065709096974e-09,-2.06277230294763e-09,-1.90983667452049e-09,-1.92411149311528e-09,-1.90765691212678e-09,-2.13344854080186e-09,-2.02618358869463e-09,-2.10450352815415e-09,-2.29195860430924e-09,-2.36089999320332e-09,-2.41418800443432e-09,-2.30195885254671e-09,-2.44236465750739e-09,-2.34968889017016e-09,-2.36997221581227e-09,-2.66603576813147e-09,-2.74947987026219e-09,-2.8117257088513e-09,-2.97996172505107e-09,-2.96054670865032e-09,-2.88656075324538e-09,-2.79499404859204e-09,-2.90762694640385e-09,-3.08135297271028e-09,-3.16467972387171e-09,-3.21410984421407e-09,-3.08051507354629e-09,-3.13548506957542e-09,-3.28297836709218e-09,-3.12733341041917e-09,-3.39117013755062e-09,-3.08961856514862e-09,-3.29153604091772e-09,-3.10061976777689e-09,-3.30760063183652e-09,-3.1388026383069e-09,-3.2778879024224e-09,-3.10517835074349e-09,-3.21971875278066e-09,-3.15290343682802e-09,-3.210217205697e-09,-2.67940860720306e-09,-2.699129092328e-09,-2.4614477208158e-09,-2.05352309882637e-09,-1.81777799004079e-09,-1.27392939046128e-09,-9.23268768917889e-10,-2.4401733508498e-10,5.42368106299179e-10,1.44585284236763e-09,2.79491343394633e-09,4.36352065942298e-09,6.24164509072879e-09,8.80910050334827e-09,1.22154900191576e-08,1.6360622361049e-08,2.21665619807622e-08,3.01193191430198e-08,4.10191973051598e-08
