v,0.25
Patm,100000
g,9.81
r,500
G,10^9.5
rho,2700
mu,10^2.69
rc,14
 
M,10^5.47
sigma,0.1
 
tilt_erupt,48.2252nrad
 
-1366,-1365,-1364,-1363,-1362,-1361,-1360,-1359,-1358,-1357,-1356,-1355,-1354,-1353,-1352,-1351,-1350,-1349,-1348,-1347,-1346,-1345,-1344,-1343,-1342,-1341,-1340,-1339,-1338,-1337,-1336,-1335,-1334,-1333,-1332,-1331,-1330,-1329,-1328,-1327,-1326,-1325,-1324,-1323,-1322,-1321,-1320,-1319,-1318,-1317,-1316,-1315,-1314,-1313,-1312,-1311,-1310,-1309,-1308,-1307,-1306,-1305,-1304,-1303,-1302,-1301,-1300,-1299,-1298,-1297,-1296,-1295,-1294,-1293,-1292,-1291,-1290,-1289,-1288,-1287,-1286,-1285,-1284,-1283,-1282,-1281,-1280,-1279,-1278,-1277,-1276,-1275,-1274,-1273,-1272,-1271,-1270,-1269,-1268,-1267,-1266,-1265,-1264,-1263,-1262,-1261,-1260,-1259,-1258,-1257,-1256,-1255,-1254,-1253,-1252,-1251,-1250,-1249,-1248,-1247,-1246,-1245,-1244,-1243,-1242,-1241,-1240,-1239,-1238,-1237,-1236,-1235,-1234,-1233,-1232,-1231,-1230,-1229,-1228,-1227,-1226,-1225,-1224,-1223,-1222,-1221,-1220,-1219,-1218,-1217,-1216,-1215,-1214,-1213,-1212,-1211,-1210,-1209,-1208,-1207,-1206,-1205,-1204,-1203,-1202,-1201,-1200,-1199,-1198,-1197,-1196,-1195,-1194,-1193,-1192,-1191,-1190,-1189,-1188,-1187,-1186,-1185,-1184,-1183,-1182,-1181,-1180,-1179,-1178,-1177,-1176,-1175,-1174,-1173,-1172,-1171,-1170,-1169,-1168,-1167,-1166,-1165,-1164,-1163,-1162,-1161,-1160,-1159,-1158,-1157,-1156,-1155,-1154,-1153,-1152,-1151,-1150,-1149,-1148,-1147,-1146,-1145,-1144,-1143,-1142,-1141,-1140,-1139,-1138,-1137,-1136,-1135,-1134,-1133,-1132,-1131,-1130,-1129,-1128,-1127,-1126,-1125,-1124,-1123,-1122,-1121,-1120,-1119,-1118,-1117,-1116,-1115,-1114,-1113,-1112,-1111,-1110,-1109,-1108,-1107,-1106,-1105,-1104,-1103,-1102,-1101,-1100,-1099,-1098,-1097,-1096,-1095,-1094,-1093,-1092,-1091,-1090,-1089,-1088,-1087,-1086,-1085,-1084,-1083,-1082,-1081,-1080,-1079,-1078,-1077,-1076,-1075,-1074,-1073,-1072,-1071,-1070,-1069,-1068,-1067,-1066,-1065,-1064,-1063,-1062,-1061,-1060,-1059,-1058,-1057,-1056,-1055,-1054,-1053,-1052,-1051,-1050,-1049,-1048,-1047,-1046,-1045,-1044,-1043,-1042,-1041,-1040,-1039,-1038,-1037,-1036,-1035,-1034,-1033,-1032,-1031,-1030,-1029,-1028,-1027,-1026,-1025,-1024,-1023,-1022,-1021,-1020,-1019,-1018,-1017,-1016,-1015,-1014,-1013,-1012,-1011,-1010,-1009,-1008,-1007,-1006,-1005,-1004,-1003,-1002,-1001,-1000,-999,-998,-997,-996,-995,-994,-993,-992,-991,-990,-989,-988,-987,-986,-985,-984,-983,-982,-981,-980,-979,-978,-977,-976,-975,-974,-973,-972,-971,-970,-969,-968,-967,-966,-965,-964,-963,-962,-961,-960,-959,-958,-957,-956,-955,-954,-953,-952,-951,-950,-949,-948,-947,-946,-945,-944,-943,-942,-941,-940,-939,-938,-937,-936,-935,-934,-933,-932,-931,-930,-929,-928,-927,-926,-925,-924,-923,-922,-921,-920,-919,-918,-917,-916,-915,-914,-913,-912,-911,-910,-909,-908,-907,-906,-905,-904,-903,-902,-901,-900,-899,-898,-897,-896,-895,-894,-893,-892,-891,-890,-889,-888,-887,-886,-885,-884,-883,-882,-881,-880,-879,-878,-877,-876,-875,-874,-873,-872,-871,-870,-869,-868,-867,-866,-865,-864,-863,-862,-861,-860,-859,-858,-857,-856,-855,-854,-853,-852,-851,-850,-849,-848,-847,-846,-845,-844,-843,-842,-841,-840,-839,-838,-837,-836,-835,-834,-833,-832,-831,-830,-829,-828,-827,-826,-825,-824,-823,-822,-821,-820,-819,-818,-817,-816,-815,-814,-813,-812,-811,-810,-809,-808,-807,-806,-805,-804,-803,-802,-801,-800,-799,-798,-797,-796,-795,-794,-793,-792,-791,-790,-789,-788,-787,-786,-785,-784,-783,-782,-781,-780,-779,-778,-777,-776,-775,-774,-773,-772,-771,-770,-769,-768,-767,-766,-765,-764,-763,-762,-761,-760,-759,-758,-757,-756,-755,-754,-753,-752,-751,-750,-749,-748,-747,-746,-745,-744,-743,-742,-741,-740,-739,-738,-737,-736,-735,-734,-733,-732,-731,-730,-729,-728,-727,-726,-725,-724,-723,-722,-721,-720,-719,-718,-717,-716,-715,-714,-713,-712,-711,-710,-709,-708,-707,-706,-705,-704,-703,-702,-701,-700,-699,-698,-697,-696,-695,-694,-693,-692,-691,-690,-689,-688,-687,-686,-685,-684,-683,-682,-681,-680,-679,-678,-677,-676,-675,-674,-673,-672,-671,-670,-669,-668,-667,-666,-665,-664,-663,-662,-661,-660,-659,-658,-657,-656,-655,-654,-653,-652,-651,-650,-649,-648,-647,-646,-645,-644,-643,-642,-641,-640,-639,-638,-637,-636,-635,-634,-633,-632,-631,-630,-629,-628,-627,-626,-625,-624,-623,-622,-621,-620,-619,-618,-617,-616,-615,-614,-613,-612,-611,-610,-609,-608,-607,-606,-605,-604,-603,-602,-601,-600,-599,-598,-597,-596,-595,-594,-593,-592,-591,-590,-589,-588,-587,-586,-585,-584,-583,-582,-581,-580,-579,-578,-577,-576,-575,-574,-573,-572,-571,-570,-569,-568,-567,-566,-565,-564,-563,-562,-561,-560,-559,-558,-557,-556,-555,-554,-553,-552,-551,-550,-549,-548,-547,-546,-545,-544,-543,-542,-541,-540,-539,-538,-537,-536,-535,-534,-533,-532,-531,-530,-529,-528,-527,-526,-525,-524,-523,-522,-521,-520,-519,-518,-517,-516,-515,-514,-513,-512,-511,-510,-509,-508,-507,-506,-505,-504,-503,-502,-501,-500,-499,-498,-497,-496,-495,-494,-493,-492,-491,-490,-489,-488,-487,-486,-485,-484,-483,-482,-481,-480,-479,-478,-477,-476,-475,-474,-473,-472,-471,-470,-469,-468,-467,-466,-465,-464,-463,-462,-461,-460,-459,-458,-457,-456,-455,-454,-453,-452,-451,-450,-449,-448,-447,-446,-445,-444,-443,-442,-441,-440,-439,-438,-437,-436,-435,-434,-433,-432,-431,-430,-429,-428,-427,-426,-425,-424,-423,-422,-421,-420,-419,-418,-417,-416,-415,-414,-413,-412,-411,-410,-409,-408,-407,-406,-405,-404,-403,-402,-401,-400,-399,-398,-397,-396,-395,-394,-393,-392,-391,-390,-389,-388,-387,-386,-385,-384,-383,-382,-381,-380,-379,-378,-377,-376,-375,-374,-373,-372,-371,-370,-369,-368,-367,-366,-365,-364,-363,-362,-361,-360,-359,-358,-357,-356,-355,-354,-353,-352,-351,-350,-349,-348,-347,-346,-345,-344,-343,-342,-341,-340,-339,-338,-337,-336,-335,-334,-333,-332,-331,-330,-329,-328,-327,-326,-325,-324,-323,-322,-321,-320,-319,-318,-317,-316,-315,-314,-313,-312,-311,-310,-309,-308,-307,-306,-305,-304,-303,-302,-301,-300,-299,-298,-297,-296,-295,-294,-293,-292,-291,-290,-289,-288,-287,-286,-285,-284,-283,-282,-281,-280,-279,-278,-277,-276,-275,-274,-273,-272,-271,-270,-269,-268,-267,-266,-265,-264,-263,-262,-261,-260,-259,-258,-257,-256,-255,-254,-253,-252,-251,-250,-249,-248,-247,-246,-245,-244,-243,-242,-241,-240,-239,-238,-237,-236,-235,-234,-233,-232,-231,-230,-229,-228,-227,-226,-225,-224,-223,-222,-221,-220,-219,-218,-217,-216,-215,-214,-213,-212,-211,-210,-209,-208,-207,-206,-205,-204,-203,-202,-201,-200,-199,-198,-197,-196,-195,-194,-193,-192,-191,-190,-189,-188,-187,-186,-185,-184,-183,-182,-181,-180,-179,-178,-177,-176,-175,-174,-173,-172,-171,-170,-169,-168,-167,-166,-165,-164,-163,-162,-161,-160,-159,-158,-157,-156,-155,-154,-153,-152,-151,-150,-149,-148,-147,-146,-145,-144,-143,-142,-141,-140,-139,-138,-137,-136,-135,-134,-133,-132,-131,-130,-129,-128,-127,-126,-125,-124,-123,-122,-121,-120,-119,-118,-117,-116,-115,-114,-113,-112,-111,-110,-109,-108,-107,-106,-105,-104,-103,-102,-101,-100,-99,-98,-97,-96,-95,-94,-93,-92,-91,-91,-90,-89,-88,-87,-86,-85,-84,-83,-82,-81,-80,-79,-78,-77,-76,-75,-74,-73,-72,-71,-70,-69,-68,-67,-66,-65,-64,-63,-62,-61,-60,-59,-58,-57,-56,-55,-54,-53,-52,-51,-50,-49,-48,-47,-46,-45,-44,-43,-42,-41,-40,-39,-38,-37,-36,-35,-34,-33,-32,-31,-30,-29,-28,-27,-26,-25,-24,-23,-22,-21,-20,-19,-18,-17,-16,-15,-14,-13,-12,-11,-10,-9,-8,-7,-6,-5,-4,-3,-2,-1,0
-9.99794222343264e-11,-3.76379946461348e-11,1.61649290798789e-11,-2.10813163516585e-11,-1.76494635951503e-10,1.92848633719152e-10,-5.97250474289655e-11,-6.38428779099896e-11,-4.28593574083897e-12,-4.61976729995897e-11,-5.47565410119233e-11,-8.84271040245006e-11,1.5672002529383e-10,-7.19363906612049e-11,-1.00336469209521e-11,-1.22694819038653e-10,8.21091649403016e-11,2.30355611784233e-10,2.06157507316519e-11,-3.33442929150206e-11,7.22382102924243e-11,-2.944716983883e-11,-7.51321177510731e-11,-1.9575912431434e-10,-3.50557520744485e-11,-8.15868034937821e-11,1.51929008680522e-10,-2.10567590716773e-11,-1.426012109108e-10,-1.35449393505402e-10,-2.05934024470944e-11,-3.55390274180406e-11,1.14506707621296e-10,-7.03662317549181e-11,1.89023691456251e-10,-1.72265386520284e-10,-1.88071002660009e-11,1.23095178671971e-10,4.08640286913976e-11,1.47821803449722e-10,3.35349974891708e-11,-1.19000945391544e-10,-9.14230744822851e-11,-8.74655544768984e-11,-1.00183964686116e-10,1.18724027096847e-10,-2.03915559924655e-11,7.8041135874904e-11,-6.23782709354269e-11,-1.38076078653734e-11,-1.42615633157015e-11,2.29577762399057e-10,-7.44916772797786e-11,-4.44885327996057e-11,-1.26969335038354e-11,-1.33677573514706e-10,3.54013617129043e-11,-1.51464330673823e-10,1.44328651101095e-10,1.20369332661384e-10,-2.96024261795394e-11,4.20963375325054e-11,5.8436103411705e-11,2.75231229920658e-10,-8.1539180085519e-11,9.38548956653479e-11,1.20803312411942e-10,-7.27633812319044e-11,4.28854788832604e-11,8.74552720784847e-11,4.08807983623147e-11,6.11302384655172e-11,1.47041964085717e-10,-4.01358556999292e-11,6.4913439644093e-11,9.85135544552492e-11,-1.19692612370455e-10,5.6723537987881e-13,-4.89026999790056e-11,-7.76620824392939e-11,-1.28552035147422e-10,-3.45414067013497e-11,1.25442397485511e-10,4.38721531153063e-12,6.41596018439571e-11,-8.12396520375985e-11,2.5024973871765e-10,6.91244728702033e-11,-1.12674265697375e-10,2.32434083154778e-11,2.72495018814767e-11,1.06634004954036e-11,-8.95957257441761e-11,-6.89073387984956e-12,6.62236687071457e-12,1.25412199993288e-10,-7.43027199776697e-11,6.99048652842197e-11,4.89799407198701e-11,-3.19985282039239e-11,1.03326264098781e-10,-5.79593526580142e-12,8.88533802881143e-11,1.04659333483552e-10,-3.30083019634996e-11,-1.02933960957787e-11,-6.54302356805519e-11,-3.76568978514703e-11,-3.73166768436225e-11,-1.2701486463679e-10,-2.11402461203544e-10,1.12776099687348e-10,1.4614919637327e-10,2.54433834551393e-11,1.59211691881396e-11,-1.65125066922842e-10,-5.96215157063762e-11,1.15558898973822e-10,8.59796775928185e-13,4.10835622237037e-11,-3.50512121758334e-11,-8.43494154124224e-11,6.32023549505209e-13,-2.40633586947204e-11,3.85616793290931e-11,-9.69107321210801e-11,-5.40254299474088e-11,-7.77735027032089e-11,1.14567836206152e-10,6.88596984680075e-11,-1.15302976006316e-10,8.00438959593285e-11,1.02807426913761e-10,1.42845590694889e-12,1.45987230963798e-10,3.60584759639682e-11,-1.24105794169315e-10,1.70259472288488e-10,-1.29326667869786e-11,-3.9625005830586e-11,-1.48967000302679e-10,2.28369717023872e-11,6.72130059561216e-11,1.24835055702863e-10,-9.15047232097534e-11,-5.98728392962949e-11,-9.30644322633224e-11,5.66730235281061e-11,-1.27575611444632e-11,-1.62999781609646e-11,4.535837335376e-12,-2.0080290122971e-11,-1.5114110760417e-10,-1.10129045477881e-10,9.20244065575772e-12,1.63228824117921e-11,7.10569105117525e-11,-8.10703841517777e-11,-1.30964575163128e-10,-7.80908199921943e-11,-1.29510762027266e-10,1.80799618919565e-11,7.44120185901073e-11,1.22583706122203e-11,-1.28202734078667e-10,-8.16360891819178e-11,5.44521461269589e-13,-1.38240515913397e-10,-8.94106381439876e-11,-1.2574340743132e-10,1.93024508263964e-10,1.55047747064531e-11,3.16702890330916e-11,4.30420940033818e-11,1.38117410085352e-11,1.0147551183117e-10,-2.40860225689643e-11,8.9978034157003e-12,1.57343257907439e-10,1.65340416150674e-10,1.89172262039408e-10,-1.07064701290502e-10,-4.71479323749071e-11,-8.70764070914854e-11,4.60727989757369e-11,2.49242848056459e-11,1.66070079938734e-10,-2.57902476173982e-11,5.50752507068648e-11,6.67050137784116e-11,1.45470761303449e-10,-1.72422867139564e-10,1.93682728144457e-10,-4.50122316580322e-11,5.05305067495147e-11,2.08673376912204e-11,1.54593963755613e-10,4.28282305810132e-11,6.72021051986766e-11,4.06258586705095e-11,1.12324258160245e-10,-5.82641316692204e-11,2.69719775403315e-11,1.84688424251655e-11,-7.01632852246882e-11,1.53142613223768e-10,9.53598071529486e-11,4.49157194696127e-11,1.54528199890531e-10,-1.20093916970008e-11,-1.77033862964189e-10,3.68905609515498e-11,-4.5037758168498e-11,1.8134132358073e-10,4.17106936126993e-11,-2.63478391890317e-11,-1.67429230429145e-10,1.17425445228565e-10,8.47729436141357e-11,2.29229905775121e-10,-1.14321083175186e-10,2.51820747366041e-11,7.87122246839848e-11,-2.72357590944998e-10,-4.34698526385867e-11,1.33043231224126e-11,-7.04724631324758e-11,1.48015642778858e-10,-2.02851655451507e-11,-1.90232976338878e-11,2.12748078959011e-11,-9.69128651613106e-11,-4.70391900879799e-11,7.58930284050076e-12,6.74654925477554e-11,-1.42478981465368e-11,7.98999561329933e-11,-3.19388598568468e-11,-1.07803322722449e-10,3.8625047561657e-11,1.33940817646558e-10,1.78888092865011e-10,2.1587708890283e-10,9.47855001490976e-11,3.42655975075199e-13,-1.523635720575e-10,-6.32272633385297e-11,-1.72884660941612e-11,-1.11989384800811e-10,1.19668812793902e-11,1.92632283134472e-10,6.71491453846499e-11,2.58388436507655e-11,1.74013253072121e-11,3.52311784425632e-11,1.91057243995065e-10,1.68742822987506e-11,2.87500951095149e-10,6.73879874075366e-11,6.03607995839614e-11,-4.5230962748793e-11,1.2116487572961e-10,-2.10453281483787e-11,8.87697330094275e-11,8.98993080800306e-11,8.78703877832761e-11,-1.72425807501236e-10,7.07431661245e-12,-1.44730514451509e-10,-1.42948129365543e-10,6.53641561349398e-11,-8.00741000962763e-12,2.0941075475353e-10,-2.41263828394277e-10,6.85593063182807e-11,-1.62223206508419e-10,-1.11589236215941e-10,-1.16272687985671e-10,9.45776526600368e-11,-9.71104879560043e-11,6.43661547447891e-11,-1.31768152643229e-11,-1.68832393683784e-11,-2.50681196402342e-11,9.46085874033301e-11,1.6183073480884e-10,-2.30443365001068e-10,2.1303202844589e-11,3.38175134400543e-11,7.41916322719007e-11,1.24882417437884e-10,-2.22164297317413e-10,1.39561357313606e-10,-1.02909238528864e-10,7.23596711063663e-11,-2.31204203666978e-11,-1.19003332273571e-11,-4.67982279500535e-11,-1.08726175745036e-10,1.50632132076802e-11,4.29037463018761e-11,6.35442455826205e-12,1.07956904929755e-10,1.51928618635025e-10,-6.39421294592035e-11,-1.02809642314262e-11,-1.23687182991882e-10,1.68786016940186e-10,2.01122848308277e-10,-3.51895819900955e-11,5.56484934711312e-11,-1.19798092636204e-10,-9.12916147710989e-11,-9.2725172646852e-11,7.6089320668254e-11,4.49361844338064e-12,-1.07107532106358e-10,-1.93530717174478e-10,3.85542872707329e-11,2.1025961190302e-11,9.9251134093509e-11,-1.43948688409858e-10,7.35401839642432e-11,-5.64756129849285e-11,-5.47712216915047e-11,5.00280278037722e-11,-1.38936364920207e-11,1.92775056467448e-10,-2.40915056348602e-11,-5.56575515530107e-11,-3.08393217545492e-11,-6.3425287431461e-11,7.4611715629102e-11,1.1274005370023e-10,-5.01532137045659e-11,-2.06949437614368e-11,4.482471944113e-11,4.56996862261213e-12,5.30378562090423e-11,-1.32204221069405e-11,-1.26461658548437e-10,2.85853910692202e-11,7.12334352339192e-11,1.02930674665303e-10,-7.83946786726119e-11,2.48722261809397e-10,2.8210884838854e-11,1.12598229748374e-10,-1.29949166611834e-10,-6.09720820624924e-11,9.77706242242041e-11,4.80871525062735e-11,4.26705158879678e-11,1.798987852072e-11,-1.29204723189419e-10,-7.69321414095994e-11,2.5981599765814e-11,7.30498277181737e-11,2.00762541295082e-10,-1.82662305018874e-11,-1.02812631532075e-10,1.54189276338891e-10,9.37683412478708e-11,5.8754578990478e-11,-2.28807287782581e-10,1.2833161354341e-11,-9.54270310132138e-11,-5.69913224908255e-11,-7.08370388802493e-11,1.18936307796575e-10,-5.82795098115056e-11,-7.03344354661564e-12,2.64934786718077e-10,7.04113196795605e-11,-1.20327477532723e-10,7.16391015949822e-11,1.10577263606805e-10,-5.17242452120015e-11,-2.00403858484343e-10,-7.9249518704207e-11,1.4618406822982e-10,1.2293618273451e-10,-2.10838876152055e-10,1.58243110835234e-10,-1.04825886891839e-10,-3.91141228654838e-11,1.05419599035351e-10,7.14421805209811e-11,5.87578394540884e-11,1.61550057862731e-11,5.39306413498685e-11,1.20215785554999e-10,-5.17848106617419e-11,-1.27498083384061e-10,-1.73337330291465e-13,-9.46166185268478e-11,3.00170890265435e-11,1.38435437934126e-10,-7.14269793689017e-11,-9.94968481656661e-11,-2.91536583965185e-12,7.25063087946371e-11,2.3899060312694e-10,-1.97664378453241e-10,-4.2848649388934e-11,-1.1276361237636e-10,3.3259056189043e-11,4.96741279534018e-11,-9.44667415445205e-11,-3.47629759830098e-11,-1.7310587269248e-11,-7.35426769432472e-11,-1.0085144746583e-10,-7.61540772425541e-11,7.47007212317546e-11,-7.3228163148696e-11,-1.98937777345136e-10,7.39571607305993e-11,2.30081177296366e-10,1.11269621992093e-10,1.75013503632131e-11,-1.4018884050141e-10,-4.87960372056889e-11,7.01544237697034e-11,1.04069199020361e-10,4.97724138429658e-11,2.50206326306784e-11,6.41606510706079e-12,-1.83114745203207e-11,2.14451409350939e-10,9.90984205830589e-12,6.51398439214183e-11,-3.45791517951035e-12,1.25037750965307e-10,1.78454452332031e-11,3.25772937064154e-11,1.97945747124408e-10,-1.44313563741295e-10,-9.47312350331092e-11,7.69709140760408e-11,-2.78173369240893e-11,1.0649851589534e-10,-2.35330147876329e-11,-1.55363244362744e-11,-4.33326214091276e-11,-5.97726996675416e-11,-2.74671373040201e-11,2.90701708129922e-11,-1.75975341640585e-10,-6.62845697707281e-11,4.24970843852353e-11,-1.1265528776268e-11,-5.81406623058019e-11,1.04549178272049e-12,1.62960829698405e-10,6.2322278133262e-11,-8.83723414396641e-11,-1.49446245836843e-10,-3.52709202556639e-11,3.06786850499566e-11,1.61356790304241e-11,7.71488859848719e-11,-7.25130820855709e-11,1.11181436277178e-10,1.52697015430361e-10,5.05992177154228e-11,-1.96692579239137e-11,1.13204585223086e-10,-2.39130011394397e-10,1.11091521274357e-10,1.24802219566261e-10,-4.20056410456223e-11,3.8315101549921e-11,2.782466311269e-12,5.00181984264158e-11,9.33398914597739e-11,-2.719595466721e-11,-1.22262570112063e-10,-1.08910107217205e-11,-7.42796614239551e-11,1.53349854746648e-10,-3.38779776393318e-11,1.3160483421227e-12,5.67129281276212e-11,-5.50778204688707e-11,1.51482766920901e-11,1.39494721495213e-10,8.56678595524122e-11,-5.56327840448213e-11,2.9945643583593e-12,3.81742888186119e-11,8.79713241994243e-11,3.83161007807897e-11,1.91647251906962e-11,-1.20605392315707e-10,-3.3093341394999e-11,-1.29302197766042e-10,-1.0169740812547e-10,-5.81324268747721e-11,1.63710048009624e-11,-3.07263210249665e-11,1.02373346069059e-10,1.0666802845932e-10,-1.21825706276411e-10,-1.25145769771619e-10,2.41159871735364e-11,-5.97293772169683e-11,6.34949760030469e-12,-8.08591047231196e-11,7.97869280743596e-11,1.34598457243055e-11,1.17279801597315e-10,1.31268624357561e-10,1.0217347719874e-10,6.03413120188697e-11,-2.24248539691678e-10,8.2589881323921e-11,-5.92149523832784e-12,2.91075654024207e-12,-1.35339239538477e-10,-4.11379709734689e-11,-7.49161154445324e-11,-5.38785065740148e-11,4.04584569980797e-11,-7.32252578197732e-11,-1.47202494391981e-10,-4.15230828850708e-11,-1.58627135806895e-10,-1.50584613514655e-10,1.84465901741772e-10,1.20244148337276e-11,-1.50596229230396e-10,2.30785188266541e-11,5.94400431576464e-11,2.80604828575671e-11,-1.59222042387812e-10,1.06273816300477e-11,1.00517432262515e-10,2.0790812508143e-10,-2.18028890251009e-10,1.48846098959021e-10,1.69568693543746e-10,3.84986740422812e-11,-2.08202295475947e-10,-1.90213458046843e-10,-1.38836151104864e-11,-9.32331945695e-11,-6.05069538692493e-11,-1.91339383025945e-11,-6.5118477687316e-11,9.01590323700227e-11,5.20984270137696e-11,-6.69260895461344e-11,-1.00431746202157e-10,-1.23667452057837e-10,-9.07625372773863e-11,-3.02180662937754e-11,1.48582998059996e-10,2.61763664639545e-11,1.84805961302839e-11,-5.98055961879943e-11,2.40558963129737e-10,-5.36854039052559e-13,1.47292164167113e-10,1.13309250343127e-10,2.17701627890412e-11,2.78990369872191e-12,5.23912751250997e-11,-5.60465755377857e-11,1.51117219322355e-10,3.07351775902289e-11,-4.28091152702259e-11,1.57315433376274e-11,5.53300134809839e-11,-8.3844292686952e-11,-2.03187556198965e-10,-1.2876387643174e-10,7.75307129764456e-11,5.10753529218408e-11,2.81493201924154e-10,-1.21262096682894e-10,-7.36909549812889e-11,8.46259940845609e-11,2.20032246761045e-10,-6.62090671751103e-12,-1.55287858835718e-10,-1.17777505924939e-10,-9.79444733834288e-11,-7.52836255315558e-11,-8.97662324640072e-11,-1.6273547607472e-10,1.16728741950044e-10,-1.32267058820215e-10,5.09405013035878e-11,-8.00224902601516e-11,8.99111830299652e-11,-1.05042200958825e-10,-1.32731721673777e-10,2.6508249913593e-11,-1.91780484038709e-10,1.8740508190768e-11,-1.56949696727425e-10,-2.60695020546493e-11,-1.77484858373019e-10,4.9699733541121e-11,1.78314369068381e-11,8.44169423302316e-11,5.46812538408816e-11,-2.64405854632168e-12,1.11121916258434e-10,-6.61135773756833e-11,-1.45086137501867e-10,1.24760167967792e-11,6.97681963852698e-11,-7.14417025152247e-11,-3.57020885451323e-11,7.6473723096287e-11,-2.00017315525959e-10,-3.13113291593178e-11,-2.83452294391326e-10,-1.70689235528049e-10,8.4978751951369e-11,4.38631964307289e-11,-1.34660811359461e-11,9.79550860280741e-11,1.25377322894303e-11,4.65491634195046e-11,-1.07272414501595e-10,-1.3134978703553e-11,6.62339097128515e-11,-1.55888598659758e-11,5.72504370939951e-12,-8.05448088852085e-11,-7.61519722638252e-11,-2.0806543654673e-10,-6.28582267023797e-11,2.34448550926855e-11,4.41469429229566e-11,3.76329282746241e-11,8.87902798896721e-11,-1.11001492894529e-10,-5.29574023669609e-11,-1.02684474111144e-10,1.95431459020705e-11,4.4475174275643e-11,-1.10771401983997e-10,-3.82202737522956e-12,3.515328249611e-11,-1.90769088598626e-10,-2.24888959757248e-11,9.13173963145866e-12,-7.25828046017365e-11,-5.57020073009424e-11,-3.40789405737923e-11,-4.30111081021273e-11,9.53616743272252e-11,-3.2029798258267e-12,-5.09031849474236e-11,2.67613393253688e-11,-1.49650159475698e-10,-1.39715033764577e-10,5.04827587596657e-11,1.10580514632709e-10,-9.37343093156249e-11,1.02297121244975e-10,-3.70521946009491e-11,-1.31226148446905e-10,-7.3690941884115e-12,-1.16725263623856e-10,-1.65600703726933e-10,2.37126650687687e-10,-3.06508393045143e-11,-7.09390929083911e-11,-2.51787774458532e-11,-3.6045071467301e-11,-8.5400439492818e-11,3.45442703620362e-11,3.20732087803156e-11,-1.66388452736534e-10,-1.1224795766886e-11,-9.95494974443709e-11,-9.05910739014618e-11,-1.89572959258994e-10,-4.46337041583718e-11,1.46989281698867e-10,3.59864658451123e-11,2.42344915673745e-10,1.31832823071061e-10,-1.28478821626469e-12,9.27843483340534e-11,6.42415908728066e-11,8.70107335254336e-11,-1.42258708864252e-10,3.90413265821262e-11,2.1578695327828e-10,-4.77321204573906e-11,9.87690898443853e-11,8.67235566009921e-11,1.53487027532198e-11,2.63391152829916e-11,-1.80963801325684e-10,-6.77424052390375e-11,-1.12673362602114e-10,-8.14518290438305e-11,-5.83880727066222e-11,5.13408740795046e-11,1.48747161803883e-11,1.2949977751507e-10,-5.61943955388065e-11,-1.71897134886898e-11,1.39353859618275e-10,-1.1145995267957e-11,9.71231300609273e-11,-1.40609718163185e-10,-1.13404966954946e-10,1.6193779325745e-11,1.54102562808718e-11,-1.40301495961902e-10,-9.67739977701904e-11,-2.33444767263783e-11,-1.1588179947547e-10,-3.91444522621957e-11,3.71720848649925e-11,-1.03321538338856e-10,3.1092398262135e-12,1.76702085983288e-10,1.07543510239872e-10,-2.681979575699e-11,-7.43930294529378e-11,1.43233218180808e-11,3.32036771314685e-11,-8.28444426893307e-12,7.44153838654428e-11,8.51753073887955e-11,8.14785900219119e-11,-4.79778750617319e-11,3.82748200588573e-11,1.36120131563233e-10,-2.13503248618017e-12,-4.79273773567879e-13,1.21884306993748e-10,-5.23892023691651e-11,1.17390863799989e-10,8.61511982694783e-11,2.09269286898361e-10,-1.33933525541769e-10,-8.19109179780063e-11,1.89799520813621e-10,-2.37246444302646e-11,1.69694305210455e-10,-1.07082997491077e-10,-1.24361659000198e-10,4.84026030130432e-11,8.44933751841703e-11,1.52276633123519e-10,-6.13070661762418e-11,1.009080540103e-11,-1.54123746520056e-11,7.45282461610026e-11,3.94803488237105e-11,3.65771614215736e-12,1.65689903783948e-10,-7.66790641653005e-11,-1.14283597442678e-10,-2.24137694790464e-10,1.24591533380588e-11,1.95948794422377e-10,4.63105423115264e-11,-2.20044254634412e-10,-1.4888891937597e-12,3.46080744278717e-11,1.40664373712538e-10,4.9883807824597e-11,1.27161277606284e-10,7.9995063031486e-11,-9.36903957046956e-11,1.2756063714723e-10,1.70266222684556e-10,-1.99628167495106e-11,6.61999591504651e-11,-4.44942733150595e-11,-4.72838803626052e-11,7.28381971486969e-11,-2.93108581646198e-11,-9.43049783280101e-11,-5.71107244756638e-11,-1.31698470042766e-10,1.52366224652578e-11,-5.35658655084752e-11,4.04840372821564e-11,-8.25757255276271e-11,-4.59223466459535e-11,3.03006737968286e-12,-8.89500348345364e-13,1.2788967073491e-10,2.24996548019613e-10,7.25443408707757e-11,-1.07279647530146e-11,6.74387545152269e-11,-2.74192336387079e-11,1.90657720993697e-11,-2.39257591379977e-10,-3.88719678169086e-11,-2.18286596226756e-11,1.6511488179132e-10,9.13394781221666e-11,1.06051272836747e-10,-4.5358524374956e-12,-6.86914890349765e-12,1.55930874323619e-10,9.98245022154018e-11,1.7986560378885e-10,1.2637616202863e-10,-4.57410937228712e-11,1.25372332936305e-10,-7.19098809930746e-11,1.67832576124366e-11,1.52571271748285e-10,-7.25433185501861e-11,-2.48807272413411e-11,6.97620890330031e-11,2.47503596597432e-11,7.95109835577207e-11,1.65267005215847e-10,-5.75143426589633e-11,-4.94638278061982e-11,1.22485984222028e-10,9.05150434909361e-11,6.05210603778855e-11,1.08679848857711e-10,9.01039766628881e-11,-1.43785746979746e-12,8.36676183878171e-11,8.81937838557064e-11,1.71102847930229e-11,-9.26996931943728e-11,6.29515293279322e-11,1.13021840473932e-10,-7.64878368245772e-11,3.15006576817565e-11,-1.27344338645187e-11,9.45536086086953e-11,5.03208440397999e-11,6.23041078273925e-11,-8.05549819918889e-11,6.6454912797615e-11,1.2613368795265e-10,4.95910882036327e-11,2.11732362500445e-11,1.74646666547936e-10,7.13946212455619e-12,-1.23804487207856e-10,-4.86229941511639e-11,-1.66387549518708e-10,-1.13268457189661e-10,1.303675749742e-11,-1.73709765616031e-10,1.23681493452014e-10,-4.04859329352013e-11,7.98353625210684e-11,4.22741963964021e-11,2.90708903359079e-11,1.1035533222216e-10,9.55952434472809e-11,8.59181707076476e-11,5.13197555645884e-11,9.2334188359364e-11,3.00678062353205e-12,-6.88684119294648e-11,-3.94967485317631e-11,1.56323304258749e-11,-3.36444034227477e-11,-3.94039012408567e-11,1.67759555408422e-10,2.37416341043332e-11,-2.81055530282035e-11,2.16117045407917e-10,1.99728634112516e-10,4.49054327338511e-11,-1.68420704608927e-10,1.00663173873578e-10,-6.12853622138298e-11,8.31888914430273e-11,1.77909326944321e-10,1.00192150816066e-10,-4.69372089074717e-11,-2.62669756141783e-11,3.51457480521272e-11,-1.98768994507353e-10,-2.36635819031343e-11,1.3603329476495e-11,6.38864289076755e-11,1.9621997611586e-10,1.71408730702929e-10,-2.17511830330581e-10,-1.14414486560021e-10,3.33363759639103e-11,2.31667322584962e-10,1.97015259348129e-11,-2.22428768820622e-10,9.28492433305758e-11,-2.74403435327276e-10,1.01128874384383e-10,-1.8205012157264e-10,8.00154687167696e-11,1.97399293832354e-10,-1.02562804670661e-10,9.54717359580448e-11,-1.50301522409483e-10,7.22613647690463e-11,8.05845192407566e-11,-1.08933655353872e-10,-1.53866083012222e-10,4.77842635375028e-11,-1.05858849923271e-10,1.51617922795718e-11,-6.22115369023743e-11,1.42527102788576e-11,8.35716131842703e-11,6.98282125456644e-11,-1.62994690472646e-10,1.33915779024756e-11,1.47419123630323e-10,-1.9743361888553e-10,-7.68579294306882e-11,5.20308182023847e-11,-6.24946497708317e-11,8.89790506076676e-12,-2.63205292145333e-11,9.04656624029423e-11,-9.96455170493825e-11,2.12564559934275e-11,-5.00157829367429e-11,-1.3330846755491e-10,1.19906521224003e-11,4.92045029223581e-11,-1.19426505872211e-10,5.35761177926601e-11,1.14674394872636e-10,-2.15665999044253e-11,-1.14252815285553e-11,1.53674954156436e-10,1.6681917230622e-10,-1.27795974540689e-10,-2.6140275705567e-11,-2.28387297236675e-10,6.96930289732006e-11,-2.94129741854829e-11,1.37847805655013e-11,1.37934462705936e-10,6.97123957818933e-11,-1.26015543149407e-11,-1.41214290156995e-10,3.30351869321103e-11,-3.19439993517207e-11,1.04222137978754e-10,8.87919634662063e-11,-1.41170736587392e-10,-2.54339214621188e-11,-5.35927708861497e-11,3.29493595329703e-11,2.69614817845354e-11,2.18400635372667e-11,-2.06211185312386e-10,6.02327376426054e-11,-8.08086369989738e-12,-1.55547514822159e-11,-7.98539721409542e-11,-1.15995402263692e-10,4.28637196410976e-11,1.12245083539852e-10,-6.85908856429755e-11,-5.96303979272382e-11,-1.39780082084374e-11,4.84094751878641e-11,-9.49822940961375e-11,3.17070251716793e-11,9.96184731448648e-11,6.32383877989131e-11,-5.49613263178497e-11,7.26069192742607e-11,1.45533168319993e-11,-1.62714379623776e-10,-3.3182369022655e-11,1.4747275532362e-10,-1.21818404621427e-10,1.73505036887475e-11,7.92158577004303e-12,8.61072648458925e-11,-8.3487887796285e-11,-1.38694324916252e-10,-5.0356891716609e-11,-2.7146119107696e-11,2.28998042861492e-11,1.84554315016242e-11,6.79578900510396e-11,4.16140760094366e-11,4.49395229036442e-11,-1.16102720016777e-10,-6.80077697829357e-11,-3.49895642964072e-11,1.14470972222858e-10,1.36359749722047e-10,1.29068886841541e-10,1.2301620167137e-10,-5.39219867094191e-11,6.76776945046816e-11,3.13945885376508e-11,-2.60602547949005e-11,8.26839226616143e-11,-6.06895401976945e-11,-1.00506971175865e-10,-1.45948431749319e-10,-1.58720684919797e-10,4.09311255904479e-11,-1.41214291983969e-10,7.97020881923143e-11,3.20357916939478e-11,-3.35645931287739e-11,2.4041785682259e-13,9.86086101281855e-11,-7.90051174718421e-11,4.5596362119683e-11,-1.13563405484834e-10,-8.25880181531206e-11,4.39398487360706e-11,1.72504442899293e-10,1.172840639875e-11,4.55938470401036e-11,7.21484786621267e-11,-1.82476251056119e-11,1.2709286076597e-10,1.42489564845319e-11,2.61962306711259e-11,4.44285098566965e-11,-1.05858643340523e-10,3.65800400307777e-11,5.67689084542905e-12,3.31625530510838e-11,5.9533648040988e-11,1.00834580198129e-10,-9.80008036322981e-11,9.67043203226033e-11,-8.17657833240631e-11,1.76524274005725e-10,7.20585664823617e-11,-7.40357791661133e-11,-5.72914391947783e-11,1.23058859039999e-10,8.95235962312057e-11,3.07643673969599e-11,-8.47280404052701e-11,8.32833700830675e-11,3.22125232699579e-10,-2.54926580262417e-10,5.6643007700844e-11,2.07406608383569e-11,3.10816096381619e-10,-9.07687277122253e-11,3.44387934246153e-11,-5.76760709287218e-11,-8.68716075240326e-11,6.71685085913673e-11,1.70962208267004e-10,-1.24461353271321e-10,3.09042777344319e-11,1.04632318953173e-10,-3.80788319987964e-11,1.05561966331815e-10,-5.89763135506113e-11,8.00484738193159e-11,-7.62914451516776e-11,-5.35770814798233e-12,-1.04296563546099e-10,-5.95360030891295e-11,-7.68899628289366e-11,-9.09827627132998e-11,2.01321184167661e-11,-1.28439669160861e-10,-1.79811766772713e-11,3.53677392977182e-11,1.52739433540029e-10,-1.07589056269603e-11,-3.18913243786861e-11,7.97150783021142e-11,1.0935439552578e-10,1.58439147221211e-10,5.65715199061868e-11,-1.86933665395505e-11,-1.01393015938921e-10,5.74250075100215e-11,-9.51420889350658e-12,7.46203030747824e-11,-6.72601011008443e-11,-6.43663224049425e-11,-1.19607545846514e-10,1.60156681756629e-10,-2.92476190664015e-10,3.18197099334265e-11,-2.3375085537619e-10,3.38051356416079e-11,1.15048356910489e-10,-1.62805322480227e-10,-2.7259834549293e-11,-3.40553662194085e-11,-5.7238785484398e-11,8.70292202417992e-12,-4.35696584605989e-11,-1.13378239310256e-11,-3.49630544790981e-11,-8.53768358094855e-11,-1.77489644183204e-11,3.51807822885115e-11,1.30638404940173e-10,-4.87985261377613e-11,1.52486874297853e-10,2.6588358785273e-11,4.07153335106663e-11,-3.35154416009633e-11,1.61374853802204e-10,-1.42921065925653e-10,5.79079682659839e-11,4.14780725408487e-11,-3.73779453615176e-12,-7.11198010853925e-11,4.72450022118793e-11,-5.0016647394467e-11,7.78747803782244e-11,-1.41717914119677e-10,2.53085357191035e-11,-2.49687487935505e-10,-1.85057009465765e-10,8.15274877179762e-12,-3.23702618294524e-11,-6.28428521835994e-12,8.23141475704805e-11,-1.12963999023167e-11,-4.44911962984937e-11,-6.19469872688931e-11,1.10094279219142e-10,-1.46728087603481e-10,-9.87388161757238e-11,-3.41540475183154e-11,-2.17925843409239e-10,4.59996029743298e-12,-2.43518810571647e-10,-1.62352970669313e-10,3.55982314804714e-11,2.27453747429768e-12,-9.0207836591668e-11,-1.27402805297166e-10,-9.83594385544623e-12,-1.48015546928006e-11,-4.27540257158852e-11,-9.72086606564334e-12,2.46693313179061e-11,-1.13487391812671e-10,5.71884658169565e-11,-6.76057031382347e-11,-1.3691495036053e-10,-1.42070053048547e-11,-1.49135369279692e-11,-3.94755512146813e-11,-9.43388494439943e-11,-7.03689707284566e-11,1.78287545208038e-10,-5.70614664688e-11,-2.06121128193578e-10,4.56938913331432e-11,4.26416128944893e-11,-2.0179394556573e-10,7.58908690416638e-11,3.86301920425228e-11,-1.06288927334794e-10,7.65892600842561e-11,4.7379304544868e-11,4.5800782138617e-12,1.92237824866079e-10,1.96636314978724e-11,-1.04315128507321e-10,1.60805247189238e-10,6.10096354392827e-11,-7.58637920785422e-11,2.88340993211667e-11,-1.08735098504657e-10,2.08066045676745e-11,1.71013669660741e-10,-2.83738623139053e-11,3.7165794562584e-12,3.59623243780861e-11,1.92147345260909e-10,7.31748178599861e-11,-5.46339937884678e-11,-2.39662998932552e-10,8.926974109307e-11,-2.30752142514599e-10,-3.92573108317497e-11,-7.75307804165937e-11,3.26519402859728e-11,1.00743443225919e-10,-3.98293145877085e-11,1.89857794734273e-10,-3.48851781313021e-11,-6.46247322846725e-11,-1.63822353998802e-11,1.42902913406251e-10,5.83128639531205e-11,7.84515202384454e-11,5.16428498198386e-11,4.33791372102205e-13,5.09606637441117e-11,7.27333858410286e-11,9.61819488003191e-11,1.73398040267688e-10,-1.00071118154609e-10,8.84007432751737e-11,-1.6039730426589e-11,-3.08841076539324e-11,-1.28965443337279e-10,-1.11550193958361e-10,7.57901356199948e-13,1.2692774570647e-10,-1.30441337971789e-10,1.1895004934141e-10,2.89017248002522e-11,-5.30444491475703e-11,-7.44625240310716e-11,-1.33951118397453e-10,6.02325920396304e-11,-5.56263955142537e-13,-2.29933161430184e-11,7.07974237250601e-11,4.27509374420056e-11,-6.13678490506938e-11,2.5274776651132e-11,-1.70105776238878e-10,-9.29588569754194e-11,-6.45031166396068e-11,5.16512289951653e-11,-3.61744049893116e-11,8.83500205302816e-11,-6.9543769308949e-11,-2.97715434414825e-11,1.10800458576115e-10,-5.44724141399921e-11,-9.83436919538745e-11,1.48725354469575e-10,1.41213935970585e-10,-4.30913816803955e-12,-2.48026836208686e-11,-5.72062389873854e-11,-6.56403187035535e-11,-1.0077672109062e-10,-1.78788391874886e-10,-7.08365829859317e-11,3.07560964243206e-11,-1.19372874271584e-10,-1.17538822717344e-11,-1.16797490159727e-10,-3.77196830986078e-11,2.48979660731767e-11,-1.16302204310952e-10,-3.31928733540694e-12,1.85344127328732e-10,4.6563833116375e-11,1.4500563912869e-10,1.40215291505591e-11,2.3380274759822e-11,1.57624298024274e-10,6.86468364794271e-11,6.47373931554436e-11,-1.93393440087314e-10,-4.46461340957409e-11,-6.04108710463541e-12,-6.15180470170888e-12,5.65822537707068e-11,5.69382527343096e-11,-9.53961793730632e-11,-9.61975341204641e-11,-1.10175697620448e-10,-3.28763486939347e-10,-1.62083488056264e-10,-3.78802181138179e-10,-3.04655391674913e-10,-5.78899741939274e-10,-3.08929989130839e-10,-4.02818987001345e-10,-5.19963694404385e-10,-4.40474107468607e-10,-4.5903643538227e-10,-6.33346508334211e-10,-7.37971481419364e-10,-4.63711491399945e-10,-7.4276266929616e-10,-7.24642402458588e-10,-7.95184443596402e-10,-9.51551362444531e-10,-7.7542463325741e-10,-9.719441433217e-10,-9.63053202367124e-10,-1.00384535258991e-09,-1.11681077434746e-09,-1.09742732635586e-09,-1.19032168436636e-09,-1.12480107090485e-09,-1.16609592416469e-09,-1.39202453401945e-09,-1.41694104346355e-09,-1.42042144670062e-09,-1.56852186835255e-09,-1.46637830197767e-09,-1.54079971797591e-09,-1.62054393962912e-09,-1.58241831355629e-09,-1.59236587140754e-09,-1.84657512860698e-09,-1.67916147618179e-09,-1.69594334741979e-09,-1.94147119644761e-09,-1.83855072436538e-09,-1.88562421052219e-09,-2.07006683837202e-09,-2.03334902520322e-09,-2.07505147940548e-09,-2.04790701679423e-09,-2.03126359440957e-09,-2.24893096591378e-09,-2.20848682049855e-09,-2.29196273004728e-09,-2.31503216144369e-09,-2.28495130732107e-09,-2.25067462585034e-09,-2.3723098758082e-09,-2.51329378729822e-09,-2.33765839652932e-09,-2.58282097888383e-09,-2.60609725718769e-09,-2.41651741008051e-09,-2.53050427845963e-09,-2.67516834389588e-09,-2.5036777024514e-09,-2.39676957339514e-09,-2.34533162699277e-09,-2.3142664220942e-09,-2.24158037455373e-09,-2.31444059066571e-09,-2.10925279510184e-09,-2.00148917896978e-09,-2.00081684610024e-09,-1.60427463153251e-09,-1.68420439976524e-09,-1.34337869341608e-09,-1.04658008624093e-09,-5.48225461453492e-10,-1.41302532094427e-10,4.91385666619886e-10,1.27885247713461e-09,2.13163156959851e-09,2.88177508667043e-09,4.42706873719637e-09,5.90597791110995e-09,8.26469978295247e-09,1.0858148824819e-08,1.46889954036443e-08,1.97027362774495e-08,2.59928462951349e-08,3.52139896832384e-08,4.82567467511507e-08
