v,0.25
Patm,100000
g,9.81
r,500
G,10^9.5
rho,2700
mu,10^2.69
rc,14
 
M,10^5.83
sigma,0.5
 
tilt_erupt,106.123nrad
 
-1176,-1175,-1174,-1173,-1172,-1171,-1170,-1169,-1168,-1167,-1166,-1165,-1164,-1163,-1162,-1161,-1160,-1159,-1158,-1157,-1156,-1155,-1154,-1153,-1152,-1151,-1150,-1149,-1148,-1147,-1146,-1145,-1144,-1143,-1142,-1141,-1140,-1139,-1138,-1137,-1136,-1135,-1134,-1133,-1132,-1131,-1130,-1129,-1128,-1127,-1126,-1125,-1124,-1123,-1122,-1121,-1120,-1119,-1118,-1117,-1116,-1115,-1114,-1113,-1112,-1111,-1110,-1109,-1108,-1107,-1106,-1105,-1104,-1103,-1102,-1101,-1100,-1099,-1098,-1097,-1096,-1095,-1094,-1093,-1092,-1091,-1090,-1089,-1088,-1087,-1086,-1085,-1084,-1083,-1082,-1081,-1080,-1079,-1078,-1077,-1076,-1075,-1074,-1073,-1072,-1071,-1070,-1069,-1068,-1067,-1066,-1065,-1064,-1063,-1062,-1061,-1060,-1059,-1058,-1057,-1056,-1055,-1054,-1053,-1052,-1051,-1050,-1049,-1048,-1047,-1046,-1045,-1044,-1043,-1042,-1041,-1040,-1039,-1038,-1037,-1036,-1035,-1034,-1033,-1032,-1031,-1030,-1029,-1028,-1027,-1026,-1025,-1024,-1023,-1022,-1021,-1020,-1019,-1018,-1017,-1016,-1015,-1014,-1013,-1012,-1011,-1010,-1009,-1008,-1007,-1006,-1005,-1004,-1003,-1002,-1001,-1000,-999,-998,-997,-996,-995,-994,-993,-992,-991,-990,-989,-988,-987,-986,-985,-984,-983,-982,-981,-980,-979,-978,-977,-976,-975,-974,-973,-972,-971,-970,-969,-968,-967,-966,-965,-964,-963,-962,-961,-960,-959,-958,-957,-956,-955,-954,-953,-952,-951,-950,-949,-948,-947,-946,-945,-944,-943,-942,-941,-940,-939,-938,-937,-936,-935,-934,-933,-932,-931,-930,-929,-928,-927,-926,-925,-924,-923,-922,-921,-920,-919,-918,-917,-916,-915,-914,-913,-912,-911,-910,-909,-908,-907,-906,-905,-904,-903,-902,-901,-900,-899,-898,-897,-896,-895,-894,-893,-892,-891,-890,-889,-888,-887,-886,-885,-884,-883,-882,-881,-880,-879,-878,-877,-876,-875,-874,-873,-872,-871,-870,-869,-868,-867,-866,-865,-864,-863,-862,-861,-860,-859,-858,-857,-856,-855,-854,-853,-852,-851,-850,-849,-848,-847,-846,-845,-844,-843,-842,-841,-840,-839,-838,-837,-836,-835,-834,-833,-832,-831,-830,-829,-828,-827,-826,-825,-824,-823,-822,-821,-820,-819,-818,-817,-816,-815,-814,-813,-812,-811,-810,-809,-808,-807,-806,-805,-804,-803,-802,-801,-800,-799,-798,-797,-796,-795,-794,-793,-792,-791,-790,-789,-788,-787,-786,-785,-784,-783,-782,-781,-780,-779,-778,-777,-776,-775,-774,-773,-772,-771,-770,-769,-768,-767,-766,-765,-764,-763,-762,-761,-760,-759,-758,-757,-756,-755,-754,-753,-752,-751,-750,-749,-748,-747,-746,-745,-744,-743,-742,-741,-740,-739,-738,-737,-736,-735,-734,-733,-732,-731,-730,-729,-728,-727,-726,-725,-724,-723,-722,-721,-720,-719,-718,-717,-716,-715,-714,-713,-712,-711,-710,-709,-708,-707,-706,-705,-704,-703,-702,-701,-700,-699,-698,-697,-696,-695,-694,-693,-692,-691,-690,-689,-688,-687,-686,-685,-684,-683,-682,-681,-680,-679,-678,-677,-676,-675,-674,-673,-672,-671,-670,-669,-668,-667,-666,-665,-664,-663,-662,-661,-660,-659,-658,-657,-656,-655,-654,-653,-652,-651,-650,-649,-648,-647,-646,-645,-644,-643,-642,-641,-640,-639,-638,-637,-636,-635,-634,-633,-632,-631,-630,-629,-628,-627,-626,-625,-624,-623,-622,-621,-620,-619,-618,-617,-616,-615,-614,-613,-612,-611,-610,-609,-608,-607,-606,-605,-604,-603,-602,-601,-600,-599,-598,-597,-596,-595,-594,-593,-592,-591,-590,-589,-588,-587,-586,-585,-584,-583,-582,-581,-580,-579,-578,-577,-576,-575,-574,-573,-572,-571,-570,-569,-568,-567,-566,-565,-564,-563,-562,-561,-560,-559,-558,-557,-556,-555,-554,-553,-552,-551,-550,-549,-548,-547,-546,-545,-544,-543,-542,-541,-540,-539,-538,-537,-536,-535,-534,-533,-532,-531,-530,-529,-528,-527,-526,-525,-524,-523,-522,-521,-520,-519,-518,-517,-516,-515,-514,-513,-512,-511,-510,-509,-508,-507,-506,-505,-504,-503,-502,-501,-500,-499,-498,-497,-496,-495,-494,-493,-492,-491,-490,-489,-488,-487,-486,-485,-484,-483,-482,-481,-480,-479,-478,-477,-476,-475,-474,-473,-472,-471,-470,-469,-468,-467,-466,-465,-464,-463,-462,-461,-460,-459,-458,-457,-456,-455,-454,-453,-452,-451,-450,-449,-448,-447,-446,-445,-444,-443,-442,-441,-440,-439,-438,-437,-436,-435,-434,-433,-432,-431,-430,-429,-428,-427,-426,-425,-424,-423,-422,-421,-420,-419,-418,-417,-416,-415,-414,-413,-412,-411,-410,-409,-408,-407,-406,-405,-404,-403,-402,-401,-400,-399,-398,-397,-396,-395,-394,-393,-392,-391,-390,-389,-388,-387,-386,-385,-384,-383,-382,-381,-380,-379,-378,-377,-376,-375,-374,-373,-372,-371,-370,-369,-368,-367,-366,-365,-364,-363,-362,-361,-360,-359,-358,-357,-356,-355,-354,-353,-352,-351,-350,-349,-348,-347,-346,-345,-344,-343,-342,-341,-340,-339,-338,-337,-336,-335,-334,-333,-332,-331,-330,-329,-328,-327,-326,-325,-324,-323,-322,-321,-320,-319,-318,-317,-316,-315,-314,-313,-312,-311,-310,-309,-308,-307,-306,-305,-304,-303,-302,-301,-300,-299,-298,-297,-296,-295,-294,-293,-292,-291,-290,-289,-288,-287,-286,-285,-284,-283,-282,-281,-280,-279,-278,-277,-276,-275,-274,-273,-272,-271,-270,-269,-268,-267,-266,-265,-264,-263,-262,-261,-260,-259,-258,-257,-256,-255,-254,-253,-252,-251,-250,-249,-248,-247,-246,-245,-244,-243,-242,-241,-240,-239,-238,-237,-236,-235,-234,-233,-232,-231,-230,-229,-228,-227,-226,-225,-224,-223,-222,-221,-220,-219,-218,-217,-217,-216,-215,-214,-213,-212,-211,-210,-209,-208,-207,-206,-205,-204,-203,-202,-201,-200,-199,-198,-197,-196,-195,-194,-193,-192,-191,-190,-189,-188,-187,-186,-185,-184,-183,-182,-181,-180,-179,-178,-177,-176,-175,-174,-173,-172,-171,-170,-169,-168,-167,-166,-165,-164,-163,-162,-161,-160,-159,-158,-157,-156,-155,-154,-153,-152,-151,-150,-149,-148,-147,-146,-145,-144,-143,-142,-141,-140,-139,-138,-137,-136,-135,-134,-133,-132,-131,-130,-129,-128,-127,-126,-125,-124,-123,-122,-121,-120,-119,-118,-117,-116,-115,-114,-113,-112,-111,-110,-109,-108,-107,-106,-105,-104,-103,-102,-101,-100,-99,-98,-97,-96,-95,-94,-93,-92,-91,-90,-89,-88,-87,-86,-85,-84,-83,-82,-81,-80,-79,-78,-77,-76,-75,-74,-73,-72,-71,-70,-69,-68,-67,-66,-65,-64,-63,-62,-61,-60,-59,-58,-57,-56,-55,-54,-53,-52,-51,-50,-49,-48,-47,-46,-45,-44,-43,-42,-41,-40,-39,-38,-37,-36,-35,-34,-33,-32,-31,-30,-29,-28,-27,-26,-25,-24,-23,-22,-21,-20,-19,-18,-17,-16,-15,-14,-13,-12,-11,-10,-9,-8,-7,-6,-5,-4,-3,-2,-1,0
4.42650981842079e-10,-3.20080434554698e-11,3.57272842631815e-10,1.39589617047225e-11,3.80982482313682e-11,4.51240436228856e-10,9.11541884951225e-11,-9.60456914607176e-10,1.12849387931324e-09,4.0402288174528e-10,3.65705177098698e-10,-1.30836696371311e-09,6.8282286780211e-10,2.48329947727914e-10,8.86085758137422e-10,-3.26798339755199e-10,1.27293398935507e-09,5.90900660500808e-11,1.74907710215839e-11,-2.77775038173534e-11,-4.60954267132641e-10,1.55668138793389e-10,-4.2689692709064e-10,1.68689383528472e-10,-5.25938260223514e-10,2.79105352353805e-10,3.39591652129375e-10,7.73170772882138e-10,4.2476872470841e-10,1.65555055939256e-10,5.59227990542711e-10,6.8073995503845e-10,4.89478747446113e-11,6.56194815296515e-10,-3.221456595388e-10,-1.31839722582914e-09,-1.3091352968553e-09,-4.23211851103089e-11,-3.59898006129816e-11,-3.97494829433313e-10,-7.456907629795e-10,-1.44868424800368e-09,7.22452586823224e-10,3.70467769608043e-10,2.76132535784322e-10,-1.4397474695806e-10,-6.1558879604452e-10,-1.27317153594297e-10,-1.33625271975257e-09,-2.27958161060747e-10,-5.427980509699e-10,-8.18727378783309e-11,5.30218316634878e-10,-2.44643157264494e-10,6.4677868108425e-10,-3.33096895652966e-10,3.91866010770657e-10,7.93069537196013e-10,-2.14138749312405e-10,-2.6492069053704e-10,9.80774649945119e-10,-1.32159601234897e-10,-3.30922024877142e-10,7.18762177065928e-10,-3.05236270479772e-11,-6.71222615014756e-10,-6.8077251298518e-10,6.12517211020154e-10,-7.09993623676407e-10,-1.28693968827159e-10,3.49668460096e-10,-3.17638220558323e-10,-2.31580380061983e-10,1.51255428511227e-11,2.02779820294805e-10,5.96739224418618e-11,2.48992873533406e-10,-3.53228122193956e-10,-6.62032550008735e-11,4.5259672860613e-10,-4.19497069701651e-11,2.2358505149581e-10,2.67460626780188e-10,2.44982005012959e-11,5.29098814731668e-11,1.71226100815424e-10,-2.91568349650183e-10,2.70113028515061e-10,1.293390424746e-10,-3.62755795238487e-10,-3.06738874185307e-10,-1.44102387116946e-10,3.94413977757862e-11,1.10008050777057e-09,-3.37958859819986e-10,5.73798070261844e-10,4.10099417035328e-10,-2.65372736206136e-10,-1.09676451862849e-10,5.05618039214304e-10,1.82723331243637e-10,-6.84895407908886e-10,1.5978061840916e-11,-1.1179707379956e-10,2.99760434488604e-10,4.59248878366742e-10,-7.54465054008592e-10,-6.04275335156665e-10,-6.56966140818097e-10,-7.8425239517594e-10,5.38600579025584e-10,-3.76063681718209e-11,5.9861072625063e-11,-4.70605299558965e-10,-7.26826138311732e-10,-3.78719090672102e-11,8.98538442953118e-10,-8.06541654361713e-10,-1.58206484475196e-10,8.15087772897502e-10,8.16584384516622e-10,3.42370763916008e-10,3.89829132742674e-10,-6.20804611966127e-10,-5.66435919990291e-11,1.47813320349168e-09,-3.00850707400064e-10,1.01650235427473e-09,-3.39627567598035e-10,-2.53338271442227e-10,-6.65544999127113e-10,-8.9568201084227e-10,-1.10999313065378e-09,9.24131592683816e-10,-2.81072986854884e-10,-4.59253625652614e-10,1.01207812876541e-10,7.18800378792839e-10,7.35641496511388e-10,2.74087697875408e-10,-4.26090451641421e-10,-1.44707410660517e-10,-2.96681584947711e-10,5.12141506070271e-10,-9.05616026816748e-11,-3.04950749331629e-10,-1.63357684805457e-10,-1.16465079459932e-10,4.52831294637053e-10,5.17969633686957e-11,2.82364561444105e-10,-1.40113619078305e-10,-6.59272491794797e-11,8.03206452181693e-10,1.26482878735491e-09,7.60797150374132e-11,4.92682427508632e-10,2.38463402753586e-10,-1.88777304700468e-10,-6.34277109961023e-10,-8.44173127772649e-10,5.73683249097354e-10,-2.0116695254474e-10,2.1870711937147e-10,8.38413586693553e-10,7.18329573228109e-10,4.99188997757062e-10,2.77558694103662e-10,-1.12551714647609e-10,5.91689227697744e-10,-5.96672306374064e-10,-1.63367358418619e-10,-8.21151544852877e-10,-3.66058252074133e-10,-8.35959227058236e-10,3.50476554079869e-11,4.15301538725784e-10,2.39341056132222e-10,-2.12304141612031e-10,-4.96351519168238e-10,1.01053131074866e-10,3.07774836939182e-10,-4.58150211605841e-10,9.61828772437086e-10,-7.7357319369932e-10,-3.66909007986817e-10,-3.06214712804814e-11,6.66882299980336e-11,4.61260039920602e-10,-1.45519225183087e-10,8.24689042674108e-10,7.31754384329e-11,-8.45081897997314e-10,4.67178585763922e-10,8.24071188062729e-10,7.21400880676885e-11,2.71310995125479e-11,-7.53316526821892e-10,-3.47736688480566e-10,8.37315511994631e-11,-8.24933465178486e-10,5.27999026902373e-10,-2.59188375406257e-11,-4.95873642955879e-10,4.57511037021985e-10,3.55511154029464e-10,4.76622077022422e-10,-6.73846810987636e-10,-4.66161259748973e-10,-1.16260971641596e-12,1.02748317210557e-10,4.13276916865472e-11,-5.71819046725919e-10,-2.73549902731067e-10,-1.27419668983635e-10,5.12472167444813e-10,-7.34483216094134e-10,-5.03871956106951e-10,1.43653525793356e-11,-8.40014205972651e-11,-9.36252166936265e-11,7.42750937240731e-10,1.54072574092059e-10,9.33193345745309e-11,-6.02630130814836e-10,1.099486772792e-09,-1.69335764941653e-10,4.2625136845809e-10,9.0425274907987e-10,2.25045049144114e-10,-2.42369526668237e-10,1.43762499321763e-09,3.4799726777893e-10,2.33730768908781e-11,3.74832681340904e-10,2.13184479272923e-10,2.40338302001666e-10,-5.84954253946505e-10,5.65043987671613e-10,-7.62068623667644e-10,7.27299029083376e-12,1.36745979032286e-10,-1.10900101901225e-09,2.1980711993381e-10,1.12171458733487e-10,-2.44411436543175e-10,8.31909429127964e-11,3.08221529159072e-10,-5.65441164225149e-10,4.14174929679261e-11,-4.81315947505497e-11,6.42169044266193e-10,-7.85673069323723e-10,-2.58521548459826e-10,1.68429246179606e-10,1.20639239364877e-09,9.28836793206549e-10,4.08517755904377e-10,2.95095988885219e-10,-5.80631738970956e-10,6.21942659405397e-10,7.89359368860493e-10,-5.72650499067762e-10,9.86529816577925e-10,-3.05908922988371e-10,-5.74107631911034e-10,1.55419612414729e-10,-7.59482764771695e-10,-3.75665062540681e-10,1.44690156163473e-10,6.68359634873244e-10,2.76709518096275e-10,2.99183392979653e-10,-4.89878849863463e-10,-2.03245117209243e-10,-2.33280142211508e-10,-9.05469445754749e-11,3.89284422998466e-10,-2.88695997987176e-11,8.87563178860022e-10,1.39137295450058e-10,-3.75647449200345e-10,4.6625738212751e-10,-8.11231609930323e-10,-2.79859866062641e-10,-7.03727530761444e-10,-4.70811005344089e-10,8.76989098631842e-11,1.58386157375436e-11,2.1187360641372e-10,2.48864098299075e-10,-4.96556166268482e-10,1.96317280658315e-10,-5.15314490499092e-10,-2.28145197519717e-10,1.2525993628385e-10,1.97546549162987e-10,3.51427552324384e-11,-4.82876679698749e-11,-1.9756876285625e-10,3.01618143959827e-10,-6.66769648289598e-10,1.13264665352815e-10,9.06101966166727e-10,3.76720391543086e-10,-5.09027007229554e-10,4.33858548787227e-10,1.30820054223734e-10,4.42092426946873e-10,1.8416317350224e-10,2.3067290445734e-10,-9.98273214451547e-10,-2.57823234046252e-10,2.60087358551209e-10,-2.77031605239333e-10,-7.55504076982566e-11,1.4653803151017e-10,-9.16006342359886e-10,-2.91515360127468e-10,-2.98510451302088e-10,6.24360219419613e-10,-1.69019763107015e-10,6.25002843896529e-10,3.05442665592006e-10,-1.07975606674829e-10,1.45369282152688e-10,3.9956821062914e-10,-3.76913607470724e-10,-1.21885020183131e-09,-6.79900564469428e-10,4.01330062382882e-10,-7.44809142175947e-10,5.52770958285515e-10,-1.70909769038054e-10,-5.16648333248284e-10,-2.41635400325989e-10,-2.86664336179366e-10,-8.8051928790079e-10,5.81507223978038e-10,-3.73277535543368e-10,6.74311415240262e-10,-5.5882598569107e-10,5.18534093794695e-11,3.88366452435968e-10,6.85007331292816e-10,4.29716793271202e-10,4.27079282451313e-10,1.18530887819105e-10,-1.00135800963817e-10,-2.39724199417117e-10,2.33076756331515e-10,-3.56062699382802e-10,-2.10291801013361e-10,-1.90041706235964e-10,4.30240312193584e-11,-8.38766973933472e-11,-1.19052488313308e-10,-1.29633110034165e-09,-4.78828530250668e-10,1.99094638234331e-10,-4.41662279247289e-10,1.57965226724544e-10,-4.86245678029716e-11,-1.55817486762338e-10,3.00648266718643e-10,1.62521179196793e-10,-6.86019352191252e-10,-3.02455426298183e-10,-3.66295507109618e-10,9.70103083471973e-10,2.35193974326421e-10,4.457175462302e-10,3.78921691343056e-10,3.74824796997133e-11,9.87376075629992e-10,2.76128835119811e-10,1.7726669377006e-10,-1.27021133551871e-10,-2.78185436059319e-10,-3.19836818562298e-10,-6.91648442447167e-10,-2.09833439091134e-10,-7.05078259788151e-10,-1.14408005742294e-09,-7.83387690573869e-10,-2.62889524477994e-10,7.14176181840117e-10,-3.12301027949737e-10,2.76212470396225e-10,-1.24463853948277e-10,-6.97374917109231e-10,-3.36117104324066e-10,-5.23373699964682e-10,-3.49017616901045e-10,1.80132506966229e-10,-1.41393141813665e-10,-1.58253897666846e-10,-2.91976085654014e-10,-3.95626851056373e-10,-1.77707821300115e-10,-2.95053602168056e-10,4.50795205455524e-10,-1.05712942675867e-09,1.97439148153299e-10,3.39644016775421e-10,-2.67250060875979e-10,5.08851269001285e-10,4.55063715567853e-10,3.11372195675667e-10,5.14305613787412e-10,-5.8284357238409e-10,-9.25541522315842e-11,-3.41972019214252e-10,5.91610194197249e-10,2.49983042653651e-10,9.27990749861186e-11,1.89935828166988e-10,2.27333700228526e-11,-1.24599995659349e-11,3.09260058795364e-10,-2.52176910764899e-10,-7.373651963097e-12,3.89294349905045e-10,1.58146032278273e-09,5.65164753513852e-10,1.63034376991398e-11,-1.21938571811398e-09,-1.21156524244326e-09,7.64453483886813e-10,-3.74206726868551e-10,-3.78518584500248e-10,2.35452724728614e-11,7.56044222778133e-10,-4.9828607239767e-10,-1.52373310085502e-11,1.32337915436663e-10,-3.00969945932559e-11,-1.53583936483917e-10,-7.97014964498818e-10,-4.08694278204453e-10,-2.58120659058305e-10,-4.53981176573609e-10,4.12919775474015e-10,-2.37585804867352e-10,4.65905917004871e-11,2.96939803082146e-10,-8.53113409897154e-10,-4.02197814968295e-10,4.88809831508301e-10,-1.46189353521679e-10,3.38407121960536e-12,6.28625713576041e-10,-4.31848279141785e-10,-5.92508188562553e-10,-1.13369695222563e-09,-1.27647823189823e-10,-3.27495259633596e-11,6.82301266265383e-10,6.27213291783286e-10,-7.88886584385821e-10,-6.77697973283904e-10,-2.27052797619256e-10,-2.60862308612624e-10,2.6197832891929e-10,-2.28469930199673e-10,-4.44447492136662e-10,4.37249073624758e-10,-6.38202687470742e-11,2.05960960751338e-10,6.7274067106617e-10,-8.28856581136256e-11,-2.45438890321198e-10,1.49332927173999e-10,-1.86795837981237e-10,3.04932273143516e-11,7.24172601095554e-10,-1.07455021160871e-09,-1.81783094005659e-10,-7.87247178722661e-10,2.30906227802973e-11,-8.81731360908179e-10,-1.5723500920952e-10,4.88771207362539e-10,-3.98504997499992e-10,1.28732290344899e-10,1.95834807484661e-10,8.00527070473072e-10,-6.85408993147195e-10,-2.30926375349478e-10,-1.58718570215896e-10,3.25713299576967e-10,7.09948326281226e-11,-1.23638229701784e-10,4.80231307312182e-10,-2.20147651364632e-10,-5.27562549559597e-10,2.32272032217026e-10,6.17641108032368e-10,-3.90240315527807e-10,3.35782154031423e-10,-3.45214255142569e-10,8.75621320439285e-10,-1.43550631612506e-10,1.39250626224224e-10,1.24722590369108e-10,5.4113953719293e-10,6.44365535998554e-10,2.82260306003734e-10,3.62383030809145e-10,1.97575457828858e-11,2.96170250042563e-10,1.33729252657032e-10,8.51145071839856e-11,7.97092781972326e-11,-1.0240956521864e-11,-3.96921607473124e-10,7.64718627625046e-11,4.64083579816e-10,-4.25019096403251e-10,-4.51666867853079e-10,1.13635741336487e-09,-5.10182718201137e-10,-4.12763441285779e-10,-2.79346809644138e-10,-1.84714431876158e-10,2.10892034256212e-10,7.83697540938248e-10,6.75645400721463e-10,-1.22818096489832e-09,1.01272223435025e-09,-4.52481720089596e-11,2.66555295319134e-10,-3.14468938929646e-10,-5.49151788551857e-10,-4.97907677767831e-10,6.37626944622382e-10,-2.18683809878417e-10,-6.11310392904395e-11,-5.65507074048341e-10,1.27657729936529e-10,5.09795948296888e-10,8.53862303114806e-10,-3.68815625809825e-10,2.26926133841506e-11,9.90050069300051e-10,3.72465374084816e-10,-9.31972428298701e-11,-1.05221571488788e-09,3.3041194175619e-10,-1.0844710277399e-09,-5.51061795026846e-10,7.85113201387338e-10,9.77830177033392e-10,4.14923950646298e-10,1.96957118103666e-10,-5.99853253113415e-10,5.02862945782908e-10,4.75571476522135e-10,5.28260419486247e-10,-2.14131848386599e-10,7.32531020424574e-10,-2.38690373494872e-10,-1.34300737740003e-10,-6.89899759440298e-10,-5.82714785195161e-11,-1.15270613548181e-10,-3.66987791339768e-10,1.81718351095193e-10,-2.07402970510695e-10,6.78915813134391e-11,1.75204817372668e-10,-2.43844760130861e-10,5.22015007543897e-10,5.48302165710872e-10,-1.2294661726604e-10,-6.07394246770462e-10,-9.2354530069024e-10,5.47917448410163e-11,-3.96748972175764e-10,-9.86233484843362e-11,2.59229223205482e-10,7.53253086889456e-10,-8.16531046319083e-10,-3.2202416289306e-10,-1.17326743520935e-10,4.4033468368842e-10,5.16573878800852e-10,1.62268996603298e-10,-7.51981109095383e-10,-1.83593814186646e-10,1.02207904472617e-09,-3.54274531337263e-10,-3.66559715483297e-10,2.20493068456168e-11,1.89077833818827e-10,7.7245316635207e-10,1.64061297293132e-10,6.64717350152743e-10,4.07717783690118e-10,7.74912736222531e-10,-2.27799788465399e-10,4.84587550397963e-11,6.4031116461113e-10,-7.51535796267899e-10,7.67198007426879e-10,-9.97799189046668e-10,-6.09413792365495e-10,-3.01637262760626e-10,1.58477745411433e-10,-3.07537299251546e-10,4.20204620926081e-10,-8.78009756018958e-11,-1.69521697823169e-10,-6.51204985051603e-11,7.30014432321108e-11,-5.84420675711906e-10,-9.40373864769971e-10,-1.81403333251653e-10,7.83864916505705e-10,1.98597865037441e-10,7.60732046353669e-11,-1.18922372568314e-10,6.85043293167312e-10,-8.54928335667037e-10,4.86521932163966e-10,-3.03189113172384e-10,4.43440366990162e-10,-8.79007275100311e-11,-4.48473876789293e-11,9.36327752675703e-11,-6.50938190337562e-10,5.20807305046351e-10,6.26822652419591e-11,-4.69147749859393e-10,-7.39297726328496e-10,-3.94348861804755e-10,-9.09394386271478e-10,1.07308302659751e-10,-2.07029629512458e-10,2.64209188428612e-10,-1.40758146430975e-10,1.3866514670906e-09,4.1506619176657e-10,-2.5482492040289e-10,-2.2165036196924e-10,2.54631250816091e-10,1.20117142900698e-09,6.27407705606259e-10,-1.35368235952676e-10,6.55379084583699e-10,2.86534889924509e-10,7.01358604769455e-10,-1.55240708728016e-10,3.35992061264583e-10,8.00958918325841e-10,2.34184016844411e-10,-1.1977928843263e-09,9.17267701770115e-11,5.00301122281876e-10,-3.47838075710433e-10,2.15316999642021e-10,5.57528162021325e-11,1.07593891486392e-09,7.96858434046176e-10,3.22573964563624e-10,4.46342204964808e-10,5.00383681053933e-10,-1.12145147089743e-09,2.19571262659961e-10,8.57726782263935e-10,6.06555674350637e-10,-1.55959228842318e-10,-7.2279645123088e-10,-1.42627981526684e-10,2.44617080862178e-10,-3.41521381300708e-10,6.64689435989423e-10,-7.11211131505728e-10,5.76769848836174e-10,-1.66009507379648e-09,-2.92776113579674e-10,1.03885773346878e-09,1.54075422543339e-10,-1.5374049271111e-09,-1.89669220822512e-10,5.32157442973762e-10,-1.17110731346523e-10,2.543448201849e-10,-3.94224199306007e-12,-7.03363696456771e-10,5.47933428075612e-10,-7.22106929537476e-11,3.65122519222117e-10,-3.98342052682866e-10,3.28325158682252e-11,-1.03961152414482e-09,-3.78548399717182e-10,-2.52713906237532e-10,-5.90925008605301e-10,3.45852557457422e-10,4.12369365054178e-11,3.8151658843571e-11,-1.76309904094709e-10,1.10931253495168e-10,-2.36030768997901e-10,-8.09205179493508e-10,-4.01382259004145e-10,-1.06567490761528e-09,-2.79665815309484e-10,5.56597123814535e-10,-3.31202608488205e-10,-1.45392054090969e-10,4.69469226933629e-10,-4.20863632390923e-10,5.45217983456248e-11,4.5438445676552e-10,2.57104179883816e-10,-6.6806762607155e-11,3.08103084019477e-10,-3.76955044236975e-10,5.82660727581961e-11,-4.38593902049255e-10,7.84690415980075e-10,2.23040503132789e-10,-3.4789709314095e-10,1.18480726704104e-09,-6.50448503376837e-10,5.02091467896405e-10,7.30992026322976e-11,-2.83356559260349e-10,-4.747096309516e-10,1.37413943120674e-10,3.03530673460395e-11,-1.65399893989815e-10,2.16617227556407e-10,2.88564024646467e-10,-5.22245760755729e-10,4.24797633904485e-10,-7.20194347794518e-10,-1.35798441568341e-10,-5.19545423836984e-10,4.61765475566736e-10,8.24724516153116e-11,1.11345414751919e-09,-1.1022038831115e-10,-4.92916662738378e-10,-3.88002340277822e-10,1.18387369039177e-10,4.65391543099034e-10,1.05098218771795e-10,-7.58641755620857e-10,8.63006162905854e-11,-1.58929057889608e-10,1.84107871684555e-10,3.99132595593829e-11,2.13279691889695e-10,8.96457836076404e-10,2.8205743937117e-10,5.97763201353468e-10,-2.57523126469247e-10,5.84805106263315e-10,-9.44229015462361e-10,1.11534386133292e-09,-1.31452574441693e-10,-1.51966453789823e-10,-5.66806955921605e-11,-5.49270499628921e-10,-4.9053848643946e-10,-1.16907947483076e-10,7.41845245120884e-10,-6.8685128932761e-10,-2.70429947896741e-10,6.44787196549776e-10,-6.99929138191039e-10,-1.43770427671512e-10,-1.31800970944662e-10,-1.98706243760396e-10,-1.89928057678294e-10,1.24049912868012e-11,5.51173602555344e-10,3.5095701541661e-10,5.83600818430933e-10,1.31410023616061e-10,-1.69247656213294e-10,-6.58474543529432e-10,-1.17088665933485e-10,4.1282432503397e-10,-3.30423167284848e-10,-1.12322346002091e-10,3.05320014152661e-10,5.74446612406918e-10,-5.35118687710692e-10,6.58576113455366e-11,-1.68942223733621e-10,6.36878582166926e-10,-3.4714477591842e-10,5.71832301658012e-11,-9.72263321424091e-11,2.23711092455712e-10,1.22270852372579e-10,2.30586261211322e-10,2.98104165165421e-10,-7.48457550497545e-11,-2.57549684278827e-10,-1.94442361126759e-10,2.99552919571352e-10,-4.96550131739489e-10,-1.61032251038867e-10,-4.77341762054651e-10,-4.62571283575254e-10,-6.91238770675286e-10,1.86617950261463e-10,-2.68297715579582e-10,2.91403260494428e-10,6.04388686777037e-10,1.11213264147897e-09,1.61966212037114e-10,-2.72636420050831e-10,1.01790121682987e-11,-1.13778923204785e-09,8.62851325267943e-10,-1.65488608556566e-10,-9.69321856150168e-13,6.63037562504894e-10,-1.66938715676436e-10,-4.47838223363918e-10,-2.39615946245808e-10,-5.2663976784211e-10,-3.26905984486469e-12,3.46956230448765e-10,9.30170671449376e-10,-4.56713543116277e-10,-1.68152502511332e-10,-1.47515293243652e-11,-3.06879145454286e-10,-1.31172975375325e-10,-4.27963950315711e-10,2.15504423329679e-10,6.97715316959914e-10,1.08099825307346e-09,-7.64452778046695e-10,3.11071226031151e-10,-2.14814933489868e-10,1.03521318889594e-09,-2.72942795627765e-10,-9.0009267332417e-10,-4.55632210009565e-10,2.14053043596554e-10,-4.52342685158774e-10,1.04811876767696e-09,-2.31786477327407e-10,8.74095406698954e-12,5.41413575096434e-10,6.94251572142716e-10,-4.94119372404107e-11,-1.27359756232617e-09,-7.56312826405358e-10,-1.29668071666185e-10,-5.79414050913801e-10,-2.20870700106974e-10,-5.12551200673569e-10,5.27986682661738e-10,-4.54349735149823e-10,-3.76091234890794e-10,-6.55036660224898e-10,-7.42310095417756e-10,-6.92371243880498e-10,5.60526009605063e-10,1.03452532376185e-10,-8.57584151690226e-10,-5.25464340848762e-10,6.08712010054454e-10,-5.77028935136411e-10,3.51541442568943e-10,2.54466857517981e-10,-1.63487809766366e-10,-9.61094412594965e-10,-3.18129898397164e-10,-2.96467258011062e-10,-2.00270414686378e-11,-4.92703612110719e-10,5.5752837302321e-10,9.88836794097039e-11,1.88950361438449e-11,-5.4039831524829e-10,-3.40216954649168e-10,2.35160055237189e-10,-5.34078163844595e-10,-2.61369170844137e-10,6.3700758587167e-10,5.95786555544328e-10,-9.23394691958251e-10,-1.4992351329141e-10,-6.41528521148065e-10,-1.31436934503846e-10,-3.03254918672136e-10,-3.88467929006461e-10,1.58789664628632e-10,-1.37338339029437e-09,8.64398543492053e-10,7.96864754850047e-10,-3.7697967514672e-10,-3.85659104441324e-10,4.78893665715249e-10,-6.76825071507845e-10,4.28026315305024e-10,-1.98149645480778e-10,-2.8235317177238e-10,-3.98035076785708e-10,8.54994514400074e-12,-3.25704026146323e-10,5.52591357016151e-10,7.51377168354788e-10,1.00876288025551e-10,-8.60785259872812e-10,3.35297206239124e-10,-1.14714334500181e-09,-4.29591765313871e-11,-4.52990881256252e-10,-1.77663300782343e-10,-4.89120742979015e-10,-2.12267830457135e-10,2.76725376963209e-10,1.85794332322322e-10,1.37248986324682e-09,4.74198290231894e-10,-6.71645100464396e-11,2.87768804271682e-10,-1.36644562495147e-10,1.0468876827202e-11,5.09956119157574e-10,1.6190966349119e-10,-7.17166825055999e-10,-7.55590332528038e-11,-4.04886561051876e-10,-4.53453975404228e-10,6.13652015565288e-10,-1.00678410372102e-10,-8.6403499612673e-10,3.39575792360991e-10,-5.68030461715254e-10,-4.32868323420872e-10,-1.51292621837485e-10,-3.86413568826793e-10,-3.81361319784645e-10,-7.65324532228852e-10,-1.59645517704961e-11,-2.05224815740617e-10,-3.81282374472432e-10,-1.03528583777086e-09,-2.40455059080331e-10,7.83283092373379e-10,9.90978789400608e-13,2.48882010753419e-11,3.21575822475157e-10,-2.8967062727417e-10,-1.36563683376834e-10,-6.17596496508468e-10,2.67124236636718e-10,-5.42840388935086e-10,-7.34805434905699e-10,-3.07472227512994e-10,-2.03170970895473e-10,6.82789142483211e-10,1.90804479918472e-10,-1.57318822261135e-10,-5.78121143383213e-10,-1.2054899361765e-09,-2.60279034740665e-11,3.69484633587891e-10,-7.88722401603997e-10,-1.12323815754085e-09,-9.01796090552865e-10,-5.99826174135701e-10,-1.02776742486025e-09,-8.98144542889023e-10,-9.93756591079585e-10,-1.57934484586025e-09,-8.7069371406575e-10,-1.89874922975907e-09,-9.6052011844976e-10,-1.45101881220262e-09,-1.21146424159511e-09,-1.55946532686329e-09,-1.6277299203135e-09,-1.28759505780557e-09,-1.55204547648014e-09,-6.65036491113781e-10,-1.1011426734078e-09,-2.00443469831926e-09,-2.659899011121e-09,-2.59505385724551e-09,-2.28471987674692e-09,-1.80840631895697e-09,-2.38393201450678e-09,-2.97495786952493e-09,-1.89920657034032e-09,-2.11473726567242e-09,-1.86961715227169e-09,-2.92008765682014e-09,-1.95871977933417e-09,-2.91640954553412e-09,-2.91851597722589e-09,-3.15946391331114e-09,-3.33402097541639e-09,-2.48557920642496e-09,-3.89532133690315e-09,-3.48307459405062e-09,-3.27139216112092e-09,-3.95062649999164e-09,-3.19234027681013e-09,-3.87666473689818e-09,-4.26484415908822e-09,-3.84531737774432e-09,-3.93451826254058e-09,-4.55197027209984e-09,-4.08237159361441e-09,-5.30635070435811e-09,-4.21782212474724e-09,-4.17214997702107e-09,-4.72088639024784e-09,-4.48458253628931e-09,-4.6305827604252e-09,-5.94530695836952e-09,-5.51709874334841e-09,-4.70292297717792e-09,-5.22449010531345e-09,-4.44381408463599e-09,-4.96508350102873e-09,-4.77947453929538e-09,-5.26401763605247e-09,-5.8792180176297e-09,-6.00841205819164e-09,-6.20498464597028e-09,-6.19393030197042e-09,-6.27280021265846e-09,-6.20549610477828e-09,-6.09420600538722e-09,-6.74293487776006e-09,-6.78257937844217e-09,-7.09883540679119e-09,-7.32309147679791e-09,-6.58347943962561e-09,-7.39653703106143e-09,-7.33371612265622e-09,-6.95291309535207e-09,-7.28143924485734e-09,-7.46725453983496e-09,-7.8156797364289e-09,-7.15412762897244e-09,-8.19447240250721e-09,-8.31619386473384e-09,-7.4918065594148e-09,-8.27322685097849e-09,-7.2379515356458e-09,-8.02885047335528e-09,-8.49262058336254e-09,-8.97339446314571e-09,-8.42488576208943e-09,-7.81205746305826e-09,-9.85838273490149e-09,-8.59418157656635e-09,-9.38214147560794e-09,-8.35787549739714e-09,-9.76935357504255e-09,-9.86545711976391e-09,-1.02867769028694e-08,-9.9429792833247e-09,-9.97531844336295e-09,-1.0983508589883e-08,-1.01724033943044e-08,-1.14433689760621e-08,-1.11247762671083e-08,-1.14236503922358e-08,-1.18527326552537e-08,-1.18270916892129e-08,-1.12321313811684e-08,-1.13735419951792e-08,-1.15523122032999e-08,-1.20774751784701e-08,-1.17660385141143e-08,-1.16814137926429e-08,-1.24773943446558e-08,-1.24258088767338e-08,-1.25905012172582e-08,-1.23577006104169e-08,-1.28142130909928e-08,-1.28431299494316e-08,-1.38219505272946e-08,-1.44144189520802e-08,-1.34330270145976e-08,-1.36537564508659e-08,-1.4395572668366e-08,-1.40538360107448e-08,-1.42214329316835e-08,-1.47982338819661e-08,-1.44196343079843e-08,-1.5123669235422e-08,-1.43379862003749e-08,-1.4976065807004e-08,-1.44847634821447e-08,-1.52122274344296e-08,-1.53952757389939e-08,-1.54890654006222e-08,-1.53717608785255e-08,-1.5945740982475e-08,-1.60682500205426e-08,-1.59524781547381e-08,-1.70894655946096e-08,-1.69705634491615e-08,-1.76316115825589e-08,-1.73751900172168e-08,-1.70629367101909e-08,-1.83164621658789e-08,-1.76253570868099e-08,-1.85750656934143e-08,-1.86956219760456e-08,-1.71252090458547e-08,-1.83543137427739e-08,-1.90014310003118e-08,-1.89597754097351e-08,-1.88765909723733e-08,-1.88318349474926e-08,-1.99576718561257e-08,-2.02928031745975e-08,-1.95303182537677e-08,-1.97776682222157e-08,-2.08105134858833e-08,-2.04691330720614e-08,-2.13745951128255e-08,-2.02742220179772e-08,-2.12341765303099e-08,-2.07664784104965e-08,-2.14994679600916e-08,-2.18388471146168e-08,-2.22889924361161e-08,-2.12796524310866e-08,-2.29668988457856e-08,-2.21222122041902e-08,-2.32728602458456e-08,-2.18391957088447e-08,-2.31259504390763e-08,-2.20193889907044e-08,-2.23335163103727e-08,-2.18708977724529e-08,-2.21933656878227e-08,-2.13681479180024e-08,-2.27919026056471e-08,-2.2028731325394e-08,-2.23480685191219e-08,-2.19862974450854e-08,-2.15796180249676e-08,-2.10044379433835e-08,-2.16637656601805e-08,-2.0986151864193e-08,-2.11292148900244e-08,-2.08276004716294e-08,-2.02363786371134e-08,-1.88033266243185e-08,-1.76327537804541e-08,-1.64323149529986e-08,-1.47288070524588e-08,-1.39520531366548e-08,-1.24347304743668e-08,-9.96622864933869e-09,-7.30806301219806e-09,-4.49899546897129e-09,-1.98792347970065e-09,3.2567359398326e-09,7.94211504499197e-09,1.36456708415829e-08,1.96923231280279e-08,2.79088245671706e-08,3.91374548748247e-08,5.19961888876715e-08,6.57812635934876e-08,8.31338535234103e-08,1.06002658991861e-07
