v,0.25
Patm,100000
g,9.81
r,500
G,10^9.5
rho,2700
mu,10^2.69
rc,14
 
M,10^5.38
sigma,0.25
 
tilt_erupt,46.0721nrad
 
-1379,-1378,-1377,-1376,-1375,-1374,-1373,-1372,-1371,-1370,-1369,-1368,-1367,-1366,-1365,-1364,-1363,-1362,-1361,-1360,-1359,-1358,-1357,-1356,-1355,-1354,-1353,-1352,-1351,-1350,-1349,-1348,-1347,-1346,-1345,-1344,-1343,-1342,-1341,-1340,-1339,-1338,-1337,-1336,-1335,-1334,-1333,-1332,-1331,-1330,-1329,-1328,-1327,-1326,-1325,-1324,-1323,-1322,-1321,-1320,-1319,-1318,-1317,-1316,-1315,-1314,-1313,-1312,-1311,-1310,-1309,-1308,-1307,-1306,-1305,-1304,-1303,-1302,-1301,-1300,-1299,-1298,-1297,-1296,-1295,-1294,-1293,-1292,-1291,-1290,-1289,-1288,-1287,-1286,-1285,-1284,-1283,-1282,-1281,-1280,-1279,-1278,-1277,-1276,-1275,-1274,-1273,-1272,-1271,-1270,-1269,-1268,-1267,-1266,-1265,-1264,-1263,-1262,-1261,-1260,-1259,-1258,-1257,-1256,-1255,-1254,-1253,-1252,-1251,-1250,-1249,-1248,-1247,-1246,-1245,-1244,-1243,-1242,-1241,-1240,-1239,-1238,-1237,-1236,-1235,-1234,-1233,-1232,-1231,-1230,-1229,-1228,-1227,-1226,-1225,-1224,-1223,-1222,-1221,-1220,-1219,-1218,-1217,-1216,-1215,-1214,-1213,-1212,-1211,-1210,-1209,-1208,-1207,-1206,-1205,-1204,-1203,-1202,-1201,-1200,-1199,-1198,-1197,-1196,-1195,-1194,-1193,-1192,-1191,-1190,-1189,-1188,-1187,-1186,-1185,-1184,-1183,-1182,-1181,-1180,-1179,-1178,-1177,-1176,-1175,-1174,-1173,-1172,-1171,-1170,-1169,-1168,-1167,-1166,-1165,-1164,-1163,-1162,-1161,-1160,-1159,-1158,-1157,-1156,-1155,-1154,-1153,-1152,-1151,-1150,-1149,-1148,-1147,-1146,-1145,-1144,-1143,-1142,-1141,-1140,-1139,-1138,-1137,-1136,-1135,-1134,-1133,-1132,-1131,-1130,-1129,-1128,-1127,-1126,-1125,-1124,-1123,-1122,-1121,-1120,-1119,-1118,-1117,-1116,-1115,-1114,-1113,-1112,-1111,-1110,-1109,-1108,-1107,-1106,-1105,-1104,-1103,-1102,-1101,-1100,-1099,-1098,-1097,-1096,-1095,-1094,-1093,-1092,-1091,-1090,-1089,-1088,-1087,-1086,-1085,-1084,-1083,-1082,-1081,-1080,-1079,-1078,-1077,-1076,-1075,-1074,-1073,-1072,-1071,-1070,-1069,-1068,-1067,-1066,-1065,-1064,-1063,-1062,-1061,-1060,-1059,-1058,-1057,-1056,-1055,-1054,-1053,-1052,-1051,-1050,-1049,-1048,-1047,-1046,-1045,-1044,-1043,-1042,-1041,-1040,-1039,-1038,-1037,-1036,-1035,-1034,-1033,-1032,-1031,-1030,-1029,-1028,-1027,-1026,-1025,-1024,-1023,-1022,-1021,-1020,-1019,-1018,-1017,-1016,-1015,-1014,-1013,-1012,-1011,-1010,-1009,-1008,-1007,-1006,-1005,-1004,-1003,-1002,-1001,-1000,-999,-998,-997,-996,-995,-994,-993,-992,-991,-990,-989,-988,-987,-986,-985,-984,-983,-982,-981,-980,-979,-978,-977,-976,-975,-974,-973,-972,-971,-970,-969,-968,-967,-966,-965,-964,-963,-962,-961,-960,-959,-958,-957,-956,-955,-954,-953,-952,-951,-950,-949,-948,-947,-946,-945,-944,-943,-942,-941,-940,-939,-938,-937,-936,-935,-934,-933,-932,-931,-930,-929,-928,-927,-926,-925,-924,-923,-922,-921,-920,-919,-918,-917,-916,-915,-914,-913,-912,-911,-910,-909,-908,-907,-906,-905,-904,-903,-902,-901,-900,-899,-898,-897,-896,-895,-894,-893,-892,-891,-890,-889,-888,-887,-886,-885,-884,-883,-882,-881,-880,-879,-878,-877,-876,-875,-874,-873,-872,-871,-870,-869,-868,-867,-866,-865,-864,-863,-862,-861,-860,-859,-858,-857,-856,-855,-854,-853,-852,-851,-850,-849,-848,-847,-846,-845,-844,-843,-842,-841,-840,-839,-838,-837,-836,-835,-834,-833,-832,-831,-830,-829,-828,-827,-826,-825,-824,-823,-822,-821,-820,-819,-818,-817,-816,-815,-814,-813,-812,-811,-810,-809,-808,-807,-806,-805,-804,-803,-802,-801,-800,-799,-798,-797,-796,-795,-794,-793,-792,-791,-790,-789,-788,-787,-786,-785,-784,-783,-782,-781,-780,-779,-778,-777,-776,-775,-774,-773,-772,-771,-770,-769,-768,-767,-766,-765,-764,-763,-762,-761,-760,-759,-758,-757,-756,-755,-754,-753,-752,-751,-750,-749,-748,-747,-746,-745,-744,-743,-742,-741,-740,-739,-738,-737,-736,-735,-734,-733,-732,-731,-730,-729,-728,-727,-726,-725,-724,-723,-722,-721,-720,-719,-718,-717,-716,-715,-714,-713,-712,-711,-710,-709,-708,-707,-706,-705,-704,-703,-702,-701,-700,-699,-698,-697,-696,-695,-694,-693,-692,-691,-690,-689,-688,-687,-686,-685,-684,-683,-682,-681,-680,-679,-678,-677,-676,-675,-674,-673,-672,-671,-670,-669,-668,-667,-666,-665,-664,-663,-662,-661,-660,-659,-658,-657,-656,-655,-654,-653,-652,-651,-650,-649,-648,-647,-646,-645,-644,-643,-642,-641,-640,-639,-638,-637,-636,-635,-634,-633,-632,-631,-630,-629,-628,-627,-626,-625,-624,-623,-622,-621,-620,-619,-618,-617,-616,-615,-614,-613,-612,-611,-610,-609,-608,-607,-606,-605,-604,-603,-602,-601,-600,-599,-598,-597,-596,-595,-594,-593,-592,-591,-590,-589,-588,-587,-586,-585,-584,-583,-582,-581,-580,-579,-578,-577,-576,-575,-574,-573,-572,-571,-570,-569,-568,-567,-566,-565,-564,-563,-562,-561,-560,-559,-558,-557,-556,-555,-554,-553,-552,-551,-550,-549,-548,-547,-546,-545,-544,-543,-542,-541,-540,-539,-538,-537,-536,-535,-534,-533,-532,-531,-530,-529,-528,-527,-526,-525,-524,-523,-522,-521,-520,-519,-518,-517,-516,-515,-514,-513,-512,-511,-510,-509,-508,-507,-506,-505,-504,-503,-502,-501,-500,-499,-498,-497,-496,-495,-494,-493,-492,-491,-490,-489,-488,-487,-486,-485,-484,-483,-482,-481,-480,-479,-478,-477,-476,-475,-474,-473,-472,-471,-470,-469,-468,-467,-466,-465,-464,-463,-462,-461,-460,-459,-458,-457,-456,-455,-454,-453,-452,-451,-450,-449,-448,-447,-446,-445,-444,-443,-442,-441,-440,-439,-438,-437,-436,-435,-434,-433,-432,-431,-430,-429,-428,-427,-426,-425,-424,-423,-422,-421,-420,-419,-418,-417,-416,-415,-414,-413,-412,-411,-410,-409,-408,-407,-406,-405,-404,-403,-402,-401,-400,-399,-398,-397,-396,-395,-394,-393,-392,-391,-390,-389,-388,-387,-386,-385,-384,-383,-382,-381,-380,-379,-378,-377,-376,-375,-374,-373,-372,-371,-370,-369,-368,-367,-366,-365,-364,-363,-362,-361,-360,-359,-358,-357,-356,-355,-354,-353,-352,-351,-350,-349,-348,-347,-346,-345,-344,-343,-342,-341,-340,-339,-338,-337,-336,-335,-334,-333,-332,-331,-330,-329,-328,-327,-326,-325,-324,-323,-322,-321,-320,-319,-318,-317,-316,-315,-314,-313,-312,-311,-310,-309,-308,-307,-306,-305,-304,-303,-302,-301,-300,-299,-298,-297,-296,-295,-294,-293,-292,-291,-290,-289,-288,-287,-286,-285,-284,-283,-282,-281,-280,-279,-278,-277,-276,-275,-274,-273,-272,-271,-270,-269,-268,-267,-266,-265,-264,-263,-262,-261,-260,-259,-258,-257,-256,-255,-254,-253,-252,-251,-250,-249,-248,-247,-246,-245,-244,-243,-242,-241,-240,-239,-238,-237,-236,-235,-234,-233,-232,-231,-230,-229,-228,-227,-226,-225,-224,-223,-222,-221,-220,-219,-218,-217,-216,-215,-214,-213,-212,-211,-210,-209,-208,-207,-206,-205,-204,-203,-202,-201,-200,-199,-198,-197,-196,-195,-194,-193,-192,-191,-190,-189,-188,-187,-186,-185,-184,-183,-182,-181,-180,-179,-178,-177,-176,-175,-174,-173,-172,-171,-170,-169,-168,-167,-166,-165,-164,-163,-162,-161,-160,-159,-158,-157,-156,-155,-154,-153,-152,-151,-150,-149,-148,-147,-146,-145,-144,-143,-142,-141,-140,-139,-138,-137,-136,-135,-134,-133,-132,-131,-130,-129,-128,-127,-126,-125,-124,-123,-122,-121,-120,-119,-118,-117,-116,-115,-114,-113,-112,-111,-110,-109,-108,-107,-106,-105,-104,-103,-102,-101,-100,-99,-98,-97,-96,-95,-94,-93,-92,-91,-90,-89,-88,-87,-86,-85,-84,-83,-82,-81,-80,-79,-78,-77,-76,-75,-74,-73,-73,-72,-71,-70,-69,-68,-67,-66,-65,-64,-63,-62,-61,-60,-59,-58,-57,-56,-55,-54,-53,-52,-51,-50,-49,-48,-47,-46,-45,-44,-43,-42,-41,-40,-39,-38,-37,-36,-35,-34,-33,-32,-31,-30,-29,-28,-27,-26,-25,-24,-23,-22,-21,-20,-19,-18,-17,-16,-15,-14,-13,-12,-11,-10,-9,-8,-7,-6,-5,-4,-3,-2,-1,0
2.62709468224563e-10,2.23341109924127e-10,1.32405039492777e-10,1.49055507096637e-10,-5.04413154148498e-11,-3.16828638100706e-10,-4.62179851306317e-11,-4.91674899715191e-11,-7.9667065909135e-11,1.0868844368315e-10,-2.06040682314417e-10,-2.23386367094477e-10,-3.80851159814617e-10,-4.34435966129164e-10,2.58815436144517e-10,1.01016731187252e-11,1.95850307587111e-10,-3.07338014996295e-10,3.80384596066385e-10,-9.4928891038556e-11,8.08632877561266e-11,-4.06246460780247e-10,-2.72863001860407e-10,8.4884037278933e-11,1.95687180917045e-10,4.19253321729231e-10,3.8937354977651e-12,-1.75257490781417e-10,3.22465412562995e-10,-2.22355478648063e-10,-4.73708794878144e-10,5.31923430456656e-10,1.31186987473644e-10,1.33250911342629e-11,-3.12692677356178e-10,3.41057573038844e-11,1.63481145789219e-11,-2.83978270896713e-10,6.97008883071697e-12,-1.67106641794233e-10,-1.03159598065885e-10,-5.41375994449727e-11,2.18753809273166e-10,-2.17185908299494e-10,-2.91576816510259e-11,2.36529802687036e-10,5.95994992865453e-10,-3.62556298055832e-11,1.06795372459248e-10,1.7327162278112e-10,2.95591919562606e-10,2.15954145810767e-11,-1.2798358234176e-10,1.78130567526496e-10,1.11744170026204e-10,-5.64442332740965e-13,9.38501453000378e-11,4.20457108509475e-10,-2.62224333902075e-10,-4.57791330046816e-12,-3.18088539236875e-10,-1.18965653592595e-10,-1.13340511259601e-11,1.66517512766275e-10,-2.80786360984688e-10,-3.51831285995349e-10,1.14879948083866e-12,7.49839624675352e-11,-1.99992069689394e-10,1.99868687453738e-11,1.01015842292279e-10,9.1565050228158e-11,-1.30973652741165e-11,1.08485306933197e-10,-1.21594173102018e-10,4.42512213265163e-10,-1.82040102836963e-10,4.15043261267264e-10,-3.17734148256244e-11,1.66522433070079e-10,-2.88711022923952e-10,2.10150384814438e-10,4.16356109085363e-11,-1.29384190220726e-10,-3.75850901872473e-10,1.62233397527688e-11,2.93318587168454e-10,-4.24603560695162e-12,1.3806529108778e-10,4.1957061222575e-10,3.70392551609956e-10,-3.16182849565349e-10,-2.24960450599205e-10,-4.40773929408237e-11,1.56832013040743e-10,-2.07702407270997e-11,-1.13942875237162e-10,4.04650673717702e-10,1.02554440024096e-10,-5.8702722541937e-11,2.51439121316541e-10,3.47856115286546e-10,-3.03065191261948e-11,3.38828807586402e-10,2.06687974864051e-10,2.26089144293961e-10,-2.13948696259259e-10,1.17929012571119e-10,-2.86144504668176e-10,-1.24186594713175e-10,3.90324113146104e-10,9.33267714177646e-11,-2.34405714567449e-10,1.54329465325723e-10,-2.91930345780757e-10,-4.73770532847965e-10,3.80837951968475e-10,1.5923496371315e-10,8.68615880829687e-11,2.99926398049242e-11,-2.05240028548646e-10,-1.32694686269099e-10,1.50974634646781e-10,-4.91528579548585e-10,3.5941207333533e-10,2.64852810883309e-10,-7.90343736366784e-12,4.62597109730184e-11,-2.93605780052475e-10,-5.20922581929369e-11,-1.53393902912624e-10,1.77551289649874e-10,3.60309095860342e-10,3.17416735234358e-12,-2.43356862087057e-11,2.0325374193144e-10,-3.73812173330016e-10,1.08067552773244e-10,1.58831544476878e-10,1.99527211686144e-10,-1.80587920296195e-10,-2.42662200549735e-10,2.05707047884455e-11,-3.04543989047658e-10,-1.76018357925606e-10,1.86967830323352e-10,2.31961704864507e-10,-1.08010206029397e-10,1.60286211734868e-10,3.67580724001724e-10,1.6243389331628e-10,5.82702627298103e-11,-2.4778208887571e-10,2.49039889759767e-10,5.06430709850951e-11,8.41132138108011e-11,-5.25976564190243e-11,4.3482391482294e-11,1.09057313045879e-10,-1.27430262991238e-10,-5.85036937308178e-10,5.80723009734019e-10,8.09015109138682e-11,-2.95461442141347e-10,1.09845432295247e-10,1.15341004846458e-10,-6.97029154315404e-11,-2.15472733633983e-10,3.17674716308488e-10,-3.22837850150075e-10,3.41455218040443e-11,3.75174391365623e-10,3.42548623539972e-10,3.41282241422148e-10,2.29589219149189e-10,-7.33463251273701e-10,2.91940276941398e-10,1.9826828370705e-10,1.39385705970571e-10,1.19923193871145e-10,-3.26931322523098e-10,1.1727705521764e-10,-2.1951828207e-10,2.9734018037102e-10,-1.47787971867426e-10,-1.71435544362176e-10,8.07805323961941e-11,2.62174783103406e-11,1.04187273584338e-10,1.26835248801062e-10,1.11555295765969e-10,5.93248317086867e-11,2.09856792388736e-10,-1.3320854659634e-10,-2.91853312520654e-10,-7.63418715913039e-10,2.48867208400351e-10,-5.33015207700902e-11,3.08384988011921e-10,-1.41791547358095e-11,2.37742540074729e-11,-7.86581455387051e-11,5.3865788675585e-10,1.90229920542487e-10,-2.63816979567872e-10,2.9612058931133e-10,4.72772715752667e-10,-2.11567138240094e-10,2.81314726444012e-10,6.2030043298681e-11,-2.65924730810605e-10,-1.02478269904995e-10,-2.16126801592912e-10,-2.61687972201887e-10,6.39723939197107e-10,5.73952978606739e-11,-1.5237015932733e-10,2.83240969558428e-11,2.89603479285771e-12,-2.42442716112401e-10,-2.3272645785251e-11,-5.09537908772504e-10,4.61162743447264e-10,4.06569488078619e-10,-2.55347150968282e-10,-6.89406525312192e-11,-3.59254703553381e-10,3.51840139027694e-10,1.93821575953033e-10,3.24165574676018e-10,4.4889766795917e-10,-3.76294507686301e-10,-8.00293755125136e-11,-9.37846215066884e-11,-1.17360482640966e-10,-1.01558829821836e-10,-5.31299503792545e-10,-5.1869926312949e-10,5.5894913048279e-12,2.30054207010371e-10,1.81852774557335e-10,-2.35184228449801e-11,-6.63681318388657e-11,-1.80221122055367e-10,2.67965665649874e-11,2.5190813981988e-10,4.47108848399921e-11,4.35632978128038e-11,-9.48577012983903e-11,1.22602359041041e-10,-2.2327584476036e-10,-1.01509830013317e-10,-3.56459876207377e-10,4.82599788802718e-10,1.54458775174304e-10,1.04567433067675e-10,4.15033845752619e-10,-3.65331879624619e-10,9.48471631908568e-11,2.33118677942321e-10,4.54681648020238e-10,2.54561394438302e-10,-5.70298377714563e-10,3.10170049809047e-10,2.76504442876318e-11,3.31708455146392e-10,-1.36625434680934e-11,4.7537645105241e-10,2.45864174894506e-10,2.21338173925973e-10,1.51096792794493e-11,1.98040190256947e-10,-3.05027827271033e-10,-2.88155621810981e-10,-2.8875746312709e-10,2.02790300694091e-11,1.90701646207963e-12,1.65373773405598e-10,-4.623162612698e-10,2.12091041464619e-10,7.58529054470643e-11,-1.38636940460665e-10,1.13084566428861e-10,2.55809707217304e-10,1.68916205798858e-10,2.37183757603224e-10,3.04562174432574e-10,2.11356045858468e-10,-1.62085422951833e-10,1.81049492775622e-10,-2.25730871239056e-10,3.09338279754667e-10,5.50205764618914e-11,4.16487398793693e-12,6.95155020065218e-11,-4.38185948879086e-10,2.06246302775519e-10,-3.72765676624697e-10,-2.87116747823248e-10,-1.81571184304838e-10,-2.68926397680783e-10,-2.5396815956819e-10,2.28252445950194e-11,-1.2036231318484e-10,-7.42066038513364e-11,-1.26252838968325e-10,-3.41984007207332e-10,4.2766785779951e-11,5.10347697365764e-10,-1.6708481690861e-11,2.27678876874626e-10,5.77121121074592e-11,-1.89938330133998e-10,-1.03219837787099e-10,-3.83766870265098e-10,-2.14109915124191e-10,4.39901446298777e-10,-2.16140634500344e-11,2.7223540740171e-10,-3.07402429983304e-11,1.31991553991812e-10,-3.43695588683598e-10,4.77362928596995e-11,-3.06391413529701e-10,-2.20692623009344e-11,2.66243071612113e-11,2.43975658334631e-10,2.04593859445243e-10,-2.40149917366586e-10,-3.97968811944501e-10,9.40433929196263e-11,2.15423668676872e-10,-7.49973147902853e-11,-1.65404387142681e-10,2.60473816468323e-10,1.01602252871813e-10,-1.68584736076286e-11,2.49341739880089e-10,-2.88082277303876e-11,-1.0134356402206e-10,2.40572646803671e-10,1.53015475959958e-10,-9.00078907904639e-11,5.7437853704866e-10,-2.01639989648017e-10,3.2735036822325e-10,-7.42111808656062e-11,-1.16922419922876e-10,-4.23854844019782e-11,3.9728909292462e-12,-3.74473833810947e-11,-6.2415971615696e-11,3.43342745457616e-10,3.26409758773552e-10,-4.65651575978207e-11,2.38372224103569e-10,-1.75864736477176e-10,6.02276283200421e-11,3.11634391231459e-10,4.64127651287738e-10,-1.66847299891231e-10,1.1373727791707e-10,1.81143491946461e-10,-1.9711338567414e-10,6.66850027425584e-11,3.92189638133871e-11,-1.09403803127863e-11,3.58213492511236e-10,-2.23638201427668e-10,1.63220267220671e-10,-3.9748587928062e-11,6.08829275596052e-10,1.2664038070454e-10,-1.72915223120427e-10,1.64497665557465e-11,3.62139395384196e-10,-9.58252917554581e-11,-5.23792764434692e-11,1.02298700038159e-11,8.84555930461247e-11,3.99877449901624e-10,3.64651465579093e-11,6.54474228850936e-10,-1.88400038912103e-10,1.11693386497577e-10,2.18537146425222e-11,-6.02088597764772e-11,2.71637785637005e-11,2.15962933801644e-10,-2.1553505802803e-11,1.11260970315512e-10,-1.74489347336726e-10,-1.14994083504481e-10,3.3270714576736e-10,-2.21163638894239e-10,-1.03620012587054e-10,5.71488674786611e-12,-8.30369446072632e-11,-1.22902047669451e-10,-1.7263362958373e-10,-3.2939497324816e-10,-1.45345845542308e-10,1.3914723935928e-10,-2.3824911456476e-10,-2.714909742115e-10,1.76857764177909e-11,-1.86482150882912e-10,-2.10183849041851e-11,-2.63935223786623e-11,-9.19530821900848e-11,1.67680347104768e-10,-5.75760003989932e-11,2.04019894599215e-10,-4.30676664760193e-11,-1.37893636852529e-10,3.41135064888435e-10,1.95708961638121e-11,8.06795886775899e-11,2.59533826636863e-10,4.17025830501876e-10,2.24696520279285e-10,2.14269420524767e-10,1.61894785752392e-11,1.63760482248578e-10,4.19640747285925e-10,5.24348836192117e-11,-1.00821011487977e-10,3.84557527441343e-10,3.22049942673784e-11,-3.33863226535838e-11,-2.90895180853192e-10,-2.90462676129364e-10,1.32404247810931e-10,6.11939765622074e-10,-3.96403852833311e-12,1.53214234128758e-10,-6.601547594165e-12,-4.06575090390256e-11,3.70669688746305e-10,6.0015135680221e-10,-7.50557349324141e-11,3.58613853091989e-10,-5.770973250473e-10,-3.52212162602384e-11,1.44869409458855e-10,-4.9220452090973e-10,-2.47219696592528e-10,2.48865688806526e-10,2.72438607983837e-10,-3.59077555183815e-10,-1.33284039175089e-10,-9.74483630180796e-11,-2.9472061018058e-10,-4.23241089321579e-10,-1.18723830786414e-11,3.35514542398367e-10,-1.81583937942609e-10,1.21363840515624e-10,2.95764155198573e-10,2.64580283923036e-10,-4.73006394723305e-10,-3.29871679904385e-12,-5.04288729982861e-10,-6.18547911059145e-10,2.86663182580752e-10,-3.97061394457775e-10,-2.38054624781294e-12,-1.4742819812112e-11,-2.0575885280185e-10,-7.72015541786902e-11,1.19572916287344e-10,-1.04152133519879e-10,-2.66268813725691e-10,-1.41920956529264e-10,9.06550372483209e-11,-3.19048899110893e-10,5.21780075472115e-11,2.37165987179851e-10,7.32135283253011e-11,2.17619676218061e-10,3.01154458226488e-10,3.79123069054019e-10,1.23649892188288e-10,4.11906099056107e-10,-1.28108465331262e-11,-2.65053784376041e-10,-3.99280957789926e-10,-3.29128707887409e-10,1.95743980585745e-10,-4.11255398127378e-12,2.95625862294902e-10,-3.72499655982442e-11,-8.40845934869468e-11,1.35442539307475e-10,-4.25104849520861e-10,-3.23366900632614e-12,1.91651120013889e-11,3.98936922976574e-10,-1.46726679962718e-10,9.37141893509805e-11,-3.53809965866332e-10,3.55268375307913e-11,-1.42378000791783e-10,-1.30560352707815e-10,-2.77639937306175e-11,-2.5627660037303e-10,-2.91837464007824e-10,2.81301095663665e-10,1.47101094145077e-10,-1.18204117883822e-10,1.52302293712426e-10,-6.65483163658592e-11,1.10413088174422e-10,-2.43844151395268e-10,-8.91965294025632e-11,-1.93711417359991e-10,-6.96223500834321e-11,5.42680956016782e-11,4.35712756048541e-10,-6.58333952739533e-10,1.79233046196916e-10,-9.55423328381928e-11,2.84491028691606e-10,-2.26689129563629e-10,2.64804196631855e-10,1.1356219623271e-10,-1.23377041729966e-11,2.18722256130426e-10,9.00767438795854e-11,6.78834614035924e-11,8.19401142844412e-11,2.72690084094289e-10,-1.85629352148519e-10,4.94159617102309e-10,1.21230570946487e-10,2.13998105806205e-10,2.1282857140464e-10,-2.25382804765275e-10,3.69235366278602e-10,-1.96074519736346e-10,2.02478949741564e-10,2.08040681480646e-10,-8.36690197963973e-13,-5.25258148268572e-10,-1.9955084119337e-10,3.55977451950489e-10,9.45851818137621e-11,2.18003063795033e-10,-1.57865564462328e-10,1.82625031570422e-10,2.45995445539224e-11,-4.93243307112487e-11,-7.87468027621594e-11,-4.28019625392268e-10,-2.09753540680276e-11,1.57364793748108e-10,-4.24992832993129e-10,-9.54035191361487e-11,-1.5022658249911e-10,-2.25513789943199e-10,-3.34480774891294e-10,1.81602557097747e-10,-2.64515136512332e-11,-1.65341260407334e-10,-2.41950599222179e-10,1.20815896047222e-10,-8.25444833524883e-10,-7.81838679234978e-11,-2.75856516136932e-11,7.78584865510354e-11,-1.65620956398342e-10,-2.02810809329479e-10,1.21822193051066e-10,-3.93402018277813e-10,-8.00436427259694e-11,-1.3926995347979e-11,3.33675793007314e-10,2.13784462609877e-10,-2.5725707588608e-12,-1.35512692416359e-10,7.78456147796923e-11,-6.32161250098022e-10,1.15734369309616e-10,-3.7140140406317e-10,9.17691574930375e-11,-3.70914246928286e-10,1.46976748358813e-10,3.83033206110645e-11,1.5987562753238e-10,-1.80645070219457e-10,-8.77514846104355e-12,3.64710758841642e-10,-1.47546323808914e-10,2.58256358831488e-10,-2.81007214632945e-10,4.74475856079915e-10,-2.75641398071597e-10,-1.6738676443286e-10,-6.15906663533892e-12,1.36680529662294e-10,3.79144707864208e-10,1.47369587783359e-10,2.85236284556848e-10,4.86122299093739e-10,2.33290590861173e-10,-5.74033637053109e-11,3.17581990913247e-10,-3.75998865130653e-10,-7.81312990383269e-11,4.34562809950309e-10,-1.35908276890676e-10,3.46480257118415e-10,-3.66353685811213e-10,2.03049954291309e-11,2.46289599723756e-10,-2.42947512583251e-11,1.3913847629296e-10,3.68933637033391e-11,-7.2751997661506e-11,-5.66140386552277e-10,2.41735275298118e-10,-3.96275558402347e-10,-2.49299652665793e-10,-2.35298093708108e-10,-6.95194996122954e-10,3.4603746847662e-10,2.5786433291732e-10,1.02839219390583e-11,-2.14992841817494e-11,-2.40385077726649e-10,-3.9656132795372e-12,-2.31766021052878e-10,1.69240242472121e-11,5.8029978793284e-10,-2.15311304993677e-10,3.44225089133927e-10,-1.37183576725313e-10,-2.74132221131267e-10,7.69620198004783e-11,-2.88406336068726e-10,-1.60954606561813e-10,-1.75487532300102e-10,2.06920059718606e-10,2.93890319476723e-10,-7.66868148229166e-11,8.87324045279294e-11,-3.90595310352653e-10,1.39288595156838e-10,-1.798192391336e-10,-3.87081226481644e-10,3.17590785957313e-10,-3.22152985197523e-10,-1.48429440757669e-10,-1.12446050009104e-10,6.11513635881339e-11,1.78263277766513e-10,-1.01912437508357e-11,9.28663092332301e-11,-9.82131948389026e-11,2.26424906397337e-10,2.18328659012024e-10,1.91905142604854e-10,2.79916703843023e-10,-7.01348522608588e-10,-7.29327773870604e-11,8.01910310829667e-11,6.47575088910307e-10,-6.29261561201353e-10,-4.68438704668155e-11,1.31158355012583e-10,2.83673020818355e-10,3.83700290910077e-11,-1.78999626806426e-10,2.52787506120313e-10,-3.77421380794443e-10,8.52258420135846e-11,-1.47531887414298e-12,-4.55465528904088e-10,-1.05786107844877e-10,1.13012892551595e-10,2.14275345679391e-10,5.83376488613315e-10,1.05902706258938e-10,4.05453256423471e-10,3.81076776033149e-10,2.92051605428627e-12,-1.88733401148945e-10,-9.62050944984736e-11,-4.91735775796833e-11,-6.48735743037952e-11,2.67799728879725e-10,-3.88077207701524e-10,-4.92781433635514e-11,-7.20201072234124e-12,2.56520250923185e-10,-2.80751032278555e-10,1.97922570503578e-10,3.32346596185086e-10,-8.25162846414894e-13,4.23014541837691e-10,-3.17321505699364e-10,4.87188938346765e-10,4.25836348559844e-11,1.09748852079081e-10,2.45735221217367e-10,2.86830051117373e-10,1.39276297961802e-10,1.06507769089007e-10,-5.77747473991956e-11,3.98053753326017e-11,-1.72163826770619e-10,1.93904887037814e-10,-5.36358932654868e-10,1.78613242537268e-10,3.30604276021527e-10,1.6727144590764e-10,3.51109838967944e-10,6.37777505645615e-11,2.26116340459133e-10,3.66186001227088e-10,3.97393566747329e-11,7.01897753748501e-11,-4.1813315631799e-10,-9.1841868756796e-11,4.36303279092399e-11,-1.28708028474126e-10,-6.19528424639286e-11,-1.59310514445138e-10,9.47141744166512e-11,-2.01113251345051e-10,1.60117889460586e-10,9.40258986830586e-11,1.91617818325326e-10,1.05422748209525e-10,4.19804957017629e-10,2.07738890363178e-10,3.98253848289623e-10,1.75311202462003e-10,4.05491015718327e-10,1.55052839713123e-10,1.86868548605824e-10,1.79164608598382e-10,2.50523742397532e-10,2.4314607862057e-10,-6.20909439062328e-11,2.74934027217392e-11,3.64562588800408e-10,-4.03472881123271e-10,1.18720923426853e-10,-1.22912711314618e-10,-1.95745490755559e-11,-4.18636385896342e-10,4.68784139112734e-11,-6.37235697246606e-11,-3.99075885313625e-10,2.04897044209698e-10,-4.20959220126352e-12,2.92497279955977e-10,-1.11418543115799e-10,9.84612989000047e-11,1.78937674623383e-10,2.27790830768584e-10,-4.08736116586512e-10,-7.47706097471788e-11,-3.22771242304605e-10,-6.16473556361386e-10,8.08510698778211e-11,5.83141755428799e-11,-2.96181079975619e-10,1.78776566506178e-10,1.64765636818804e-10,9.41062334908129e-11,-4.4125663545945e-10,4.5883951065973e-11,3.10573584939212e-11,-1.8356944566112e-10,-1.0376020298874e-10,-3.24862798961634e-10,1.45194148264328e-10,3.0296427431833e-10,-2.72152373868469e-10,1.74505254859128e-10,-7.17653040483418e-11,2.67004275692522e-10,2.60874140402767e-10,-4.75499386206621e-10,3.54093896518833e-10,-3.3257492029993e-10,2.73042879048885e-10,-6.00925410657439e-10,-3.91053201717202e-10,-3.70805067604618e-11,2.27495987799443e-10,-2.12056966593593e-10,1.17542101171192e-10,1.84725957648226e-10,-1.73755203807235e-10,-1.98030181268757e-10,-2.2921404303333e-11,-5.02381024828628e-11,2.23332380015805e-10,2.68375258118214e-10,-7.93058502397736e-12,-3.52667229527573e-10,5.62875369823693e-10,1.01286270309464e-10,4.23544446767784e-10,2.66018514266773e-10,3.40900307683683e-10,4.49027669065617e-10,-6.93906552900964e-10,1.14685869691987e-10,5.50438825397422e-11,1.19290511011936e-10,2.23144227747551e-10,-5.50018147785901e-11,7.37335796448757e-11,-1.23635486369686e-10,-2.12226498016464e-10,2.74916441422335e-10,1.07948557606423e-10,-2.46521113230526e-11,-5.67007890000656e-10,8.93890272741911e-11,-1.3270469336251e-10,3.14611604252464e-10,-9.82390250036662e-11,-2.38251903157383e-10,6.24821607243273e-10,-5.94778813570551e-11,2.8549796085155e-10,2.07650904617392e-10,-9.52348939683093e-11,-7.76076132964201e-11,-1.62584247702884e-10,-2.56714178035693e-10,-1.75828744624646e-10,1.11013169645257e-10,-4.95165776138137e-10,1.25571669204207e-10,8.25793526867846e-11,1.20969402181009e-10,-4.94061791561817e-11,-6.49806394286417e-11,3.41656489846701e-10,-3.92521888694139e-11,8.85925139369967e-11,-1.34863227820828e-11,2.84596331038304e-11,1.0699314547457e-10,-1.28141976195857e-10,-7.47910761908584e-11,3.38501625222727e-10,-5.76145667133436e-10,8.77434491444231e-11,-3.50980647697325e-10,3.50281613444786e-10,1.05462097730045e-10,-8.06842115245757e-11,2.5041373691587e-10,2.37895074286109e-11,2.21044738580182e-10,1.74441210656092e-10,-2.09700500435795e-10,-3.00746655772638e-10,-2.60000005394135e-10,2.06618528691744e-10,2.33057254482037e-11,2.58951088411016e-10,1.05589543941709e-10,1.16355638439188e-10,-5.57650635392552e-11,4.67363323648818e-11,3.52968053490893e-10,5.94539307143871e-11,-2.35909514622051e-10,3.37224463705468e-11,4.21592703614224e-10,1.45523641672769e-10,-1.94143516323106e-10,-1.38021391578956e-10,-4.91916406030893e-11,-3.26054709543959e-10,-5.17496393491258e-10,1.68075297820401e-10,3.4383935449917e-10,-1.32665626790289e-10,9.56208817646384e-11,-3.37905455243787e-10,-5.54387059525006e-10,3.5052805317069e-13,1.62924594416554e-10,9.94878478990566e-11,-7.30532736103121e-11,1.85741384748935e-10,-1.38971738316304e-10,3.35935921483041e-10,-1.23490252843206e-10,-1.13461492023722e-10,-1.18908541500996e-10,-2.71301732388367e-10,1.50443915841186e-11,7.22274210223552e-10,3.96904381609601e-11,8.4659876780343e-11,3.45520223567926e-10,-3.35363098475251e-10,5.16280735956267e-10,1.42297653425592e-10,1.08039752236908e-10,1.70627683576984e-10,1.08520940365592e-10,3.89378917403312e-11,-3.73207831579296e-10,6.33918960467528e-11,3.79829682073434e-10,1.77400753411106e-10,4.51890944613827e-10,-7.05670585218979e-11,-2.92367697433044e-10,6.25745388060981e-10,-2.54686193028013e-10,-1.72234624297171e-11,1.88746107017577e-10,-8.16175986431789e-11,3.22431732607435e-12,2.94524002191496e-10,1.48408263617949e-10,-1.49071183921866e-10,-2.4654602694994e-10,2.4794323694671e-11,-1.78705091151881e-10,-4.98722686577061e-11,-5.4934338799602e-11,-1.45592092110976e-10,-2.52610579383754e-10,1.03047969233045e-10,-4.34830106777459e-10,-1.32497808376516e-10,4.00231533270819e-10,-1.53794272755976e-10,1.36735598591168e-10,5.8079220080576e-11,5.66376004080422e-10,-9.11173384378395e-12,3.75141532912453e-11,6.55895262392781e-10,1.1927371981839e-10,5.47922265471168e-11,-1.52188252052629e-10,6.66262353507439e-11,-1.28883571755977e-10,-3.20586817873285e-11,-2.10090017243388e-10,-2.15834935442059e-10,1.15091809415838e-10,1.98830122981094e-10,4.02997407301246e-10,6.74895055156786e-11,1.6972957782937e-10,2.9633315213647e-10,3.03214481089476e-10,8.10661184887655e-11,-2.72996931309705e-10,2.44050141823096e-10,-3.43451574652259e-11,3.0008062129258e-10,-1.31194060059677e-10,-3.69316203673965e-10,-1.72701539291591e-10,4.8656418763523e-10,3.79337710352621e-10,1.23275649991778e-11,-1.27625150874292e-10,-3.37373108217522e-10,-7.57359384622422e-11,-4.95189286150427e-11,-3.22810894630738e-10,2.92246147151747e-10,-3.72739139384986e-11,2.07492807829747e-10,-3.70870990386044e-10,-2.48940894297962e-10,1.41343743966312e-10,6.87111542729741e-11,-9.46605750511136e-12,1.8770269714665e-10,1.9125827190305e-11,6.38660433525876e-11,-7.1874364764887e-11,-2.63529890260065e-10,8.89793259086741e-11,3.07423874791682e-11,-1.17071971753356e-10,6.25557674841206e-10,-2.09279348443762e-10,-3.62038674524771e-10,-1.6990615361475e-10,-3.71694105152244e-10,1.96455042620626e-10,-1.58958959977045e-10,-5.23927628246489e-11,2.10838215938814e-10,-2.2795254903107e-10,4.82671926622357e-10,5.31880234532487e-10,1.44909407218043e-10,4.40888869785046e-10,6.45891299700229e-11,-2.22194695371345e-10,-1.26859819186412e-10,-3.83909595978827e-10,2.40566101931436e-10,-3.63797865270483e-10,2.63175560571609e-10,6.03919539966672e-10,1.93180481266335e-10,2.5613865729764e-10,1.16238457286786e-10,-2.08057578198442e-10,2.42888204083695e-10,-2.83420291997998e-10,2.15383381580217e-10,-6.67224901680522e-10,1.0048892920382e-10,-3.28364474202463e-10,-4.85728660962502e-11,3.15811251898425e-10,-9.74872896823616e-11,-8.65954343494273e-11,-4.83217545403698e-11,-2.73096488349216e-10,-8.64645759463265e-10,8.29745827818391e-11,5.35892415270439e-11,-3.74255549839272e-10,1.80139298700218e-10,1.24319528984539e-10,-2.53683750606183e-10,2.93316474389495e-10,-2.82778028178214e-10,-1.1175768973253e-10,1.35722128143197e-10,-1.01025871360417e-10,1.75717016807113e-10,5.32322327230601e-11,2.96456607999683e-10,-6.92720445193051e-11,2.28484245113787e-10,5.86009913813496e-11,1.68809654226061e-10,3.24231199310281e-10,-8.45572127628411e-11,9.78166499047482e-11,1.78981594385799e-10,1.08696774981711e-10,6.17068307493403e-11,-2.8629331056296e-10,-2.42633824488686e-11,-1.36548017932121e-10,-1.02715009657214e-10,-1.83831959130815e-10,-2.60160290408842e-11,1.23902223610838e-10,3.14556896067951e-10,-5.14669913356989e-11,-1.53255027149243e-10,-1.97196810975033e-11,-2.6914473916953e-10,3.06299290984795e-10,1.41122736964799e-10,-2.87502384478267e-10,4.83234959943135e-10,2.77686659056267e-10,-1.16304951969112e-10,-2.88234885792723e-10,1.80833008577933e-10,3.87407750709258e-10,-1.29859102221039e-10,-4.03880396656733e-10,2.10013284250322e-10,5.45966251115233e-11,1.78641076088019e-10,-1.40695741953514e-10,-2.98276990187623e-10,-1.6884621071343e-11,7.96075717537528e-11,-1.30066500658458e-10,9.27189253594552e-11,-2.25858838305551e-10,7.63368855734938e-11,1.26917114828242e-10,1.68896247052666e-10,3.21956488328378e-10,1.66612549822345e-11,1.92751490020641e-10,-2.71364224632541e-10,-6.76603562545199e-10,7.93277114111658e-11,2.44459359832694e-10,-1.65094647391152e-10,-6.85693792875707e-11,3.60943936843273e-10,-2.67415391582249e-10,2.31756312646792e-10,-1.59392346822706e-10,-1.61747058505217e-10,-3.25998064581533e-10,2.40621732814709e-10,4.03636735052076e-10,1.85265506030248e-10,-3.94806799905108e-10,-1.34059310414563e-10,3.43655669616224e-10,-9.61439831399578e-11,2.63578525843211e-11,3.22933930942643e-11,-6.34155158773264e-11,-2.20192532402243e-10,-1.21002488020079e-10,-7.30408456800964e-11,-2.39544629570093e-10,-1.2654482712066e-10,-1.25463608985345e-10,1.12576787092402e-10,2.16847749896453e-10,-1.77599765514168e-11,2.62057611617325e-10,-2.59118815507949e-12,3.46215040843338e-11,1.02323841599771e-10,-4.35661762679825e-10,-2.89174796741259e-10,-5.94445332090559e-11,-2.42452111563923e-10,1.37468624924022e-10,-2.03387783910376e-11,2.76310385349162e-10,1.88288270440057e-11,5.45677403755787e-10,1.91313924996667e-10,1.19356597499253e-10,-2.61105928556053e-10,1.69374856748614e-10,-3.49355652290462e-11,4.86223037701164e-10,1.5085386430434e-10,3.26845179047585e-11,-1.97296679388581e-10,-4.1731290072772e-10,-4.16196854831479e-10,-6.3048100859013e-11,-4.13420743106966e-12,7.78952970880573e-11,-3.33619332623534e-10,-1.29936136238579e-10,-1.37980280469149e-10,5.69633064857958e-10,5.54519423339849e-10,3.21559385651424e-10,-5.30865110940615e-11,1.27531536985226e-10,4.68644311254309e-10,3.53470924174162e-10,-2.89442873295515e-10,-2.37813793567686e-11,-2.03211932814993e-10,-1.32708187825996e-10,-3.37325276308416e-10,-3.83546855577094e-10,-1.06892814241741e-10,1.31057392472712e-10,-2.13846591637705e-10,2.6072222970642e-10,-1.14598821901154e-11,3.66167346494445e-11,3.73803335147807e-10,-1.01374885338493e-10,2.20800086554196e-11,6.17995784334772e-11,-8.08856846877479e-11,-3.51832829565313e-10,4.43393230004541e-10,-2.84920909950702e-10,7.66850878001837e-12,-2.69562893153957e-10,1.39656438960526e-10,2.21361568743074e-10,-5.6893649122109e-11,1.01374707244623e-10,8.89526074108758e-11,4.03525390108226e-10,-2.49150678334105e-11,2.67423721190284e-10,2.73698827913783e-10,7.2349712073026e-12,3.40709883996882e-10,2.57323172177522e-11,8.48606736894673e-11,3.49755644033107e-12,-4.56283879791341e-10,-2.82357637029185e-10,-2.0385610489237e-10,3.66705732406534e-10,-1.40494723309198e-10,3.15817312804298e-10,-2.5454587210961e-10,-7.47611986536846e-11,4.67679848101226e-11,2.62543572033886e-10,1.72759260434809e-10,-8.41998258189911e-10,2.76920512710616e-10,-1.15446714585312e-10,-2.29470209273753e-10,4.57004295676173e-10,-2.70863921590045e-10,3.64868930644757e-10,-1.1228035446747e-10,4.75882828235023e-10,3.01394871363078e-10,-3.41820813027021e-10,-1.92854839400908e-10,-1.28415761676211e-10,2.90075441526462e-10,5.20476728714244e-10,-8.68517059204145e-11,-3.86683432354318e-10,-2.56242996640675e-10,-4.07711365357328e-10,3.57006387103731e-10,-9.74474902139851e-11,-4.36629400589952e-10,-2.86715076595044e-11,-4.48809288851958e-11,-7.21629215474395e-11,2.07127274948083e-10,3.06530108762391e-10,3.64598848092156e-11,9.72205932327347e-11,5.65080035438517e-10,8.77452028096545e-11,-3.72778841618629e-10,-1.59746025000454e-10,5.33940299100743e-10,2.319666152203e-10,-8.6934339828704e-11,-1.13768052745872e-10,-3.97279090485852e-10,-2.90604836640199e-10,-2.53213250439786e-10,-7.7914556167124e-11,3.1361770624838e-10,3.11919082425154e-11,3.54987621167734e-10,-1.32818988723371e-10,-5.23177004274185e-10,3.84450273996781e-10,-3.1906701555923e-11,8.10353558425859e-11,-5.47760434811719e-10,-1.24467611040687e-10,-1.56008706995881e-10,-6.97111325099358e-10,1.88890867065665e-10,-3.26299230020304e-10,-4.21919240429711e-10,4.1113440183006e-10,9.81818625450978e-11,3.84066763199899e-11,-4.61981032008706e-10,3.57025983005092e-11,-3.11956438762068e-10,5.71140916704805e-11,-6.6208031487729e-11,3.87409780858291e-10,3.54798538098797e-10,9.23721113443652e-11,-4.03588328239997e-11,-3.04954901768401e-10,-2.26632446482513e-10,-1.27491161600645e-10,-2.24306359101573e-10,4.61857700535847e-11,7.89218616352626e-10,-3.53781056791748e-10,-1.58574931928588e-10,1.06120768165549e-10,1.09690936423329e-10,2.65124038528181e-10,2.15776442367625e-10,3.60586971220041e-10,-5.13967691439165e-11,2.82155074572795e-10,-2.86521955872519e-10,2.53065165548201e-10,6.20274086576253e-11,-2.64583714507777e-10,2.09772547749911e-10,-1.28206346969909e-10,1.78969845169147e-10,2.20061504682194e-10,1.57791365493236e-10,1.58478145113295e-10,-6.74953931744194e-11,-1.12199205869791e-10,1.66689152462737e-10,-3.45311613670011e-10,6.74918708493239e-11,-1.78243142669219e-10,-5.55865967492088e-11,5.53475985540415e-11,-9.92843389120201e-11,4.0777630692333e-11,-3.20477667841236e-10,-8.76051947090216e-11,-2.32409951531104e-11,-4.5390849982735e-10,1.61373344433875e-10,-1.21345339767116e-10,1.46038274351662e-10,-2.82660971643956e-10,-3.4316343498542e-11,1.54741443383042e-10,-1.92028527023259e-10,-3.00353093959389e-10,-4.101406015768e-10,-9.02797023494985e-11,-1.08201757027965e-11,1.50662204905226e-10,-2.12275913223543e-10,1.53137077772033e-10,-4.7260431288493e-10,5.7084969928247e-11,1.40312549601398e-10,4.88457440437933e-11,-1.06327072161161e-10,-1.40724672851152e-11,-2.37493580279368e-10,-5.14212500532997e-10,-5.08890396597968e-10,-2.01205659951498e-11,-2.61331176214986e-10,-9.74140418966911e-11,-4.18241770835211e-10,1.16408257717902e-10,-1.74560227537234e-10,4.42058575525824e-10,7.77317022902842e-10,9.12492082898742e-11,2.89558340094333e-10,3.9742200103954e-10,4.53377240853391e-10,4.18328681817718e-10,-1.75522482327868e-12,5.48058836894454e-10,6.00697717765149e-10,1.0090683714579e-09,8.07945204521594e-10,7.76995417347491e-10,1.1965785471993e-09,1.61631727613055e-09,1.50771111564521e-09,1.62300738327892e-09,2.55515328529256e-09,2.85798790750053e-09,2.994377838678e-09,3.5802988285349e-09,4.23777080755681e-09,5.0360099432873e-09,5.67899908231425e-09,6.66653184153141e-09,7.72448948406583e-09,9.57806597558656e-09,1.12672669378175e-08,1.38436537836921e-08,1.72243084910331e-08,2.08716095159421e-08,2.66227834134403e-08,3.48842856487089e-08,4.61283502868977e-08
