v,0.25
Patm,100000
g,9.81
r,500
G,10^9.5
rho,2700
mu,10^2.69
rc,14
 
M,10^5.79
sigma,0.25
 
tilt_erupt,89.0367nrad
 
-1045,-1044,-1043,-1042,-1041,-1040,-1039,-1038,-1037,-1036,-1035,-1034,-1033,-1032,-1031,-1030,-1029,-1028,-1027,-1026,-1025,-1024,-1023,-1022,-1021,-1020,-1019,-1018,-1017,-1016,-1015,-1014,-1013,-1012,-1011,-1010,-1009,-1008,-1007,-1006,-1005,-1004,-1003,-1002,-1001,-1000,-999,-998,-997,-996,-995,-994,-993,-992,-991,-990,-989,-988,-987,-986,-985,-984,-983,-982,-981,-980,-979,-978,-977,-976,-975,-974,-973,-972,-971,-970,-969,-968,-967,-966,-965,-964,-963,-962,-961,-960,-959,-958,-957,-956,-955,-954,-953,-952,-951,-950,-949,-948,-947,-946,-945,-944,-943,-942,-941,-940,-939,-938,-937,-936,-935,-934,-933,-932,-931,-930,-929,-928,-927,-926,-925,-924,-923,-922,-921,-920,-919,-918,-917,-916,-915,-914,-913,-912,-911,-910,-909,-908,-907,-906,-905,-904,-903,-902,-901,-900,-899,-898,-897,-896,-895,-894,-893,-892,-891,-890,-889,-888,-887,-886,-885,-884,-883,-882,-881,-880,-879,-878,-877,-876,-875,-874,-873,-872,-871,-870,-869,-868,-867,-866,-865,-864,-863,-862,-861,-860,-859,-858,-857,-856,-855,-854,-853,-852,-851,-850,-849,-848,-847,-846,-845,-844,-843,-842,-841,-840,-839,-838,-837,-836,-835,-834,-833,-832,-831,-830,-829,-828,-827,-826,-825,-824,-823,-822,-821,-820,-819,-818,-817,-816,-815,-814,-813,-812,-811,-810,-809,-808,-807,-806,-805,-804,-803,-802,-801,-800,-799,-798,-797,-796,-795,-794,-793,-792,-791,-790,-789,-788,-787,-786,-785,-784,-783,-782,-781,-780,-779,-778,-777,-776,-775,-774,-773,-772,-771,-770,-769,-768,-767,-766,-765,-764,-763,-762,-761,-760,-759,-758,-757,-756,-755,-754,-753,-752,-751,-750,-749,-748,-747,-746,-745,-744,-743,-742,-741,-740,-739,-738,-737,-736,-735,-734,-733,-732,-731,-730,-729,-728,-727,-726,-725,-724,-723,-722,-721,-720,-719,-718,-717,-716,-715,-714,-713,-712,-711,-710,-709,-708,-707,-706,-705,-704,-703,-702,-701,-700,-699,-698,-697,-696,-695,-694,-693,-692,-691,-690,-689,-688,-687,-686,-685,-684,-683,-682,-681,-680,-679,-678,-677,-676,-675,-674,-673,-672,-671,-670,-669,-668,-667,-666,-665,-664,-663,-662,-661,-660,-659,-658,-657,-656,-655,-654,-653,-652,-651,-650,-649,-648,-647,-646,-645,-644,-643,-642,-641,-640,-639,-638,-637,-636,-635,-634,-633,-632,-631,-630,-629,-628,-627,-626,-625,-624,-623,-622,-621,-620,-619,-618,-617,-616,-615,-614,-613,-612,-611,-610,-609,-608,-607,-606,-605,-604,-603,-602,-601,-600,-599,-598,-597,-596,-595,-594,-593,-592,-591,-590,-589,-588,-587,-586,-585,-584,-583,-582,-581,-580,-579,-578,-577,-576,-575,-574,-573,-572,-571,-570,-569,-568,-567,-566,-565,-564,-563,-562,-561,-560,-559,-558,-557,-556,-555,-554,-553,-552,-551,-550,-549,-548,-547,-546,-545,-544,-543,-542,-541,-540,-539,-538,-537,-536,-535,-534,-533,-532,-531,-530,-529,-528,-527,-526,-525,-524,-523,-522,-521,-520,-519,-518,-517,-516,-515,-514,-513,-512,-511,-510,-509,-508,-507,-506,-505,-504,-503,-502,-501,-500,-499,-498,-497,-496,-495,-494,-493,-492,-491,-490,-489,-488,-487,-486,-485,-484,-483,-482,-481,-480,-479,-478,-477,-476,-475,-474,-473,-472,-471,-470,-469,-468,-467,-466,-465,-464,-463,-462,-461,-460,-459,-458,-457,-456,-455,-454,-453,-452,-451,-450,-449,-448,-447,-446,-445,-444,-443,-442,-441,-440,-439,-438,-437,-436,-435,-434,-433,-432,-431,-430,-429,-428,-427,-426,-425,-424,-423,-422,-421,-420,-419,-418,-417,-416,-415,-414,-413,-412,-411,-410,-409,-408,-407,-406,-405,-404,-403,-402,-401,-400,-399,-398,-397,-396,-395,-394,-393,-392,-391,-390,-389,-388,-387,-386,-385,-384,-383,-382,-381,-380,-379,-378,-377,-376,-375,-374,-373,-372,-371,-370,-369,-368,-367,-366,-365,-364,-363,-362,-361,-360,-359,-358,-357,-356,-355,-354,-353,-352,-351,-350,-349,-348,-347,-346,-345,-344,-343,-342,-341,-340,-339,-338,-337,-336,-335,-334,-333,-332,-331,-330,-329,-328,-327,-326,-325,-324,-323,-322,-321,-320,-319,-318,-317,-316,-315,-314,-313,-312,-311,-310,-309,-308,-307,-306,-305,-304,-303,-302,-301,-300,-299,-298,-297,-296,-295,-294,-293,-292,-291,-290,-289,-288,-287,-286,-285,-284,-283,-282,-281,-280,-279,-278,-277,-276,-275,-274,-273,-272,-271,-270,-269,-268,-267,-266,-265,-264,-263,-262,-261,-260,-259,-258,-257,-256,-255,-254,-253,-252,-251,-250,-249,-248,-247,-246,-245,-244,-243,-242,-241,-240,-239,-238,-237,-236,-235,-234,-233,-232,-231,-230,-229,-228,-227,-226,-225,-224,-223,-222,-221,-220,-219,-218,-217,-216,-215,-214,-213,-212,-211,-210,-209,-208,-207,-206,-205,-204,-203,-202,-201,-200,-199,-198,-197,-197,-196,-195,-194,-193,-192,-191,-190,-189,-188,-187,-186,-185,-184,-183,-182,-181,-180,-179,-178,-177,-176,-175,-174,-173,-172,-171,-170,-169,-168,-167,-166,-165,-164,-163,-162,-161,-160,-159,-158,-157,-156,-155,-154,-153,-152,-151,-150,-149,-148,-147,-146,-145,-144,-143,-142,-141,-140,-139,-138,-137,-136,-135,-134,-133,-132,-131,-130,-129,-128,-127,-126,-125,-124,-123,-122,-121,-120,-119,-118,-117,-116,-115,-114,-113,-112,-111,-110,-109,-108,-107,-106,-105,-104,-103,-102,-101,-100,-99,-98,-97,-96,-95,-94,-93,-92,-91,-90,-89,-88,-87,-86,-85,-84,-83,-82,-81,-80,-79,-78,-77,-76,-75,-74,-73,-72,-71,-70,-69,-68,-67,-66,-65,-64,-63,-62,-61,-60,-59,-58,-57,-56,-55,-54,-53,-52,-51,-50,-49,-48,-47,-46,-45,-44,-43,-42,-41,-40,-39,-38,-37,-36,-35,-34,-33,-32,-31,-30,-29,-28,-27,-26,-25,-24,-23,-22,-21,-20,-19,-18,-17,-16,-15,-14,-13,-12,-11,-10,-9,-8,-7,-6,-5,-4,-3,-2,-1,0
-5.2878190829669e-11,-2.290526359904e-10,4.64810604079259e-11,-1.56734750602969e-11,1.75530382802759e-10,-1.36199891323475e-10,2.52706755673667e-10,1.08822965678008e-10,3.51926680329993e-10,2.18200942359508e-10,1.88765644392521e-10,-3.99389541188044e-10,2.74261675415682e-10,-7.08394986230061e-11,3.43817191824263e-10,-2.33453381645554e-10,-2.01705734642622e-10,1.35693604261609e-10,6.79825708647718e-11,-4.19447838046716e-10,-1.32241679917898e-10,-1.67169943064274e-10,-1.89270442512956e-10,-2.3286801745857e-10,5.15643098430469e-10,-3.1667799651519e-10,1.85556162405144e-10,-2.99503795715989e-10,-3.86894794560749e-10,-2.4151727158927e-10,2.75738328128625e-10,2.40134911611514e-11,2.66758330471696e-10,2.23167615896256e-10,1.2107575646428e-10,2.95919695203237e-10,4.05675621799799e-10,2.07186658864938e-10,1.01134599706563e-10,2.35077266100338e-10,4.53846635338321e-11,-2.69632273754827e-11,9.85229083196012e-11,-2.97988737394006e-10,2.46041212270561e-10,1.94026867332018e-10,-1.11501954838103e-10,7.58673751501397e-11,2.74472398833652e-10,2.01263516568241e-10,1.75429650113119e-10,-4.28118276852544e-10,-4.47927049185217e-11,-1.61119119742354e-10,-9.30712652883425e-11,4.60462045518441e-10,-7.54031167884524e-12,-1.17045561486841e-10,2.27020974088023e-10,1.73276661884228e-10,3.524619613178e-10,-5.74473628282045e-11,-8.79077905011157e-11,2.4389910650242e-10,-1.54767484971488e-10,1.90814747716317e-10,1.30536236576996e-10,-2.10153721410783e-10,-3.4173262989628e-10,3.42495501717471e-10,-3.31452174141468e-10,1.0804791234742e-10,-2.1603284264256e-10,2.35825498348172e-10,-3.57046691899638e-10,2.28322256781943e-10,5.91556404660074e-12,5.7939272295861e-11,3.91291482722026e-11,-9.71239410222723e-11,2.56521286688845e-11,-3.71988549417328e-10,-1.34133471032596e-10,-4.84531733713097e-11,-1.86364005187198e-10,3.26932695581642e-10,-5.99005461222302e-11,-2.8365065851591e-10,-2.13669557306589e-11,1.59491007730996e-10,-9.89072159967319e-12,-8.40554023727016e-12,-7.00319536635726e-11,7.87738252767348e-11,1.86325657891335e-10,3.67869116233827e-11,-4.20655371715973e-10,1.40112906691551e-10,5.10253094944833e-10,7.16302286263831e-11,-1.90478203538785e-10,6.28210171552175e-11,4.26780889033447e-10,-1.40334011606619e-10,1.11733804482903e-11,-1.47512287519507e-10,-1.34953490473701e-10,8.54519682247985e-13,-6.15746074644231e-11,1.69699089005707e-10,5.49708587692324e-10,-6.09963121779719e-10,-7.34183836124707e-12,2.41374769901796e-10,-2.66782851929269e-10,-1.53492335847934e-10,3.56209528524779e-10,-3.95172844892785e-10,-1.67110196345149e-10,2.09901833594901e-10,1.71556677522607e-10,2.32936928342812e-10,1.58754473369222e-10,1.00132253085368e-10,1.14742373768829e-10,1.26730589960277e-10,-1.13123553043543e-10,-2.41832785804105e-11,-7.15490172699543e-11,-1.56389793028945e-10,-8.14260614536959e-11,-2.03990882588744e-10,-1.15770845094791e-10,-3.62253980120966e-10,6.56405451064156e-10,-6.18345397061344e-11,2.76666776490777e-10,-1.50097589170591e-12,-1.80806321460228e-10,8.70579984089402e-11,-1.75979226836863e-11,2.6160197615515e-10,1.13693296782849e-10,1.32662187708372e-10,-3.37853472356627e-10,-3.78081337971648e-11,7.90309491017572e-11,-5.35381788956779e-10,-1.93324697674722e-10,1.45893120675477e-10,1.07018313869896e-11,2.60636080036764e-10,1.81042111971907e-10,-4.58534374680018e-11,1.87042932276881e-10,3.45548961477842e-11,-3.74510518280715e-11,1.29967678974511e-10,-3.52123908969143e-10,5.47309660723479e-11,3.04603106323304e-10,-3.28279688657547e-10,4.16214875491015e-10,-8.70456165310256e-11,1.50446914392862e-10,2.15660161886213e-10,-3.49528618495349e-10,-5.5947691879535e-12,8.61011521460954e-11,1.47274566895373e-10,-1.39719793384047e-10,-1.57197697770195e-10,2.32042801045242e-10,-4.42641237222656e-10,4.0967356853908e-10,2.69224221345838e-10,-5.68994083599506e-11,-1.92010141366756e-10,2.0650432138625e-10,-2.43433836565287e-10,1.05343257425383e-11,-3.21836815146868e-10,-8.67760623622422e-11,-1.2406760722669e-10,-3.92884683272673e-10,3.97345650508243e-11,-2.82075086368303e-10,-1.31964025649549e-10,2.82816042703675e-10,-2.20897117909939e-10,-1.36782778294376e-10,1.07547959924599e-10,-2.899431513332e-10,6.10792263206554e-11,-2.28186865201379e-10,3.44553583236944e-10,2.46238570895802e-10,-4.72256592167035e-11,-7.52328655097418e-11,8.66512303024064e-11,-7.3530154526676e-12,9.51457624683436e-11,1.30035920018367e-10,-3.71773402357927e-11,-9.41208775290919e-11,-4.43628073277535e-11,2.17169292591595e-10,-1.32014177781079e-11,6.47349558300808e-11,-1.07694485824601e-10,4.0868627973958e-10,2.01504251066316e-10,7.14365416979427e-11,-3.70538699197279e-11,1.97760289561013e-10,3.74935401599961e-11,-3.3599216898996e-11,-1.54609077661052e-10,-2.3705251096987e-10,-2.71033068768523e-10,5.0689317577573e-11,-2.60277943315432e-10,1.16981352931574e-10,8.00992861035053e-11,-9.59326824646223e-11,2.11911343480082e-10,-1.09515393753172e-10,4.50462917797875e-11,-2.72794853665093e-10,3.19668025598849e-10,2.32622513028549e-10,-2.2254458876959e-11,-8.35756195866957e-12,3.11821209848913e-10,2.97421543332063e-10,3.75654415530251e-11,2.28559525272457e-10,-3.47449624033275e-10,-7.40830057752984e-11,-1.79972505320158e-10,-2.89796432095171e-10,5.70947741908508e-11,2.91608766785399e-10,-8.77124473191736e-12,3.46061865680941e-11,-4.21806294132545e-10,-7.46778287922678e-11,-9.71234637982579e-11,2.00815785757395e-10,3.09766910154393e-10,-3.51497369216668e-10,-5.09785673185501e-11,1.62191436388311e-11,-1.16731621656947e-10,-5.06084068073664e-12,3.71934879897248e-10,-3.61592172618393e-10,2.69626977008464e-11,-1.46652284394867e-10,3.02574278757445e-10,-3.44651829636421e-10,6.08305490746062e-11,1.41570581564611e-11,-2.36674667848635e-10,8.60060963625659e-11,-1.66078709249889e-10,5.22550147866514e-11,-3.29749741414418e-10,-1.02641074484812e-10,3.34041486040688e-10,8.03753591262687e-11,6.78090575375067e-10,-6.27682457140402e-10,-1.87581840823777e-10,-3.57211102614424e-10,-4.8606424196598e-10,-6.0723798741051e-11,-2.0413863754782e-10,8.10396334041687e-11,-1.24268948696445e-10,3.11081253260785e-10,-4.09933792816289e-10,6.89902331503657e-12,6.99004010287536e-10,-1.79311214095219e-10,-3.03194754592212e-10,-2.07216869592189e-10,-1.26153382167698e-10,2.85076501487963e-10,3.62016871075246e-11,4.02485219761157e-11,-2.06671621243247e-10,-3.13128164405662e-11,-2.3031421814865e-10,-4.98955004202026e-10,7.77273993950552e-11,1.30380546848842e-11,-1.63723614971152e-10,-2.68312131268857e-10,2.58795841901835e-10,1.36536808778615e-10,-7.44196559987925e-11,9.71232616525969e-11,-4.49347328497102e-10,-3.24962589644473e-10,-3.80513883394173e-10,-2.71457274115673e-10,-6.25501417253315e-11,-3.0928752936206e-10,4.08755489702858e-10,7.84689775632349e-12,5.13075256634258e-10,-2.13799186777215e-10,2.66112231522189e-10,2.08865467744687e-10,-3.32380970699195e-11,1.47822718672621e-10,2.1504075872088e-10,-2.19923024000975e-10,3.6874012857846e-10,-1.61559699453845e-10,4.2545514954834e-10,3.43082142188437e-11,4.88291741509534e-10,-3.48476069673915e-10,-2.16154902650784e-10,-1.97646296188158e-10,-1.57012177096286e-12,-2.72562987875156e-10,2.25793726513674e-10,1.86943331545939e-10,-7.21540989563535e-11,2.35076122252938e-10,5.57701111349299e-10,-3.8794942805736e-10,-8.75012628121715e-11,2.73888612666293e-10,5.40195746536e-11,1.23377389909912e-10,3.0686828203856e-10,6.16049776403968e-10,-4.01382919079227e-10,-6.01219664587331e-11,3.09436152051746e-10,-2.61577620804944e-10,5.67183882480926e-11,6.33298113394185e-11,-2.1431111611195e-10,3.53384293766259e-10,2.79096659649669e-10,3.27804319841175e-10,2.90302924499443e-10,1.25866862018972e-10,-3.63146328552005e-10,6.66593842186166e-11,-5.05377480200725e-11,1.99588257298265e-10,-9.03335086333263e-11,-1.58961305269647e-10,1.76375366789719e-11,-4.46449507485838e-10,1.54713221105515e-10,2.05545133494835e-10,-2.86867711912306e-11,8.866462940014e-11,-1.09000764885027e-10,-7.01763045260808e-11,-3.03682536668172e-10,-7.22672650869034e-11,4.03351657440123e-10,-2.57219749631295e-10,4.79585178865707e-10,-9.99541517821136e-11,1.5770757663071e-10,-1.71566664719594e-10,2.17568307508241e-10,-4.14348664514128e-10,-1.04656919975483e-11,-7.41770340163101e-11,5.26599921156856e-10,-4.57105208723702e-10,4.43519470713636e-10,-2.51206355054943e-10,-3.98207254226595e-11,-2.74522350288897e-10,6.10075785706945e-10,-7.80465603624729e-11,2.83130335857172e-11,-3.30582058713438e-10,1.8877261714669e-10,2.72674530065323e-10,2.53423913718419e-10,-1.56302444360845e-10,9.52220682429968e-11,-1.1171857299338e-10,-2.47613686650176e-10,-3.32375114408059e-11,-2.45946082642461e-10,-6.14537836947078e-11,-1.71807906981857e-11,-9.51899326010913e-11,1.19504109235502e-11,4.72103642575364e-10,3.52823435958455e-10,-1.06070027061408e-10,-1.03798507930913e-10,3.53085361130985e-11,-1.71670443952334e-10,-1.34717997236982e-10,-1.44656389067787e-11,1.84343512696039e-10,1.2404580244846e-10,-2.37227611657622e-10,2.46608428302444e-10,-1.53004581757433e-10,3.32298104761796e-10,-6.59562635436741e-11,-1.3701243111371e-10,-2.73042648064529e-10,5.22728725662629e-10,-5.37120844935784e-11,1.00147305895484e-10,-2.43012213511954e-10,7.87918408392099e-11,1.42769559947932e-10,1.30376027025576e-12,-2.91047024220294e-11,-2.44026338833687e-10,-2.69730568959288e-10,-8.42094709713532e-11,3.9486315205779e-10,1.77486697838559e-10,1.82227386046862e-10,5.64403580295585e-11,2.35237232446107e-10,1.47022370486513e-10,-4.065073122069e-10,-3.70725769429635e-10,-2.89696497813056e-10,2.17720852610938e-10,3.87880269068048e-11,1.68951038330504e-10,-2.64384941890323e-11,-3.26351461432207e-10,-1.61647664475956e-10,-1.7807437340943e-11,2.65178441509935e-10,-3.28103353686224e-10,-5.05862056419962e-11,-3.45418452192988e-10,2.50927201020051e-11,-5.76995836259468e-11,1.82936574256184e-11,-2.38001780800101e-10,-2.46286874248917e-11,-1.6414532831949e-10,-2.38910449351483e-10,-4.77111730501123e-11,1.286006981063e-10,2.4128878092177e-10,2.48056994688092e-10,4.35175645620928e-10,-2.31828084492085e-11,1.74075357615873e-10,-2.04022920705476e-10,1.12191433844952e-11,2.43936046785753e-10,-3.613726727252e-10,1.03041501611661e-10,-8.0270877272491e-11,-2.94363641081791e-10,3.75041779290013e-10,7.776245895353e-10,1.1023005664079e-10,-1.66250509021747e-10,-3.03198273393965e-10,1.82643471758213e-10,-1.023674792585e-10,-2.40639307985847e-10,-4.83309169781672e-10,1.98405806694521e-10,1.41240689088547e-10,-2.14545930199228e-10,-1.58730669079544e-10,-2.84473577684445e-10,1.03701273207647e-10,-1.92300046604445e-10,2.52332847870631e-10,3.9780711921441e-10,2.88532525109891e-10,3.94510059694842e-11,-2.13372806302247e-10,-1.09607364577287e-10,-1.1425021022865e-10,2.72228061787479e-10,3.16750661378539e-10,1.39320762994573e-10,5.89794386005768e-11,1.44755310992268e-10,-3.23829245736766e-10,-3.58083946152105e-10,-2.66517068712466e-10,-4.15758837497975e-10,3.61334884721424e-10,-4.69038350325129e-10,1.8480740214708e-10,-3.04607117249747e-11,-3.72513241816903e-10,-9.84116784086124e-11,9.72432443574614e-11,-4.4548378874871e-10,-4.88755811767754e-10,-1.70904416905349e-11,8.21964410822968e-11,1.25738345550493e-10,4.13692623754475e-10,-2.44974522243761e-10,-1.12286944098755e-10,1.24868040457051e-10,1.82682039281515e-10,-8.60433011058072e-11,-8.89314532874241e-11,-2.39963885646895e-10,2.11317425715602e-10,4.31198292820412e-10,3.38420148096681e-10,4.2458896880716e-10,1.97453762237377e-10,3.30517807514197e-11,-1.24555623996929e-10,3.93268124248958e-10,1.29156020159431e-10,6.56020805701086e-11,1.9781436635793e-10,-3.18670519920033e-10,-2.54187401626569e-10,1.73759691165317e-10,-8.33029691662007e-11,-1.75812340314387e-10,1.45371888207226e-10,-8.83575164017964e-12,2.47809814253118e-10,-1.8093512196761e-10,-6.67810662769742e-11,-1.3227195121658e-12,-3.03281511695676e-11,-4.90741169588111e-10,9.61632675934195e-11,-8.39200563077893e-11,1.02059807275476e-10,5.13344288852896e-11,9.88109389095262e-11,3.5951773725893e-10,3.34523805285156e-10,-3.04474952071118e-11,1.59977821538219e-10,4.47131837954237e-10,1.77380845706922e-10,7.46523938485206e-11,-1.24857700196161e-10,-1.85799161654266e-10,1.20443654297852e-10,-1.4848812852046e-11,-1.76280576227732e-10,1.57781702185886e-10,1.22419471891571e-10,-2.83436653353422e-10,-1.213700148395e-10,-3.02856351890166e-11,-2.26621446448518e-11,-7.76169523448118e-11,-1.53541797977656e-10,1.64929879053714e-10,-5.12244037865724e-10,3.38196223873993e-10,3.85695119293705e-10,-1.67126524007191e-10,2.14845763252382e-10,-4.90597635037711e-12,4.73210835117059e-10,1.22150978116864e-10,3.33915845891477e-10,-1.33346272702784e-10,-2.48786189593138e-10,3.14470232092474e-10,-3.85657653520274e-10,3.87638804663388e-10,-1.46552448414146e-10,3.03816991107643e-10,-1.55002006785395e-10,-5.59555273894756e-10,3.98187753429688e-10,-2.11928806554097e-10,1.85473506664062e-10,-3.61438001083298e-10,8.27109348123048e-12,1.78887260108025e-10,-1.80648868614752e-10,3.13321518960793e-10,2.66054334792882e-11,-3.72432035593675e-10,-2.9217408798712e-10,2.97415732985382e-10,-1.22256041107237e-10,1.74725263526478e-10,4.04858425708235e-10,-1.00201575566126e-10,-3.58020191863371e-10,-9.14693122060128e-11,3.30399566630361e-10,-4.95990916530824e-10,3.76143616916373e-11,-2.47929182732574e-10,-1.50841646081281e-10,-3.98527077588478e-10,3.83844965436308e-10,3.73190408136213e-10,-3.01689502042862e-10,7.30819960868695e-11,-7.26453662616945e-10,1.52380486041729e-10,-3.62039590219778e-10,1.67835377697526e-10,-6.28668460788076e-13,-7.72871503829914e-11,-1.41453892929239e-10,9.78256295435143e-11,2.84027136676831e-10,3.94553597159322e-11,-1.57373434335928e-10,-2.7219416446737e-11,-1.2732042902352e-10,-1.23647259823295e-10,3.27515795465109e-10,-2.73902268460461e-10,1.38164756440232e-10,-5.92109104331542e-10,-2.93898776895625e-10,-2.09529660212904e-10,-2.50589361849562e-11,-2.6769125475824e-10,6.43927932864607e-11,-1.53815532148914e-10,-2.77719038994424e-10,-1.30145997851725e-10,-7.75123389954658e-11,1.03168761519789e-10,-5.34417899576824e-10,1.27108658748633e-10,-1.99626082585097e-10,-4.43620501944677e-11,-2.44279195048521e-10,3.13340600020757e-10,-4.20356026873745e-11,2.32262713924692e-10,2.32583631413437e-10,2.12307929351573e-10,3.94241793884615e-10,-1.30890940080353e-10,1.37634635984255e-10,3.11172550981963e-10,-1.74385469659159e-10,-2.28331201693277e-11,2.04402051914144e-10,-9.64858021428167e-11,-3.41399447372725e-10,4.47979691001277e-10,9.53795423278717e-12,-7.30563805690385e-11,1.5493699670255e-10,-1.3867228408335e-12,2.20440012476892e-10,-2.71276370849606e-10,-2.84508031271619e-10,5.35941356916043e-10,1.34677928446816e-11,2.66077487286602e-11,-4.43450937600667e-11,-4.67167503974195e-10,-6.28126673670103e-11,-2.02082414562988e-10,1.8511779536425e-10,-2.4392331619987e-10,5.02558760148648e-11,1.21946130237776e-10,8.95147156533259e-11,-4.45211330714802e-10,-2.70939536934558e-10,2.03693691722169e-10,3.70509347436393e-10,2.74073682613382e-10,-2.10140133478574e-10,-1.82640724076366e-10,-2.49632916893793e-11,-1.78160540684191e-10,4.05818135108171e-10,-7.37909081811449e-11,3.6453986518887e-10,4.95006014872566e-10,1.89185057384665e-10,-3.74403456607186e-10,-1.46954267279493e-10,-9.20322099770565e-11,-8.61713639178465e-12,-2.51108559583567e-10,-4.31047204183389e-11,-8.90739706693455e-11,1.17729355320792e-10,-1.11212520357971e-10,-4.19158818248923e-11,2.18795161434072e-10,-2.7284571270215e-10,-2.76196190411298e-10,-1.3781866831271e-10,-4.06228250330341e-10,4.40708993803218e-11,1.97210822310174e-10,-4.65442895707678e-11,2.68264499033777e-10,-2.55745966916698e-10,-5.54800608635667e-10,-1.11543154920214e-10,3.69942237399487e-10,-1.33170840971127e-10,-1.23791328878928e-10,2.86973946737297e-11,-2.39901681829947e-10,4.84675416835112e-11,6.01533182655674e-10,3.76895718672442e-10,-1.30337484214506e-10,3.85001688134418e-10,2.3444919270181e-10,8.78070458658524e-11,-1.47386493486109e-10,-1.73834759835729e-10,2.18268740444532e-10,-1.34820441347173e-10,-3.55742027398601e-10,4.0813671771538e-10,-1.4045356752316e-11,3.87012272314219e-10,-4.36962910568884e-10,-6.18864727351546e-11,-1.32575602644625e-10,2.75702746843122e-10,-2.6719604448628e-10,-2.43862047083547e-10,2.2541250490822e-11,8.50502978716456e-11,1.55607525687767e-10,2.35768934369484e-10,2.9423950955746e-11,4.47862719972409e-10,9.43220083376237e-11,1.48924809897616e-10,-4.88745456322768e-12,1.66703148072594e-10,-3.59588307482592e-10,1.11473494287407e-10,-1.99206466074838e-10,9.75884119125787e-11,-3.4933431818426e-10,-2.53978975420246e-10,2.34997991318616e-10,2.60702944588209e-10,4.44912881954641e-10,6.33926314069559e-11,2.95102386813132e-10,-2.03497346229458e-10,7.25484622698163e-11,5.6850540570912e-11,-2.82741224441833e-10,-1.23753344056592e-10,9.48841901475843e-11,-1.8722041057133e-10,-1.77116299705212e-10,-2.11345467341974e-10,-6.15116492690338e-11,4.55757709331813e-11,1.84941556073553e-11,-2.45531647797637e-10,-2.82623038744968e-11,-7.19842959493892e-11,2.17565665104325e-10,-1.21895833310366e-10,-4.19513964128345e-11,-8.30810560002651e-11,8.18931605098731e-11,-2.60583785681921e-10,-7.72803900929046e-11,3.32283868297332e-10,-2.79588465865986e-10,-1.65502454387747e-10,1.66835544231805e-10,-1.76116251447394e-10,3.78940811683879e-10,-1.40756398338142e-10,1.49698729698526e-10,-4.14477031198189e-10,3.31847603939697e-10,4.89859788798222e-11,-4.45838390389859e-10,3.84267069033784e-10,-4.30697488274617e-11,3.57516058227764e-10,-1.75570887047184e-10,-1.71131087623426e-10,-6.97621429625273e-11,7.45503598153832e-11,9.38239207426325e-12,1.0969139709522e-10,-1.31025102806262e-10,-3.03673406348442e-10,2.24508224607879e-10,1.28028799773647e-10,-5.61570886931249e-10,2.330802004642e-10,-8.18784328991504e-12,-3.27447647681373e-10,3.05325797225821e-10,1.90066875047545e-11,-2.46344259568097e-10,-4.3139388982369e-11,2.89353626206609e-10,1.81684610551048e-10,-7.15617343190281e-11,-3.59785374399848e-11,6.48241984275979e-11,3.08558060591344e-10,3.77668878975468e-10,-1.43039944833007e-10,-2.42804755082104e-11,-1.86116777943025e-11,-7.17114156231484e-10,-2.63388054046512e-10,2.77436338399416e-10,-1.14077381128381e-10,-1.60980188122653e-10,7.32462675965937e-11,-2.56390890778945e-10,-1.16818169793339e-10,1.08412800959795e-10,-3.87589322067221e-11,-2.7364898958026e-10,2.82301445369874e-10,5.68461491142789e-10,1.36125188602655e-10,-1.62249080651899e-10,-2.23589796326922e-10,-2.69226925170942e-10,1.55640502667068e-10,-7.53720245440466e-10,-6.94856412381536e-11,-1.72797687678142e-10,-5.81753481306063e-10,-3.55065226122414e-10,-7.43004345893449e-10,-4.16334510460467e-10,-3.46701024697166e-10,-6.84507985053998e-10,-7.4262976609214e-10,-7.51790744201991e-10,-5.58899119547357e-10,-5.40943044503807e-10,-9.4436874846845e-10,-1.15836801480457e-09,-1.4598645936996e-09,-1.22560032502091e-09,-1.26720083274179e-09,-1.40530881253269e-09,-1.09214729733414e-09,-1.99285267028587e-09,-1.72064099800819e-09,-2.04278490758211e-09,-2.06307087265533e-09,-1.87093308716304e-09,-1.92276891314893e-09,-2.16583731868257e-09,-2.481601861835e-09,-2.70944289180848e-09,-2.37790160704525e-09,-1.9397146151336e-09,-2.4304187624197e-09,-2.39071999361612e-09,-2.83973516852126e-09,-2.58162493101725e-09,-2.92149662096616e-09,-2.98527842326389e-09,-3.00659120192927e-09,-2.93728855038447e-09,-3.17210499168952e-09,-3.43680943589512e-09,-3.36573366000773e-09,-3.07483961355479e-09,-3.44051220605584e-09,-3.4954600886052e-09,-3.49187149478886e-09,-3.83358388845558e-09,-3.9466546683419e-09,-4.18642831317041e-09,-3.72109924863818e-09,-4.27090283808598e-09,-4.09042856728318e-09,-4.47583388278229e-09,-4.72841892958878e-09,-4.18930659985522e-09,-4.52333639859396e-09,-4.81288287390369e-09,-5.02363762546429e-09,-4.7828613572919e-09,-4.59832376177682e-09,-5.00299258906181e-09,-5.20932902573372e-09,-5.06947338213385e-09,-4.95042000800136e-09,-4.98636466283282e-09,-5.58548881403987e-09,-5.24358829151345e-09,-5.83822674127916e-09,-6.11699689915069e-09,-5.92774211537408e-09,-6.03799203029244e-09,-6.12136721432005e-09,-6.18534671964262e-09,-6.39458372652919e-09,-5.93168305137714e-09,-6.46923226754495e-09,-7.01031546773752e-09,-7.18596788356462e-09,-7.59516067659884e-09,-7.69027613836825e-09,-7.47584159341941e-09,-7.16966488932553e-09,-7.88501027043947e-09,-7.05741846892457e-09,-8.00278192536745e-09,-7.98206068563367e-09,-8.27236682862603e-09,-8.61963150906425e-09,-8.76797285268998e-09,-8.71049816996744e-09,-9.09067087640836e-09,-8.35164085656951e-09,-8.6136853106864e-09,-8.89273598095572e-09,-8.75901498533163e-09,-8.68826863594993e-09,-9.4381573928378e-09,-9.88415516723957e-09,-9.53446208667515e-09,-1.01637800907351e-08,-9.56506311995198e-09,-1.02695835923617e-08,-1.07014696136661e-08,-1.05157327623056e-08,-1.08049185359142e-08,-1.01958099170202e-08,-1.09327489470315e-08,-1.08642130134674e-08,-1.0975804874457e-08,-1.11807490372696e-08,-1.15273961602908e-08,-1.15625213343643e-08,-1.19619090736782e-08,-1.23166017100691e-08,-1.23961076688922e-08,-1.24122687328762e-08,-1.23159628869301e-08,-1.2678598217116e-08,-1.2294224808832e-08,-1.32269454702067e-08,-1.34299122118121e-08,-1.34128799636034e-08,-1.34918924112069e-08,-1.33631931965708e-08,-1.41675366447786e-08,-1.44712211399381e-08,-1.43472893441516e-08,-1.4206378454002e-08,-1.49473581270319e-08,-1.4495004338076e-08,-1.50002556043382e-08,-1.55240039133955e-08,-1.51646756940429e-08,-1.52260424195791e-08,-1.57832102902532e-08,-1.55197997035253e-08,-1.58664122344341e-08,-1.62440899221798e-08,-1.60852795549651e-08,-1.64562876638014e-08,-1.6758649082795e-08,-1.70683613865495e-08,-1.74342751298415e-08,-1.76873889130382e-08,-1.72960191472392e-08,-1.75041582449283e-08,-1.75504788987734e-08,-1.7907035661132e-08,-1.82278072555507e-08,-1.82793961883309e-08,-1.84604804101703e-08,-1.86644183591943e-08,-1.86096861653249e-08,-1.90640252162492e-08,-1.91258694738632e-08,-1.9411831059743e-08,-1.94614580032163e-08,-1.94618186888401e-08,-1.98144643874632e-08,-2.02073981898328e-08,-2.0230285741695e-08,-2.03548004208241e-08,-1.99826845678952e-08,-2.03087679330961e-08,-2.0638237542059e-08,-2.01911434491753e-08,-2.05124179996885e-08,-2.01530240920194e-08,-2.01308713181844e-08,-2.00739803835465e-08,-2.00045619330194e-08,-1.98145338944831e-08,-1.90293302592067e-08,-1.92830861530873e-08,-1.81314411903992e-08,-1.78679114566805e-08,-1.7499072076213e-08,-1.6620268951764e-08,-1.54458400262451e-08,-1.41323215879881e-08,-1.30082080311809e-08,-1.15059462256643e-08,-9.53868135486938e-09,-7.27316919179527e-09,-4.87866657210877e-09,-1.31392229140552e-09,2.63793469247676e-09,7.82833918456899e-09,1.33010937481428e-08,2.02534928480103e-08,2.91551008225186e-08,3.91256584676383e-08,5.25154029721519e-08,6.84730868061642e-08,8.87742678254464e-08
