v,0.25
Patm,100000
g,9.81
r,500
G,10^9.5
rho,2700
mu,10^2.69
rc,14
 
M,10^5.47
sigma,0.5
 
tilt_erupt,48.2252nrad
 
-1333,-1332,-1331,-1330,-1329,-1328,-1327,-1326,-1325,-1324,-1323,-1322,-1321,-1320,-1319,-1318,-1317,-1316,-1315,-1314,-1313,-1312,-1311,-1310,-1309,-1308,-1307,-1306,-1305,-1304,-1303,-1302,-1301,-1300,-1299,-1298,-1297,-1296,-1295,-1294,-1293,-1292,-1291,-1290,-1289,-1288,-1287,-1286,-1285,-1284,-1283,-1282,-1281,-1280,-1279,-1278,-1277,-1276,-1275,-1274,-1273,-1272,-1271,-1270,-1269,-1268,-1267,-1266,-1265,-1264,-1263,-1262,-1261,-1260,-1259,-1258,-1257,-1256,-1255,-1254,-1253,-1252,-1251,-1250,-1249,-1248,-1247,-1246,-1245,-1244,-1243,-1242,-1241,-1240,-1239,-1238,-1237,-1236,-1235,-1234,-1233,-1232,-1231,-1230,-1229,-1228,-1227,-1226,-1225,-1224,-1223,-1222,-1221,-1220,-1219,-1218,-1217,-1216,-1215,-1214,-1213,-1212,-1211,-1210,-1209,-1208,-1207,-1206,-1205,-1204,-1203,-1202,-1201,-1200,-1199,-1198,-1197,-1196,-1195,-1194,-1193,-1192,-1191,-1190,-1189,-1188,-1187,-1186,-1185,-1184,-1183,-1182,-1181,-1180,-1179,-1178,-1177,-1176,-1175,-1174,-1173,-1172,-1171,-1170,-1169,-1168,-1167,-1166,-1165,-1164,-1163,-1162,-1161,-1160,-1159,-1158,-1157,-1156,-1155,-1154,-1153,-1152,-1151,-1150,-1149,-1148,-1147,-1146,-1145,-1144,-1143,-1142,-1141,-1140,-1139,-1138,-1137,-1136,-1135,-1134,-1133,-1132,-1131,-1130,-1129,-1128,-1127,-1126,-1125,-1124,-1123,-1122,-1121,-1120,-1119,-1118,-1117,-1116,-1115,-1114,-1113,-1112,-1111,-1110,-1109,-1108,-1107,-1106,-1105,-1104,-1103,-1102,-1101,-1100,-1099,-1098,-1097,-1096,-1095,-1094,-1093,-1092,-1091,-1090,-1089,-1088,-1087,-1086,-1085,-1084,-1083,-1082,-1081,-1080,-1079,-1078,-1077,-1076,-1075,-1074,-1073,-1072,-1071,-1070,-1069,-1068,-1067,-1066,-1065,-1064,-1063,-1062,-1061,-1060,-1059,-1058,-1057,-1056,-1055,-1054,-1053,-1052,-1051,-1050,-1049,-1048,-1047,-1046,-1045,-1044,-1043,-1042,-1041,-1040,-1039,-1038,-1037,-1036,-1035,-1034,-1033,-1032,-1031,-1030,-1029,-1028,-1027,-1026,-1025,-1024,-1023,-1022,-1021,-1020,-1019,-1018,-1017,-1016,-1015,-1014,-1013,-1012,-1011,-1010,-1009,-1008,-1007,-1006,-1005,-1004,-1003,-1002,-1001,-1000,-999,-998,-997,-996,-995,-994,-993,-992,-991,-990,-989,-988,-987,-986,-985,-984,-983,-982,-981,-980,-979,-978,-977,-976,-975,-974,-973,-972,-971,-970,-969,-968,-967,-966,-965,-964,-963,-962,-961,-960,-959,-958,-957,-956,-955,-954,-953,-952,-951,-950,-949,-948,-947,-946,-945,-944,-943,-942,-941,-940,-939,-938,-937,-936,-935,-934,-933,-932,-931,-930,-929,-928,-927,-926,-925,-924,-923,-922,-921,-920,-919,-918,-917,-916,-915,-914,-913,-912,-911,-910,-909,-908,-907,-906,-905,-904,-903,-902,-901,-900,-899,-898,-897,-896,-895,-894,-893,-892,-891,-890,-889,-888,-887,-886,-885,-884,-883,-882,-881,-880,-879,-878,-877,-876,-875,-874,-873,-872,-871,-870,-869,-868,-867,-866,-865,-864,-863,-862,-861,-860,-859,-858,-857,-856,-855,-854,-853,-852,-851,-850,-849,-848,-847,-846,-845,-844,-843,-842,-841,-840,-839,-838,-837,-836,-835,-834,-833,-832,-831,-830,-829,-828,-827,-826,-825,-824,-823,-822,-821,-820,-819,-818,-817,-816,-815,-814,-813,-812,-811,-810,-809,-808,-807,-806,-805,-804,-803,-802,-801,-800,-799,-798,-797,-796,-795,-794,-793,-792,-791,-790,-789,-788,-787,-786,-785,-784,-783,-782,-781,-780,-779,-778,-777,-776,-775,-774,-773,-772,-771,-770,-769,-768,-767,-766,-765,-764,-763,-762,-761,-760,-759,-758,-757,-756,-755,-754,-753,-752,-751,-750,-749,-748,-747,-746,-745,-744,-743,-742,-741,-740,-739,-738,-737,-736,-735,-734,-733,-732,-731,-730,-729,-728,-727,-726,-725,-724,-723,-722,-721,-720,-719,-718,-717,-716,-715,-714,-713,-712,-711,-710,-709,-708,-707,-706,-705,-704,-703,-702,-701,-700,-699,-698,-697,-696,-695,-694,-693,-692,-691,-690,-689,-688,-687,-686,-685,-684,-683,-682,-681,-680,-679,-678,-677,-676,-675,-674,-673,-672,-671,-670,-669,-668,-667,-666,-665,-664,-663,-662,-661,-660,-659,-658,-657,-656,-655,-654,-653,-652,-651,-650,-649,-648,-647,-646,-645,-644,-643,-642,-641,-640,-639,-638,-637,-636,-635,-634,-633,-632,-631,-630,-629,-628,-627,-626,-625,-624,-623,-622,-621,-620,-619,-618,-617,-616,-615,-614,-613,-612,-611,-610,-609,-608,-607,-606,-605,-604,-603,-602,-601,-600,-599,-598,-597,-596,-595,-594,-593,-592,-591,-590,-589,-588,-587,-586,-585,-584,-583,-582,-581,-580,-579,-578,-577,-576,-575,-574,-573,-572,-571,-570,-569,-568,-567,-566,-565,-564,-563,-562,-561,-560,-559,-558,-557,-556,-555,-554,-553,-552,-551,-550,-549,-548,-547,-546,-545,-544,-543,-542,-541,-540,-539,-538,-537,-536,-535,-534,-533,-532,-531,-530,-529,-528,-527,-526,-525,-524,-523,-522,-521,-520,-519,-518,-517,-516,-515,-514,-513,-512,-511,-510,-509,-508,-507,-506,-505,-504,-503,-502,-501,-500,-499,-498,-497,-496,-495,-494,-493,-492,-491,-490,-489,-488,-487,-486,-485,-484,-483,-482,-481,-480,-479,-478,-477,-476,-475,-474,-473,-472,-471,-470,-469,-468,-467,-466,-465,-464,-463,-462,-461,-460,-459,-458,-457,-456,-455,-454,-453,-452,-451,-450,-449,-448,-447,-446,-445,-444,-443,-442,-441,-440,-439,-438,-437,-436,-435,-434,-433,-432,-431,-430,-429,-428,-427,-426,-425,-424,-423,-422,-421,-420,-419,-418,-417,-416,-415,-414,-413,-412,-411,-410,-409,-408,-407,-406,-405,-404,-403,-402,-401,-400,-399,-398,-397,-396,-395,-394,-393,-392,-391,-390,-389,-388,-387,-386,-385,-384,-383,-382,-381,-380,-379,-378,-377,-376,-375,-374,-373,-372,-371,-370,-369,-368,-367,-366,-365,-364,-363,-362,-361,-360,-359,-358,-357,-356,-355,-354,-353,-352,-351,-350,-349,-348,-347,-346,-345,-344,-343,-342,-341,-340,-339,-338,-337,-336,-335,-334,-333,-332,-331,-330,-329,-328,-327,-326,-325,-324,-323,-322,-321,-320,-319,-318,-317,-316,-315,-314,-313,-312,-311,-310,-309,-308,-307,-306,-305,-304,-303,-302,-301,-300,-299,-298,-297,-296,-295,-294,-293,-292,-291,-290,-289,-288,-287,-286,-285,-284,-283,-282,-281,-280,-279,-278,-277,-276,-275,-274,-273,-272,-271,-270,-269,-268,-267,-266,-265,-264,-263,-262,-261,-260,-259,-258,-257,-256,-255,-254,-253,-252,-251,-250,-249,-248,-247,-246,-245,-244,-243,-242,-241,-240,-239,-238,-237,-236,-235,-234,-233,-232,-231,-230,-229,-228,-227,-226,-225,-224,-223,-222,-221,-220,-219,-218,-217,-216,-215,-214,-213,-212,-211,-210,-209,-208,-207,-206,-205,-204,-203,-202,-201,-200,-199,-198,-197,-196,-195,-194,-193,-192,-191,-190,-189,-188,-187,-186,-185,-184,-183,-182,-181,-180,-179,-178,-177,-176,-175,-174,-173,-172,-171,-170,-169,-168,-167,-166,-165,-164,-163,-162,-161,-160,-159,-158,-157,-156,-155,-154,-153,-152,-151,-150,-149,-148,-147,-146,-145,-144,-143,-142,-141,-140,-139,-138,-137,-136,-135,-134,-133,-132,-131,-130,-129,-128,-127,-126,-125,-124,-123,-122,-121,-120,-119,-118,-117,-116,-115,-114,-113,-112,-111,-110,-109,-108,-107,-106,-105,-104,-103,-102,-101,-100,-99,-98,-97,-96,-95,-94,-93,-92,-91,-91,-90,-89,-88,-87,-86,-85,-84,-83,-82,-81,-80,-79,-78,-77,-76,-75,-74,-73,-72,-71,-70,-69,-68,-67,-66,-65,-64,-63,-62,-61,-60,-59,-58,-57,-56,-55,-54,-53,-52,-51,-50,-49,-48,-47,-46,-45,-44,-43,-42,-41,-40,-39,-38,-37,-36,-35,-34,-33,-32,-31,-30,-29,-28,-27,-26,-25,-24,-23,-22,-21,-20,-19,-18,-17,-16,-15,-14,-13,-12,-11,-10,-9,-8,-7,-6,-5,-4,-3,-2,-1,0
6.1415029314139e-11,-3.45163744954795e-10,-3.17754115926841e-10,6.39744575393079e-10,8.83000984625548e-10,9.54443428567248e-10,-2.75319121440775e-10,5.1340725001312e-10,1.60269912135154e-10,4.9093579399277e-10,8.40915994660061e-10,4.1539514017539e-10,-4.07223286450352e-10,-4.872996757593e-10,1.20210099123302e-09,5.23200726511481e-10,2.6177642172912e-10,-1.23447353150393e-10,1.38014480695928e-11,4.05138089997748e-10,7.10138987459187e-12,1.66085358108065e-10,2.97519616411314e-10,-7.69875023994192e-10,-7.12042678855014e-10,-3.65615880326196e-10,-5.37001275451362e-10,-1.60431671257018e-10,3.19989043584052e-10,3.43919835407566e-10,-5.68425025014861e-10,2.70578542962505e-10,-1.43660258673602e-10,3.12793809532716e-10,2.5183400153665e-10,6.49179018311067e-10,-5.06873257893356e-11,-3.5145496373145e-10,-2.8857002893185e-10,-3.12229690148754e-10,1.34196084982423e-10,8.41706948628144e-10,9.09487351470216e-11,1.81102966636155e-10,-3.94608124764e-10,1.60482318113033e-10,-2.2766011326622e-10,-3.7401816501889e-10,-4.36113277939277e-12,-3.43819993033335e-10,-4.40566893716258e-10,-6.65208088580239e-10,7.86846252922801e-10,7.81794774503462e-10,-1.87659870920699e-11,1.57538443298126e-10,2.48122310762062e-10,1.9411020529963e-10,7.32809487444699e-10,3.12068005145632e-10,-5.14440653577735e-10,-3.09403319114957e-10,5.88075411073196e-10,-1.58837171982317e-09,2.45269583365191e-10,5.47455047841787e-10,-2.40475093217732e-10,4.04647419957963e-10,2.63490786041916e-10,-7.82563993876427e-10,-3.9551338748573e-10,-6.54344245692555e-10,-5.38151672631193e-10,-5.27839605607995e-10,4.41906480115076e-10,-2.0034798480376e-10,9.22084722195643e-10,-2.87465823231731e-11,-7.69337969865514e-11,-1.03868390667606e-09,3.85552002837848e-10,4.15628146038154e-10,6.70923378752509e-10,-1.23573526574323e-10,1.45108934394605e-10,-1.88586521977059e-10,7.28168621844886e-11,3.49267423276218e-11,-9.68044427005974e-11,-5.59431637163951e-10,-1.56940608359865e-10,-9.61699186528543e-11,3.90324370779825e-10,-1.42534616258643e-10,-1.58746097561948e-10,2.31863601691382e-10,4.45507982971073e-10,3.1394195667213e-10,-3.19942984074281e-10,5.0937235360249e-11,-8.16911767110589e-11,7.05378359482786e-10,-3.79575202479008e-11,1.46763685513371e-10,5.77551769163123e-11,-2.74061668499856e-10,-4.2912120401526e-10,9.2791094555216e-10,-3.172986455977e-10,-1.54757956236002e-10,7.22033573777504e-11,2.64910096857245e-10,-6.34596622192861e-10,-9.98787016266749e-11,5.12202276330696e-10,-6.39432179994665e-10,-2.71523464646633e-10,4.61487940099942e-10,7.56714376083704e-10,-6.29838251033514e-10,4.97533473297034e-10,-6.11835670411138e-10,-5.47896279098965e-10,4.67323282432686e-11,-1.77299065512361e-10,3.58387103740856e-10,-6.16891674872198e-12,-1.65647680482681e-11,-4.82264217060787e-10,-6.48306853009362e-10,1.10797108264729e-09,4.48513003552986e-10,-4.17326640024121e-10,8.64059684227665e-11,-3.14717525673202e-11,-4.57233751219418e-10,2.68715068056717e-10,4.90167738190395e-10,5.77909312348878e-10,-1.607029811342e-10,1.36397267400835e-10,9.11162383668256e-11,3.76420028989975e-11,-1.30271332589814e-09,4.33194678157284e-10,-8.48751020012912e-11,-2.88221782638885e-11,6.20308580736139e-10,3.15626338699756e-11,4.22809917244931e-10,8.0155380586584e-11,7.82214847843989e-10,-2.15893661662685e-10,-7.48856459893215e-10,-1.22875483246347e-09,-7.62872680267962e-10,2.80649061400109e-10,-2.77433338204602e-10,-2.34200884376485e-10,1.18439885926975e-10,-5.24098046302705e-10,6.37171714455384e-10,-4.41040200788755e-10,-1.10757286737609e-09,-1.83520584306211e-10,9.7800165117539e-11,2.9265614710328e-11,-6.31411630523236e-10,4.13894755240317e-10,1.24245616887195e-09,-1.59903064877612e-10,9.8692728786552e-11,4.45996069677925e-10,-1.0602661122087e-09,-2.76705008679294e-10,4.43456006596051e-10,-9.16279660752601e-12,-2.87760132631495e-10,4.84595183722072e-10,5.29620706017198e-10,-3.32397768678873e-10,-1.46733259950696e-10,2.86314538702813e-10,-2.06364053540874e-10,-4.90315588823343e-10,7.32550862151202e-13,2.12831011601372e-10,-9.92246065691307e-11,-8.48139875701572e-11,2.94808144312285e-10,4.96738193350189e-10,6.91834696757851e-11,9.79116468697689e-11,-5.56613147748437e-10,1.95510162113771e-10,5.96102060608588e-10,5.97765979768527e-13,-2.46106413545415e-10,-1.64142851279979e-10,-1.75007609998677e-10,8.81796333728583e-10,4.15774267877242e-10,-1.82521074942213e-11,-6.38839569377353e-11,2.04053772077328e-10,-6.08024796919035e-10,-3.00091760320078e-10,-7.98397393129118e-10,2.57860016023996e-10,5.05002995073056e-10,1.58599079323709e-10,3.46524846324522e-10,-1.29196277170509e-10,7.78275174700187e-10,1.72894290965765e-10,2.48656092139417e-10,2.86335244715637e-11,-4.08971539122269e-10,-2.46553567175816e-10,2.60752704672045e-10,3.42655249465995e-10,3.27764866642374e-10,4.97603523580467e-10,2.64385187937472e-10,-1.96160807158082e-10,4.53902054139135e-10,-5.36246350440585e-11,3.19681373905458e-10,1.87129667917187e-10,-4.72574559129355e-10,-5.46164103338592e-10,-3.88839487498625e-10,-3.77420161576989e-10,-2.58053474176003e-11,-5.45911189476715e-10,-1.16803486182084e-10,-6.90734338625938e-10,-7.28975988597067e-10,-4.57318652362845e-10,-1.34314398104493e-10,-8.34108339194474e-11,4.27573123984927e-10,-6.42773093412316e-10,-5.96762081012021e-10,-1.64895992746723e-10,5.99403439761576e-11,-8.55098018784365e-11,-8.36208393825079e-10,7.68580218063121e-10,1.24754058608212e-09,-5.13192827160116e-10,1.02092103082958e-10,3.65356250711229e-10,-1.82812462221411e-10,5.11336044781484e-10,8.05840994218098e-10,7.7941630426499e-10,8.59986865321721e-11,9.91402347689248e-12,-1.12879963547813e-10,-1.74002816906415e-10,-1.68844563916517e-10,-5.71629539505428e-10,2.36360660317401e-10,-3.83514384760768e-10,4.84422933329257e-10,9.88266588958561e-10,1.78094671866531e-10,-3.67647073927722e-10,1.32265707952622e-10,-5.21909136180975e-11,2.40353389447524e-10,-6.92891607447004e-10,7.67175935333887e-10,-8.09525962295791e-10,6.79963159899685e-10,-7.54557204346015e-10,-7.0125844225832e-10,-8.20660449642542e-11,1.58179121846754e-10,3.24542992930105e-10,-1.17837446235189e-10,-1.69153856082684e-10,1.07092613156767e-09,-1.22269038800917e-10,-3.15296432069388e-10,-1.75748438872898e-10,1.85913118423008e-10,2.65864392515614e-10,-2.6147970599035e-10,-3.03792820230538e-10,2.12709082299911e-10,2.46788361074275e-10,-2.84851069649476e-10,8.9444370363201e-10,-5.71413972928239e-10,4.45246426271343e-10,9.21944699183823e-10,-3.81002955492981e-10,-1.7416585406281e-10,-2.72581281499349e-10,2.76890691370159e-10,-6.02101491051933e-10,-6.68230201974124e-11,3.78929418971167e-10,-1.02293312042862e-10,3.50401252688419e-10,5.9321506669578e-11,1.76462892711527e-10,2.33464230263339e-10,-1.94953312918232e-10,1.65769165226113e-10,9.70386561142715e-10,-5.94604194621055e-10,-5.57236467635462e-10,9.71325613246807e-11,5.04923985440348e-11,-6.54501338384387e-10,-4.24702713383313e-10,1.3344846364892e-10,1.53129723686327e-09,-2.61789398483369e-10,-2.92729089960167e-10,-5.78588697301829e-10,-9.89663127478439e-11,-3.42409100911979e-10,-9.98998086896597e-11,8.38204000769121e-10,2.24366907958997e-10,3.38780281916694e-10,3.69661762397671e-10,2.64936995926007e-10,-4.32834326556171e-10,1.93302058376697e-10,-3.39524917740361e-10,2.37244432715989e-10,2.26661310838265e-10,2.49753280518213e-10,3.94843341697824e-10,1.70186140392326e-10,1.32970723015033e-10,-6.62471165340133e-11,2.36225256814756e-10,-1.83771635552368e-10,1.38374197667553e-10,-8.99819852601827e-11,-1.56317658212981e-10,-1.41670166437903e-10,4.74476191050419e-10,8.34133708090266e-10,-3.44042177443033e-10,-2.93083909293027e-10,-4.32100014906429e-10,8.64526758828927e-10,1.06761196793144e-10,5.32570702281041e-10,7.21291844893857e-10,5.8361155399929e-10,1.78518176267457e-10,-1.95716243032897e-10,7.47486182739391e-10,1.51267380484334e-10,3.99556848594057e-10,-5.15175519889055e-10,-9.53710645869867e-11,-8.81366042141497e-10,3.35696933230185e-10,-4.51179255287683e-10,7.75173493914651e-10,-5.60377725483637e-11,-7.06605005679793e-10,1.57763143608761e-10,-4.7664249051107e-10,2.68889902564236e-10,-3.27689226966393e-11,1.07588670561572e-10,-6.23121490435653e-10,-6.71321478159456e-10,-7.87826911100886e-10,-1.46084283540817e-09,-1.12895306534684e-09,2.71615489898081e-10,2.74349243187965e-10,1.99181513011136e-10,-1.17668534707513e-09,-8.99018665101835e-11,-1.29901936931633e-10,3.85737377986982e-10,1.21765957974206e-10,-2.3879782940968e-10,-4.48402401525659e-10,-8.60828386249526e-10,-7.67812325274913e-10,5.59983136145751e-10,2.52673435346609e-10,-2.93285665577103e-10,-8.15116123677401e-10,9.63307831420319e-10,1.47262903681477e-09,-6.50166826580636e-10,-5.555118365132e-12,-3.88407298142215e-10,-3.74555397667714e-10,-3.10448697043242e-10,-1.99799707019765e-10,6.58898013610137e-10,1.02751376845112e-09,1.74598223643975e-10,-7.07541492372299e-10,-4.20147270836733e-11,-1.91778297653453e-10,-5.79447105283634e-10,3.34524261348953e-10,-4.58888728877866e-10,-5.29714934058632e-10,-1.06836549684143e-10,6.07081656707031e-11,1.32748937683023e-10,1.43266200311622e-10,3.50595580500232e-10,-5.50930582068956e-10,1.27345183076264e-09,3.83228991274112e-10,-1.87669946011354e-10,-6.5555066251242e-10,5.56417974666871e-11,-1.09884612341948e-10,2.34152149297041e-10,1.10598028542461e-10,7.66642160622041e-10,6.94796619642263e-10,-1.01888985551609e-09,-5.63022755325401e-10,-7.72189171236529e-10,5.46319238635834e-10,-2.38837436912837e-10,-3.92468370227563e-10,-2.95570547465674e-10,-9.24157144455731e-11,4.50992056163226e-10,-1.86800679386361e-10,-5.74156965143342e-10,-2.20653642132957e-10,6.73168921909327e-10,1.28729137504597e-10,-5.21518047156773e-11,4.91614827389636e-10,4.56973236550106e-11,3.2078769717262e-10,4.95701162815435e-10,-3.71363493594729e-10,-4.68977985727229e-10,5.18745533208508e-10,2.00192441384984e-10,6.27216810462991e-10,8.08407716069728e-10,7.07940250152296e-10,9.98760066208268e-10,-4.63193674796369e-10,-6.02056724255891e-11,-8.51258489630818e-10,5.12744432724047e-10,-5.48312094877213e-10,1.022344679431e-09,-6.26357283820837e-10,-2.2591568935901e-10,5.89380188654907e-10,-2.60356727233808e-11,7.81527613526908e-11,-8.60336479039393e-10,-3.14117906159536e-10,7.49391665248923e-11,2.43577087771272e-10,-9.6015545143625e-11,-1.04311398264076e-10,-4.77729041354589e-10,7.67280501879054e-10,6.97145716567861e-10,4.57651528888902e-10,2.4267596557662e-10,-5.32417110229571e-10,2.28930406728e-10,-3.86740388144418e-10,3.83117887821347e-10,-3.15628050799698e-10,-2.64428530316456e-11,8.16228865741213e-10,1.63171808304035e-10,7.36883630462502e-11,4.81930832544675e-10,1.09633364813421e-09,1.02371096809686e-09,-7.61328206691691e-10,3.87572110371303e-10,-4.16731508841875e-10,1.1015966749674e-10,-1.79526428188313e-10,-5.66237619826646e-12,-5.99726242976398e-10,2.54366731304827e-10,-1.00577701368295e-10,-8.95389729215105e-11,4.1670417484186e-10,5.89035040781436e-10,1.41360183376142e-10,-2.95305864393912e-10,2.70194049171749e-10,-9.43161496147328e-10,4.52795297198998e-10,1.06472477435169e-09,6.02556020931247e-10,1.89261155569897e-10,-1.56407274525185e-11,-1.75216710322668e-10,1.01734139277803e-09,1.5350057800634e-11,-4.32322382362639e-11,2.68375975899765e-10,3.00003291286984e-10,-5.31585036224019e-10,1.45121199630537e-10,-2.27034355427987e-10,-5.76573935007606e-10,-1.45323916086974e-10,-1.18281590655532e-09,-5.59300243259599e-10,7.0112079008053e-11,9.79743831529488e-12,1.00635169832383e-09,7.30932221613845e-10,-5.15956210440179e-10,2.10806036632481e-10,4.01385541908958e-10,7.82863028966082e-10,-2.03941648785837e-10,-1.92424929490469e-10,8.14527980678965e-10,3.24169043326644e-10,6.42157131972439e-10,3.87148885004322e-10,-5.72594166163284e-10,8.65873087688139e-11,2.63011555594688e-11,-1.07413191626012e-09,4.55042286002103e-10,3.76242966368717e-10,9.36206313380261e-10,-3.05206989634757e-11,1.18462245499952e-10,-5.62421835308665e-10,3.24730894258238e-11,4.34376043541131e-10,-9.89107273849462e-10,-8.01543139775468e-11,-1.09123030946e-11,3.51112191741841e-10,5.79332273872992e-10,2.05861160796904e-10,-6.5322958275386e-12,-4.82651349145488e-10,3.41162489665091e-10,7.34480107760412e-10,1.5691768226316e-10,-2.75965673588525e-10,-4.69922688346214e-10,2.59941699567527e-10,9.18966652264551e-10,-5.55926666126496e-10,8.27478464398612e-10,6.08178160771366e-11,5.66291889463172e-10,-5.0195203562301e-10,-4.19759510866401e-10,-8.74066665322215e-10,8.98602116618152e-11,2.36596822656426e-10,1.05042335170489e-09,-1.86500212849088e-10,-1.56739403669886e-09,1.72176331244902e-10,5.72394250058973e-10,-5.73034645715165e-10,8.51843830352387e-10,7.68959485198939e-10,-2.95505394969585e-10,-2.45549634999738e-10,-4.42642807292404e-10,-3.39814210468403e-10,8.94948310255678e-11,1.98406916855244e-10,-6.91995791361311e-10,1.51514310381568e-10,5.4903052840662e-10,2.79813320510469e-10,3.74657940740295e-10,-3.09969406612005e-10,4.37465283505204e-10,-4.83226457598159e-10,-1.63313702459833e-11,-3.94608138414379e-10,-5.84471206888756e-10,4.53224117261254e-10,1.14717495981002e-11,4.14753268161148e-10,2.96179209890445e-10,-3.09278912845147e-10,-4.02177555288132e-10,6.1783455759203e-12,-9.52073546650546e-10,-2.71857212929762e-10,7.9980866540013e-10,-9.750207244083e-11,-4.27212838860631e-10,-4.21353924600596e-10,-3.0219898680669e-10,1.54151493461214e-10,7.10462789032137e-10,-2.59935789631544e-10,-3.10974888725841e-10,3.06041676108839e-10,-2.13645420108848e-10,-1.07412809665235e-09,7.9688667488604e-10,-1.13527897205505e-09,-5.49076787848948e-10,-6.69648505257583e-10,1.74489214903605e-10,1.03111966042047e-10,-5.38092574339286e-10,-1.92275888514521e-10,3.8845392516991e-10,-7.49117986689796e-10,-1.20729565326618e-10,2.38394592939477e-11,-6.03796261270132e-10,3.86903149269244e-10,-1.39784900587074e-10,-5.11187526561675e-10,-6.44718225547028e-10,-2.36740614345614e-11,-4.39286314611566e-10,-9.16666589286743e-10,5.14024782733713e-10,-6.55859192701809e-10,3.2999611346524e-11,-4.48401038181325e-10,5.13094970500819e-10,4.09992783057582e-10,-5.84725883632605e-10,7.22146862364404e-10,8.85093388864798e-10,6.66347407820115e-10,1.66959638498601e-10,-9.04410069264735e-10,6.50644802040859e-11,-6.3798976193886e-11,-4.89058738028007e-10,1.68285741437647e-10,3.12876259709761e-10,-3.14720644914671e-10,4.26093431019762e-10,2.93079861699056e-10,-5.73603007988338e-11,2.3790065619885e-10,-3.13907979760154e-10,2.78092274704436e-11,8.7493042241876e-11,-1.26933753176373e-10,1.62783610600484e-10,-6.07460856903006e-10,1.95986958510876e-10,1.0739498118214e-09,-5.68575146369053e-11,-8.39155375022309e-10,1.93362308263143e-10,3.10380536401622e-10,1.43077234549354e-11,4.05745939732771e-10,2.40065692511548e-10,-2.90434040598931e-10,7.12459274975874e-10,1.21386423944139e-10,6.1221321179146e-10,-3.23525305031316e-10,-1.20452387297677e-10,-2.43266404286438e-10,-5.06631246146583e-10,-5.5403805006554e-10,6.14435067084855e-10,2.60663343634186e-10,2.60889838029219e-10,-2.02602154382612e-11,-1.64429461537635e-10,-1.6247892209936e-10,-5.17736738160535e-10,-2.63704956651712e-10,-2.44591525235733e-10,1.12874943687408e-10,1.18197694468066e-10,-1.13831727586373e-10,2.94080372475225e-10,7.60613876392995e-10,-9.19328295015619e-10,2.04197742858348e-10,3.93797451189681e-10,-3.81239531838618e-10,7.56591602156838e-10,-5.73380057305865e-10,1.79312533893487e-10,6.79150902213312e-11,-4.99249389159958e-11,-2.4295185097294e-10,2.84120803183732e-10,3.49366129491933e-10,-5.83730159298134e-10,-7.25323027095147e-10,-7.19376109004744e-10,3.5094033634525e-10,1.06735597505909e-10,4.49892558356804e-10,2.48023254134669e-10,-5.44577515942343e-10,3.04091494053812e-10,1.10143549300031e-09,1.95174768023265e-10,-5.42261717275674e-10,7.78783047860465e-10,1.93055989248906e-10,1.70434426902794e-09,1.25371022430535e-09,3.47076374897754e-10,1.49183693914717e-10,-4.29829311971585e-10,2.96738761781543e-10,-2.75188282342878e-10,-6.14757209217835e-10,-4.35740750792782e-10,1.98092549976118e-10,4.37925578302743e-10,2.17531082791693e-10,-9.24570969716685e-10,5.23952262112007e-11,-1.6319752127842e-10,4.88133067767183e-10,7.85276036447947e-10,5.33056330838118e-10,-8.20453373048661e-11,-5.10853037965585e-10,-2.44912291524495e-10,1.05602931055491e-12,5.82659552657547e-11,-8.20746578660262e-10,-2.46800596199659e-10,7.48699550318083e-10,-6.63582792654962e-10,3.63926281541194e-10,5.47714154244181e-10,-9.93920568687445e-11,2.90354270146447e-10,4.63614734191445e-10,-4.0081384699577e-10,6.27816581696432e-12,4.87539974915824e-11,-7.50710197991078e-11,-8.84535234559228e-10,9.62568593707878e-12,2.99612331849072e-10,-4.6320450335694e-10,1.73194298971535e-10,2.69386056350633e-10,1.10980845606587e-10,-3.72566496334159e-10,3.3592815955808e-10,-4.68536363891844e-10,-3.2068385821476e-10,-4.01704450379818e-10,-2.49634319555398e-11,4.72775578999458e-10,-9.04390206031391e-10,-1.8449208794775e-10,9.11994353310182e-10,7.06133090944497e-10,-8.69580622391652e-11,4.94619398281309e-10,1.10841769987326e-10,-4.09175931967732e-10,2.25237830876965e-10,2.39212178628706e-10,1.46185821893998e-09,-3.1184672688599e-10,-1.04829124802033e-10,-1.4149310835197e-09,3.17683061607487e-10,2.39113678650256e-10,7.91457199279271e-11,-1.25908628287961e-09,-5.59312424430166e-10,-3.47332794398258e-10,-1.56375455341975e-10,-7.01568380550024e-10,-9.72659057006426e-11,-6.76731032314221e-10,-1.48904616776754e-12,-6.30619926388029e-10,-7.44133343759233e-10,-6.72758694640527e-10,-2.40804575100279e-10,4.32110107663727e-10,7.78134747399587e-10,-7.62701483015451e-10,-4.20671798623575e-10,-5.91145265345453e-10,-7.54391695066904e-10,6.87612651590025e-11,-6.13188104644752e-10,-2.92199218894171e-10,-1.25222619819406e-09,4.44265829149537e-10,-3.600057916838e-10,-1.48292906899859e-10,-1.53530388449537e-10,8.2361070938153e-10,-8.48776051914628e-10,-1.16555496767152e-10,1.57056180751939e-10,-3.42127268290704e-10,-1.77470667228004e-11,-1.52791697061416e-10,2.4999887484578e-10,3.46302039546144e-10,9.61583288590156e-11,-2.84994770036871e-10,1.43146402405084e-10,-2.83640849496473e-10,-7.6800174112402e-10,5.46285045075512e-10,-6.18641506433685e-10,-4.80826411665271e-11,3.70320883286816e-10,-5.45025051328465e-10,3.45980764698555e-10,3.79536824525638e-10,-1.86564018184583e-10,1.50938318598758e-10,6.5542234693665e-10,1.78821532413082e-10,-6.43471401518155e-10,5.44546835852315e-10,2.4913648568234e-10,6.42299782215489e-11,3.75620661347543e-10,-6.28744439153589e-11,1.58834947843885e-11,-1.07404529148348e-10,-9.85176710923729e-10,6.87248784108031e-10,-4.24864611368418e-11,1.48985853702833e-10,8.09527191881539e-10,6.39437056467946e-11,5.66188223157874e-10,2.19256016040625e-10,9.79409183092514e-10,-2.8506622576759e-10,-3.09445947769155e-10,1.66598303419755e-10,1.32618183846643e-10,-2.1937411060915e-10,6.71454049610683e-10,-4.90923502007149e-10,1.47385497744448e-09,3.85947620094966e-10,-7.74741166567724e-10,5.08759284721825e-10,-8.02257927652126e-10,-9.94150734808273e-11,-1.25118879472488e-09,-1.55470078141211e-10,4.05031734217366e-10,-2.17734941430987e-10,7.63920462586775e-10,4.01040113465585e-10,-2.80016227769515e-10,-6.62424085215114e-11,-4.78535881253015e-10,2.04916787070787e-10,-4.61243668036797e-10,2.62550425110651e-10,5.89076671218179e-11,6.69145313542258e-10,-1.02226297628668e-09,2.75631994111639e-10,9.71699145830206e-10,1.91221898771612e-10,2.74659010534677e-10,2.75402213633474e-10,-8.60292114591938e-10,1.63691029992212e-10,-3.33265756182904e-10,-4.57170042729753e-10,-4.26498564748843e-10,2.84308208330343e-10,-5.79272816840243e-10,4.28722347339351e-10,1.16329041782398e-10,3.33393256090601e-10,-7.99727573603455e-10,-2.62816784841447e-10,1.90647600357925e-10,1.1366911902225e-10,4.65175297477998e-10,-6.36957822952667e-10,-5.49010085726965e-10,-7.87136900941566e-10,1.67922892025937e-10,2.03616771086539e-10,6.8780196513585e-12,-8.70054390516382e-10,1.78644575691265e-10,-6.89429004786008e-10,2.60688567810271e-10,5.61809920912541e-10,4.72661988794966e-10,8.14410956850159e-10,-4.76220124979932e-10,-3.6913799364577e-10,-6.95042604532193e-10,-8.35683677811349e-11,-7.49356763249465e-10,-2.39106288974694e-10,-1.15608188858579e-09,-3.12324733985227e-10,4.51278157689153e-10,-3.61685882028607e-10,5.17662184102588e-10,7.40214033793982e-12,1.67874618524753e-11,-7.05339600614957e-10,-4.14531348054014e-10,3.2914809777972e-10,-1.26141425252624e-10,-1.92020545649812e-11,-7.66760291493826e-10,-1.1815358113202e-10,1.31667674604645e-11,-4.77650899401035e-10,-1.21726855332053e-09,-8.49125061743362e-10,3.228486008448e-10,-1.52093303125308e-10,-6.96944016184341e-10,9.34903368495058e-10,-2.53282541380245e-10,-3.79901438843157e-10,3.31502304029727e-10,2.84693609232622e-10,2.78990995354173e-10,-4.89412903565435e-10,-4.72283241119688e-10,-2.66898985247061e-10,-4.21493883081472e-10,8.401806527622e-10,5.63575704167456e-10,1.18429424128147e-10,2.72055811992193e-10,-9.42848418199564e-10,-4.03685159834394e-10,-4.39613493559626e-10,2.39307501855719e-10,3.38652964559061e-10,-7.43889552112619e-10,-3.240851827493e-10,-2.69776975430806e-10,-2.94696773416205e-10,7.21420433737662e-11,3.88811978035836e-10,-3.39086969477981e-10,1.76030852870392e-10,-4.36759921345072e-10,-1.99144010998349e-10,-4.12781241844358e-10,2.78962825904777e-10,3.6341840629914e-10,-3.47567039562017e-10,1.02949513074119e-09,4.03272406286515e-10,-6.98851801829923e-10,-4.81697525622448e-10,2.38825280257072e-10,1.98143367449682e-10,5.31876885925139e-10,-3.02212305488927e-10,1.39426241420453e-10,-2.37439487780711e-10,-2.2925121305279e-11,-8.88679867320643e-11,-7.57685452386111e-10,-7.8580822698898e-10,3.78479419441938e-10,9.61098828337261e-11,4.30175342962688e-10,9.81891858444904e-11,-4.78317080722155e-10,3.84557030671317e-10,-5.60528378953913e-10,1.16285131266204e-10,-2.06703366897522e-10,-2.35836742065295e-10,-5.15188557533579e-10,2.72472387430315e-11,-6.26652702371574e-11,8.54804947721593e-11,-2.55992823729181e-10,-3.66922381535926e-10,1.38436583642339e-10,-8.16603509362053e-10,1.13895321460939e-10,-1.0496400693675e-09,1.10719820863965e-09,2.42353546315384e-10,-1.75330598112696e-10,2.77152888210465e-10,-2.99087146717939e-10,1.03572889764549e-10,-5.08474959903255e-10,-5.42148011278479e-10,-2.02367499434237e-10,-1.26273563311853e-11,-5.83009743758512e-10,8.98494737247979e-10,-7.14518682794692e-10,-5.62180290347754e-10,7.84402181464429e-11,4.81953271111626e-10,-1.09433526960022e-10,-7.13229022296067e-10,-5.56283013158731e-10,-5.62666191565081e-12,9.44444535876537e-10,-3.01750925661516e-10,2.28979625551196e-10,-5.32224418470557e-10,-2.411529278401e-11,6.58243578674522e-10,8.91322100158447e-10,2.15954268233953e-10,8.38713763858376e-12,4.47236673132492e-11,1.07281429965805e-10,-5.98196603916835e-10,-1.15896864417593e-10,-9.50353373363507e-10,-2.95786114425172e-10,9.29468244552647e-13,-2.97410974404705e-11,-5.35881462873366e-10,7.8006145364735e-10,6.61037647538386e-10,4.40872507674841e-10,2.51200949768912e-10,3.13055321923407e-10,3.48835720043473e-10,1.66315844085688e-09,7.40986927006929e-10,-3.4041576007503e-10,-1.22873275073828e-09,-3.69145037417164e-10,-5.99446073913191e-10,1.11927546845543e-09,9.1556021609514e-10,1.29511002964177e-10,7.84686446953046e-10,-6.61747007330066e-11,2.4276088291568e-10,-1.95133264952575e-10,-6.29678371518125e-10,5.98475069520217e-11,5.57579656494984e-10,6.04678660124155e-10,-3.42211642885723e-10,4.20751603760238e-10,-3.14172464439721e-10,-1.97656373413865e-10,-6.58016297075592e-10,-5.5973360636837e-10,-1.85450788485078e-10,5.95403415025591e-10,-4.63685717304899e-11,-1.40257869537947e-10,-4.07075959403634e-10,2.86964388221282e-10,-6.33318391070027e-10,4.67711681454167e-10,2.47389826939203e-10,-1.09358299206571e-09,3.59169843298689e-10,7.60739008354714e-10,5.53409562116747e-10,1.08831169691601e-11,-3.75408262942304e-10,-9.52938096349502e-10,-1.42161387626017e-10,-5.70898476506955e-10,3.95558813316934e-10,2.29419382729796e-11,-5.42279688491947e-10,-5.58708526204157e-10,2.31202911607138e-10,-5.03374453747062e-10,-2.6826334617327e-10,2.32285143150183e-10,-7.35963707686402e-10,4.04298530552812e-10,-1.59918355173786e-11,-3.68609007925547e-10,-3.48325004990308e-10,2.19456433058249e-10,-1.16559272298958e-10,1.98063257905001e-10,2.620712182775e-10,2.46829359095495e-10,-1.25941676306618e-11,1.53942544810037e-10,1.00782293725969e-09,-5.26996571434097e-10,-4.51478146679481e-10,-2.6899294982011e-10,6.61257765938559e-10,8.65471061125927e-12,-4.33840430608402e-10,3.08683239340474e-11,-5.17372639052391e-10,-5.04689024026796e-10,3.30766567428363e-11,-2.22477707896751e-10,3.03186125558185e-11,1.06103340568658e-09,3.91578134258225e-11,-9.9362628382799e-10,-3.11330532941351e-10,-2.00344979637868e-10,1.75306381349512e-10,-1.5384445414753e-10,-1.18336141099206e-09,1.69533335848647e-10,1.1121825961729e-09,-6.25644055169504e-10,-3.29720380475764e-10,6.77090217636856e-10,-1.02573969208308e-09,-4.27461983935039e-11,-2.78299597113066e-10,9.24847723176038e-11,-2.58418249413566e-11,-5.0787514208463e-10,-4.5578182832873e-10,-9.45562870916799e-10,-1.35813336446437e-10,7.67742609156981e-10,-3.79093551119424e-10,-5.26140951384626e-11,1.82331797892085e-10,-4.17066602659723e-11,-8.22505675769931e-10,1.10776733552621e-10,-1.47726484370682e-11,-1.21067167866994e-09,2.22956454262831e-10,4.34394489880021e-10,-5.25088198001775e-10,-5.92656329657366e-10,1.95871338366826e-11,7.46187154744338e-10,-2.08258190343129e-10,-9.66457570455267e-11,7.54344211379666e-10,-3.36440280168695e-10,4.18581822463232e-11,3.0070706608514e-10,8.27043711025783e-11,2.40608501224236e-10,-2.50332411299454e-10,-2.35799558616391e-10,2.89720180682972e-10,-1.30167952932045e-09,-7.11744281625788e-10,1.13895447971116e-09,2.53132168734053e-10,-9.81617657579104e-10,-6.07725887979839e-10,-3.64443986733892e-10,-6.44463233385229e-10,2.11929806435201e-10,4.89840259266496e-11,6.33438166527752e-11,-1.7465843804398e-10,3.52710954287154e-10,-4.98282794175474e-10,4.80344273735354e-10,2.99706510609731e-10,-3.36149184894625e-10,5.75432946568437e-10,1.20471363336256e-10,5.82025285937999e-10,1.72559537649574e-10,-1.81291070187518e-10,1.6013392185821e-10,-4.15172254598917e-10,-4.77054576925858e-10,1.47322252193777e-10,2.39841498895327e-10,3.79059749134597e-11,3.73915334682193e-12,8.04817993135004e-11,-3.80821322658274e-10,3.69435774231482e-10,-3.65075369192643e-10,-3.53097037350716e-10,-1.25173091002636e-09,2.2653581639566e-10,-7.42391849348947e-10,9.63724736146839e-10,-7.04042267401364e-11,5.72861831565381e-10,-7.10455477800047e-10,-5.4397093414835e-10,-5.75066665104967e-10,6.98694947458313e-11,6.30604817386934e-10,1.05446053196684e-10,7.04795214855017e-10,1.76411744493475e-10,-3.00375979333187e-10,-7.73383176971542e-11,1.34577314948416e-11,1.33214633691022e-11,-4.93932820589898e-10,-6.45067123452617e-10,-2.50293384386289e-10,-4.39722422526287e-11,1.98104825583979e-10,4.74862967329664e-10,1.17594145873613e-12,-4.26447361525207e-10,6.4819586897201e-10,6.02396661012672e-10,-1.40140992307027e-09,1.18525247398426e-09,4.4370040160499e-10,-4.83455673743763e-10,-2.23335621712733e-10,-4.97258064890959e-10,-7.04675515320244e-10,-1.27343539331311e-09,-2.71320511169865e-10,-9.58513724134456e-10,-1.38068067064629e-09,-3.59767626629243e-10,-3.0776487427722e-10,-1.40903942418828e-09,-1.0557370374883e-10,-1.4699130723462e-10,-7.70145477544353e-11,-7.39668137753076e-10,-1.50545907677777e-09,-1.56609438782503e-09,-7.31816940511552e-10,-8.99165684544102e-10,-9.21411835040116e-10,-1.39509477040277e-09,-1.21435211712973e-09,-2.23432387952393e-10,-1.3728001799232e-09,-1.36075852493714e-09,-1.14091626694108e-09,-1.74037764604094e-09,-9.1270256289306e-10,-1.45364263422814e-09,-1.26766216454539e-09,-7.97637917036905e-10,-1.94941797254815e-09,-1.42357564841443e-09,-2.60728943782219e-09,-5.79454305513786e-10,-2.81397641405705e-09,-1.35750097229685e-09,-1.38643550394647e-09,-2.80114719095715e-09,-1.4562809991954e-09,-2.21422019500521e-09,-1.69626922578275e-09,-2.58783399153723e-09,-1.22011335908839e-09,-1.55722294380341e-09,-2.47909370417422e-09,-1.63534587483387e-09,-2.25861928522612e-09,-2.98379497969914e-09,-2.82153722991316e-09,-3.36054787156618e-09,-3.0639018784871e-09,-2.7983112616083e-09,-1.78048731907256e-09,-1.71575658272966e-09,-2.62710239795566e-09,-3.19782907918194e-09,-1.75637065351159e-09,-3.36876780296549e-09,-2.80241878634529e-09,-2.68430967247144e-09,-2.86776400055106e-09,-2.1689272957614e-09,-2.60529757404855e-09,-1.40105067361612e-09,-1.93515639275207e-09,-1.18835822958899e-09,-2.10418169016468e-09,-1.50108396802641e-09,-1.72086834991169e-09,1.44832093806989e-10,6.12434619421851e-11,-1.64264440229419e-10,4.80652241720482e-11,1.29899332888772e-09,2.00773549216561e-09,2.89135299098967e-09,4.46622687973443e-09,4.99199740748284e-09,8.45110069522388e-09,1.06202990753483e-08,1.48534304424602e-08,1.93318319058823e-08,2.64870019808449e-08,3.45496534318867e-08,4.86410141573408e-08
