v,0.25
Patm,100000
g,9.81
r,500
G,10^9.5
rho,2700
mu,10^2.69
rc,14
 
M,10^5.79
sigma,0.5
 
tilt_erupt,89.0367nrad
 
-1162,-1161,-1160,-1159,-1158,-1157,-1156,-1155,-1154,-1153,-1152,-1151,-1150,-1149,-1148,-1147,-1146,-1145,-1144,-1143,-1142,-1141,-1140,-1139,-1138,-1137,-1136,-1135,-1134,-1133,-1132,-1131,-1130,-1129,-1128,-1127,-1126,-1125,-1124,-1123,-1122,-1121,-1120,-1119,-1118,-1117,-1116,-1115,-1114,-1113,-1112,-1111,-1110,-1109,-1108,-1107,-1106,-1105,-1104,-1103,-1102,-1101,-1100,-1099,-1098,-1097,-1096,-1095,-1094,-1093,-1092,-1091,-1090,-1089,-1088,-1087,-1086,-1085,-1084,-1083,-1082,-1081,-1080,-1079,-1078,-1077,-1076,-1075,-1074,-1073,-1072,-1071,-1070,-1069,-1068,-1067,-1066,-1065,-1064,-1063,-1062,-1061,-1060,-1059,-1058,-1057,-1056,-1055,-1054,-1053,-1052,-1051,-1050,-1049,-1048,-1047,-1046,-1045,-1044,-1043,-1042,-1041,-1040,-1039,-1038,-1037,-1036,-1035,-1034,-1033,-1032,-1031,-1030,-1029,-1028,-1027,-1026,-1025,-1024,-1023,-1022,-1021,-1020,-1019,-1018,-1017,-1016,-1015,-1014,-1013,-1012,-1011,-1010,-1009,-1008,-1007,-1006,-1005,-1004,-1003,-1002,-1001,-1000,-999,-998,-997,-996,-995,-994,-993,-992,-991,-990,-989,-988,-987,-986,-985,-984,-983,-982,-981,-980,-979,-978,-977,-976,-975,-974,-973,-972,-971,-970,-969,-968,-967,-966,-965,-964,-963,-962,-961,-960,-959,-958,-957,-956,-955,-954,-953,-952,-951,-950,-949,-948,-947,-946,-945,-944,-943,-942,-941,-940,-939,-938,-937,-936,-935,-934,-933,-932,-931,-930,-929,-928,-927,-926,-925,-924,-923,-922,-921,-920,-919,-918,-917,-916,-915,-914,-913,-912,-911,-910,-909,-908,-907,-906,-905,-904,-903,-902,-901,-900,-899,-898,-897,-896,-895,-894,-893,-892,-891,-890,-889,-888,-887,-886,-885,-884,-883,-882,-881,-880,-879,-878,-877,-876,-875,-874,-873,-872,-871,-870,-869,-868,-867,-866,-865,-864,-863,-862,-861,-860,-859,-858,-857,-856,-855,-854,-853,-852,-851,-850,-849,-848,-847,-846,-845,-844,-843,-842,-841,-840,-839,-838,-837,-836,-835,-834,-833,-832,-831,-830,-829,-828,-827,-826,-825,-824,-823,-822,-821,-820,-819,-818,-817,-816,-815,-814,-813,-812,-811,-810,-809,-808,-807,-806,-805,-804,-803,-802,-801,-800,-799,-798,-797,-796,-795,-794,-793,-792,-791,-790,-789,-788,-787,-786,-785,-784,-783,-782,-781,-780,-779,-778,-777,-776,-775,-774,-773,-772,-771,-770,-769,-768,-767,-766,-765,-764,-763,-762,-761,-760,-759,-758,-757,-756,-755,-754,-753,-752,-751,-750,-749,-748,-747,-746,-745,-744,-743,-742,-741,-740,-739,-738,-737,-736,-735,-734,-733,-732,-731,-730,-729,-728,-727,-726,-725,-724,-723,-722,-721,-720,-719,-718,-717,-716,-715,-714,-713,-712,-711,-710,-709,-708,-707,-706,-705,-704,-703,-702,-701,-700,-699,-698,-697,-696,-695,-694,-693,-692,-691,-690,-689,-688,-687,-686,-685,-684,-683,-682,-681,-680,-679,-678,-677,-676,-675,-674,-673,-672,-671,-670,-669,-668,-667,-666,-665,-664,-663,-662,-661,-660,-659,-658,-657,-656,-655,-654,-653,-652,-651,-650,-649,-648,-647,-646,-645,-644,-643,-642,-641,-640,-639,-638,-637,-636,-635,-634,-633,-632,-631,-630,-629,-628,-627,-626,-625,-624,-623,-622,-621,-620,-619,-618,-617,-616,-615,-614,-613,-612,-611,-610,-609,-608,-607,-606,-605,-604,-603,-602,-601,-600,-599,-598,-597,-596,-595,-594,-593,-592,-591,-590,-589,-588,-587,-586,-585,-584,-583,-582,-581,-580,-579,-578,-577,-576,-575,-574,-573,-572,-571,-570,-569,-568,-567,-566,-565,-564,-563,-562,-561,-560,-559,-558,-557,-556,-555,-554,-553,-552,-551,-550,-549,-548,-547,-546,-545,-544,-543,-542,-541,-540,-539,-538,-537,-536,-535,-534,-533,-532,-531,-530,-529,-528,-527,-526,-525,-524,-523,-522,-521,-520,-519,-518,-517,-516,-515,-514,-513,-512,-511,-510,-509,-508,-507,-506,-505,-504,-503,-502,-501,-500,-499,-498,-497,-496,-495,-494,-493,-492,-491,-490,-489,-488,-487,-486,-485,-484,-483,-482,-481,-480,-479,-478,-477,-476,-475,-474,-473,-472,-471,-470,-469,-468,-467,-466,-465,-464,-463,-462,-461,-460,-459,-458,-457,-456,-455,-454,-453,-452,-451,-450,-449,-448,-447,-446,-445,-444,-443,-442,-441,-440,-439,-438,-437,-436,-435,-434,-433,-432,-431,-430,-429,-428,-427,-426,-425,-424,-423,-422,-421,-420,-419,-418,-417,-416,-415,-414,-413,-412,-411,-410,-409,-408,-407,-406,-405,-404,-403,-402,-401,-400,-399,-398,-397,-396,-395,-394,-393,-392,-391,-390,-389,-388,-387,-386,-385,-384,-383,-382,-381,-380,-379,-378,-377,-376,-375,-374,-373,-372,-371,-370,-369,-368,-367,-366,-365,-364,-363,-362,-361,-360,-359,-358,-357,-356,-355,-354,-353,-352,-351,-350,-349,-348,-347,-346,-345,-344,-343,-342,-341,-340,-339,-338,-337,-336,-335,-334,-333,-332,-331,-330,-329,-328,-327,-326,-325,-324,-323,-322,-321,-320,-319,-318,-317,-316,-315,-314,-313,-312,-311,-310,-309,-308,-307,-306,-305,-304,-303,-302,-301,-300,-299,-298,-297,-296,-295,-294,-293,-292,-291,-290,-289,-288,-287,-286,-285,-284,-283,-282,-281,-280,-279,-278,-277,-276,-275,-274,-273,-272,-271,-270,-269,-268,-267,-266,-265,-264,-263,-262,-261,-260,-259,-258,-257,-256,-255,-254,-253,-252,-251,-250,-249,-248,-247,-246,-245,-244,-243,-242,-241,-240,-239,-238,-237,-236,-235,-234,-233,-232,-231,-230,-229,-228,-227,-226,-225,-224,-223,-222,-221,-220,-219,-218,-217,-216,-215,-214,-213,-212,-211,-210,-209,-208,-207,-206,-205,-204,-203,-202,-201,-200,-199,-198,-197,-197,-196,-195,-194,-193,-192,-191,-190,-189,-188,-187,-186,-185,-184,-183,-182,-181,-180,-179,-178,-177,-176,-175,-174,-173,-172,-171,-170,-169,-168,-167,-166,-165,-164,-163,-162,-161,-160,-159,-158,-157,-156,-155,-154,-153,-152,-151,-150,-149,-148,-147,-146,-145,-144,-143,-142,-141,-140,-139,-138,-137,-136,-135,-134,-133,-132,-131,-130,-129,-128,-127,-126,-125,-124,-123,-122,-121,-120,-119,-118,-117,-116,-115,-114,-113,-112,-111,-110,-109,-108,-107,-106,-105,-104,-103,-102,-101,-100,-99,-98,-97,-96,-95,-94,-93,-92,-91,-90,-89,-88,-87,-86,-85,-84,-83,-82,-81,-80,-79,-78,-77,-76,-75,-74,-73,-72,-71,-70,-69,-68,-67,-66,-65,-64,-63,-62,-61,-60,-59,-58,-57,-56,-55,-54,-53,-52,-51,-50,-49,-48,-47,-46,-45,-44,-43,-42,-41,-40,-39,-38,-37,-36,-35,-34,-33,-32,-31,-30,-29,-28,-27,-26,-25,-24,-23,-22,-21,-20,-19,-18,-17,-16,-15,-14,-13,-12,-11,-10,-9,-8,-7,-6,-5,-4,-3,-2,-1,0
2.58239201721418e-11,1.50271222309393e-10,-4.20772521353336e-10,-8.43698459240065e-10,-3.53426033565735e-10,4.77081878813653e-10,1.23842751607979e-09,-2.56275642515516e-10,-2.27689601796379e-11,-1.15236055966067e-09,3.37342008815449e-10,2.29117414680327e-10,7.98641998215812e-10,1.02387651006992e-11,4.87954001565862e-10,2.92456163155788e-10,-4.03258251081583e-10,3.50109691357623e-10,5.63189482828182e-10,2.32875072281069e-10,6.04027183805257e-10,-2.44682268992007e-10,2.46803904006638e-10,-9.24592418441354e-11,2.01021362397112e-10,3.39349258377995e-10,2.83902306230522e-10,-1.56390814395448e-10,3.41556316502925e-10,-1.91343568590798e-10,-1.02865009702466e-10,-8.2836849009323e-10,1.68290583248189e-10,-5.7933060313737e-10,-4.12678726605847e-10,4.07148920727814e-10,-2.84636896490449e-10,4.48959794098988e-10,3.3271607208466e-11,-2.74637975302102e-10,-8.31565848873576e-10,-3.85986150300898e-10,4.77159614924879e-10,-3.80563267425913e-10,1.36172140417181e-09,-6.68078978500354e-10,-6.88015836602255e-10,1.8807341021219e-10,-4.30628838467776e-10,2.65614489034862e-10,-9.2495256536026e-10,-1.80888581206626e-10,-1.47573535715555e-10,-2.70113164466974e-10,6.79167638512752e-11,-1.16851739090733e-09,-6.510985400376e-10,-4.61278638094089e-10,-3.06847512248718e-10,5.50478838673551e-10,1.49354006911761e-10,-2.04507602123167e-10,1.03110168907119e-09,7.08332266126381e-10,4.62386066008586e-10,1.51200484402217e-10,1.17368312331541e-10,1.13603468367018e-10,-2.16672931518511e-10,7.47929086961583e-10,-5.45947658973593e-10,2.70073689205308e-11,1.07951787350654e-10,-4.39183826864172e-10,-4.13433021419961e-10,2.20034576041954e-10,-7.22743278165471e-10,-6.9996146950983e-10,-2.76455589714062e-10,-5.37506118574341e-10,2.91527857880526e-10,-4.9455272846812e-10,1.04781541918504e-10,1.1392610383971e-10,5.12748285497428e-10,2.72142159544619e-10,-3.67782099553964e-10,1.04830332160187e-09,-7.77558086423868e-10,6.96355354376324e-10,3.73867939133946e-10,1.21286918675853e-10,2.85312025276772e-10,-1.45597416157545e-09,2.17533358886375e-10,1.28859512265621e-10,-3.62960742561313e-10,5.62368069113738e-11,-1.88930174442608e-09,3.31616653643746e-10,-7.12881246649277e-11,5.90427514665828e-10,-1.06894810530135e-09,-6.97320516256424e-10,5.08650173481623e-10,1.23862351200853e-10,2.91409017115998e-10,-9.99987677240188e-11,-4.67693557905762e-10,1.43193691521624e-09,1.60939614139126e-10,5.5670705655683e-10,3.54404909328153e-10,1.18468258423626e-09,-3.78879315631263e-10,-4.05209545442417e-10,-2.05403260889034e-10,-8.67167007155663e-10,6.64833507327352e-10,-2.48142335470762e-10,-7.67240863783921e-10,6.19784230585104e-10,-3.4531271049189e-10,-6.9872700341722e-11,4.48733554042873e-10,-2.25371339242559e-11,-7.46555791689045e-10,3.7018876302091e-10,3.81643996505186e-10,-5.76411602158213e-10,-3.93861441706702e-10,-1.23812047625288e-10,7.98366717062675e-10,-2.39273833214633e-10,-4.8610424758431e-10,-1.264753309955e-10,2.73947543218125e-10,4.9284966227843e-10,7.39648951970572e-10,-8.76844326969243e-10,-8.43403893567371e-10,1.64309588181334e-10,-3.79116457192582e-10,2.20950627794264e-10,-1.78658180547577e-10,-3.99889909623033e-10,-4.47780096851386e-10,-2.55643046444022e-11,8.3870027852454e-11,-3.17127438882946e-10,-1.65306454293266e-10,-2.85636143151691e-10,-1.09693094981273e-10,2.5248683573425e-10,7.33537241867256e-12,1.68265960478685e-11,-1.94225323013743e-10,5.40523953545331e-11,-4.29658397431742e-10,1.22866201251404e-10,7.19610267530946e-10,-2.22538369817427e-10,5.97640775302855e-10,6.66322345409175e-10,3.04039630761449e-11,-3.83808895216679e-10,3.71514182757351e-10,-4.35547913590076e-10,6.60012363355778e-10,-4.41813164009317e-11,3.62962528688909e-10,-1.04407530702138e-09,6.41298956635175e-11,3.39166302725213e-10,4.01043826459049e-10,-2.1258309442412e-10,-8.86630652422279e-10,2.83826355433277e-10,-8.279116614514e-10,-7.76693719307028e-10,3.02634519098398e-10,3.83414732556767e-10,-2.23778150346996e-11,-1.02868023480618e-09,-7.90339759520938e-10,-2.38923507154159e-10,2.06917785465974e-10,2.06475967099343e-10,-1.5003370297232e-09,5.58228033744107e-10,2.49537084404206e-10,3.50189650901785e-10,1.01226693979247e-09,1.89757252571046e-10,-6.97250303337656e-10,-5.76568614803515e-10,-2.69242636518077e-10,-3.22944271390959e-10,2.01005281394576e-10,6.34632905552287e-11,1.28975904365336e-10,6.5511962599497e-10,-5.35876414583038e-10,-5.03927055021678e-10,-9.57948378580294e-10,-2.55874085316909e-10,-1.44367858610631e-10,-1.26226671598944e-10,-4.5589536905886e-10,3.67103859144373e-10,1.49143758221445e-09,1.41579338361067e-10,-2.94719037916075e-10,-8.59250340051839e-10,-6.15310991076058e-10,5.06045017060909e-10,5.31268010772742e-10,5.32583109457804e-10,4.17805905200077e-10,2.64848486504182e-10,-8.0474284836703e-11,3.0254589369303e-10,5.80387313460653e-10,3.03218622061622e-10,4.88281498140291e-10,4.68452138564631e-10,8.05924826602841e-10,7.570981264624e-10,3.31983952029243e-10,3.3579438075045e-10,5.76682868502149e-10,-9.55904765640446e-13,1.34005432330677e-10,-9.24103548620622e-10,1.2030579060683e-10,4.20127571372626e-10,4.30769968085329e-10,1.57451745732936e-10,3.49953564542858e-10,-1.53511555027366e-11,-3.16797068474344e-10,7.85055214436887e-10,-4.95017200457239e-10,1.51781952456401e-10,-3.18117234602536e-10,-8.13130594394532e-11,2.63560699798544e-10,-5.62413072361324e-10,4.99081738525128e-10,4.93570463966766e-10,1.28318781145971e-11,-1.17360632899545e-10,-4.37484299035933e-10,-6.29382159690713e-11,4.76902106232574e-10,-1.20200995989975e-10,-6.20185200733528e-10,1.03965888367026e-10,-7.59197389598601e-10,-6.83241550619731e-10,1.7927753043316e-10,-1.06171105199521e-10,-3.82374361545748e-10,-1.10258558902728e-10,-4.03353541124061e-10,-1.92282413177529e-10,-3.18202118364334e-10,-5.13355779396995e-10,1.95316259653826e-10,3.41152995069441e-10,-5.09536407460862e-10,1.1186984091801e-10,-3.43024362443669e-10,3.5096619540792e-10,-2.55976272532141e-10,2.99088157099311e-10,3.48406569734839e-10,1.11011214050956e-10,2.99254820639293e-10,6.54083093995923e-11,-1.58134331873472e-10,-1.40601448488401e-10,-2.31267952701498e-10,-9.6010664686914e-10,-8.96165519774179e-11,5.45497012008662e-10,-9.30063112306388e-11,-7.75407421647395e-11,-3.38307654184606e-10,2.12190099895994e-10,-8.65583225369437e-10,6.39858070263243e-10,5.95882274053534e-10,2.76757770221158e-10,-3.53481902480236e-10,-2.17599694909195e-10,6.30120347588884e-10,-2.20413079284508e-10,-4.1608066198221e-10,3.56051304257504e-10,7.2127370227082e-10,-8.60218047246468e-10,2.80485654944039e-10,-3.35559458039077e-10,5.59599791543963e-10,3.45177949378023e-10,8.6815813802812e-11,-1.14594031768345e-10,-3.43748195783687e-10,5.36031288748507e-10,1.70262521184441e-10,-4.29116396322009e-10,-1.44400688772887e-10,-2.00524052500909e-11,-7.27249680873286e-10,-3.80845758669369e-10,4.30536751643738e-10,-4.20280964131252e-10,1.19789266241325e-09,2.36726455990994e-10,1.26114036642632e-10,5.8431159981928e-10,-7.41926079280084e-10,6.5228262534728e-11,2.83629101132491e-12,4.04883580669993e-10,-1.06640901898678e-11,-1.26223408935345e-10,-2.09749689555347e-11,3.07446789632208e-10,-1.4185294604447e-10,-3.94680714398918e-10,-1.67040932078711e-10,1.09049360048177e-10,2.46840628378768e-10,-1.74580594934011e-10,3.48945441096118e-10,4.62277774309974e-10,8.74420776317766e-10,5.69904869338282e-11,2.98098425425163e-10,1.4190247506133e-11,1.95732049191223e-10,-1.53374993946658e-10,-4.29739826335159e-10,7.15402641717003e-10,6.1833111652245e-11,1.16165620224925e-10,3.2521837965348e-10,1.29153234952007e-09,5.10292937354095e-10,7.88936330505019e-10,4.50165104181961e-10,1.81275842429697e-10,7.41743972741129e-11,-2.68497717768475e-10,6.965866099895e-10,-1.24200708473402e-09,4.69186907004324e-11,1.98720912222536e-10,-2.13990563922474e-11,2.7961265390516e-10,4.41416041694918e-10,2.83163870386064e-10,4.76712817357422e-10,-6.44619159536747e-11,3.91926426127542e-10,1.98437511509826e-10,6.32465244485049e-10,4.52638893461236e-10,-2.82391633402852e-10,1.95057296869622e-10,-5.4802797221181e-10,6.7452563075096e-10,-1.68095257856389e-10,5.46170866375802e-11,3.70647362416663e-10,8.34527837836172e-11,-7.53387757780732e-10,-7.18168527976928e-11,7.97310867549569e-12,5.43419924901548e-11,-1.10658326307884e-10,2.1818887480627e-10,-6.84462636333579e-10,3.4086424000077e-10,7.80959794610324e-10,2.41582188871216e-10,-1.06336211742156e-09,-5.46524032650699e-10,4.29300128529627e-10,-1.60890634878265e-10,-4.09765953308875e-10,4.18455911042591e-10,-2.56966020109813e-10,3.65897491153624e-10,2.22579821356555e-10,-8.9256642877039e-12,2.77791144620147e-11,-3.42489142014702e-10,2.96460873231414e-10,-7.32549089685419e-11,1.02160005463251e-09,2.61445446213995e-10,6.17350655320645e-10,-7.67897528202016e-10,3.48448365707217e-10,-4.43917621148163e-10,2.46556696166653e-10,9.96606059850794e-10,-5.86883478909136e-10,6.58516773480442e-10,-5.31516660942487e-10,2.78272183386581e-10,1.86307258479848e-10,4.97796726974737e-10,1.09485289564631e-09,1.19680352609444e-09,2.55771544824952e-12,3.20755758050807e-10,-3.42726381920973e-10,4.86235902213155e-11,5.36828597607033e-11,1.77590330772905e-10,3.38021740857075e-10,1.81683347736999e-10,-1.96461414415886e-09,-9.44108421339412e-11,-5.68227014607249e-11,-3.32064037830944e-10,-1.32959174044212e-12,9.50251062535538e-10,-4.27387753440011e-10,-8.04588956071844e-10,7.34852971536982e-10,-4.14440517477073e-10,1.11455269373167e-10,-5.93691284870072e-10,-1.34875649332495e-10,-4.24102987406268e-11,-6.70209937508976e-11,-1.83248239028057e-10,7.42448458131368e-10,2.68129351468135e-10,4.1687905542765e-10,-2.7611279789946e-10,1.02270676929194e-10,-3.87688274197956e-10,3.28572461105732e-10,-6.00152534461375e-10,2.92549345701266e-10,-2.22427359943289e-11,6.79976299073017e-10,2.68301672749661e-10,2.28781151564807e-11,2.94739464853314e-11,-4.29601294538995e-10,4.17588696171136e-11,-4.25739499818591e-10,-8.10916679198102e-10,-2.27049018914903e-10,-2.20112667856576e-10,-6.91717670854501e-11,1.97319962160012e-10,1.00782730702958e-10,-6.38456304851681e-10,2.5107903809307e-10,-5.6487631163794e-10,6.47664079449035e-10,-3.80261755918034e-10,2.32822886076973e-10,6.47422112976661e-11,7.82061682424231e-11,1.88800105437291e-10,7.09694669707932e-10,-1.47050435276904e-09,-3.98043675979265e-10,1.42718197034776e-10,-7.38361313829323e-10,-5.35622804869193e-10,-6.76451644329639e-10,1.36464963474595e-09,5.43788627049918e-12,-4.70025305698871e-10,5.62290876519494e-10,-2.87028989544481e-11,-5.07145367981627e-10,-1.22249690747392e-10,-1.59179667103621e-10,6.24279596525952e-10,3.11444091671719e-10,1.63237902370202e-11,-3.32566743762051e-10,-1.14354765458981e-10,3.19868527551515e-10,-7.45948080283633e-10,-7.45554238994213e-10,-4.99958803750538e-10,2.35126955834781e-10,4.68342745419888e-10,3.86036310817233e-10,-1.17092172714967e-09,-1.33142530094996e-09,1.22146380180053e-10,-9.87016758975208e-11,2.97122955319613e-10,7.40814066258169e-10,3.60448957854821e-10,-4.78769204990757e-10,-2.06001213968495e-10,-2.02933649938368e-10,3.26567082085787e-11,-6.70191318086143e-10,2.11347759637922e-10,-6.48253730729503e-10,-1.40300621325199e-09,-2.99961038942069e-10,2.08703607780996e-10,4.92306498336699e-10,3.25846758631614e-10,2.4473065066386e-10,-4.93881677621767e-11,2.02514585637633e-10,-1.66305226439727e-10,-2.88177811871736e-11,-4.16541888730448e-10,-8.75594745234054e-10,3.15047908055804e-10,-3.56337031174571e-10,1.15026479736543e-10,3.21515638307671e-10,7.94143339777333e-10,-3.86341837843867e-10,-5.09118112252579e-10,-2.77644606028603e-10,-5.97454074834563e-10,2.20524523173654e-10,-1.67821381789485e-10,-1.63021888115575e-10,6.75127405316959e-10,2.84946493225466e-11,-3.17028062656115e-10,-3.273338241288e-10,3.19334514035897e-10,-1.53190262300457e-10,1.73928944796171e-10,-6.33414927792537e-10,1.35308726685246e-10,1.35453085514918e-10,4.97476643227761e-10,-3.52379136454204e-10,-3.81433465902486e-10,-3.63092176805422e-10,-3.82904469442248e-10,-4.3293558940297e-10,1.28030719144194e-10,8.56423072182442e-10,1.00376506237926e-10,3.18200272161397e-10,-6.53253146974241e-12,-4.86164390922594e-12,-1.94106614784009e-11,-4.9979985650106e-10,4.73466386764752e-10,-5.92878450948656e-10,7.41616688200705e-10,1.5613362084132e-10,2.47182479446188e-10,-1.81388413692806e-10,-2.16534161656751e-10,-7.18429731275925e-12,2.64861071542525e-10,-4.86431875689443e-10,-1.06552926921374e-09,4.07384089767855e-10,2.818048249982e-10,-2.24676144450509e-10,4.58724823592629e-10,2.3119432707003e-10,-4.18239947343294e-11,9.91972295490211e-10,-7.71303712823219e-10,2.5580780520304e-10,-2.15297828503876e-10,1.78572486910903e-10,3.88787483033896e-11,-3.96846866721566e-10,3.98973947732907e-10,7.51927745595187e-10,-3.0403284193111e-10,4.31856256573505e-10,4.38334168843656e-11,-5.1930904618923e-11,-1.97204662873768e-10,-5.69630387399306e-10,8.74268032872412e-11,-4.31737030177116e-10,2.21472733629634e-10,-8.02026484598981e-10,-3.60208233894785e-10,-1.93839293048059e-10,-7.04798374403502e-10,-4.46367500266477e-10,6.10792541612335e-11,7.17806034086063e-11,1.62746063359669e-09,-1.04334086289783e-09,-1.5249440541472e-11,-3.28781777839464e-10,1.59987479363606e-10,-5.21934560790489e-10,2.27319161717184e-10,-2.61438949008426e-10,-5.77601684318639e-11,5.0795266356244e-10,-3.78828025589971e-10,7.18464140197719e-10,1.01036781702199e-10,6.33240261869192e-10,-7.63545900946087e-10,-3.00977987334319e-10,2.16646691823729e-11,7.6476743861195e-10,-2.13354174988732e-10,-5.20293950358743e-10,8.68168470147294e-10,5.58013434061148e-10,-1.42304518023726e-10,8.21060766348997e-10,1.17285118146816e-09,-9.123597058359e-10,3.19037807686841e-11,-3.8768434999467e-10,-4.89649490166535e-11,2.99858397286083e-10,-1.46386481978278e-10,1.02778016590297e-10,-3.67792739258722e-10,-4.53268512569838e-10,2.77027137924488e-10,2.73121094594787e-10,-2.43092132141441e-10,4.713042932511e-10,-1.18832684295764e-10,-3.68387849060467e-10,9.03092645344688e-10,-2.16158545345159e-10,-1.99302090148882e-10,-3.07008350804453e-10,6.02618350730311e-10,-6.16199221788635e-10,-1.44726852064274e-10,1.23171004224093e-10,-1.54596276823941e-10,-5.68698894320032e-12,-4.79215961446645e-10,1.64473908955448e-10,-2.51901440119649e-10,4.50351436828405e-10,8.38680052698545e-10,-2.65539599315049e-10,-2.60335985300463e-10,4.07109672187578e-10,3.33109656495443e-10,-7.23998752630998e-10,-1.1959017277664e-10,9.43179056188323e-10,-2.02205102703755e-10,6.66837514967487e-10,-2.50213576438131e-11,7.4667968333102e-10,-2.03290339667557e-10,-2.13745455106043e-10,-1.21900485277467e-09,-1.08299224818198e-11,-2.82044437055792e-10,3.93054895465465e-10,1.11418684638104e-10,-4.43630616357335e-11,2.502715419944e-10,-2.7364971993832e-10,-5.02838032760053e-10,-6.44125921390287e-10,-3.03012877184054e-10,1.10205941107442e-10,1.54772418614951e-10,-5.50614801398855e-12,3.37947616960926e-11,-1.94217619946122e-10,9.02508933136153e-10,-1.06845803658952e-11,5.83983462493807e-10,7.4509612416541e-10,4.48274266878472e-10,-5.31289930343054e-10,-8.81669789461403e-10,-6.73810598986578e-10,-1.51515714319638e-10,-3.56833625746273e-10,-5.80888736716633e-10,-1.05796947812842e-10,-2.68967793191117e-10,1.22728046161808e-11,5.15320358158162e-10,3.96535499997592e-10,-6.37596520180648e-10,-6.88186071019754e-11,6.69335807161021e-10,5.51645160084268e-11,2.97885284220128e-10,-1.58750216369728e-10,-9.41996642786992e-10,-1.08056552452767e-09,-5.52118153134767e-10,3.58997676569352e-10,5.88529747816931e-10,-4.78594611064322e-10,6.29299236031414e-11,-4.5797441962239e-10,-3.6151037849585e-10,2.06351962034165e-10,-5.86630801184221e-10,3.42542954357317e-10,3.30933940608111e-10,4.61341159583939e-10,-3.15647834137406e-10,-9.72074361374592e-11,-9.51478746975834e-10,-6.11282203243925e-10,-6.26126575233044e-10,-1.52964624656381e-10,8.90168622176605e-10,-3.88080570759356e-10,1.38327397683365e-10,-4.51356408536335e-11,-1.90535531029834e-10,5.71552082169652e-10,6.22740894545363e-10,-3.40953476477474e-10,-4.3005016549619e-11,1.52826453263557e-10,1.59376436300698e-11,-3.99994738622672e-10,2.97407133402184e-10,-9.98151892002717e-11,-1.61914955445449e-10,2.02853286710584e-09,4.16051488856585e-11,-5.37597182625926e-10,-1.36934359241882e-10,-4.54362436464517e-10,-1.37884401291391e-10,5.65355851192938e-11,1.10379781129887e-10,8.53619572488753e-10,-6.13185067534341e-10,2.05930471150566e-10,-1.03421395500771e-10,-4.70030108159332e-10,4.11122903267284e-10,8.20770164930654e-10,4.79089022468395e-10,-1.45858743019306e-10,1.24609196380198e-09,2.77876753936389e-10,-6.22607506564724e-10,1.4792480823786e-09,-6.52307962607313e-10,-4.53144713764499e-10,4.55854079918786e-10,7.02149945782276e-10,-1.01075593432327e-11,2.05082094395234e-10,-4.86723184838408e-10,2.77660499944593e-10,5.13370346942544e-10,8.14328065633184e-10,-7.5794626352941e-10,2.10457755448525e-10,-4.30505856224572e-10,2.38149432907161e-11,-4.4612043028393e-10,-4.57689173439688e-10,7.45028722817228e-10,-2.3294701619211e-10,4.62411463975927e-10,-2.0118745670387e-10,4.51739242754734e-10,4.30840112807098e-10,-5.68396615172904e-10,-2.58855166976155e-10,-5.98792625466992e-10,-1.5727141311604e-10,2.11475473019248e-10,-1.12272880157528e-10,-1.70516869023223e-10,8.98966402658356e-11,-2.40425277958628e-10,2.21923820285145e-10,-3.86270606156259e-10,6.8719036448835e-11,7.07563847561744e-10,-5.95658847034156e-10,-2.72651898837326e-10,-1.19941970927065e-10,-5.50111447161844e-10,7.7042831341043e-11,4.92024708607095e-10,4.89982678052738e-10,7.07701973699968e-10,-5.02164430367179e-10,4.04872134415301e-10,6.71543132566638e-10,1.10110650869768e-10,4.22830622951489e-10,-1.10809885667971e-10,5.20327849417144e-10,-2.03781729579558e-10,-5.50478682225082e-10,-4.30458455103745e-10,-8.44493180487002e-10,-2.13630143297273e-10,4.12759494634627e-10,-4.08344654133373e-10,-6.23860474655243e-10,1.06420888741275e-09,-2.15701388019798e-10,-3.57555078409426e-10,6.52315988408434e-11,2.48752785113178e-10,-2.70147342688904e-10,9.92226335190596e-10,-8.94690755939785e-10,3.7579144152859e-10,3.96426294412795e-10,5.4587204703485e-10,-9.64474887345515e-10,-7.41731577783581e-10,1.12150702882256e-10,-3.40292553944777e-10,-1.2072958896677e-09,-4.7008217591683e-11,6.75332682889745e-10,5.17881985407247e-10,-6.42413077983341e-10,-5.42628297078094e-10,1.50889825381303e-10,3.00029926702615e-10,4.62021574605473e-10,-2.97779956945336e-10,-4.79944853151559e-10,-5.85780403743289e-11,-2.95656538047498e-10,2.89776343020508e-10,1.62502195779925e-10,-4.90027665957568e-10,-4.38997609514438e-10,-1.74892920797129e-10,7.89777893459173e-10,3.8130750496366e-10,-4.74670185833969e-10,-7.70715121448683e-10,7.00583267548801e-10,1.20574142878576e-10,1.51020370561863e-10,-7.63705488369434e-10,-9.06535127555005e-11,1.88504694772636e-10,1.45003268930494e-10,1.12900940881722e-10,1.43186181440245e-09,-5.94265335115187e-10,2.90123377692492e-10,-8.26793471754448e-11,6.3905998305484e-10,-2.78493938431555e-10,2.5764524054406e-11,1.01770438689864e-09,5.72862373897747e-10,-5.1484806964045e-12,2.79748103652789e-10,-1.51318571718753e-10,5.8852946457177e-10,7.46096601231715e-10,-1.52837780307924e-10,9.43209497369014e-10,-2.41620556213194e-10,2.34665922086057e-10,6.73103985003472e-10,1.0061119005022e-10,-5.00192271317253e-10,-4.9526704672243e-10,2.1843325417e-11,1.07241797573321e-10,-6.51048456376617e-10,-2.7964042923308e-10,1.75506113978366e-10,-4.9630128229406e-10,-6.4936054861662e-10,-5.37661562919426e-10,-9.54639876933918e-10,-1.63614240348358e-10,8.26784472036573e-10,6.46912853701449e-10,-8.14811825093472e-10,3.31505783914368e-10,-1.42619131719531e-10,2.68015233884976e-10,-4.53914603155027e-10,-7.80000603648008e-11,-4.0535390124267e-10,3.6716829412035e-10,-2.11733665743826e-10,3.16530418442302e-10,-2.17641242906516e-10,-4.25689372631936e-10,2.73239371426767e-10,-6.0945115437275e-10,-4.04127465422214e-10,2.91183409593884e-10,-6.60025530367719e-10,7.0320261719076e-10,5.83905650900687e-10,-4.6547481722019e-10,1.65593842896604e-11,-3.43476902196348e-10,-5.84043411798191e-10,1.38919578341157e-09,3.14586355304377e-10,1.4061742537189e-10,3.3670128233674e-10,2.40457036863269e-10,5.86260087112994e-10,5.86568940186868e-10,-1.51711633352643e-10,2.21648791479085e-10,-2.02889429647216e-10,4.98416833334068e-10,4.34243570932782e-10,-2.23977025048724e-10,2.84490352369133e-10,-8.29094038215717e-11,-2.97316837622164e-10,6.46365288045239e-10,1.47157099112697e-09,-1.38716848520112e-10,-6.67194869719284e-10,-2.32237703765217e-10,8.9422830627779e-10,5.14205342902692e-10,-1.80264979410144e-10,-2.23619250295098e-10,-4.3864764295782e-10,1.47637001043341e-10,3.40231319293002e-10,-1.8039263060646e-10,4.85978227895985e-11,-3.86362501380583e-10,3.41236261213298e-10,-3.13637195567527e-10,-3.73916470767418e-10,1.89470861971506e-10,7.85585917791464e-10,-1.66145091643364e-10,-1.62103285686911e-09,7.04176574824759e-10,-5.07634458970359e-10,6.57354611388457e-10,-8.27201757981287e-10,3.67280969016825e-10,4.54714972588379e-10,-1.39261129570247e-10,9.10017479520284e-11,-4.58624425276832e-10,-1.07177121503897e-09,-8.37813091732876e-10,-7.41099905699039e-10,-1.83094489887102e-10,-1.20036601913946e-09,-9.79626784248869e-10,-7.71736580099376e-10,-1.28967516050493e-09,-1.46547660632412e-09,-1.21159549824285e-09,-7.36417562183454e-10,-8.77184801537391e-10,-1.61437686967702e-09,-9.15517267663803e-10,-1.21817391341302e-09,-1.71915014422387e-09,-9.09022334999064e-10,-1.89548603104916e-09,-2.32971793432214e-09,-3.0455149595691e-09,-1.84885692692225e-09,-1.62925069774489e-09,-2.29314550741565e-09,-2.62313341608457e-09,-1.58662361944941e-09,-2.03914981523948e-09,-1.42358761816213e-09,-1.63611031424707e-09,-3.15992419139756e-09,-2.19318173726503e-09,-2.9026728176313e-09,-1.91818744023098e-09,-2.99148458299144e-09,-2.252872458608e-09,-2.85532060738807e-09,-2.74559815269313e-09,-3.35219065535389e-09,-3.72998933822591e-09,-3.56070649557874e-09,-3.10743252882486e-09,-3.49232765919726e-09,-3.24727680183107e-09,-3.28157508646887e-09,-4.40545343010953e-09,-3.74974889239481e-09,-4.78310322901631e-09,-5.13202194218485e-09,-4.51262327462269e-09,-4.8411660182848e-09,-5.28333350035701e-09,-4.72870184306126e-09,-5.40331431397679e-09,-4.79528583585251e-09,-5.68492559182231e-09,-5.00387488457615e-09,-5.49952201873026e-09,-4.75377117262908e-09,-4.70194444947976e-09,-5.49828805853301e-09,-4.97228055687238e-09,-5.39968324191295e-09,-5.48736375283949e-09,-5.64120347556553e-09,-6.639582309219e-09,-5.11034530957399e-09,-6.12570606596929e-09,-7.02390525451843e-09,-6.3970009906087e-09,-6.79954243496527e-09,-6.76029895315042e-09,-6.22636713894367e-09,-6.69829695439649e-09,-6.4877889462007e-09,-7.52093464179615e-09,-7.19550948070171e-09,-6.98162771167197e-09,-7.7136468226519e-09,-7.73181375687053e-09,-7.81718811961951e-09,-7.78649732733355e-09,-7.96170667194698e-09,-8.06986090767708e-09,-8.62445375953385e-09,-9.20491576436346e-09,-8.05225397681576e-09,-9.20176537340018e-09,-8.60193210163284e-09,-8.22598093842693e-09,-8.92619359741112e-09,-9.17085651939941e-09,-9.32283899484876e-09,-9.65917744306697e-09,-9.63989199127416e-09,-9.96847452697167e-09,-8.84956913824798e-09,-1.09721746853752e-08,-1.08515412732181e-08,-1.06179590550217e-08,-1.01307220841381e-08,-1.10296866099861e-08,-1.10428981655722e-08,-1.0861036104953e-08,-1.06223879526349e-08,-1.21979241660168e-08,-1.13055909338716e-08,-1.13037135874641e-08,-1.16765842120851e-08,-1.1187669189562e-08,-1.28642119068369e-08,-1.17388201752477e-08,-1.24810553126094e-08,-1.2322081524826e-08,-1.33485559469586e-08,-1.34523549406347e-08,-1.35967183149414e-08,-1.32695807998605e-08,-1.35778727493817e-08,-1.40734059042158e-08,-1.39860622466286e-08,-1.34596200030333e-08,-1.35817853468307e-08,-1.34070657327069e-08,-1.53676096950827e-08,-1.46139708724423e-08,-1.41745857611364e-08,-1.37294385980737e-08,-1.51930464411107e-08,-1.51477726570423e-08,-1.54612698092501e-08,-1.55990609782166e-08,-1.62083094336103e-08,-1.62360507563766e-08,-1.62444795104391e-08,-1.59882388163673e-08,-1.59363380075452e-08,-1.6580649964208e-08,-1.6640706601189e-08,-1.74774575949515e-08,-1.66241087996219e-08,-1.67297049991791e-08,-1.80660187367065e-08,-1.77025565990592e-08,-1.69140817975819e-08,-1.80785679145991e-08,-1.85034144042063e-08,-1.77241542347781e-08,-1.85709681178541e-08,-1.96749735925143e-08,-1.88796442130918e-08,-1.91788446672885e-08,-1.93285964120752e-08,-2.00275792895622e-08,-1.98193068994585e-08,-2.00140006932521e-08,-1.9984736804029e-08,-2.03387502736048e-08,-2.03098055439416e-08,-2.02583819841705e-08,-1.97031110674279e-08,-2.02067919862293e-08,-2.02996567850327e-08,-1.98948638950556e-08,-2.0115519566159e-08,-2.00385227961406e-08,-1.9782010634493e-08,-1.95911208932395e-08,-2.00659133495479e-08,-1.90677851246498e-08,-1.90390039358114e-08,-1.79554602915824e-08,-1.76978766492559e-08,-1.75499246668868e-08,-1.62335509789532e-08,-1.5353888453615e-08,-1.39637766527516e-08,-1.25514223858913e-08,-1.12271234042401e-08,-9.1188689774866e-09,-7.77983374846142e-09,-4.85501695984661e-09,-5.51859045285035e-10,3.01846662389922e-09,8.23872546200555e-09,1.3121586174339e-08,1.9878420097118e-08,2.81664662319638e-08,3.98241797209214e-08,5.19991624136882e-08,6.84034786007046e-08,8.8642968503579e-08
