v,0.25
Patm,100000
g,9.81
r,500
G,10^9.5
rho,2700
mu,10^2.69
rc,14
 
M,10^5.08
sigma,0.5
 
tilt_erupt,41.6167nrad
 
-1084,-1083,-1082,-1081,-1080,-1079,-1078,-1077,-1076,-1075,-1074,-1073,-1072,-1071,-1070,-1069,-1068,-1067,-1066,-1065,-1064,-1063,-1062,-1061,-1060,-1059,-1058,-1057,-1056,-1055,-1054,-1053,-1052,-1051,-1050,-1049,-1048,-1047,-1046,-1045,-1044,-1043,-1042,-1041,-1040,-1039,-1038,-1037,-1036,-1035,-1034,-1033,-1032,-1031,-1030,-1029,-1028,-1027,-1026,-1025,-1024,-1023,-1022,-1021,-1020,-1019,-1018,-1017,-1016,-1015,-1014,-1013,-1012,-1011,-1010,-1009,-1008,-1007,-1006,-1005,-1004,-1003,-1002,-1001,-1000,-999,-998,-997,-996,-995,-994,-993,-992,-991,-990,-989,-988,-987,-986,-985,-984,-983,-982,-981,-980,-979,-978,-977,-976,-975,-974,-973,-972,-971,-970,-969,-968,-967,-966,-965,-964,-963,-962,-961,-960,-959,-958,-957,-956,-955,-954,-953,-952,-951,-950,-949,-948,-947,-946,-945,-944,-943,-942,-941,-940,-939,-938,-937,-936,-935,-934,-933,-932,-931,-930,-929,-928,-927,-926,-925,-924,-923,-922,-921,-920,-919,-918,-917,-916,-915,-914,-913,-912,-911,-910,-909,-908,-907,-906,-905,-904,-903,-902,-901,-900,-899,-898,-897,-896,-895,-894,-893,-892,-891,-890,-889,-888,-887,-886,-885,-884,-883,-882,-881,-880,-879,-878,-877,-876,-875,-874,-873,-872,-871,-870,-869,-868,-867,-866,-865,-864,-863,-862,-861,-860,-859,-858,-857,-856,-855,-854,-853,-852,-851,-850,-849,-848,-847,-846,-845,-844,-843,-842,-841,-840,-839,-838,-837,-836,-835,-834,-833,-832,-831,-830,-829,-828,-827,-826,-825,-824,-823,-822,-821,-820,-819,-818,-817,-816,-815,-814,-813,-812,-811,-810,-809,-808,-807,-806,-805,-804,-803,-802,-801,-800,-799,-798,-797,-796,-795,-794,-793,-792,-791,-790,-789,-788,-787,-786,-785,-784,-783,-782,-781,-780,-779,-778,-777,-776,-775,-774,-773,-772,-771,-770,-769,-768,-767,-766,-765,-764,-763,-762,-761,-760,-759,-758,-757,-756,-755,-754,-753,-752,-751,-750,-749,-748,-747,-746,-745,-744,-743,-742,-741,-740,-739,-738,-737,-736,-735,-734,-733,-732,-731,-730,-729,-728,-727,-726,-725,-724,-723,-722,-721,-720,-719,-718,-717,-716,-715,-714,-713,-712,-711,-710,-709,-708,-707,-706,-705,-704,-703,-702,-701,-700,-699,-698,-697,-696,-695,-694,-693,-692,-691,-690,-689,-688,-687,-686,-685,-684,-683,-682,-681,-680,-679,-678,-677,-676,-675,-674,-673,-672,-671,-670,-669,-668,-667,-666,-665,-664,-663,-662,-661,-660,-659,-658,-657,-656,-655,-654,-653,-652,-651,-650,-649,-648,-647,-646,-645,-644,-643,-642,-641,-640,-639,-638,-637,-636,-635,-634,-633,-632,-631,-630,-629,-628,-627,-626,-625,-624,-623,-622,-621,-620,-619,-618,-617,-616,-615,-614,-613,-612,-611,-610,-609,-608,-607,-606,-605,-604,-603,-602,-601,-600,-599,-598,-597,-596,-595,-594,-593,-592,-591,-590,-589,-588,-587,-586,-585,-584,-583,-582,-581,-580,-579,-578,-577,-576,-575,-574,-573,-572,-571,-570,-569,-568,-567,-566,-565,-564,-563,-562,-561,-560,-559,-558,-557,-556,-555,-554,-553,-552,-551,-550,-549,-548,-547,-546,-545,-544,-543,-542,-541,-540,-539,-538,-537,-536,-535,-534,-533,-532,-531,-530,-529,-528,-527,-526,-525,-524,-523,-522,-521,-520,-519,-518,-517,-516,-515,-514,-513,-512,-511,-510,-509,-508,-507,-506,-505,-504,-503,-502,-501,-500,-499,-498,-497,-496,-495,-494,-493,-492,-491,-490,-489,-488,-487,-486,-485,-484,-483,-482,-481,-480,-479,-478,-477,-476,-475,-474,-473,-472,-471,-470,-469,-468,-467,-466,-465,-464,-463,-462,-461,-460,-459,-458,-457,-456,-455,-454,-453,-452,-451,-450,-449,-448,-447,-446,-445,-444,-443,-442,-441,-440,-439,-438,-437,-436,-435,-434,-433,-432,-431,-430,-429,-428,-427,-426,-425,-424,-423,-422,-421,-420,-419,-418,-417,-416,-415,-414,-413,-412,-411,-410,-409,-408,-407,-406,-405,-404,-403,-402,-401,-400,-399,-398,-397,-396,-395,-394,-393,-392,-391,-390,-389,-388,-387,-386,-385,-384,-383,-382,-381,-380,-379,-378,-377,-376,-375,-374,-373,-372,-371,-370,-369,-368,-367,-366,-365,-364,-363,-362,-361,-360,-359,-358,-357,-356,-355,-354,-353,-352,-351,-350,-349,-348,-347,-346,-345,-344,-343,-342,-341,-340,-339,-338,-337,-336,-335,-334,-333,-332,-331,-330,-329,-328,-327,-326,-325,-324,-323,-322,-321,-320,-319,-318,-317,-316,-315,-314,-313,-312,-311,-310,-309,-308,-307,-306,-305,-304,-303,-302,-301,-300,-299,-298,-297,-296,-295,-294,-293,-292,-291,-290,-289,-288,-287,-286,-285,-284,-283,-282,-281,-280,-279,-278,-277,-276,-275,-274,-273,-272,-271,-270,-269,-268,-267,-266,-265,-264,-263,-262,-261,-260,-259,-258,-257,-256,-255,-254,-253,-252,-251,-250,-249,-248,-247,-246,-245,-244,-243,-242,-241,-240,-239,-238,-237,-236,-235,-234,-233,-232,-231,-230,-229,-228,-227,-226,-225,-224,-223,-222,-221,-220,-219,-218,-217,-216,-215,-214,-213,-212,-211,-210,-209,-208,-207,-206,-205,-204,-203,-202,-201,-200,-199,-198,-197,-196,-195,-194,-193,-192,-191,-190,-189,-188,-187,-186,-185,-184,-183,-182,-181,-180,-179,-178,-177,-176,-175,-174,-173,-172,-171,-170,-169,-168,-167,-166,-165,-164,-163,-162,-161,-160,-159,-158,-157,-156,-155,-154,-153,-152,-151,-150,-149,-148,-147,-146,-145,-144,-143,-142,-141,-140,-139,-138,-137,-136,-135,-134,-133,-132,-131,-130,-129,-128,-127,-126,-125,-124,-123,-122,-121,-120,-119,-118,-117,-116,-115,-114,-113,-112,-111,-110,-109,-108,-107,-106,-105,-104,-103,-102,-101,-100,-99,-98,-97,-96,-95,-94,-93,-92,-91,-90,-89,-88,-87,-86,-85,-84,-83,-82,-81,-80,-79,-78,-77,-76,-75,-74,-73,-72,-71,-70,-69,-68,-67,-66,-65,-64,-63,-62,-61,-60,-59,-58,-57,-56,-55,-54,-53,-52,-51,-50,-49,-48,-47,-46,-45,-44,-43,-42,-41,-40,-39,-38,-37,-36,-35,-35,-34,-33,-32,-31,-30,-29,-28,-27,-26,-25,-24,-23,-22,-21,-20,-19,-18,-17,-16,-15,-14,-13,-12,-11,-10,-9,-8,-7,-6,-5,-4,-3,-2,-1,0
-3.79410936894762e-10,5.98071800911651e-11,5.55658168813227e-10,6.79080175833796e-10,2.40493574987628e-10,-3.17078062574187e-10,4.8964824447006e-11,3.62333547928648e-10,3.45386947859923e-10,-2.21343289865083e-10,-3.45342772283018e-10,-4.37619196376233e-11,9.69415082538115e-10,4.11476449643379e-10,5.15615097270971e-10,-1.86333413736409e-10,4.59121491007345e-10,4.92319082585016e-10,-2.03717499312373e-10,6.05136192357541e-10,1.40691354062832e-10,1.34722806315164e-10,4.15191804440227e-10,-3.1314257618837e-10,-9.83561598171707e-10,9.50188277652224e-11,2.8791380252548e-11,3.56326534222369e-10,-3.75324458132284e-10,-6.65023872462521e-10,4.12002893331588e-10,-7.67414926199027e-10,1.49677530158597e-10,4.58395321475239e-10,-2.8764387154131e-10,-1.17481743319578e-10,-2.07338861772258e-10,-4.19419881497185e-10,4.05376467524468e-10,-8.59779247342791e-10,1.6216638463442e-10,-7.23983600176289e-10,-1.0222498598348e-10,-1.02031177058603e-09,-3.52477517360581e-10,2.51460982343994e-12,4.26430396158091e-10,-5.17655193941043e-10,1.88820321600231e-11,1.4310102639701e-10,-1.19816776952675e-09,-5.75917468060443e-10,-2.0445044364375e-10,6.3891435372056e-10,-9.20816752675748e-11,6.29297386902148e-10,4.81987154671123e-10,3.69349423090619e-10,-5.086241190054e-11,-3.27655837979062e-10,-6.01273624499876e-10,-3.94832870359729e-10,-1.60056937439074e-10,-6.41405935822498e-11,1.05250253932112e-09,1.34247232792783e-09,-1.91165523064969e-10,4.46175154220425e-10,7.6420946061036e-11,-1.10524923111302e-10,3.35588167603627e-10,-2.85172898322268e-10,-5.17487851998697e-11,-2.92395768306402e-10,-4.46616492916675e-10,-3.19687795529288e-10,-4.56241151050884e-10,3.6142514303812e-10,7.74886059591131e-10,-1.57458450227627e-10,-5.25229333867041e-11,-8.63650020979839e-10,9.0323441736385e-10,5.31863968190185e-10,-7.81949998135999e-11,-4.45040154155157e-10,-3.52529488676186e-10,-2.97345481409069e-10,4.25893993206307e-10,-2.4507241190118e-10,-8.72145683286719e-10,-3.48767659179102e-10,1.23126832290087e-10,-9.87595411568715e-10,2.09557513704866e-10,2.39896945583697e-10,-1.38576155170385e-09,-1.89257002057895e-10,5.1816269272835e-10,-9.15480642899272e-11,2.59362274576435e-10,-9.1211171673605e-10,-3.9569267805986e-10,-4.29793739582729e-10,-5.84645572543377e-10,1.23887970870745e-11,3.30213308825752e-10,2.71809960445016e-10,-2.46409980567388e-10,-1.78462304533121e-11,3.87814987293647e-10,-3.95201647552856e-10,6.51367753030884e-11,4.82360010723275e-10,-1.00786776961989e-09,-9.25900439447546e-10,-5.65706092193257e-10,-6.2922388326975e-10,-3.87766691496802e-10,1.87972928551037e-10,8.15224097463922e-11,-5.68550550763478e-10,-9.63235907176712e-11,-3.36024372532891e-10,-1.15685728916521e-10,6.33580597505756e-10,-6.18520130194473e-10,-7.10350085986737e-10,-4.75788498744319e-10,-1.20718065053091e-09,-3.43278377815462e-10,1.42839194661939e-09,3.67012627939528e-10,1.2607428173636e-10,1.53496065374213e-09,-9.22173763371612e-10,4.68892112793521e-10,3.51390420106819e-10,3.15209133043753e-10,-4.12109020222011e-10,-3.34080622178392e-10,-5.0136127697625e-10,1.67500191697858e-10,-1.27611535271885e-10,5.15179523096167e-11,3.21709144771868e-10,9.88529999373016e-10,-1.10866902348471e-10,3.39054845065279e-10,-5.23653652315293e-11,7.79287985902213e-10,5.00085837342696e-10,6.93814288436964e-10,7.19911195567718e-10,4.5512254354639e-10,2.78917069271232e-10,2.55910386930567e-10,-5.6815771511163e-10,4.95764927647267e-10,-7.9708332992051e-10,1.87830809723765e-10,4.87714202062046e-10,4.94756980900538e-10,4.52133773679785e-10,-4.49976974932154e-10,2.68968975917771e-10,-7.27563811599632e-10,2.51810534211168e-10,-1.23765808184201e-10,-2.04859054258483e-10,1.25483296615715e-10,2.28602190758336e-10,6.04660038347338e-10,1.46684905574003e-10,-8.06735369797319e-10,6.51779552860639e-10,-9.7612152425156e-10,1.10392364889482e-10,2.00617231277121e-10,-2.86760630691797e-10,-3.95230837213164e-10,-5.18434710192541e-10,8.82173939791281e-10,2.45550516728045e-10,-9.1646279530392e-10,-7.41930268808632e-10,-5.47783082583116e-10,2.50342359449517e-10,7.95679582666285e-10,9.35532159742597e-10,7.53453931166516e-11,-7.13114356954197e-10,-1.06912135074321e-09,1.42269804097626e-09,5.48373885382949e-10,-3.38740637754987e-11,-1.20031988152875e-10,-9.2973448421884e-10,-4.03281830753653e-10,-7.89945237740312e-10,4.88959743653538e-10,6.52286070239496e-10,-8.52449242818061e-10,2.26985849521827e-10,2.07463746860226e-10,4.26800247705272e-10,-1.50518877449472e-10,-1.44870056556175e-10,-6.07715203114539e-10,3.58916689002007e-11,-1.74228024438678e-11,-5.17555143722104e-10,-9.59774536231756e-11,3.11262795621197e-10,-3.06764456530685e-10,2.23923618764663e-10,3.51516944063342e-10,6.36190131689561e-10,1.56248652454134e-10,1.12044769550502e-10,-3.84866050010187e-10,-3.64739569038339e-10,-2.75017348879425e-10,6.37581995937565e-10,-6.51915563417168e-10,-1.65106637114748e-10,-1.17178418443496e-09,-4.61326193043428e-10,-7.78330763317404e-10,2.79231913685758e-10,-2.62757813571818e-10,-4.95674323373036e-10,-3.11366050343986e-10,-1.42037771584114e-10,4.95022696666942e-10,-5.13945267702827e-10,-2.60443195009826e-10,-7.43896985252264e-11,5.77198169014816e-10,5.5937475351708e-10,2.88386301070589e-10,2.45708983857171e-11,3.57664918703116e-10,4.15986874424902e-11,2.76288385530864e-10,-4.61561544540527e-10,-2.42444572929577e-10,5.45205552526247e-10,-9.007740610063e-10,4.60477270974758e-10,2.86520427825507e-10,-1.80200715289384e-10,3.12027791023801e-10,1.04445067102957e-09,8.55550802931428e-10,1.38460793499862e-10,8.46053764893771e-11,-2.25452924167485e-10,-1.90106647860686e-10,4.16101452936179e-14,2.38836451032864e-10,5.98492353284078e-11,2.05474295344086e-10,7.99446031867382e-10,6.33714428252828e-11,-5.6812070130282e-11,3.6891848959026e-10,1.59577524822054e-10,3.19044674576304e-10,-1.08194408720363e-10,3.35981227420145e-11,8.99260688833559e-10,8.17179274106713e-11,-7.0506331275854e-10,5.25033503699269e-11,3.24824593520402e-10,1.87052843422248e-10,4.54223409265682e-10,3.79601056213462e-10,-6.50716013814395e-10,1.07998128952271e-09,1.79553232271245e-10,-2.91757380551475e-11,9.75397470902608e-10,-2.1863239671606e-10,-3.20066291416789e-10,-4.0814011421754e-10,6.86415549864968e-10,-3.21547382090549e-10,3.32596481099446e-10,-7.91762321664176e-10,8.61557984674548e-10,-2.9623682855824e-10,4.69799766972793e-10,-6.52691188927294e-11,7.98738747457529e-11,-5.68240025006541e-11,-1.65677750420881e-10,1.37735456476012e-10,1.09487599025566e-10,-6.77793022897538e-11,-6.20812336251985e-11,5.31844620944843e-10,1.99413006571639e-10,-7.89455849617493e-10,1.0382838108217e-09,2.79631793268783e-10,4.99277212380183e-10,1.02944759805925e-09,-4.5117125782691e-10,2.16466250742284e-10,5.84868040542323e-10,2.70485485808961e-10,-2.99389484028883e-10,-7.84638470704391e-10,-3.92562122852178e-10,-4.63203341318214e-11,-6.42158940144932e-10,3.85225340024739e-10,4.24070162527682e-10,-6.96046900390224e-10,-7.4946052124826e-10,-1.97934850197696e-10,-3.09385561469679e-10,5.08323529589031e-10,-1.20789866805853e-09,7.01659671489871e-11,-1.32468243359623e-10,5.16869445980436e-10,-2.76431540114489e-10,7.16373219611988e-10,2.30069318542331e-11,5.36898624678867e-12,-1.01376568749301e-09,-7.96886553619874e-10,6.0230094938473e-10,-2.44951640757492e-10,-2.22404460691968e-10,1.45001822926521e-10,-1.36275967793999e-10,-2.84487143142174e-10,1.53277429250774e-10,2.01099106054133e-10,-9.65336998346509e-11,-1.15424135692315e-10,6.52039485728423e-10,1.89999916160885e-10,-6.81703806969418e-11,9.83108430909652e-10,-7.76073633468498e-11,-7.04631909005518e-11,3.43098763400404e-10,5.37380639894389e-10,-2.32210738289685e-10,-7.69850947153674e-10,8.13264372833167e-11,3.14261054703383e-10,2.68914825260149e-10,-3.18817024919863e-10,2.76752198504954e-10,-5.06681748619919e-10,1.02427109428056e-09,2.79276000420808e-11,5.45004279163151e-10,-8.99497226507017e-10,1.13626132857962e-09,1.69672844373147e-10,7.41452983991315e-11,2.97434176426281e-10,-6.27786649226975e-10,-7.39297497097837e-11,3.57968534026014e-10,-1.37168031491533e-09,4.45294794184358e-10,-1.60058658578718e-10,-7.53385836035708e-11,8.15221848562628e-10,4.91637046271129e-10,-2.63165710507465e-10,-5.30847516921551e-10,2.06245920655872e-10,-5.80720626278896e-10,2.78346921635782e-10,-4.41185623525702e-10,2.99529380562255e-10,6.74361031830247e-10,5.18510894130722e-11,-4.36064830541705e-10,-1.87268651827486e-10,-5.00623953516176e-10,4.26583996995064e-10,5.3366841806085e-10,-1.53386942773041e-10,-5.24891308559333e-10,-7.17686519845201e-10,-5.77428855853154e-10,-3.70397753116652e-10,2.36915851863629e-10,-4.68699720873384e-10,5.74545523954535e-10,1.2550259631497e-10,-2.59293595731455e-10,8.71481704570647e-11,1.6611442031932e-10,-2.12477649822246e-10,8.73068204152087e-10,9.34754655335075e-10,-1.14480405867319e-10,-3.2373858729732e-11,-6.33879280466128e-10,4.82105652065857e-10,5.04552438907971e-10,2.42383248866294e-10,2.48424920655113e-10,1.26378978958905e-09,-2.90488318399355e-11,4.82301251196348e-10,-7.51025796177518e-11,-1.84122400213401e-10,4.69638440145188e-10,-3.10964597588002e-10,-3.03442817390598e-10,3.67736545280715e-10,-2.73678238001167e-10,-4.17660523902946e-10,-6.03905261299228e-10,-6.31208115092602e-10,4.8180642977507e-10,7.75813745046948e-10,1.59361074983952e-10,1.26278123567461e-09,3.24059505972228e-10,-5.3550581938993e-11,6.43385864406651e-11,1.2483649192377e-10,2.21987118571607e-10,9.35690702904588e-10,-6.28743376210641e-10,6.71085746450878e-10,-5.31891904679201e-10,1.95552707661136e-10,6.48136126938046e-10,2.67283283873684e-10,7.13177892360758e-10,-3.39449154862004e-10,-1.13238001144363e-10,2.49100124404801e-10,1.14680175593682e-09,2.03068135565136e-10,8.59336281383907e-10,-3.47273709593356e-10,1.63960493971329e-10,6.44495001348553e-11,-7.74270139509254e-10,4.13276683422327e-10,1.14255592779188e-10,-6.36905189799745e-10,-9.94526775603213e-11,-1.33822939932938e-09,-5.31578863111164e-10,-9.04962080550677e-11,4.62810255123444e-10,-5.64297135006635e-11,7.13161125614943e-10,5.23119873095186e-10,9.72493558009921e-11,2.62352530300764e-11,-4.12446634779979e-10,3.28852162591671e-10,-5.34392499245028e-10,1.19892042992603e-10,1.25667331088915e-09,2.50204475303522e-10,-1.40562216406961e-10,-8.99539251828631e-10,6.23798862324539e-10,1.31679377232377e-12,6.22904962831569e-10,-6.88324355170865e-10,1.09227117449125e-09,-6.53015444925991e-10,4.06311117630522e-10,5.21929346731694e-10,8.70434245234273e-10,1.18748062430621e-09,-6.15639809357521e-10,7.90158010750075e-10,-6.58340817207256e-11,1.54824363753706e-11,-1.08803078912797e-10,3.81868366065654e-10,-2.31750692628915e-10,5.97565438459873e-11,-3.82723335196641e-10,-1.80802086761018e-10,9.38045275719053e-11,-1.48054900145851e-11,-3.17123987727504e-10,-1.18165327486346e-09,5.69076615613476e-11,6.82106400685794e-11,2.68909047501173e-10,7.99170415555458e-10,4.16934102763505e-10,-6.92513204291122e-10,2.83867359026863e-10,-3.3402260366548e-10,2.92868041113534e-10,1.07365845476366e-10,5.77825008358855e-10,-7.36257496993468e-10,-6.37977212183982e-10,-7.55497186294868e-11,-9.75966502378232e-10,1.17646895344594e-10,-2.23315978945222e-10,4.74962709032527e-10,1.99662467129239e-10,2.92071754981976e-10,-3.81356084406659e-10,-2.99854224315245e-10,-1.33496209700037e-10,-5.54952106997095e-10,-5.08604611966684e-10,-2.59980564930679e-10,7.96816276656184e-10,4.88750473264838e-11,1.42142564633395e-10,3.5706943393309e-10,8.03645171200081e-12,5.55822766317758e-10,8.08505883368505e-10,1.41754802002458e-10,1.69223993136444e-10,3.90766309235964e-10,-2.1689134754334e-10,3.69556725059491e-10,5.84364319101273e-10,2.32587367788525e-10,-1.54575214839131e-10,-4.35285686022316e-10,8.90935780837288e-10,9.62478141845827e-11,1.33819794255184e-10,-5.3985555429715e-10,-4.83219542224059e-10,5.71926133192716e-10,3.42525908647456e-10,-6.6533248809602e-10,-9.12065602441136e-10,1.31907203871006e-11,-2.54817529874853e-11,1.10536203418608e-10,2.71612763752566e-10,7.47889209308719e-11,-2.50321986541172e-10,-9.34624442668975e-10,5.77327495137703e-10,1.59153192424347e-10,-3.47031216605877e-10,-2.91196306604971e-11,5.36689797072959e-10,-2.31065733378954e-10,4.97393437577161e-10,-4.04368397667989e-11,-6.9567336134762e-10,-5.92433167794322e-10,-1.01006974873394e-09,1.97961556001812e-10,7.56213848392917e-11,-4.62885743975272e-10,-8.90100020254586e-10,-8.42920360177853e-10,1.20172392569858e-09,2.30768724102209e-10,4.29971454044577e-10,-5.71292771703801e-10,6.00128102328695e-10,2.16567227137945e-10,3.63633094626673e-10,2.89901952384266e-10,-5.00280208112903e-10,2.73205899610388e-10,8.8035789224406e-10,5.88127955260087e-10,2.07713808106472e-11,3.54982585488755e-10,5.14417240824231e-10,-1.25398282220946e-10,1.59704005047482e-11,4.52927836023941e-10,-4.32167209434242e-10,-5.31682046986149e-10,-1.09081387403776e-10,6.1474592858145e-10,-4.14200094121047e-10,-3.02815196619543e-10,-3.38209801636352e-10,7.91747395710771e-10,6.11086963625634e-10,-2.24358067743111e-10,-2.69460096861717e-10,-2.07179786341159e-10,-6.2204796044214e-10,-2.98318805345808e-10,3.10970733562292e-10,-1.80555178593449e-10,-1.1691227512795e-10,2.91870844839171e-10,-6.18317580163684e-10,-8.52030199745177e-10,-3.4469130868955e-10,3.13591532807238e-10,-2.17305768028157e-10,-6.27930120128833e-10,-2.21915311713052e-11,5.2051921615778e-10,2.9217456800304e-10,-5.14046059817936e-10,-8.63869117262738e-11,1.86346492215511e-10,3.72631204972729e-10,1.48776809494879e-10,6.05069787569947e-10,4.21474764687719e-10,-4.42837842686463e-10,1.22334788967381e-10,-1.86777570530929e-10,3.34770977872089e-10,-1.51234420621258e-10,5.40913236134396e-10,-2.13291744742187e-10,1.4698780592797e-10,7.61837224466176e-10,4.32030121017381e-10,-9.45296162001324e-11,-2.58027618623271e-10,-2.43606947109463e-10,-3.94558192573474e-11,4.68891326710065e-10,-8.23961030487858e-10,-6.71301105690964e-10,-8.93790301031395e-10,3.6739506528357e-10,-4.98822377779996e-10,1.11421104334912e-09,-4.04522755569433e-10,-9.93348658843184e-10,3.32525193598028e-10,5.88931520147048e-10,2.09003926137185e-10,-1.09747579851248e-10,4.1325778604361e-10,-3.44868325732466e-10,-3.10689598933944e-11,-6.24205231094636e-10,1.52936525860124e-10,-6.18080800222258e-11,5.69367239401709e-10,-5.69215175250066e-10,-4.15031088010901e-10,1.12875594034257e-09,-4.5740747229284e-10,1.47965525913223e-10,1.62461078559178e-10,-4.28876580416469e-11,-5.19527764492939e-10,7.27077137278099e-10,8.77931678240664e-10,-1.13587523959676e-10,2.65731466819175e-10,7.83983514178632e-10,-4.94777952439746e-11,-4.557260339879e-10,1.93223873555091e-10,2.7393732234227e-10,-9.03071820171556e-10,5.73379059531035e-11,3.45832398771288e-10,-4.9582910223047e-10,3.53057732013963e-11,-5.62738136727603e-11,-2.82857030864549e-11,4.49932700767451e-10,9.13157650805143e-11,-6.09702202274057e-10,-3.70353925165472e-11,4.49643301287912e-10,-2.85035548320101e-10,2.34619994561312e-10,6.004300694279e-10,-4.08404133357258e-10,-7.93276037286786e-10,-8.97592324157632e-11,-2.08467116845256e-10,7.13739304559433e-11,-5.02907777683202e-10,-1.41251741672528e-10,1.67257455405808e-10,-1.05190152024509e-09,5.0820929274772e-10,-5.84169138107571e-10,4.09700712378254e-10,-8.02430118193418e-10,4.55308012098326e-10,3.43422540392074e-10,6.64363938911703e-10,4.07370926440531e-10,1.79696342649061e-10,-1.01147319539209e-11,1.19243699216987e-10,3.45378589444972e-10,7.47870142398779e-10,-5.84447468049648e-10,4.88339853957404e-11,2.74707385110228e-10,-4.73046136459272e-10,7.71001347319188e-10,2.72067800146117e-10,3.04949630726197e-10,5.30717652254026e-10,-1.44490314695542e-09,-1.21897789006985e-10,-6.65230265746705e-10,-2.24332519441261e-10,-2.75704000116449e-11,2.81916879896568e-10,4.29922690199119e-11,-9.25323412848846e-10,4.89461951351971e-10,-5.79310942083213e-11,7.25088707795795e-10,-3.8656406678467e-10,1.64392547287786e-10,-1.47371142875079e-10,-2.08719258494793e-10,9.05459147483898e-10,-9.91052939602024e-11,-6.16349743427255e-10,8.20262484412239e-10,4.40765587390651e-12,2.19303424709091e-10,-1.34810258743243e-11,5.20412218258897e-11,8.6209629301815e-11,3.88509206779387e-10,9.48437252198675e-11,6.14287646021167e-11,5.06224611052108e-10,2.4517353565139e-10,-6.48715314672282e-10,-1.89537694009839e-11,2.29426423638813e-10,-2.86162667384214e-10,-1.91871354078495e-10,-4.83252689272128e-10,4.7968788557904e-10,-1.75385194891801e-10,-5.45917745606179e-13,5.86619216144893e-11,-2.82295253377867e-10,6.43210180384194e-10,-1.58188628721607e-10,5.45046843257802e-10,7.46666279344322e-10,-2.84059364570149e-10,-5.09177886273079e-10,-4.14998595023205e-10,-1.45223640419554e-10,-9.5532836042171e-10,1.03322644530417e-10,-9.13077706823755e-11,2.98745517183047e-10,-9.55970172017915e-11,-7.46337571042958e-12,-1.51226162849484e-10,-6.85117392748515e-10,5.53299657297346e-10,3.45885088508047e-10,2.85754619825866e-10,4.74290323369668e-11,-4.42163732098048e-10,-4.57095507298168e-10,1.56182512570308e-10,6.01607647751235e-10,1.54105427849158e-10,2.23102270822614e-10,4.89028066668574e-10,9.17152953126298e-10,-8.86662662527107e-10,3.06339707185041e-10,-2.90444467167707e-12,-2.00225238948944e-11,-6.69701675305389e-10,-2.7363500271881e-10,7.83021192486217e-10,-8.64191195853214e-10,5.17686070803982e-10,-6.4855406998965e-10,-4.87891062550885e-10,-1.64249151578532e-10,-5.7710524736546e-10,-4.59132352430967e-10,-1.40654949755187e-10,-6.37865840710363e-10,7.4387532901843e-11,2.79124236762321e-10,3.4639724069862e-10,6.24962123058931e-10,3.11280418254744e-10,2.80471865864166e-10,2.3968631196367e-10,1.48448592337199e-10,-2.19976480087854e-10,2.12212671894656e-10,1.24496090156931e-09,-6.49393397725197e-10,6.06838988603368e-10,4.06706210729019e-10,-2.66595594246537e-10,3.64275800107393e-12,-4.62938980469305e-10,4.29542811002621e-10,4.08710692336475e-10,-4.21034390401045e-10,-2.87601042768805e-10,2.58754254232075e-10,9.21627477634435e-10,-5.43561922062733e-10,2.2701293008635e-10,-2.26364406434324e-10,1.07374953493846e-09,-1.99716656981095e-10,-4.95641194020745e-10,-4.51279274812289e-10,-2.82692106157618e-10,-4.87489538751678e-12,5.73964337694164e-10,5.06471766195418e-10,7.63944421318598e-10,-1.60847634672868e-10,-3.83982087083427e-11,8.11642880939081e-12,-3.13734459521761e-10,-1.00044967938462e-09,-1.18080431525858e-10,-3.61158743072235e-10,-2.59084184850588e-10,-1.17920421621458e-10,-5.2393595232551e-10,1.7872855027757e-10,-2.2507084547439e-10,2.5758598148514e-10,-6.8888867470197e-11,-1.55045459115491e-10,7.30090690156325e-11,7.87428433721144e-10,-5.70662586969404e-10,-9.46808565135188e-11,-1.9808000022913e-10,6.4142190911522e-11,-2.09367869227959e-10,-4.31596829469086e-10,4.31819011027628e-10,-1.06371921914377e-09,5.54968546599999e-10,-4.05839182847696e-10,1.7320258924522e-10,-2.2908018185332e-10,3.55038978240988e-10,-6.6581647090167e-11,3.07044945818596e-10,3.23766515315561e-10,1.41575556037886e-10,-3.56487569811309e-10,2.61053360512751e-10,-2.5017218026644e-11,5.09865357825405e-10,6.1834691917793e-12,1.07846416608002e-10,3.67300861082149e-10,2.70758738649422e-10,1.05921914841207e-10,2.15031915975e-10,-8.10079552766916e-11,-2.70365346868226e-10,2.02744182590127e-10,5.08286604927092e-10,4.45342760209759e-10,-7.31886240247724e-10,-1.14240477748502e-10,7.05447222006213e-10,3.53639241753521e-11,-1.36429652080526e-10,-5.07042347481189e-11,-7.95269332226058e-10,-2.40353932159482e-10,-1.74272687994869e-10,-7.14535367298425e-10,-7.50209633748163e-10,8.36334324883664e-10,6.3557674174592e-10,-4.96288874799961e-10,1.1202590470021e-09,4.54396459647735e-10,-4.52763213526929e-10,-9.2000697001027e-10,-3.61747760740056e-10,-1.39876129923488e-10,2.06911940020606e-10,2.3507540904246e-10,6.94521848553323e-10,2.37248526938589e-10,5.64008789701616e-10,8.29407145347619e-11,-5.77922253031642e-10,-6.10990114715264e-10,6.45532909649583e-10,-9.18737308600704e-11,-7.60417676961083e-11,-1.84000626062763e-10,4.40183046364459e-11,2.86767689469103e-11,4.41117461412282e-10,3.95420217156732e-10,-8.66890956391849e-11,1.69933937624841e-10,-1.74004892132398e-10,6.66762846794017e-10,-3.20160109801625e-10,2.59578920982465e-10,-9.75799936006245e-10,-4.52103828731981e-10,-1.25222683643184e-10,7.45669926017017e-10,-7.97763999428928e-11,-3.38741114512425e-10,-2.3370364809746e-10,-1.0825745283951e-10,-5.94480951755944e-11,-3.12710978628281e-10,5.7840639480257e-10,-3.93160287050009e-10,-2.74812664494932e-11,-4.44327441131841e-10,-1.05784419493759e-09,2.22210374098054e-10,-6.47546505364052e-10,-5.23072130908282e-10,-3.70087041384074e-10,-4.14861631403348e-10,3.51562767335695e-10,-8.49565220308754e-10,-3.70893296244402e-10,-4.93586817862344e-10,-1.74810789001497e-10,2.9752425139957e-10,8.5935644339031e-10,5.05317444708054e-11,-5.86117360283431e-10,6.94918689287276e-10,1.23856147811513e-09,-1.91714496663728e-09,-1.23616980621452e-10,-8.44502833539599e-11,-9.36323287188206e-10,-8.02176839761392e-11,-4.49653649757312e-10,-4.30469037437821e-10,-1.8640222244862e-10,-2.66359521151922e-10,5.66293470803207e-10,1.30016157056482e-09,-1.79842868928918e-11,-6.1961092382782e-10,6.9962203160763e-10,3.19428431631046e-10,6.02793769982155e-10,7.96531438873106e-10,7.26726572428179e-10,2.93271892310029e-10,-4.87803058468145e-10,3.00397889744969e-10,1.70007201116696e-10,5.10043876928225e-10,4.29870319945592e-10,-4.04672811546817e-10,3.03030869027925e-10,-3.38270591350493e-11,5.28717878072983e-10,-7.3346814750228e-11,-8.12426187006766e-11,-5.07043121331726e-11,4.7576886585196e-10,-4.4632053142778e-10,5.11213156468016e-10,6.31553695883155e-10,-3.52589714882528e-10,2.10912480087939e-10,2.35745745341233e-10,-1.82050851467629e-10,-7.50542780064394e-10,-1.17098319391471e-09,1.01654550722645e-09,7.9382835388419e-10,1.98958236981882e-10,2.47000946726347e-10,-1.20217309545914e-09,-1.53561091843077e-09,-4.85827023328451e-10,-3.4618311977931e-11,9.17499579978878e-10,1.60302728057985e-10,6.19234319336069e-11,-5.59411360711604e-10,9.74101491432438e-10,-6.84940328978527e-10,-6.70344601177285e-10,-6.6492567473409e-11,1.71190194702658e-10,2.07058772759391e-10,2.94769697355171e-10,-1.12754277619177e-09,-3.29921370598427e-10,-7.03102433526889e-11,7.14887526079344e-10,-1.87582714471837e-10,4.48859392082264e-11,5.5684626842499e-11,-4.71693117863127e-10,-2.12721698529752e-11,2.97612585607885e-11,4.87061474829933e-10,-1.71268994713185e-10,3.30318756340835e-10,3.8445275954134e-10,-7.20847214594012e-10,6.23733499939937e-10,4.79132316880636e-11,-4.91769003943386e-10,-3.32599409107488e-10,-6.57631253448978e-10,8.19337689163897e-10,-1.35814585326275e-10,2.42144757288864e-10,-3.29591453231062e-10,-1.52733869893473e-10,-7.68875172345298e-11,4.91978638867686e-10,-6.88707168156646e-10,-2.13276097541016e-10,-3.06398344997862e-12,6.49529876752284e-10,3.55083908641302e-10,-1.81183134569698e-11,-3.32552961116679e-10,7.34780322260431e-11,5.25533185361054e-10,9.88593301744806e-10,9.63812647033548e-10,1.46402332064214e-09,2.17253750059217e-09,1.8372833170554e-09,1.66182526450279e-09,2.37745792366276e-09,3.08035666871064e-09,2.92745367293389e-09,3.93864992685699e-09,3.3234065346829e-09,3.76041975581923e-09,4.44269445980578e-09,5.82704459391302e-09,5.55966929525015e-09,5.31344902507159e-09,7.10309605374491e-09,8.34057200645651e-09,7.57726303695753e-09,9.77576181669215e-09,1.16534175191405e-08,1.3302013008179e-08,1.61846981157819e-08,1.78508818326411e-08,2.02607971933056e-08,2.57552090580794e-08,3.1628206394217e-08,4.20650396544158e-08
