v,0.25
Patm,100000
g,9.81
r,500
G,10^9.5
rho,2700
mu,10^2.69
rc,14
 
M,10^5.08
sigma,0.25
 
tilt_erupt,41.6167nrad
 
-1391,-1390,-1389,-1388,-1387,-1386,-1385,-1384,-1383,-1382,-1381,-1380,-1379,-1378,-1377,-1376,-1375,-1374,-1373,-1372,-1371,-1370,-1369,-1368,-1367,-1366,-1365,-1364,-1363,-1362,-1361,-1360,-1359,-1358,-1357,-1356,-1355,-1354,-1353,-1352,-1351,-1350,-1349,-1348,-1347,-1346,-1345,-1344,-1343,-1342,-1341,-1340,-1339,-1338,-1337,-1336,-1335,-1334,-1333,-1332,-1331,-1330,-1329,-1328,-1327,-1326,-1325,-1324,-1323,-1322,-1321,-1320,-1319,-1318,-1317,-1316,-1315,-1314,-1313,-1312,-1311,-1310,-1309,-1308,-1307,-1306,-1305,-1304,-1303,-1302,-1301,-1300,-1299,-1298,-1297,-1296,-1295,-1294,-1293,-1292,-1291,-1290,-1289,-1288,-1287,-1286,-1285,-1284,-1283,-1282,-1281,-1280,-1279,-1278,-1277,-1276,-1275,-1274,-1273,-1272,-1271,-1270,-1269,-1268,-1267,-1266,-1265,-1264,-1263,-1262,-1261,-1260,-1259,-1258,-1257,-1256,-1255,-1254,-1253,-1252,-1251,-1250,-1249,-1248,-1247,-1246,-1245,-1244,-1243,-1242,-1241,-1240,-1239,-1238,-1237,-1236,-1235,-1234,-1233,-1232,-1231,-1230,-1229,-1228,-1227,-1226,-1225,-1224,-1223,-1222,-1221,-1220,-1219,-1218,-1217,-1216,-1215,-1214,-1213,-1212,-1211,-1210,-1209,-1208,-1207,-1206,-1205,-1204,-1203,-1202,-1201,-1200,-1199,-1198,-1197,-1196,-1195,-1194,-1193,-1192,-1191,-1190,-1189,-1188,-1187,-1186,-1185,-1184,-1183,-1182,-1181,-1180,-1179,-1178,-1177,-1176,-1175,-1174,-1173,-1172,-1171,-1170,-1169,-1168,-1167,-1166,-1165,-1164,-1163,-1162,-1161,-1160,-1159,-1158,-1157,-1156,-1155,-1154,-1153,-1152,-1151,-1150,-1149,-1148,-1147,-1146,-1145,-1144,-1143,-1142,-1141,-1140,-1139,-1138,-1137,-1136,-1135,-1134,-1133,-1132,-1131,-1130,-1129,-1128,-1127,-1126,-1125,-1124,-1123,-1122,-1121,-1120,-1119,-1118,-1117,-1116,-1115,-1114,-1113,-1112,-1111,-1110,-1109,-1108,-1107,-1106,-1105,-1104,-1103,-1102,-1101,-1100,-1099,-1098,-1097,-1096,-1095,-1094,-1093,-1092,-1091,-1090,-1089,-1088,-1087,-1086,-1085,-1084,-1083,-1082,-1081,-1080,-1079,-1078,-1077,-1076,-1075,-1074,-1073,-1072,-1071,-1070,-1069,-1068,-1067,-1066,-1065,-1064,-1063,-1062,-1061,-1060,-1059,-1058,-1057,-1056,-1055,-1054,-1053,-1052,-1051,-1050,-1049,-1048,-1047,-1046,-1045,-1044,-1043,-1042,-1041,-1040,-1039,-1038,-1037,-1036,-1035,-1034,-1033,-1032,-1031,-1030,-1029,-1028,-1027,-1026,-1025,-1024,-1023,-1022,-1021,-1020,-1019,-1018,-1017,-1016,-1015,-1014,-1013,-1012,-1011,-1010,-1009,-1008,-1007,-1006,-1005,-1004,-1003,-1002,-1001,-1000,-999,-998,-997,-996,-995,-994,-993,-992,-991,-990,-989,-988,-987,-986,-985,-984,-983,-982,-981,-980,-979,-978,-977,-976,-975,-974,-973,-972,-971,-970,-969,-968,-967,-966,-965,-964,-963,-962,-961,-960,-959,-958,-957,-956,-955,-954,-953,-952,-951,-950,-949,-948,-947,-946,-945,-944,-943,-942,-941,-940,-939,-938,-937,-936,-935,-934,-933,-932,-931,-930,-929,-928,-927,-926,-925,-924,-923,-922,-921,-920,-919,-918,-917,-916,-915,-914,-913,-912,-911,-910,-909,-908,-907,-906,-905,-904,-903,-902,-901,-900,-899,-898,-897,-896,-895,-894,-893,-892,-891,-890,-889,-888,-887,-886,-885,-884,-883,-882,-881,-880,-879,-878,-877,-876,-875,-874,-873,-872,-871,-870,-869,-868,-867,-866,-865,-864,-863,-862,-861,-860,-859,-858,-857,-856,-855,-854,-853,-852,-851,-850,-849,-848,-847,-846,-845,-844,-843,-842,-841,-840,-839,-838,-837,-836,-835,-834,-833,-832,-831,-830,-829,-828,-827,-826,-825,-824,-823,-822,-821,-820,-819,-818,-817,-816,-815,-814,-813,-812,-811,-810,-809,-808,-807,-806,-805,-804,-803,-802,-801,-800,-799,-798,-797,-796,-795,-794,-793,-792,-791,-790,-789,-788,-787,-786,-785,-784,-783,-782,-781,-780,-779,-778,-777,-776,-775,-774,-773,-772,-771,-770,-769,-768,-767,-766,-765,-764,-763,-762,-761,-760,-759,-758,-757,-756,-755,-754,-753,-752,-751,-750,-749,-748,-747,-746,-745,-744,-743,-742,-741,-740,-739,-738,-737,-736,-735,-734,-733,-732,-731,-730,-729,-728,-727,-726,-725,-724,-723,-722,-721,-720,-719,-718,-717,-716,-715,-714,-713,-712,-711,-710,-709,-708,-707,-706,-705,-704,-703,-702,-701,-700,-699,-698,-697,-696,-695,-694,-693,-692,-691,-690,-689,-688,-687,-686,-685,-684,-683,-682,-681,-680,-679,-678,-677,-676,-675,-674,-673,-672,-671,-670,-669,-668,-667,-666,-665,-664,-663,-662,-661,-660,-659,-658,-657,-656,-655,-654,-653,-652,-651,-650,-649,-648,-647,-646,-645,-644,-643,-642,-641,-640,-639,-638,-637,-636,-635,-634,-633,-632,-631,-630,-629,-628,-627,-626,-625,-624,-623,-622,-621,-620,-619,-618,-617,-616,-615,-614,-613,-612,-611,-610,-609,-608,-607,-606,-605,-604,-603,-602,-601,-600,-599,-598,-597,-596,-595,-594,-593,-592,-591,-590,-589,-588,-587,-586,-585,-584,-583,-582,-581,-580,-579,-578,-577,-576,-575,-574,-573,-572,-571,-570,-569,-568,-567,-566,-565,-564,-563,-562,-561,-560,-559,-558,-557,-556,-555,-554,-553,-552,-551,-550,-549,-548,-547,-546,-545,-544,-543,-542,-541,-540,-539,-538,-537,-536,-535,-534,-533,-532,-531,-530,-529,-528,-527,-526,-525,-524,-523,-522,-521,-520,-519,-518,-517,-516,-515,-514,-513,-512,-511,-510,-509,-508,-507,-506,-505,-504,-503,-502,-501,-500,-499,-498,-497,-496,-495,-494,-493,-492,-491,-490,-489,-488,-487,-486,-485,-484,-483,-482,-481,-480,-479,-478,-477,-476,-475,-474,-473,-472,-471,-470,-469,-468,-467,-466,-465,-464,-463,-462,-461,-460,-459,-458,-457,-456,-455,-454,-453,-452,-451,-450,-449,-448,-447,-446,-445,-444,-443,-442,-441,-440,-439,-438,-437,-436,-435,-434,-433,-432,-431,-430,-429,-428,-427,-426,-425,-424,-423,-422,-421,-420,-419,-418,-417,-416,-415,-414,-413,-412,-411,-410,-409,-408,-407,-406,-405,-404,-403,-402,-401,-400,-399,-398,-397,-396,-395,-394,-393,-392,-391,-390,-389,-388,-387,-386,-385,-384,-383,-382,-381,-380,-379,-378,-377,-376,-375,-374,-373,-372,-371,-370,-369,-368,-367,-366,-365,-364,-363,-362,-361,-360,-359,-358,-357,-356,-355,-354,-353,-352,-351,-350,-349,-348,-347,-346,-345,-344,-343,-342,-341,-340,-339,-338,-337,-336,-335,-334,-333,-332,-331,-330,-329,-328,-327,-326,-325,-324,-323,-322,-321,-320,-319,-318,-317,-316,-315,-314,-313,-312,-311,-310,-309,-308,-307,-306,-305,-304,-303,-302,-301,-300,-299,-298,-297,-296,-295,-294,-293,-292,-291,-290,-289,-288,-287,-286,-285,-284,-283,-282,-281,-280,-279,-278,-277,-276,-275,-274,-273,-272,-271,-270,-269,-268,-267,-266,-265,-264,-263,-262,-261,-260,-259,-258,-257,-256,-255,-254,-253,-252,-251,-250,-249,-248,-247,-246,-245,-244,-243,-242,-241,-240,-239,-238,-237,-236,-235,-234,-233,-232,-231,-230,-229,-228,-227,-226,-225,-224,-223,-222,-221,-220,-219,-218,-217,-216,-215,-214,-213,-212,-211,-210,-209,-208,-207,-206,-205,-204,-203,-202,-201,-200,-199,-198,-197,-196,-195,-194,-193,-192,-191,-190,-189,-188,-187,-186,-185,-184,-183,-182,-181,-180,-179,-178,-177,-176,-175,-174,-173,-172,-171,-170,-169,-168,-167,-166,-165,-164,-163,-162,-161,-160,-159,-158,-157,-156,-155,-154,-153,-152,-151,-150,-149,-148,-147,-146,-145,-144,-143,-142,-141,-140,-139,-138,-137,-136,-135,-134,-133,-132,-131,-130,-129,-128,-127,-126,-125,-124,-123,-122,-121,-120,-119,-118,-117,-116,-115,-114,-113,-112,-111,-110,-109,-108,-107,-106,-105,-104,-103,-102,-101,-100,-99,-98,-97,-96,-95,-94,-93,-92,-91,-90,-89,-88,-87,-86,-85,-84,-83,-82,-81,-80,-79,-78,-77,-76,-75,-74,-73,-72,-71,-70,-69,-68,-67,-66,-65,-64,-63,-62,-61,-60,-59,-58,-57,-56,-55,-54,-53,-52,-51,-50,-49,-48,-47,-46,-45,-44,-43,-42,-41,-40,-39,-38,-37,-36,-35,-35,-34,-33,-32,-31,-30,-29,-28,-27,-26,-25,-24,-23,-22,-21,-20,-19,-18,-17,-16,-15,-14,-13,-12,-11,-10,-9,-8,-7,-6,-5,-4,-3,-2,-1,0
1.26718144582053e-10,-1.41850655723662e-10,8.92303585175416e-11,-1.49649474525669e-11,4.19058194111361e-10,-2.48047372798886e-12,-4.35184206380473e-11,1.39055810238995e-10,2.68635328508125e-10,4.06906632093804e-10,-2.47139434848831e-11,-1.04400151100352e-11,-4.95991487239968e-11,-1.54087149040043e-10,2.49105485886869e-10,6.04177203919558e-10,-1.7036824156476e-10,-1.31426683706649e-10,1.60867452461969e-10,2.22451014269611e-10,-8.23312050773085e-12,5.4018638950841e-11,-9.01573516412528e-11,-2.9488758851386e-10,6.77878392632359e-11,1.05008142425309e-10,3.15551736504073e-10,-1.2950314962154e-10,3.22988289340975e-10,-7.04855917962611e-11,2.08467965069591e-10,1.75790622743147e-10,-6.90978976351937e-11,-6.89093418678097e-11,-5.06675414393527e-11,3.14705950270977e-10,-1.03307724683539e-10,-2.2839075765367e-10,-4.33313785880914e-13,-2.54847758058881e-10,3.87261416302639e-10,-6.89175217775047e-11,-1.83372041883673e-10,8.54649414763206e-11,1.10591430849462e-10,-4.92218853389273e-10,1.72687490517139e-10,2.75949700163261e-10,-5.96102684808718e-11,-8.36032382537663e-11,-1.24885648615356e-10,2.02249358795626e-10,3.20451805765675e-10,-1.58309338625794e-11,-3.24568458151364e-10,-7.19778080647511e-11,-2.70500456745651e-10,-2.85227680610096e-10,3.54839353078733e-10,1.80441058432302e-10,-2.56210958976473e-10,1.06622288326518e-10,-4.18564141770157e-10,-3.30090698464476e-10,-6.91908947304006e-11,3.12146974963691e-10,-3.42850522044323e-10,-1.0977959849617e-10,-3.51471948555959e-10,-1.79497643170594e-10,-4.84219395945194e-11,-2.17886190547608e-10,3.28014292653223e-10,-2.13029529722437e-11,7.01188565593732e-12,2.9280037021784e-10,-6.56220523256542e-11,7.02196704938925e-11,-3.13143610259629e-10,2.46402278722983e-10,-4.74356265001585e-10,3.59272916468175e-10,5.63132089288719e-11,-3.59156245813889e-10,4.00631163173965e-10,-4.25083086691394e-12,-4.2835295940705e-10,-3.8249223747116e-10,9.24558941863565e-11,-2.90904231742291e-10,-4.07447569898177e-10,2.67723113890474e-11,-1.30749992509426e-10,5.3658640099189e-10,-1.97924510306475e-10,-1.84962647216005e-10,-3.56062629404101e-11,1.08772218396246e-10,-8.92767515112837e-11,-2.38833659536615e-10,1.07780725207039e-10,-1.19993014330908e-10,1.76083123589319e-10,6.22111117587264e-11,3.87943671139776e-10,-1.17909858060306e-10,1.81940263328342e-10,-2.19064044334787e-11,-5.38395644059431e-10,-4.38521360274059e-10,1.94632205260816e-10,9.67104365191699e-11,-4.76687635187856e-11,-7.43640918249579e-11,5.69347754492877e-10,-4.37120661351508e-10,3.547090118363e-10,1.17629771416126e-10,3.47803801446753e-11,-2.95143390068578e-10,3.71989281946725e-10,-3.0918524209281e-10,1.19982009515823e-10,9.62551822515469e-11,-7.41764154294907e-11,-9.24264941094794e-11,1.29398207598662e-10,-1.37414802683026e-10,-1.3799962401073e-10,2.92154556700346e-10,-4.00666137200191e-10,8.88738927581268e-12,2.99699879001191e-11,6.23420138651608e-11,-1.78817440744608e-10,-1.09803212793608e-11,-1.39687332502994e-10,-1.28444443431938e-10,-1.72078658867546e-10,2.44224724259941e-10,3.24892303010072e-10,-2.5837940169629e-10,6.23536495961904e-11,-1.55420019831951e-10,-6.37151343361084e-11,-1.97398895271427e-10,-1.30261134458578e-10,-1.99203961817086e-10,-5.83693202847006e-10,-1.24619370489613e-10,-6.54124915839989e-10,3.53552877384476e-10,5.55132952158641e-11,5.89791893077383e-10,-9.06079152929507e-11,-9.44344533500341e-11,-1.95187734269638e-10,5.01730608253261e-10,8.80436389676498e-11,3.73817277900247e-10,-2.2570835340792e-10,1.97627368679846e-10,1.97490119574651e-10,1.09729281620055e-10,5.72107731990076e-11,-7.56027694310139e-11,-3.07171106774852e-10,-3.68372737237944e-10,4.90465591479394e-11,-1.59609906550144e-10,-7.44170686583157e-11,-4.97991947910862e-11,-4.22962850515387e-10,4.42706026739621e-10,1.34804924484592e-10,1.43949115918689e-10,3.30896747835661e-10,3.32839252859206e-10,-7.02983168196691e-11,-1.03930586181848e-10,3.2989253014861e-10,-1.10823232850573e-10,-3.67150294786127e-11,-6.99967552586286e-11,-2.2756344794629e-10,2.43363083604032e-10,1.11451404568826e-10,-2.48859901988055e-11,2.70328863489839e-10,4.12453122037476e-10,-7.15821856397118e-11,8.58934171471758e-11,3.08984664840384e-10,2.72834891050811e-10,-2.18041139173736e-10,4.19499310925601e-11,-1.54076243126743e-10,4.09368189912306e-11,1.34229263110309e-10,3.94597706031147e-10,1.79334279610547e-10,-1.65453714268909e-10,3.94323860170665e-10,1.48573834036479e-10,1.80301698775223e-10,-1.5558055176563e-10,-8.61805276219806e-11,-3.97910030524399e-12,1.89832570503192e-10,-5.5623089501176e-11,-3.31188511356228e-10,2.5187481267209e-10,1.83184754086087e-11,-3.86183841217234e-10,1.61130521080806e-10,-5.08359564531244e-11,1.98284450439766e-10,-2.10445375642206e-10,1.55026079155084e-10,-4.09075264265095e-10,-2.66968987817795e-10,4.95708580327006e-10,-3.19586293729364e-10,-2.20920634382895e-10,1.01664137649207e-10,4.70722071364641e-11,-4.00616687453096e-10,-1.02969458987163e-10,6.00309456746936e-10,-1.80985716863108e-10,3.22124940698574e-10,-2.3516624115165e-10,3.96892750912919e-10,4.77951410638038e-10,-2.04425170243583e-10,-2.60539510824303e-10,5.91136118585919e-11,-7.50029871616821e-11,-1.2060055238512e-10,-4.32182509944608e-10,-1.10705670296293e-10,-4.60485914792477e-10,1.01755645755716e-10,-2.57814354902342e-10,3.83237697588012e-11,-3.02091198306299e-10,1.8534151715507e-10,3.95558955768181e-12,1.48010051777002e-10,-3.28030457683129e-10,2.67013467253805e-10,-1.24766291618559e-10,8.97542634018025e-11,-3.06184262428455e-10,3.16837299679359e-10,-2.44245088066719e-10,2.57454191748996e-10,6.55368726654231e-11,-2.9868065464444e-11,3.31327503440377e-10,-7.74003266506555e-11,3.25110585820704e-11,-1.82747530018117e-11,6.83750114363603e-11,-2.06850348319843e-11,7.21611622871642e-11,2.01814648686943e-10,1.80889375159259e-10,4.53511059171578e-10,-6.56217945615847e-11,4.09947204990969e-10,-2.69525201702951e-10,-1.14642139266959e-10,2.7963196439377e-10,-1.00358553942824e-10,-3.09509856515846e-10,-1.40771693557143e-10,2.37418191379021e-10,-1.37818395809216e-10,1.96287521805261e-10,-9.62122093897764e-11,-5.21710231808823e-10,4.50212709604642e-11,1.35380074814767e-10,2.25309282074212e-11,-3.40684718102568e-10,-2.65049625773755e-10,-2.0037975700895e-10,3.32603513761032e-10,1.3650778673744e-10,1.50890881288484e-10,1.10683867897585e-11,-2.9766591581496e-10,-8.27606642885246e-11,3.12869804660585e-11,2.31116725931738e-10,-4.70162051739319e-10,3.08248095074276e-10,-2.15857344996566e-10,-5.56525365464246e-11,2.42260474616011e-10,-6.7931530268651e-11,2.50041493905824e-10,1.44668372861821e-10,-3.15230124131513e-11,2.28904270787758e-10,-1.26355159906946e-11,2.89356250105397e-10,1.70543601142443e-10,2.18015424136658e-10,-1.30855522122574e-10,-9.8163217462644e-11,-2.36143462926944e-10,4.78204850098967e-10,-7.80687091179247e-10,-2.14021213254901e-10,-3.80585533843473e-10,-9.81064871283638e-11,9.23613465328883e-13,2.83202123175178e-10,-2.69412755574968e-10,6.57785843956721e-12,3.99192644676925e-10,-2.79355606576218e-10,-1.22003169457262e-10,2.95868597442625e-10,-2.5335951775963e-11,-1.68815570791682e-10,1.31196028483035e-10,1.18069425574499e-10,2.74260788036904e-10,-3.45972198577861e-10,1.43153486538603e-10,-3.71862201914127e-10,-2.43356466931475e-10,1.51293916363483e-11,-8.88569174174967e-11,8.1246081843951e-12,2.50644610717374e-10,3.47120806069302e-10,3.46491574214326e-10,1.18481652966865e-12,1.11661109462956e-10,-1.62386714625753e-10,4.34052930199805e-11,1.57892653450705e-11,-4.1091909680393e-13,1.16332536158227e-10,-9.13216072421928e-11,-5.71822288681707e-10,-2.60708554677522e-10,8.7762244310147e-12,-4.89469157356197e-10,1.67735746871157e-10,2.47223284014855e-10,-2.08422046862525e-10,-2.51647005903161e-10,1.34758599849563e-10,2.39571998627157e-10,3.81576574808717e-10,5.37015025144782e-10,4.29769367154448e-11,-2.63083930768034e-10,-1.05307086552522e-10,3.75699312101624e-11,3.50526486846092e-10,1.90119211055554e-11,5.42372878700897e-10,-1.02869356731498e-10,2.99120666230291e-10,-5.72127519706993e-11,1.89467943233486e-10,1.51362628695994e-10,2.07014127063671e-10,7.06015270160779e-11,-4.32753475363666e-10,3.66933233388683e-10,-1.19174873940659e-10,-4.05233998497284e-10,6.91808333815363e-11,-1.24672610164655e-10,-7.58330994861311e-11,-1.16988527170931e-10,2.65318998188635e-10,-6.41019138755052e-11,-4.49985508081481e-10,1.64785650799236e-10,-2.07810383604952e-11,-5.28172663280578e-10,5.41149550375063e-11,1.08892720763873e-10,4.9764478918368e-10,-9.53943242430087e-11,1.17556465366027e-11,-2.53316844235979e-10,3.68177553957396e-10,7.55308780320334e-11,-5.73558998397526e-10,4.46728147474723e-11,1.0055759236752e-10,-1.97446396382757e-10,1.9203816318756e-10,-1.25602802298931e-10,-1.58026047994246e-10,4.73730820226196e-10,-7.19173216760865e-11,-3.86188034312168e-10,2.67613396523558e-10,1.28653685788055e-10,1.13190939379795e-10,-2.79145792588174e-10,-3.07674030962788e-11,1.90802473397227e-11,-1.47796280568769e-11,4.35436089838694e-12,-3.98269436532241e-10,9.67834358632282e-11,-1.19528104433172e-10,-4.23050306993086e-13,6.84825928764138e-11,1.40751505475319e-10,2.62800818272979e-10,-1.46372650742316e-10,-1.0633303142881e-10,1.37004897694447e-10,-2.83174390614405e-10,-1.92177437966468e-10,2.58657916272729e-10,-2.48919743038136e-10,1.0485331436889e-10,1.72017261624298e-10,-1.98273027640404e-10,6.55070532784068e-11,-1.71343693379827e-10,-7.41470737999513e-11,-1.76466275644072e-10,1.34837906154126e-10,-6.14196844431844e-11,-1.39889231610539e-11,9.94156764905389e-11,2.08286804384849e-10,2.43925909503104e-10,-7.32804911568112e-13,2.82486314921746e-11,4.4432930472924e-10,-1.82650126481239e-11,2.4151981853092e-10,-1.84071032900556e-12,7.22372427678531e-12,3.07698368155397e-10,-2.96595499817199e-10,-1.19038315007992e-10,-2.07142959744086e-10,5.50436596375925e-11,-2.1539924380249e-10,1.12014800837601e-11,2.60129799636241e-11,5.50814424528747e-11,2.62867644681435e-10,2.74323873861111e-11,7.09332484456286e-11,-9.49116768679179e-11,1.49753441496078e-10,-3.07773289166138e-10,-2.2523262875242e-10,-8.92666859929087e-11,-1.55466298229657e-10,1.45862979523237e-11,9.36635692167836e-11,2.13159202891334e-10,-1.70734193269787e-10,3.51477241274927e-10,1.58800082657905e-10,1.69848224409095e-10,-1.25105733904206e-10,3.59409614425096e-10,-4.02818040111264e-10,-4.10837274964129e-10,7.55638250639832e-11,2.47329356329766e-10,-9.80546737073896e-11,1.07360906482523e-10,2.62838365430328e-10,-2.04065765206994e-10,1.28992235851932e-10,-1.38849637856538e-10,2.39478845551258e-10,-2.06765962096876e-10,-2.26758754903723e-11,-1.36018509859736e-10,9.45492051369418e-11,1.76659118988197e-10,3.3793251803575e-10,-1.4007904008855e-10,-2.99331527522986e-10,1.81931814881564e-10,5.29357991350928e-10,5.53434772817597e-11,-5.95670852386716e-11,-2.68076042177361e-10,-2.31262337458534e-10,-4.5103957339128e-10,-7.05373427497585e-10,-3.48690540492275e-10,-9.49000771052896e-11,6.65135445023363e-10,-8.84357064800453e-11,-1.76011725160354e-10,8.04700310810894e-11,1.93150765697281e-10,1.31712444940269e-10,-1.04538830015458e-10,-9.66146172834689e-11,6.75727773967115e-11,7.04547064786239e-11,-1.19861573953233e-10,3.40898335447899e-10,9.10233123989788e-11,-1.87424180650298e-11,-9.17417064223801e-11,-2.10615908117549e-12,7.11447784937466e-10,1.15973362000316e-10,-1.90080917682026e-11,-2.50870634015505e-10,3.96462691185198e-10,3.84235087844498e-10,-3.29601685816086e-10,1.29953752280793e-10,-7.4240768046874e-11,1.44874588918446e-10,3.71618264242645e-10,-9.57374886090787e-11,-6.33450174455224e-11,4.3485972920411e-10,-4.38907852383757e-10,2.08041414487003e-10,2.45337932041179e-10,-6.77683620250534e-11,2.19630229938745e-10,1.02031711653782e-10,3.47883871722777e-10,2.60936517832793e-10,1.14029981303759e-10,-1.53145737561385e-10,-9.45301344999669e-11,-7.34017658807065e-12,-2.17813883136236e-10,7.03665385903706e-12,-5.73392299721073e-10,-2.30566942964951e-10,-1.83260510122509e-10,2.92496980030851e-10,2.10476579141053e-10,1.50127998222275e-10,-1.87968189727589e-10,5.43198961511067e-12,-1.46340065574017e-10,-8.73683457961641e-12,-1.61790759896148e-10,-1.36842753603491e-10,-2.44761495985273e-10,1.50858676262744e-10,2.03663252556448e-10,6.71904445384937e-10,7.19927301183991e-11,2.02643161857127e-10,-1.49049751503013e-10,-1.45908507278455e-10,-1.12894660382027e-10,-1.95540649299324e-10,-3.82402704993763e-10,6.36384045762877e-11,-3.34432581349365e-11,2.98591641355682e-11,-1.34264279447236e-10,-4.54318326910976e-11,1.39198620110037e-11,-3.95983800039275e-10,-2.1567616214768e-10,1.81493597874815e-10,-4.27325019927516e-10,4.03568965350572e-10,2.96592740187674e-10,-7.12883179886052e-11,-2.19004378658742e-11,6.1939603824617e-10,3.47220580130725e-11,2.09157865723505e-10,-9.09647103608075e-11,-4.35859297522134e-10,2.80692254202228e-11,-4.7308083825627e-10,5.0945003887421e-11,3.16108352735698e-10,-9.31556030272772e-11,-2.14231191583155e-10,1.15992850220874e-11,6.51400746755089e-12,3.02781355069375e-11,-2.92904974959187e-10,-1.72261852553046e-10,5.04983698079451e-10,-6.245448702273e-10,2.99390482973968e-10,-1.77748134592708e-10,-3.59183792037002e-10,-1.43606411165599e-10,2.22018959421203e-10,1.22157715287689e-10,6.7271063363495e-11,-7.94544535783124e-11,1.84294032959021e-10,4.63256349909363e-10,1.19454401242177e-11,2.70595947572527e-10,-1.12220585366916e-10,-1.19012124879098e-10,-1.76875102317634e-10,2.19303225269633e-10,-4.35798084959721e-12,-1.54056408166769e-10,-2.00233941579158e-10,4.6422077206569e-10,2.01950876332079e-10,6.51471293231717e-11,2.75140136947815e-11,2.7260474749931e-10,1.71263486373011e-10,2.97387361899693e-10,5.00608464318103e-11,6.08689849315814e-10,1.92699137139655e-10,2.52145008499374e-11,1.08452327758982e-10,4.06536351785043e-10,1.03937316367469e-10,-1.16452079069314e-10,1.52578028477789e-10,-3.48348837444974e-10,1.28489460197334e-10,-2.17510380844767e-10,9.2667703868697e-11,3.30957168240107e-10,9.70989956478032e-11,1.51413336561912e-10,-1.44934291221559e-10,-1.62408879009127e-10,-5.18767627989788e-10,-4.40424208427388e-11,4.13109210889652e-10,4.04939595630516e-10,-1.08885994962488e-10,1.22366416734156e-10,1.2380303463032e-10,9.43508924304679e-11,2.10248594999529e-10,6.67054731788512e-12,-3.03161426441168e-10,-1.17391368259889e-10,2.4206457608341e-11,-6.16790665235789e-11,4.99935837120425e-13,3.2178101288012e-10,-1.79430246508153e-10,-4.04382503809694e-11,1.56288987653546e-10,2.18126461720445e-10,1.65957429176726e-11,-2.2886248031362e-10,1.30662579609092e-10,1.90187782142887e-10,2.19731993186164e-10,4.10123036864651e-10,9.28454206960112e-11,-5.59445943381814e-12,-7.15885506619338e-11,-1.76233037114225e-10,-2.96341855027697e-10,3.85735863529026e-11,1.74879118545961e-10,-2.69268109626717e-10,-3.49178016356894e-10,-4.91401262354964e-11,1.59300201149631e-10,6.95888078695696e-11,-2.5765419781756e-10,-1.41131274736669e-11,9.80727678576178e-11,2.62197366051212e-12,1.6855307667613e-10,-3.52581540825668e-11,2.06588223750371e-10,8.64491786127471e-11,3.58568317696442e-10,-2.32581742002293e-11,-1.96087762872296e-10,-1.77982873306168e-10,2.78025158095253e-10,-1.47424209522669e-10,-5.65864792887756e-11,-6.1931972771795e-11,-2.75825616391689e-10,-4.18635052442327e-10,-7.14065774071988e-11,-1.75785299830115e-10,3.63076115170124e-10,8.77700887583621e-11,4.97336880817298e-11,4.51383533689526e-10,7.884143258088e-11,-6.00127957243938e-11,-4.78108067800827e-10,-3.96969839623285e-11,-2.3951955302659e-10,3.28890713099242e-10,-7.17978772155684e-11,-5.8552391802446e-10,4.3282629650603e-10,-2.207358808608e-10,1.02749522103039e-10,-4.08642825809958e-10,8.94926311279766e-11,6.06889316764249e-12,-6.5783638277398e-11,-3.28238939311812e-10,-9.52709882296048e-11,-5.6627952373772e-10,-2.87491987189174e-10,-1.10887558353358e-10,1.0802444890149e-10,1.64108131967624e-10,5.22565915436292e-10,1.70838928279047e-10,1.80646530780742e-10,3.36205120768444e-10,-4.29052416279218e-11,5.93047526756364e-11,1.68429962583726e-10,-6.03436992751373e-10,-1.72454965894815e-10,2.37675548596947e-10,-1.44071328477781e-10,1.76851810148141e-10,1.60450062699156e-10,-4.57814760934285e-10,1.2946926329048e-10,1.04219408223461e-10,2.03390247101006e-10,1.78663129650152e-10,-1.50325436632332e-10,3.97502995705215e-11,7.07536768180615e-11,6.04849993803117e-10,9.54308694651506e-11,-3.01221798964053e-10,1.95018672838492e-10,9.58289812492148e-11,-1.2445081567147e-10,-3.68301711226857e-10,-6.94512482802777e-11,-1.43907231470201e-10,1.57828932533965e-10,2.21288026758864e-10,-4.36208424005576e-10,2.02764901192303e-10,-2.97074240388472e-10,1.16594181949264e-10,3.95867725479822e-11,-2.32399257217704e-10,-1.04586589930775e-10,1.33631080589167e-11,-3.9615760617709e-10,-3.40713201151544e-10,-1.25830219865821e-10,-2.0993633402009e-10,-2.05889608709539e-10,7.75064251595771e-11,-3.25100286029172e-10,-3.15053904435638e-10,3.26879334971784e-10,1.49647707163724e-11,8.9031391134268e-11,-3.20399537351612e-10,-2.05972217429002e-10,3.0873512439382e-10,-1.40523464832148e-10,-2.64987650369817e-10,-2.55296488721315e-10,-1.45835139376834e-10,5.53274816745863e-10,6.79063427202355e-10,-1.79695583071174e-10,-3.66346458741265e-10,-3.91486659749185e-10,1.82948761558343e-10,-2.8738968673647e-10,-1.4783700555755e-10,-1.23201793106783e-10,-1.52498101583132e-10,3.02937767008513e-10,2.60213869045847e-10,1.77925436994006e-10,-6.20508421703092e-11,4.04139700299398e-10,2.0211451796298e-10,-5.80004418115168e-10,4.19772468109651e-11,-1.54304544502761e-10,2.4876207652012e-10,-8.71145248753677e-11,1.61947150385174e-10,4.35797273621942e-10,-1.62596980826572e-10,8.86288453084118e-11,3.21448683164595e-10,-2.69782910500015e-10,-2.11666080975093e-10,1.70554068495832e-10,2.84432911696833e-10,-1.72321492826166e-11,-3.12452834377073e-10,-4.03346831997351e-10,5.05722216124457e-10,1.65109338403379e-11,-1.92976368192355e-10,1.35998314487202e-10,3.99163460355376e-10,2.65617493593632e-10,-1.93971020951206e-10,6.55508074775335e-11,1.48361399138744e-10,-5.50220128455249e-11,-1.83730414000973e-10,-3.27575920228766e-10,-2.64220585345857e-10,2.06550598207443e-10,-2.29297037228588e-11,1.45081540100989e-10,-9.36982226465001e-11,1.06917834714801e-10,-3.05033966072103e-10,-2.33400795154251e-11,-1.59745734897852e-10,-2.59154019861143e-10,-5.53030690764111e-11,5.41534409753344e-11,-1.89726289904072e-10,-6.18502524924027e-10,-2.04660863495604e-10,1.68455087252915e-10,-3.822615376147e-11,-2.99725997301781e-10,-7.65512729948528e-10,1.41460319922812e-10,-6.73612319702558e-11,1.31688940175506e-10,2.49469023132221e-10,1.41332149732881e-10,-5.75326517938661e-10,-3.14119918517362e-10,1.72744277613471e-10,2.04822927097904e-10,-1.44599862122393e-10,-1.36844746340295e-11,6.7803688740994e-10,5.50175184830071e-10,-8.21662306346868e-11,-3.71139386714675e-12,-2.88233963514167e-11,4.00753722013499e-11,1.87531485177097e-10,2.95078600728939e-10,-5.69340567531668e-11,-1.91275119187e-10,-3.06365447516524e-12,1.47924278419958e-10,1.57719045307871e-11,9.65469292603292e-11,2.29851673283463e-10,-4.29979160160279e-11,-3.96029555106743e-10,-1.59032821014041e-10,-9.75034736751201e-11,-2.02457078154404e-10,-2.07216740030508e-10,-6.10749261851951e-11,4.76516501838802e-10,4.73576251208213e-11,3.28406255623701e-10,-9.20604509144663e-11,1.38717891474744e-10,-2.0647578326486e-10,-2.30246438065625e-11,3.13242811831437e-11,-5.33188087603097e-11,-4.87619511449821e-10,-4.57296153487508e-10,1.54178523983218e-10,-1.54762915230985e-11,-9.04607270377881e-11,-8.69765475319351e-11,-2.56748420281396e-10,3.3308339911424e-10,-5.16095694463532e-11,-4.80628660358144e-10,1.08717496264657e-10,8.79568372463603e-11,1.02054564704992e-10,1.74535933340395e-11,-8.34153217417709e-11,2.07542970803548e-10,-3.52292632365687e-10,-1.47162714523154e-11,-2.59438573589073e-10,-2.72202291701971e-11,-2.29510905365463e-11,-2.78088153121313e-10,-1.80006415494777e-10,1.67473547853398e-10,-1.56053056823746e-10,2.81212499343305e-10,-3.11095857574561e-10,1.44498804453294e-10,-1.48002120049378e-10,-4.79937438190711e-10,-1.76674589422658e-10,-2.97753748420843e-11,-3.81375918175924e-11,3.71807664288636e-10,2.32720539180568e-10,-5.105895433905e-10,2.98429072435336e-10,-2.47892230302684e-10,-1.35631908075247e-11,-2.58815710786481e-10,-5.43848996001379e-10,-1.68686804333979e-10,-2.20385728877898e-11,4.84952509567204e-10,-2.09538673842361e-10,1.9305758028725e-11,-3.0696508199961e-10,3.23629640244879e-10,-1.45080192500967e-10,-1.97289298009365e-10,3.2930983840186e-10,1.13041785919281e-10,-9.53054896684714e-11,9.97598711587786e-11,-9.40160656139961e-11,-9.38546542804595e-11,-4.36828684350282e-10,-8.49567669337601e-11,-2.09785240804078e-10,-1.44044270761147e-10,-1.67887480032879e-10,2.69457532400783e-10,8.79655828791094e-11,-5.39933315549112e-11,-4.19365933474702e-11,-2.52503294534043e-10,1.73769322310049e-10,-2.54148356068316e-10,2.98715157396029e-10,5.64240851995956e-11,1.48309821771667e-10,-9.10756651417195e-11,-3.47779853843712e-10,1.22383546011019e-10,1.26024557864782e-10,-1.69157899424155e-10,1.10209990151614e-10,2.9303195740846e-10,4.08016122914284e-10,-1.99528411220888e-10,-1.33304586923762e-10,5.07758340982455e-10,5.51580631535591e-11,-5.36494214934034e-10,3.2115574494462e-11,-2.24653240248933e-10,5.1405205030117e-10,-7.96332207126607e-10,-6.79664788381712e-10,1.71091438678528e-10,-7.67473886846488e-12,-5.09428944929931e-11,-3.83298754393165e-11,-5.38444700096995e-10,-6.13384968349408e-11,3.78749993497032e-10,-4.64245758074776e-11,-1.43679489572052e-10,-1.30761356486079e-10,2.87920168377359e-10,-6.04684984658642e-11,1.32291766081974e-10,-2.36877383267042e-10,1.22401944185036e-10,-1.30449741510425e-10,-8.02252119984643e-11,-7.49779198283679e-11,-3.13908158106907e-11,-1.42165131122676e-10,-1.00885644403986e-10,-2.61185721350836e-10,-1.57158430985634e-10,4.89927289541517e-11,7.76338210972696e-11,2.00516415540098e-10,-3.89587522064405e-10,5.55896855058055e-10,2.22419399321958e-10,1.58884706711035e-10,-1.16555273035718e-10,1.3931193959405e-10,-2.88963790377624e-10,-3.92378242935208e-10,1.75097907629731e-10,1.99840092793914e-10,4.68700681283759e-11,-1.32043135099684e-10,8.05736849311198e-11,1.69137758579814e-10,-2.62891490533375e-10,4.49859899313082e-10,-3.56437679148001e-12,-6.27625705090862e-11,5.82744740371257e-10,-4.27943858483641e-10,4.21656513664759e-11,-4.93768801269156e-11,4.20548049698213e-10,4.64884362152061e-10,4.31832230952084e-10,-8.95102910203133e-11,-4.06240016895917e-10,3.02831316079978e-11,-7.85976865942317e-11,-2.78772172601199e-10,-2.1546086599343e-10,2.18359764706859e-10,-4.99016076363145e-10,-3.89358491922884e-10,3.51598724024839e-10,1.29616022099776e-10,1.02536858660205e-10,3.92846139302296e-12,-1.05669079639252e-10,-2.85590601930132e-10,2.97645997843628e-10,2.78942981537546e-10,6.91130510017361e-11,3.51460663565171e-10,2.51124369305886e-10,-4.86585590433771e-10,-1.24129455153626e-10,1.2954052911146e-10,2.75604935538481e-11,-1.41401711006462e-10,-7.67275516530011e-11,2.50116471141109e-10,-2.59185577117299e-10,2.18857142793416e-10,-6.49180655678932e-11,-1.62733625202925e-10,1.06529232895411e-10,-4.66395707162825e-10,1.80502232349169e-10,-4.72934939491869e-10,8.00748272386048e-11,-3.80865154981217e-10,-2.48724620042912e-10,1.55481474883437e-10,-3.32027345597093e-10,-3.1267675673724e-10,3.76602721691504e-10,-8.93275397023369e-10,-1.3060011525703e-11,4.18266790775214e-11,-3.22799211474269e-11,1.26155083315494e-10,3.99141498422777e-10,-1.31119528748074e-10,-5.43961307057194e-11,1.38279527583433e-10,1.6127848892881e-10,-2.14921783640114e-10,8.54358919372507e-11,2.33354197655999e-10,-1.26688019597004e-10,-1.22550005285895e-10,-2.72111449750019e-11,-1.92933633562202e-12,7.10409406361524e-11,3.1554861305892e-10,-1.52535000398972e-12,3.46002858029699e-11,3.13151886992174e-10,5.4273628734712e-11,7.08724277424887e-11,-1.91705177991288e-10,2.67864712628186e-10,-8.56235710285687e-11,-1.58274011959708e-10,-2.03851581733581e-11,1.53205122518001e-10,2.40019732097306e-10,-3.40689541351404e-10,3.98282268046932e-10,2.52085793746556e-10,-7.21321873468092e-11,-3.47601045352436e-10,-1.01995092290102e-10,2.74506368605659e-10,2.2453430001302e-10,-9.93458815197717e-11,-1.07871232735865e-10,2.27110220513421e-10,-2.55884943171845e-10,1.51727689072154e-10,-4.85012230222237e-11,9.04263208541163e-11,-4.28691534452507e-11,-3.43250092563235e-11,-7.95913482573437e-13,-3.06636094085528e-10,-6.46541237965903e-11,2.53661662070699e-10,-6.72593919837788e-11,6.62458438735816e-11,3.41966102593283e-10,1.2084210539575e-10,1.68683599954834e-10,-1.13849347674075e-10,-9.81926780624676e-11,-2.60158465517128e-11,-1.54270090474579e-10,3.13170830052923e-10,-4.37708995393756e-11,-2.23656994283156e-10,-3.82827307530322e-11,2.17712364337876e-10,2.00405095828624e-10,-1.52903418383154e-10,-7.53374705351633e-11,-2.46407546793498e-10,5.03528694820127e-11,-2.60904945161212e-10,-1.55384419017723e-10,6.14532431057485e-11,-2.44898783365694e-10,2.61333175985533e-10,-9.37975931307639e-12,3.6808442315595e-10,-2.81152085186313e-11,1.09480783497771e-11,3.33716920119701e-10,-2.08927570117294e-10,-7.96062219322376e-10,2.86106067717759e-10,-2.27247039791791e-11,2.95939763207376e-10,3.4674313876876e-10,1.44405754170533e-10,-3.54824196026912e-10,3.09531481909982e-10,6.02919708538414e-10,-2.22184097959748e-10,-2.29053127823901e-10,-2.98785365961149e-10,-8.1434108575248e-11,3.74424054939544e-10,7.04920727760507e-11,-2.50361052555529e-10,7.35444021369319e-11,-3.79830470930245e-10,3.41092798735759e-10,-2.48039265788487e-10,-7.30232943341824e-11,3.68016714174395e-10,-6.73143062794078e-11,1.69176883360456e-10,-7.71409879822188e-11,-5.60349717337405e-11,1.95773680256462e-10,2.52181195836861e-11,-1.63378632366823e-10,-2.36520501995889e-10,-1.75796588604244e-10,-8.55454905929638e-11,-4.87030174651953e-10,-5.90117394895374e-12,-2.50866159080422e-10,-4.91572939874088e-10,-2.65876167639006e-10,1.6591231168335e-10,2.18640784750478e-10,9.23447192118095e-11,9.2359316457109e-11,-1.6837053577197e-10,-3.58750470573029e-10,1.20779524722821e-10,6.34844589942056e-10,-2.78310651198328e-10,-2.96045608423923e-10,-2.80402237282667e-10,2.10196071948564e-11,-2.04410109007092e-10,2.20407228363634e-10,2.17124484492856e-11,-3.18510051913862e-10,-1.03944674912591e-11,1.75726010462063e-10,-2.31119266395058e-10,1.54704574410039e-10,-8.35958868310951e-11,6.74376747706313e-11,1.32162679897546e-10,3.25056375780881e-11,1.29504054011629e-10,1.7068396210712e-10,-6.46724831987725e-10,9.34004861409277e-11,-3.08634725069436e-10,-2.57887603996414e-11,-2.59578708923967e-10,4.40896815940294e-10,1.44850874370972e-10,2.21723809389637e-10,-1.51150418292998e-11,1.83462900890645e-10,7.59032822372511e-10,-5.17289501928452e-10,1.31136062560639e-11,2.37475009598096e-10,-2.86413373982875e-10,1.44882177692121e-10,-2.15399841506176e-10,1.37886493950145e-11,-4.85865292740839e-10,-1.93273611073249e-11,1.19948617017186e-10,4.96515790287455e-11,-2.72100006081997e-10,-1.58657375819136e-11,-1.5490717822058e-10,-3.42790980188201e-10,2.21675911736581e-10,-1.858740128397e-10,1.28820282575246e-10,2.25187147551134e-10,-9.80730996854991e-11,4.25307122991527e-10,3.79066307112328e-11,-6.23187670205197e-10,-1.08227771087407e-10,2.98172089038423e-10,1.54004724040974e-11,-2.06802368359591e-10,1.08523081597921e-10,-2.94390202242256e-10,5.62171845357439e-10,-4.10845588114274e-10,3.30200015672966e-10,1.27017394335859e-10,9.04709488100197e-11,-2.61577268212926e-10,2.66331928298058e-10,-2.46828599600939e-10,-2.64476561704986e-10,9.1061017028354e-11,-2.24190841156475e-10,8.78030315864639e-12,-8.3405791026433e-11,-3.20337396035826e-10,-4.62284396603366e-10,7.68640530296162e-11,1.65901458870325e-10,-1.84281808034032e-11,1.54993478463509e-10,1.3562459835802e-11,1.58050796465253e-10,3.06366170890052e-10,5.56565445761402e-12,2.70754840691258e-11,5.89411624067977e-10,-6.06099688554397e-11,-5.31623871003563e-10,2.99822314169136e-10,9.32605419154636e-11,7.55324043370001e-11,-5.47088699146897e-11,2.58142758720974e-10,3.92265585726938e-10,1.51476178140495e-10,-5.32552969324024e-11,5.94410337902039e-10,4.55321800963061e-10,-6.66712656822487e-11,-2.3190457340433e-11,7.85136846299023e-11,-8.91536626032216e-11,2.06110556557858e-10,1.38706978954936e-10,4.44845100972757e-10,2.66614826470432e-10,-4.90219366856215e-10,4.02695760614644e-11,-1.80302597177479e-10,-2.08371346514081e-10,-1.14407257174009e-10,-1.40069708196465e-10,-2.58817940508607e-10,1.33201074968875e-10,-3.96932180555917e-10,-1.81616592289166e-11,2.8830895140421e-10,1.33816462205964e-10,-1.92710076375357e-11,2.19427733053683e-10,-4.92499889300017e-10,4.11156583413946e-10,-4.5498873465844e-10,-3.40777839733512e-10,5.88203824010987e-10,2.0650491108554e-10,2.0828112375757e-11,-3.04568932666087e-10,2.31802068371385e-10,2.86445275688777e-10,-1.0969977916175e-10,-2.19371782022298e-10,1.88910558227231e-11,5.91252539858514e-11,6.25445383020993e-11,-1.65043895898398e-11,-2.77796000689012e-11,-1.8567336131952e-10,9.51982678848707e-11,-2.75012599956423e-10,1.35181034777083e-10,2.9393171982984e-10,2.53215396821816e-10,-2.39411656464779e-10,3.63864178634981e-10,9.23124497124439e-11,1.28805219180254e-10,2.32297980161766e-10,-4.73812681017743e-11,3.45619644658416e-10,-2.2750085392317e-10,-3.57071350080858e-10,2.39338809518501e-10,-3.04548497628967e-10,-1.08880279978784e-10,2.46303102253071e-10,3.76286392071502e-10,3.56345114017947e-10,-1.99219714722774e-10,4.6198233286539e-10,4.73711151549439e-10,8.27048884039369e-10,1.21555078843259e-09,1.21489145961928e-09,1.01772585083966e-09,1.66302036138982e-09,1.9693890950316e-09,2.36201875344916e-09,2.34377292155412e-09,3.12738669049956e-09,2.69260994201507e-09,3.84856667233703e-09,3.98506066508996e-09,3.82761309050203e-09,4.10262678117489e-09,4.74071199695067e-09,5.82483842174869e-09,5.95952002905159e-09,5.89467669004174e-09,7.16060743076079e-09,8.19138660941709e-09,9.21573065061364e-09,1.02436534720686e-08,1.15293600282582e-08,1.31256739139391e-08,1.52503859015273e-08,1.77024779022417e-08,2.07703840039503e-08,2.56205990775859e-08,3.20950068981114e-08,4.14381833365029e-08
