v,0.25
Patm,100000
g,9.81
r,500
G,10^9.5
rho,2700
mu,10^2.69
rc,14
 
M,10^5.47
sigma,0.25
 
tilt_erupt,48.2252nrad
 
-1467,-1466,-1465,-1464,-1463,-1462,-1461,-1460,-1459,-1458,-1457,-1456,-1455,-1454,-1453,-1452,-1451,-1450,-1449,-1448,-1447,-1446,-1445,-1444,-1443,-1442,-1441,-1440,-1439,-1438,-1437,-1436,-1435,-1434,-1433,-1432,-1431,-1430,-1429,-1428,-1427,-1426,-1425,-1424,-1423,-1422,-1421,-1420,-1419,-1418,-1417,-1416,-1415,-1414,-1413,-1412,-1411,-1410,-1409,-1408,-1407,-1406,-1405,-1404,-1403,-1402,-1401,-1400,-1399,-1398,-1397,-1396,-1395,-1394,-1393,-1392,-1391,-1390,-1389,-1388,-1387,-1386,-1385,-1384,-1383,-1382,-1381,-1380,-1379,-1378,-1377,-1376,-1375,-1374,-1373,-1372,-1371,-1370,-1369,-1368,-1367,-1366,-1365,-1364,-1363,-1362,-1361,-1360,-1359,-1358,-1357,-1356,-1355,-1354,-1353,-1352,-1351,-1350,-1349,-1348,-1347,-1346,-1345,-1344,-1343,-1342,-1341,-1340,-1339,-1338,-1337,-1336,-1335,-1334,-1333,-1332,-1331,-1330,-1329,-1328,-1327,-1326,-1325,-1324,-1323,-1322,-1321,-1320,-1319,-1318,-1317,-1316,-1315,-1314,-1313,-1312,-1311,-1310,-1309,-1308,-1307,-1306,-1305,-1304,-1303,-1302,-1301,-1300,-1299,-1298,-1297,-1296,-1295,-1294,-1293,-1292,-1291,-1290,-1289,-1288,-1287,-1286,-1285,-1284,-1283,-1282,-1281,-1280,-1279,-1278,-1277,-1276,-1275,-1274,-1273,-1272,-1271,-1270,-1269,-1268,-1267,-1266,-1265,-1264,-1263,-1262,-1261,-1260,-1259,-1258,-1257,-1256,-1255,-1254,-1253,-1252,-1251,-1250,-1249,-1248,-1247,-1246,-1245,-1244,-1243,-1242,-1241,-1240,-1239,-1238,-1237,-1236,-1235,-1234,-1233,-1232,-1231,-1230,-1229,-1228,-1227,-1226,-1225,-1224,-1223,-1222,-1221,-1220,-1219,-1218,-1217,-1216,-1215,-1214,-1213,-1212,-1211,-1210,-1209,-1208,-1207,-1206,-1205,-1204,-1203,-1202,-1201,-1200,-1199,-1198,-1197,-1196,-1195,-1194,-1193,-1192,-1191,-1190,-1189,-1188,-1187,-1186,-1185,-1184,-1183,-1182,-1181,-1180,-1179,-1178,-1177,-1176,-1175,-1174,-1173,-1172,-1171,-1170,-1169,-1168,-1167,-1166,-1165,-1164,-1163,-1162,-1161,-1160,-1159,-1158,-1157,-1156,-1155,-1154,-1153,-1152,-1151,-1150,-1149,-1148,-1147,-1146,-1145,-1144,-1143,-1142,-1141,-1140,-1139,-1138,-1137,-1136,-1135,-1134,-1133,-1132,-1131,-1130,-1129,-1128,-1127,-1126,-1125,-1124,-1123,-1122,-1121,-1120,-1119,-1118,-1117,-1116,-1115,-1114,-1113,-1112,-1111,-1110,-1109,-1108,-1107,-1106,-1105,-1104,-1103,-1102,-1101,-1100,-1099,-1098,-1097,-1096,-1095,-1094,-1093,-1092,-1091,-1090,-1089,-1088,-1087,-1086,-1085,-1084,-1083,-1082,-1081,-1080,-1079,-1078,-1077,-1076,-1075,-1074,-1073,-1072,-1071,-1070,-1069,-1068,-1067,-1066,-1065,-1064,-1063,-1062,-1061,-1060,-1059,-1058,-1057,-1056,-1055,-1054,-1053,-1052,-1051,-1050,-1049,-1048,-1047,-1046,-1045,-1044,-1043,-1042,-1041,-1040,-1039,-1038,-1037,-1036,-1035,-1034,-1033,-1032,-1031,-1030,-1029,-1028,-1027,-1026,-1025,-1024,-1023,-1022,-1021,-1020,-1019,-1018,-1017,-1016,-1015,-1014,-1013,-1012,-1011,-1010,-1009,-1008,-1007,-1006,-1005,-1004,-1003,-1002,-1001,-1000,-999,-998,-997,-996,-995,-994,-993,-992,-991,-990,-989,-988,-987,-986,-985,-984,-983,-982,-981,-980,-979,-978,-977,-976,-975,-974,-973,-972,-971,-970,-969,-968,-967,-966,-965,-964,-963,-962,-961,-960,-959,-958,-957,-956,-955,-954,-953,-952,-951,-950,-949,-948,-947,-946,-945,-944,-943,-942,-941,-940,-939,-938,-937,-936,-935,-934,-933,-932,-931,-930,-929,-928,-927,-926,-925,-924,-923,-922,-921,-920,-919,-918,-917,-916,-915,-914,-913,-912,-911,-910,-909,-908,-907,-906,-905,-904,-903,-902,-901,-900,-899,-898,-897,-896,-895,-894,-893,-892,-891,-890,-889,-888,-887,-886,-885,-884,-883,-882,-881,-880,-879,-878,-877,-876,-875,-874,-873,-872,-871,-870,-869,-868,-867,-866,-865,-864,-863,-862,-861,-860,-859,-858,-857,-856,-855,-854,-853,-852,-851,-850,-849,-848,-847,-846,-845,-844,-843,-842,-841,-840,-839,-838,-837,-836,-835,-834,-833,-832,-831,-830,-829,-828,-827,-826,-825,-824,-823,-822,-821,-820,-819,-818,-817,-816,-815,-814,-813,-812,-811,-810,-809,-808,-807,-806,-805,-804,-803,-802,-801,-800,-799,-798,-797,-796,-795,-794,-793,-792,-791,-790,-789,-788,-787,-786,-785,-784,-783,-782,-781,-780,-779,-778,-777,-776,-775,-774,-773,-772,-771,-770,-769,-768,-767,-766,-765,-764,-763,-762,-761,-760,-759,-758,-757,-756,-755,-754,-753,-752,-751,-750,-749,-748,-747,-746,-745,-744,-743,-742,-741,-740,-739,-738,-737,-736,-735,-734,-733,-732,-731,-730,-729,-728,-727,-726,-725,-724,-723,-722,-721,-720,-719,-718,-717,-716,-715,-714,-713,-712,-711,-710,-709,-708,-707,-706,-705,-704,-703,-702,-701,-700,-699,-698,-697,-696,-695,-694,-693,-692,-691,-690,-689,-688,-687,-686,-685,-684,-683,-682,-681,-680,-679,-678,-677,-676,-675,-674,-673,-672,-671,-670,-669,-668,-667,-666,-665,-664,-663,-662,-661,-660,-659,-658,-657,-656,-655,-654,-653,-652,-651,-650,-649,-648,-647,-646,-645,-644,-643,-642,-641,-640,-639,-638,-637,-636,-635,-634,-633,-632,-631,-630,-629,-628,-627,-626,-625,-624,-623,-622,-621,-620,-619,-618,-617,-616,-615,-614,-613,-612,-611,-610,-609,-608,-607,-606,-605,-604,-603,-602,-601,-600,-599,-598,-597,-596,-595,-594,-593,-592,-591,-590,-589,-588,-587,-586,-585,-584,-583,-582,-581,-580,-579,-578,-577,-576,-575,-574,-573,-572,-571,-570,-569,-568,-567,-566,-565,-564,-563,-562,-561,-560,-559,-558,-557,-556,-555,-554,-553,-552,-551,-550,-549,-548,-547,-546,-545,-544,-543,-542,-541,-540,-539,-538,-537,-536,-535,-534,-533,-532,-531,-530,-529,-528,-527,-526,-525,-524,-523,-522,-521,-520,-519,-518,-517,-516,-515,-514,-513,-512,-511,-510,-509,-508,-507,-506,-505,-504,-503,-502,-501,-500,-499,-498,-497,-496,-495,-494,-493,-492,-491,-490,-489,-488,-487,-486,-485,-484,-483,-482,-481,-480,-479,-478,-477,-476,-475,-474,-473,-472,-471,-470,-469,-468,-467,-466,-465,-464,-463,-462,-461,-460,-459,-458,-457,-456,-455,-454,-453,-452,-451,-450,-449,-448,-447,-446,-445,-444,-443,-442,-441,-440,-439,-438,-437,-436,-435,-434,-433,-432,-431,-430,-429,-428,-427,-426,-425,-424,-423,-422,-421,-420,-419,-418,-417,-416,-415,-414,-413,-412,-411,-410,-409,-408,-407,-406,-405,-404,-403,-402,-401,-400,-399,-398,-397,-396,-395,-394,-393,-392,-391,-390,-389,-388,-387,-386,-385,-384,-383,-382,-381,-380,-379,-378,-377,-376,-375,-374,-373,-372,-371,-370,-369,-368,-367,-366,-365,-364,-363,-362,-361,-360,-359,-358,-357,-356,-355,-354,-353,-352,-351,-350,-349,-348,-347,-346,-345,-344,-343,-342,-341,-340,-339,-338,-337,-336,-335,-334,-333,-332,-331,-330,-329,-328,-327,-326,-325,-324,-323,-322,-321,-320,-319,-318,-317,-316,-315,-314,-313,-312,-311,-310,-309,-308,-307,-306,-305,-304,-303,-302,-301,-300,-299,-298,-297,-296,-295,-294,-293,-292,-291,-290,-289,-288,-287,-286,-285,-284,-283,-282,-281,-280,-279,-278,-277,-276,-275,-274,-273,-272,-271,-270,-269,-268,-267,-266,-265,-264,-263,-262,-261,-260,-259,-258,-257,-256,-255,-254,-253,-252,-251,-250,-249,-248,-247,-246,-245,-244,-243,-242,-241,-240,-239,-238,-237,-236,-235,-234,-233,-232,-231,-230,-229,-228,-227,-226,-225,-224,-223,-222,-221,-220,-219,-218,-217,-216,-215,-214,-213,-212,-211,-210,-209,-208,-207,-206,-205,-204,-203,-202,-201,-200,-199,-198,-197,-196,-195,-194,-193,-192,-191,-190,-189,-188,-187,-186,-185,-184,-183,-182,-181,-180,-179,-178,-177,-176,-175,-174,-173,-172,-171,-170,-169,-168,-167,-166,-165,-164,-163,-162,-161,-160,-159,-158,-157,-156,-155,-154,-153,-152,-151,-150,-149,-148,-147,-146,-145,-144,-143,-142,-141,-140,-139,-138,-137,-136,-135,-134,-133,-132,-131,-130,-129,-128,-127,-126,-125,-124,-123,-122,-121,-120,-119,-118,-117,-116,-115,-114,-113,-112,-111,-110,-109,-108,-107,-106,-105,-104,-103,-102,-101,-100,-99,-98,-97,-96,-95,-94,-93,-92,-91,-91,-90,-89,-88,-87,-86,-85,-84,-83,-82,-81,-80,-79,-78,-77,-76,-75,-74,-73,-72,-71,-70,-69,-68,-67,-66,-65,-64,-63,-62,-61,-60,-59,-58,-57,-56,-55,-54,-53,-52,-51,-50,-49,-48,-47,-46,-45,-44,-43,-42,-41,-40,-39,-38,-37,-36,-35,-34,-33,-32,-31,-30,-29,-28,-27,-26,-25,-24,-23,-22,-21,-20,-19,-18,-17,-16,-15,-14,-13,-12,-11,-10,-9,-8,-7,-6,-5,-4,-3,-2,-1,0
7.84171530715185e-11,3.41918181813648e-10,2.96437411272016e-10,-2.36481977965647e-10,4.37811316111711e-11,-1.78772744607435e-10,-8.47460636437654e-11,6.8229588507136e-11,1.54852147532767e-10,1.15139954171789e-10,3.08821525016361e-10,-6.89222523650341e-11,-1.45704069442401e-10,-4.03015082119975e-11,3.34483571982125e-10,1.53588918112391e-10,-2.3346732243245e-11,-4.34653076661593e-11,-7.56441161116099e-11,-5.38658778841084e-11,1.60786305137177e-10,1.16299328484176e-11,-2.10555539807099e-10,1.65226828932825e-10,-1.75782918579763e-10,-3.47964321425755e-11,2.10182334092705e-10,8.99088252030355e-11,3.28632125377948e-11,-3.60796569516683e-11,1.48444840305258e-10,-3.29387096821912e-10,1.81683235516514e-10,-6.50541974515398e-10,4.30264580377918e-10,1.63384075970862e-10,-1.7746951856765e-10,2.74131642792351e-10,-1.65274429428907e-10,3.49903814988177e-10,-1.93192449807254e-10,5.75179231275454e-10,-2.88723186292221e-10,-1.4236604675608e-10,2.01208707188707e-10,-2.15538503641342e-10,-1.35173296457061e-10,1.14662757440057e-10,4.30449651613901e-10,7.83139255984028e-11,1.37904128392022e-10,9.18885067932824e-11,8.76942178227248e-14,-2.12389851563085e-11,1.97959225162558e-10,-5.47976328366266e-11,-1.98918630311375e-10,5.00449044819368e-10,5.43481143825855e-11,2.83890826599011e-10,-1.17613808976828e-10,-2.16191345765212e-10,1.17032749638306e-10,4.54529468351647e-11,-3.73358143654451e-10,-1.0119651337544e-10,2.41575925312406e-10,-5.79218956258611e-11,2.98423194946222e-11,-1.48162842770542e-10,-1.22486407001227e-10,-7.09374730763006e-11,1.33164852924529e-10,-1.06194779062316e-10,1.83383807222782e-10,-4.82105843043905e-11,1.64703310349124e-10,-9.17066592969992e-11,6.23485930852904e-12,-4.70836118837695e-11,1.41750162508987e-10,8.81617572872875e-11,-1.07941466536185e-10,-4.38816600648359e-10,-2.86707559257736e-10,-1.66102239565059e-10,1.07056158425541e-10,2.35264999042928e-10,1.09175310072662e-10,-6.25072609036296e-11,3.49128406170198e-11,2.0639661618209e-11,-3.39620125076117e-10,6.47047682647307e-11,-3.77213719486047e-10,-2.21432602972602e-10,2.53334966762346e-10,-3.14207327500079e-10,-1.73572721002953e-10,-2.49734518284533e-10,4.95159372512109e-10,-5.14529019570583e-10,-2.96404349205572e-10,-3.61390842739757e-10,1.51202324738626e-10,2.32077661305702e-10,4.5594869672565e-10,4.59722995815747e-11,-3.67861406701692e-10,-5.40524327442227e-10,-9.61220816339091e-11,-7.4206797160661e-11,-5.82033850352966e-10,1.33360634280909e-10,-2.81900586710897e-10,-1.13329059831061e-11,1.52475722603208e-10,-1.53097026433095e-11,-1.17751686564909e-10,-5.2140104602571e-12,4.86778586313568e-10,3.12489185688081e-10,-1.31047546303339e-10,-3.29981114524297e-10,7.44728534755492e-12,2.75869313731878e-10,5.86818307832216e-11,9.53548479475293e-12,1.86554248609065e-10,6.42591244459413e-11,-1.86267114919674e-10,2.38635174106614e-10,-9.14494568324696e-11,-4.96088844691209e-11,1.2089319442142e-10,-1.21206361116242e-10,-5.01919399958675e-11,-3.91983183237477e-10,2.98057901614061e-10,1.54698478774207e-10,-5.00003263544422e-10,5.11167773299617e-11,2.64919689699889e-10,3.18103398193245e-10,-1.11403667750595e-10,9.46948288099011e-11,-1.11852558947735e-10,-3.09838548267499e-11,-1.0291937073745e-10,-1.84591074960222e-10,-4.84341039272971e-10,1.73937853224636e-10,-2.78587063475613e-10,1.57355526282019e-10,1.65502357804476e-10,8.24111561962682e-10,3.50002496132315e-10,-2.62289653332551e-10,-2.66124674534852e-10,-2.33081459641617e-10,-2.13928445771792e-11,-3.67311026770856e-10,-2.4082704710668e-10,-1.7986057134178e-10,-3.90455634533295e-11,-1.90708121336444e-10,1.32779803241676e-10,-1.99369647365017e-10,-5.13527821501918e-11,-9.72270181216341e-11,1.88387174640302e-10,-1.33614540235365e-10,-6.73113622057857e-10,6.24168398883353e-11,-6.45091605327299e-11,1.61052397217857e-10,3.95951945384167e-10,-1.67160604353282e-10,-8.82727817572145e-11,-7.67928297275917e-11,7.76468276932396e-11,-1.95430055212104e-10,-2.59484142349573e-11,-2.72986839186685e-10,-2.0437499994101e-10,5.02747641293572e-10,4.18987485460469e-12,-1.64860323165064e-10,-3.75837557769566e-11,-2.59125565891223e-10,2.7429940294016e-11,1.09690321888625e-10,-5.8188057350683e-10,-2.66768008383124e-10,-4.68791262753945e-10,-3.70240662345594e-12,1.4486942020918e-10,-1.73455886167078e-10,3.20933752401874e-10,5.38398773606839e-11,1.89567749273027e-10,2.64412747106204e-10,3.4389702925989e-10,-1.86465200377714e-10,1.49553378971284e-10,-2.18526832760333e-10,-7.25696537651696e-11,-1.62590749411439e-10,-1.91166899205509e-10,-3.96249925067692e-12,-3.98911393103247e-11,1.79047870769328e-10,-3.70019433151198e-11,3.38916233210174e-10,-6.46027429139588e-11,-3.98651227896006e-10,-7.14067618942435e-11,2.27351155821165e-10,-1.07753187497098e-10,2.95138419276966e-10,4.64785904663584e-10,-7.22781028067053e-11,-1.90165246542405e-10,-5.70380054927091e-10,-1.20386800542994e-10,-5.26416030633936e-11,2.41857098518941e-10,3.22214098261438e-10,3.12460041729633e-11,-8.37214098297709e-11,2.59769036080822e-10,-1.06456422575009e-10,1.71186575531281e-10,4.70069811019825e-10,6.69146246345933e-11,-2.16721071814369e-10,7.19825325903132e-10,1.25069661383307e-10,6.18919607290365e-11,-2.58992603199673e-10,-3.64087349326901e-10,5.83579391030259e-10,2.21726226673878e-10,-1.70816854324372e-10,-2.08157159618219e-10,-2.66037072119609e-10,-1.61977301926606e-10,4.35290367593271e-11,-2.80292549422455e-10,-3.23692216505653e-10,-2.19556359031935e-11,3.38259438058633e-11,1.03165252924062e-10,3.40954695846639e-11,-2.40846768411452e-10,2.31430994925134e-10,3.45578384236462e-10,-2.27641147268639e-10,5.80942314691117e-11,-5.60255924571482e-11,9.7497952158742e-11,-1.05261149267932e-10,5.03568284540156e-11,-4.37961499610601e-10,4.31918224337579e-11,-2.77722910203099e-10,2.44548280058917e-10,2.18181830545812e-10,6.71120285111051e-11,-1.91834220008754e-10,-6.3919902260927e-12,-2.47239614732076e-10,2.14769079052633e-10,4.55394740456839e-10,3.92214084216654e-10,1.15023755473011e-10,-1.2246141832908e-10,6.95850760119216e-11,1.36150833766139e-10,-8.07884822904918e-11,3.75390719081132e-10,-1.83910483840768e-10,2.54886129713266e-10,-8.08857313963846e-10,-2.50593099250115e-10,-2.94793825067834e-10,2.76992973755079e-10,-3.41318091853912e-10,4.87096713291278e-10,2.49836828303998e-11,-1.09468600845251e-10,2.40211873144594e-10,4.63124804093322e-11,3.01546044851114e-10,2.61384668236817e-10,-4.81484719772841e-11,-3.85369779355197e-10,-1.36171540914344e-10,1.95202869480559e-10,1.64575191853294e-10,-2.99150955020204e-10,-4.40565513410742e-11,1.91510102722567e-10,2.15209488713327e-10,-3.01191494156702e-10,-6.6726599123538e-10,2.5634636190084e-11,1.5811920044654e-10,4.19352295620276e-10,3.08664843769157e-10,-3.7691123651416e-11,-4.3928226732716e-10,-3.10405754057424e-10,-1.77904405485988e-10,-2.68409898268548e-11,-1.69699896713321e-10,-1.74703991489394e-10,-4.21045463142751e-10,2.65209980612835e-11,2.22732795612384e-10,2.45879622146137e-10,-5.64168775014246e-11,-1.11828584506871e-10,-1.24993201856634e-10,-7.0601073224698e-11,6.91554556264381e-11,5.59898891503491e-11,-1.13917267317831e-10,-1.21405419693269e-10,-3.2983452509827e-10,-9.87142003249042e-11,3.52047908613077e-11,-1.90083602649219e-11,-2.89953161655158e-10,-9.76114806942184e-11,-1.00194892618538e-10,-1.55537413290533e-11,-5.40696645744058e-11,-3.56780048583976e-10,-1.99375922665341e-10,3.47227173437285e-10,7.66764199659404e-11,5.95582912035066e-12,-4.46274790266083e-10,1.09129991060996e-10,1.62912919424368e-10,-1.55449055145863e-11,4.98827593127988e-10,1.78206107583132e-10,2.66609683341982e-10,1.44591380346484e-10,2.24591973866803e-10,1.97293157563482e-10,-3.50998416297134e-12,-2.81748015969416e-10,-1.22392227551228e-11,1.59653532016268e-11,-8.49664072738468e-10,3.72806644624981e-10,1.61951339239889e-10,3.56561699153165e-10,1.57407814584287e-10,-1.77842235226849e-10,3.15765191115486e-11,-1.09160630550809e-11,-2.70387977020753e-10,-3.00466595054229e-10,1.56834858788506e-10,2.78968413707207e-10,2.61472021057135e-10,2.80096321204711e-10,1.3914466242433e-10,-2.44602176571254e-10,2.64164507592867e-10,2.39538626846077e-10,-4.72570670373958e-11,-1.8322987148642e-10,-1.43160774859967e-10,1.77729643896973e-10,1.46194149783507e-10,-1.03006429458555e-10,1.91124587843016e-11,1.93582038409258e-10,2.14792708877805e-10,3.13725452649155e-10,8.35558129778917e-11,1.39073920631544e-10,-3.03292499826637e-12,-1.47634928782578e-10,-1.37538914307679e-10,-3.5100066507097e-10,5.56719614088213e-11,-9.11382498615005e-11,1.84652519044055e-11,-4.19357336609625e-11,-4.1178641297664e-10,2.57712993472915e-10,-1.02323733996915e-10,-2.32360048405409e-10,-6.32466190613709e-11,-7.00652675917732e-11,-1.77266741186845e-10,3.10821351082808e-10,1.56296405696919e-10,1.639233021858e-10,-9.13701031724615e-11,-8.961243084008e-11,2.31154661466698e-10,-3.33677744297914e-10,-5.18288961808563e-10,3.8839463215493e-10,4.52868518191773e-11,8.21147679563479e-11,4.08289738489071e-10,-5.73771563241339e-10,3.59284094675138e-10,1.44339805608311e-10,8.80993004457215e-12,-1.60523376789683e-10,-2.45149447787367e-10,-2.56285562763976e-10,-6.33657163463184e-10,2.55531551563933e-10,1.68824324376724e-11,-5.32574733299672e-11,-6.6641461914296e-11,2.81471300962225e-10,-5.34295982315603e-10,3.46917874313668e-10,-3.10675849436388e-11,2.00397803304498e-10,-7.00780477245601e-11,4.22892167474599e-11,2.55768466312297e-10,-2.99868734273203e-10,2.02633754943635e-10,-1.020122274357e-11,-1.48288005696642e-10,-3.15963893229732e-10,-2.77473463091366e-10,-1.52265616566403e-10,1.16922518700853e-10,7.12455777067724e-11,5.58387631008976e-12,-2.50295743601769e-11,-1.14226652847253e-10,-3.89686208870968e-10,-1.8858162152538e-10,2.7817479227817e-10,2.92608207694435e-10,3.08093301114923e-10,-2.30707422264692e-11,-1.52311903524113e-10,3.38967694842885e-10,-3.12528464947977e-10,-7.88237228293721e-11,2.84404216868456e-10,1.26319116425682e-10,2.30020216747587e-10,-1.34756964138554e-10,2.73787056398501e-10,-1.46744318019424e-11,-3.35937282176661e-10,3.40523851488335e-10,-1.92567688978928e-10,-4.30214165888787e-10,4.97052210507269e-10,4.73071873354259e-10,-1.11893911728721e-12,-2.88494488469464e-10,2.98995891984903e-10,3.39303734651127e-10,-1.4619722333835e-10,4.42331603353337e-10,-3.21426283563783e-10,-1.52831195783634e-10,2.3319210755058e-11,-2.41951353984335e-10,-1.48807532636074e-10,2.87752364133373e-10,9.64476362844521e-11,4.04909740084692e-10,-1.57111191283045e-10,-4.22610986766514e-10,1.8247965375793e-10,3.58365713213715e-10,1.35462507538717e-10,3.36834365068189e-10,-2.05108669456913e-10,1.8935498296125e-10,-4.13427147445003e-10,-1.71742431426469e-10,-2.34797360703679e-10,2.01979296034136e-10,2.6566606705905e-10,-2.2238855240253e-10,2.08021792979024e-10,-8.08173369459466e-10,8.64786012003791e-11,2.78518936694756e-11,2.48307757508107e-10,-2.26277007560273e-10,4.66253422857037e-10,-1.4203801723528e-11,3.54230002868482e-11,-5.06742601363705e-11,-4.10137203143638e-10,-2.34643397635664e-10,3.11048182233371e-10,1.69615191142443e-11,2.71469498453619e-11,-2.92026655339723e-10,3.31155240877319e-10,6.80669102761907e-11,3.15359788862843e-10,-1.04504453965346e-10,2.64134943758159e-11,-1.61077149810055e-10,-1.2361330888076e-11,1.4002825236256e-10,3.40482322380636e-10,-5.08566174628489e-11,7.6259721175506e-11,1.48990875480508e-10,-5.72793343911531e-10,3.98131508671173e-11,1.07535917539128e-10,-9.6443533384137e-11,9.80732291002843e-11,-4.49218408412021e-11,1.09976005523213e-11,2.72276879904069e-10,-3.20738095608873e-10,-3.28404754167562e-10,-2.53137672482237e-11,-1.93322014649572e-11,-5.91993005930375e-10,5.62082661585624e-11,3.09021930692215e-10,-3.55674620577384e-10,5.12892694859001e-10,2.37339258561481e-10,-7.35619993544236e-11,-4.17243957914567e-10,5.18392513824461e-10,3.13985558746994e-10,1.28032372534007e-10,-2.13331628692686e-10,1.62158710332572e-10,4.84260901570368e-10,1.91091794215168e-10,1.12628593559308e-10,-6.29798980814574e-11,1.28139495250548e-10,1.10413584264894e-10,4.17759965052353e-10,-1.91112594405415e-10,2.15023599374214e-12,1.03707987799956e-10,3.5299302332588e-10,1.15640558164213e-10,5.80306941583252e-10,-6.12926165966714e-11,8.5582455831376e-11,-8.24389448036863e-11,4.71776638685116e-11,-6.83424406238145e-11,2.62248695125619e-10,-6.44328703335971e-10,6.02360005838949e-10,1.84208684612426e-10,-5.20298436082373e-11,-1.74082633827341e-10,-4.94706203141453e-11,1.73084018624566e-10,1.14458730490598e-11,-1.66800298517432e-10,3.38029251112406e-10,6.63138400906977e-11,-3.19565177472387e-10,-3.27922058837835e-11,2.87468460689314e-10,-1.4197858951906e-10,-5.00815786746808e-11,1.82069804923252e-10,9.93422837323868e-12,-2.85607767844587e-11,-7.32274077171747e-10,2.0206253217042e-10,3.14765611054935e-10,-1.43317755892044e-10,9.81068548100307e-11,-2.78704003544664e-10,1.49837643650454e-10,9.97520986858651e-12,1.97858880402938e-10,-2.70869045779784e-10,-2.05518956892091e-10,-4.14125017124584e-10,-2.18928886000238e-10,-4.82537529798567e-10,2.78633727502883e-10,2.08153827528367e-10,4.36563047073981e-10,-8.03778610046593e-10,4.36653024184073e-10,-3.20954517298715e-10,-1.56504134926403e-10,2.11160275918341e-10,-1.38827569456405e-10,1.38334019128532e-10,-3.74711747972578e-10,1.32343897405787e-10,-1.99456322214491e-11,-5.73771961147795e-10,-1.35092213019635e-10,-1.29948248285503e-10,-3.44554518122508e-12,6.44872473608963e-11,3.55754251724912e-11,-1.69392496261156e-10,-2.01450163738672e-10,-1.66591232155636e-10,4.40242286278252e-10,4.93781896363925e-10,-2.50542384305247e-10,3.87837383176401e-11,6.08134306737352e-12,-2.32363571137232e-11,1.33037567225967e-10,3.75892936982522e-10,-1.44298092550412e-10,1.23436003830318e-10,-2.28298301154707e-10,1.54876658861826e-10,2.22277015222022e-10,1.3771505323546e-10,-2.25895567787297e-10,-1.11217875332103e-10,3.84831415731683e-11,-7.53958927658618e-11,-1.16420596298629e-10,9.47718308264154e-11,2.19273483962076e-10,2.61069536240834e-10,-1.9069736517175e-10,7.83882421323582e-10,5.92412371357333e-11,-4.68394421898246e-12,3.88664163098259e-10,-2.94265899173758e-10,-4.24727892300081e-10,4.47284686301183e-10,-9.55270623304685e-11,1.31920289913972e-10,-1.75252605577697e-10,1.80217909503813e-10,1.10019526391616e-10,-1.0977789450381e-10,1.52848180613647e-10,3.41710505046055e-10,-1.57983313893134e-10,-3.61822779334892e-10,-7.18985132601148e-11,-2.92813382779615e-10,-1.04623772600293e-10,-5.92755142829376e-11,1.4281889138229e-10,2.98911952598468e-10,-4.02771565585928e-10,-3.71089207612326e-10,1.34090899836777e-11,7.84534727298432e-11,2.8628810465767e-10,-4.08578049964826e-10,-1.48704945045768e-10,-1.72177609909384e-11,-3.05038765482552e-10,1.68674276380401e-10,-2.30376049565979e-10,-3.44716972590093e-10,4.0999089828377e-11,-5.16487785681235e-10,1.82215564518944e-10,2.57928203512032e-10,-9.43370804000148e-11,2.33054287227515e-10,2.47360479886968e-10,4.22215771966596e-10,-4.07280233938902e-11,-2.99024399827595e-10,1.87103311429177e-10,3.73467690400409e-10,3.27776676211563e-10,-8.49779729363196e-11,-9.37772065914964e-11,2.98995694242424e-10,-1.46611428174381e-10,1.22823900621511e-10,2.61246634119932e-10,3.9145287715021e-10,-2.05452150010978e-10,-1.79833162925599e-10,-1.32124032233871e-11,-2.04485755351429e-10,7.34955164569141e-11,2.22327160720873e-11,2.49765195687488e-10,1.80609358527295e-10,2.54768464234267e-11,-1.67078101639982e-10,4.98215709733237e-10,-3.76077286214923e-10,7.49431281627475e-10,-4.09899440256351e-10,3.58463549195908e-11,-1.84222511647723e-10,1.02187653826062e-10,-1.56514027937385e-10,-2.03561736458813e-10,-4.90667718987985e-11,-3.67853810347613e-10,-2.30499770714589e-10,-5.82387119669064e-12,-1.59578152844753e-10,-1.29064489060675e-10,-8.51235435901219e-11,8.22875150928647e-11,3.03848186515055e-10,3.00779947134964e-10,-2.82948780515862e-10,-1.16701409526824e-10,2.37074431092905e-10,5.43541438020272e-11,1.84205684653892e-10,3.06052833965659e-11,2.39781421015944e-10,-8.84006709244979e-11,2.44281040376992e-10,5.83968198769998e-11,-2.35532478073399e-10,-4.86781556211909e-10,5.35004506498107e-10,-7.86151819596989e-11,-5.16991445376922e-11,3.12117134175439e-10,1.28387876123658e-10,1.36410739375342e-10,-3.3842830771139e-10,-2.32407555884815e-10,4.61727625084914e-10,-3.96901566857997e-12,-3.66531409941181e-12,-2.23789001093367e-11,2.35508871057033e-10,-5.50961727774458e-13,3.21772852927978e-12,5.64876574127261e-10,3.33075312127838e-10,2.8107644375305e-10,6.05208864104265e-11,2.97108711075077e-10,-8.73362113672149e-11,-7.47079579891071e-11,-2.23644834176627e-10,3.21296233169049e-10,1.86795954087673e-10,-3.22169975112166e-10,-2.94640805265929e-10,2.29335059850619e-10,-5.48732274759578e-11,-5.32448482540936e-10,1.98968601659402e-10,2.23015013946684e-10,-1.13370872132148e-10,-1.52918232613725e-10,9.6860737393898e-11,2.0710833428785e-11,-4.68617953767787e-10,7.27402100520511e-11,-4.12970657285975e-10,-1.87653953067216e-10,7.7776017320588e-11,1.86527419667728e-10,1.49679603402915e-10,-4.18676824456624e-10,-4.68273215982792e-11,1.64010340798864e-10,1.33148937624717e-10,-3.98131825642173e-12,1.68528502216736e-10,-3.87081208546722e-10,-4.26253278116232e-10,1.77637910097644e-10,-1.15888956761032e-10,1.54341411030873e-10,-8.10035529830812e-11,1.86218955578971e-10,-3.23356509748142e-10,2.97516716278165e-10,1.74344943450921e-10,3.98587343179586e-11,3.19841253800106e-10,9.68278632038153e-11,-5.12762020978288e-13,9.15028940237213e-11,-2.48973501737487e-10,1.10651508095661e-10,2.05437071248294e-11,-3.14441012896627e-11,-1.73409615977915e-10,3.03411190966796e-10,4.24747132873541e-10,-1.57620512377917e-10,-2.05234513815871e-10,2.92918572208102e-10,8.37235981482828e-11,-1.08135961742111e-10,-3.92697084879717e-10,-8.74508460498618e-11,6.39711936578536e-12,1.23175936552562e-10,6.22532715767013e-11,9.09608623809478e-11,-5.48188948133524e-11,4.56055596037723e-10,1.73497589026626e-11,3.39115499995375e-10,-3.38210476654385e-10,-2.82829838960355e-10,-1.51388503540864e-10,-2.25104077634744e-10,6.16466794991293e-10,-1.08814826548873e-10,-1.35474185502701e-10,5.32493530551922e-10,-6.97933468191151e-11,-2.33026618819378e-10,-1.47498286490938e-10,1.16754950138888e-10,-1.45527918680431e-10,2.53206214908948e-10,7.4958049213617e-11,2.08572797219789e-10,4.36445547378027e-11,-2.78616739461298e-10,3.81407641227227e-10,2.99489957241467e-10,-1.01797999099862e-10,-3.51095802756972e-10,1.54750164944066e-10,2.60519203703707e-10,-4.28418010227584e-11,-7.49609553892438e-11,-3.55869380222078e-11,-1.39213102891404e-10,1.2601572250934e-11,1.71723430087939e-10,3.42159749121033e-11,-2.09304090642527e-10,-4.31078854567464e-10,7.14175571616192e-11,1.05696758178427e-10,3.50878307706359e-10,-2.16956860205762e-10,4.4048731788491e-11,-4.50059882158298e-10,2.32517239495964e-11,-4.14613058944204e-10,-1.81933285504357e-10,-9.73189188747442e-12,7.37889306645946e-11,-8.90574132177953e-11,-1.32619910559214e-10,-1.60150045264569e-10,-3.85834772146854e-10,-6.68176447161018e-11,4.84643197448478e-11,1.0476504338635e-10,-2.97168035646205e-10,1.81700341664297e-10,-1.47186584416256e-10,5.00172347181399e-10,-4.85565099897081e-11,1.58518869771494e-10,-3.73205086405492e-10,8.08216408401243e-11,4.48945048306202e-11,5.61147967246363e-10,3.46513336988845e-10,5.72083395752598e-11,-3.59508624945018e-10,2.11108006968186e-10,-1.58885051345415e-11,2.7008702101515e-10,1.43359237792626e-10,-3.52685964568846e-11,-7.28996375670669e-11,1.37144959234276e-10,1.0262204029775e-10,-2.52673982509188e-10,-4.57522470233246e-10,-2.34634056124235e-10,2.9329062226491e-10,2.16752500137075e-11,-4.01435865184642e-10,-1.84831525284947e-10,2.17520601097437e-10,3.35359495527849e-12,1.39909597818211e-10,1.19350264988871e-10,-7.3086746133437e-13,-3.66786074094006e-10,2.51179186783446e-10,2.87009574098752e-11,7.40828582568727e-11,3.676239968414e-11,4.94605130418599e-10,3.54014863442002e-10,-4.94236350074408e-11,-2.31312528206408e-11,1.83124009208755e-10,-1.67878585388747e-10,-4.42781508633053e-12,-3.35947631722665e-10,-1.0424417720635e-10,-9.83215999534148e-11,-2.03002437323788e-10,-3.51005564062978e-11,3.49549735106097e-11,-1.31452262082583e-10,-6.78228610813464e-10,5.10490270149036e-10,-4.76814518600105e-11,-1.42692784473889e-10,-1.44549036310323e-10,8.91413846350513e-11,4.8174299779053e-10,-3.7643135451168e-10,-1.14378069952127e-10,-2.01824523147694e-10,1.90517704772519e-10,3.98353384210789e-11,-5.34462259928226e-11,-1.80902132384527e-10,2.477932603906e-10,3.00242442817482e-10,3.21551426421553e-10,1.48263106617719e-10,3.06353133561953e-10,-2.05862189433156e-10,-2.88015402717232e-10,-5.36858503659405e-10,-1.16951820273928e-10,2.72452543317201e-10,1.22732954181981e-10,-1.56178526678829e-10,7.04983376475001e-11,2.30774521642634e-10,-1.91320495461376e-10,2.57310165361528e-10,4.83241073502226e-10,3.99666708655987e-11,-1.43678725019222e-10,2.63511937353136e-10,2.70411245470469e-10,1.04610741375438e-10,-1.26269406832076e-10,-7.5384896872905e-11,-8.23899706016033e-11,2.41929448081537e-10,2.13708237821751e-10,-1.53827456820741e-10,2.84003575768248e-10,1.23520793535479e-10,-5.36886975860658e-11,-3.89957303813482e-10,9.5622846491674e-12,-7.16405629591246e-11,2.02330552610271e-10,-2.4067359095491e-10,-3.02678225641238e-10,-1.52583781437224e-10,2.27288506983261e-10,2.03623792129617e-10,2.66113369711932e-10,1.2539038569528e-10,6.45251770164973e-11,2.99087892789167e-10,3.02812535341164e-10,1.69067081942157e-10,9.90300964191576e-11,9.11604022154412e-11,-1.70750828453801e-10,-4.46312673079804e-11,-1.82698579013876e-10,-1.04387552457437e-10,-3.99743351889135e-11,1.51593467138842e-10,-1.74135842670923e-10,6.16203374734127e-11,1.00165015219135e-11,8.71155135628367e-11,1.90768948466134e-10,-6.17204207689314e-12,5.04074743257204e-12,1.91197886293139e-10,-6.61757678097595e-11,6.63134244403638e-11,4.09522217958655e-10,-2.40225249226512e-10,-3.79378384674088e-10,-3.96474171577327e-10,3.16233662434466e-10,-1.46205386724102e-10,1.52428213033053e-10,3.62987615551524e-11,2.46846039535634e-10,2.95598318749167e-10,5.04051525180981e-10,-1.9812438895976e-10,1.70050689306074e-10,-2.85209821178723e-10,5.53167080579412e-10,4.10613878283353e-10,1.88379252694924e-10,-1.14102457678872e-10,2.19469684096702e-10,1.97144636482907e-10,-1.47865658502565e-10,-4.39092884363634e-10,1.04336512876554e-10,1.97652665047857e-10,-2.43859572649545e-10,-1.28724132097607e-10,1.43402275583583e-10,3.52563776263259e-10,-3.51372758802838e-10,1.67032532377551e-10,-5.46039482454753e-10,3.40291423306016e-10,-1.72455273077781e-10,-2.77516786190921e-10,-1.2366111507723e-10,-1.4337705750563e-10,-1.82487579177585e-10,-5.65434323922798e-11,3.65789935881662e-11,-3.25570185247911e-10,-1.2624004597653e-10,4.41524078404503e-10,-6.1831354990888e-11,1.96620461933877e-13,-5.56382447333842e-10,2.88686478006693e-11,4.86962660060769e-10,-5.76892639550182e-11,4.39480968093997e-10,-4.71683492909839e-10,-6.95508327126268e-11,-1.07607653565066e-10,-1.15359021959082e-10,-3.75680159258311e-10,1.46290482055828e-10,-2.62152950714885e-10,1.56111671409119e-10,-1.31205629060285e-10,-1.43804217429495e-10,2.55045780116508e-10,-1.65531926438717e-10,5.74129701770774e-11,-9.03784960386626e-11,5.99549322820637e-11,3.60854270171306e-10,1.18144990028484e-10,3.14402321072272e-10,-1.52309799850771e-10,-3.40472415571086e-10,1.78992572321014e-10,9.41853440101762e-11,-3.57866690167364e-11,3.09425348291212e-10,3.19029317216842e-10,-7.92660928731689e-11,1.04336483284986e-11,1.20622137252609e-11,7.4787885763738e-11,1.80158301993429e-10,-2.57524144555142e-10,2.08883517573057e-10,-6.75408141563915e-11,-2.91445947222551e-10,-6.76146713375881e-11,-3.97253138566856e-10,1.72231774094992e-10,6.34350528745987e-10,-1.27545880797681e-10,-1.3580478238231e-11,7.56660417758768e-11,3.77613620280783e-10,-1.6435060287779e-10,1.79076924581473e-10,-7.01351475822231e-12,5.90260975609702e-12,-4.01218935521226e-10,-1.46907252229827e-10,2.60613271944697e-10,-3.61696789232575e-11,-3.52726707089378e-10,-4.384797854176e-10,-6.29646868073378e-11,1.29321651910122e-10,-3.57231106780933e-10,4.4512307617675e-10,-7.13824062582127e-10,1.57204598128554e-10,2.37151945276179e-10,-1.50097384507121e-10,-8.54891185180842e-10,1.43617427154986e-10,-1.90694735002531e-10,9.78827246673808e-11,5.07236808736949e-10,-3.98667365682589e-11,-7.66874672251541e-11,1.35371820336291e-10,1.94440399211316e-10,7.22452797739281e-11,-4.14557124522267e-10,-1.29622666804588e-10,-1.1416320155713e-10,-6.7051774850998e-10,-3.30647795968648e-10,7.76764443763175e-11,-3.83406339642508e-10,-1.85083870391459e-10,-9.8430282684722e-11,2.68020634624745e-10,3.6584671395801e-11,4.07830584341413e-10,-2.37849462320274e-11,2.97472856440336e-10,-2.70069566502497e-10,-1.73825107646594e-10,7.55446560329261e-11,-1.00970215955468e-10,3.91347079030665e-10,-2.07910953427278e-10,-3.36002205223469e-12,5.04345927957493e-10,4.35173209593127e-11,1.20042425813941e-10,2.00256170599071e-10,5.2172467090435e-10,2.40592509781126e-10,-9.72268650237309e-11,-3.61459655358714e-10,-1.5023441453374e-10,-2.54623493860002e-10,4.78501397946257e-10,1.23458393553572e-10,3.29858079316021e-10,-1.31029263412077e-10,9.21173386544918e-11,7.05537278916502e-11,-2.71569561779899e-10,4.49524734735338e-10,-1.43719029868242e-10,-1.45733185361953e-10,-2.66295548100131e-10,-1.29754042004378e-11,3.13472745240927e-10,4.00317127749453e-10,-1.56907207949008e-10,-2.52326434965678e-10,-5.29049079688925e-11,-5.60496558521593e-10,3.47762072782381e-10,2.36414435983266e-10,1.48802373749613e-10,3.83161121975835e-10,-3.88322406628038e-11,1.12004433315808e-10,-4.34208814159412e-10,-1.91788874903087e-10,2.25829433103578e-10,-1.98211078414655e-11,1.49084178824877e-11,-4.91995126322999e-10,1.74643236886794e-10,5.07696382357092e-11,1.46501529201015e-10,-5.02038951471836e-10,-1.21091131436276e-10,-3.31104509020059e-10,-4.8267145266502e-10,-7.29597660379314e-11,-2.77282769207067e-10,-1.40039127799857e-10,5.93362623568615e-11,2.88586982500917e-10,-3.60931212607566e-11,1.47412952306572e-10,-1.40830811104438e-10,4.59103255038018e-10,-1.84329717118098e-10,9.30444666539911e-11,-3.58875813079441e-10,9.92469159999919e-11,-1.32782215658517e-10,9.68581349941515e-11,-3.96480399325445e-11,1.0731166350566e-10,-1.06181554794215e-10,2.05242733662275e-11,-2.2567705450358e-10,-1.04633057652591e-10,-2.65821915510072e-10,6.39361898294109e-10,-1.24191982782123e-10,-7.99471425874721e-11,-3.00069108929253e-11,-1.77521358353168e-10,3.15012617228101e-10,-1.40174515622672e-11,2.18538420041804e-11,-1.52987164252358e-10,2.97214655961829e-10,2.28642546765042e-10,1.34253728025752e-10,-2.79066487535985e-10,-3.47005004689421e-10,-4.46790281786169e-10,-2.10497246686523e-11,-4.52965099311254e-11,3.10374308873613e-10,-3.62213553175513e-10,2.88205451867741e-10,-3.07616558667846e-10,1.16879664401232e-10,3.11857969693639e-10,1.93805777376899e-10,3.95999708685723e-10,-6.67460611729097e-11,-2.76497657374033e-10,3.25211511642557e-11,-4.19874907065668e-11,-1.53072257189524e-10,5.16109123968451e-11,-4.06576241122352e-10,2.58331033340561e-10,-3.13916323676754e-10,-4.33837635912946e-11,-4.52561720300805e-10,2.16092518951031e-10,2.35180869144974e-10,1.36184585052897e-10,-1.64954246926763e-10,-1.59283441946289e-10,-1.15004058306599e-10,-3.53519315694573e-11,4.15219840045194e-10,5.16210629122721e-10,1.62486917527709e-10,-1.52966728113305e-10,-1.70443983022302e-10,1.27259352967404e-10,-9.3184486402496e-11,-3.27047045263473e-10,8.15001438867523e-11,3.37768853599116e-10,3.1833878697577e-10,1.74395710664643e-11,-8.59425434240405e-12,1.31196085754815e-10,-7.09649121841507e-11,-2.15797909439461e-10,-3.48795813738694e-10,7.7677130056502e-12,-1.87060651791323e-10,8.45135470729832e-11,5.23698771395414e-11,-2.76009919411313e-10,2.40649505280409e-10,1.69497504939843e-10,-2.00791372363081e-10,1.54305430462508e-10,6.31202933510432e-11,-7.52289393627903e-11,3.32147807331705e-10,-1.03786715004583e-10,-8.39573505385899e-11,8.01580415820839e-11,9.39922075349667e-11,2.23398077830479e-10,1.50615154424845e-10,-4.81334514972524e-10,1.91495856528573e-10,4.19995213106538e-10,4.49506456634883e-11,-4.1530818869144e-10,-4.93240631162595e-10,-3.90004766465044e-10,-1.82829064550785e-10,-1.0122952450361e-10,-2.17474132305229e-10,-5.27110112361978e-10,2.26373888153701e-11,2.44135909336067e-10,-1.6374407235995e-10,3.06849478011389e-10,-5.03558580644237e-10,-1.20776168959061e-10,-1.16740172102994e-10,2.20619141652801e-10,-1.14170223124169e-10,-2.86976152796058e-10,1.10791992348958e-10,-1.77319557773271e-10,3.21055586434694e-10,3.79895844883935e-10,-1.92587107003757e-10,6.37909908781536e-10,7.61496984970712e-11,4.4698131328618e-10,-7.99461143328256e-11,2.0692600802303e-10,-7.15783103178283e-12,-1.00392186008369e-10,-2.5599682556157e-10,-6.78569304465172e-10,-2.82659995153462e-10,3.28626118272273e-10,-1.17954596784414e-10,-1.5065446056449e-10,-6.81371067715963e-11,-4.77493220211331e-10,5.37835000640462e-11,-1.81664381887268e-10,3.00504289586306e-10,-1.23212599327837e-10,-3.41192379402855e-10,1.98017347939817e-10,-4.31688788769041e-11,2.163476136218e-10,-1.97138082240992e-10,-2.93478656240766e-11,5.99061202812917e-11,-1.48906587162782e-10,-3.63888826169546e-10,2.29853176677726e-10,-1.2750449130988e-10,-3.41915235575267e-10,-3.83564731585145e-13,3.28105646066485e-10,-2.16391321806739e-11,-3.01049196641275e-11,6.75313985070829e-11,6.0978483078935e-11,3.35174298097216e-10,-1.45754318302646e-10,-7.95376013112966e-11,-1.87957409718969e-10,5.74894881055141e-10,-2.69579409271984e-10,2.52344140162392e-10,7.88012462429775e-11,-3.20693743136919e-10,2.91869332177276e-10,1.87097213208954e-10,1.95898797134966e-10,-1.67492890039797e-11,-3.35203237244588e-11,-6.9518797011864e-12,-2.14453701016198e-10,6.14616976841945e-11,-2.95535604822211e-10,-3.69250029047766e-10,-5.02331648226853e-10,-8.30886248023287e-11,-3.58095970760276e-10,1.1641032466062e-10,-4.57353272399601e-10,-3.1236783314989e-10,-4.72063252462847e-10,-2.45289116804528e-10,-4.47303122745538e-10,-6.63618448555472e-10,-7.7795442794766e-10,-2.81804662589901e-10,-2.646857186862e-10,-5.11577789949724e-10,-5.94149816728987e-10,-8.55985363373604e-10,-4.85198799361681e-10,-7.01890974984079e-10,-1.02619064984438e-09,-8.41319962143223e-10,-1.1659118826908e-09,-9.3985341951826e-10,-8.24493179384618e-10,-1.16313909762097e-09,-9.08932353030504e-10,-1.13544565401583e-09,-8.71524169019126e-10,-1.32780640598483e-09,-1.47731313063202e-09,-1.26069571060767e-09,-1.54220602264911e-09,-1.55962217653756e-09,-1.71071706242145e-09,-1.15513677591583e-09,-1.38562975178305e-09,-1.47169378402747e-09,-1.55573002282437e-09,-1.71922560465785e-09,-1.02299632399854e-09,-1.20233755250119e-09,-1.7765249848494e-09,-1.79938842794537e-09,-1.6749525575091e-09,-2.23496072694045e-09,-2.10909857438474e-09,-2.13816110910979e-09,-2.09130776229377e-09,-2.0767794534095e-09,-1.82975791259306e-09,-2.30562217861323e-09,-2.21847708937688e-09,-2.41231945167165e-09,-2.65402230885835e-09,-2.06400780791507e-09,-2.41861704602684e-09,-2.51504252758346e-09,-2.29426365389484e-09,-2.86768085638696e-09,-2.53063148343806e-09,-2.16605899648497e-09,-2.29573734100415e-09,-2.5758811208509e-09,-2.56703445181967e-09,-2.72030771984354e-09,-2.64945631874824e-09,-2.30996746677776e-09,-2.3059618506151e-09,-2.16828525386265e-09,-2.49525984404332e-09,-2.00718451040603e-09,-2.27336981219277e-09,-1.7045719872115e-09,-2.07196433649075e-09,-1.46707029301732e-09,-1.27729527582581e-09,-1.20201457881111e-09,-1.1195670783116e-09,2.58929791311611e-10,2.26491115487753e-11,5.79594261457943e-10,2.1702617347952e-09,2.98166701452644e-09,4.42997729477086e-09,5.85652871926657e-09,8.13089293549047e-09,1.09645585022704e-08,1.46349818805499e-08,1.96704042868969e-08,2.60393295301939e-08,3.53529267814368e-08,4.80849934060398e-08
