v,0.25
Patm,100000
g,9.81
r,500
G,10^9.5
rho,2700
mu,10^2.69
rc,14
 
M,10^5.54
sigma,0.5
 
tilt_erupt,53.1572nrad
 
-1481,-1480,-1479,-1478,-1477,-1476,-1475,-1474,-1473,-1472,-1471,-1470,-1469,-1468,-1467,-1466,-1465,-1464,-1463,-1462,-1461,-1460,-1459,-1458,-1457,-1456,-1455,-1454,-1453,-1452,-1451,-1450,-1449,-1448,-1447,-1446,-1445,-1444,-1443,-1442,-1441,-1440,-1439,-1438,-1437,-1436,-1435,-1434,-1433,-1432,-1431,-1430,-1429,-1428,-1427,-1426,-1425,-1424,-1423,-1422,-1421,-1420,-1419,-1418,-1417,-1416,-1415,-1414,-1413,-1412,-1411,-1410,-1409,-1408,-1407,-1406,-1405,-1404,-1403,-1402,-1401,-1400,-1399,-1398,-1397,-1396,-1395,-1394,-1393,-1392,-1391,-1390,-1389,-1388,-1387,-1386,-1385,-1384,-1383,-1382,-1381,-1380,-1379,-1378,-1377,-1376,-1375,-1374,-1373,-1372,-1371,-1370,-1369,-1368,-1367,-1366,-1365,-1364,-1363,-1362,-1361,-1360,-1359,-1358,-1357,-1356,-1355,-1354,-1353,-1352,-1351,-1350,-1349,-1348,-1347,-1346,-1345,-1344,-1343,-1342,-1341,-1340,-1339,-1338,-1337,-1336,-1335,-1334,-1333,-1332,-1331,-1330,-1329,-1328,-1327,-1326,-1325,-1324,-1323,-1322,-1321,-1320,-1319,-1318,-1317,-1316,-1315,-1314,-1313,-1312,-1311,-1310,-1309,-1308,-1307,-1306,-1305,-1304,-1303,-1302,-1301,-1300,-1299,-1298,-1297,-1296,-1295,-1294,-1293,-1292,-1291,-1290,-1289,-1288,-1287,-1286,-1285,-1284,-1283,-1282,-1281,-1280,-1279,-1278,-1277,-1276,-1275,-1274,-1273,-1272,-1271,-1270,-1269,-1268,-1267,-1266,-1265,-1264,-1263,-1262,-1261,-1260,-1259,-1258,-1257,-1256,-1255,-1254,-1253,-1252,-1251,-1250,-1249,-1248,-1247,-1246,-1245,-1244,-1243,-1242,-1241,-1240,-1239,-1238,-1237,-1236,-1235,-1234,-1233,-1232,-1231,-1230,-1229,-1228,-1227,-1226,-1225,-1224,-1223,-1222,-1221,-1220,-1219,-1218,-1217,-1216,-1215,-1214,-1213,-1212,-1211,-1210,-1209,-1208,-1207,-1206,-1205,-1204,-1203,-1202,-1201,-1200,-1199,-1198,-1197,-1196,-1195,-1194,-1193,-1192,-1191,-1190,-1189,-1188,-1187,-1186,-1185,-1184,-1183,-1182,-1181,-1180,-1179,-1178,-1177,-1176,-1175,-1174,-1173,-1172,-1171,-1170,-1169,-1168,-1167,-1166,-1165,-1164,-1163,-1162,-1161,-1160,-1159,-1158,-1157,-1156,-1155,-1154,-1153,-1152,-1151,-1150,-1149,-1148,-1147,-1146,-1145,-1144,-1143,-1142,-1141,-1140,-1139,-1138,-1137,-1136,-1135,-1134,-1133,-1132,-1131,-1130,-1129,-1128,-1127,-1126,-1125,-1124,-1123,-1122,-1121,-1120,-1119,-1118,-1117,-1116,-1115,-1114,-1113,-1112,-1111,-1110,-1109,-1108,-1107,-1106,-1105,-1104,-1103,-1102,-1101,-1100,-1099,-1098,-1097,-1096,-1095,-1094,-1093,-1092,-1091,-1090,-1089,-1088,-1087,-1086,-1085,-1084,-1083,-1082,-1081,-1080,-1079,-1078,-1077,-1076,-1075,-1074,-1073,-1072,-1071,-1070,-1069,-1068,-1067,-1066,-1065,-1064,-1063,-1062,-1061,-1060,-1059,-1058,-1057,-1056,-1055,-1054,-1053,-1052,-1051,-1050,-1049,-1048,-1047,-1046,-1045,-1044,-1043,-1042,-1041,-1040,-1039,-1038,-1037,-1036,-1035,-1034,-1033,-1032,-1031,-1030,-1029,-1028,-1027,-1026,-1025,-1024,-1023,-1022,-1021,-1020,-1019,-1018,-1017,-1016,-1015,-1014,-1013,-1012,-1011,-1010,-1009,-1008,-1007,-1006,-1005,-1004,-1003,-1002,-1001,-1000,-999,-998,-997,-996,-995,-994,-993,-992,-991,-990,-989,-988,-987,-986,-985,-984,-983,-982,-981,-980,-979,-978,-977,-976,-975,-974,-973,-972,-971,-970,-969,-968,-967,-966,-965,-964,-963,-962,-961,-960,-959,-958,-957,-956,-955,-954,-953,-952,-951,-950,-949,-948,-947,-946,-945,-944,-943,-942,-941,-940,-939,-938,-937,-936,-935,-934,-933,-932,-931,-930,-929,-928,-927,-926,-925,-924,-923,-922,-921,-920,-919,-918,-917,-916,-915,-914,-913,-912,-911,-910,-909,-908,-907,-906,-905,-904,-903,-902,-901,-900,-899,-898,-897,-896,-895,-894,-893,-892,-891,-890,-889,-888,-887,-886,-885,-884,-883,-882,-881,-880,-879,-878,-877,-876,-875,-874,-873,-872,-871,-870,-869,-868,-867,-866,-865,-864,-863,-862,-861,-860,-859,-858,-857,-856,-855,-854,-853,-852,-851,-850,-849,-848,-847,-846,-845,-844,-843,-842,-841,-840,-839,-838,-837,-836,-835,-834,-833,-832,-831,-830,-829,-828,-827,-826,-825,-824,-823,-822,-821,-820,-819,-818,-817,-816,-815,-814,-813,-812,-811,-810,-809,-808,-807,-806,-805,-804,-803,-802,-801,-800,-799,-798,-797,-796,-795,-794,-793,-792,-791,-790,-789,-788,-787,-786,-785,-784,-783,-782,-781,-780,-779,-778,-777,-776,-775,-774,-773,-772,-771,-770,-769,-768,-767,-766,-765,-764,-763,-762,-761,-760,-759,-758,-757,-756,-755,-754,-753,-752,-751,-750,-749,-748,-747,-746,-745,-744,-743,-742,-741,-740,-739,-738,-737,-736,-735,-734,-733,-732,-731,-730,-729,-728,-727,-726,-725,-724,-723,-722,-721,-720,-719,-718,-717,-716,-715,-714,-713,-712,-711,-710,-709,-708,-707,-706,-705,-704,-703,-702,-701,-700,-699,-698,-697,-696,-695,-694,-693,-692,-691,-690,-689,-688,-687,-686,-685,-684,-683,-682,-681,-680,-679,-678,-677,-676,-675,-674,-673,-672,-671,-670,-669,-668,-667,-666,-665,-664,-663,-662,-661,-660,-659,-658,-657,-656,-655,-654,-653,-652,-651,-650,-649,-648,-647,-646,-645,-644,-643,-642,-641,-640,-639,-638,-637,-636,-635,-634,-633,-632,-631,-630,-629,-628,-627,-626,-625,-624,-623,-622,-621,-620,-619,-618,-617,-616,-615,-614,-613,-612,-611,-610,-609,-608,-607,-606,-605,-604,-603,-602,-601,-600,-599,-598,-597,-596,-595,-594,-593,-592,-591,-590,-589,-588,-587,-586,-585,-584,-583,-582,-581,-580,-579,-578,-577,-576,-575,-574,-573,-572,-571,-570,-569,-568,-567,-566,-565,-564,-563,-562,-561,-560,-559,-558,-557,-556,-555,-554,-553,-552,-551,-550,-549,-548,-547,-546,-545,-544,-543,-542,-541,-540,-539,-538,-537,-536,-535,-534,-533,-532,-531,-530,-529,-528,-527,-526,-525,-524,-523,-522,-521,-520,-519,-518,-517,-516,-515,-514,-513,-512,-511,-510,-509,-508,-507,-506,-505,-504,-503,-502,-501,-500,-499,-498,-497,-496,-495,-494,-493,-492,-491,-490,-489,-488,-487,-486,-485,-484,-483,-482,-481,-480,-479,-478,-477,-476,-475,-474,-473,-472,-471,-470,-469,-468,-467,-466,-465,-464,-463,-462,-461,-460,-459,-458,-457,-456,-455,-454,-453,-452,-451,-450,-449,-448,-447,-446,-445,-444,-443,-442,-441,-440,-439,-438,-437,-436,-435,-434,-433,-432,-431,-430,-429,-428,-427,-426,-425,-424,-423,-422,-421,-420,-419,-418,-417,-416,-415,-414,-413,-412,-411,-410,-409,-408,-407,-406,-405,-404,-403,-402,-401,-400,-399,-398,-397,-396,-395,-394,-393,-392,-391,-390,-389,-388,-387,-386,-385,-384,-383,-382,-381,-380,-379,-378,-377,-376,-375,-374,-373,-372,-371,-370,-369,-368,-367,-366,-365,-364,-363,-362,-361,-360,-359,-358,-357,-356,-355,-354,-353,-352,-351,-350,-349,-348,-347,-346,-345,-344,-343,-342,-341,-340,-339,-338,-337,-336,-335,-334,-333,-332,-331,-330,-329,-328,-327,-326,-325,-324,-323,-322,-321,-320,-319,-318,-317,-316,-315,-314,-313,-312,-311,-310,-309,-308,-307,-306,-305,-304,-303,-302,-301,-300,-299,-298,-297,-296,-295,-294,-293,-292,-291,-290,-289,-288,-287,-286,-285,-284,-283,-282,-281,-280,-279,-278,-277,-276,-275,-274,-273,-272,-271,-270,-269,-268,-267,-266,-265,-264,-263,-262,-261,-260,-259,-258,-257,-256,-255,-254,-253,-252,-251,-250,-249,-248,-247,-246,-245,-244,-243,-242,-241,-240,-239,-238,-237,-236,-235,-234,-233,-232,-231,-230,-229,-228,-227,-226,-225,-224,-223,-222,-221,-220,-219,-218,-217,-216,-215,-214,-213,-212,-211,-210,-209,-208,-207,-206,-205,-204,-203,-202,-201,-200,-199,-198,-197,-196,-195,-194,-193,-192,-191,-190,-189,-188,-187,-186,-185,-184,-183,-182,-181,-180,-179,-178,-177,-176,-175,-174,-173,-172,-171,-170,-169,-168,-167,-166,-165,-164,-163,-162,-161,-160,-159,-158,-157,-156,-155,-154,-153,-152,-151,-150,-149,-148,-147,-146,-145,-144,-143,-142,-141,-140,-139,-138,-137,-136,-135,-134,-133,-132,-131,-130,-129,-128,-127,-126,-125,-124,-123,-122,-121,-120,-119,-118,-117,-116,-115,-114,-113,-112,-111,-110,-109,-108,-108,-107,-106,-105,-104,-103,-102,-101,-100,-99,-98,-97,-96,-95,-94,-93,-92,-91,-90,-89,-88,-87,-86,-85,-84,-83,-82,-81,-80,-79,-78,-77,-76,-75,-74,-73,-72,-71,-70,-69,-68,-67,-66,-65,-64,-63,-62,-61,-60,-59,-58,-57,-56,-55,-54,-53,-52,-51,-50,-49,-48,-47,-46,-45,-44,-43,-42,-41,-40,-39,-38,-37,-36,-35,-34,-33,-32,-31,-30,-29,-28,-27,-26,-25,-24,-23,-22,-21,-20,-19,-18,-17,-16,-15,-14,-13,-12,-11,-10,-9,-8,-7,-6,-5,-4,-3,-2,-1,0
-5.16556390556206e-10,3.18018513674845e-11,6.29317285144562e-10,6.82457990061982e-10,-4.25100244726518e-10,-1.20232794727294e-10,5.15710327937386e-11,-5.5042941035702e-11,-1.99603496164441e-10,-2.28611269868559e-10,2.2676824240467e-10,1.74215701373623e-10,3.48300469105852e-11,-4.79195422229136e-10,4.64817612845757e-10,5.08909621345059e-10,-1.00801637279953e-09,2.57590461247995e-10,-8.87291009708808e-10,2.39634757394098e-10,-1.59994784814479e-10,4.51217922978596e-10,-5.04389346479004e-10,2.10322400699878e-10,-7.03457502876923e-10,5.68192561223201e-11,5.86697948961943e-10,7.82877935399293e-10,2.24745641373618e-10,-7.04049195810707e-10,-1.22238610908405e-10,-5.02400149100237e-11,-6.89806448731787e-11,4.27929604949214e-10,3.8960634934566e-10,-9.51342090543764e-10,-4.98549081129654e-10,-2.00124691924191e-10,-1.59321616570129e-10,1.32752061849273e-10,3.48966097731137e-10,-3.40283337792676e-10,-3.07924796579716e-10,3.07896968342794e-10,9.89178368504552e-10,1.13710993944899e-10,4.51842917848594e-10,-1.12097719584934e-10,-3.79092617640347e-10,1.32383061959605e-10,-1.56123469252755e-10,-8.77145300121112e-10,4.76420773694879e-10,3.55869800822688e-10,-2.17375911465766e-10,2.06350873715699e-11,5.05595061631224e-10,1.45906096976734e-09,1.4304474444062e-10,2.09562849865066e-11,-1.84485796038339e-10,9.49089231907464e-10,2.92101463698657e-10,-5.56466039546439e-10,1.74717367835856e-12,7.10101296931473e-10,-2.37062909592389e-10,3.02017012802851e-10,3.82875979095262e-10,1.17667630481305e-10,-1.83018811278598e-10,4.00046290344951e-11,-4.28162700203811e-10,-5.78746031112398e-10,-5.4969474055664e-10,6.02013384617816e-10,2.23051223012505e-10,4.86297886749005e-10,5.74128296786936e-10,-2.31454360817889e-10,-3.49308616959599e-10,2.21477326738083e-10,-1.70621003878732e-10,-5.8695794634704e-10,4.56443062640295e-10,-7.54534231554482e-10,-2.86506020722216e-10,2.11814719267366e-10,7.45550218325709e-11,4.29108531395927e-11,-9.37176849254008e-10,-7.35487582942479e-11,-4.22026729226989e-11,3.58134803304035e-10,3.55872755249447e-10,3.0182834309015e-10,2.37901977071638e-10,-7.21217858713171e-10,4.97301647780321e-10,-1.60861537351756e-10,-2.88838048925644e-10,-1.57053866443024e-10,2.69527089798944e-10,-7.4606034645446e-10,-3.5968817248051e-10,-2.16990165412607e-10,-9.05138801852975e-10,1.22929304090049e-09,-2.24198787224474e-11,-4.34537788450904e-10,1.2763151331966e-09,-4.9579738863694e-10,5.78995564991463e-10,-3.42848279674624e-10,7.52719001930881e-10,-3.53643111685896e-10,-5.00722925248133e-10,-8.13346554865158e-10,-4.89394303654555e-10,2.2218023409619e-10,-2.72837186748622e-10,-4.68119690941015e-13,-3.11864497931706e-10,7.38542654151022e-11,1.89332859254141e-11,1.47823493453086e-10,1.10877303017818e-11,3.34352185364975e-10,3.70317701511592e-10,3.13930956209403e-10,1.82451513333066e-10,3.73440468912706e-10,-4.9311646084235e-10,-7.9117181229306e-10,2.36539684445395e-10,6.21327160396579e-10,3.46204911736942e-10,-3.70487426907854e-10,-5.42292783728294e-10,3.17919305279951e-10,-8.69872359520716e-10,-4.88292397087025e-10,2.80478105149101e-10,1.05213313732044e-09,-9.44824217871704e-11,1.8422418269589e-11,-1.15792415466064e-09,4.60333289499443e-10,-5.60645223572038e-10,9.63467252869184e-10,3.68902381923425e-10,1.00278654139568e-09,-7.08460574051491e-11,2.22784290203443e-10,-4.74516097731779e-10,-2.99181024309613e-10,8.67745245329187e-10,-1.08547621330574e-10,2.42729783090864e-10,3.36341809773345e-10,-1.18822792241894e-09,-8.26288461476499e-10,-4.23589949211198e-10,2.70061305712686e-10,-6.93286337791399e-10,1.30085188458175e-09,-1.0216006405909e-09,-3.55495636588193e-10,-4.10510970267971e-10,-7.05332873897938e-10,-1.56759624182395e-10,-1.3598477453314e-09,1.86784977944909e-10,-6.90909425068637e-10,1.27432045536258e-10,-2.75840753075662e-10,5.1281734115637e-10,3.08535524968211e-10,-4.84922209241479e-10,2.5069904648404e-10,1.24416335687871e-10,-1.67536773723245e-10,-4.25311307751914e-10,-1.61492100152849e-10,6.74197588214071e-10,-6.07810014274378e-10,4.43270415588902e-10,3.54028289568977e-10,-4.0961032951536e-10,3.69699113346946e-10,-5.59263146870546e-11,-1.2898843219482e-10,-3.40228625970081e-10,-1.61451583403097e-10,-2.88229681084784e-10,-5.86840559592881e-10,1.39092880091126e-09,-6.3026778751193e-10,3.97395627358216e-10,-1.9612926077102e-10,-4.78832471043263e-10,3.58998343700494e-10,-2.92250558009187e-10,-5.39426051334468e-10,5.69082093673572e-10,-1.44659717291884e-10,-1.30038053849155e-10,3.15697567126445e-10,-5.13152466343578e-10,1.07390569378511e-10,4.62639737661523e-10,1.11599778162714e-10,4.06284441683598e-11,1.76360029353459e-10,4.71830113219915e-10,-2.82361096851605e-10,9.68466945172438e-10,3.04542864272142e-10,-3.04989041202504e-10,6.55838053082171e-12,2.11938892560052e-10,-3.72539129681262e-10,1.02254666438282e-09,-1.67157100745867e-10,1.64253501848393e-10,1.99258613170499e-10,5.68355888370357e-11,-4.03194894215718e-10,5.05936787411595e-10,8.05235114616848e-10,-2.88246667903921e-11,2.22714967139018e-10,-5.53036970346547e-11,1.3566508844762e-10,-6.11805243372231e-11,-3.07644704339823e-10,4.44079280405188e-10,1.24751478191167e-10,-8.27037671718595e-10,2.59190289573986e-10,-2.17450811071268e-11,5.4805813366732e-11,4.04472726549403e-10,-2.80101911132976e-10,8.74751962602895e-10,-1.2683008088977e-10,6.03601741200324e-13,3.95758061985375e-10,1.58913182656413e-10,2.47334844142565e-10,6.26239871455149e-10,5.51074512035198e-11,-4.25058620409656e-10,-1.948961452919e-10,-2.1978196236582e-10,1.0802300439231e-10,4.21962917631607e-10,4.36597298077311e-11,3.26901473970949e-10,-8.73082095118278e-10,7.28384212456365e-11,-4.1401030000352e-10,-6.70567316416764e-10,-4.95658217583748e-10,-4.37879108504156e-10,7.29067427371568e-10,-7.81706315959193e-10,-1.40370947514339e-10,7.64173495236938e-10,-1.7853766802551e-10,-1.81647938681073e-10,4.40246655622951e-10,-6.38368463221249e-10,-1.8962668391463e-10,2.66050027300486e-10,4.95229583716654e-11,6.09951696585873e-10,5.42643009363052e-10,8.62509731467036e-11,2.41157721603926e-10,8.45491970783078e-11,2.04058139344825e-10,7.25731880320748e-10,-1.00646411617194e-09,9.57484209368315e-12,-6.33513960377063e-11,-6.39108754989361e-10,1.27400089167973e-10,-7.43419108782186e-10,7.49843819910632e-10,2.65562589692713e-11,-2.72489972743544e-10,6.86047238334103e-10,6.11593542992764e-10,1.12818761017528e-10,-1.22233746181357e-10,-7.95590948331003e-10,6.71694396843103e-10,-3.2301054629489e-11,4.37826510240599e-11,-6.16066802042656e-10,-1.10340102700765e-10,3.39758249926141e-10,3.64589783731641e-10,1.07268578796183e-10,3.29251744609562e-10,3.8157303510917e-10,7.63039016165887e-10,-6.41376122751204e-10,5.76919310270792e-10,-6.37682145635704e-10,-8.71712201214526e-11,1.15826207054117e-11,1.19900159599824e-10,1.33900982104404e-10,-1.12382314383934e-09,1.39014311458993e-10,-2.66038868660954e-10,3.6355934268823e-10,2.53564694774595e-10,4.23959859844488e-10,5.02014633208898e-10,4.31038645600529e-10,-9.60714436987166e-10,-1.33514155765924e-10,-7.05876153849012e-11,-7.03581612812545e-10,3.88736007629945e-10,1.01214978949518e-09,1.30175357207465e-10,-6.19008723348806e-11,-5.33519629068533e-10,6.4186612421296e-10,-8.14089296189888e-10,9.46275997572427e-11,1.47679379361332e-09,7.66977551743503e-10,6.20059493028533e-10,-7.09480412878833e-10,3.75526054132594e-10,-1.58983285698178e-11,1.01544302978742e-09,2.95968835682337e-10,-8.18300441723862e-10,-5.97223605241836e-11,-6.75156292965754e-10,2.46053117196315e-10,8.58942552304899e-10,-8.55237968662489e-10,-4.18266763674371e-10,1.42173945421059e-10,6.47562137652345e-10,1.92283772852378e-11,9.53970969485628e-10,-7.71117004604495e-10,1.48213666226259e-10,-7.55268186409296e-10,-5.39478320226263e-10,3.33716576890896e-10,3.62160460241668e-10,5.03667486933302e-10,9.11556878995902e-11,-4.54131873304936e-10,8.20006639656714e-10,8.55917533560349e-10,-3.21230268920389e-11,6.5746860309671e-10,-1.92220804657239e-11,-4.28096719364294e-10,-6.25481169449947e-11,-5.72567580552799e-10,4.85940767062975e-10,4.34531934080722e-10,1.73502704414358e-10,-5.19039065089678e-10,-3.18091866636372e-10,7.35629744598646e-10,-2.91422391675372e-10,-3.7041024996373e-10,1.1896767034834e-09,-1.44729305164074e-10,1.20400223094852e-09,9.48270637843392e-11,-8.12728891649615e-10,-6.63428569638196e-10,4.6812505261436e-10,-5.79691916923567e-10,4.21887181609237e-10,-1.31904892128865e-10,-4.34500758903945e-10,-1.06255621293833e-10,4.15130117987998e-10,-1.30865708052286e-10,-4.04741857769741e-10,-1.82460028275386e-09,2.93749608856764e-10,-8.86518990346153e-10,-2.33403788744078e-10,6.13991866623088e-10,1.82335563911087e-10,3.04749698352131e-10,2.4191325473662e-10,-6.53568794971791e-10,-5.3170930767984e-10,1.62257228465318e-10,6.05425514721323e-10,6.03838985130302e-10,-9.47530395915347e-10,-5.28230564495665e-10,-7.26517612610197e-10,-1.58059505116448e-10,-3.95372318073338e-10,-3.56103420853379e-10,-1.43499908692263e-09,-2.8845430475983e-12,7.46564434640604e-11,5.93468559737031e-10,-1.03000127466329e-09,4.62055181638365e-10,1.0815124413839e-10,1.44838727042631e-10,-3.39153691764219e-10,-7.98390333006554e-11,3.60125401898477e-10,7.50368964038575e-11,1.33930370806472e-10,-1.80155678488694e-10,-2.86022801277571e-10,3.24146164287822e-11,4.87057204492024e-10,-1.32206978798192e-09,2.30725995234081e-10,5.54522225635455e-10,-1.01771167603245e-09,-5.59980715842399e-10,4.59888529767002e-11,-2.02786894460263e-10,3.58749350449606e-11,-2.43923444504976e-11,-1.1778044394447e-10,6.74425489846008e-10,-4.03458596762812e-10,2.70361569047472e-10,-1.11511576180156e-10,-1.63171057289787e-11,4.57941969795782e-10,-2.03070316588416e-10,-6.0508281855628e-10,3.59277593518587e-10,5.08339176382528e-10,-3.077520231976e-11,-9.70934255738984e-11,-9.74212368531792e-11,2.56112843724097e-11,2.73594506409008e-11,9.00324771124927e-10,2.23235039265372e-10,2.2507565540249e-10,5.74640065021233e-11,2.42442131829258e-10,-1.93741594174749e-10,1.19357497109912e-10,-1.28622309691714e-10,1.1763309745737e-09,4.64010720985882e-10,1.99475696496807e-10,-6.44042192403807e-10,-9.1063438462119e-10,8.00669180073516e-11,-4.80361686786058e-10,7.80603117916381e-11,-7.51167940351203e-10,1.06780556988741e-09,6.05927458066995e-10,-6.94737868436413e-10,5.47380597245864e-10,-5.42772968359858e-10,-3.80903478447624e-10,3.09133519410811e-10,-6.79040645067655e-10,-9.50253845238058e-10,-5.71214838576598e-10,-4.23451847917754e-10,-5.26250561668361e-10,-1.81099060326133e-10,-1.47565952322097e-10,3.06417657060479e-10,-9.84011009726583e-10,1.82518098733509e-10,-6.18526982140844e-10,-7.23380511786599e-10,-1.29808770324359e-10,6.68419636759474e-10,7.21623934400667e-10,-8.90361011574947e-10,-1.34306052474693e-10,-8.34438778830224e-10,-5.65872730323685e-10,-2.41554476307756e-10,-8.43094229479287e-10,-6.75228550940493e-10,3.11419508997915e-10,-1.14631880778552e-10,8.55744977861933e-10,1.9684962790506e-11,-7.35235706159618e-10,-3.38055583391238e-10,2.7886868529286e-10,8.18609813187164e-10,3.61945270027742e-10,1.31334115614604e-10,1.35421797161739e-10,-2.06227757234335e-10,8.0293601238155e-10,4.5035457428306e-10,6.98015868024538e-10,5.13047035720587e-11,-3.73468887985475e-10,-2.65611572422233e-11,4.01890434331918e-10,-1.05628609357821e-10,3.15873980281637e-11,-2.21016511793062e-10,-6.17253228364684e-11,-4.14318058239573e-10,-4.37285089247795e-11,-4.50191728770173e-10,1.70706637887946e-10,3.5556301557126e-10,1.32608518918984e-11,1.9014855265014e-10,7.05192991976411e-10,-7.45265653899002e-11,-8.58098665965353e-10,9.78462450727382e-10,4.03815914080015e-11,3.32358926674328e-10,6.98175907885868e-10,4.63976879358876e-10,-1.1127776683253e-10,3.03071941399831e-10,4.34052965824341e-10,1.00102671635008e-09,-1.53494241526802e-10,-1.08295540827049e-12,1.52044731618211e-10,2.0079362708592e-10,-1.23783280548817e-09,2.14783070513987e-11,-2.38403820961761e-10,-1.48234787803794e-10,2.74002690789924e-10,-6.55216120655947e-10,1.62414753316346e-10,4.96983399283526e-10,2.78599264566371e-10,6.96093139288262e-11,-1.57729197288372e-10,3.37889697634464e-10,7.41686517714599e-10,3.44109197463776e-10,2.66434172749879e-10,2.58787524125704e-10,-3.43242449851427e-10,4.00508912759902e-10,-8.37704729390445e-11,1.57874538637704e-10,2.45763783373387e-10,-4.22418533349086e-10,8.61749740008255e-11,8.97677461417819e-11,-3.779654485641e-10,4.90222971861477e-12,9.26461312799271e-12,2.93136549095721e-10,-2.30553117746876e-10,-3.48660284432526e-10,-5.41650028758351e-10,-1.08283735358801e-09,-1.34371623067665e-10,1.06310730030297e-09,-3.52680586867987e-10,-2.41195913186e-10,5.87452012116929e-10,-3.94283056867503e-12,-1.69710727190758e-10,2.64543524856188e-10,6.64445404079206e-11,-1.73815478709128e-10,-7.32722429599901e-10,-5.33158427515591e-10,-8.86883129428899e-10,-4.43132749379996e-10,-3.92241034419673e-10,-1.37431305552655e-10,-5.45379806012162e-10,9.63715495406906e-11,-1.01533675042858e-10,4.73767802065979e-10,-1.03385910962113e-10,-7.29658119127347e-10,6.61312136054026e-10,-6.70671585659041e-10,-3.60670097534282e-11,5.94655028864227e-10,7.25139114407901e-10,-5.78919343650268e-10,5.27321309995069e-10,4.22872170504973e-10,3.26018794973409e-10,-4.48007533644325e-10,2.13678711664391e-10,-1.06658088049789e-09,3.7101813092574e-10,-1.04096157136791e-10,4.13308784755389e-10,-9.77666380816309e-10,-6.52347765163369e-10,-4.68621270682078e-10,-1.69358698444284e-10,-1.38265803297751e-10,2.82517750244309e-10,-1.48087410152431e-10,3.54314921693991e-10,3.95216095027601e-10,2.30547801117514e-10,-2.79802026978769e-11,3.27670444438306e-10,-2.20124201014297e-10,1.91374106210885e-11,-2.01888147487187e-11,6.60016259948056e-10,2.35364486889708e-10,6.60861775491012e-11,1.53052283065481e-10,-4.82935390469925e-11,-3.99724410152303e-10,-6.35786098687656e-11,-2.14158071575598e-11,3.75931568207142e-10,-1.0907180505474e-10,2.20004819940852e-10,4.23365053799894e-10,-6.02471575272273e-10,-9.61761715406027e-11,-3.28450131399407e-10,7.62835291880818e-10,-1.90921479508231e-10,5.34270092151079e-11,2.06488378302996e-11,6.04831527831464e-10,6.72727939658893e-10,-1.60799861390869e-10,1.11275691748583e-10,-5.58071657270152e-12,-1.15910563695554e-11,-3.00631697210037e-10,-6.43772061467508e-10,9.68691929382723e-11,-3.34469674941179e-11,-4.46562396425898e-10,4.83043680337919e-10,7.37396930667742e-10,4.67640508584998e-11,2.25308298706978e-11,-3.79296085517695e-10,2.94426222372104e-10,-2.33609239959378e-10,-8.79358868636381e-10,-6.47654967727282e-10,-9.2527114172425e-11,-1.85780522443051e-11,-8.77185387487842e-10,4.94259124225313e-10,6.30173028617501e-10,-3.85443213072953e-11,-3.68882678820448e-10,8.4683019658714e-10,-5.87665011216749e-10,-6.10958643588544e-10,5.61298830004253e-10,3.12908187994773e-10,-4.15909983101001e-12,1.03499625796597e-09,2.34939083642004e-10,5.35567154646716e-10,3.68892593898745e-11,-2.09721985974668e-10,-4.42440875651926e-10,-1.29042249174617e-10,-8.28311298586665e-10,-7.69613306045407e-10,-1.67105102163444e-10,1.9113379075744e-10,-5.35380031470308e-10,-9.95478578773945e-10,3.74136677853305e-10,7.37051303209343e-11,7.20504421662505e-10,7.14667265682216e-11,-9.83301122407749e-10,-1.75108311160873e-11,3.29872864200648e-10,3.19479057975215e-10,-4.29340290286292e-10,-2.54872730862029e-10,-2.36922614661288e-11,2.84842674918551e-10,-2.07886160682301e-10,-6.05219516896398e-11,1.1033153157413e-10,9.51327384330518e-10,2.31427743285083e-10,-4.29880626158139e-10,3.87531872882339e-10,3.13983566495436e-10,-7.95524592267586e-11,-4.71748167513326e-10,1.6505269102166e-10,-2.39463784811515e-10,3.11405818018227e-10,9.88893885409305e-10,1.26699174085792e-10,-1.08727061792905e-10,-8.23856465680221e-11,3.64681726302352e-14,1.72499267092167e-10,3.74442914462582e-10,-3.17362368944146e-10,4.65785004622081e-10,4.49935485865921e-11,-1.15823807506705e-09,-1.81273918977238e-10,-9.16290485394303e-10,1.56725208763127e-10,4.36156198803198e-10,-6.3839465119705e-11,-1.30154923842669e-10,5.79428681162939e-10,2.56256653720108e-10,6.12855774361745e-10,-4.39151429180097e-10,4.41492881287372e-10,4.98456051927992e-10,-6.59981708103656e-10,1.79898060168011e-10,-5.99246654637938e-10,7.63174142428457e-10,-6.14596638361696e-11,-1.16407173270116e-10,5.93930085620617e-10,-3.91231512169156e-11,-1.11546144417976e-10,7.91244861445187e-10,8.15197866648377e-10,-6.82388297055793e-10,-4.89207041466049e-10,2.32343218861772e-10,-5.92215722910253e-10,-1.3372290928891e-10,-7.83279838757351e-10,-1.25966317367571e-09,5.35349097807203e-10,-3.66756742542875e-11,-8.38330928861835e-10,2.65014056631356e-10,-1.03430428302405e-09,8.99358148847606e-11,-4.57295772688826e-10,-1.14572487925398e-10,-1.45771211478698e-10,-2.29494642899172e-10,-5.0500402101517e-10,9.72889909201009e-11,-7.90949050172561e-11,1.85806105619599e-10,-1.49894506361793e-10,9.64911068793972e-11,-1.00952523881217e-09,-7.62661015072127e-10,-8.24917208651929e-10,-5.33963009209764e-10,-5.16968891343636e-10,9.23840789522377e-10,-3.66553487000653e-10,-2.03504516576463e-10,2.30200044909046e-10,1.40082459132327e-10,-2.04031346912582e-10,2.75148326033016e-10,1.89877515283212e-10,2.02671551484997e-10,-1.69133436476e-10,2.88828902623363e-10,6.94678734393427e-10,-8.98704478458888e-10,-1.46299876060447e-10,3.83233071448896e-10,3.52129664756006e-10,-3.13862596643668e-10,1.7663044049382e-11,3.59048785009343e-10,-2.99187793957546e-10,-4.51884366895852e-10,-1.27466299184364e-10,7.65369833788623e-10,9.70219196019108e-10,5.03404255022939e-10,1.37687855824617e-11,-4.18162987150542e-10,3.98752773526727e-10,-3.53939717600905e-10,1.90627016320628e-10,-1.28250135909849e-10,6.43804735499093e-10,4.98010580792245e-10,2.97925000481209e-10,-1.39402412544987e-10,-3.27779550016465e-10,2.98509926212145e-11,-5.0189682886736e-10,-2.07348255406042e-10,-4.00013368099035e-11,-1.45434461723902e-10,1.7155667532379e-09,1.24107559592503e-10,1.04277144417352e-10,2.205569362279e-10,3.24350015149549e-10,1.09693034414147e-09,-1.05552948640504e-09,1.78019557407719e-10,1.14528215887801e-10,-2.10392772246112e-10,2.77074083682982e-10,4.80008168144691e-10,3.68721590565932e-10,6.90029071294265e-10,-4.51611787763744e-10,-3.41444933030928e-10,-4.49029248263343e-10,-6.14864226431946e-10,-2.99187782372849e-11,1.40025802608768e-10,6.6744605713534e-10,-5.26850102243626e-10,-5.31843582545537e-10,2.07512932882084e-10,-1.43268802733217e-10,-4.4011553768412e-11,1.03086277996838e-09,2.37156045960753e-10,-1.46296949706448e-10,7.62595918581814e-10,8.12900995421964e-10,5.08736566010372e-10,-6.60243739909132e-10,1.12754966825356e-10,-3.60275414109439e-10,-9.07829306792072e-11,1.36883574139112e-11,6.77324767676835e-10,8.7813067508728e-10,-1.04085108031781e-10,8.18233708557566e-10,2.52213499555761e-10,-6.67525026688044e-10,-3.91277403672627e-10,6.4080456866101e-11,2.69825895508882e-10,5.02634420485957e-10,-6.2606464083321e-10,-8.2337162811181e-11,3.23243438883578e-10,2.98371819065132e-11,-8.10274442045827e-10,-6.63894913086634e-10,-5.04402427235668e-10,-1.18591853850535e-09,-8.55934141587937e-10,2.82789504157163e-10,3.80430716499089e-10,5.27115961719834e-10,3.50891055532344e-10,-1.04022079908901e-11,-9.22242167564293e-10,1.04994440884587e-10,-1.48225119092468e-10,-5.01714297379762e-10,-9.85442885627416e-10,6.92642826677651e-10,4.06608057779324e-10,-7.70448636549956e-10,6.52012011301655e-10,2.65592096001779e-10,-1.37253561786301e-11,-6.52714508915542e-11,7.86540758947162e-10,4.02193997932829e-11,-5.26791995026277e-10,1.16085586393752e-11,-2.58086609504479e-10,-1.04422448367417e-10,5.43085285126985e-10,-2.65225947305091e-10,-2.11847811244919e-10,5.63533284627798e-11,-2.7792199321143e-10,-4.38141378236116e-10,4.57900723506688e-10,-6.30126021951849e-10,3.19602172011561e-10,5.51571822476564e-10,-6.20421805164029e-10,-2.02509554506217e-10,-2.30341354652321e-10,-2.14917295246184e-10,-6.58254130907723e-10,2.869038980948e-10,2.65649870608432e-10,1.97068001707106e-11,1.43890099399123e-10,9.51059934533182e-10,4.9246409355251e-10,2.95367278915755e-10,8.18830402767742e-10,-1.5231586923544e-11,-1.44553073288429e-12,-1.26306147511991e-10,2.60634672639589e-10,-1.17331668971532e-09,6.44628144648786e-10,1.66629462474892e-10,8.69453638271611e-10,6.43658543959944e-10,-2.03470057362309e-11,3.6832357474414e-11,-1.50307270808056e-09,7.81644530715377e-11,-3.11586423261967e-11,6.88277212353245e-10,-1.31756672722308e-11,4.8489366445426e-10,2.70765246220966e-10,6.16898317900869e-11,2.69243155175192e-10,4.6682707719338e-10,2.04981591144734e-10,6.26380473825715e-10,-2.30949702328183e-10,-3.28789790026006e-10,-9.00100570783368e-12,2.86665022543813e-10,4.71934427662527e-10,-1.68822912301844e-10,1.90127957444379e-10,7.85658203238836e-10,4.78616459599888e-11,2.6126500719322e-10,-4.6401727941943e-10,4.36832119758429e-10,9.82652139088112e-11,8.01473570101193e-11,-5.05998896393641e-10,-1.2251116069803e-10,-6.36068106467731e-11,6.7652384200289e-10,-3.02602251268226e-10,1.76020923472918e-11,-3.62978391912741e-10,4.6717382494544e-10,4.15660208059778e-11,-5.7029641412394e-10,-7.50023441352347e-10,-1.01680293639311e-10,1.16984009188881e-10,-6.40924711137825e-10,-1.44913970487547e-10,3.17433056101709e-10,6.25984036031267e-10,-5.38835408080729e-10,-1.00343877497532e-09,-2.58403888064612e-10,3.61746485461073e-10,2.61913470070491e-10,1.81398334890372e-11,2.72448339544776e-10,3.75990365855633e-11,-1.98233754512702e-10,2.66319828481077e-10,1.06829715555411e-09,6.41471669152638e-10,-6.27553268073215e-11,-5.73176399064054e-10,-2.97220477601866e-10,5.65883837645536e-11,6.576075579649e-10,-4.86401795720454e-10,3.22404552063383e-10,3.25436208180146e-10,2.39230103094424e-10,8.79866329100377e-10,7.04410424886219e-10,-1.27399626042243e-09,-7.59432211772254e-10,-1.13522089077665e-10,-4.81475188282227e-10,-5.51411685718929e-10,1.86353172839929e-10,-4.84156448993996e-10,-1.76547345225472e-10,-1.85231798743958e-11,3.98659366150741e-10,4.01709159685856e-10,3.68906237979169e-11,-1.45978694954566e-10,-1.58215310464617e-11,-6.16524016436844e-11,1.76772165516015e-10,1.64979312831295e-11,1.36188182877498e-10,3.35875247392572e-10,-5.03816867446767e-10,2.13555747953863e-10,-3.49176150644086e-10,-4.41699327419205e-10,-8.25898949542602e-11,4.20615818725846e-10,6.72586608805677e-10,-5.45955474505347e-12,3.1717794384805e-10,-1.37187320069275e-10,5.10539681804415e-10,-1.04347922498157e-10,-1.75891755020541e-09,-2.21149864107047e-10,-3.98621569595856e-11,-1.30044188390192e-09,1.09379217551297e-11,-6.74862356186742e-10,4.69069833752983e-10,1.59707894574534e-10,-1.77622884956154e-10,-1.5686819322214e-10,2.06763212406834e-10,-1.46202072057168e-10,-2.2869102047239e-10,-3.44587009395397e-10,-8.45098224819094e-10,2.49910059415549e-10,3.98886881584403e-10,-1.98033941050246e-10,-4.17945878228518e-10,-1.0289064555914e-10,5.66812916973497e-10,3.93194188021453e-11,8.96149935095975e-12,8.56450046747385e-10,1.32037121032679e-10,-3.19558758987272e-10,-6.55070018416166e-10,6.31292768977379e-10,1.83746779609619e-10,-3.95665220962506e-10,-1.91843422681547e-10,-3.42920164541233e-10,-1.14774891441257e-09,1.68511191454346e-10,-2.64403122018132e-10,1.65914915912716e-10,5.19865262260582e-10,5.25250052111215e-12,6.72865301170822e-11,6.26478390091294e-10,-8.22275268783923e-10,2.64183060517135e-10,9.40055335637575e-10,6.86715927595833e-10,1.67509317212288e-11,-2.04349247603118e-11,-1.79418585791679e-10,-1.79684818032114e-10,2.46386497579992e-10,-4.47648713379987e-10,2.08244174273927e-10,-3.39528362110462e-10,5.16122882970498e-10,1.18569221128781e-10,-1.13159323297119e-09,-5.4222429284868e-11,4.8183046445017e-10,-4.49596425013202e-10,-2.23818304975343e-10,4.09640332738203e-10,2.47544473575004e-11,-3.04544995929222e-10,3.90128344312216e-10,-9.17632679851091e-10,3.15432972987091e-11,5.57331570429616e-10,-2.67169266827013e-10,-3.85399332440607e-10,3.49966576461904e-10,7.58141261020461e-10,-4.92169029209433e-10,-7.34933391667365e-10,-4.48800604047902e-10,8.0875189062455e-10,-4.33377404010377e-10,-2.08868121369917e-10,7.34688412553133e-11,6.67261222423858e-10,5.21161967622049e-10,2.70750791472647e-10,-2.25502974235643e-10,3.02171783986297e-10,-3.40671155723342e-11,-4.52519916860573e-10,-2.20638585038507e-11,-3.34705803646597e-10,-6.49395302350786e-10,-1.33399804238997e-10,4.99833052521024e-10,5.35065795721681e-10,-3.90733908811666e-10,-2.29606392392131e-10,-1.11812692606991e-10,2.43077702649127e-10,2.63113466383963e-11,8.79119568056698e-10,4.01396395398747e-11,1.93745531929513e-10,6.90970099146097e-10,-1.94580205157105e-10,7.31401868764538e-10,-1.3909768038462e-10,8.72594352243673e-10,-4.13501785917806e-10,-3.46202886195021e-10,2.03818126858819e-10,-3.96149263027864e-10,4.70069022443306e-10,-2.1932177536858e-11,-5.49436818368498e-10,-6.10839504725748e-11,4.40380538489184e-10,4.58402894698781e-10,1.51932362323873e-10,1.85081341066521e-10,-6.90610532500359e-11,-2.60433304611164e-10,3.12675026984341e-10,5.7602556768868e-10,6.41162383028466e-10,-1.72967097896107e-10,-4.17703250667037e-10,2.17927248811877e-10,-8.13277039357081e-11,7.93565328678095e-10,1.37843596468435e-10,-5.62909736163268e-10,1.23129965871613e-09,-2.51406244623842e-10,-3.68231126642336e-10,-6.37246254554429e-10,-4.43011783169909e-13,-5.01975585737441e-10,6.9950680492351e-11,-1.306503888129e-10,-8.23193080369861e-10,-4.52235450145345e-10,3.05406013368903e-12,-3.68969943927192e-10,-7.94943146570137e-10,-2.74509377685914e-10,5.27898234321478e-10,6.12942418890054e-10,1.27328628289229e-09,-1.65758625060104e-10,-1.75729286277083e-10,4.43727170242328e-10,-2.39511665947368e-12,1.85991493723404e-10,7.26128866413472e-10,8.59702378821006e-10,4.20106927157979e-10,4.99783231987179e-10,-6.44359262445939e-10,1.86672884126087e-10,-3.80374203464281e-11,7.23691532753909e-11,3.0117693819506e-10,2.89888249556443e-10,6.25425096974144e-10,-4.91624990947873e-10,1.17309566170147e-10,9.77026479484602e-10,-8.53116568201163e-10,4.97670317359574e-10,-6.34123013630989e-10,-3.37362901220864e-10,5.79600869198824e-10,3.10785009924036e-10,1.24350242941111e-09,-5.88693562794251e-10,-5.69326053322968e-10,-1.09985519597117e-10,-2.42863217265529e-10,7.61541298209612e-10,-8.12662434346245e-10,4.31190356637902e-10,6.8022691025894e-10,-4.34558204706901e-10,1.53507252714665e-10,-4.79823358092872e-10,1.0440641177399e-09,9.20806205543446e-11,7.86058422548859e-11,-5.59773636419279e-10,-1.15493732749038e-10,-3.60653636099052e-10,-3.04375525363393e-10,3.23644033477212e-10,5.27332202386293e-10,6.22245509709961e-10,-4.29075113987839e-11,-6.58265413743998e-10,8.21178110319745e-10,8.35870628608938e-10,-6.52175441101296e-11,3.04508562499655e-10,3.29556768233961e-10,-8.59348278297008e-10,4.37103708541283e-10,5.13904655203907e-12,7.10822414122338e-10,-3.66248303102338e-10,2.15237376837511e-10,-2.07157123354881e-10,-3.15323386205282e-10,1.56601768606974e-10,-1.7047339090801e-10,-3.90430765715542e-10,-2.21796788261708e-10,2.84640617309471e-10,-1.6207031658001e-11,-3.14950953249217e-10,1.5923689632979e-10,-3.48117090628981e-10,-7.0020168496091e-10,-1.22919489926653e-10,-9.79147554778052e-10,8.92206329875255e-10,6.6677377233089e-10,3.82774514526974e-10,-1.1269892486087e-13,-4.9172523753924e-10,4.3164461706672e-10,2.29525486210487e-10,-3.95250460258014e-11,3.77417725069358e-10,-8.44453537091358e-10,2.38535714430282e-10,-4.91677191198906e-10,-2.37197818980227e-10,-4.77487413359283e-11,4.66635159737043e-10,4.48632610237837e-10,-4.21332534334878e-10,-3.42456097403207e-11,-8.70000537550294e-10,4.86432301479956e-10,2.45929602949821e-10,-8.80699766222357e-11,-4.00250123909682e-10,4.46895334498172e-10,-2.41011737475716e-10,6.36985409538228e-10,-7.37624116037677e-10,-2.22162168811648e-10,2.19641635155299e-10,-2.17241370103806e-11,1.27416288721212e-10,-2.62712623981832e-11,-6.23286168186763e-11,-3.36821319497756e-10,-2.57197561817493e-10,-6.21279251903671e-10,-6.56538240189864e-11,-4.82695033137264e-10,1.41615440880827e-10,5.7544343553787e-10,-3.10429297348494e-10,2.6474984830974e-10,-1.03819450083177e-11,-1.18214345982576e-10,-7.09155994904905e-10,-8.52005748102053e-11,2.37037569683646e-10,4.86499088898676e-10,1.19975518671551e-09,4.90174910634517e-10,7.77865499209859e-11,-1.88830078216078e-10,6.86638569954036e-10,-2.57805062089778e-10,7.31029235629328e-10,6.26156132699259e-11,1.36595290846684e-09,-7.61524246938178e-10,-3.44715801740969e-10,-5.34874572638785e-10,-7.22517291315869e-10,1.20171162694996e-09,5.00562090895829e-10,6.51888890329156e-10,-1.67692718608449e-10,-6.99652782694081e-11,8.68381630305006e-10,2.37618879384856e-10,-5.53354818833563e-11,3.97137261400981e-10,1.03327378514842e-09,-2.98662636676956e-10,3.36266849041787e-12,-4.11842355857496e-10,1.98339809236673e-10,-2.54030951093367e-10,-3.44206450408576e-10,-6.0669855593888e-11,-3.74928110992284e-10,7.14667364446991e-10,6.21965121078792e-10,4.73636332738937e-11,-6.22968576935536e-10,9.7071461455082e-10,-5.92512821290962e-10,-2.32745679635051e-10,7.16933068308725e-10,6.18242574002193e-10,-6.52488587127503e-11,2.71090472419807e-10,1.14178134313394e-10,2.84896456405943e-10,-8.78427453004744e-10,8.47161357220088e-10,1.18624467378834e-11,1.2239825808212e-10,-1.09826984565746e-09,-4.33673202119944e-10,2.81263327978613e-10,-3.51971105009739e-10,-3.38721882980468e-11,-4.47730704683982e-10,-8.6856789266158e-11,-1.38051568674476e-10,1.81899191330923e-10,-4.16558115508314e-10,5.13281315562357e-10,-4.33320057139646e-10,3.15030056744851e-10,-7.49997967383269e-10,-4.52556187292726e-10,1.96121052719851e-10,1.27489088988476e-11,4.75841177059591e-10,-8.62812296058146e-10,-4.47216746108691e-10,4.13101777050227e-10,-1.15785617231052e-10,-4.65411035481851e-10,-5.70471469132941e-11,7.7857983881195e-14,1.53305054140173e-09,7.54212898331003e-10,1.7996456158514e-10,1.05244160193032e-10,-1.05377463127716e-09,4.47941169238139e-10,1.56750600662525e-10,-6.04913164343877e-10,2.9686576349193e-11,-4.22758699593388e-10,-4.99042751034339e-10,-9.46931392792616e-10,-5.31621309872129e-10,-4.84085070423401e-10,-2.51985783222318e-12,-1.44474155764269e-09,-9.73719438296961e-10,-2.91412276748806e-10,-9.5014433647221e-10,-6.56612791205306e-10,-5.52880912534267e-10,-6.30439601811631e-10,-1.08248405868466e-09,-1.44413277548466e-09,-1.14555341215597e-09,-1.0016404540078e-09,-1.56261991871218e-09,-1.02362198058786e-09,-2.15923017182067e-09,-1.49238267819748e-09,-2.04945270833295e-09,-2.53091675527606e-09,-2.16953553044485e-09,-2.25620544799697e-09,-1.35310937404802e-09,-2.15908699185726e-09,-2.58753023901363e-09,-2.36609542239723e-09,-2.09116074661197e-09,-2.1681272314623e-09,-1.44851565453786e-09,-1.35881213072856e-09,-3.39708212017378e-09,-2.3931439139559e-09,-3.43495093230651e-09,-2.1612327552269e-09,-2.32611900935006e-09,-3.59146572184512e-09,-2.35687840892527e-09,-3.78690261367274e-09,-3.41222546439008e-09,-3.87557292953522e-09,-3.21607674023943e-09,-3.20032421738423e-09,-3.65837096382431e-09,-3.71419250561508e-09,-2.79123060714925e-09,-4.3136011927734e-09,-2.96830123553364e-09,-3.6772986006284e-09,-3.36950723914512e-09,-4.24538413575521e-09,-4.56214186247817e-09,-3.88288551029497e-09,-4.82240824370188e-09,-5.32899577934868e-09,-4.67947884378601e-09,-4.35787600811187e-09,-4.83027808611959e-09,-5.03040768503835e-09,-5.69192430791576e-09,-5.57883178317057e-09,-5.98665638370235e-09,-5.65034639278002e-09,-4.34899604058817e-09,-5.45655239879466e-09,-5.38232488223758e-09,-5.92637421133425e-09,-5.57973982799079e-09,-5.35619724416376e-09,-5.92884497864711e-09,-6.19936273622493e-09,-6.28620581230505e-09,-5.051634073418e-09,-5.91097173703131e-09,-5.51494406585236e-09,-6.01820124119236e-09,-6.09639238449393e-09,-5.4998151446345e-09,-5.55417052580703e-09,-5.48834301745188e-09,-5.18638092079877e-09,-5.63978951971717e-09,-4.49484681432425e-09,-5.0975000386053e-09,-3.91253604118259e-09,-3.76974936479589e-09,-3.10692263807488e-09,-2.0082461300777e-09,-1.10968692644914e-09,6.40938406422047e-10,1.17096926757487e-09,4.31673686171419e-09,5.95589011509402e-09,9.80317616218365e-09,1.46764577932462e-08,1.95737043812945e-08,2.66737540899622e-08,3.78002821614294e-08,5.35212381957121e-08
