v,0.25
Patm,100000
g,9.81
r,500
G,10^9.5
rho,2700
mu,10^2.69
rc,14
 
M,10^5.68
sigma,0.25
 
tilt_erupt,59.8471nrad
 
-1387,-1386,-1385,-1384,-1383,-1382,-1381,-1380,-1379,-1378,-1377,-1376,-1375,-1374,-1373,-1372,-1371,-1370,-1369,-1368,-1367,-1366,-1365,-1364,-1363,-1362,-1361,-1360,-1359,-1358,-1357,-1356,-1355,-1354,-1353,-1352,-1351,-1350,-1349,-1348,-1347,-1346,-1345,-1344,-1343,-1342,-1341,-1340,-1339,-1338,-1337,-1336,-1335,-1334,-1333,-1332,-1331,-1330,-1329,-1328,-1327,-1326,-1325,-1324,-1323,-1322,-1321,-1320,-1319,-1318,-1317,-1316,-1315,-1314,-1313,-1312,-1311,-1310,-1309,-1308,-1307,-1306,-1305,-1304,-1303,-1302,-1301,-1300,-1299,-1298,-1297,-1296,-1295,-1294,-1293,-1292,-1291,-1290,-1289,-1288,-1287,-1286,-1285,-1284,-1283,-1282,-1281,-1280,-1279,-1278,-1277,-1276,-1275,-1274,-1273,-1272,-1271,-1270,-1269,-1268,-1267,-1266,-1265,-1264,-1263,-1262,-1261,-1260,-1259,-1258,-1257,-1256,-1255,-1254,-1253,-1252,-1251,-1250,-1249,-1248,-1247,-1246,-1245,-1244,-1243,-1242,-1241,-1240,-1239,-1238,-1237,-1236,-1235,-1234,-1233,-1232,-1231,-1230,-1229,-1228,-1227,-1226,-1225,-1224,-1223,-1222,-1221,-1220,-1219,-1218,-1217,-1216,-1215,-1214,-1213,-1212,-1211,-1210,-1209,-1208,-1207,-1206,-1205,-1204,-1203,-1202,-1201,-1200,-1199,-1198,-1197,-1196,-1195,-1194,-1193,-1192,-1191,-1190,-1189,-1188,-1187,-1186,-1185,-1184,-1183,-1182,-1181,-1180,-1179,-1178,-1177,-1176,-1175,-1174,-1173,-1172,-1171,-1170,-1169,-1168,-1167,-1166,-1165,-1164,-1163,-1162,-1161,-1160,-1159,-1158,-1157,-1156,-1155,-1154,-1153,-1152,-1151,-1150,-1149,-1148,-1147,-1146,-1145,-1144,-1143,-1142,-1141,-1140,-1139,-1138,-1137,-1136,-1135,-1134,-1133,-1132,-1131,-1130,-1129,-1128,-1127,-1126,-1125,-1124,-1123,-1122,-1121,-1120,-1119,-1118,-1117,-1116,-1115,-1114,-1113,-1112,-1111,-1110,-1109,-1108,-1107,-1106,-1105,-1104,-1103,-1102,-1101,-1100,-1099,-1098,-1097,-1096,-1095,-1094,-1093,-1092,-1091,-1090,-1089,-1088,-1087,-1086,-1085,-1084,-1083,-1082,-1081,-1080,-1079,-1078,-1077,-1076,-1075,-1074,-1073,-1072,-1071,-1070,-1069,-1068,-1067,-1066,-1065,-1064,-1063,-1062,-1061,-1060,-1059,-1058,-1057,-1056,-1055,-1054,-1053,-1052,-1051,-1050,-1049,-1048,-1047,-1046,-1045,-1044,-1043,-1042,-1041,-1040,-1039,-1038,-1037,-1036,-1035,-1034,-1033,-1032,-1031,-1030,-1029,-1028,-1027,-1026,-1025,-1024,-1023,-1022,-1021,-1020,-1019,-1018,-1017,-1016,-1015,-1014,-1013,-1012,-1011,-1010,-1009,-1008,-1007,-1006,-1005,-1004,-1003,-1002,-1001,-1000,-999,-998,-997,-996,-995,-994,-993,-992,-991,-990,-989,-988,-987,-986,-985,-984,-983,-982,-981,-980,-979,-978,-977,-976,-975,-974,-973,-972,-971,-970,-969,-968,-967,-966,-965,-964,-963,-962,-961,-960,-959,-958,-957,-956,-955,-954,-953,-952,-951,-950,-949,-948,-947,-946,-945,-944,-943,-942,-941,-940,-939,-938,-937,-936,-935,-934,-933,-932,-931,-930,-929,-928,-927,-926,-925,-924,-923,-922,-921,-920,-919,-918,-917,-916,-915,-914,-913,-912,-911,-910,-909,-908,-907,-906,-905,-904,-903,-902,-901,-900,-899,-898,-897,-896,-895,-894,-893,-892,-891,-890,-889,-888,-887,-886,-885,-884,-883,-882,-881,-880,-879,-878,-877,-876,-875,-874,-873,-872,-871,-870,-869,-868,-867,-866,-865,-864,-863,-862,-861,-860,-859,-858,-857,-856,-855,-854,-853,-852,-851,-850,-849,-848,-847,-846,-845,-844,-843,-842,-841,-840,-839,-838,-837,-836,-835,-834,-833,-832,-831,-830,-829,-828,-827,-826,-825,-824,-823,-822,-821,-820,-819,-818,-817,-816,-815,-814,-813,-812,-811,-810,-809,-808,-807,-806,-805,-804,-803,-802,-801,-800,-799,-798,-797,-796,-795,-794,-793,-792,-791,-790,-789,-788,-787,-786,-785,-784,-783,-782,-781,-780,-779,-778,-777,-776,-775,-774,-773,-772,-771,-770,-769,-768,-767,-766,-765,-764,-763,-762,-761,-760,-759,-758,-757,-756,-755,-754,-753,-752,-751,-750,-749,-748,-747,-746,-745,-744,-743,-742,-741,-740,-739,-738,-737,-736,-735,-734,-733,-732,-731,-730,-729,-728,-727,-726,-725,-724,-723,-722,-721,-720,-719,-718,-717,-716,-715,-714,-713,-712,-711,-710,-709,-708,-707,-706,-705,-704,-703,-702,-701,-700,-699,-698,-697,-696,-695,-694,-693,-692,-691,-690,-689,-688,-687,-686,-685,-684,-683,-682,-681,-680,-679,-678,-677,-676,-675,-674,-673,-672,-671,-670,-669,-668,-667,-666,-665,-664,-663,-662,-661,-660,-659,-658,-657,-656,-655,-654,-653,-652,-651,-650,-649,-648,-647,-646,-645,-644,-643,-642,-641,-640,-639,-638,-637,-636,-635,-634,-633,-632,-631,-630,-629,-628,-627,-626,-625,-624,-623,-622,-621,-620,-619,-618,-617,-616,-615,-614,-613,-612,-611,-610,-609,-608,-607,-606,-605,-604,-603,-602,-601,-600,-599,-598,-597,-596,-595,-594,-593,-592,-591,-590,-589,-588,-587,-586,-585,-584,-583,-582,-581,-580,-579,-578,-577,-576,-575,-574,-573,-572,-571,-570,-569,-568,-567,-566,-565,-564,-563,-562,-561,-560,-559,-558,-557,-556,-555,-554,-553,-552,-551,-550,-549,-548,-547,-546,-545,-544,-543,-542,-541,-540,-539,-538,-537,-536,-535,-534,-533,-532,-531,-530,-529,-528,-527,-526,-525,-524,-523,-522,-521,-520,-519,-518,-517,-516,-515,-514,-513,-512,-511,-510,-509,-508,-507,-506,-505,-504,-503,-502,-501,-500,-499,-498,-497,-496,-495,-494,-493,-492,-491,-490,-489,-488,-487,-486,-485,-484,-483,-482,-481,-480,-479,-478,-477,-476,-475,-474,-473,-472,-471,-470,-469,-468,-467,-466,-465,-464,-463,-462,-461,-460,-459,-458,-457,-456,-455,-454,-453,-452,-451,-450,-449,-448,-447,-446,-445,-444,-443,-442,-441,-440,-439,-438,-437,-436,-435,-434,-433,-432,-431,-430,-429,-428,-427,-426,-425,-424,-423,-422,-421,-420,-419,-418,-417,-416,-415,-414,-413,-412,-411,-410,-409,-408,-407,-406,-405,-404,-403,-402,-401,-400,-399,-398,-397,-396,-395,-394,-393,-392,-391,-390,-389,-388,-387,-386,-385,-384,-383,-382,-381,-380,-379,-378,-377,-376,-375,-374,-373,-372,-371,-370,-369,-368,-367,-366,-365,-364,-363,-362,-361,-360,-359,-358,-357,-356,-355,-354,-353,-352,-351,-350,-349,-348,-347,-346,-345,-344,-343,-342,-341,-340,-339,-338,-337,-336,-335,-334,-333,-332,-331,-330,-329,-328,-327,-326,-325,-324,-323,-322,-321,-320,-319,-318,-317,-316,-315,-314,-313,-312,-311,-310,-309,-308,-307,-306,-305,-304,-303,-302,-301,-300,-299,-298,-297,-296,-295,-294,-293,-292,-291,-290,-289,-288,-287,-286,-285,-284,-283,-282,-281,-280,-279,-278,-277,-276,-275,-274,-273,-272,-271,-270,-269,-268,-267,-266,-265,-264,-263,-262,-261,-260,-259,-258,-257,-256,-255,-254,-253,-252,-251,-250,-249,-248,-247,-246,-245,-244,-243,-242,-241,-240,-239,-238,-237,-236,-235,-234,-233,-232,-231,-230,-229,-228,-227,-226,-225,-224,-223,-222,-221,-220,-219,-218,-217,-216,-215,-214,-213,-212,-211,-210,-209,-208,-207,-206,-205,-204,-203,-202,-201,-200,-199,-198,-197,-196,-195,-194,-193,-192,-191,-190,-189,-188,-187,-186,-185,-184,-183,-182,-181,-180,-179,-178,-177,-176,-175,-174,-173,-172,-171,-170,-169,-168,-167,-166,-165,-164,-163,-162,-161,-160,-159,-158,-157,-156,-155,-154,-153,-152,-151,-151,-150,-149,-148,-147,-146,-145,-144,-143,-142,-141,-140,-139,-138,-137,-136,-135,-134,-133,-132,-131,-130,-129,-128,-127,-126,-125,-124,-123,-122,-121,-120,-119,-118,-117,-116,-115,-114,-113,-112,-111,-110,-109,-108,-107,-106,-105,-104,-103,-102,-101,-100,-99,-98,-97,-96,-95,-94,-93,-92,-91,-90,-89,-88,-87,-86,-85,-84,-83,-82,-81,-80,-79,-78,-77,-76,-75,-74,-73,-72,-71,-70,-69,-68,-67,-66,-65,-64,-63,-62,-61,-60,-59,-58,-57,-56,-55,-54,-53,-52,-51,-50,-49,-48,-47,-46,-45,-44,-43,-42,-41,-40,-39,-38,-37,-36,-35,-34,-33,-32,-31,-30,-29,-28,-27,-26,-25,-24,-23,-22,-21,-20,-19,-18,-17,-16,-15,-14,-13,-12,-11,-10,-9,-8,-7,-6,-5,-4,-3,-2,-1,0
1.94298127438711e-10,3.9299438541484e-10,2.67868709243541e-11,1.94037049475798e-10,-2.42849254104309e-10,2.04744976329317e-11,-5.62198820606069e-10,5.79606823172296e-10,-2.37614730865973e-10,-2.63219005713634e-10,-1.45187383415277e-10,-1.84090247761848e-10,-2.55324988657932e-10,-1.03644654123628e-10,1.38008132313673e-10,-5.37796572990301e-11,1.2596063281818e-10,1.26663082560997e-10,9.10464718711233e-12,-4.37344107394494e-10,3.19748034344537e-10,1.71176995115661e-10,3.62719206753345e-11,4.39053574813911e-10,-7.8717611045711e-11,-9.41497345088985e-11,3.51012199251157e-10,-2.46480265307203e-10,-1.27676882904027e-10,-9.22484853495625e-10,-2.96189800123352e-10,-2.58145667923745e-11,4.80164687603629e-10,1.25095137501765e-10,-5.47440953390107e-10,-1.45684279741159e-10,2.23389017330699e-10,-4.8144638351934e-10,1.86870914251439e-10,-1.6920891153275e-10,-1.45486771292318e-10,-3.91834574072214e-11,2.77016478937232e-10,1.65780804512824e-10,-3.01289795297675e-10,-2.28866609309299e-10,3.64259746979614e-12,-3.51668015071144e-10,-5.07324758561393e-11,5.95857036711018e-11,5.67355081812812e-11,1.18717295770604e-10,-2.69430376327581e-10,7.67082628556767e-11,3.07128432329464e-10,-2.06753353387151e-10,-2.29716622554967e-11,9.12034261298291e-12,9.8482209467654e-11,-9.08991337862141e-11,1.22276128410858e-10,-1.78005537628945e-10,5.41813288293333e-11,-1.53476673934678e-10,-3.88653181264312e-10,-4.55097465572587e-11,-1.83860504729115e-10,-1.31313621807882e-10,1.01474722368275e-10,-2.58024327217029e-10,2.29539606940634e-10,8.81150169888535e-11,-2.3701258057668e-10,-1.69198156976092e-10,2.47492494959645e-11,-1.88077445438938e-10,-1.48073661821356e-10,1.57060105849405e-10,6.60610074208479e-11,2.04284809501325e-10,4.76710933379067e-13,-1.52036902617014e-11,2.14580878849086e-10,1.10168663185543e-10,-1.32139823196149e-10,2.18691330703405e-10,2.29839730414935e-10,1.58970053410141e-10,2.4422435932655e-10,-3.187480468547e-10,9.48929905321714e-11,-1.26652925030988e-10,8.1911794515057e-11,-3.42272934545453e-11,2.24842112382215e-11,3.23948375470597e-10,2.59981107522815e-10,-1.7288497877326e-10,-5.20919889376181e-10,4.66139355972192e-10,-2.45187288767355e-11,-2.51518158063342e-11,-3.46833853950729e-11,-1.01295080628056e-10,3.7673737011861e-12,-3.76774603938428e-10,-4.58338138070806e-10,3.0144357110936e-10,-2.93631060601731e-10,9.12953313535411e-11,2.49716298238044e-10,2.32377296528873e-10,-1.34933251608009e-10,-1.3909750287886e-10,1.25512687163462e-10,-5.77486094878552e-10,4.19779240692551e-11,5.34803667113579e-10,-1.77163528528811e-10,-1.46656811261889e-10,2.11100255686539e-10,4.91450815231901e-11,1.38494143632051e-10,3.58351353759162e-11,-6.65980361846639e-11,-7.76751701674306e-11,3.14132748378082e-10,1.46017462693419e-10,-3.94313769437441e-10,-3.65909535288976e-10,-2.67651214805053e-11,-1.59906891621089e-10,2.90933046519589e-11,2.60968776450414e-10,-9.0308030315957e-11,8.19383803754227e-11,4.70716077292632e-10,5.11946636873512e-10,-3.19992420261499e-11,-1.80286296520928e-10,-2.21328046511328e-10,5.75678621971862e-10,-2.44049153685157e-10,-2.64304278048659e-10,-1.3672109719444e-10,2.25554107418716e-10,-8.01374967176623e-11,3.67549282905357e-10,1.08100937278278e-10,-3.15876434271268e-10,-1.39746477619396e-10,3.98757261362641e-10,-2.10432043239404e-10,-1.39278703058138e-10,-4.00175403443539e-11,-3.73842574091937e-10,-1.1315929061849e-10,1.51118111494883e-10,-5.97067174005928e-10,-2.33516189575079e-11,-8.61052935485577e-11,-2.84077878123661e-10,-3.78543268453414e-10,-3.2689031626696e-10,2.74060242017308e-10,-9.75731132499159e-11,-4.75316276488097e-10,-8.16490512567941e-11,3.23580107598976e-11,3.12860115289549e-11,1.15168922143272e-10,-1.74065555628926e-11,-3.22563385388825e-10,-8.80840311175273e-11,-1.41638925368541e-10,-1.91194488787593e-10,7.26446957214729e-11,-1.6624746549273e-11,2.94929004166034e-11,1.08609200249091e-11,-1.3028313587565e-10,7.03841554982368e-10,1.56108389090023e-10,3.53891733385185e-10,8.39958811355774e-11,3.22643211166955e-10,1.73459984215994e-10,1.99242892420196e-10,-5.14538885591551e-11,-3.9842867397621e-10,2.45444216115555e-10,1.83539918804304e-10,-3.18508628291908e-11,-1.30352869073673e-10,-1.659466546123e-10,3.45085667156481e-10,-4.39448796703106e-11,1.88737916814638e-10,1.39034763870978e-10,3.04103346990399e-10,-5.44387982505217e-10,-1.60037085221913e-10,-2.21519563935588e-11,5.01220264276359e-11,2.82289942739773e-10,1.63907397991404e-10,1.53229195348738e-10,-4.76386303024209e-10,2.75958949373159e-10,-4.84729833366179e-10,2.16559934059294e-11,-8.12083979158583e-11,-6.33411909184197e-11,4.40634738244129e-10,1.53467908804617e-10,7.53987049467207e-11,6.0962317700342e-10,2.80056538288865e-10,-6.48976061086877e-11,4.44049764999303e-10,2.09404991487015e-10,3.64767206535025e-11,-2.53786577127012e-11,-2.05465192194961e-10,1.25526057068709e-10,2.1154607631729e-10,-2.01110419028485e-12,-2.98234952122453e-10,5.36030519787914e-11,-6.24223574607121e-10,4.19919471847076e-10,8.67224829699634e-11,2.83728967349065e-11,1.6855009336169e-11,2.47346524239773e-10,-3.46863330924351e-10,-3.52751459235793e-10,-6.75083614923121e-11,4.198126639333e-10,-5.20201189983086e-11,2.0453692104301e-10,1.66361840011999e-10,-3.123408168823e-10,-2.00224728517609e-10,1.44623177499944e-10,4.64760658369396e-10,1.72899499386728e-10,3.36824595228948e-10,1.49670566610189e-10,4.68946787176232e-11,-3.84560684564455e-10,-2.77321872051846e-10,2.48879405677102e-10,3.72811003449532e-11,-2.43398885899861e-11,-1.89179885599287e-10,-3.06308797342024e-10,-1.96286644184953e-10,-8.81118051228557e-11,3.56286886178912e-10,-2.32908615754702e-10,-3.17972775618309e-10,-1.07704401861121e-10,3.15553069559575e-10,3.08609285079403e-11,6.29051422656586e-11,-1.62375393732864e-10,-4.5406464544498e-10,5.25333875117265e-11,3.08292655029968e-10,1.77723092277833e-10,-1.56125640759213e-10,-2.26834944410235e-10,7.34161343119178e-11,-1.89931334503089e-11,-8.42727463228632e-11,1.85572599037671e-10,-5.00970281595309e-10,1.29410563676021e-10,3.05906864862873e-10,-2.41591630325268e-10,1.96401796681159e-10,-2.02956613562817e-11,3.45268681257357e-10,2.22043026485742e-10,1.42156022818639e-10,4.14685910580232e-10,1.45904502274369e-10,-3.93801192267695e-10,-1.47305152669739e-10,2.37383341114771e-10,-3.96873562810921e-10,-2.74064546288291e-10,2.11142239309099e-10,-6.48932921552072e-10,-1.07098940220712e-10,1.56564470430171e-10,1.30698558550026e-10,1.75950077015361e-10,8.40284043940981e-11,4.14361833571129e-10,-1.42572835318498e-10,1.61572516583625e-10,-6.64218283403346e-10,8.12502233474836e-11,1.1118583284912e-10,4.20089677424011e-11,7.96652241244082e-11,-1.52374701987765e-10,3.11006095568104e-10,-3.79011220459651e-10,2.84150238276654e-10,-1.27402532265979e-12,2.17300309510242e-10,-1.59968446956855e-10,5.38573840052531e-11,4.06968403039077e-11,3.53429840841182e-10,-1.48932853573699e-10,3.62129266545994e-10,1.67082452734952e-10,-2.4726601542524e-10,-5.17546445318497e-11,2.12019852225397e-10,-1.98534881895961e-11,1.88426284596379e-10,-2.75998246372434e-10,1.55622689660147e-10,2.32175885484072e-10,2.63293813244025e-11,-2.27624913997134e-10,-4.0629780912659e-10,-1.38180692481634e-10,2.02169767953634e-10,2.56490600843441e-10,8.32993018960214e-11,8.21379132178609e-12,-1.82379283947149e-10,1.02474545651078e-10,1.9439598907384e-10,-2.67482361157927e-10,8.4171285599567e-11,-1.31047350931051e-10,-2.49294129192686e-10,-4.25666433167288e-10,1.40532015477636e-10,6.9567979722156e-11,-2.22840880049176e-11,3.76725543171102e-10,-1.32672890567447e-10,1.69161730912094e-10,-1.9470546933022e-10,6.7822014740872e-11,2.78173617317324e-10,-2.46362781923485e-10,4.04506126534671e-11,-4.60568769944035e-11,3.31494056475023e-10,1.24749935417278e-10,-9.62116174235312e-11,1.9455898153222e-11,-4.50203555093974e-11,7.18112495886738e-12,-1.19844031536014e-10,2.01355656306145e-10,-3.29079525824541e-10,4.54339459941934e-10,2.25493663196483e-10,8.80856024382291e-11,8.8247014697028e-11,-8.56785011933466e-11,2.14928881079572e-12,3.76061818922454e-10,-2.09722193364525e-10,2.24778351746881e-10,-9.20088711848134e-11,-3.98032378605276e-10,1.57006777118998e-10,-1.70970266388695e-10,3.46989910870696e-11,2.10804066732748e-10,-2.76668888657184e-10,-4.45514706989609e-10,2.49575155327948e-10,-3.20837124505377e-10,-2.29810377577675e-10,2.18990180551897e-10,9.13026325209919e-11,5.06193099215403e-10,2.37086282061914e-10,3.107369368922e-10,3.55085742807988e-10,-2.6400342511529e-10,1.00901991214233e-10,1.86710491037695e-10,7.97511707101877e-11,-2.35915920741776e-10,-1.45725279387175e-10,-9.53461430277126e-11,1.78383508077758e-13,-5.20872137393825e-11,2.41098725643044e-10,7.54180477008805e-11,-2.57417382064478e-10,-6.68086064078969e-11,3.48289189802979e-10,4.40284467135234e-10,3.91201984045916e-11,-9.5281933717086e-12,1.1880286901236e-10,-7.36010881942858e-11,1.48179981381404e-11,-3.40777819086101e-12,-6.3551900158255e-11,-1.3260641651412e-10,5.52400315046654e-10,2.85748194362279e-10,2.91440807158926e-10,-3.00472886803323e-11,-1.07767888181206e-10,-4.02207395396856e-10,-5.14933161883316e-10,-4.86811604351351e-12,-5.48243537973334e-11,-9.9301270859882e-11,-9.48621106470994e-11,2.58404695197938e-10,1.59876836414766e-10,-2.51628670256241e-10,-2.51439175724175e-10,8.28561884450209e-11,2.98562201135312e-10,-9.11404755910529e-11,-1.17492322832071e-10,-3.25986203784335e-10,3.09698429039321e-10,-6.37063353999856e-10,-2.27593177452456e-10,-1.89937007606819e-10,1.08484930855406e-10,1.13529786429562e-10,-5.38300553414969e-11,6.35890954744843e-10,-4.61310506176157e-10,6.58965563170469e-11,-2.2598957239755e-10,1.35502651402619e-10,4.80186519522957e-10,1.95802751824329e-11,-1.97544247045546e-10,4.04229776190813e-10,1.5909142397962e-11,3.83231213436822e-10,-1.37935695343961e-10,3.52365503602696e-10,-4.20545025133288e-11,2.86528214517669e-10,8.24988937689347e-11,4.98364683597972e-10,9.92315315694284e-12,3.46358043298087e-10,1.06543873806275e-10,4.15499023190649e-10,2.72857916158092e-10,2.08332073454103e-10,-1.25937959537097e-10,1.0674583358409e-10,2.41087913756854e-10,2.32289381496751e-10,-1.72548409893433e-10,-3.34149909470941e-10,2.35076312420917e-10,-6.74946121496538e-11,4.87024901742993e-10,-1.21236845920527e-10,1.82200057798311e-12,-2.81670212535865e-10,-3.63297748816005e-10,8.08770272114622e-11,-8.24366589298453e-11,4.80372220126423e-10,3.53070102336361e-10,1.0692425851237e-10,-9.73405601925434e-11,-4.40573693362919e-10,-1.26187603254273e-10,-3.08277102543124e-12,-1.43639461310347e-10,6.67535324234346e-11,-1.62632362245856e-10,4.39112606850491e-12,-5.95578400077344e-11,-1.39170475709369e-10,-3.79392833770864e-10,1.45135820245519e-10,-4.34607767798441e-10,1.08758154120033e-10,1.2608185694287e-10,4.72876854674261e-11,-1.04805478590506e-10,2.24842711960145e-10,3.4347167250127e-10,-1.76100772133508e-10,4.24730982687691e-12,-5.86608709169146e-11,-3.33994349364049e-12,-2.87738174705612e-10,-2.77655107545921e-11,-2.87646220344859e-10,-3.88033475203458e-10,-1.00299825387649e-11,-3.25155450010535e-10,-1.86663107282203e-10,-2.18565098661902e-11,9.345695324372e-11,2.6261492661993e-10,4.66294911707e-10,-7.054039099085e-11,-3.27724407040523e-10,2.64129671062347e-10,-1.99791428527281e-11,3.06570343241542e-10,3.51120813567261e-10,-1.01579708356967e-10,-9.17267112006947e-11,-5.25090654199505e-11,-1.70139079363588e-10,-9.79736804691953e-11,1.23316598171714e-10,-1.16594378203661e-10,7.16743901675603e-11,2.06646261387039e-10,2.56321429544582e-10,3.55035269883667e-10,4.15385494279639e-10,9.8011930186245e-11,6.54885890578135e-11,5.98689661854328e-10,7.24327604902271e-11,3.80503042587253e-10,1.71628356707364e-10,-1.64251781622496e-10,2.44529041793423e-10,2.61247495681102e-10,-2.79389343950065e-10,1.75796875672653e-10,2.21484136944668e-10,-3.33617044085537e-10,5.59126006949502e-10,3.30160822562013e-10,-7.52755309537763e-11,4.29026197915881e-10,1.73854060792029e-10,6.01445371854902e-12,-6.33056486930086e-11,-2.46634943547606e-10,2.61443590510898e-10,-3.43614679447955e-10,-3.25310499258511e-10,-5.56484113924007e-11,-2.09388260864365e-10,-1.90274379913384e-11,4.84623145175223e-10,4.30888963949952e-11,2.26253283262007e-10,1.43084082134516e-10,-8.77467514007139e-11,1.59205171088875e-10,2.43585336980418e-10,-5.68423420591188e-11,1.16605363995487e-10,-4.45898356861072e-11,1.64746597150535e-10,7.88374729475053e-11,-1.29344132923859e-10,1.61091743754369e-12,8.09537001309982e-11,1.26712442721207e-10,-1.16576987898906e-10,-4.46449440985746e-10,8.29135824068915e-11,-7.77342271243142e-11,-3.10601431557777e-10,3.72820635912375e-10,3.4797267446152e-10,-3.04445473846413e-10,3.1669379254068e-11,-1.17546097076732e-10,-1.52422069812971e-10,-8.61650922392124e-11,-2.40601826976978e-10,9.98379568829421e-11,8.6527056788448e-11,8.50276316408908e-11,-3.35792341577363e-10,-2.78468144911601e-10,2.50489359481976e-10,-9.66684483081191e-14,4.85757993404163e-10,-2.15702560644157e-10,-1.59075961157718e-10,4.34983905574953e-10,-1.66858407951752e-10,1.34268787202632e-10,2.43946297014828e-10,1.03216016582804e-10,1.07328016382303e-10,3.23046176267402e-10,5.8960466932087e-10,3.21784884509876e-10,1.10112556236053e-10,-2.43776826697184e-11,-1.45899619374903e-10,-6.77401390948233e-10,-2.44790506517158e-10,-1.08270630962614e-10,4.54723622684006e-10,-3.44185768240075e-10,-1.95278917098723e-10,1.60404531549295e-10,1.7834672873626e-10,9.10058222199904e-11,-5.5223121447834e-10,3.13705709743821e-10,-3.56116678146615e-10,-2.92022633492481e-10,4.28854240070504e-10,-2.05142287761854e-10,-4.76131712419548e-11,-4.93204507069052e-10,-3.46567906370421e-10,-1.78455233313051e-10,9.88829388635069e-11,-6.50258188910709e-11,2.99674605142237e-10,1.9020596728949e-10,-9.21798820076454e-11,-2.34154676567693e-10,-4.17026953629282e-10,-3.06416632668925e-10,-3.77629160582522e-10,3.75210491575419e-10,2.1061038246435e-10,-3.20141357541872e-10,-2.11290082385574e-10,-1.61715989251294e-10,2.59719670978382e-10,6.68271775208483e-12,-1.70998330819151e-10,1.78196071769768e-10,2.07217966465711e-10,-4.88213995415006e-10,-8.45302470031976e-11,2.80556636051526e-10,2.95223884860539e-10,2.7478005803175e-10,2.86100412290809e-10,2.58202432029825e-10,1.80276099362355e-10,-8.65208075146703e-11,3.22258808909196e-10,3.93308127441015e-10,1.12427430059344e-10,1.25486955362459e-10,2.55266726325732e-10,5.84311906358234e-11,3.54476844140483e-10,-3.72193974760512e-10,1.76091878081984e-10,-1.52805781098002e-10,5.71703443564983e-10,7.46174521124727e-11,-8.4341866244274e-11,2.07342613534472e-10,-1.45849607972016e-12,2.85510528279579e-10,2.56168635194624e-10,-4.74185823523671e-10,-1.73012493822746e-10,-8.03168658046915e-11,-1.13663404186434e-10,-1.18129375841401e-10,1.92304491009758e-10,2.63722423251425e-10,3.41427476085496e-10,1.53766404759388e-10,2.39944693838029e-11,1.56356272739221e-11,-3.4703316686922e-10,-5.08262153172573e-10,8.14339378349283e-11,2.01347688567264e-10,1.82935327988808e-10,-8.90170886065156e-11,1.02157821779589e-10,3.17112600809883e-10,-2.3460319720636e-10,-2.41263792824628e-10,6.41435852168374e-10,1.00534171052243e-10,8.15378728039429e-11,-1.64147551389951e-11,2.80625218351113e-10,9.64125676906319e-11,5.69079507990663e-11,-2.22276107330079e-10,-5.17527309463257e-11,3.59081287926985e-10,-1.6299064407763e-10,1.21920758309813e-10,-1.71453971958243e-10,2.63974254182002e-11,-4.84189847899005e-10,1.85551122481767e-11,-1.94696507055755e-10,2.93649860775787e-10,1.13745523638562e-10,-3.99601546056662e-10,-1.46028629998163e-11,-4.37116908138749e-11,-7.01996712553433e-11,3.89839179396442e-11,1.50398254255998e-10,3.66346336648307e-10,-7.63758871610734e-11,5.02287378932328e-11,-2.36031133286508e-10,2.7646268954997e-10,2.16992163977175e-11,2.98559121681352e-10,4.16057183859236e-10,-1.88558659227174e-10,1.24258112467878e-10,-5.2788587983852e-11,-1.90850470009519e-10,-5.15545015147212e-10,2.04039511032801e-11,-1.96049409956745e-11,-3.31692141320745e-10,-1.03863642595835e-10,-2.66661893994223e-10,9.98302093633273e-11,4.53968247114444e-10,-7.38585273180179e-11,3.68605305110175e-10,7.61158389433215e-11,-3.118131544386e-11,-3.93201567911088e-10,1.4774777969295e-10,1.07529489129587e-10,2.63826431582261e-10,9.64614335701897e-11,-3.4388525901399e-11,-3.68170983465797e-10,-4.00823836929977e-10,-4.02198957457008e-10,-1.09651832692992e-11,2.45085927181964e-11,8.45860582470505e-11,7.54399617226445e-11,1.56241840676086e-11,2.52253992678966e-10,1.52862827167257e-10,5.00153429894221e-10,-2.41491003552632e-10,5.74474914632246e-11,-1.41590264406008e-11,2.08184991246135e-11,-3.8733439708652e-10,-1.31093896020975e-10,2.47791451788796e-11,-1.55464883659704e-10,2.96235815119792e-10,-3.59250704947789e-10,1.05530775325741e-10,-6.01900153122599e-11,5.46966597837842e-10,1.78463133765654e-10,3.37058686877459e-10,-2.02661098720435e-10,1.7234891485773e-10,-2.51178582793171e-10,-5.62737886837993e-10,1.12086099167598e-10,1.02615303796821e-11,1.43855126720317e-10,-4.19666472182001e-10,1.10795502408482e-10,3.2316804989029e-10,-1.42847287779759e-10,-4.33591625918217e-10,-2.76088604313655e-10,-2.08053647471386e-10,6.86917377564705e-12,1.09258562552798e-11,1.84785859327852e-10,2.3669232851191e-12,-2.06093429370644e-10,-1.85342938851406e-10,-4.1419947980089e-10,6.96723192989649e-11,-7.67806260121188e-11,-3.76348545958264e-10,1.01730655533504e-10,2.41100120324211e-10,-1.87228781205555e-10,2.03337524564296e-10,-1.54712483541313e-10,2.11692895110287e-10,2.47756195646096e-10,-9.28951304958995e-11,5.50828777970279e-10,2.62226908174364e-10,6.6661275242515e-11,7.95699779009051e-11,1.47347525542509e-10,-8.37725561816148e-11,-4.03789090811994e-10,2.32750323119801e-10,-3.35295960072584e-10,1.02640794695e-10,1.99806502844451e-10,5.19097225896688e-11,-3.31569108822704e-10,5.97686936720317e-11,2.16369875299481e-11,-2.51097294698389e-10,-5.0828151390374e-13,-1.91057960916997e-10,1.35132112209154e-10,-1.83334266937817e-10,-3.87109435693185e-10,-2.4232728741057e-10,3.21742531924571e-10,-2.00785041797249e-10,6.79922668417046e-11,-2.17728170323532e-10,3.63130305956041e-11,5.14372842826804e-10,4.07576186369769e-10,5.7139755606889e-10,-1.6770976952874e-10,1.23832562965163e-10,3.80152986763717e-11,-5.78621313066823e-11,-1.29147646950587e-10,-3.64533884593253e-10,-1.21395997827887e-10,-1.55140075913591e-11,5.46961136423536e-10,-2.16458238724194e-10,-3.06845395418317e-10,-7.69865435661648e-11,-2.23282457612895e-11,5.44984703390551e-10,2.35521529452293e-10,1.2852314161701e-10,-7.16672015353714e-11,1.18386374284119e-11,-1.96720549136006e-10,1.22605595938805e-10,2.68640520393915e-10,2.9610667194626e-10,3.89665556056251e-12,3.06099602387821e-10,-1.04869831088986e-11,-2.94079762052941e-10,9.10946913397286e-11,-2.3585333267829e-10,1.33226891972776e-11,-1.56547280737064e-11,2.68589172624809e-10,-3.28703352870367e-10,2.35861557088616e-10,-1.17734636163649e-10,-1.11342290111267e-10,4.62289601745335e-11,3.75568630607442e-10,2.84767942758011e-10,-2.64286181872586e-10,1.29724284995605e-10,-6.72295445780079e-11,6.74019766370799e-11,-6.27931348848875e-11,-8.05321679909544e-11,-3.57894144207553e-10,1.52900183647552e-10,1.11607568858659e-10,-8.9726559205041e-11,-2.70310657552336e-10,-2.09069459008941e-10,-3.22295930419589e-10,3.0043281072372e-10,2.28659258170744e-10,3.18660652250416e-10,-7.95930316018135e-11,-5.29620832164311e-11,-1.18299006357052e-10,3.61850021934165e-10,-1.89459139636052e-10,5.88929945114213e-10,1.25874345344484e-10,3.75288866586098e-10,-1.53558185493023e-10,-2.70342391975786e-10,2.55146957467712e-10,-2.17148294079394e-10,1.81125373158944e-10,-6.61670953458268e-10,-2.31752903682829e-10,1.30723573810682e-10,-1.23627858237673e-10,2.72501656025397e-10,-5.57877765642508e-12,1.64927456622136e-10,-1.88379698333018e-10,2.62789572027871e-10,-6.39311533612101e-11,-5.46906608845177e-10,7.90386065628999e-11,-3.47488387825123e-10,2.59344838687039e-11,5.23928246748989e-11,8.21892686367286e-11,-2.76575029057935e-10,-4.65428683223128e-10,-3.35869808549999e-10,6.4184375769923e-11,-8.41606476939621e-11,9.56796911599442e-11,3.74740434539065e-10,1.8565533777118e-10,-4.14219715644315e-10,3.05761717390457e-11,-2.79161160960841e-10,-4.50118195193366e-11,4.88309248562519e-11,4.50781154161277e-10,3.44450672938567e-10,-3.39008412645749e-10,2.95147570793448e-10,1.89222714992718e-10,-3.37623828549252e-11,-2.49012315009155e-10,1.9242039379905e-10,7.64126307088784e-11,-4.61435869832701e-11,-5.26475553999795e-11,-7.21664766268351e-11,-4.05124892190992e-10,2.88320392711264e-10,-1.46654697096722e-10,-2.70656888011148e-10,2.29348096486755e-10,5.20488254683011e-11,-2.42044316489757e-10,2.03229054716759e-10,-3.45355330410948e-11,1.14862738540767e-10,-1.15497313670109e-11,1.90654260202218e-10,-2.86012096514435e-11,-2.62281237105159e-10,2.31103853645207e-10,-1.19305951301122e-10,8.03743806054487e-11,4.57814527021533e-11,-1.41606041399633e-11,-2.8599070170129e-11,2.78542537211809e-10,1.81760961559745e-10,1.29245131338631e-11,-1.37860940025316e-10,-8.81005481201324e-11,-8.04239019489055e-11,-4.85958804964943e-10,-1.39130907525575e-11,1.82391564868355e-10,1.37499285271106e-10,5.48365625418267e-11,9.65274908737875e-11,2.71859994832083e-10,-7.68274159968056e-12,-2.0495367780997e-10,2.39944563129524e-10,3.84241430968438e-10,4.70396949545586e-10,1.42916346111637e-10,-1.96080891114383e-10,-1.26938590500982e-10,-3.13853930781118e-10,2.68505692362639e-10,-3.45381029982207e-10,1.11120780267532e-10,7.69216309377253e-12,-2.15084054811639e-10,-2.40153675387571e-10,1.88155969296592e-10,-2.94940037129367e-10,1.12011981109437e-10,3.91895462981225e-11,1.68185405541794e-11,-1.31306022818221e-10,-2.40314790976456e-10,2.55882701505774e-10,6.55459579181687e-11,8.68704698176637e-11,1.56877193909494e-10,2.62905688136465e-10,-1.57401345386911e-10,-4.63361752378555e-10,2.61189507588912e-10,6.68514842858979e-10,6.45281351396036e-10,-5.03311764039315e-11,4.54700865734424e-11,2.12146368813789e-11,2.7912920098123e-10,1.12233358801032e-10,3.47766779533912e-10,4.13888804908957e-10,2.35677555414872e-10,-3.5749647688961e-10,-1.18416310327907e-10,-4.53054448250146e-10,-1.38352651839763e-10,1.08514192220693e-11,-4.88690007578585e-10,-1.38445734161181e-10,-5.90353851710106e-11,-7.8969013962558e-11,-4.36683531232466e-11,4.6849310998221e-10,-3.56522137712251e-10,1.51798141987205e-10,1.20934015824175e-11,1.26253284022098e-10,-1.98903059275807e-10,-2.09499714051937e-10,2.28343346216175e-10,2.84002618044275e-10,-3.87046429132093e-10,-3.6854452346702e-10,2.84057529267597e-10,-1.35793087585716e-10,8.32049269800249e-11,-2.33715794093462e-10,1.3469526616046e-10,-1.02238182808879e-11,-1.58290709886741e-10,2.06032141004943e-10,1.16261082317517e-10,2.37609339656467e-10,6.25284236137428e-11,2.36989505386177e-10,-2.91398065562193e-10,-2.35013572056365e-10,-4.41375580699541e-11,1.68086411090632e-10,-6.16697688441966e-10,1.8295496001927e-10,1.85954161914619e-10,4.54286125745875e-12,-2.92296576344648e-10,1.30573129786084e-10,3.41596613857001e-10,7.57765669173378e-11,2.93834249649893e-11,-4.14209544529078e-11,1.16518765425191e-10,3.91217373074671e-11,-1.71287727423658e-10,2.06963847276724e-11,9.28640166032739e-11,2.53014354723348e-10,1.14673991816043e-10,-5.32961728261299e-10,-2.02566141373097e-10,2.08839419763077e-10,-4.83490109297341e-11,1.0134277100757e-10,-1.5246772870094e-11,8.41347328410378e-12,-3.54877776729511e-10,-5.99692361475988e-10,-1.32917415703539e-10,1.56360608261128e-10,5.72591276576316e-11,2.79877175945549e-10,-1.73616899602396e-10,3.76070890820833e-11,3.41225657161791e-10,-2.67684238223476e-10,2.70438024498192e-10,-3.21718711669291e-10,-6.08354142127693e-10,2.10478988602192e-10,-5.9174621162683e-11,3.27378457337308e-11,3.89207896092162e-11,4.12235321821301e-10,-2.81581026854419e-11,-4.11193324999114e-11,-8.8848680286842e-11,2.39568951094306e-10,1.56651215305361e-10,2.36672559235158e-10,2.84422263346106e-10,-4.04016801848798e-10,4.29301598273841e-11,-2.94291167167525e-10,4.3137157143441e-10,-2.63626399484679e-10,-1.88349994671522e-10,3.50213822531625e-10,-1.4837127411592e-11,-1.67385723038012e-11,3.25491196491319e-11,1.81767484152781e-10,-3.18154599626283e-10,4.19545002970995e-10,-1.3133997528663e-11,-3.05372816511953e-10,1.28332057148125e-10,7.93507117448281e-11,-1.77359012232356e-10,4.02124061654371e-12,1.03201339855574e-10,3.38139093576669e-10,-3.57344969515049e-10,4.50206909578243e-11,-4.43124025325822e-11,-3.72783666518325e-10,-1.37095279312598e-10,2.68168721875221e-10,1.66476165386014e-10,8.52021230787675e-11,-2.31494768093533e-10,5.62257276285449e-11,-5.8631585969663e-11,6.68078365111487e-11,-2.60792972903892e-10,2.95712129581734e-10,3.17891406107286e-10,-2.8090924528874e-10,-2.84176553072353e-10,4.28933518658775e-10,1.33033106856451e-10,3.4999770865315e-10,-4.70585918193238e-11,2.46527442044913e-10,-5.01560135698896e-10,-1.96103468191731e-10,-7.31209540278842e-12,-3.04682875412578e-10,1.23954688086346e-10,4.84638713140299e-10,-2.11557618066008e-10,-1.59002223095788e-10,2.07692834804797e-10,-1.45439448055105e-10,-9.76207861282815e-11,6.02794200966809e-11,3.69833620226205e-10,2.48290125472673e-10,-2.09687819917199e-10,2.2964515107263e-10,-4.98364510650939e-10,-2.72787856568173e-10,-1.20720313700722e-11,1.23954717888816e-10,-6.11461278853361e-10,3.80084425100373e-10,-5.8612040699993e-10,7.85692245422973e-11,-8.4833240016335e-11,6.55857663783263e-11,9.67559148885498e-11,-4.73612909936455e-11,-7.42327057790481e-10,1.35998001472218e-10,-5.09002621495193e-11,-1.15956698880074e-10,6.27366070305964e-11,1.41600748139592e-12,1.98286653262779e-10,-2.278103016738e-10,-2.87198264860468e-10,-1.83552487925545e-10,-1.95904570997921e-10,-8.30159252682472e-11,6.37676189350077e-11,1.56400030032755e-10,4.26594808414182e-10,-2.99958625163834e-11,-2.06640918305953e-10,6.41792379095152e-11,1.64434278353391e-10,5.73758924317164e-11,3.67639531034391e-10,-6.39621693185766e-11,2.59161016449281e-10,1.45589917890803e-10,1.00110421229393e-10,-1.69018358387495e-10,-4.40137316388146e-11,9.57023612774002e-11,4.29674653908249e-10,3.73348838106277e-10,-1.49701352158742e-10,-5.41082268390819e-11,-2.52925954800217e-10,-2.83877155440917e-10,8.84053629383872e-11,5.93119975992636e-11,-1.37006222585963e-10,-1.36400136452786e-10,-3.6472722917967e-10,1.52323181123614e-10,4.08462217201465e-10,-7.46051710926578e-11,-1.46341560996867e-10,-2.36460439485304e-10,-1.09234474349621e-10,1.18608088088746e-10,1.74625839209379e-11,-1.10924567322569e-10,-8.35618715222494e-11,-3.67766817747898e-10,7.26099752372729e-11,4.10912430098112e-11,-8.92965828355906e-11,-2.91472973273653e-11,3.36674161203928e-10,-2.25977540330661e-10,-1.92464970234297e-11,-1.11744583025092e-10,4.09184289190783e-10,-1.98152835630623e-10,-7.56671089184535e-11,-5.07311396072342e-10,-8.00383723209158e-10,1.34211954615201e-10,-6.4835788354587e-10,-4.01112631554043e-10,-1.62800587040127e-10,-2.93499996630225e-10,-9.66419756598024e-10,-6.4295733835001e-10,-1.08512284565396e-09,-9.71462724746741e-10,-1.16826045768721e-09,-1.18886087241999e-09,-1.52062569965549e-09,-1.17167972345692e-09,-1.29158994177715e-09,-1.54175791898665e-09,-1.72158500532949e-09,-1.33638749804017e-09,-1.34596368921314e-09,-1.16047200323025e-09,-2.00992064315488e-09,-1.89086421128526e-09,-1.74778614272785e-09,-1.91999071781229e-09,-1.82438171973333e-09,-2.09367108002213e-09,-1.68965025021091e-09,-2.28086013711368e-09,-2.19712289872707e-09,-2.40217819127586e-09,-2.28016915603669e-09,-2.5395258721019e-09,-2.54722982797533e-09,-2.62804159976799e-09,-2.81200884152479e-09,-2.60183397060636e-09,-3.10588502939135e-09,-2.95473241087998e-09,-3.52078496184037e-09,-2.87682179585127e-09,-3.24976826367536e-09,-3.4621264458571e-09,-3.36555958846233e-09,-3.79057875902585e-09,-3.95591527880749e-09,-3.97270732560246e-09,-4.16026208902606e-09,-4.41675152131525e-09,-4.21136131068375e-09,-4.40898641255329e-09,-4.3386517472771e-09,-3.95353881079481e-09,-5.00133458810387e-09,-5.02696900545653e-09,-4.72344582716212e-09,-5.21390381330565e-09,-5.27247473313064e-09,-5.2293847552722e-09,-5.09404850968092e-09,-5.55301778324801e-09,-4.93545337106951e-09,-5.14759404414355e-09,-5.42707883574947e-09,-5.67723325597303e-09,-5.94576274729682e-09,-6.0201018722001e-09,-6.19993090969901e-09,-6.45738011831398e-09,-6.2476153985419e-09,-6.85027803848452e-09,-7.06520107241309e-09,-6.78975827167251e-09,-6.64950159711021e-09,-7.51545867912771e-09,-6.9867645150495e-09,-7.52668155917086e-09,-7.22055270505235e-09,-7.98445229293889e-09,-7.94347551558648e-09,-7.37683436703029e-09,-8.07840370926877e-09,-7.72607936850398e-09,-8.82961032294372e-09,-8.19067867905837e-09,-8.5658414401378e-09,-8.75785466749471e-09,-8.80928316413054e-09,-9.33352188802849e-09,-9.07363106142887e-09,-9.63006808440956e-09,-9.517753594499e-09,-9.86711840097412e-09,-9.50882635000053e-09,-9.89714595243537e-09,-9.82860456449981e-09,-1.05449738444855e-08,-1.00083567131529e-08,-1.0702280701582e-08,-1.12680316197922e-08,-1.07024811535713e-08,-1.09165245574517e-08,-1.10014694873649e-08,-1.10355348724128e-08,-1.15934134520002e-08,-1.14780832503792e-08,-1.17752879938247e-08,-1.2062306677506e-08,-1.21220540003075e-08,-1.20329221938697e-08,-1.22526488680149e-08,-1.264591285247e-08,-1.26771606126214e-08,-1.27376168860453e-08,-1.34002651846788e-08,-1.32607079774756e-08,-1.33703215771266e-08,-1.32607459723341e-08,-1.35971214341587e-08,-1.38955729267993e-08,-1.33444491235378e-08,-1.35085375437426e-08,-1.39326539157894e-08,-1.3981350366344e-08,-1.3601930634797e-08,-1.40286066873833e-08,-1.3954869233398e-08,-1.34195072564665e-08,-1.35256062650702e-08,-1.34703907665589e-08,-1.29180543068713e-08,-1.26054607555239e-08,-1.2024345970628e-08,-1.14953796678823e-08,-1.14943235453113e-08,-1.06081722483222e-08,-9.3983256870579e-09,-7.86973637288608e-09,-6.745020870979e-09,-4.87801723075102e-09,-2.62923921054819e-09,8.07451662451301e-10,4.65751730036602e-09,9.00446317211298e-09,1.48365342110124e-08,2.16861923612251e-08,3.12976963559723e-08,4.32370039661379e-08,5.98878740805222e-08
