v,0.25
Patm,100000
g,9.81
r,500
G,10^9.5
rho,2700
mu,10^2.69
rc,14
 
M,10^5.38
sigma,0.5
 
tilt_erupt,46.0721nrad
 
-1340,-1339,-1338,-1337,-1336,-1335,-1334,-1333,-1332,-1331,-1330,-1329,-1328,-1327,-1326,-1325,-1324,-1323,-1322,-1321,-1320,-1319,-1318,-1317,-1316,-1315,-1314,-1313,-1312,-1311,-1310,-1309,-1308,-1307,-1306,-1305,-1304,-1303,-1302,-1301,-1300,-1299,-1298,-1297,-1296,-1295,-1294,-1293,-1292,-1291,-1290,-1289,-1288,-1287,-1286,-1285,-1284,-1283,-1282,-1281,-1280,-1279,-1278,-1277,-1276,-1275,-1274,-1273,-1272,-1271,-1270,-1269,-1268,-1267,-1266,-1265,-1264,-1263,-1262,-1261,-1260,-1259,-1258,-1257,-1256,-1255,-1254,-1253,-1252,-1251,-1250,-1249,-1248,-1247,-1246,-1245,-1244,-1243,-1242,-1241,-1240,-1239,-1238,-1237,-1236,-1235,-1234,-1233,-1232,-1231,-1230,-1229,-1228,-1227,-1226,-1225,-1224,-1223,-1222,-1221,-1220,-1219,-1218,-1217,-1216,-1215,-1214,-1213,-1212,-1211,-1210,-1209,-1208,-1207,-1206,-1205,-1204,-1203,-1202,-1201,-1200,-1199,-1198,-1197,-1196,-1195,-1194,-1193,-1192,-1191,-1190,-1189,-1188,-1187,-1186,-1185,-1184,-1183,-1182,-1181,-1180,-1179,-1178,-1177,-1176,-1175,-1174,-1173,-1172,-1171,-1170,-1169,-1168,-1167,-1166,-1165,-1164,-1163,-1162,-1161,-1160,-1159,-1158,-1157,-1156,-1155,-1154,-1153,-1152,-1151,-1150,-1149,-1148,-1147,-1146,-1145,-1144,-1143,-1142,-1141,-1140,-1139,-1138,-1137,-1136,-1135,-1134,-1133,-1132,-1131,-1130,-1129,-1128,-1127,-1126,-1125,-1124,-1123,-1122,-1121,-1120,-1119,-1118,-1117,-1116,-1115,-1114,-1113,-1112,-1111,-1110,-1109,-1108,-1107,-1106,-1105,-1104,-1103,-1102,-1101,-1100,-1099,-1098,-1097,-1096,-1095,-1094,-1093,-1092,-1091,-1090,-1089,-1088,-1087,-1086,-1085,-1084,-1083,-1082,-1081,-1080,-1079,-1078,-1077,-1076,-1075,-1074,-1073,-1072,-1071,-1070,-1069,-1068,-1067,-1066,-1065,-1064,-1063,-1062,-1061,-1060,-1059,-1058,-1057,-1056,-1055,-1054,-1053,-1052,-1051,-1050,-1049,-1048,-1047,-1046,-1045,-1044,-1043,-1042,-1041,-1040,-1039,-1038,-1037,-1036,-1035,-1034,-1033,-1032,-1031,-1030,-1029,-1028,-1027,-1026,-1025,-1024,-1023,-1022,-1021,-1020,-1019,-1018,-1017,-1016,-1015,-1014,-1013,-1012,-1011,-1010,-1009,-1008,-1007,-1006,-1005,-1004,-1003,-1002,-1001,-1000,-999,-998,-997,-996,-995,-994,-993,-992,-991,-990,-989,-988,-987,-986,-985,-984,-983,-982,-981,-980,-979,-978,-977,-976,-975,-974,-973,-972,-971,-970,-969,-968,-967,-966,-965,-964,-963,-962,-961,-960,-959,-958,-957,-956,-955,-954,-953,-952,-951,-950,-949,-948,-947,-946,-945,-944,-943,-942,-941,-940,-939,-938,-937,-936,-935,-934,-933,-932,-931,-930,-929,-928,-927,-926,-925,-924,-923,-922,-921,-920,-919,-918,-917,-916,-915,-914,-913,-912,-911,-910,-909,-908,-907,-906,-905,-904,-903,-902,-901,-900,-899,-898,-897,-896,-895,-894,-893,-892,-891,-890,-889,-888,-887,-886,-885,-884,-883,-882,-881,-880,-879,-878,-877,-876,-875,-874,-873,-872,-871,-870,-869,-868,-867,-866,-865,-864,-863,-862,-861,-860,-859,-858,-857,-856,-855,-854,-853,-852,-851,-850,-849,-848,-847,-846,-845,-844,-843,-842,-841,-840,-839,-838,-837,-836,-835,-834,-833,-832,-831,-830,-829,-828,-827,-826,-825,-824,-823,-822,-821,-820,-819,-818,-817,-816,-815,-814,-813,-812,-811,-810,-809,-808,-807,-806,-805,-804,-803,-802,-801,-800,-799,-798,-797,-796,-795,-794,-793,-792,-791,-790,-789,-788,-787,-786,-785,-784,-783,-782,-781,-780,-779,-778,-777,-776,-775,-774,-773,-772,-771,-770,-769,-768,-767,-766,-765,-764,-763,-762,-761,-760,-759,-758,-757,-756,-755,-754,-753,-752,-751,-750,-749,-748,-747,-746,-745,-744,-743,-742,-741,-740,-739,-738,-737,-736,-735,-734,-733,-732,-731,-730,-729,-728,-727,-726,-725,-724,-723,-722,-721,-720,-719,-718,-717,-716,-715,-714,-713,-712,-711,-710,-709,-708,-707,-706,-705,-704,-703,-702,-701,-700,-699,-698,-697,-696,-695,-694,-693,-692,-691,-690,-689,-688,-687,-686,-685,-684,-683,-682,-681,-680,-679,-678,-677,-676,-675,-674,-673,-672,-671,-670,-669,-668,-667,-666,-665,-664,-663,-662,-661,-660,-659,-658,-657,-656,-655,-654,-653,-652,-651,-650,-649,-648,-647,-646,-645,-644,-643,-642,-641,-640,-639,-638,-637,-636,-635,-634,-633,-632,-631,-630,-629,-628,-627,-626,-625,-624,-623,-622,-621,-620,-619,-618,-617,-616,-615,-614,-613,-612,-611,-610,-609,-608,-607,-606,-605,-604,-603,-602,-601,-600,-599,-598,-597,-596,-595,-594,-593,-592,-591,-590,-589,-588,-587,-586,-585,-584,-583,-582,-581,-580,-579,-578,-577,-576,-575,-574,-573,-572,-571,-570,-569,-568,-567,-566,-565,-564,-563,-562,-561,-560,-559,-558,-557,-556,-555,-554,-553,-552,-551,-550,-549,-548,-547,-546,-545,-544,-543,-542,-541,-540,-539,-538,-537,-536,-535,-534,-533,-532,-531,-530,-529,-528,-527,-526,-525,-524,-523,-522,-521,-520,-519,-518,-517,-516,-515,-514,-513,-512,-511,-510,-509,-508,-507,-506,-505,-504,-503,-502,-501,-500,-499,-498,-497,-496,-495,-494,-493,-492,-491,-490,-489,-488,-487,-486,-485,-484,-483,-482,-481,-480,-479,-478,-477,-476,-475,-474,-473,-472,-471,-470,-469,-468,-467,-466,-465,-464,-463,-462,-461,-460,-459,-458,-457,-456,-455,-454,-453,-452,-451,-450,-449,-448,-447,-446,-445,-444,-443,-442,-441,-440,-439,-438,-437,-436,-435,-434,-433,-432,-431,-430,-429,-428,-427,-426,-425,-424,-423,-422,-421,-420,-419,-418,-417,-416,-415,-414,-413,-412,-411,-410,-409,-408,-407,-406,-405,-404,-403,-402,-401,-400,-399,-398,-397,-396,-395,-394,-393,-392,-391,-390,-389,-388,-387,-386,-385,-384,-383,-382,-381,-380,-379,-378,-377,-376,-375,-374,-373,-372,-371,-370,-369,-368,-367,-366,-365,-364,-363,-362,-361,-360,-359,-358,-357,-356,-355,-354,-353,-352,-351,-350,-349,-348,-347,-346,-345,-344,-343,-342,-341,-340,-339,-338,-337,-336,-335,-334,-333,-332,-331,-330,-329,-328,-327,-326,-325,-324,-323,-322,-321,-320,-319,-318,-317,-316,-315,-314,-313,-312,-311,-310,-309,-308,-307,-306,-305,-304,-303,-302,-301,-300,-299,-298,-297,-296,-295,-294,-293,-292,-291,-290,-289,-288,-287,-286,-285,-284,-283,-282,-281,-280,-279,-278,-277,-276,-275,-274,-273,-272,-271,-270,-269,-268,-267,-266,-265,-264,-263,-262,-261,-260,-259,-258,-257,-256,-255,-254,-253,-252,-251,-250,-249,-248,-247,-246,-245,-244,-243,-242,-241,-240,-239,-238,-237,-236,-235,-234,-233,-232,-231,-230,-229,-228,-227,-226,-225,-224,-223,-222,-221,-220,-219,-218,-217,-216,-215,-214,-213,-212,-211,-210,-209,-208,-207,-206,-205,-204,-203,-202,-201,-200,-199,-198,-197,-196,-195,-194,-193,-192,-191,-190,-189,-188,-187,-186,-185,-184,-183,-182,-181,-180,-179,-178,-177,-176,-175,-174,-173,-172,-171,-170,-169,-168,-167,-166,-165,-164,-163,-162,-161,-160,-159,-158,-157,-156,-155,-154,-153,-152,-151,-150,-149,-148,-147,-146,-145,-144,-143,-142,-141,-140,-139,-138,-137,-136,-135,-134,-133,-132,-131,-130,-129,-128,-127,-126,-125,-124,-123,-122,-121,-120,-119,-118,-117,-116,-115,-114,-113,-112,-111,-110,-109,-108,-107,-106,-105,-104,-103,-102,-101,-100,-99,-98,-97,-96,-95,-94,-93,-92,-91,-90,-89,-88,-87,-86,-85,-84,-83,-82,-81,-80,-79,-78,-77,-76,-75,-74,-73,-73,-72,-71,-70,-69,-68,-67,-66,-65,-64,-63,-62,-61,-60,-59,-58,-57,-56,-55,-54,-53,-52,-51,-50,-49,-48,-47,-46,-45,-44,-43,-42,-41,-40,-39,-38,-37,-36,-35,-34,-33,-32,-31,-30,-29,-28,-27,-26,-25,-24,-23,-22,-21,-20,-19,-18,-17,-16,-15,-14,-13,-12,-11,-10,-9,-8,-7,-6,-5,-4,-3,-2,-1,0
-4.37614595278547e-10,8.60539199381333e-10,-1.10612450214615e-10,4.01138415459092e-10,1.71126446888928e-10,-8.23984052649756e-10,6.76235813012599e-10,3.44716795559173e-10,-8.99976360615383e-10,-3.82771313442311e-10,-7.25198107033087e-10,4.2279998175007e-10,5.44807469699248e-10,-5.13258297431917e-11,-4.04057876596704e-10,4.06668846753249e-10,-5.92247228543263e-10,2.73734341720982e-10,5.30724953717432e-10,2.54202266781166e-10,4.27459452123439e-10,-1.11500598625969e-10,6.25340091486842e-10,-6.70656462319081e-11,4.76184110589719e-10,9.82427482128461e-10,2.7880432665808e-10,-4.76479028237267e-10,-3.35004402823648e-10,-4.40891140834773e-10,1.82949440238952e-10,-4.34935085087345e-10,3.59996211047725e-10,-5.14444987987462e-10,-5.19691474255626e-10,-4.64997968318395e-10,1.77111524393725e-10,5.82046436740038e-10,-3.96030917019641e-10,1.08470323765986e-09,6.23584091270723e-11,3.774001066684e-10,-8.79374914086863e-10,4.35155849921803e-10,-7.0324572141004e-10,2.60873011916283e-11,-2.55956162688678e-10,6.47428115989236e-10,-3.08634004083788e-10,-7.41384246153584e-10,5.64073944513655e-10,2.73294333547833e-10,4.96350184248092e-10,-5.85907544811537e-10,9.71290735121093e-10,5.67281860823599e-11,3.54550329684734e-10,-8.10905745938553e-10,4.29346772677267e-10,-5.7157168488629e-10,5.10886569270598e-10,-7.46451276266395e-10,-2.13991948179691e-10,-9.95467673770687e-10,1.58774070096175e-10,-4.29456221353786e-11,-1.77322465577985e-10,-2.47949928346778e-10,3.08719993019047e-10,-2.60556112865968e-10,1.13079034965412e-10,-3.0486148845486e-10,1.14408647267563e-10,-4.74759448156551e-11,-3.8565114977831e-10,2.07963231786883e-10,1.35349224271479e-09,6.0693023772348e-12,-6.91967302183014e-10,1.31709284123685e-10,-1.4165644257291e-09,-2.06970750703739e-10,3.00551820112468e-10,-3.18061107719288e-10,-7.14477471256778e-10,-2.84316381446947e-10,3.67251736998675e-10,-8.88204320797369e-10,-1.77478907440179e-10,-2.10709686410998e-10,-5.50609188388957e-10,2.95154741476058e-10,2.96404854871057e-10,-4.17976900923661e-10,-9.56111956372243e-10,1.55936084426268e-10,-5.56596213862626e-10,-8.4547112688765e-12,1.29395394160453e-09,5.72044646634269e-10,7.38213736159285e-10,-4.07608586132564e-10,3.53095530799632e-10,4.67969638175852e-10,-5.40400141117446e-10,2.58140377187977e-10,-8.10842450362368e-11,-4.19497238194112e-10,2.93681841733011e-10,-3.55747584316793e-10,8.87076751436634e-11,1.18494759091767e-09,1.33836268794408e-10,7.64048265186393e-10,1.29661204613245e-10,-1.18756737709976e-09,3.60105421551832e-10,-8.25491104632911e-10,5.32201883566797e-10,4.01620301577612e-11,-6.8355974467815e-10,5.40381863901452e-10,-1.04378957818779e-09,-1.7230310678638e-10,-5.25618795605169e-11,2.79299423567506e-10,-5.08106723518018e-11,2.63288058626204e-10,1.28725850252597e-09,-6.23262463831593e-10,-5.43695637166134e-10,-5.33615218795981e-10,-9.84544071989271e-10,-4.48974795411527e-10,-1.65274536401625e-10,3.25770685359149e-10,1.29922507700893e-09,-3.64595870618695e-10,7.12175439610738e-10,-3.58012522185545e-10,-9.42749789495889e-10,-5.07073987067859e-10,-2.56199376565227e-10,8.11530488755811e-11,1.47805274961966e-11,2.73001380681978e-11,-4.56167382423435e-11,1.1303715696743e-10,-3.74741610470059e-11,-1.22603118546104e-09,-6.92526206710765e-11,-1.41867432050617e-10,-2.22187561219696e-10,1.94594646966553e-10,-4.45617481894395e-10,-2.90252248169443e-10,-2.58123760097977e-10,1.50515618689427e-10,3.20731410774358e-10,5.85544309023122e-11,1.70994904957316e-10,-1.61148105771261e-10,-1.40946070649421e-10,-7.99499002225451e-11,-8.39114506950525e-11,-1.58451532578292e-09,3.38373957666967e-10,-1.09446035252379e-09,4.66806766428405e-10,-7.87908164693282e-10,7.51814266712979e-10,1.28860921780437e-10,9.23556324395734e-10,1.78421460405313e-10,3.30002261235277e-10,6.21869182382143e-11,-1.49385612807938e-09,-2.94597881912163e-10,5.14776787258095e-10,-7.64790238054171e-10,-1.26476804995089e-10,-1.00844639196984e-10,3.35964766723254e-10,-4.11735059054391e-10,-5.91688084605736e-11,-4.90131296492796e-11,-4.65182008152903e-10,-3.02100042586571e-10,-1.19845356240477e-09,-5.72699122004331e-10,-9.93336900768518e-10,-2.93505525818865e-10,8.86550493954697e-10,-1.8145071930552e-10,-6.00754445345398e-11,3.13847379418653e-10,3.35296730723416e-10,-9.99173669555236e-10,2.47472483746488e-10,9.42007399873409e-10,-3.20003333421756e-10,6.10200474484033e-10,-5.90002512290879e-11,-7.39927367835761e-10,-2.81494245079288e-10,-2.5251917345309e-10,-3.39432825426914e-10,6.61522751235704e-10,-2.52053763193864e-10,8.96102071571242e-10,-4.31794554966559e-10,2.0757558269841e-10,-1.01460837912908e-10,-6.63093414668539e-10,4.14490789759633e-10,9.24260252492688e-10,3.90097467331494e-10,1.13008448550172e-11,-7.34942238387216e-11,-7.88411914978015e-10,8.76307887658229e-10,3.3867496033995e-10,-9.9617682255663e-11,-1.20955679810925e-10,5.00963055845937e-10,6.40914292794814e-11,1.7375545760713e-09,-2.18372850923966e-10,-7.89824290500086e-10,-5.00216686674783e-10,-1.79235027471349e-10,8.96553613150081e-10,2.86486120136417e-10,4.1546023289848e-10,-9.95626306575653e-11,2.54003703560149e-10,5.33811340164006e-10,-5.30190061232579e-10,3.02973886222498e-10,-6.20807761146688e-10,-6.44644400823893e-10,9.78565686621386e-10,2.26803737953021e-10,2.89905227818343e-10,8.53137380052412e-10,4.86180689519641e-10,-3.15599536573894e-11,-4.95261333512064e-10,-5.48345051583185e-11,-7.59515630195482e-10,1.78205733231757e-11,-6.29092218315678e-10,8.86880868807311e-12,1.854338237238e-11,-9.43904551179738e-10,-8.14921570157691e-10,-2.0686524626927e-10,-3.1038709395118e-10,5.55605227958048e-10,9.4837050469948e-10,1.19859288363098e-10,-4.91344884314141e-10,-4.148802159784e-10,-9.07341160788307e-10,3.93182772225998e-10,2.40842550191653e-10,9.57195627291646e-10,3.75621612893872e-10,-5.48757596246923e-10,5.39095673599527e-10,5.11206068887652e-10,-6.50394236208054e-11,-2.48253130654815e-10,-8.39637786807399e-10,-4.48787837263957e-10,2.30855981810244e-11,-6.86373674598844e-12,-9.17683996373849e-10,-1.44662658493361e-10,6.53573718953709e-10,-5.20188533078923e-10,1.17801671569705e-10,2.79864303507592e-11,-8.69716788450782e-10,4.13270752512027e-10,7.65247255821702e-10,6.77150385059309e-10,-4.37714096627984e-11,-4.990560791916e-10,-6.21913689222482e-10,1.27466023098709e-09,5.34846210623024e-10,5.4727689011711e-10,-4.48058723279715e-10,-1.29832411185098e-10,-7.77619918108283e-10,1.02712790897494e-09,-2.77771217353215e-10,2.87185766543339e-11,-4.23561180019916e-10,-3.97963940205496e-10,-2.45261981492477e-11,1.11175171246761e-10,-5.1432106154358e-10,7.12615504319809e-10,1.60847373546187e-11,-4.9403490231638e-10,-4.67279930738953e-10,-4.1469901197458e-10,3.88212505472952e-10,-5.62399963430365e-10,6.89976258318792e-10,-2.24128126210333e-10,4.08392526351542e-10,-1.21487515212777e-10,6.61735243829943e-12,3.81058605641355e-11,-8.48485323293119e-10,3.01121887384528e-10,7.30459373756256e-10,4.22301744276225e-10,-3.78509265612681e-10,-7.34086875897564e-10,-1.20670080466751e-10,5.5194382156966e-10,-7.30881091900615e-10,5.25580436133866e-10,-5.15408687708027e-10,2.98196950338244e-10,-2.00491996356014e-10,-2.85073293060987e-10,8.99416273695688e-11,-1.34723220431053e-10,2.78185096120328e-10,-3.8039161575869e-10,7.75776160080931e-10,4.04144767199422e-10,-2.30931880908258e-10,-3.00690071127728e-10,-7.38819587597072e-10,-4.65615739645194e-10,-5.84259762779546e-10,-2.37060997731517e-10,-1.62139588833619e-10,8.11723954020567e-10,2.69785705233526e-10,-3.65474700066637e-10,-2.93030185767401e-11,1.43792768589389e-10,-2.69734706972513e-11,7.9868721464582e-11,-2.95850371182608e-10,-7.70443249006856e-10,1.88420864269633e-10,8.76427777067258e-11,9.60828317571569e-10,-4.46124726849582e-10,3.33048629454729e-10,5.88110934410365e-10,-3.34198593506009e-10,-1.58227580401346e-10,-4.28929610467026e-10,-7.30688093566059e-10,-9.94791638967476e-11,5.66322893389377e-11,-1.10812120985192e-10,-5.77203621189365e-10,1.12655376191703e-10,4.74231118905781e-10,-2.43989592243205e-10,-8.63768758364856e-11,5.73296016072237e-10,-5.38192116775311e-10,-2.79838327825068e-10,1.34514075529466e-10,1.77336245514543e-10,-1.11098757623465e-09,-6.26679872188623e-10,-1.05362818508249e-10,-4.08460793422118e-10,1.09548719504621e-09,4.49512076291388e-10,4.37622427115615e-10,-6.0732327875387e-10,-4.55754582400072e-10,-6.91747857657314e-11,7.93651947556493e-10,-8.0571194147686e-11,2.35453750697097e-10,3.43953143689131e-10,2.40341614565862e-11,-3.23225155705468e-10,3.08186590107698e-10,-1.224660450459e-10,4.32145383306624e-10,8.09084170498558e-10,-1.82361073517222e-10,-1.74540613024009e-10,-5.47172064486524e-12,-1.33085375284331e-10,-1.69999465127822e-10,-6.28456869052461e-10,-5.64507037931133e-11,7.58252853183852e-10,3.07238676766076e-11,-3.03375348397133e-10,3.77638796267389e-12,-8.91742378405207e-11,-7.38884709247785e-10,1.66486949761367e-10,-2.73542037579277e-10,-1.10240981647741e-10,1.51820752264092e-10,3.13578219425581e-10,-3.32262318605464e-10,4.99802860059989e-10,2.25419089149405e-10,1.57423788443284e-10,-3.14537103993454e-10,-8.64426409732061e-10,4.91467785090579e-10,1.64986052703997e-10,-6.35709331743178e-10,-5.33218312210242e-10,5.93354885407254e-10,1.05004600540643e-10,6.71292064257666e-10,2.05811259412384e-10,3.2331336168629e-10,4.57401879492464e-10,4.25628417448943e-10,2.29890749032688e-10,-3.15182188362564e-10,-4.93727686153371e-11,-3.44822522436663e-10,7.21489363590386e-10,2.33309976298323e-11,4.55581326333444e-10,5.89036086072743e-10,-3.45265645737045e-10,6.80261466032207e-11,8.3921955229566e-10,-3.24538627530138e-10,4.84454265738538e-10,-8.63880112033743e-11,3.07345285290669e-10,-7.13056761724215e-10,-1.40563741451026e-10,6.43876884787105e-10,-4.38966594649365e-11,9.1855232386757e-11,1.06719432618546e-10,-2.33948302877126e-10,1.91783005435656e-10,-1.31672812855151e-10,5.87272732492094e-10,-1.05557315954116e-09,-2.97483874980198e-10,6.41284462206445e-11,5.68134518964309e-10,-1.51714524449304e-10,3.85140934885306e-10,-6.38494025756177e-10,6.92426128805038e-10,-8.74702844175319e-10,-4.27636347937073e-10,1.07503231166073e-10,-1.24086729635229e-10,4.72349012687847e-10,-4.86925141249112e-10,-2.15533325361695e-11,-5.61630643579992e-10,6.97518418137238e-10,1.72018572836788e-10,-2.90999145752475e-10,5.31784459105852e-11,7.28273639581047e-10,-4.84620480260174e-10,-4.02041351682693e-10,4.52410477670077e-10,1.75843355000048e-10,5.49826900291431e-10,-4.51190397227027e-10,-2.69476238671759e-10,1.36067290568523e-10,-5.10674489522123e-10,4.53554881271967e-10,9.81739014249446e-11,2.42405868855788e-10,-2.13268615317943e-10,-2.73900588004895e-10,-3.83435714290999e-10,1.67199843979352e-10,-4.53728336429896e-10,3.43744565666554e-10,6.73387008633911e-10,9.81539928329343e-11,-4.40270899931248e-10,1.13073579035398e-09,4.86734195263692e-10,-1.50498592968003e-10,-9.52917772616479e-11,-4.34295183810566e-10,3.27756586664688e-11,2.05293099962584e-10,5.26180686045962e-10,-5.61907043888378e-10,4.40686437386493e-10,-6.7863368226226e-10,-3.53049771888607e-10,-5.15778633525776e-11,-2.76069528315262e-10,-9.06593235889372e-10,5.4842576315079e-10,-2.88701287207158e-10,4.80362064576942e-10,2.88791856740284e-10,3.5632993239901e-10,5.20847170226194e-10,7.65830327145918e-10,4.25822216197504e-11,-8.81585480215172e-11,-3.24571907508205e-10,2.76949793204325e-10,-5.10995042205764e-10,-9.00810184282912e-13,1.4300785870324e-11,-4.43306968379919e-10,7.1316011700074e-10,-2.77131922153558e-10,5.25704403086871e-10,8.08274784828206e-10,-6.72082770125564e-11,1.57780975579726e-09,3.37585365634222e-10,-5.4496940276183e-10,-4.63491801999554e-10,1.14809767923691e-10,4.80510348904526e-10,-1.0197629649641e-09,-1.02959954307216e-10,-6.48793681737774e-10,3.97228874013088e-10,-2.27694813937629e-10,-3.90078077062465e-10,1.08407905832181e-10,1.94506558759756e-10,1.74890533728335e-10,-4.65182195064682e-10,7.15915521621406e-11,-1.17915785131766e-10,3.06100560216252e-10,6.40746572686026e-10,-5.79417570257888e-10,-4.7952865083151e-10,-9.56796509519359e-10,-7.68559847230504e-10,-3.64305243951327e-10,-1.2460950197016e-10,-9.54983960097889e-10,-7.0927244358368e-10,1.07674324653261e-10,-3.63813753259019e-10,-3.67163175211837e-10,-3.80165935776809e-10,4.00198776661494e-10,7.71307726403179e-12,-2.80007502350544e-11,9.59484178782762e-10,-4.09686586447668e-10,2.02686983949156e-12,-1.36575353187199e-10,1.26858735641766e-10,2.8055145478887e-10,-7.40763486157411e-10,-7.43714094996276e-10,-5.14690351986945e-10,5.17792683881306e-10,-2.14749228690798e-10,-1.10912680471002e-12,-2.9247954246659e-10,-6.33534324377511e-10,-1.16041873307632e-09,1.11942196157126e-10,-2.87690903851138e-10,-7.30208361077404e-10,-4.9361186328624e-11,9.7783816171486e-10,-5.70377964615437e-10,3.40446272658038e-10,-2.47703444032531e-10,-6.01674026386153e-10,1.64422142987516e-10,-4.30978555658847e-10,-8.09923866179636e-10,-4.08981235672789e-10,3.88193295570878e-10,1.244683143292e-10,-2.45743778833903e-10,5.90431468748284e-10,7.38304906177897e-11,-5.05221245834621e-10,1.98125274299892e-10,2.47434503704041e-10,1.44350686470712e-10,-8.13689214310497e-11,7.94873815076914e-10,6.85158349059602e-10,1.34043127593044e-11,3.04810455570071e-10,-1.05148038056613e-10,6.86264337481596e-10,-5.45387375895824e-11,-3.25606588838019e-10,2.63946432177e-10,6.03345730668732e-10,3.32405169991211e-10,-3.99949751692568e-11,-7.23702765528906e-10,-1.24402641108456e-09,6.6220454619976e-11,4.27984833513916e-10,7.62871584025691e-10,1.77571012107219e-10,3.9213421708972e-10,3.73538847722052e-10,7.47499763009348e-10,5.50653758846465e-11,-1.74996407240328e-09,9.77356447921487e-10,-2.15618887141064e-10,-4.28551946629139e-10,-3.84346894297764e-10,-4.40726293891001e-10,-3.16504887897915e-10,-2.84831575015741e-10,1.67366203186823e-10,3.338496096841e-10,-1.62452506996921e-10,-4.10637105792694e-10,3.06326245798606e-10,3.97051534844395e-10,-5.24931435159442e-11,-7.74337557338008e-11,-6.41211371943585e-10,-2.05781601378739e-10,1.61777751325093e-10,3.07127781041082e-10,4.35901141956203e-10,5.82158556339829e-10,8.60597136099864e-11,-3.31444567688348e-10,3.09275100009682e-10,4.71438551717746e-10,-5.07295462822698e-10,-5.87798227276106e-10,9.76168548552572e-10,4.95989345984674e-11,-6.36408989246915e-10,-6.64851271848469e-10,4.65859850403064e-11,-1.65075245302745e-10,-3.5090519094085e-11,-2.32703267624733e-11,1.08327587275341e-09,2.61055199467751e-10,9.32508013130103e-10,-9.06794220156074e-11,6.79491516594288e-10,-3.04788142643927e-10,-5.01937465406248e-10,-1.13309679374578e-09,-7.26047735902189e-11,-3.26013396952755e-11,-8.80838367911052e-10,-3.50755946456842e-10,3.69480782709019e-11,-8.6678632394928e-11,-3.24272326404445e-10,9.71305739199082e-10,-3.66028247576186e-10,-1.32395023329739e-10,4.83615957921651e-10,6.54572179922617e-10,-9.70574166160671e-10,5.84761003228895e-10,2.89510678863125e-10,-2.25958319675968e-10,-1.80316798584253e-10,-3.94417385845798e-10,-1.53480331674672e-10,6.16336079052994e-10,-2.98524874903666e-10,2.85035839038982e-10,1.95705099450019e-10,-2.8561896061194e-10,4.42093852351486e-10,-2.20726635336283e-10,-1.94783132469638e-10,-2.2137689655531e-10,1.95661520027811e-11,-9.20401506783091e-11,5.24535805582921e-10,-6.70096694942787e-10,1.61050111451718e-09,-4.77090705169e-10,-9.26671892396408e-10,-1.71934211614152e-11,7.81257244897853e-11,5.94682631714638e-10,-8.61373506193497e-10,4.10526761457304e-10,-8.17313398639805e-10,-2.1080095042777e-10,1.93447323251192e-10,-2.77463808912394e-10,6.42820965981362e-11,-8.16203363206841e-11,-2.72621438636939e-10,3.5104697441048e-10,2.02795471598253e-10,7.75911110261004e-10,2.94305511411948e-10,-4.82619315414133e-10,2.39443631012803e-10,-6.01810636273557e-10,-8.56166628810586e-11,5.09358514556666e-10,-3.05438652051134e-10,-7.08186145365777e-11,-4.8310707657986e-10,-8.22727807748732e-11,-2.76406748350545e-10,3.4737256825492e-10,6.8350299169277e-10,7.45832820149622e-10,-5.36863729558504e-10,-5.50843152156912e-10,1.26333083997743e-10,-1.02730016630669e-10,-2.24013574982881e-10,-7.53469107959257e-10,2.69798015942058e-10,-8.43021741279285e-10,3.5586024056727e-10,8.05555728172148e-10,2.90578357219366e-10,2.77132730297614e-10,6.09317497082342e-10,6.6084866696838e-10,-3.53178518421985e-10,-1.73137410036103e-11,-6.62926142966674e-10,-2.68291673289262e-10,1.46261542953699e-10,2.39586753038477e-10,-5.53250326992161e-10,-5.16121533325918e-10,-3.6454014515199e-12,-3.78904818477495e-10,7.74168715618521e-10,1.34596331972635e-09,-1.03235983702466e-09,-7.19231831989342e-10,-6.25122513379823e-10,-1.85470112971529e-10,5.15987835736517e-10,-6.80294580677266e-10,-3.17376923152404e-10,-1.07676975764148e-10,8.01698561776602e-10,-2.34355373372617e-10,1.08597103375669e-10,1.70450131693491e-10,7.03128866601377e-10,4.49185147801235e-11,-1.01728496101074e-09,-1.39321868124868e-10,1.30209351152797e-10,1.0760000439e-10,-2.08982929904842e-10,1.02681152110502e-09,-1.22446719334358e-10,-5.79836534561126e-10,2.70407681952823e-10,4.04807990183644e-10,7.19725269982749e-11,5.3749824801927e-10,-3.96793324492273e-10,-2.68478789769131e-11,1.54272895960285e-10,-8.89234693866267e-10,3.77250516867963e-10,8.7313656438799e-10,1.01353085526945e-09,-5.64808733768828e-11,7.1922253902548e-11,-8.20860674066564e-10,-7.6829494499067e-11,6.84871982387116e-10,8.36304031402221e-10,-4.98671603203971e-10,-1.17262154422556e-09,-1.62243815654943e-11,-6.67079922419834e-10,2.51334775843403e-10,-7.44642703895317e-10,4.80329815748412e-10,-3.80974487090835e-10,1.09780850876064e-09,3.59138872609409e-10,-1.37923783673513e-10,3.54724008141507e-10,3.85009755861378e-10,4.40856343046655e-10,-4.85085115963668e-10,-8.88059193901683e-11,2.54349979312589e-10,-4.7755001965006e-11,-2.54891975017712e-10,-3.21775852519002e-10,8.21955895127623e-11,-7.78338669541176e-10,-1.30700683106585e-09,3.29401496043751e-10,-3.35369380688551e-10,-5.00450553044032e-10,-3.28149725654148e-11,1.08843719424503e-09,2.37045536530189e-10,2.94727280194008e-10,-5.50161068118551e-10,5.00629754619137e-10,-5.80998219149274e-11,2.28774001069552e-10,3.18386506361756e-11,4.46267751866478e-11,-1.96208685261434e-11,9.28523334047374e-10,3.43085857147697e-12,6.58828319184169e-10,-1.72549858452397e-10,-4.33419341316714e-10,-6.11263935908498e-10,-7.80228152470156e-11,-4.38088727492524e-10,2.41223651562765e-10,-1.25608446891382e-10,-2.96309967261343e-10,-3.50289073458287e-10,7.04933160231281e-10,-6.07757284750783e-10,3.27454563133939e-10,1.13920671964137e-10,1.12216065056553e-10,4.66344651522199e-10,-6.57247184400779e-10,-4.17542276878114e-10,4.80440292366465e-10,-4.78395700746816e-10,-2.7969480251433e-10,8.49075415886366e-10,6.49522528852128e-10,7.39317817639114e-10,1.13860038929371e-09,-6.01816436841451e-11,3.92814581872703e-10,-6.82349076688766e-11,5.55868477140703e-10,-7.01360232040933e-11,-1.40664071159349e-09,-1.27681344221866e-10,-1.64545151486916e-10,4.95102757454481e-10,5.2150003862129e-10,6.839715031699e-10,8.98597057184307e-10,2.75916141039472e-10,-4.31798155978926e-10,-2.79795435979401e-10,-2.41636910890636e-10,-3.55779175176482e-11,4.04695419164828e-10,3.11933513706637e-10,-1.9718923338126e-11,7.952628890615e-10,-4.57004664434845e-10,1.74634531504186e-10,-4.26742851255584e-10,2.50607733340473e-10,-2.15788055417752e-10,1.98064461288409e-11,9.36707957947168e-10,-2.0774891520051e-10,3.32838603043929e-10,-3.66708029416284e-10,3.356030024786e-10,6.74708096497481e-11,-2.71099225062196e-10,-1.60403408342516e-10,3.17105394605729e-10,1.186429097938e-09,3.3510712037797e-10,-1.01412419661583e-11,4.86675667081986e-10,3.99072681510402e-10,9.43834053257337e-10,1.66579043465027e-10,-4.81811204075125e-11,1.03264120939748e-10,-7.67722561925438e-10,1.27987007024132e-09,-2.12846157246696e-10,5.02675229413317e-11,7.29971502961492e-10,3.52806192167e-10,5.44351445725901e-11,-5.33023133413152e-10,5.33681827598536e-10,-1.02598223055982e-10,9.88141684939855e-11,8.96524112472605e-11,-6.15146542613605e-11,-2.67802360487499e-10,-1.69272266549441e-10,-2.39179442062766e-10,7.00264757641057e-10,-5.17507339731321e-10,5.44527882817104e-10,4.82507060450854e-10,-4.79051717555783e-10,1.03931302625367e-10,4.8886350713368e-10,-2.77489676498772e-10,6.84031364556713e-11,-7.00159529986984e-10,3.29793932590135e-10,-3.08493040831693e-10,-4.96897631840485e-10,3.69682909304294e-10,-4.82081643010727e-11,-2.2113108610864e-10,3.33630014332294e-11,8.27018219389446e-10,-9.83667731559892e-10,1.09606020350012e-10,-1.3685678008791e-11,3.44036527798278e-10,8.79462975867182e-10,-2.08758044089549e-11,2.70185640061036e-10,2.08106536272257e-10,-1.22158153187592e-10,-5.21127265277787e-12,2.1525979403274e-10,9.33318358484827e-10,7.4601604328112e-10,-1.1519942562528e-09,2.30876937148634e-10,-1.70475298954367e-10,3.50940148166444e-10,2.94128837787104e-10,-1.12220327922462e-09,-1.0679382395534e-10,-1.11131712854615e-09,-3.05623312226654e-10,-6.03837482983241e-10,8.09671702478474e-11,-9.79887629114768e-10,4.75090736285252e-10,-6.14482116493944e-10,-7.47938752612423e-11,-5.40682231579473e-10,1.45461643850218e-10,3.45195260328212e-10,6.66587624196479e-10,-7.28594746837893e-10,2.91512996113684e-10,3.33769205166917e-10,1.69864383409618e-10,-5.24777465471236e-11,-4.38787481673435e-10,-1.65543114827785e-11,3.19324834814267e-10,2.62768627797549e-10,-1.51118078077798e-10,-3.30238423687556e-11,-3.52716116077987e-10,-3.99188637860201e-10,7.94439574358559e-10,1.12955960786819e-10,-1.02534651261871e-09,-5.3340845224285e-10,-2.49245281053438e-10,-1.29679849740009e-10,-2.89458280651482e-10,3.41344606604509e-10,-5.54751954212225e-10,1.22803608730857e-11,-3.15892448713271e-10,-1.18675876444192e-10,-9.28348956583046e-10,1.1636145665519e-09,2.05014490578056e-10,4.56642274576437e-10,3.73286204386878e-10,5.8883516730162e-10,-1.43779606760866e-10,-2.24728067064633e-10,3.6835439379369e-10,-7.67408410340752e-11,4.37058608612344e-10,-4.32607223396754e-10,5.98410473740451e-10,3.75303501140185e-10,4.58982882310294e-10,4.63957415261294e-11,3.57367172276206e-10,1.1485565748694e-10,7.89966961487008e-10,2.61186924010384e-10,-5.27569031486254e-10,1.8826315795828e-10,1.23916211474117e-10,-3.12906084167818e-10,1.01300861602895e-09,-1.00822273352757e-09,-2.41497841403137e-10,-3.79997274747856e-10,-7.58177619997551e-10,-3.13202397395441e-11,9.04253295778339e-11,8.56519954576997e-11,-1.09552384985096e-10,-2.41862773911416e-10,7.72693290792829e-11,1.16459023196663e-10,-7.57399538297907e-10,1.82752373520341e-10,-2.46076986103063e-10,-5.86013734774864e-10,-9.56848959243575e-11,8.20838837130272e-11,-2.63487854866466e-10,3.86990871473518e-10,-1.3336518411085e-10,4.89289867938516e-10,1.18938212323237e-11,-8.78528033034294e-11,7.61006590923878e-11,-3.88667991692348e-10,-3.15459560785275e-10,-9.47799067884991e-10,-1.94724354968129e-10,-3.9417915177855e-10,5.02896594407132e-12,-2.21080621642917e-10,1.12765242165773e-09,5.33897418779285e-10,-2.28643098456134e-10,3.18298533528105e-10,2.74603438668277e-10,8.46424779648715e-10,-9.85101933606549e-10,2.65929312276727e-10,-1.67491223060169e-10,3.25154060444252e-10,2.35615919227638e-10,-9.68891310355991e-10,-4.94779029553988e-10,-1.14009135575401e-10,5.3659441605184e-10,-8.58286268459365e-10,-5.87078662214609e-10,-1.69187105446925e-10,1.78272781367974e-10,-7.79519088642103e-10,2.02549568505193e-10,-3.07853902015447e-10,-6.38323563461792e-10,-1.69887574980974e-11,-8.7488391185558e-10,8.82118844916614e-10,-6.83734461087567e-11,6.47628579402673e-10,-1.96278855757078e-10,-1.01393466374775e-09,-3.042387907861e-10,1.0869698135919e-10,1.23058024463781e-10,-3.95826167832955e-10,-4.90208657519841e-10,-2.5330610898188e-10,3.34503011906006e-10,3.8634389202373e-10,1.00849419883135e-09,6.0465800284291e-10,3.43450383698239e-11,-9.02689541323079e-10,7.31829299100015e-10,1.4212097417521e-11,5.30301909470837e-10,-1.32832732490989e-10,-4.76702608046543e-10,-4.92075055066015e-11,8.28095797324101e-11,-6.18664200879464e-10,-1.44691972767315e-10,2.53774523984433e-10,2.75274410252394e-10,6.01160172826287e-10,-1.01838317313651e-09,-1.13305139995277e-10,-6.8746788042673e-10,9.30075003321015e-11,-5.12254900180787e-10,-3.95192313147447e-10,1.60038538998496e-10,9.65008901901403e-11,-1.33848999620633e-10,3.83508415871176e-11,4.94111357560572e-10,1.19707311956503e-10,2.2750522541711e-10,-9.94954048523e-10,-2.79070162951513e-10,-1.88748829181481e-10,-3.23931428770427e-11,7.29689600286859e-10,-4.59300121445483e-10,-2.74969560395602e-10,2.22983470325783e-11,1.62785054995465e-10,3.11038813766024e-10,-6.10997110487053e-10,-9.968875180198e-11,-4.81615276527283e-10,1.67895529787333e-10,-3.6703614084616e-10,-7.1759933133165e-10,-1.43128294277939e-10,3.05423882232357e-10,-6.41816660461826e-11,-3.49546259227358e-10,3.06438239844625e-10,1.18541535560168e-10,1.03750112914002e-09,-2.83661666611593e-10,-2.35866781779189e-10,8.53276165345305e-11,-8.54659024626719e-10,3.68578696388432e-10,1.92868845882618e-10,3.13667471797738e-10,6.36872123083205e-10,9.08098516191757e-11,7.9186273097739e-11,1.95294194557574e-10,6.10482241537374e-10,7.20306599802929e-10,3.74007318813407e-10,-5.71900858208055e-10,6.02834464723621e-10,-1.36013421880003e-09,-1.78033728427713e-10,8.3372431333696e-11,3.72364203462548e-10,1.81661877755618e-10,2.7711867831626e-10,2.13927845638551e-11,-1.07283982298246e-10,1.89725748559478e-10,2.13882550528245e-10,-2.1262366537026e-10,2.06895680557345e-10,-3.34972185474832e-12,-4.82904752095354e-10,-4.58627953530964e-10,2.26744015979269e-10,-1.20949816057703e-10,-5.24633276157389e-10,4.88940375808944e-10,6.57263492110298e-10,4.17001040422718e-10,4.29000761037798e-11,-8.3937410908142e-10,4.04916707546969e-10,4.08680239690288e-10,-4.95607953973705e-10,-5.25578457128808e-10,1.32675047739325e-09,1.05284889716069e-09,1.8151028258362e-10,4.64210818572089e-10,-3.0988577897407e-10,-1.32297765436947e-10,4.89661820993224e-10,2.88988145614789e-10,-4.64470422013024e-10,1.67568969248981e-10,1.16375927819971e-09,1.8469902201374e-10,1.54103178107927e-10,-1.82330563149103e-10,7.87604450088238e-11,-7.51876715928247e-10,1.06831526974789e-09,8.06072589757073e-10,1.18613194486194e-11,-3.19729891477844e-10,-7.41962513070942e-10,5.41194525856468e-11,5.55820129984102e-10,2.46685845767281e-10,-6.50457046918507e-10,1.18380571653885e-09,-1.05657342356377e-09,-2.55392534075629e-10,-4.35499371912361e-10,-3.07422959703625e-11,-5.42431404869049e-10,-3.93802845573311e-10,-1.03811363232424e-10,1.47118990080983e-10,7.04111412338721e-10,3.69343924754398e-10,6.99228060428628e-11,-7.14531132476915e-11,-3.72767975536168e-10,1.61969461536705e-10,5.74866554474575e-10,6.6285209497337e-10,-4.22938279711611e-10,1.25076680414912e-10,3.35574298845339e-11,9.20993537826345e-10,-4.19369594397444e-10,1.00544855127846e-10,-5.12905461840013e-11,1.51487381373426e-11,-2.78099837640277e-10,-1.28485779157261e-10,-3.28449099361039e-11,3.4542866358072e-10,2.92051888856472e-11,1.58175766098305e-10,-2.7855000971894e-11,5.01705532128255e-11,-5.83297910558716e-10,-7.97712992592205e-10,3.31492218046671e-11,-5.00028527389951e-10,-1.39103051064969e-10,5.71962432839148e-10,3.7340373322205e-13,-9.34113803523175e-10,-4.50279142575635e-10,1.19754127585019e-10,-1.24887960756616e-09,-2.01730571490849e-10,2.20368740605341e-10,-5.23027272548984e-10,8.87127967635299e-11,7.26362783162725e-11,-7.97172165536502e-11,4.29110597744836e-12,7.48587367049982e-11,-1.25808537848642e-12,-8.8694448926729e-11,-2.66314158087845e-10,-3.22386446209089e-10,-4.88047370279668e-11,-8.58886451978042e-10,-5.83902273062695e-10,-4.5020748612039e-10,-9.49737914674958e-10,-1.41256582948303e-10,2.6444281294196e-10,-4.56513626881981e-10,-3.67145695196333e-10,7.92676024443779e-10,-6.901863016786e-10,-1.16370862109416e-09,1.85379552414986e-10,-8.08368941641143e-10,3.89149583328029e-10,6.30929642508985e-11,4.62098400886473e-10,-1.80817739763727e-09,9.45498702602637e-10,-1.37376403061788e-09,2.40699500033009e-10,-1.55063014187379e-10,-5.57830225832173e-10,-7.31216377710244e-10,-4.56148718912167e-10,-9.31118795568848e-10,-5.00325295750543e-10,-2.74787033074208e-10,-9.13366693086117e-11,-7.82879048006306e-10,2.7527482251332e-10,-7.25838746745864e-10,-1.33256124492934e-11,4.96645636900422e-10,-2.79433340036178e-10,1.93427172892756e-10,4.13695282153589e-10,-1.23772075491736e-09,2.08974549954601e-10,4.40315963768264e-10,1.58180140396216e-10,1.38256200837403e-09,8.69922211924114e-10,1.14897555351816e-10,7.17544218130991e-10,9.62750291009858e-10,1.48508582584202e-09,4.13370961783059e-10,5.91689479007879e-10,8.55632437708155e-10,1.10800936500997e-09,2.40830738445195e-09,1.53026500314042e-09,1.26691155497446e-09,2.74644197115184e-09,2.44125018907386e-09,3.41288462851592e-09,4.01392408316878e-09,3.84042586966469e-09,4.94247926332219e-09,5.14030510997358e-09,5.96547365324619e-09,7.87371659784772e-09,8.93019311209422e-09,1.04808145569795e-08,1.33940495721369e-08,1.64841763299008e-08,2.13134436963695e-08,2.69469672953918e-08,3.48957742421322e-08,4.62352600268624e-08
