v,0.25
Patm,100000
g,9.81
r,500
G,10^9.5
rho,2700
mu,10^2.69
rc,14
 
M,10^5.38
sigma,0.1
 
tilt_erupt,46.0721nrad
 
-1404,-1403,-1402,-1401,-1400,-1399,-1398,-1397,-1396,-1395,-1394,-1393,-1392,-1391,-1390,-1389,-1388,-1387,-1386,-1385,-1384,-1383,-1382,-1381,-1380,-1379,-1378,-1377,-1376,-1375,-1374,-1373,-1372,-1371,-1370,-1369,-1368,-1367,-1366,-1365,-1364,-1363,-1362,-1361,-1360,-1359,-1358,-1357,-1356,-1355,-1354,-1353,-1352,-1351,-1350,-1349,-1348,-1347,-1346,-1345,-1344,-1343,-1342,-1341,-1340,-1339,-1338,-1337,-1336,-1335,-1334,-1333,-1332,-1331,-1330,-1329,-1328,-1327,-1326,-1325,-1324,-1323,-1322,-1321,-1320,-1319,-1318,-1317,-1316,-1315,-1314,-1313,-1312,-1311,-1310,-1309,-1308,-1307,-1306,-1305,-1304,-1303,-1302,-1301,-1300,-1299,-1298,-1297,-1296,-1295,-1294,-1293,-1292,-1291,-1290,-1289,-1288,-1287,-1286,-1285,-1284,-1283,-1282,-1281,-1280,-1279,-1278,-1277,-1276,-1275,-1274,-1273,-1272,-1271,-1270,-1269,-1268,-1267,-1266,-1265,-1264,-1263,-1262,-1261,-1260,-1259,-1258,-1257,-1256,-1255,-1254,-1253,-1252,-1251,-1250,-1249,-1248,-1247,-1246,-1245,-1244,-1243,-1242,-1241,-1240,-1239,-1238,-1237,-1236,-1235,-1234,-1233,-1232,-1231,-1230,-1229,-1228,-1227,-1226,-1225,-1224,-1223,-1222,-1221,-1220,-1219,-1218,-1217,-1216,-1215,-1214,-1213,-1212,-1211,-1210,-1209,-1208,-1207,-1206,-1205,-1204,-1203,-1202,-1201,-1200,-1199,-1198,-1197,-1196,-1195,-1194,-1193,-1192,-1191,-1190,-1189,-1188,-1187,-1186,-1185,-1184,-1183,-1182,-1181,-1180,-1179,-1178,-1177,-1176,-1175,-1174,-1173,-1172,-1171,-1170,-1169,-1168,-1167,-1166,-1165,-1164,-1163,-1162,-1161,-1160,-1159,-1158,-1157,-1156,-1155,-1154,-1153,-1152,-1151,-1150,-1149,-1148,-1147,-1146,-1145,-1144,-1143,-1142,-1141,-1140,-1139,-1138,-1137,-1136,-1135,-1134,-1133,-1132,-1131,-1130,-1129,-1128,-1127,-1126,-1125,-1124,-1123,-1122,-1121,-1120,-1119,-1118,-1117,-1116,-1115,-1114,-1113,-1112,-1111,-1110,-1109,-1108,-1107,-1106,-1105,-1104,-1103,-1102,-1101,-1100,-1099,-1098,-1097,-1096,-1095,-1094,-1093,-1092,-1091,-1090,-1089,-1088,-1087,-1086,-1085,-1084,-1083,-1082,-1081,-1080,-1079,-1078,-1077,-1076,-1075,-1074,-1073,-1072,-1071,-1070,-1069,-1068,-1067,-1066,-1065,-1064,-1063,-1062,-1061,-1060,-1059,-1058,-1057,-1056,-1055,-1054,-1053,-1052,-1051,-1050,-1049,-1048,-1047,-1046,-1045,-1044,-1043,-1042,-1041,-1040,-1039,-1038,-1037,-1036,-1035,-1034,-1033,-1032,-1031,-1030,-1029,-1028,-1027,-1026,-1025,-1024,-1023,-1022,-1021,-1020,-1019,-1018,-1017,-1016,-1015,-1014,-1013,-1012,-1011,-1010,-1009,-1008,-1007,-1006,-1005,-1004,-1003,-1002,-1001,-1000,-999,-998,-997,-996,-995,-994,-993,-992,-991,-990,-989,-988,-987,-986,-985,-984,-983,-982,-981,-980,-979,-978,-977,-976,-975,-974,-973,-972,-971,-970,-969,-968,-967,-966,-965,-964,-963,-962,-961,-960,-959,-958,-957,-956,-955,-954,-953,-952,-951,-950,-949,-948,-947,-946,-945,-944,-943,-942,-941,-940,-939,-938,-937,-936,-935,-934,-933,-932,-931,-930,-929,-928,-927,-926,-925,-924,-923,-922,-921,-920,-919,-918,-917,-916,-915,-914,-913,-912,-911,-910,-909,-908,-907,-906,-905,-904,-903,-902,-901,-900,-899,-898,-897,-896,-895,-894,-893,-892,-891,-890,-889,-888,-887,-886,-885,-884,-883,-882,-881,-880,-879,-878,-877,-876,-875,-874,-873,-872,-871,-870,-869,-868,-867,-866,-865,-864,-863,-862,-861,-860,-859,-858,-857,-856,-855,-854,-853,-852,-851,-850,-849,-848,-847,-846,-845,-844,-843,-842,-841,-840,-839,-838,-837,-836,-835,-834,-833,-832,-831,-830,-829,-828,-827,-826,-825,-824,-823,-822,-821,-820,-819,-818,-817,-816,-815,-814,-813,-812,-811,-810,-809,-808,-807,-806,-805,-804,-803,-802,-801,-800,-799,-798,-797,-796,-795,-794,-793,-792,-791,-790,-789,-788,-787,-786,-785,-784,-783,-782,-781,-780,-779,-778,-777,-776,-775,-774,-773,-772,-771,-770,-769,-768,-767,-766,-765,-764,-763,-762,-761,-760,-759,-758,-757,-756,-755,-754,-753,-752,-751,-750,-749,-748,-747,-746,-745,-744,-743,-742,-741,-740,-739,-738,-737,-736,-735,-734,-733,-732,-731,-730,-729,-728,-727,-726,-725,-724,-723,-722,-721,-720,-719,-718,-717,-716,-715,-714,-713,-712,-711,-710,-709,-708,-707,-706,-705,-704,-703,-702,-701,-700,-699,-698,-697,-696,-695,-694,-693,-692,-691,-690,-689,-688,-687,-686,-685,-684,-683,-682,-681,-680,-679,-678,-677,-676,-675,-674,-673,-672,-671,-670,-669,-668,-667,-666,-665,-664,-663,-662,-661,-660,-659,-658,-657,-656,-655,-654,-653,-652,-651,-650,-649,-648,-647,-646,-645,-644,-643,-642,-641,-640,-639,-638,-637,-636,-635,-634,-633,-632,-631,-630,-629,-628,-627,-626,-625,-624,-623,-622,-621,-620,-619,-618,-617,-616,-615,-614,-613,-612,-611,-610,-609,-608,-607,-606,-605,-604,-603,-602,-601,-600,-599,-598,-597,-596,-595,-594,-593,-592,-591,-590,-589,-588,-587,-586,-585,-584,-583,-582,-581,-580,-579,-578,-577,-576,-575,-574,-573,-572,-571,-570,-569,-568,-567,-566,-565,-564,-563,-562,-561,-560,-559,-558,-557,-556,-555,-554,-553,-552,-551,-550,-549,-548,-547,-546,-545,-544,-543,-542,-541,-540,-539,-538,-537,-536,-535,-534,-533,-532,-531,-530,-529,-528,-527,-526,-525,-524,-523,-522,-521,-520,-519,-518,-517,-516,-515,-514,-513,-512,-511,-510,-509,-508,-507,-506,-505,-504,-503,-502,-501,-500,-499,-498,-497,-496,-495,-494,-493,-492,-491,-490,-489,-488,-487,-486,-485,-484,-483,-482,-481,-480,-479,-478,-477,-476,-475,-474,-473,-472,-471,-470,-469,-468,-467,-466,-465,-464,-463,-462,-461,-460,-459,-458,-457,-456,-455,-454,-453,-452,-451,-450,-449,-448,-447,-446,-445,-444,-443,-442,-441,-440,-439,-438,-437,-436,-435,-434,-433,-432,-431,-430,-429,-428,-427,-426,-425,-424,-423,-422,-421,-420,-419,-418,-417,-416,-415,-414,-413,-412,-411,-410,-409,-408,-407,-406,-405,-404,-403,-402,-401,-400,-399,-398,-397,-396,-395,-394,-393,-392,-391,-390,-389,-388,-387,-386,-385,-384,-383,-382,-381,-380,-379,-378,-377,-376,-375,-374,-373,-372,-371,-370,-369,-368,-367,-366,-365,-364,-363,-362,-361,-360,-359,-358,-357,-356,-355,-354,-353,-352,-351,-350,-349,-348,-347,-346,-345,-344,-343,-342,-341,-340,-339,-338,-337,-336,-335,-334,-333,-332,-331,-330,-329,-328,-327,-326,-325,-324,-323,-322,-321,-320,-319,-318,-317,-316,-315,-314,-313,-312,-311,-310,-309,-308,-307,-306,-305,-304,-303,-302,-301,-300,-299,-298,-297,-296,-295,-294,-293,-292,-291,-290,-289,-288,-287,-286,-285,-284,-283,-282,-281,-280,-279,-278,-277,-276,-275,-274,-273,-272,-271,-270,-269,-268,-267,-266,-265,-264,-263,-262,-261,-260,-259,-258,-257,-256,-255,-254,-253,-252,-251,-250,-249,-248,-247,-246,-245,-244,-243,-242,-241,-240,-239,-238,-237,-236,-235,-234,-233,-232,-231,-230,-229,-228,-227,-226,-225,-224,-223,-222,-221,-220,-219,-218,-217,-216,-215,-214,-213,-212,-211,-210,-209,-208,-207,-206,-205,-204,-203,-202,-201,-200,-199,-198,-197,-196,-195,-194,-193,-192,-191,-190,-189,-188,-187,-186,-185,-184,-183,-182,-181,-180,-179,-178,-177,-176,-175,-174,-173,-172,-171,-170,-169,-168,-167,-166,-165,-164,-163,-162,-161,-160,-159,-158,-157,-156,-155,-154,-153,-152,-151,-150,-149,-148,-147,-146,-145,-144,-143,-142,-141,-140,-139,-138,-137,-136,-135,-134,-133,-132,-131,-130,-129,-128,-127,-126,-125,-124,-123,-122,-121,-120,-119,-118,-117,-116,-115,-114,-113,-112,-111,-110,-109,-108,-107,-106,-105,-104,-103,-102,-101,-100,-99,-98,-97,-96,-95,-94,-93,-92,-91,-90,-89,-88,-87,-86,-85,-84,-83,-82,-81,-80,-79,-78,-77,-76,-75,-74,-73,-73,-72,-71,-70,-69,-68,-67,-66,-65,-64,-63,-62,-61,-60,-59,-58,-57,-56,-55,-54,-53,-52,-51,-50,-49,-48,-47,-46,-45,-44,-43,-42,-41,-40,-39,-38,-37,-36,-35,-34,-33,-32,-31,-30,-29,-28,-27,-26,-25,-24,-23,-22,-21,-20,-19,-18,-17,-16,-15,-14,-13,-12,-11,-10,-9,-8,-7,-6,-5,-4,-3,-2,-1,0
1.53403655331074e-10,-1.42047441350458e-10,1.25099687043763e-11,-6.09615297413345e-11,1.56224749615797e-10,1.20555052001496e-10,-1.38983991231296e-10,1.79003244487815e-10,1.10399180165732e-10,-7.65937548428922e-11,-1.51916507159831e-10,-2.41625195200477e-11,2.33531010651529e-10,1.07205476445256e-10,5.74786920605517e-11,3.33345114650116e-11,1.77036825458084e-10,3.73814627412722e-12,1.66777879178153e-12,-1.15190754637145e-10,8.07235877470399e-11,-1.57693528948461e-10,-2.60612911402067e-10,7.96143461474548e-11,3.8970838621478e-11,5.91186725120731e-11,-7.65477588467968e-11,-1.99877002326424e-10,3.4673072408578e-11,8.46428732458987e-11,-2.36682100872403e-11,6.6373558709484e-11,2.37635387762742e-11,-1.01751641013142e-10,-2.98267473692061e-12,6.65694784808522e-11,-9.30326584670137e-11,4.96197911446404e-11,-7.78246632501129e-11,-6.79335221707982e-11,1.22755414695076e-10,-2.511196631089e-10,7.15191993489286e-11,9.36375969471958e-11,3.73112645409428e-11,7.0120693929842e-11,-1.06148403866581e-10,2.51711945031106e-10,-8.25721622108313e-11,1.95019009005058e-11,-4.6391253672421e-11,-1.5275614800045e-10,-2.03271172617504e-10,-1.02495741313532e-10,2.96484150997965e-10,-4.90876070598378e-11,-1.09100680299322e-10,-6.30805125865676e-11,-3.69163404633623e-11,-3.37981890114395e-11,3.67997658309163e-11,-8.02555244866425e-11,1.30406860263363e-11,1.64770496908744e-11,5.79062523716118e-11,1.96524164087818e-11,1.62195885388694e-10,-9.02339817679789e-11,-9.40151425278678e-11,4.95945334930474e-11,6.58529398109249e-11,8.8805553554505e-11,6.11576942300087e-11,-1.84392566378692e-12,3.89268849541111e-11,-1.34612759817487e-10,3.64278955462718e-11,6.4112420261215e-11,-7.71301734406945e-11,1.36639035655844e-11,-2.76443774219723e-11,2.64303176002904e-11,-1.1971306954613e-10,-6.68478913740821e-11,-9.10360841516182e-11,1.35288758906826e-10,4.4483289387477e-11,7.30771541601668e-11,2.98394514301551e-11,-5.772317058786e-11,1.28458357206687e-10,-5.63224893158908e-11,-9.74892495955316e-11,-2.66934463860785e-11,7.61802967794425e-12,-8.01302082185745e-11,-1.12290171530112e-10,3.34368987398848e-11,-1.76732134799814e-10,7.68623830805171e-11,-1.72540925409602e-10,6.70524785143325e-11,1.60297640052668e-10,1.17105165907401e-10,-9.39104305806929e-11,-4.87086447473936e-11,-2.47171581844045e-11,1.4804979106913e-10,-4.766678459471e-12,1.56101832557014e-10,-1.01641557777197e-10,4.98113456450214e-11,1.05542212489279e-10,-3.98307632021884e-13,7.97332372886552e-12,7.34597317196091e-12,-1.045249779818e-10,9.84450995956387e-12,4.22148488158593e-11,-4.62270836892983e-11,2.39048319249768e-12,7.37447777774721e-11,4.21796411376829e-11,-5.99874778799361e-11,-5.83763235967601e-11,7.87230771476013e-11,-1.94582845691754e-10,-3.0398016027702e-12,-4.79787034727836e-11,1.08565469302824e-10,1.72056445108455e-11,-2.48957514248882e-11,1.57293410275676e-11,-1.17453280445214e-10,-1.17008850401196e-10,-2.07139510728239e-10,1.09337293529337e-10,9.44553963031571e-11,-1.00510819063746e-10,-6.40876118949764e-11,-1.83564822595534e-10,-2.63933911633946e-11,-7.82881787749524e-12,1.28962337785993e-10,1.77663726263949e-10,-9.32546669507877e-12,1.74138653736799e-10,-3.55604377177458e-11,3.07597932395732e-13,1.24943693253305e-10,-8.16932645872863e-11,-9.99589226061028e-11,1.12759367683391e-10,-5.99260409523178e-11,1.39646026595832e-10,9.57588809307577e-11,4.70952976748423e-11,-1.64386133650243e-10,-2.1044084515179e-10,-5.14495791130107e-11,1.71048843810073e-10,4.73315317217262e-11,-4.14501692812206e-11,5.54989117125707e-11,-2.14168244967389e-11,5.97991567903939e-11,-4.25979725379098e-11,-3.22260648539271e-11,-7.57704492557513e-11,-3.71949095106938e-11,-1.34423920231045e-11,-6.60041130903446e-11,9.43190460116817e-12,7.90106567602865e-11,-8.40708436705592e-11,9.17217257287433e-11,2.51492597771584e-10,5.76219572953994e-12,2.51472640515717e-10,-2.66998789966921e-11,1.59789919167875e-10,1.17164109038633e-10,-2.07412819525668e-10,1.01734551312388e-10,-6.99273219103401e-11,-1.22610751088509e-10,4.93392279928443e-12,-4.12041102918735e-11,1.12811836282713e-11,2.02262684536867e-11,3.22378769956837e-11,-1.37534547797181e-12,-1.08161464033591e-11,8.04101754012089e-11,9.77370580885945e-11,-1.10138733184435e-10,-1.88151284676072e-11,1.5441304492784e-10,8.02434354924786e-11,-6.80395257579117e-11,-9.9122786243685e-11,1.25951789048802e-10,-1.03094378993164e-10,6.20224810694486e-11,-7.97940234528709e-12,3.90211345799393e-11,-8.90015435901584e-12,1.01848810224931e-11,2.21889717871489e-11,-7.07278891766246e-11,1.45191295878848e-10,3.48591677223753e-11,1.84033799798093e-10,1.31678044365772e-11,1.4289255913632e-10,-2.0414352219191e-10,-1.21041481875568e-10,7.35432940680666e-11,1.90418533205142e-10,1.0292935473468e-11,5.43843410340314e-11,-4.06633728663891e-11,-6.41538294482806e-11,-8.72656496061284e-12,-6.63805403372385e-11,6.89537312461082e-11,-9.45857150922815e-11,-2.08193291964943e-11,-1.58798095707333e-11,-1.95725679378695e-10,1.09094520031752e-11,3.58816277954434e-13,-6.79264185223284e-11,1.03924469744514e-10,-4.48517417850255e-11,-1.0923576363195e-10,-3.46440849029162e-11,5.34838801886213e-11,2.71323915950628e-10,6.38636354527004e-11,5.85843581026687e-11,-2.23977595212323e-11,4.17060119509171e-12,7.51363288889383e-11,2.14540284117886e-10,7.03544649962171e-12,-7.57980110901063e-12,5.8295688708784e-11,2.24616432267275e-11,5.68018908374648e-11,-7.62277398009244e-11,9.98888490033985e-11,6.12825553695346e-11,9.68984877490932e-12,-6.77356821204978e-11,7.22517227721396e-11,-3.83994199844835e-11,-7.86407897079143e-11,-1.55324623896691e-10,3.05067097096499e-11,7.08720271052413e-11,-1.34513539669688e-10,-1.35670542565278e-10,1.53011798762147e-10,8.8611224619599e-11,-2.22377337330974e-11,1.9835157017359e-12,4.4588692883975e-11,-7.38547252628759e-11,7.78130541759733e-12,4.54788098103971e-11,-1.6692549170691e-11,1.55681307445119e-11,-3.2191172109695e-11,-9.61100219659554e-11,-7.6196598991475e-11,-3.75783282771063e-11,-1.11568171999409e-10,1.20922010850256e-10,4.65391740716644e-11,-6.36280666886512e-11,1.18718997481907e-10,1.08379520538182e-10,8.14303089197578e-11,7.74187452734177e-11,-5.65716636017281e-11,-2.88765417216813e-11,9.42559943676287e-11,1.4846771476812e-11,-2.48538795634649e-11,1.37066862819739e-10,7.50878808526741e-11,-7.42186125395771e-11,-2.31552442565196e-11,-1.0454306587723e-11,-3.55054796782565e-11,4.77325277003291e-11,-4.04016251486231e-11,-2.28654278566876e-11,1.04314049604684e-10,-8.00365474561351e-11,-1.98135942804316e-11,6.35654854190745e-11,2.39771668275695e-10,1.13136785315408e-10,-4.6523601465534e-12,-1.80428650641582e-10,6.65460090267679e-12,-1.36494739684512e-10,2.41574605132055e-11,-1.01987630209539e-10,-5.57372798417719e-11,-4.03098014450113e-11,-6.32631325625997e-11,-6.62921898204399e-11,-3.41845886324701e-11,-3.76618231008159e-11,-6.33183988833377e-11,7.89002237374897e-11,-1.04122735350573e-10,-4.8236182308154e-12,1.3838914421856e-10,-5.17978583562776e-11,3.57591401341621e-11,9.77465777424116e-11,4.98916708720031e-11,-7.86587493447477e-11,7.31732768742369e-11,2.23940860249913e-10,-1.58711103707115e-11,-1.08118768358984e-10,6.64325080666325e-11,6.29691170994874e-11,-6.60995615954553e-11,-3.55066867022997e-11,1.09795135549763e-10,-8.75246425988611e-11,-5.61166429727794e-11,6.42275330875917e-13,-1.17475638026739e-10,5.26776930788046e-11,-5.17114287927669e-11,-2.35447512457867e-11,5.22269026420221e-11,9.00127726563491e-11,2.70946372681055e-12,-5.40146610906115e-11,-4.54368527504413e-11,4.74829632898493e-11,6.87152079880584e-11,1.26224176171896e-10,1.58403815974413e-10,-8.01132321325632e-11,-1.63933862281767e-10,9.68106008204142e-11,-3.23337026047592e-11,9.25041161164549e-11,7.20503086901116e-11,-2.59457940120527e-11,5.72514156335408e-11,4.45476150245187e-11,1.05879196638164e-10,-5.62694886678605e-11,-8.99409609403201e-11,7.33874287439347e-12,1.69193543936504e-11,1.80484031470922e-10,-1.39102502432778e-11,2.44085649300944e-12,-2.16173990030813e-10,3.20908257683903e-11,1.18941452210948e-10,5.04448866318393e-11,-1.08573589388618e-10,6.14503214669395e-11,1.03719051467083e-10,9.9649408815043e-11,-4.99544393566924e-11,-1.23773322910265e-10,1.60552997725032e-11,4.89727520239561e-11,3.29878792585423e-11,-6.45822299322986e-11,3.16763230699698e-12,5.61534570435556e-11,-6.20214192876982e-12,-5.3492898395642e-11,-2.65951736367992e-10,-1.45830649078936e-10,4.06404566268546e-11,2.95422314235705e-11,-2.24209988004761e-10,-1.87703607492412e-10,7.80005071268699e-11,-2.06350195185115e-11,4.49887194393788e-11,-1.84688163601957e-10,5.54127077562601e-12,3.38096184817589e-11,-4.79526913988118e-11,-2.66925324844199e-11,7.08726394252149e-12,-1.110448913994e-10,-5.07710788598406e-11,3.8804390298262e-11,-5.25615909433691e-11,9.12889296039728e-11,-6.62901566031114e-11,-7.43282406589325e-11,-2.59313233275544e-11,1.00777341702254e-10,5.09198386103662e-11,1.12269212284272e-10,-5.99802520708663e-11,-6.13309786195341e-11,-9.81342630193816e-11,-3.86665821585755e-11,-3.13640532630913e-11,1.34858716415064e-10,-1.28273836530634e-10,2.26866570801073e-11,4.52296482369581e-11,-6.90352719559981e-11,5.3750361073723e-11,3.32199884985904e-11,-1.76582241247181e-11,-3.32852513685213e-11,7.84963080572087e-11,4.31083133142204e-11,-1.33806896992021e-11,-6.80921711997671e-11,7.67891089193e-11,-1.60928521464077e-11,3.27217935421227e-11,-8.61764286026795e-11,3.21279757934097e-11,9.82238778003231e-11,1.07169271852411e-10,1.79248285274203e-11,-3.57097658481618e-11,6.23640167995217e-11,7.51101586237041e-11,-1.31007542152906e-10,-1.86793165793324e-10,-1.12631048674422e-10,8.60707029776304e-11,-8.05081917970915e-11,1.27727094902877e-11,9.76682924777126e-11,3.45714848272008e-11,-2.28114332649116e-10,-2.83337991026583e-10,-2.75602484115606e-11,2.17218383059807e-12,-1.64191495984726e-10,7.90174667218877e-11,1.92173722498051e-10,2.69160789660935e-11,-3.06306896456669e-10,6.93294866600152e-11,2.13326714112125e-10,5.639040745893e-11,6.52131916323435e-11,-1.23248078816961e-10,-9.90763047122451e-11,-9.91062265716429e-11,6.79526608674304e-11,3.64433424574919e-11,-9.81647268752745e-11,-1.07835767188884e-10,2.50032415451396e-11,-1.10835708897604e-10,9.57758091911086e-11,-2.47222870016756e-11,-1.38721252284171e-10,-1.45727617611865e-11,-1.00417684187866e-10,-4.87575816715105e-11,1.50729185542175e-10,1.80163961159855e-10,-2.43295963598303e-10,6.09330253668299e-11,5.50414923119024e-11,1.37752868930541e-10,4.0033770671618e-11,-6.5256468956394e-12,-1.55687863833131e-10,6.0065572327992e-11,-2.55912932848178e-11,-5.5448592871856e-11,-2.44739537067269e-10,7.82925246492425e-11,7.54012429315427e-11,-7.50485992583038e-11,1.4972718499946e-10,9.42259423915886e-11,4.17538456390343e-11,5.53807651109539e-11,1.31330421439001e-10,-3.02104149001957e-11,-1.13892524060431e-10,2.35184963113988e-11,-9.49274230851101e-11,-4.38553340454772e-11,-8.30837912858582e-11,-8.81117942734649e-11,1.65728166364131e-11,-8.72807772706102e-11,2.3696823088906e-12,2.19198503138828e-10,2.7681175749109e-10,8.06994449483435e-11,-1.50405398023548e-10,2.57893456987656e-11,1.0141436064797e-10,-1.07574866611857e-10,8.59406077666345e-11,2.75888212348032e-11,4.30703671141601e-11,-1.1551917747082e-10,-5.41939917098045e-12,1.39096884088893e-10,1.4442975979228e-10,3.02979812529975e-12,-3.24573250214802e-11,-6.04872440266514e-11,-1.40717329231107e-10,-1.57857775630171e-10,1.53316711717383e-10,1.44923783566561e-10,1.82531065888294e-11,-1.11642860700872e-10,-2.17374551757497e-10,-5.82970991850794e-11,-4.1242915030513e-11,4.82094212802189e-11,6.61071121338268e-12,2.21421283234698e-10,-8.31581634849929e-11,-6.08891676777254e-11,-1.23781505486518e-11,5.64771994684605e-11,1.02015812657436e-10,3.32332231998554e-11,1.52774509514377e-10,1.47498319465143e-10,1.84953582407657e-10,-6.77376316367251e-11,-7.1110837127682e-11,2.04250153189431e-10,1.40356717722836e-10,-7.25453529142194e-11,2.20495860044295e-11,6.14064433498399e-11,1.70635479752163e-11,-5.60302327813062e-11,4.94004217958062e-12,5.2611031128446e-11,-4.2562917603329e-11,-3.8871354742194e-11,1.63401429232351e-11,8.3615116411648e-11,-1.24766380874242e-10,2.24336000626166e-10,-1.32618596551534e-10,-5.82400959616685e-12,-1.11174810955511e-10,3.81478074477144e-11,-3.45251329953675e-12,-1.11106947469719e-10,1.32058901429637e-10,1.00112994869392e-10,-7.84609021921932e-11,1.55204717759685e-10,-6.51744304262401e-11,4.07736361404001e-13,-1.08840749305742e-10,4.0085095792593e-11,7.93653833862291e-11,4.28912244639572e-11,2.47191683213245e-11,1.41451653007642e-11,5.63120899741941e-11,1.63722167430306e-10,-4.1431199141336e-11,3.62068518166182e-12,-3.72991907064621e-11,-5.50764929132723e-12,2.74755563675365e-11,1.5012526214309e-10,-2.4975225286155e-12,-9.91247962610392e-13,-8.95724280829663e-11,5.16533450112579e-11,6.9793094550283e-11,4.45537373708837e-11,6.74746548447646e-11,8.49462381797724e-11,-5.53092417545859e-11,2.42616336817649e-11,-3.98043455884909e-11,-3.57489304875175e-11,-4.91758065808375e-11,2.5027440801216e-10,1.84025333836124e-10,-7.59531185407955e-11,-4.22373766754585e-11,-7.08531608358515e-11,-1.188455136604e-10,-2.6675427692036e-10,8.39319762558985e-11,9.8212285720178e-12,6.37026149211669e-11,1.11668488038624e-10,-1.40581225654994e-10,4.39907392230179e-11,2.65250205010931e-11,4.59857073704339e-11,2.05974662794478e-10,1.52058224663795e-10,-4.35092892699939e-11,2.48740082363896e-11,8.57360585822118e-11,-8.24758055361342e-11,-8.08945506345314e-11,5.27564335359212e-11,-1.11655159335157e-10,-9.2147768073417e-12,1.00866682888203e-10,-2.99369599171349e-11,-8.3741573795081e-11,1.41277204301953e-10,-1.82037478211741e-11,-1.25077339961626e-10,-2.15464452509952e-10,6.82535155502995e-11,6.22052309511589e-13,-1.30881994981503e-10,3.46934642297429e-11,1.02508042016021e-11,-3.93209740828065e-11,1.17271671501314e-10,-6.29245713230108e-11,1.22270776270298e-10,-6.28575053002122e-11,3.77776425843839e-11,4.58611747914856e-11,2.20758221009856e-11,-1.17580057860048e-10,6.38240019740026e-11,-4.39739307236198e-11,-6.54184516801392e-11,-9.77510644605728e-12,1.02888116692654e-10,5.23318277983881e-11,-1.79434122339908e-10,-3.63627828718592e-11,-4.36401675611436e-11,-8.47658479847712e-11,-6.77420195591459e-11,4.1908987895087e-11,-2.67643065827615e-11,-7.73944397568474e-11,1.13803791843442e-10,-7.76087516465115e-11,1.76082658165944e-10,3.32957104464831e-12,2.24726286309018e-10,-5.64105134888813e-11,-4.87984755653342e-11,-7.73626247302563e-11,8.26267110520873e-11,9.87144974927977e-11,-6.70134406203715e-13,1.23821707007337e-10,7.89004547311136e-11,-1.76121623380568e-10,3.71136428717168e-11,-2.65423214624497e-11,4.04442065042358e-11,7.84496425430073e-11,-1.16912761005047e-10,-3.05176592578005e-11,1.31978764385767e-10,-1.13268155967435e-10,-5.09945169121733e-11,1.12199846090569e-10,-3.66837963525838e-11,3.38295144524703e-11,1.17449717203342e-10,-1.08046920769044e-10,-8.35014965353996e-11,-1.32186669045232e-10,-9.02847809350918e-11,-6.41996989532311e-11,3.62799974979563e-11,3.19720053076183e-10,-1.25876274369622e-10,1.13311847694982e-11,1.57938617805461e-10,-8.20623578616779e-11,7.57523910422815e-11,-8.82037392647735e-11,-4.77216249876995e-11,6.15872785404608e-11,-2.03852766555894e-10,1.33231440916542e-11,-5.6478230477497e-11,-1.99391695840122e-11,-2.23101146076344e-11,2.13088337425436e-11,-4.48440406241221e-11,-3.98504585923212e-11,2.74676904995412e-11,1.76512969329923e-10,4.73815481843425e-11,-1.5469112118073e-10,-1.60778933254122e-11,3.14529175039416e-11,-2.56891659540059e-10,-1.52326818037867e-10,-2.66107841678564e-11,1.8124894282652e-11,7.65665383625847e-11,-2.14057570695126e-10,3.46794574097826e-11,1.04293548685554e-10,1.49168136907833e-10,-8.96615500118746e-12,1.08101007355215e-10,-1.69699397266835e-10,-1.14154306087732e-10,-3.71139685019364e-11,6.35272526017847e-11,3.94339201900615e-14,9.63712969051633e-11,4.01673670188554e-12,-1.59934333382124e-10,8.40009836570891e-11,-3.54868882886351e-11,-1.61591451730238e-11,-9.25455703467469e-11,7.22553614322286e-12,-4.79442948115623e-11,-5.95369612296464e-11,3.17718526823162e-11,1.12131478599015e-10,6.23119003771964e-11,1.30356037162509e-10,1.08204806146569e-10,1.35044686561869e-11,6.31988522343987e-11,3.89323923235089e-11,8.96983989654348e-12,4.77390526425236e-11,2.33972033246668e-10,-1.53659717279128e-10,-1.08079124906931e-10,1.5408989508544e-10,-3.18844964302547e-12,2.51724394673009e-11,-5.32456143326968e-11,-7.4818378066212e-11,1.53153242888759e-11,1.91952687368026e-13,1.2251006070406e-10,-1.23845248469053e-10,9.38542402187539e-11,-1.3840458668272e-10,9.49714546038895e-12,2.63392679460017e-11,-4.01569439124585e-12,-2.1554229652452e-10,1.4843457272236e-10,1.15975401463347e-11,2.07040946923742e-11,3.48366755349342e-11,1.71327395419422e-13,-3.44621233949877e-11,-9.86106937998354e-11,-2.10498104357362e-11,-3.2840877250587e-11,1.08391538085055e-10,-5.26316096595213e-11,-1.96420281421254e-11,2.96230795127861e-11,2.16283201436468e-12,7.68057413090672e-11,-7.70312503396829e-11,1.72806011068447e-10,1.90195065391385e-11,7.8564330349053e-11,3.70442398080754e-11,-7.18015254115566e-11,-1.03742684174801e-10,9.65253776289e-11,-6.90987903066851e-12,-9.68393983875676e-12,3.90225263741237e-11,6.43705169605858e-11,1.42423314098356e-10,-1.85637228438525e-12,-3.39756748532713e-12,-2.75678847745533e-11,5.00379150624946e-11,2.7496362502468e-11,1.88341203943234e-10,-1.6378372366035e-10,-1.38168417190767e-10,6.55475149138796e-11,6.75395201764087e-11,9.17747886800831e-11,-1.67243057398872e-10,1.21097407449217e-10,-2.11668136520216e-11,1.30847230681234e-10,5.27568414334236e-11,1.34159135852494e-10,2.00521733978892e-10,-1.01927620830924e-10,-9.6653814048279e-11,-4.43779596255997e-11,1.00668920482823e-10,9.73469142434248e-11,-9.12043837931469e-11,7.49182119663911e-11,1.42993149075404e-10,7.76013663156278e-11,1.5931349509552e-11,-8.11815936183301e-11,-1.39605919013573e-10,-7.81924311188482e-12,-7.08263413588593e-11,-3.6822260623987e-11,6.94545007960586e-11,8.36488009250245e-11,5.36329665464157e-11,1.07197534310067e-10,4.90089319688773e-11,1.54194420124836e-10,-4.30286754991586e-12,-1.30987896510097e-11,-2.90907360568185e-11,-1.18352354707095e-10,2.19633159140012e-11,2.31562774291197e-10,9.67704084556748e-11,-1.4677230344356e-10,7.67056433937754e-11,-2.39828448882024e-11,-4.11557769177154e-11,-3.23273206916244e-11,1.61484030307539e-11,-4.1639943023312e-11,-5.31703569290394e-12,1.54346058977367e-11,1.92977342301778e-10,3.34519490891673e-11,-1.3665197840001e-12,-1.33912140171782e-10,1.23831815799486e-10,-2.09472618043067e-11,-3.38755058821025e-11,-7.00906495378446e-11,1.44682884576793e-10,1.63189345049942e-11,7.5342739684367e-11,-1.32172668503739e-10,8.06088301937842e-13,-1.15682760080408e-10,6.37190352596827e-11,2.9365620245503e-11,6.82811553124347e-11,-1.40385391350012e-12,-8.52625272830315e-11,1.36594527153383e-11,4.55514388750297e-11,1.19558723243931e-10,1.50175357026836e-10,-4.81897002479825e-11,8.68074252897929e-11,2.98241382920934e-11,4.85172757389876e-11,1.23370443262025e-10,-1.05729650282173e-10,1.73312656245989e-10,8.06002072108797e-11,-1.13879811046963e-10,1.15667945846176e-11,1.74023075094319e-12,9.23794430796962e-11,1.87063950195061e-11,6.36602716207041e-11,1.07858382071914e-10,-4.06044881537207e-11,-8.21802154954253e-12,-2.04181529143653e-10,-1.31817250300503e-11,1.24685999415251e-10,4.17885080274401e-11,1.27168962594368e-11,-1.07478420618839e-12,8.48709525733428e-11,-2.93403483310551e-11,1.15773593337263e-10,1.9480596537294e-11,-4.2253672605609e-11,5.67736743997623e-11,1.3931193717218e-10,3.24757222509791e-12,-1.95165984242061e-11,6.70474901088484e-11,3.05577054583439e-11,-3.980666702259e-11,9.34214273909719e-11,1.53766679716899e-10,2.6723172912198e-11,8.81184428846451e-11,1.16670066914539e-11,5.68653136427288e-11,-3.22135977551533e-11,3.44139359304635e-11,-7.6958256786191e-11,-1.46375278200838e-10,1.43810197631081e-10,-7.083656116358e-11,-1.24765394656491e-10,-1.12046973394864e-10,-1.56182938619192e-10,1.17684513640655e-10,1.35336622762181e-10,4.4504730905134e-13,-3.32326015424776e-13,-2.39504284220532e-11,1.62984506188326e-10,-1.80191018125693e-11,-5.5616042216041e-11,-2.96523703243574e-11,-5.89069116051365e-11,-9.10162176914188e-11,1.38709036688502e-10,1.46647984400562e-10,-3.25398370557434e-11,6.30863583532295e-11,-7.39713780136461e-11,9.29627115695827e-11,1.40892044332039e-11,2.48434983150653e-10,4.41671588096186e-11,1.94239040128539e-11,4.93825003296141e-11,-5.40587000252231e-11,2.24079293648371e-10,2.37415483494149e-10,-2.33024597162083e-11,-8.4970523197414e-11,-1.81208562125243e-11,3.56719286272938e-12,-2.78617668917996e-11,4.46292612106965e-11,2.00931724682454e-11,-1.43949609582848e-10,-1.82700897236708e-10,6.48170676657653e-11,-6.119873397154e-11,-1.51802318696056e-10,1.24977078719739e-12,-1.9477443630651e-10,-1.39525782402586e-10,1.39498002386779e-10,2.20138387543933e-10,-9.78548133986846e-11,-7.96691293187918e-11,5.88503139463501e-11,-4.430135722345e-11,2.28459519524342e-10,1.27576145339165e-10,1.78778475111791e-10,-2.10479025893221e-10,-5.37935792345431e-11,3.80384679976441e-12,1.59613370603246e-10,4.71570728618251e-11,2.23354311169709e-11,1.51213696514367e-10,-2.44512984704784e-11,1.0944835248874e-10,2.95593336204335e-10,2.49212444292464e-11,2.34827977528338e-10,-4.91671185279413e-11,-7.61941074704388e-11,8.34010520512901e-11,-4.8055036042848e-11,-2.46323417073582e-11,-4.80360726501161e-11,1.30906503149874e-10,-9.90864972295535e-11,-1.37823696438868e-11,-1.23165853168387e-10,-9.42660097917507e-11,-7.60404074288823e-11,-2.17737722801515e-11,-1.18221157763295e-10,-1.36949525853527e-11,-5.85276404587884e-11,-6.62719828353028e-11,-1.22883684184318e-10,-7.03507576404614e-11,-2.38183999252106e-10,-1.81412339765418e-10,1.16870967908897e-10,1.11930662872611e-10,1.26759802566612e-10,9.91034789526602e-12,3.33900235338947e-11,2.09664814270687e-11,-1.35486877063354e-10,-1.94836779075804e-10,-3.78219902409597e-11,-2.02147726559404e-10,-1.81342499951752e-10,-1.11848259435521e-12,8.81369886497381e-11,-4.93930204136168e-11,-1.17064135410849e-10,-2.64046606831303e-11,4.90776847193676e-11,-8.92730499275058e-11,5.74735969488633e-12,-4.08124440233653e-11,-1.2405033784585e-10,-6.55785508011567e-11,-6.72281350900301e-11,1.49441696434364e-10,-1.58769479688842e-11,1.87629961464244e-10,1.72904161132465e-10,-3.49432330061979e-11,8.98468847386907e-11,-1.40251925317538e-10,1.3274101008638e-10,-1.76418524911747e-10,-1.07093016555634e-11,6.46828788226421e-11,1.76595721323679e-10,1.92116048835013e-11,-1.34208318922963e-10,6.90592356340423e-12,7.91963164993176e-11,1.62970498222238e-10,1.41441657529979e-10,-4.59101200689078e-11,-6.45898642363872e-11,1.88338616447635e-10,-5.45364208002315e-11,1.62936488711942e-10,-1.41629967329221e-11,7.2722746944579e-11,1.08151619552618e-10,6.77632689230758e-11,-1.10303520111814e-10,-5.27450039839985e-11,2.69615500426373e-11,8.413059534302e-11,8.02412694274406e-11,-4.92513611089032e-11,-2.94479841871406e-11,8.30698087113739e-11,-7.35037283617294e-11,6.07131181600945e-12,-1.09579901861006e-10,3.14860070905082e-11,-8.220807897782e-12,5.44584025724285e-13,-1.28956299609695e-11,-5.14865702641652e-11,-1.05036189909077e-10,-6.83356043670894e-11,1.23504878628963e-10,1.31199385345926e-10,-9.91239126590817e-11,-2.44351879007488e-11,-5.85750473470421e-11,7.45810172335497e-11,-2.27412625075753e-11,8.70204509045411e-11,1.39473767116453e-10,-8.42720481298408e-11,-3.12621905423631e-11,-1.5056812957199e-10,-5.21913785561889e-11,5.01314119616729e-11,-1.78833406022093e-10,-5.02721663496726e-11,7.86366758456714e-11,-6.69806826194294e-11,-1.27635542726894e-11,6.46442694186923e-11,1.9902601483122e-10,5.80986177707302e-11,-6.03265023897836e-12,-1.13797217382257e-10,-5.11612829401175e-11,-5.66511769247705e-11,-1.99324313414289e-10,9.11258162268911e-11,7.4714716703066e-12,-4.25494506374483e-11,1.99613703267583e-10,-9.79938570598471e-12,1.35541495901466e-10,-6.94750243371511e-11,-8.70367289459809e-11,1.59648240264666e-11,8.22478588674869e-11,-4.53929023364853e-11,-5.09966997626078e-11,1.86069806278462e-11,-1.06152901308359e-10,-5.90345474995503e-11,-3.30419827110996e-11,1.64138701614779e-10,-2.02145830403278e-10,-5.34657730119564e-11,9.95549248025545e-11,2.05706846593472e-10,1.41193893434812e-10,1.0075323134424e-10,-1.90188188533376e-10,3.79544688620868e-11,-1.96199837017888e-11,7.74851220825631e-11,2.10538595482876e-11,5.27111639829502e-11,3.18388686968969e-11,-1.26596359951841e-10,-2.73139481319933e-11,2.34463789018227e-10,-4.20423605255502e-12,-5.2636790212098e-11,1.12622824863843e-12,-1.17620335800406e-11,-9.34869647372232e-11,-9.78900211682729e-11,1.10820727572546e-10,1.18046751846062e-10,-1.27825390975147e-10,4.56768205493735e-11,6.01520099844495e-11,-1.66095577786197e-10,7.13713015517391e-11,1.06097367873522e-10,-2.13706655023178e-11,7.02696888278734e-11,2.26770349249619e-11,-5.96318022920738e-11,7.35231077789355e-11,2.59492801938933e-11,4.5236121134016e-12,7.1240118874733e-11,1.27825145795426e-10,-1.75270090645075e-11,-3.19074665422775e-11,8.4246304585154e-11,-8.27309677362445e-11,1.48842531150989e-10,7.28363335324328e-11,1.1893740150152e-10,-1.58017719874652e-12,3.93634467743234e-12,9.39550303016273e-11,1.05861847288848e-10,-6.11942360004948e-11,-1.5848188689108e-10,-3.55470265803235e-11,1.74301925269543e-10,-3.95506432964256e-11,2.04936794165097e-11,1.08394700640141e-10,-1.03425261056903e-10,-1.66006995775652e-11,2.31681818482203e-11,1.32554456027195e-10,7.07012258306355e-11,-4.89690192259375e-12,-5.49449175929306e-12,-1.20132227505243e-10,-8.64380347416079e-11,4.35073660692402e-11,1.30793482280511e-10,1.16954820467589e-10,6.84951729921504e-11,-2.34173865248596e-11,8.52305078734058e-11,-4.63820309201758e-11,-1.39554432430675e-10,-1.04494414970008e-10,-1.70625497260286e-12,9.59868280146856e-11,5.20728370134014e-11,-1.90540423681742e-10,3.36648641987292e-11,-9.82801169502641e-11,-9.02789325995257e-11,6.33302764371263e-11,-1.19953804856521e-11,8.48258648625292e-11,1.00873755168939e-10,1.74186192563348e-11,2.08120145837871e-11,6.95841096721999e-11,1.7694431690597e-10,-6.87731234093772e-12,-1.26680407444137e-10,5.20818410368508e-11,-5.70883822099969e-11,-1.36225014787592e-10,-1.97661752481662e-10,6.74822339908449e-11,1.73809185753523e-10,1.65482359356822e-10,7.52510968880915e-11,2.95760109949817e-11,-5.10976913402123e-11,5.74056041159611e-11,1.6550481841567e-10,-2.96315602759187e-11,1.09253263152265e-10,-8.94800144622799e-11,7.88926453919216e-11,-2.11953472699199e-11,2.66271506737692e-12,-1.62644860602055e-10,1.5858945700141e-11,2.02926561607351e-10,-3.73432536273651e-11,4.8659965041411e-11,-2.20703859577649e-11,1.27114934068364e-12,1.15918711002583e-11,5.58281025184605e-11,5.09866688327946e-11,-1.65481086993479e-12,9.365970813404e-11,2.03247474455136e-10,-3.11423863300209e-10,-8.74805941676368e-11,-1.69257922743285e-10,-6.19358615954573e-11,-5.90619277168704e-12,-1.45415115102205e-10,-5.16191488842634e-12,3.00548678405179e-11,-1.16701257187844e-10,-1.45211079119642e-10,-1.53573922956888e-10,7.98195701498222e-11,-8.27510539484693e-11,7.29671518516484e-11,-1.02531124107168e-10,-2.36686515365459e-11,3.89026985832569e-11,-8.08008780265179e-11,-7.31114544381792e-11,-2.52017362538018e-10,-6.74425316478431e-11,-9.80429173452058e-11,-7.03741776566974e-11,-9.08999132977311e-11,-8.19259950660924e-11,5.62623084653446e-11,-1.11817430926306e-10,-3.35193650086423e-11,-2.1121445111231e-11,9.07717005868712e-12,5.96908441026416e-11,2.10679666031787e-10,2.86241943188468e-11,1.58236402114727e-10,-5.03861917165332e-11,1.01406711698763e-12,2.12417531254497e-10,-1.72610820664017e-11,1.46455345163731e-10,-1.27023117844939e-10,8.42012438208768e-11,-7.88078131315021e-11,-3.93595500288852e-11,1.72521181916358e-10,9.8647667483028e-11,1.84240390592306e-11,-5.40592619587469e-11,1.17839915468878e-10,-2.64589682818869e-11,-1.22095199073634e-10,-7.096675664773e-11,-5.06518754850906e-11,-1.96500736670462e-10,5.77348570802031e-11,6.11276752100694e-11,-2.15837489270392e-11,1.23665864538049e-10,5.16522218320461e-13,-8.87306425171567e-11,-8.20559434845133e-11,4.59576067666947e-11,-9.65941481468168e-11,5.85965988674134e-11,1.24874817348139e-11,-2.4696444519996e-11,-1.2629429688085e-10,-9.27908454935947e-11,1.0961229342799e-10,9.1140366131484e-11,-1.46856954736357e-10,8.73827847285673e-12,1.27538101521926e-10,2.89311354469042e-11,-3.58274435034693e-11,1.18617471593298e-10,-4.66922759785465e-13,3.94921387880639e-11,1.18013765034211e-12,-5.02938468057423e-11,-3.7805226123524e-11,1.64076769640223e-10,-1.39193342845355e-10,1.12413666158177e-10,1.57545430589956e-10,-1.2067725898537e-10,7.23263409167767e-11,4.88475961227426e-11,6.73794102836823e-12,1.61128582383852e-11,1.3269702039579e-10,2.13032200982147e-11,-3.23896728599863e-11,-1.37670298453309e-10,-1.00876718136653e-10,-3.8697490113486e-10,1.04252994667996e-10,-2.47672582393614e-10,5.3165280215906e-11,-8.28995738983158e-13,-2.28879685204249e-10,-1.47246294451597e-10,-2.17597573015394e-11,-4.09189479394056e-10,-3.38781618341351e-10,-1.37119674797337e-10,-3.1946047718039e-10,-2.18330722814718e-10,-1.75749004712069e-10,-4.18571443327479e-10,-2.98170969241544e-10,-2.23308965197507e-10,-1.61463273955126e-10,-3.07880304550649e-10,-2.33908100484451e-10,-2.8896521113895e-10,-3.08374419906846e-10,-1.81398810533872e-10,3.43156806135161e-12,-2.4762269913209e-10,-1.87071079472944e-10,-2.02020669409559e-10,-1.34878705448745e-10,-1.67251636983535e-10,-1.08073613507591e-10,-1.66721856755961e-11,-1.87749507508432e-11,2.53144146359231e-10,2.41279018695653e-10,1.49869700375062e-10,3.35173023125552e-10,3.04793775339937e-10,4.39159853298735e-10,3.99819201906812e-10,5.24381897552853e-10,7.37802480480742e-10,7.14604591801983e-10,8.1744426715444e-10,8.66991602482801e-10,1.01461398456409e-09,1.25655005414116e-09,1.55863940762582e-09,1.52887233173598e-09,1.91657681787888e-09,2.2138781971609e-09,2.68663475925366e-09,2.81733533953447e-09,3.4741701309621e-09,3.94854884824404e-09,4.82832910276964e-09,5.54000598990903e-09,6.64660934851616e-09,7.83310634173994e-09,9.26915996687901e-09,1.13520953447505e-08,1.3568395059717e-08,1.67511394625554e-08,2.11143202298843e-08,2.67536133119965e-08,3.45709406148442e-08,4.61337204149353e-08
