v,0.25
Patm,100000
g,9.81
r,500
G,10^10.77
rho,2700
mu,10^2.17
rc,23
 
M,10^5.3
sigma,0.25
 
tilt_erupt,4.8797nrad
 
-1354,-1353,-1352,-1351,-1350,-1349,-1348,-1347,-1346,-1345,-1344,-1343,-1342,-1341,-1340,-1339,-1338,-1337,-1336,-1335,-1334,-1333,-1332,-1331,-1330,-1329,-1328,-1327,-1326,-1325,-1324,-1323,-1322,-1321,-1320,-1319,-1318,-1317,-1316,-1315,-1314,-1313,-1312,-1311,-1310,-1309,-1308,-1307,-1306,-1305,-1304,-1303,-1302,-1301,-1300,-1299,-1298,-1297,-1296,-1295,-1294,-1293,-1292,-1291,-1290,-1289,-1288,-1287,-1286,-1285,-1284,-1283,-1282,-1281,-1280,-1279,-1278,-1277,-1276,-1275,-1274,-1273,-1272,-1271,-1270,-1269,-1268,-1267,-1266,-1265,-1264,-1263,-1262,-1261,-1260,-1259,-1258,-1257,-1256,-1255,-1254,-1253,-1252,-1251,-1250,-1249,-1248,-1247,-1246,-1245,-1244,-1243,-1242,-1241,-1240,-1239,-1238,-1237,-1236,-1235,-1234,-1233,-1232,-1231,-1230,-1229,-1228,-1227,-1226,-1225,-1224,-1223,-1222,-1221,-1220,-1219,-1218,-1217,-1216,-1215,-1214,-1213,-1212,-1211,-1210,-1209,-1208,-1207,-1206,-1205,-1204,-1203,-1202,-1201,-1200,-1199,-1198,-1197,-1196,-1195,-1194,-1193,-1192,-1191,-1190,-1189,-1188,-1187,-1186,-1185,-1184,-1183,-1182,-1181,-1180,-1179,-1178,-1177,-1176,-1175,-1174,-1173,-1172,-1171,-1170,-1169,-1168,-1167,-1166,-1165,-1164,-1163,-1162,-1161,-1160,-1159,-1158,-1157,-1156,-1155,-1154,-1153,-1152,-1151,-1150,-1149,-1148,-1147,-1146,-1145,-1144,-1143,-1142,-1141,-1140,-1139,-1138,-1137,-1136,-1135,-1134,-1133,-1132,-1131,-1130,-1129,-1128,-1127,-1126,-1125,-1124,-1123,-1122,-1121,-1120,-1119,-1118,-1117,-1116,-1115,-1114,-1113,-1112,-1111,-1110,-1109,-1108,-1107,-1106,-1105,-1104,-1103,-1102,-1101,-1100,-1099,-1098,-1097,-1096,-1095,-1094,-1093,-1092,-1091,-1090,-1089,-1088,-1087,-1086,-1085,-1084,-1083,-1082,-1081,-1080,-1079,-1078,-1077,-1076,-1075,-1074,-1073,-1072,-1071,-1070,-1069,-1068,-1067,-1066,-1065,-1064,-1063,-1062,-1061,-1060,-1059,-1058,-1057,-1056,-1055,-1054,-1053,-1052,-1051,-1050,-1049,-1048,-1047,-1046,-1045,-1044,-1043,-1042,-1041,-1040,-1039,-1038,-1037,-1036,-1035,-1034,-1033,-1032,-1031,-1030,-1029,-1028,-1027,-1026,-1025,-1024,-1023,-1022,-1021,-1020,-1019,-1018,-1017,-1016,-1015,-1014,-1013,-1012,-1011,-1010,-1009,-1008,-1007,-1006,-1005,-1004,-1003,-1002,-1001,-1000,-999,-998,-997,-996,-995,-994,-993,-992,-991,-990,-989,-988,-987,-986,-985,-984,-983,-982,-981,-980,-979,-978,-977,-976,-975,-974,-973,-972,-971,-970,-969,-968,-967,-966,-965,-964,-963,-962,-961,-960,-959,-958,-957,-956,-955,-954,-953,-952,-951,-950,-949,-948,-947,-946,-945,-944,-943,-942,-941,-940,-939,-938,-937,-936,-935,-934,-933,-932,-931,-930,-929,-928,-927,-926,-925,-924,-923,-922,-921,-920,-919,-918,-917,-916,-915,-914,-913,-912,-911,-910,-909,-908,-907,-906,-905,-904,-903,-902,-901,-900,-899,-898,-897,-896,-895,-894,-893,-892,-891,-890,-889,-888,-887,-886,-885,-884,-883,-882,-881,-880,-879,-878,-877,-876,-875,-874,-873,-872,-871,-870,-869,-868,-867,-866,-865,-864,-863,-862,-861,-860,-859,-858,-857,-856,-855,-854,-853,-852,-851,-850,-849,-848,-847,-846,-845,-844,-843,-842,-841,-840,-839,-838,-837,-836,-835,-834,-833,-832,-831,-830,-829,-828,-827,-826,-825,-824,-823,-822,-821,-820,-819,-818,-817,-816,-815,-814,-813,-812,-811,-810,-809,-808,-807,-806,-805,-804,-803,-802,-801,-800,-799,-798,-797,-796,-795,-794,-793,-792,-791,-790,-789,-788,-787,-786,-785,-784,-783,-782,-781,-780,-779,-778,-777,-776,-775,-774,-773,-772,-771,-770,-769,-768,-767,-766,-765,-764,-763,-762,-761,-760,-759,-758,-757,-756,-755,-754,-753,-752,-751,-750,-749,-748,-747,-746,-745,-744,-743,-742,-741,-740,-739,-738,-737,-736,-735,-734,-733,-732,-731,-730,-729,-728,-727,-726,-725,-724,-723,-722,-721,-720,-719,-718,-717,-716,-715,-714,-713,-712,-711,-710,-709,-708,-707,-706,-705,-704,-703,-702,-701,-700,-699,-698,-697,-696,-695,-694,-693,-692,-691,-690,-689,-688,-687,-686,-685,-684,-683,-682,-681,-680,-679,-678,-677,-676,-675,-674,-673,-672,-671,-670,-669,-668,-667,-666,-665,-664,-663,-662,-661,-660,-659,-658,-657,-656,-655,-654,-653,-652,-651,-650,-649,-648,-647,-646,-645,-644,-643,-642,-641,-640,-639,-638,-637,-636,-635,-634,-633,-632,-631,-630,-629,-628,-627,-626,-625,-624,-623,-622,-621,-620,-619,-618,-617,-616,-615,-614,-613,-612,-611,-610,-609,-608,-607,-606,-605,-604,-603,-602,-601,-600,-599,-598,-597,-596,-595,-594,-593,-592,-591,-590,-589,-588,-587,-586,-585,-584,-583,-582,-581,-580,-579,-578,-577,-576,-575,-574,-573,-572,-571,-570,-569,-568,-567,-566,-565,-564,-563,-562,-561,-560,-559,-558,-557,-556,-555,-554,-553,-552,-551,-550,-549,-548,-547,-546,-545,-544,-543,-542,-541,-540,-539,-538,-537,-536,-535,-534,-533,-532,-531,-530,-529,-528,-527,-526,-525,-524,-523,-522,-521,-520,-519,-518,-517,-516,-515,-514,-513,-512,-511,-510,-509,-508,-507,-506,-505,-504,-503,-502,-501,-500,-499,-498,-497,-496,-495,-494,-493,-492,-491,-490,-489,-488,-487,-486,-485,-484,-483,-482,-481,-480,-479,-478,-477,-476,-475,-474,-473,-472,-471,-470,-469,-468,-467,-466,-465,-464,-463,-462,-461,-460,-459,-458,-457,-456,-455,-454,-453,-452,-451,-450,-449,-448,-447,-446,-445,-444,-443,-442,-441,-440,-439,-438,-437,-436,-435,-434,-433,-432,-431,-430,-429,-428,-427,-426,-425,-424,-423,-422,-421,-420,-419,-418,-417,-416,-415,-414,-413,-412,-411,-410,-409,-408,-407,-406,-405,-404,-403,-402,-401,-400,-399,-398,-397,-396,-395,-394,-393,-392,-391,-390,-389,-388,-387,-386,-385,-384,-383,-382,-381,-380,-379,-378,-377,-376,-375,-374,-373,-372,-371,-370,-369,-368,-367,-366,-365,-364,-363,-362,-361,-360,-359,-358,-357,-356,-355,-354,-353,-352,-351,-350,-349,-348,-347,-346,-345,-344,-343,-342,-341,-340,-339,-338,-337,-336,-335,-334,-333,-332,-331,-330,-329,-328,-327,-326,-325,-324,-323,-322,-321,-320,-319,-318,-317,-316,-315,-314,-313,-312,-311,-310,-309,-308,-307,-306,-305,-304,-303,-302,-301,-300,-299,-298,-297,-296,-295,-294,-293,-292,-291,-290,-289,-288,-287,-286,-285,-284,-283,-282,-281,-280,-279,-278,-277,-276,-275,-274,-273,-272,-271,-270,-269,-268,-267,-266,-265,-264,-263,-262,-261,-260,-259,-258,-257,-256,-255,-254,-253,-252,-251,-250,-249,-248,-247,-246,-245,-244,-243,-242,-241,-240,-239,-238,-237,-236,-235,-234,-233,-232,-231,-230,-229,-228,-227,-226,-225,-224,-223,-222,-221,-220,-219,-218,-217,-216,-215,-214,-213,-212,-211,-210,-209,-208,-207,-206,-205,-204,-203,-202,-201,-200,-199,-198,-197,-196,-195,-194,-193,-192,-191,-190,-189,-188,-187,-186,-185,-184,-183,-182,-181,-180,-179,-178,-177,-176,-175,-174,-173,-172,-171,-170,-169,-168,-167,-166,-165,-164,-163,-162,-161,-160,-159,-158,-157,-156,-155,-154,-153,-152,-151,-150,-149,-148,-147,-146,-145,-144,-143,-142,-141,-140,-139,-138,-137,-136,-135,-134,-133,-132,-131,-130,-129,-128,-127,-126,-125,-124,-123,-122,-121,-120,-119,-118,-117,-116,-115,-114,-113,-112,-111,-110,-109,-108,-107,-106,-105,-104,-103,-102,-101,-100,-99,-98,-97,-96,-95,-94,-93,-92,-91,-90,-89,-88,-87,-86,-85,-84,-83,-82,-81,-80,-79,-78,-77,-76,-75,-74,-73,-72,-71,-70,-69,-68,-67,-66,-65,-64,-63,-62,-61,-60,-59,-58,-57,-56,-55,-54,-53,-52,-51,-50,-49,-48,-47,-46,-45,-44,-43,-42,-41,-40,-39,-38,-37,-36,-35,-34,-33,-32,-31,-30,-29,-28,-27,-26,-25,-24,-23,-22,-21,-20,-19,-18,-17,-16,-15,-14,-13,-12,-11,-10,-9,-9,-8,-7,-6,-5,-4,-3,-2,-1,0
-5.95822456214101e-11,2.4198810580751e-10,-3.93402920627893e-10,6.46528113734285e-11,-2.84202727443142e-10,-1.01710390943184e-10,1.08448073663671e-10,1.41661330266317e-10,1.71140561839698e-10,1.89150990038907e-10,-1.23625046007043e-10,-7.64192430457904e-11,3.9310378035553e-11,2.2528773249768e-10,1.47151526862375e-10,3.48606237029579e-10,1.35093689909598e-10,-1.27490732260113e-10,2.45712404641523e-11,2.77063357189887e-11,-3.68679127484413e-10,7.70122985840124e-11,4.30317428078234e-10,-1.69704301697114e-10,7.0033295489743e-11,1.92550478086871e-10,1.57290642880791e-10,-2.80243572613474e-10,-1.48806826464297e-10,-7.81788571043514e-11,2.59421368512032e-10,-1.27664751942949e-10,2.04256906690298e-10,9.26849202458098e-11,1.12034866579654e-10,-1.93967761928477e-10,1.39928049410749e-10,1.62530412967835e-10,6.16963595362105e-10,-5.2701783636579e-11,-8.49245183090291e-11,1.79986367942214e-10,8.89660510492837e-11,2.85900066790546e-10,4.93664550859753e-11,6.07247691334629e-10,-9.97209382936703e-11,-2.46948358468064e-10,1.26245261210485e-10,-2.68995092972632e-10,-5.15730168026313e-10,2.02744106823532e-10,-2.03326355556701e-10,3.5589538037122e-11,1.69371903215233e-11,-3.79517239936829e-10,2.37693264384991e-10,-3.41701707968161e-10,-7.16922039997624e-11,2.28433947465799e-11,3.45061304896244e-10,-5.13779918378695e-11,1.16018280843657e-10,5.55689449123277e-10,-1.68415286616037e-10,2.53769363654715e-11,1.31929920178294e-10,-5.09352935734538e-10,-2.44277737506164e-10,1.90141606918061e-10,-2.05453940486281e-10,1.93932001360875e-10,2.1871377929973e-10,-2.03387695388892e-10,7.10589783460029e-11,1.46602098494153e-10,-3.41419543076646e-10,-3.9415916147068e-11,-2.08597211711575e-10,1.43272559006342e-10,-1.82977900668565e-10,-2.67498089935661e-10,-3.01021227478164e-10,-7.20150897687858e-11,-3.95252825280336e-11,-1.72758560645892e-10,-2.64262908443526e-10,-3.2863339091704e-10,-3.45177463582266e-12,1.88589545303739e-10,5.42174724768358e-11,-3.49025778559927e-10,-1.91377121284956e-10,6.33164045004167e-11,2.41587496422425e-10,3.58911684666777e-10,-3.19114773277797e-10,1.05068053581629e-10,9.36587662963698e-11,5.26859308213561e-11,-1.95449889987974e-10,2.57100329198508e-10,-5.99338072991881e-10,4.55306879543608e-11,6.55548846615894e-11,-1.87620458315438e-10,-1.66236512260329e-10,4.92599785566927e-11,5.25399016373613e-10,-1.696351418184e-10,-1.27478814799595e-10,-7.75118618066028e-11,2.21571397010193e-10,1.22508637601288e-10,1.91339943142266e-11,1.61788992413063e-10,-8.37315888857809e-11,-7.81510592135539e-11,-1.97261840905359e-10,7.64355575054548e-11,-2.44748115629647e-10,-3.54294442307386e-10,-3.27104777088325e-10,3.17130199958188e-10,-1.16988218550303e-10,1.48082937058423e-10,-8.06726658436299e-11,-8.49899193981471e-11,1.49069673803349e-10,-4.8895337977429e-10,9.90917581477608e-11,3.15638727927813e-10,2.68598255721251e-12,1.45750950884994e-10,-1.32030332867659e-10,-2.18662376524672e-10,-4.05417831209579e-10,-3.76121648916655e-10,-1.1421931845636e-10,1.83486880595719e-10,6.26746273090729e-11,1.02832605983778e-10,5.86515654338713e-10,5.89935396001224e-11,-1.21712356120175e-10,1.68067945769893e-10,1.05307220260193e-10,-2.22653512025015e-10,-4.78729484765035e-10,3.4362114365214e-10,5.22113269868194e-11,4.72809235185496e-11,-1.55588872520168e-10,2.57010312515423e-11,4.89983583749372e-11,-1.54549570235398e-10,-3.37760348524431e-10,5.19676473997253e-11,1.64924740997776e-10,1.6246717930214e-10,3.09216027525398e-10,-2.01686133240989e-10,-2.02280113860502e-10,3.70490587532509e-10,1.10754124219473e-10,-2.7140177650043e-11,3.61964420688223e-11,2.22124261846104e-10,5.10203800202674e-11,4.53414872260798e-10,2.48248754380516e-10,-7.70112999863881e-12,-1.81367221016912e-10,-6.45789218625686e-12,-2.24215605089238e-10,-2.18475052476476e-10,-5.67008727012326e-10,4.73322517473604e-10,3.35269150523675e-10,4.45080200618732e-11,5.56757061581461e-11,-1.9227651439341e-10,-4.15670570552592e-10,-1.82132269232785e-10,-6.2224247580387e-11,2.01294528592635e-10,7.08512280337605e-11,4.75052957231931e-10,-6.03339686652158e-11,-1.881720036285e-11,-5.74565465589738e-11,4.86577352620296e-10,-2.36200896953812e-10,-1.12115841707347e-10,6.19444070076211e-11,-2.54684464431615e-10,4.3181981334983e-11,-2.00929101906557e-10,-6.84783081469563e-12,-5.47104062961347e-10,3.62885000197821e-10,-2.66733164253333e-11,4.47975013115559e-11,3.09599055813237e-10,9.36631585605432e-11,-4.84794559141785e-11,-1.04392284031763e-10,2.34182619577143e-12,-2.45292958993037e-10,-1.71058257113537e-10,8.14925806037179e-11,7.54379581754614e-11,2.14943324365986e-11,6.6647837190455e-11,4.13946252039308e-10,-3.38300101439994e-10,-3.37483832647615e-10,3.44357554359278e-10,3.14402614054714e-10,1.22606748784107e-11,-3.02492797558419e-11,-1.15197673936795e-10,2.19674732207782e-10,1.01448846437419e-10,1.93325287920429e-10,-2.25140563496256e-10,3.92682122429348e-12,-6.0243683609243e-10,-3.5907805127053e-11,-4.15795135237691e-10,2.12519203439098e-10,2.12917159499049e-10,5.06332984847744e-10,-1.1059660819112e-10,-2.67753825384212e-10,-5.72313745913245e-11,1.46958704828596e-10,-2.62497978747592e-10,-1.70520673443553e-10,3.29418691599043e-10,2.51186249442584e-10,1.10470667169714e-10,-1.67357590656795e-11,5.04198533177925e-10,4.52145289818253e-11,1.08295201718983e-10,2.25034835778426e-10,2.45731295427311e-10,-3.44028110977202e-10,3.03667194599617e-10,-3.05973530062441e-10,1.11844457043339e-10,-8.19344090571233e-11,-2.94043018241333e-10,8.65340188858802e-11,-8.92955899255032e-11,1.45445578735388e-10,3.99879708219438e-10,4.61597808251878e-11,-5.06233158274327e-11,-1.81299174792396e-12,2.45068197559032e-10,2.21904993579195e-12,5.85030487301165e-11,-3.26354814833388e-10,-3.23649074723135e-10,-1.51270314109301e-10,3.53559218183983e-10,1.72462517616417e-11,6.8266489854244e-11,-3.56096193456574e-10,9.090959770857e-12,-1.42650727215039e-10,-1.12797721367585e-11,-2.47384348215323e-10,2.99845953999498e-10,-5.30955658736914e-10,5.0482538183154e-12,3.1350611387847e-10,-1.22707205194653e-10,-1.60157872047783e-10,-1.63146417439852e-10,2.16749270069012e-10,1.11871095902903e-10,3.16042440209721e-12,-3.30692763159804e-10,-6.04003361864006e-11,2.31714577598734e-10,-1.33564650497337e-10,1.20511285738101e-10,4.57151682181665e-11,-2.57262015277433e-10,-1.68593707212205e-11,8.43431286245647e-12,1.71815597954185e-10,3.11359974669128e-10,-9.60383668216466e-11,1.64458621061694e-10,-4.57430661607559e-12,-3.9305527156468e-10,-1.59158264614431e-10,1.82650564221084e-10,1.05693697262541e-10,6.14201358935513e-10,4.5448644919246e-11,-5.09775039126522e-10,-1.95352065023118e-10,1.3385986533401e-10,-4.33908815317069e-10,-3.05092171467357e-10,9.00467568282062e-11,3.36394352495861e-10,1.63335344575263e-10,-1.86565812410188e-11,-3.36132352536181e-10,1.90566555537572e-10,4.56266233638955e-10,-1.77235910371687e-10,1.53177306365588e-10,1.27506383574141e-10,7.01996215499205e-11,-1.13046283615381e-10,1.24903105555722e-12,1.64135025234e-11,1.23072378175035e-10,1.42274828866962e-10,-3.68225317588403e-10,2.93487979204793e-10,-5.51836357690176e-10,1.07994823884533e-10,4.19776689968372e-10,-4.68747164173754e-10,8.08036850225065e-11,-3.91454921762237e-11,-4.29896473377243e-11,1.13041842165877e-10,-3.05881644002475e-10,1.17552534347231e-10,-3.44055888844159e-10,5.6163006739775e-10,-5.70344460537387e-10,7.17210419463929e-11,-2.09338068502037e-10,2.14466452710925e-11,3.28575813798971e-13,-1.03123071108589e-10,2.04930605458229e-10,2.63106679727061e-10,-3.75678639898611e-10,3.3617290425782e-10,-4.01508463280532e-10,3.63248518324013e-10,-2.12888265817519e-11,-2.82301084555693e-10,-1.35952212758728e-10,2.90826409924515e-10,-2.67864527467824e-10,1.70140756597162e-10,-2.37567354036328e-10,-1.73295111358252e-11,3.64081283021168e-11,-4.1513782406423e-12,2.53486380322024e-10,-3.62580386013941e-12,-1.01884317931377e-10,1.14108489306225e-10,-2.60914490207804e-10,-1.7724173793469e-10,-4.05543518030662e-10,8.32078738829711e-12,2.14434343427387e-10,-2.3321285613159e-10,-1.86957359336524e-10,-1.84815444259351e-10,3.28047281606055e-10,3.95252060072199e-10,-2.09623858103875e-10,2.80584336809133e-10,1.79688306665012e-10,2.03996415052176e-12,3.25315240484484e-11,-1.87257696648884e-10,1.05205831668425e-12,-1.65244615504014e-10,-2.55954553119652e-10,2.93801417379696e-12,1.16962066170876e-11,-4.88290997153481e-10,-1.38620320163673e-10,-1.20135102997702e-10,1.54302675538652e-11,2.50235675821821e-10,9.6214026280272e-11,-5.5031714534209e-11,-1.43675706932472e-10,-1.71112677451028e-10,1.5286241059296e-10,-6.86338936451534e-11,3.19390242523075e-10,-1.49832856309809e-10,1.29819370150701e-10,-1.62772524566426e-10,7.11177888026243e-10,2.11739481142403e-10,1.89510819409989e-10,-5.99406435896643e-11,-3.21604184491442e-10,-2.31597909590086e-10,2.01110340277969e-10,1.06162152500109e-11,-4.08494477252938e-10,-2.35868774748667e-11,-3.9836175645309e-10,4.66697238136342e-10,-8.68820766483997e-11,1.79833666192672e-10,-2.09084490326348e-10,4.75230683134366e-11,1.9304425529612e-10,2.19458977076769e-10,-8.34507314573422e-11,2.5337018320199e-10,-2.78729690723899e-12,1.67249316863986e-10,-4.60235997753517e-11,-9.52592116444815e-11,-2.92675190326732e-11,1.88513706719825e-10,1.51518738970712e-11,-1.61629988509218e-10,7.30850636047585e-11,1.15848290984631e-11,-1.27807329748632e-10,-1.73015969501217e-11,2.37130085523586e-10,-4.59731050626307e-11,3.28206795213155e-11,-1.59486929523338e-10,6.11054863188078e-11,-2.47898105676494e-10,-4.79056326080536e-11,1.78575393078188e-10,-1.51792487875907e-10,1.57455666047337e-10,-6.83881191767947e-11,1.17924623332467e-10,1.54054191078037e-11,1.11084376010652e-10,-3.14351658102876e-10,-2.39987151989729e-10,1.86379709837527e-10,3.48663607584575e-10,-1.2228066509811e-10,6.76420773501613e-11,-3.64827827594951e-10,1.09693987349919e-10,3.20720315628684e-10,1.76195730741034e-10,2.32352916994673e-10,3.23184428763068e-10,-3.57390297006039e-10,5.16105285019131e-12,1.07310771279821e-10,1.67744873311022e-10,3.29201775646383e-11,5.10351944709229e-10,3.71255224386127e-10,3.20614298483601e-10,2.59281293760317e-10,-1.99133724151819e-10,-2.14087356640703e-10,-2.97245142883989e-11,2.42344191766815e-10,-5.03258290641821e-10,4.57218803739669e-11,2.29973973186129e-10,9.56471025640075e-11,-4.08723567637098e-11,-1.73799252528561e-10,4.18234751406793e-10,-3.0599651661558e-10,2.82817420113096e-11,1.08901349382555e-11,-3.10932268716474e-10,1.40225879844715e-10,-1.39257428037127e-10,-2.27418785081242e-11,1.65449917071462e-10,5.54250575619343e-11,1.74730307482593e-10,2.47631652845919e-10,-8.13152216153657e-11,-3.43128017937437e-11,-3.94185273745135e-10,3.92279946517055e-10,3.09975047415834e-11,7.87797579427144e-11,-3.18615499589592e-10,-4.28688175083615e-10,9.63773766464853e-11,-1.22234874515753e-10,4.15362583777595e-10,2.85049182381948e-11,-4.57465461009172e-10,-2.04131786168976e-10,8.48470869257519e-11,2.11930285271575e-10,9.21413369476902e-11,1.1597438783601e-10,-3.22057771510638e-10,-2.67765181267576e-10,-1.70818466356368e-10,1.50070693776132e-10,-4.62111728523642e-10,-2.01360666123894e-10,-2.1993967032129e-10,-1.01019996229302e-10,-2.88876106762116e-10,2.75313886774637e-10,1.95056179881875e-10,1.45173877582479e-10,9.03769932918499e-11,2.77179133272457e-11,7.34379281009269e-11,8.51810264335588e-11,1.6552499687314e-10,-3.3206722501794e-10,-3.64558111009651e-10,-3.70513136930121e-10,-6.10140960591039e-11,5.87260512350594e-10,3.26837470198221e-11,-3.78917967420261e-11,1.11375614183243e-10,9.27552455609974e-11,8.84691864035703e-11,-3.21386440761838e-10,-3.92932727851809e-11,1.14953167779761e-10,1.83063279566774e-10,-2.61388359463814e-10,-1.98983822954917e-10,1.77070943528041e-10,2.68071844352626e-10,-5.18359554756424e-11,-2.24026459262434e-10,-2.46264981343872e-11,2.83735999835638e-10,2.77116449107003e-10,2.38165501944659e-11,-2.3530557873255e-10,4.05088291052495e-10,3.39962734828431e-10,-3.39375321633744e-10,-2.56705788750627e-10,3.73987584857984e-10,-1.59805797154907e-10,4.29456881457983e-10,3.81141025710979e-10,6.33738824405746e-11,9.83274118542023e-12,-3.09681955978139e-12,-5.97943667034155e-12,-5.69766864049452e-11,1.35516344955164e-10,-3.25600000537545e-10,-1.25698438342236e-10,-6.93658887498117e-11,3.82681341381535e-10,2.48930993293141e-10,7.13073407876743e-11,-1.95742194405001e-10,-2.17983276870146e-10,-8.89218889216761e-11,1.25612659306509e-10,2.87851159203601e-11,-4.91417963901073e-10,1.66566867978509e-10,5.86897113772325e-11,3.01622089274339e-10,5.91431903168353e-11,1.73066976824839e-10,-1.65062208193573e-10,8.63218971725234e-11,1.51921446980723e-10,2.10062672940982e-10,3.05410015623031e-11,-2.63513659505645e-10,-1.23637728136242e-10,6.33343399627139e-12,-2.82035683861577e-11,4.61887259564652e-10,-1.61948034697786e-10,-3.53908667586135e-10,9.351954595043e-11,1.93623554727182e-10,-2.6168614761791e-10,-5.42408886824046e-10,1.59782184521142e-10,-2.73880194297575e-10,2.47401452912169e-10,-2.34644289955608e-10,-2.68961205490633e-10,-2.10368723539489e-10,-5.37438840727996e-12,4.5411073647874e-10,-1.30824369155418e-10,1.6822345878822e-10,6.84112024219829e-11,-1.33117176829122e-10,-3.37897088222123e-10,2.34224051283759e-11,-6.34668493714134e-10,-5.00193518344835e-10,-2.59309895427205e-10,-7.52055166848915e-11,-4.889307811037e-10,-1.81282262762762e-10,1.64926424264398e-10,-3.57341422046136e-10,-1.61193734853392e-10,3.11595405814677e-10,1.40182662123773e-10,1.68574876973812e-10,3.46936421909146e-10,-3.13536867168302e-10,1.74980181599401e-10,-3.38010648096673e-10,-3.34402524582481e-11,-2.68864609295001e-11,2.50078207372185e-10,-1.17072457966039e-10,2.00004925187678e-10,-1.05849494844224e-10,-2.11811486137226e-10,-1.06914858686757e-10,4.81968082857531e-10,-3.15239060121167e-10,8.5735578160298e-11,1.94928591762695e-10,2.29256352432615e-10,-2.84029038076095e-10,4.45108707068844e-12,-1.46751683009231e-10,2.86928919717393e-10,-3.53861045235671e-10,-1.410643692005e-10,4.70716861503371e-11,4.71730481949823e-11,2.93015187902249e-10,-1.33173697611462e-10,-1.99229831269517e-10,-6.15714683379965e-11,3.96617434912532e-11,-3.38560713278182e-10,7.4275630126276e-11,-7.52413481201806e-11,-1.32770090784996e-10,1.3248911054456e-10,2.46383465011115e-11,-2.35390530475622e-10,7.20669309420849e-11,1.62429474991226e-10,-1.35968729009447e-10,3.5506694432439e-10,2.86334936922973e-10,1.15080921526215e-10,-2.68505594188893e-10,4.40032207930051e-10,-7.54908146697817e-11,2.08013819447947e-10,-1.42730847664906e-10,1.09825607068736e-10,8.6059639337213e-11,-1.16096694209855e-11,4.50738253838129e-12,-2.06458675871605e-10,-1.78528065215561e-10,4.03431135589762e-10,-8.87925493589587e-11,-2.74807199218194e-10,9.34942219415024e-11,-1.20672174138539e-10,-7.33496709302439e-11,4.04654663693372e-10,-4.61557501838103e-10,7.64782850289729e-11,1.49031362321535e-10,3.33638802669111e-10,4.69511983986893e-12,-1.79186534989947e-10,-4.30777541462609e-10,3.55570681479091e-10,1.89979048215346e-10,6.87437146103197e-11,-2.87691284683575e-10,8.15416636797517e-12,1.80221876310262e-10,-1.99572114678829e-11,8.78513140437619e-11,-4.90461128152034e-11,-2.88494001308082e-10,-1.13089487906955e-10,-4.00560977434689e-10,-2.94223886493964e-10,9.98674294933123e-11,-9.89274115913837e-11,2.17702267581555e-10,-1.06851865936104e-10,1.97664762393484e-10,1.67954057480016e-10,-3.38706968550811e-10,-1.41813045703063e-10,-2.9053793246063e-10,-2.27252219747092e-10,2.30392025538098e-10,1.12234520072433e-10,1.39892894817087e-11,-1.55005535280277e-11,5.09726632631068e-11,-2.25886461241175e-10,-2.09281377416974e-10,6.108661826613e-11,-7.42989796372413e-10,3.7835723885737e-11,-2.60246873577761e-10,2.65727775958566e-10,2.99221537873938e-10,-1.09478953016898e-10,1.26080255599258e-11,1.24142161046873e-10,2.51786091834962e-11,-1.29854793306572e-10,2.29834534236666e-10,-2.03174642668856e-10,7.87390914839157e-12,-2.53677085044529e-10,-2.24725854173233e-10,-1.32680743951834e-10,6.84736418873703e-11,-3.15072471015906e-10,-3.3206179461044e-10,3.05678868203108e-10,-5.82840865873885e-11,-4.00323009142972e-10,6.38005414964745e-10,-1.88378380928185e-10,-2.90912205584822e-10,1.24652615845168e-10,-4.498828137225e-10,-4.48998986042412e-10,-6.33253716271026e-11,-1.63640185896774e-10,1.21162613869414e-10,3.05008057646056e-10,1.62572692977312e-10,1.83822271740927e-10,-1.67954576630589e-10,-6.96471141791947e-11,9.94031267570721e-11,3.18066135617222e-10,-6.14314296247792e-11,1.09700458211133e-10,7.07670318112618e-11,-1.5974041527608e-10,4.86913738712403e-10,-1.11859911137816e-11,-4.2172404197196e-10,1.99470353050284e-10,-2.90791998353229e-10,-6.21314839551782e-11,3.46744976120263e-10,-7.47313837687562e-11,-6.24158589068288e-11,4.53856976073986e-11,-1.84574981372613e-10,-3.44740911913849e-10,-2.616486203358e-10,4.07686294312021e-10,5.62435424330562e-12,2.74096301321845e-10,-1.35439542211982e-10,2.7301129978406e-10,-2.57069078012063e-11,-6.37520288615698e-10,4.26980071932297e-11,-9.77658807667813e-11,2.06735523631479e-10,1.59941479407509e-10,2.10618105399468e-10,-1.60535486765732e-10,-1.54440982748476e-10,-4.99841603029835e-10,4.11919219891813e-10,1.50007789864641e-10,8.29856928523436e-12,-3.13384015333044e-10,-1.44863137070413e-11,3.36393054558123e-12,-1.70718290940185e-12,1.50187521251022e-10,2.70468028617074e-10,6.80292272816423e-11,-9.26125487026869e-11,8.73383237414746e-11,1.84918826134842e-11,2.54708396244335e-10,1.98046761850723e-10,-3.87001400201069e-10,-1.65194318397817e-10,4.4788811618288e-13,2.27219787087286e-10,3.55776533078299e-10,-9.912768344578e-11,1.73684672562667e-10,2.11434833769857e-10,3.67073754589484e-10,-5.08105482169313e-11,2.88770283443363e-10,-3.85070712712722e-10,-1.90611430677231e-10,1.98325567623563e-10,1.67446479832929e-10,2.66376512306015e-10,1.72801902041178e-10,4.2197322194113e-10,1.25601050690179e-10,-2.25380135257682e-10,-4.51459252668194e-10,3.3832351630325e-10,6.10515999380067e-10,-7.93606245631436e-11,-6.84993782258022e-10,-3.96871125221174e-12,-2.25720901319082e-10,1.31002173176046e-10,1.29558787373017e-10,-4.64001152063303e-10,-1.02597543720933e-10,2.36329809112095e-10,-3.87043516129003e-10,-3.09314457420751e-10,3.58510570472292e-10,2.92114361127024e-10,4.7033280410507e-10,2.87165141279138e-10,-7.17820888515243e-11,4.89641764619651e-10,-1.53468520426826e-10,6.08956425883205e-12,3.0731255679864e-11,4.71959763843618e-10,1.00510161735191e-10,-2.81946880503564e-10,1.63717798193221e-10,2.17632225057859e-11,1.12683039701395e-10,1.34461572466838e-10,6.28546684690985e-11,-3.17242137663486e-10,-4.85177380217986e-10,3.17000422129258e-11,-4.25410904592631e-10,-7.60720786940364e-11,-5.95561927819758e-11,1.2765224172859e-10,-2.89413895350381e-10,-3.76673126309017e-11,-9.94738123443138e-11,-5.53627096881298e-11,2.38618822028673e-10,1.09922176752431e-10,-1.77733371664598e-10,-5.72525747748559e-11,1.84627010174819e-10,4.99452625027167e-10,2.29033962255161e-11,-1.36012188298944e-10,1.08974277357185e-10,-1.39678733185372e-10,3.14102761889323e-10,6.09913275362421e-11,-2.65542106185365e-11,-1.32829500585823e-10,-2.44602809913192e-11,-6.37377705020402e-11,1.65100605896647e-10,3.65940783169017e-11,2.75269407743939e-10,2.0156010344119e-10,4.48781281784873e-10,2.10400803665412e-10,-1.63602781751561e-10,3.5494264881263e-10,3.08220742065084e-11,-1.54268999043201e-10,-1.84052950773412e-10,-1.00029641278926e-10,1.3975292495094e-10,7.55459441916878e-12,1.64910039103787e-10,1.38826438843561e-10,-7.15256018301624e-11,-7.22840830920422e-12,9.98852204704863e-11,5.04748973008692e-10,1.54662223239308e-10,-1.19798256406284e-11,-4.80511924458242e-12,-8.59137684550875e-11,-1.40030813146735e-11,1.47332041314145e-10,-6.42562885762573e-11,-1.45435680998577e-10,-2.36039727870105e-10,1.07005531544079e-10,1.08131327101753e-10,2.24850612510184e-10,-6.81935284938143e-11,4.20347979936734e-10,-1.55495635268632e-10,7.55111284272603e-11,3.21604796858543e-10,-2.88800070835923e-10,4.42619368256688e-10,6.3320479220442e-11,1.59210155107412e-10,-4.31827832809235e-10,-3.83852048806625e-11,-3.11666354870899e-10,-2.15105990593232e-10,4.28717684018383e-10,-2.60112188632637e-11,-1.65128441108545e-11,-2.53891703244843e-11,2.22966936418051e-10,3.40115125248014e-10,8.62127252390991e-10,-2.62865056595111e-11,-2.82327156807122e-10,-2.89444672078787e-11,2.4352760652582e-10,-3.11691739005605e-10,6.4317417707088e-10,-6.74880418147464e-11,-1.80517947040374e-10,-4.90548215823032e-10,3.14192282309853e-10,7.56729911221886e-11,-4.75381672932862e-10,2.35115299841947e-10,3.94265451371841e-10,-9.04497399064099e-11,-1.34825854758157e-11,-1.15576264027171e-10,1.92231285012775e-10,1.03047715661156e-10,1.30719504816569e-10,-1.4059523282008e-10,1.25154322919499e-10,2.24098825865401e-10,1.4262559110538e-10,1.20455398333137e-10,2.88672092973552e-10,6.69371295614068e-10,1.68669803695432e-10,1.65555897112385e-10,2.63783619505799e-10,-4.21137975695529e-10,1.81247507434722e-10,-4.886213690114e-11,6.42541789604356e-11,-3.1420555550375e-10,-3.94720932513392e-10,2.88029845555667e-10,2.92037268985425e-10,-1.5502709367743e-10,-9.75215164057091e-12,-1.0551791826466e-10,-2.09762206010009e-10,1.19907169345978e-10,1.60037433522866e-10,1.24154055064839e-10,-1.57829252228117e-10,-2.29684037055747e-10,-2.61863139387962e-10,-2.07009335027701e-10,-2.05060855632403e-10,5.91657109681208e-10,1.16626735036708e-10,5.69102847389307e-12,7.25409810535233e-11,3.81437181748904e-10,2.7751451644906e-10,-1.50009568650522e-10,-1.28899601337016e-10,1.77579512073645e-10,-1.61489699931636e-10,4.31691632936142e-11,2.60573310614288e-10,2.07919432896906e-10,1.61340135680426e-10,-8.27608516398816e-11,-2.18305223468721e-10,1.59979294914161e-10,2.19671633571189e-10,-4.03716014182306e-10,-1.83819220427149e-10,2.75900496122467e-10,-2.1599334516522e-10,3.42896687970901e-11,2.79069180726197e-11,-2.07407308701795e-10,6.61236035030914e-11,1.65052911621192e-10,-1.35622650836095e-10,-1.24651032932367e-10,1.68922344889708e-10,3.85063731972606e-10,5.57585765023654e-10,3.39939526205741e-10,-4.74922438161094e-10,-4.25751034402013e-10,-1.39676437960956e-11,1.04574394519905e-11,-2.66790985820788e-10,-1.07047194468063e-10,1.31928754838406e-10,-4.02322765140724e-10,-3.94864942639567e-11,1.76093436811909e-10,-1.81879261395929e-10,-1.57168715544852e-10,8.43530647869782e-11,1.81212702118889e-11,-2.46743618749014e-10,5.91643162762751e-11,-2.11043054983469e-10,-3.17462756605132e-10,2.75864538652032e-10,-3.50424094622036e-10,-3.22203226353935e-10,-4.745147706829e-10,-2.19424861519789e-10,4.09580824720829e-11,-2.1820828743122e-10,1.18459665130515e-10,-1.7989127060059e-11,-1.99628398634554e-10,3.68198317270807e-10,7.6504238602785e-11,-2.52044078647896e-10,-1.2492281096974e-10,-1.52049300865286e-10,5.70375884836039e-11,-3.97590069438835e-10,-2.56122460564925e-10,-1.0492686358333e-11,-1.57886705217018e-12,-3.38827163650302e-10,-2.04857769447915e-10,-2.07150611886909e-10,-1.03432674432508e-10,-2.44637235479568e-10,1.82084147865922e-10,-8.13279582352387e-11,2.14794879283238e-10,-6.04906988527721e-11,-1.10040168402915e-10,-1.20863762828378e-10,9.09421912484853e-11,1.35065225523845e-10,2.48526613030204e-10,3.5258088353152e-10,-4.44945202225761e-10,-1.71397313257316e-10,2.82510182617546e-10,1.48879638576983e-10,6.08816926442857e-11,-4.45907318027524e-10,-1.23338515339916e-10,3.53538328524086e-11,-4.77398025117387e-11,-2.30327017368988e-10,3.93033818757557e-11,-1.5315638004612e-10,-2.04314923170156e-11,-2.23893722547515e-10,-2.37566626398742e-11,-7.67982441430194e-11,-2.58387686919972e-10,-7.72221131987879e-11,-2.30857597705329e-11,-1.06801945287717e-10,-9.3280648324406e-11,-9.62231352149517e-12,-1.51005575116016e-10,4.31003954571175e-12,2.18596019715533e-10,-1.95937308643038e-10,2.01615993044309e-10,-1.25874280546781e-10,-1.63324077259535e-10,-4.18118416945588e-10,1.82106119678542e-10,1.9114064204192e-10,-2.8212987272716e-10,-1.90744228434477e-11,-2.10736596470974e-10,-3.6937940710533e-10,4.86997953547125e-10,-3.48121325455992e-11,3.61015183148708e-10,1.28107044605822e-10,-1.02959459491811e-11,3.86193377308671e-10,-3.57684141268712e-10,-2.23265478137625e-11,1.76132554237833e-10,1.39295185167631e-10,-4.02135598321685e-10,2.56019674601112e-10,2.29055269227063e-10,-1.82192783753278e-10,-2.6098275481323e-10,2.1823678225196e-10,-4.59554216272696e-10,-6.07382854929455e-11,1.61111963670292e-10,6.76511043156671e-11,1.66693752920589e-10,3.19999767316938e-10,5.82377346414847e-10,7.30800751419613e-11,-2.89789412192227e-11,-5.45200378491223e-12,-1.44137511725971e-10,-3.75052455859612e-10,-1.68470364598055e-10,-1.2773559787916e-11,1.89369748424955e-10,-4.29632473188894e-11,1.5958588564199e-10,-4.59377845188657e-12,9.39007186777598e-11,1.30722496130239e-10,3.56874180214885e-12,-3.88152409216543e-10,-8.87965285852898e-11,2.62563420792618e-10,-1.27667869356537e-10,1.20432012903282e-10,-1.64725592303158e-10,-4.56868458823118e-10,1.65117834045126e-10,-3.34897674218925e-10,3.20970012515949e-10,3.88567020911421e-11,-5.38181266799241e-10,-2.06570670340241e-10,1.64434631082389e-10,2.27987221686771e-10,1.90909348496747e-10,6.28551650877872e-11,4.74651579687111e-10,-6.51979302963769e-11,-2.78535627748361e-10,2.25200825413925e-10,4.25981278314982e-11,2.96965450654242e-10,4.54111860021758e-10,-3.50976932634119e-10,-1.21795825474614e-10,1.09548884410503e-10,-9.40270444157018e-11,-2.19380219389821e-10,7.61398974409444e-10,1.52410201696542e-10,1.55021512467999e-10,-4.95838387862607e-11,5.08253168871887e-12,3.22822403030111e-10,-9.79341548579124e-12,2.64860494200942e-10,6.98002826002458e-11,-1.14624595298248e-10,-2.93158057330118e-10,-1.65560592099694e-10,5.05174539233991e-11,-1.71709614064706e-10,-1.31679063606633e-10,-8.28531953573728e-11,1.96526341386721e-10,4.49775948209227e-10,1.29902965589924e-10,2.97951807909974e-10,1.03313794666375e-10,-4.14158953866363e-10,-5.89967223091327e-12,-1.80231080378729e-10,2.82323370245967e-10,-6.05581601620928e-10,-1.74169932202246e-10,-1.28534893605447e-10,7.93954967125641e-11,4.80734752541016e-11,-4.62938153355274e-10,-3.31678158623255e-11,2.62860729215705e-10,4.9488771384671e-11,2.13323131510123e-10,-5.35759195450124e-10,-1.40338465047497e-10,-5.10999121094036e-10,-2.04099718495559e-10,-4.09171687563267e-10,-2.62506582354753e-10,-4.85932274201784e-10,1.23927127620662e-11,-1.43384719218806e-10,4.06425745430293e-10,-2.23507302952316e-10,4.35780285546024e-11,2.35903343949522e-10,-1.73106594066058e-10,-1.97690277856233e-10,4.23784999423887e-10,2.77823520664856e-11,2.55414605630092e-11,-1.70284604696203e-10,-8.77365091419176e-12,-1.82753757910686e-10,-7.38994888741685e-10,-1.13551154760426e-10,9.80319127423351e-11,-2.01580280637996e-10,-1.46361665539979e-10,2.41698113822177e-11,3.09421927014899e-10,-6.92128501787623e-11,-3.76547301999366e-11,-2.00515469980309e-11,1.23911537306153e-10,-3.09295850154606e-10,1.13519073874141e-10,2.28367930767958e-10,2.52936864956418e-10,-1.05816364681757e-10,3.02738148747829e-10,-4.74638761949436e-10,-2.35565254120389e-10,-5.85208356477285e-10,-3.02212408442002e-10,-2.41994919017281e-10,-3.98965034116593e-10,1.78218730383887e-12,3.28555365945755e-11,1.67989315045792e-10,1.00754374046033e-10,-3.81092691033078e-11,1.40625126590697e-10,2.65256693424711e-10,2.78271939954111e-10,4.74882137050685e-11,1.35916160247404e-10,-1.97629009446516e-10,1.81815670126524e-10,-1.78771990774334e-10,-1.26499877454669e-10,1.12208295622003e-10,5.3488094851915e-10,9.54198508194878e-11,1.69456166462656e-10,3.14280353644744e-10,2.1959036198339e-10,-1.98729950844918e-10,-8.45001153580935e-12,1.09287030428338e-10,5.90086709534337e-10,1.18950311232304e-10,-2.0326895223025e-10,-1.05234801091166e-10,2.19752576135583e-10,-3.11542524178272e-11,-1.36127316671133e-10,-2.54179464597066e-11,2.3372654781993e-10,-8.50909546258432e-11,-5.44103221191959e-10,3.16941228147727e-11,-8.48295169055638e-11,9.72708887994244e-11,-3.48199436544897e-10,2.24153260103744e-10,-1.38428347563161e-10,-6.50830146264221e-11,-8.21863451689236e-11,-9.17930494304097e-11,-7.05738385593358e-11,-8.96245380985271e-12,-3.58162248539005e-10,2.4494139639588e-10,2.07537804117743e-10,-3.94189650050583e-10,-8.29863150062082e-11,-8.59744587558035e-11,9.70217563156403e-11,-4.59726102918799e-10,6.29989503754149e-10,5.05098934620041e-10,2.94280809624262e-10,-9.16983889163279e-11,-4.4283099929429e-11,2.24781184761648e-10,-2.28113701993318e-10,1.57235819802412e-11,-3.15073505653998e-10,1.18535095573565e-10,-1.22721896250421e-10,-4.99377689894279e-11,1.75274715070634e-10,1.61287333774585e-10,4.48994751719082e-10,2.45644586144104e-10,-2.82057468591486e-10,-2.13164535257234e-10,1.59878023427619e-10,6.07062482850219e-11,-3.89384960031496e-10,-4.26033248998093e-10,-1.05069702165641e-10,5.30400276874757e-11,-9.55600705143915e-11,3.49179513361932e-10,1.4611788019459e-10,1.69571276094452e-10,1.39768690738836e-11,-4.25875544266734e-10,-1.04335158948024e-10,6.2990266203452e-11,1.85610089689894e-10,-2.18499780710447e-10,9.83185989238319e-11,-1.43887277821554e-10,2.58856953452306e-10,3.94491733358533e-10,-9.14439774223982e-11,2.31240612557625e-10,7.30686740302069e-11,1.56805769332997e-10,3.73122965364443e-10,6.35154465055968e-10,1.22960782622503e-09,1.86901740107879e-09,2.94754137312796e-09,4.71797466159922e-09
