v,0.25
Patm,100000
g,9.81
r,500
G,10^10.77
rho,2700
mu,10^2.17
rc,23
 
M,10^6.01
sigma,0.5
 
tilt_erupt,22.4404nrad
 
-1352,-1351,-1350,-1349,-1348,-1347,-1346,-1345,-1344,-1343,-1342,-1341,-1340,-1339,-1338,-1337,-1336,-1335,-1334,-1333,-1332,-1331,-1330,-1329,-1328,-1327,-1326,-1325,-1324,-1323,-1322,-1321,-1320,-1319,-1318,-1317,-1316,-1315,-1314,-1313,-1312,-1311,-1310,-1309,-1308,-1307,-1306,-1305,-1304,-1303,-1302,-1301,-1300,-1299,-1298,-1297,-1296,-1295,-1294,-1293,-1292,-1291,-1290,-1289,-1288,-1287,-1286,-1285,-1284,-1283,-1282,-1281,-1280,-1279,-1278,-1277,-1276,-1275,-1274,-1273,-1272,-1271,-1270,-1269,-1268,-1267,-1266,-1265,-1264,-1263,-1262,-1261,-1260,-1259,-1258,-1257,-1256,-1255,-1254,-1253,-1252,-1251,-1250,-1249,-1248,-1247,-1246,-1245,-1244,-1243,-1242,-1241,-1240,-1239,-1238,-1237,-1236,-1235,-1234,-1233,-1232,-1231,-1230,-1229,-1228,-1227,-1226,-1225,-1224,-1223,-1222,-1221,-1220,-1219,-1218,-1217,-1216,-1215,-1214,-1213,-1212,-1211,-1210,-1209,-1208,-1207,-1206,-1205,-1204,-1203,-1202,-1201,-1200,-1199,-1198,-1197,-1196,-1195,-1194,-1193,-1192,-1191,-1190,-1189,-1188,-1187,-1186,-1185,-1184,-1183,-1182,-1181,-1180,-1179,-1178,-1177,-1176,-1175,-1174,-1173,-1172,-1171,-1170,-1169,-1168,-1167,-1166,-1165,-1164,-1163,-1162,-1161,-1160,-1159,-1158,-1157,-1156,-1155,-1154,-1153,-1152,-1151,-1150,-1149,-1148,-1147,-1146,-1145,-1144,-1143,-1142,-1141,-1140,-1139,-1138,-1137,-1136,-1135,-1134,-1133,-1132,-1131,-1130,-1129,-1128,-1127,-1126,-1125,-1124,-1123,-1122,-1121,-1120,-1119,-1118,-1117,-1116,-1115,-1114,-1113,-1112,-1111,-1110,-1109,-1108,-1107,-1106,-1105,-1104,-1103,-1102,-1101,-1100,-1099,-1098,-1097,-1096,-1095,-1094,-1093,-1092,-1091,-1090,-1089,-1088,-1087,-1086,-1085,-1084,-1083,-1082,-1081,-1080,-1079,-1078,-1077,-1076,-1075,-1074,-1073,-1072,-1071,-1070,-1069,-1068,-1067,-1066,-1065,-1064,-1063,-1062,-1061,-1060,-1059,-1058,-1057,-1056,-1055,-1054,-1053,-1052,-1051,-1050,-1049,-1048,-1047,-1046,-1045,-1044,-1043,-1042,-1041,-1040,-1039,-1038,-1037,-1036,-1035,-1034,-1033,-1032,-1031,-1030,-1029,-1028,-1027,-1026,-1025,-1024,-1023,-1022,-1021,-1020,-1019,-1018,-1017,-1016,-1015,-1014,-1013,-1012,-1011,-1010,-1009,-1008,-1007,-1006,-1005,-1004,-1003,-1002,-1001,-1000,-999,-998,-997,-996,-995,-994,-993,-992,-991,-990,-989,-988,-987,-986,-985,-984,-983,-982,-981,-980,-979,-978,-977,-976,-975,-974,-973,-972,-971,-970,-969,-968,-967,-966,-965,-964,-963,-962,-961,-960,-959,-958,-957,-956,-955,-954,-953,-952,-951,-950,-949,-948,-947,-946,-945,-944,-943,-942,-941,-940,-939,-938,-937,-936,-935,-934,-933,-932,-931,-930,-929,-928,-927,-926,-925,-924,-923,-922,-921,-920,-919,-918,-917,-916,-915,-914,-913,-912,-911,-910,-909,-908,-907,-906,-905,-904,-903,-902,-901,-900,-899,-898,-897,-896,-895,-894,-893,-892,-891,-890,-889,-888,-887,-886,-885,-884,-883,-882,-881,-880,-879,-878,-877,-876,-875,-874,-873,-872,-871,-870,-869,-868,-867,-866,-865,-864,-863,-862,-861,-860,-859,-858,-857,-856,-855,-854,-853,-852,-851,-850,-849,-848,-847,-846,-845,-844,-843,-842,-841,-840,-839,-838,-837,-836,-835,-834,-833,-832,-831,-830,-829,-828,-827,-826,-825,-824,-823,-822,-821,-820,-819,-818,-817,-816,-815,-814,-813,-812,-811,-810,-809,-808,-807,-806,-805,-804,-803,-802,-801,-800,-799,-798,-797,-796,-795,-794,-793,-792,-791,-790,-789,-788,-787,-786,-785,-784,-783,-782,-781,-780,-779,-778,-777,-776,-775,-774,-773,-772,-771,-770,-769,-768,-767,-766,-765,-764,-763,-762,-761,-760,-759,-758,-757,-756,-755,-754,-753,-752,-751,-750,-749,-748,-747,-746,-745,-744,-743,-742,-741,-740,-739,-738,-737,-736,-735,-734,-733,-732,-731,-730,-729,-728,-727,-726,-725,-724,-723,-722,-721,-720,-719,-718,-717,-716,-715,-714,-713,-712,-711,-710,-709,-708,-707,-706,-705,-704,-703,-702,-701,-700,-699,-698,-697,-696,-695,-694,-693,-692,-691,-690,-689,-688,-687,-686,-685,-684,-683,-682,-681,-680,-679,-678,-677,-676,-675,-674,-673,-672,-671,-670,-669,-668,-667,-666,-665,-664,-663,-662,-661,-660,-659,-658,-657,-656,-655,-654,-653,-652,-651,-650,-649,-648,-647,-646,-645,-644,-643,-642,-641,-640,-639,-638,-637,-636,-635,-634,-633,-632,-631,-630,-629,-628,-627,-626,-625,-624,-623,-622,-621,-620,-619,-618,-617,-616,-615,-614,-613,-612,-611,-610,-609,-608,-607,-606,-605,-604,-603,-602,-601,-600,-599,-598,-597,-596,-595,-594,-593,-592,-591,-590,-589,-588,-587,-586,-585,-584,-583,-582,-581,-580,-579,-578,-577,-576,-575,-574,-573,-572,-571,-570,-569,-568,-567,-566,-565,-564,-563,-562,-561,-560,-559,-558,-557,-556,-555,-554,-553,-552,-551,-550,-549,-548,-547,-546,-545,-544,-543,-542,-541,-540,-539,-538,-537,-536,-535,-534,-533,-532,-531,-530,-529,-528,-527,-526,-525,-524,-523,-522,-521,-520,-519,-518,-517,-516,-515,-514,-513,-512,-511,-510,-509,-508,-507,-506,-505,-504,-503,-502,-501,-500,-499,-498,-497,-496,-495,-494,-493,-492,-491,-490,-489,-488,-487,-486,-485,-484,-483,-482,-481,-480,-479,-478,-477,-476,-475,-474,-473,-472,-471,-470,-469,-468,-467,-466,-465,-464,-463,-462,-461,-460,-459,-458,-457,-456,-455,-454,-453,-452,-451,-450,-449,-448,-447,-446,-445,-444,-443,-442,-441,-440,-439,-438,-437,-436,-435,-434,-433,-432,-431,-430,-429,-428,-427,-426,-425,-424,-423,-422,-421,-420,-419,-418,-417,-416,-415,-414,-413,-412,-411,-410,-409,-408,-407,-406,-405,-404,-403,-402,-401,-400,-399,-398,-397,-396,-395,-394,-393,-392,-391,-390,-389,-388,-387,-386,-385,-384,-383,-382,-381,-380,-379,-378,-377,-376,-375,-374,-373,-372,-371,-370,-369,-368,-367,-366,-365,-364,-363,-362,-361,-360,-359,-358,-357,-356,-355,-354,-353,-352,-351,-350,-349,-348,-347,-346,-345,-344,-343,-342,-341,-340,-339,-338,-337,-336,-335,-334,-333,-332,-331,-330,-329,-328,-327,-326,-325,-324,-323,-322,-321,-320,-319,-318,-317,-316,-315,-314,-313,-312,-311,-310,-309,-308,-307,-306,-305,-304,-303,-302,-301,-300,-299,-298,-297,-296,-295,-294,-293,-292,-291,-290,-289,-288,-287,-286,-285,-284,-283,-282,-281,-280,-279,-278,-277,-276,-275,-274,-273,-272,-271,-270,-269,-268,-267,-266,-265,-264,-263,-262,-261,-260,-259,-258,-257,-256,-255,-254,-253,-252,-251,-250,-249,-248,-247,-246,-245,-244,-243,-242,-241,-240,-239,-238,-237,-236,-235,-234,-233,-232,-231,-230,-229,-228,-227,-226,-225,-224,-223,-222,-221,-220,-219,-218,-217,-216,-215,-214,-213,-212,-211,-210,-209,-208,-207,-206,-205,-204,-203,-202,-201,-200,-199,-198,-197,-196,-195,-194,-193,-192,-191,-190,-189,-188,-187,-186,-185,-184,-183,-182,-181,-180,-179,-178,-177,-176,-175,-174,-173,-172,-171,-170,-169,-168,-167,-166,-165,-164,-163,-162,-161,-160,-159,-158,-157,-156,-155,-154,-153,-152,-151,-150,-149,-148,-147,-146,-145,-144,-143,-142,-141,-140,-139,-138,-137,-136,-135,-134,-133,-132,-131,-130,-129,-128,-127,-126,-125,-124,-123,-122,-121,-120,-119,-118,-117,-116,-115,-114,-113,-112,-111,-110,-109,-108,-107,-106,-105,-104,-103,-102,-101,-100,-99,-98,-97,-96,-95,-94,-93,-92,-91,-90,-89,-88,-87,-86,-85,-84,-83,-82,-81,-80,-79,-78,-77,-76,-75,-74,-73,-72,-71,-70,-69,-68,-67,-66,-65,-64,-63,-62,-61,-60,-59,-58,-57,-56,-55,-54,-53,-52,-51,-50,-50,-49,-48,-47,-46,-45,-44,-43,-42,-41,-40,-39,-38,-37,-36,-35,-34,-33,-32,-31,-30,-29,-28,-27,-26,-25,-24,-23,-22,-21,-20,-19,-18,-17,-16,-15,-14,-13,-12,-11,-10,-9,-8,-7,-6,-5,-4,-3,-2,-1,0
6.81516365305302e-10,7.01557681838472e-11,4.86124372393839e-10,3.26666204478546e-10,-5.44703483831383e-10,-8.0044655738107e-11,-1.70746917997103e-10,-1.09443876699544e-09,1.17806912474999e-10,2.61422975392873e-10,3.45790345468916e-11,7.35821963840334e-11,-1.80594924470735e-10,6.91719123008389e-10,-1.24880595043089e-11,2.27458163664836e-10,-5.42510833420248e-10,-9.50353674124183e-11,-4.27002001868784e-10,-4.44198173345491e-10,-1.20215006003037e-09,-3.29956510737975e-10,-1.11044691185679e-10,-5.10365560753717e-11,-2.14397583286672e-10,6.48104510915661e-11,2.11384903388502e-10,2.74472100370076e-10,4.36177490987353e-10,7.45460221252021e-10,1.16651291445408e-09,8.33060060132321e-11,-3.75676559314684e-10,1.06191008004477e-09,5.59799932001573e-10,-5.98669783524229e-10,-2.32369972839575e-10,4.6157146407435e-10,-1.52807046640789e-11,2.06161283363993e-10,2.46411657928026e-11,3.11825069397063e-11,-7.51290687310417e-10,-2.91563437729717e-10,-1.33946592427916e-09,6.31386058554637e-11,-3.77121861919943e-10,-6.37904642564481e-10,-5.63659401737023e-10,-2.99589498764123e-10,-5.99837486218738e-10,-2.1970667698432e-11,1.30599970018639e-10,-3.7081257103003e-10,-4.67973331766305e-10,3.65535759515638e-10,1.46438317001529e-11,2.42892854158283e-10,-4.31035445788818e-10,-3.12909114501924e-10,-1.44105709351112e-11,5.14144267684282e-10,3.22347365722718e-10,3.56860314169878e-10,3.71680768594204e-10,5.64912101334343e-10,-4.91577825202222e-10,2.90514459288175e-10,-7.48115172396236e-11,9.13601591620026e-10,-7.51718984043873e-10,2.87990774742886e-10,-2.61642966118629e-10,1.24479050535626e-10,-5.2306511042162e-12,2.73384557561855e-10,8.97044395926726e-10,-2.42245717624325e-10,-3.59330435468005e-10,2.60491651728624e-10,-8.04030813074728e-10,-2.62985422552293e-10,2.27815289894262e-10,2.7474549127149e-11,-4.0962862971255e-10,-7.88640556594705e-10,5.68667987984192e-10,6.8087031322668e-10,6.59768237437077e-11,2.97604726255469e-10,-4.63961442535174e-10,8.92277401831646e-10,8.10202358899253e-11,6.68786258723716e-10,4.770156598846e-10,7.52175475352352e-10,4.08764633397804e-10,-5.007352247255e-10,4.52186920154896e-10,-2.29781599633498e-10,2.28905414594965e-10,-3.07936788909886e-10,-1.13067990330281e-10,-1.88734136353531e-11,3.49981677220016e-10,-9.40416466026287e-11,-7.93427322754339e-10,1.31012089827868e-10,-6.05118448370467e-10,-7.74039024439363e-10,-7.76537905569861e-11,3.75236350390613e-10,2.1536664714506e-10,-9.51476072550032e-13,-1.20701366209934e-10,-6.1985264921987e-10,-6.59655545218305e-10,6.93852626568406e-10,4.38095771473006e-10,5.61477738285622e-10,2.11302433132621e-11,-1.10380247554136e-11,-4.07456715608092e-10,-7.34142080757659e-10,-5.3994261725735e-10,3.56382884456554e-10,-8.26309152153617e-11,-1.38812927633655e-10,2.53644857001157e-10,-2.09895141947984e-10,-1.16181019743336e-09,3.59678261455315e-10,1.18182808853828e-10,-2.94366763114833e-10,4.46863528814384e-10,-1.02926498907061e-09,6.15055744070428e-10,-4.09029632740465e-10,5.38211425905045e-10,-6.16493208594611e-10,-3.52445233270597e-10,8.35996411387084e-10,-6.10317190732309e-10,1.21061460173406e-10,4.31753577253031e-10,-1.36494246402651e-09,2.04893424767028e-10,3.02933974365335e-10,1.77611265788765e-11,-9.58211372624056e-10,7.42691498285168e-12,-5.94672800912054e-11,4.22040504839367e-10,-1.69937846058609e-10,-3.17029951284231e-10,-8.13870328831376e-11,3.12001633380131e-10,8.24730917045495e-11,-7.57289912274582e-10,-3.34716414678576e-10,1.13069037894445e-10,-6.03425945441937e-10,5.07414622587903e-10,-5.11298161957455e-10,-1.69926291462493e-10,-3.91696137642632e-10,7.01418062170658e-11,-7.79605330560914e-10,3.91790395803436e-10,-6.4820060065524e-10,-7.50919186686724e-10,4.18542199011003e-10,1.94541942258711e-10,-5.63950928303917e-11,4.6867503129433e-11,-5.59054574901404e-10,-1.09327294097842e-10,-2.60660448585488e-10,1.07052984249392e-09,-9.15787339611597e-11,-3.46126096737455e-10,1.38425382019971e-09,-5.95523763804957e-10,-1.00054720372114e-09,-3.57770341946775e-11,5.81875216694382e-10,4.01191911024057e-10,6.28970868508591e-10,-6.44265946078523e-11,-3.65539433737092e-10,-1.84904884518438e-10,-9.18019573810535e-10,9.12672179622798e-11,1.55491229057973e-10,-7.80968307510059e-10,-3.32759151402812e-10,8.11899790386429e-10,-4.87893530234473e-10,1.52156001206769e-09,-3.21786158296721e-10,-3.41700175885277e-10,2.56572085169996e-10,4.94608265788091e-10,-6.56112582249711e-10,-1.22690519964819e-10,1.10492069663134e-09,9.89380368473515e-10,-6.94749304497443e-10,9.13676530257084e-11,-2.09002567023187e-10,-1.29664533636112e-09,-4.03363127513229e-10,-3.50536350427581e-10,8.12996615482195e-10,-9.23079845719992e-10,-4.08740679775307e-10,1.5945594550213e-10,-1.15929302539614e-10,6.84614995612858e-11,-6.13874637183174e-11,-7.02510053409629e-10,-1.64191817845231e-11,-7.88099325767809e-10,5.3761355238593e-11,-4.73320956488577e-10,-1.29516565942158e-11,-1.95230175213076e-11,1.12392620770316e-09,2.16119341171913e-10,-5.34141952774967e-11,3.49536373729182e-10,-6.5159493678971e-10,1.31103546072464e-10,-7.38514055148863e-10,4.43324053942461e-11,-5.12430554944412e-10,4.31701806725997e-10,5.7025218141014e-11,-6.87809944036882e-10,-2.8160474654069e-10,-1.84936933740638e-11,7.47661722680478e-10,1.32969445930625e-10,-5.85352215675033e-12,6.92360262586427e-10,-3.12721893779919e-10,-1.21395351025196e-09,-1.38513737983606e-10,2.46470879074856e-10,-1.12984914810339e-10,-2.74980039261256e-10,-2.40120110696151e-10,7.24967935080813e-10,8.81506264946903e-10,7.94937569577994e-10,-2.48773296197634e-10,1.79913724100952e-10,-3.97995104382682e-10,-6.46276682765627e-11,-8.88255424440184e-11,-7.24349318846864e-10,9.50314515918383e-10,-1.29880753782815e-10,-1.54585551193928e-10,8.51173486116653e-11,-8.10707790195785e-10,-1.65205958493191e-10,1.11758557941613e-09,-4.65120665108446e-10,4.5387761239958e-10,-3.76508657400295e-11,3.32678265962704e-12,3.22590153981729e-10,7.21589441137965e-10,-3.03170651311763e-10,-3.70107171128128e-10,6.89943243192544e-10,5.2298111237867e-10,1.24835047950012e-10,-4.12252262485685e-10,8.89122985524435e-10,6.44871344040717e-10,-6.30583242278285e-10,-2.06165863092476e-10,1.38312840836202e-10,-8.05165330615634e-10,3.51759498782014e-10,-8.08122578964719e-10,-1.50981968364518e-12,3.7051780617823e-11,6.98759065183531e-11,8.02764314680163e-10,-3.14223485605997e-10,-2.10142663540356e-10,-6.37020912540429e-10,2.85270327549694e-10,-4.66583688418023e-10,2.72576439375886e-10,6.91626577692023e-10,2.28832433427766e-10,8.06000600970984e-11,4.79897080348196e-10,-2.06081496170812e-10,-6.29094237625303e-10,4.71967493114959e-10,3.04231283239807e-10,3.97078699592083e-10,-2.33570335864316e-11,7.56060074134292e-10,-3.95550627671409e-10,-6.66201971716263e-10,-3.20923512236483e-10,5.56810230809629e-10,5.2566606209576e-10,2.9566396942437e-10,-6.12008960681281e-11,-3.43875862005137e-10,2.98815069782606e-10,2.17648053187282e-10,-8.65242120529296e-10,2.41077639536632e-10,-5.14901920620891e-10,5.00802918079483e-10,3.63820179987444e-10,-2.38926172260909e-10,2.67560462462739e-10,-2.38491569429058e-10,-1.56312272528608e-09,2.65921246438167e-10,6.60761963505196e-11,-1.77533779275778e-10,-3.44163382688565e-10,-5.39831740494505e-10,8.89854966158299e-10,4.90038886504485e-10,3.14844508002755e-10,-9.66755181761672e-10,1.01089618885998e-09,-1.07921555901451e-10,1.96307625660733e-10,-1.72195108019712e-10,2.25007931820367e-10,-8.02849227604785e-10,9.44073151562017e-10,-1.06440624023816e-10,6.63332171661563e-11,1.6248293218003e-10,3.00585414620373e-10,5.49711738969577e-10,-4.33377243526817e-10,5.64378186052692e-10,-3.78988679476698e-10,-8.17203289935138e-10,7.37285298864593e-10,6.1433964874882e-12,-6.27357897830068e-10,1.16743566354457e-10,1.4006189461198e-11,-4.81056708283971e-10,1.21224717723283e-10,4.53284096240618e-11,-1.11003961415118e-10,-1.28129910460399e-11,-8.47842682271415e-11,-6.16093270866666e-10,-3.00767202756947e-10,6.56748123202168e-10,-2.91871332006354e-11,-1.7161499607472e-10,1.02944505848182e-10,3.36456331642013e-10,3.97648478216053e-10,3.95958278350973e-10,2.14007930657707e-10,6.39328150417833e-10,3.06212241971401e-10,-8.28252824786694e-10,2.77529120109881e-10,1.41205222595877e-10,-2.46667128676835e-10,1.05733106738841e-09,6.83910975784555e-10,-1.5119342623625e-11,8.7964301407443e-10,3.24990228668739e-10,2.20402757068398e-10,9.34414865151702e-10,-1.16310414520363e-11,1.38908655002226e-10,3.7973421005891e-10,-5.65733554878805e-10,-7.7572053479278e-10,-2.70417500588886e-10,5.4654040384699e-10,1.63173466845943e-10,8.95522888305181e-11,-4.48920294371321e-10,9.54300570809138e-10,-2.63939032229497e-10,8.59061232827125e-11,2.30268960156223e-10,-1.55141181954213e-10,3.54478385907418e-10,-2.19153521123825e-10,-3.81877957559425e-10,1.09162114097836e-09,-4.15695227153017e-10,3.79534749795994e-10,-7.95520801806395e-10,-3.36459786800495e-10,-7.7665355573506e-11,1.59937643954054e-10,-5.9971843860971e-10,-2.48289466624384e-10,1.94562947478311e-10,4.85538687829965e-10,3.00525297939281e-10,5.02170040580289e-10,-6.21311012713231e-10,-3.7023191871349e-10,-3.57718170303825e-10,9.60558585943048e-10,3.0563283844688e-10,-5.29484843689875e-10,-1.96157841047988e-10,2.45945127924354e-12,-4.58042687314111e-10,-3.52924019605104e-10,2.60038769548057e-10,-2.05315499176579e-10,1.81792280138896e-10,-5.95531142282817e-10,-1.54589489559776e-10,1.74678081088841e-11,5.65490609820322e-10,-1.43782812509208e-10,-5.1439164450601e-10,1.03707145545225e-10,4.4942909947078e-10,-4.85003937899343e-11,-1.77711384320256e-10,5.87390821354225e-10,-6.01068349653914e-11,-1.3411630324827e-10,1.90959391600279e-10,2.37288857130529e-10,-2.30897261037632e-10,2.91854540609524e-10,-4.67800360832843e-10,7.14642848996179e-10,-1.73232810523964e-10,-1.50821791392466e-10,4.36232218770248e-10,1.08936454667348e-10,2.92206457586403e-10,6.19470020235942e-10,5.18581553825503e-10,-3.07996572941966e-10,-3.42885883025425e-10,-1.72137668211012e-10,9.17815592687164e-10,4.20956192856938e-10,-2.39030252649281e-10,4.50115571790036e-10,9.78876452373362e-10,-7.52204114093799e-11,3.75292674698944e-11,9.87948180526556e-10,-3.4387368462654e-10,1.18025721778528e-10,4.82886159531833e-11,-4.90043814657642e-10,3.92987055627348e-10,-9.18840599662318e-11,-4.12185738479357e-10,-1.03427320008423e-09,1.47368070157129e-10,3.70661331263084e-10,4.17319853470554e-10,-1.59666732964881e-10,6.47555012463275e-10,5.01164264977923e-10,-4.36065723365149e-11,9.00114499044573e-11,-7.33212669511256e-10,-9.32615692453914e-10,6.93753699204768e-10,3.02466782021058e-10,8.33741363897553e-11,3.32836528474662e-10,4.59990724603404e-10,4.63221064050695e-11,7.42384173126199e-10,4.28309258076317e-10,-7.6463970975547e-10,-4.79560209302432e-10,-6.62999040809619e-11,-5.21781875442812e-10,2.48356818858088e-10,-9.35050090516227e-11,5.58404360979985e-10,-2.405377411185e-10,6.20508914558765e-10,-3.63797398569442e-10,6.84386674783967e-10,-1.09896493750597e-09,7.20376172879717e-10,-4.63376467279897e-10,6.86121166264798e-11,-1.6345154802114e-10,-4.01361613467324e-10,9.39737241440204e-10,-9.65101538240784e-11,5.56990727171634e-11,2.19236948776807e-10,1.18932472604178e-09,-1.06706351293444e-10,-1.42355695059559e-11,-3.35991065308842e-10,-7.74073935423215e-10,2.08113277259495e-10,-3.6958673650604e-10,-3.01263842862572e-10,-4.44519673736016e-10,-1.59414374611561e-10,-3.73546957951921e-10,-7.00868828721226e-10,2.92856626975758e-10,5.46163641156191e-10,-4.14950183040501e-10,8.01243604638898e-11,1.71783320073824e-10,-5.42608467069791e-10,-1.22107340816868e-10,5.17927182349505e-10,-2.50441962516253e-10,1.62350828019452e-10,-4.1730084891783e-10,9.75001773399959e-11,2.7956703102877e-10,-6.55631444268274e-10,3.79044876110832e-10,-6.00839172364013e-10,-1.4780167399995e-10,5.58663367787611e-10,1.7115152504771e-10,1.82369592456255e-10,-1.75260149011957e-10,-3.21063810063401e-10,2.97744442842383e-10,3.94421314104557e-10,-1.58497989956243e-10,-8.55902125804727e-10,5.14999841885984e-10,2.85569501163923e-11,3.85862938215807e-10,5.90328476007289e-10,4.98075733120914e-10,-2.35531712569959e-10,4.57548227498161e-10,2.50362471680187e-10,4.02426493683228e-10,-1.3820494462145e-10,1.01487160955915e-09,3.83553584840215e-10,1.03784018764369e-09,4.74693828868011e-10,-1.51704623871721e-10,6.64365023546742e-10,2.65327661880252e-12,3.39349313028955e-10,-4.10431127544611e-10,4.6773428797659e-10,-5.18045429181377e-10,-2.16569771666506e-10,-5.30081825520078e-10,-5.63723847611251e-10,1.32666685940704e-10,7.6906750573148e-10,5.67820194747045e-10,8.32268733406967e-10,-1.44105326255024e-10,2.46647117396756e-10,8.87884090275789e-10,7.83038412561704e-10,1.24017148480656e-10,-2.64986138102496e-10,3.84354179368745e-10,-1.26519799656035e-10,-2.50390480570994e-10,-3.60264149886982e-10,-7.1023530409121e-11,-6.85809554599058e-10,1.19014150003736e-10,-2.97087698012128e-10,1.73566679002021e-10,5.22731241850416e-10,3.13288290287164e-10,-5.77692933436969e-10,3.43041402246224e-10,-1.08111802743654e-10,-2.11430700419357e-10,3.69057426732147e-10,2.83625825974548e-10,4.88819321128516e-10,5.27455381848041e-12,1.24935812509025e-10,2.14491151014472e-10,1.29625402178121e-10,-1.40546808944545e-10,3.16324818774449e-11,-2.39186971746791e-10,-1.30551722163794e-09,4.7734383365948e-10,6.24017431225825e-10,1.77396323736141e-10,-1.63903899386059e-10,-1.31036925038736e-09,2.38688579353078e-10,8.77547863556533e-10,-7.90821270449086e-11,-7.42236972910472e-11,-1.60196701290106e-10,-9.71387803031824e-10,-9.99556384464878e-10,6.93115730236186e-10,-1.66328168090873e-10,2.09291663607899e-10,-1.66475477964431e-10,-3.98467975569503e-10,-4.65847499386697e-10,2.24866051188031e-10,-3.59072474274238e-10,7.84135690949557e-10,-2.94658361118981e-10,1.29677168902033e-10,-1.27215137311176e-09,4.18753355399732e-10,1.00878757801494e-10,9.03142573400153e-10,7.21594008347051e-10,2.87417272150639e-11,4.6193038848038e-10,-3.72724438238901e-10,-2.12404644374663e-10,1.1429209324953e-10,3.00798504597546e-10,5.22640443393257e-10,4.38174649800379e-10,-1.07940426789077e-10,7.59027022713132e-10,-7.88319984863281e-10,4.220035279862e-11,6.5419527171359e-10,-2.53041792895989e-10,-5.95410624412921e-10,1.32366185551333e-09,-2.63630555182432e-10,4.81837942262922e-10,-3.13861009887709e-10,8.17022687153628e-10,2.19085847962132e-10,7.90299916955551e-11,-1.4651260806088e-11,8.39918540045344e-11,8.65415349388404e-10,-1.51361733170043e-10,-5.81009365711798e-10,-8.8069936385891e-10,1.98850225248478e-10,-1.86668470197857e-10,-1.08576540509235e-10,3.92104240671869e-10,-6.96956624344856e-10,-3.6853398144216e-10,-6.31055020090966e-10,1.47885868277125e-10,4.01090265139628e-10,-5.3016748527965e-11,-6.52359813147775e-10,-6.92584014922885e-10,-6.19272489971656e-10,-3.87713373235191e-10,3.93593066969298e-10,1.71131185369796e-10,-1.7357935164804e-09,-6.29352143436946e-11,3.44010408992591e-10,-1.83945730942595e-10,-5.14258541242225e-10,-1.16015335745574e-10,-4.1375381278938e-10,-6.94540810577251e-10,-2.51002052353852e-10,-1.00440387939469e-09,-7.86399316192934e-11,-2.40468334442079e-10,3.44779635644686e-11,-1.22770245588099e-09,-1.52747547510327e-10,4.84731246525401e-10,9.13810648496159e-10,-5.75959570571773e-11,2.8995188884015e-10,6.47177109636763e-12,-1.67399897633775e-10,-5.38389346381222e-10,-1.3494169021749e-10,8.65463941725131e-11,-4.73460171371061e-10,7.16306550202299e-10,6.17284343896123e-10,-8.36770518384501e-10,-3.97017259351179e-10,-3.66715115513251e-11,-1.49097673622026e-12,-2.8071557147199e-10,-9.19674716116873e-10,-2.88546140982931e-10,6.09368587203496e-12,-9.43780197190561e-11,-5.15483287520326e-10,3.36087918950836e-10,2.62830266559542e-11,1.85139962746994e-11,2.1602046110232e-10,1.40550169676732e-09,-4.8375494515436e-10,5.68366283578316e-11,7.0065885242217e-10,-3.26003409006281e-10,1.08929615630064e-09,1.49959058446229e-10,-1.90439410366336e-11,4.82381427232678e-10,-6.63363095078021e-10,-4.9189065905569e-10,-5.52627817000714e-11,-1.04991010874132e-09,-4.64862748399008e-10,-7.70346172158495e-10,-9.72250552459665e-11,-1.3322812473028e-10,-9.19552411336638e-10,1.67176767726057e-10,7.06523667802862e-10,-2.82703511833266e-10,-1.69846976172647e-10,4.14562590051734e-10,-8.242140509796e-10,2.26262450053994e-10,-4.48673015860569e-10,4.73405320324165e-10,-5.30171426369258e-10,-3.80314974951062e-10,4.24210081121782e-11,-4.7550239093562e-10,1.25404810678456e-10,-3.76632302179273e-10,-8.58802048038517e-10,-3.63860178457809e-10,-3.76193338244815e-10,1.03177918897276e-10,-6.23382291483168e-10,-5.41854060993076e-10,5.61246292207e-10,-6.27977959127242e-10,3.32254915762268e-10,5.62809239189055e-10,-3.08906291591696e-10,-6.0742969498727e-10,-1.3494460832306e-10,-6.14856456967727e-10,1.67574155664795e-10,1.62776574675926e-10,-3.55937727109794e-10,-2.10970550837405e-10,-7.48837188528777e-10,-3.01505948526619e-11,2.8286932893999e-10,-2.18350022562943e-10,-9.97599910629089e-10,-1.14802444166919e-09,-4.49088148230321e-10,4.32992844361659e-11,-1.80969367814936e-10,-4.94453439465579e-10,2.85818564544132e-10,9.83637514426598e-11,3.35774013348979e-10,-5.71051617142922e-10,2.44257153563408e-10,1.2842571195918e-10,2.52041038121919e-10,-2.82695490509238e-10,5.01779998952883e-12,1.3512609714675e-10,4.27252516192737e-10,2.71476320070011e-10,-8.9607477761261e-10,-2.43579916125416e-10,6.64470912654474e-10,-1.45479246245741e-10,1.36937371579701e-10,-3.5430347333427e-11,-4.76064118426066e-10,-3.31134131987117e-10,5.62541960285798e-11,6.09997150845431e-10,-7.83010106049845e-11,3.50436190871518e-10,-4.17437614060661e-10,2.71319529339459e-10,-3.41621412695586e-10,7.00789686270485e-10,-2.31481782058401e-10,-9.3340563976013e-10,-1.63519065447842e-10,-1.05369752003608e-09,-7.78799241031857e-11,-1.72734441445286e-10,-3.10355375238568e-10,-2.65643460493634e-10,-1.03827681336549e-10,6.87439270462892e-10,1.76865342790287e-10,-1.87761189488404e-10,1.08537713517657e-10,-7.77440790671303e-10,5.6413296196553e-10,5.38362962782933e-10,-4.94605969931169e-11,-4.36056551152345e-10,1.86545145948471e-11,-3.41614269778772e-10,1.2905283876206e-10,-6.54319443175297e-10,-5.08267967005971e-10,1.33520483544789e-11,2.41666957552359e-10,-3.34066821782767e-10,-8.61609889768277e-11,-6.59239720503271e-10,1.74531327199706e-10,1.21966052401478e-10,2.1878157441695e-10,7.74603945314015e-11,-4.13720765714337e-10,7.05953902580714e-10,9.59988047178818e-10,-2.7296031717668e-10,1.76953469056069e-10,-5.95124846675599e-10,1.93754323061379e-10,-2.9328191203502e-10,2.2530830305022e-10,-1.05391043001888e-09,1.30481212859094e-10,3.11350113066292e-10,-2.98179183546769e-10,1.87476792465408e-11,3.66325970145242e-10,-3.1353441862269e-10,4.64926952095112e-10,6.91400469373438e-11,-3.02188690115768e-10,-1.56692574545972e-10,4.78704165296507e-11,5.7128532155392e-10,1.22922587457488e-10,3.08138500094631e-11,-3.33383829294208e-12,1.12345359746367e-10,-1.05735020307988e-09,6.89748482131928e-10,-6.45287454517923e-10,-7.73505302760896e-11,-5.78346313295162e-10,-1.00389459676248e-10,3.39189602615343e-10,2.44233332672075e-10,-7.04225023097949e-10,-2.7587118435078e-11,-8.71901077349917e-10,-2.65859104419208e-10,-7.42175546897288e-10,1.02691887185783e-09,5.70456236019392e-10,8.68914310101337e-12,-3.47094924990342e-11,4.43927613016345e-10,3.73760074433988e-10,-2.02004118319224e-10,-1.38857379415355e-11,-2.94910036106078e-10,9.94713391549893e-10,7.8810276786413e-10,6.81253674334188e-10,1.48337573104817e-10,-3.83653080359672e-10,-1.26135630930988e-10,-4.46969547158288e-10,6.57324565029892e-11,2.42741965219869e-10,-8.92352595672645e-11,-5.9564816558281e-10,1.54606607906889e-10,5.26110723013472e-10,3.30947452414776e-10,-4.95336766505898e-10,7.6525501095178e-11,-2.23741389835653e-10,8.56163031127886e-10,-4.50130722317278e-10,-3.23610491827245e-10,-2.80843743999701e-11,-8.46073369267357e-11,-2.80093042822349e-10,1.0556549961043e-10,-6.09741448547618e-10,2.49393229357003e-10,-3.70691773866917e-11,-3.43545519396242e-10,8.39860918063201e-10,-3.23992508333276e-10,-6.75520832074848e-10,2.36931198155141e-10,2.55555305252524e-10,-4.39131066458454e-10,6.19790355863544e-10,-1.58859454130613e-10,3.51042825665872e-10,1.09506190078366e-09,-5.59715114689074e-10,-9.48548128851908e-11,-1.05841959210098e-10,7.56969302759157e-11,-9.7301622424989e-10,4.5243359802026e-10,1.53643957255073e-10,3.97345695913739e-10,1.01962444620686e-10,-4.97643925516306e-10,2.20678183499326e-10,-6.15605971959266e-10,4.37915446996646e-10,-4.32221206368214e-11,2.54457245718722e-10,3.5539649524978e-13,7.71559964098951e-10,1.74747752015402e-09,2.53522868331328e-10,-5.56137675702681e-10,5.19114603021887e-11,5.79048956746985e-10,4.98640094325916e-10,1.12515917658044e-09,-2.49351829329226e-11,-9.15771587682197e-10,2.77903513505476e-10,-7.98629241973787e-10,6.24092658147788e-10,-2.86120232807881e-10,2.16992384318562e-10,-2.51445774504371e-10,-7.63556128296295e-10,-2.2383736996523e-10,6.04933861516668e-10,7.746224194372e-10,-9.60192872303449e-11,5.16954171088851e-10,9.63671066563868e-10,1.31005283713302e-09,-1.35714726877624e-10,4.67727716163313e-10,7.70790677859502e-10,4.91544401873736e-10,-2.16325220023692e-10,-3.71288766003861e-10,-3.60549544497124e-10,-3.56376767830869e-10,-9.35128241863725e-10,5.52855613509871e-11,6.3368768430729e-11,5.29371080748619e-10,-3.01215372894975e-11,-1.84187600612636e-10,1.79494664328702e-10,-6.67726219741039e-11,5.6689441792061e-10,6.79927966789902e-10,-5.9789596441677e-10,-4.58421699136491e-10,-5.70755406733284e-11,-4.8053866526342e-10,-1.00301791616827e-09,-1.76488676918271e-10,-2.01509571952422e-10,3.01564017185815e-10,2.28738855440143e-10,8.41945477151295e-11,-3.94947202692113e-10,-3.04909497721273e-10,1.02412026237111e-10,-3.19089703142254e-10,2.22165144686102e-11,-3.39974015884246e-10,-2.72361955092802e-10,-6.74171136944224e-10,-6.3574950563881e-11,4.11053725747332e-10,-2.77974181490928e-10,-4.25081578701869e-10,1.28432783896724e-10,7.76711796052447e-10,2.24486768004281e-11,-6.43305789054402e-10,3.3428922791268e-10,5.88235586027312e-10,4.07822359353375e-10,4.79366565992676e-10,-2.51009835778451e-10,-1.98151221204957e-10,-8.59042622578162e-10,-2.02007577989767e-10,2.03582388390384e-11,-1.03439231094272e-09,-5.12640832821169e-10,-2.41595945205328e-10,-3.42139441867328e-10,1.39843616756783e-09,-4.40523563739193e-10,1.7078216076928e-10,1.29535154433778e-11,-5.13388224145246e-10,6.18726131334196e-10,3.61162740425637e-10,5.17372265661469e-10,8.52982118061341e-10,1.31163528990636e-09,-3.22465536135517e-10,-4.36614629366907e-11,2.30035368910967e-10,4.33591020539159e-10,4.92864169546254e-10,2.18313094587779e-10,-5.06565335401184e-10,5.67960799034142e-10,9.8472109163171e-11,6.87875241620098e-10,5.37187887942609e-10,1.01528734199957e-10,1.48218349108929e-10,2.20142219580002e-10,-4.28953698728873e-10,1.80328036657678e-10,-6.77407066789426e-10,-2.42809345899587e-10,6.40508837098999e-10,-5.07103609414927e-10,-4.90416909873879e-10,4.68514876450987e-10,-9.29477624834852e-11,-5.46569142740974e-10,9.18177145227359e-13,3.30777472544551e-10,-2.06578889258511e-10,1.59246288829236e-10,5.88381439150271e-11,-4.69605528792688e-11,-5.00381214364437e-10,4.88106371226845e-10,-3.74145654072126e-10,7.20064252154489e-11,-8.42070005754604e-11,2.71405727192898e-10,-4.42822731573063e-10,-3.93417489039322e-10,-8.76376021121332e-10,1.50708530175437e-11,-7.84278233728287e-10,4.2227964885451e-10,-9.70319500151152e-10,-3.70853062869143e-10,2.53084108852669e-10,2.42516561279368e-10,7.67264805268282e-10,-3.14885950752516e-10,4.94994079392331e-10,2.06845332074961e-10,-4.46794625081197e-10,8.29269154196246e-10,-5.84665514419985e-10,2.614626740825e-11,3.87183096602633e-11,8.17045042310453e-11,-2.32569956469032e-11,1.1610512226188e-09,5.49700402934832e-10,-5.42330639859614e-10,-1.04217891051459e-09,-6.11026244903768e-10,-1.39099744090625e-09,-1.17323616266848e-09,-2.96487558762736e-11,-3.17983267947247e-11,-1.84838726839654e-10,2.45293400233236e-10,-6.31191681137163e-10,5.35908729515911e-10,-6.92928581429482e-11,6.20338055548109e-10,7.19932068820066e-10,-4.27756977185487e-13,2.73122571520993e-10,-4.0494914569176e-10,-4.89416754993398e-10,-3.85246237048483e-10,3.92656878137019e-10,9.89565812597829e-11,7.31010324731754e-10,-2.68165314041369e-10,-6.77510925261907e-10,1.12542361231278e-09,1.03725512117684e-10,-3.76890100986411e-10,1.39902142526572e-11,-5.56462141162061e-10,2.19949905530074e-10,-6.19818077175512e-10,-4.25180667380533e-10,6.30110153022096e-12,5.7340109535797e-10,2.78924908547045e-10,-1.0335968549021e-09,4.24030925236008e-10,-8.65736032094296e-10,8.43415857225324e-10,2.71303758038007e-11,5.02167065477351e-10,1.07040869741893e-09,-6.25367069215103e-10,-2.18012262899976e-10,9.61992279328026e-10,4.90992167980815e-10,-2.2364960531051e-10,-2.51376539688502e-10,-6.8441703944068e-10,2.54294120841996e-10,2.65973586899579e-10,6.34197118106368e-10,2.33693119889789e-11,1.00441997250308e-09,-2.33367813446567e-10,2.16488418321286e-10,1.11440735980908e-10,-9.63736168120431e-10,-7.79898536081489e-10,-2.27164687394354e-10,-4.89470223785758e-10,1.16348090769159e-10,-2.10404681967976e-10,1.6461456602271e-10,-2.02260969486118e-09,-2.19134278558127e-10,-6.38617700297497e-10,3.72947458646137e-11,-2.81255868337869e-10,-1.04365351194272e-09,4.26790470455703e-10,5.55079353820681e-10,6.09323235001706e-10,1.6962113764914e-10,3.17358305664702e-10,-4.2910826544022e-10,-3.54665116843034e-11,-3.6269688185068e-10,1.22435893366123e-10,1.7374473394704e-10,-5.35561252958934e-10,9.61164636499968e-10,-3.53095235294922e-10,1.0421609417098e-10,3.95973584929775e-10,-9.70401526925812e-10,-4.9391135841233e-10,-5.76388608643104e-10,1.03756918353881e-10,-5.14261301188721e-10,1.25395994825837e-11,-5.96057627052299e-10,-1.51561527119051e-09,-4.15616569595301e-10,6.13723505790255e-10,-4.47959640180263e-10,-2.1379228470353e-10,7.00538127202477e-10,-5.0655542769182e-10,3.40650545803574e-10,-3.84471778362518e-10,-2.22293810287033e-11,3.13115998341669e-10,-8.85947342881319e-11,5.49867824058607e-10,2.16974153786552e-10,-6.8891199944265e-10,-2.98435023252433e-10,-5.83285942388974e-10,-5.06181643298142e-10,2.34860266560605e-10,-1.15214586682654e-09,9.7998969094636e-11,2.24790481215449e-10,4.57796879267406e-10,-2.21933522748592e-10,2.31273655139072e-10,-7.41263896980904e-10,2.97147638709723e-10,5.61039079876398e-10,4.70127477253311e-10,9.60468967920589e-11,3.44499086085514e-10,2.59591286595844e-10,4.24548488983554e-10,9.87797721083454e-10,1.04621971812621e-10,-4.78660738519475e-10,4.64180674982532e-12,-1.03184177535854e-09,1.36190119749016e-09,-7.60753730695144e-10,7.51534848148278e-11,6.1785724665703e-11,3.8475838811919e-11,-5.9801437875813e-10,-5.90348261081251e-10,-1.68953764004718e-10,-4.19747045180039e-10,-3.41684698249652e-11,-1.35791116536928e-10,4.49069257694499e-10,5.40115933752004e-10,-7.84819960222096e-11,5.40498414725969e-10,2.02366991539093e-11,-5.59812896153617e-10,2.10777451568138e-10,4.85087563890807e-10,1.11525384339725e-10,4.34190601218467e-11,4.6943288686887e-10,2.65531584405927e-10,-2.26054455021454e-10,3.2644138643777e-10,8.70358319931618e-10,-5.25193145992707e-10,-1.46586459680686e-10,-1.0170157146131e-10,-4.93701663212937e-10,-4.70614348569372e-10,7.5049617495128e-11,-2.86086978295067e-10,2.64719502056379e-10,-5.49410605915457e-10,-7.0728920087956e-10,4.88901458505807e-11,-5.03923859300946e-10,3.99987949870528e-10,-4.83216249531392e-10,-4.11765401847557e-11,-1.04956486013258e-10,-2.79439366278731e-10,1.32938982383311e-11,-1.74086224938525e-10,-4.01817529191588e-10,5.29383508311764e-11,-5.69591602706897e-10,1.11696804902932e-10,-1.72336560131247e-10,-7.79370546135299e-10,-1.53432615529697e-09,9.31526020457564e-10,-5.97593861350093e-10,1.26954858349366e-10,-7.97305877374454e-10,1.07550978177417e-09,-2.07281785864418e-10,6.50289037887462e-10,-4.48144488144214e-10,2.96085025505758e-11,8.94724446438823e-10,-1.2464488071619e-09,-6.03783849466716e-10,4.72968398189649e-10,-1.02463349205122e-10,1.27439415923241e-10,4.0079180926907e-10,4.66948581731405e-10,-1.73496016711586e-10,4.27393068650647e-11,-3.63957601896738e-10,-7.12803141866819e-11,2.04238631590365e-10,-4.88965729774604e-10,6.68753115685031e-11,3.42708714331151e-10,5.05361806796862e-10,4.75902954921911e-10,6.2550677280207e-10,-9.10839624638781e-10,9.10186343860127e-10,-1.89111555984537e-10,4.70049362350976e-11,2.81084117847597e-10,-7.99996395435397e-11,-5.27943844048355e-10,-4.54391225001515e-10,4.5150745537377e-10,-2.83226389302762e-10,1.40229794843288e-10,-8.18618445452435e-11,9.02356361099874e-11,3.29307416302926e-10,-6.57220456874113e-10,-3.0827726424408e-10,-3.15654824852938e-10,3.07127540437769e-11,1.76293228730734e-10,-6.94645267104722e-10,-1.34433709562367e-10,-1.57739088680062e-10,-5.33591972529519e-10,-1.7392496440998e-10,3.50725042390581e-10,5.19511875558129e-10,7.77902047995544e-10,1.18709367443093e-09,1.44090826736821e-09,2.79867943863946e-10,7.88774857460661e-10,1.44535028213286e-09,1.60902791904804e-09,1.38833875905672e-09,1.98879600013489e-09,2.48854324525561e-09,2.99432335162323e-09,4.21993874949718e-09,3.77332274543898e-09,6.24866364696762e-09,8.285956624553e-09,1.04067543716334e-08,1.20876323820382e-08,1.61513062615806e-08,2.23097188422606e-08
