v,0.25
Patm,100000
g,9.81
r,500
G,10^10.77
rho,2700
mu,10^2.17
rc,23
 
M,10^5.8
sigma,0.1
 
tilt_erupt,15.7925nrad
 
-1114,-1113,-1112,-1111,-1110,-1109,-1108,-1107,-1106,-1105,-1104,-1103,-1102,-1101,-1100,-1099,-1098,-1097,-1096,-1095,-1094,-1093,-1092,-1091,-1090,-1089,-1088,-1087,-1086,-1085,-1084,-1083,-1082,-1081,-1080,-1079,-1078,-1077,-1076,-1075,-1074,-1073,-1072,-1071,-1070,-1069,-1068,-1067,-1066,-1065,-1064,-1063,-1062,-1061,-1060,-1059,-1058,-1057,-1056,-1055,-1054,-1053,-1052,-1051,-1050,-1049,-1048,-1047,-1046,-1045,-1044,-1043,-1042,-1041,-1040,-1039,-1038,-1037,-1036,-1035,-1034,-1033,-1032,-1031,-1030,-1029,-1028,-1027,-1026,-1025,-1024,-1023,-1022,-1021,-1020,-1019,-1018,-1017,-1016,-1015,-1014,-1013,-1012,-1011,-1010,-1009,-1008,-1007,-1006,-1005,-1004,-1003,-1002,-1001,-1000,-999,-998,-997,-996,-995,-994,-993,-992,-991,-990,-989,-988,-987,-986,-985,-984,-983,-982,-981,-980,-979,-978,-977,-976,-975,-974,-973,-972,-971,-970,-969,-968,-967,-966,-965,-964,-963,-962,-961,-960,-959,-958,-957,-956,-955,-954,-953,-952,-951,-950,-949,-948,-947,-946,-945,-944,-943,-942,-941,-940,-939,-938,-937,-936,-935,-934,-933,-932,-931,-930,-929,-928,-927,-926,-925,-924,-923,-922,-921,-920,-919,-918,-917,-916,-915,-914,-913,-912,-911,-910,-909,-908,-907,-906,-905,-904,-903,-902,-901,-900,-899,-898,-897,-896,-895,-894,-893,-892,-891,-890,-889,-888,-887,-886,-885,-884,-883,-882,-881,-880,-879,-878,-877,-876,-875,-874,-873,-872,-871,-870,-869,-868,-867,-866,-865,-864,-863,-862,-861,-860,-859,-858,-857,-856,-855,-854,-853,-852,-851,-850,-849,-848,-847,-846,-845,-844,-843,-842,-841,-840,-839,-838,-837,-836,-835,-834,-833,-832,-831,-830,-829,-828,-827,-826,-825,-824,-823,-822,-821,-820,-819,-818,-817,-816,-815,-814,-813,-812,-811,-810,-809,-808,-807,-806,-805,-804,-803,-802,-801,-800,-799,-798,-797,-796,-795,-794,-793,-792,-791,-790,-789,-788,-787,-786,-785,-784,-783,-782,-781,-780,-779,-778,-777,-776,-775,-774,-773,-772,-771,-770,-769,-768,-767,-766,-765,-764,-763,-762,-761,-760,-759,-758,-757,-756,-755,-754,-753,-752,-751,-750,-749,-748,-747,-746,-745,-744,-743,-742,-741,-740,-739,-738,-737,-736,-735,-734,-733,-732,-731,-730,-729,-728,-727,-726,-725,-724,-723,-722,-721,-720,-719,-718,-717,-716,-715,-714,-713,-712,-711,-710,-709,-708,-707,-706,-705,-704,-703,-702,-701,-700,-699,-698,-697,-696,-695,-694,-693,-692,-691,-690,-689,-688,-687,-686,-685,-684,-683,-682,-681,-680,-679,-678,-677,-676,-675,-674,-673,-672,-671,-670,-669,-668,-667,-666,-665,-664,-663,-662,-661,-660,-659,-658,-657,-656,-655,-654,-653,-652,-651,-650,-649,-648,-647,-646,-645,-644,-643,-642,-641,-640,-639,-638,-637,-636,-635,-634,-633,-632,-631,-630,-629,-628,-627,-626,-625,-624,-623,-622,-621,-620,-619,-618,-617,-616,-615,-614,-613,-612,-611,-610,-609,-608,-607,-606,-605,-604,-603,-602,-601,-600,-599,-598,-597,-596,-595,-594,-593,-592,-591,-590,-589,-588,-587,-586,-585,-584,-583,-582,-581,-580,-579,-578,-577,-576,-575,-574,-573,-572,-571,-570,-569,-568,-567,-566,-565,-564,-563,-562,-561,-560,-559,-558,-557,-556,-555,-554,-553,-552,-551,-550,-549,-548,-547,-546,-545,-544,-543,-542,-541,-540,-539,-538,-537,-536,-535,-534,-533,-532,-531,-530,-529,-528,-527,-526,-525,-524,-523,-522,-521,-520,-519,-518,-517,-516,-515,-514,-513,-512,-511,-510,-509,-508,-507,-506,-505,-504,-503,-502,-501,-500,-499,-498,-497,-496,-495,-494,-493,-492,-491,-490,-489,-488,-487,-486,-485,-484,-483,-482,-481,-480,-479,-478,-477,-476,-475,-474,-473,-472,-471,-470,-469,-468,-467,-466,-465,-464,-463,-462,-461,-460,-459,-458,-457,-456,-455,-454,-453,-452,-451,-450,-449,-448,-447,-446,-445,-444,-443,-442,-441,-440,-439,-438,-437,-436,-435,-434,-433,-432,-431,-430,-429,-428,-427,-426,-425,-424,-423,-422,-421,-420,-419,-418,-417,-416,-415,-414,-413,-412,-411,-410,-409,-408,-407,-406,-405,-404,-403,-402,-401,-400,-399,-398,-397,-396,-395,-394,-393,-392,-391,-390,-389,-388,-387,-386,-385,-384,-383,-382,-381,-380,-379,-378,-377,-376,-375,-374,-373,-372,-371,-370,-369,-368,-367,-366,-365,-364,-363,-362,-361,-360,-359,-358,-357,-356,-355,-354,-353,-352,-351,-350,-349,-348,-347,-346,-345,-344,-343,-342,-341,-340,-339,-338,-337,-336,-335,-334,-333,-332,-331,-330,-329,-328,-327,-326,-325,-324,-323,-322,-321,-320,-319,-318,-317,-316,-315,-314,-313,-312,-311,-310,-309,-308,-307,-306,-305,-304,-303,-302,-301,-300,-299,-298,-297,-296,-295,-294,-293,-292,-291,-290,-289,-288,-287,-286,-285,-284,-283,-282,-281,-280,-279,-278,-277,-276,-275,-274,-273,-272,-271,-270,-269,-268,-267,-266,-265,-264,-263,-262,-261,-260,-259,-258,-257,-256,-255,-254,-253,-252,-251,-250,-249,-248,-247,-246,-245,-244,-243,-242,-241,-240,-239,-238,-237,-236,-235,-234,-233,-232,-231,-230,-229,-228,-227,-226,-225,-224,-223,-222,-221,-220,-219,-218,-217,-216,-215,-214,-213,-212,-211,-210,-209,-208,-207,-206,-205,-204,-203,-202,-201,-200,-199,-198,-197,-196,-195,-194,-193,-192,-191,-190,-189,-188,-187,-186,-185,-184,-183,-182,-181,-180,-179,-178,-177,-176,-175,-174,-173,-172,-171,-170,-169,-168,-167,-166,-165,-164,-163,-162,-161,-160,-159,-158,-157,-156,-155,-154,-153,-152,-151,-150,-149,-148,-147,-146,-145,-144,-143,-142,-141,-140,-139,-138,-137,-136,-135,-134,-133,-132,-131,-130,-129,-128,-127,-126,-125,-124,-123,-122,-121,-120,-119,-118,-117,-116,-115,-114,-113,-112,-111,-110,-109,-108,-107,-106,-105,-104,-103,-102,-101,-100,-99,-98,-97,-96,-95,-94,-93,-92,-91,-90,-89,-88,-87,-86,-85,-84,-83,-82,-81,-80,-79,-78,-77,-76,-75,-74,-73,-72,-71,-70,-69,-68,-67,-66,-65,-64,-63,-62,-61,-60,-59,-58,-57,-56,-55,-54,-53,-52,-51,-50,-49,-48,-47,-46,-45,-44,-43,-42,-41,-40,-39,-38,-37,-36,-35,-34,-33,-32,-31,-30,-30,-29,-28,-27,-26,-25,-24,-23,-22,-21,-20,-19,-18,-17,-16,-15,-14,-13,-12,-11,-10,-9,-8,-7,-6,-5,-4,-3,-2,-1,0
1.00327466230869e-10,-2.21618002678475e-10,-4.72572817276818e-11,-1.73330123528457e-10,-7.54248097912942e-11,1.97450215590358e-11,-2.14088439225046e-10,-3.54309403597388e-11,1.29571230569239e-10,-1.39557410699794e-10,-2.58187520580444e-11,-1.92041025353979e-10,-1.93551354524024e-11,1.77935634419155e-10,-1.96309128052005e-10,-1.21578693307453e-10,-1.12942226406473e-11,-5.2663988168048e-11,2.77666058024197e-11,-1.03395896787656e-11,-7.32585868547102e-11,-1.44717020361037e-10,-5.29011335799968e-11,2.70706729777961e-11,-1.42677408455933e-10,-1.61980338780308e-10,-4.28282353662226e-11,-1.92325420045388e-10,7.57323062955388e-11,2.491826725165e-10,-1.44613373342437e-10,1.0604527843265e-10,1.57833541321069e-10,-1.37854977037657e-10,1.42741280686492e-11,1.18415224900135e-10,1.3857209133864e-10,-1.67484346634579e-10,8.4630565259991e-11,-8.88006729383041e-11,-1.57870788662783e-10,-4.82889113679238e-11,1.41861618692689e-10,4.58978215622562e-11,-1.22236571523263e-10,-6.90639874647145e-11,7.34108600293413e-11,-4.27122002048039e-11,-1.16115131179784e-10,4.21608683481578e-11,-4.83381282769462e-11,4.48544458514151e-11,-1.50614687174635e-11,8.8466404551549e-11,1.06863056455182e-11,-3.54164215960056e-11,8.62416095287383e-11,1.10758362653748e-10,1.67082676058423e-11,-4.17702129900514e-11,-7.01587444379126e-12,1.39402535592339e-10,1.30072786392913e-10,3.6002195995602e-11,2.92174421763605e-12,2.90320820868002e-11,1.65117770764169e-10,-1.64703628446755e-10,-8.61238900668823e-11,1.58726691718968e-11,-2.47341826065335e-10,-8.60091174941799e-11,4.48061316633515e-11,-1.03583232051824e-10,1.33877112841637e-11,-1.2366341738399e-10,2.44469111542442e-10,4.81326942128124e-11,4.92749452186565e-11,1.82901073013541e-10,9.93477083367126e-12,3.9734484469702e-11,1.53697272645453e-12,3.87957218616997e-11,-9.73229761865811e-11,9.04306277235297e-11,-1.8813107726632e-10,-1.2837693881624e-10,-9.61337296390178e-11,-1.6462639795386e-10,8.07899637273224e-11,-2.2072333531179e-10,-3.5125156901396e-11,7.8783461206239e-11,-1.07479235467525e-10,1.00343203459262e-10,-2.80901715723245e-11,-1.36602949594098e-11,-6.47928392755072e-12,9.76340100284069e-11,-1.13004827132878e-10,-9.45819537059419e-11,2.95057907044295e-11,-3.48396743114092e-11,9.86537234979048e-11,2.58141365404004e-11,2.52967751659802e-11,1.17148985089413e-10,2.00643314525868e-11,4.24321101485997e-11,6.53664420255477e-11,1.51430385903797e-10,6.68175701565968e-11,1.52182358352344e-10,-2.34698344751975e-11,-1.47416867433229e-10,-5.15436589446257e-11,9.84828498739036e-11,1.24248913517315e-10,-3.83471700725783e-11,-2.49392705604927e-11,-4.28081024931884e-13,9.63363157679542e-12,3.72313201722764e-11,-1.16548021666574e-10,-3.45077423730359e-11,-1.39240267624914e-11,-1.45867999881247e-11,-3.84006863475686e-11,9.59689750611183e-11,8.31281848870888e-12,-1.31914370864561e-11,-9.7482164578965e-11,-1.67889251711027e-11,-7.66156683791805e-11,1.35144381834868e-12,-8.27265512357739e-11,-1.26941229475877e-10,1.36603691574126e-10,-6.57840642891645e-11,-1.66876365211599e-10,1.3444423677317e-10,1.0158554259477e-11,1.07075373363137e-10,1.27724111099732e-10,1.15315202803821e-10,-4.31667497786585e-11,-4.27515632516186e-11,2.18525380422925e-10,1.67877363455177e-10,-1.59261680685465e-11,2.76054297960229e-11,1.46570960684356e-11,-1.00616674797226e-11,-6.58692334828343e-11,4.5551445334124e-12,-2.19503700214286e-11,5.19133959336271e-11,-9.35757115624434e-11,-8.65817761570164e-11,4.05589274731442e-11,-9.36573935410483e-11,7.5612091668266e-11,4.79679051704925e-11,7.6548420714241e-11,9.20621765704112e-11,-1.82415786572018e-10,-1.65875287851455e-10,-1.47951210655983e-11,4.0253539460911e-11,6.87296127771063e-11,-8.83475626463673e-12,1.97651835237107e-10,-1.27255158591535e-11,1.30511440555988e-10,1.41963140031041e-10,-3.05855493581647e-11,-8.64163713656963e-12,-2.64683851178756e-10,9.52503168844986e-12,1.19772127477514e-10,2.46057819376651e-10,-5.93749491815382e-11,-1.58422364214654e-11,9.92261974423022e-12,-6.99531859724731e-11,-4.81598917113056e-11,-2.46910710025121e-10,9.88467601272382e-11,-5.09165532204848e-11,1.96119838011412e-10,-4.11279714762145e-11,6.56321613714371e-11,1.24753019918506e-10,-7.05483578994909e-11,4.83927170537041e-11,7.91136128065468e-11,4.57916915121363e-11,1.98962767994148e-11,-7.06375444061112e-11,-7.75255336639559e-12,-3.45177737188183e-11,-4.87132093790906e-11,6.46305904689899e-11,1.10735481871362e-11,7.22119707519123e-11,1.2637250532265e-10,-5.03833834215565e-11,4.11613878522606e-11,1.43347980097692e-10,1.58294213943472e-11,-1.27897453409484e-10,3.13724029954239e-11,-4.60006646766741e-11,-8.08230424253527e-12,3.14223156826044e-11,-7.3805551694012e-11,3.08512425870292e-11,-3.57190499085354e-11,4.78963343258231e-11,-1.36851523287011e-10,4.74886628512592e-11,5.99783769359712e-11,-1.56910580554477e-10,-6.67275495864593e-11,-1.22443181966519e-10,3.2924670150571e-11,-2.73487478308034e-11,-9.97765544759999e-13,3.61264512663302e-11,3.50669127829752e-11,2.15386596365839e-12,6.5646040295209e-11,-5.75839446172351e-11,-1.74496409855183e-10,-6.45284793001321e-11,2.80751119571735e-10,-5.68916945459776e-11,1.92241011164625e-10,-1.45879633577481e-10,8.52099395784065e-11,-4.89185802675086e-12,-1.4600690934691e-10,8.61733155255879e-12,8.40274306046764e-11,1.56944096339115e-10,-1.3308620976196e-10,5.45392762780907e-11,1.24093816250677e-10,-6.42464602558295e-11,-8.71445506922583e-11,1.3470188643834e-10,5.79764321078013e-11,2.8700053182983e-11,1.23289383959586e-10,-8.34085079044575e-11,-3.83119411161358e-11,8.97187659631108e-11,-4.7872727947106e-11,4.46865960327438e-12,9.51217240969329e-11,1.57676407229127e-10,1.07963885845124e-10,4.6563040632748e-11,-2.07139909687452e-10,5.17990414220341e-11,-1.34393197772026e-12,1.17443577420712e-10,1.25097295549626e-10,7.43575129489776e-11,-1.20770503871298e-10,-1.88287399209455e-10,8.91811010528869e-11,-9.78111924492072e-11,1.83549658296271e-11,-3.11216064392785e-11,3.17928070473187e-12,-1.46508813994798e-10,-1.129372027395e-10,8.57738350577096e-11,-4.57209201912041e-11,-2.17991437891835e-11,4.84165525655512e-11,1.78023536446989e-11,-1.58034100649749e-10,-4.00974014259533e-11,-2.71769329910944e-11,-6.79253327358355e-11,-1.20497470531002e-10,1.91218998078701e-11,-1.95320613256215e-11,-1.03185605624771e-10,1.05217823015033e-10,8.49308681050723e-11,-2.34995817102254e-11,1.51154932600324e-11,9.06631504404529e-11,4.25891967098038e-11,-4.43925539069282e-11,1.68151290872309e-10,1.35873960264689e-11,3.479834208897e-11,-2.0063958721163e-10,1.61783001106466e-10,2.56281931826402e-11,1.73026563626117e-10,1.60494142790002e-10,-1.07659648935519e-10,1.0854903173056e-11,7.51347400706364e-11,-4.77704480953782e-12,-4.20586642497001e-11,-1.08878868305884e-10,9.63560094439555e-11,4.7766934555761e-12,1.64759595378035e-12,-8.76989019782822e-11,6.47672808061607e-11,1.4447117752072e-10,1.79917341536173e-11,6.79248262577586e-11,3.39390728902824e-11,1.28334561525853e-10,1.54882575985803e-10,4.66865013740718e-11,2.01243637202953e-10,-4.79928569918462e-11,7.18996763599297e-11,1.33733271128529e-10,9.87814719287033e-11,9.63312434285117e-11,1.41097152450623e-10,5.08236726150554e-11,1.63156122448849e-10,9.03564102651051e-12,1.70641083822011e-10,-5.06145299272227e-11,6.8999006931088e-11,-1.84655437511304e-10,6.7151205259134e-11,-1.15935559268841e-10,1.98902630569939e-10,2.26562217688327e-12,-1.02030916999179e-10,-2.40637395633355e-11,-7.88807171564806e-11,-1.8746133531341e-11,1.60011487653551e-10,8.49550329718241e-11,5.7877145549585e-11,2.65620451627282e-11,8.49251338523219e-11,-7.9893871691331e-11,-1.110632369538e-10,3.86947358687258e-11,7.77261272388765e-11,-1.46694581695314e-10,-7.10867721893525e-11,2.59012239708611e-12,-7.73972893437507e-11,1.08056948207771e-11,-4.09989431397103e-11,-2.43573268525338e-11,3.46651214805061e-11,-3.03612242730856e-11,-6.59924391321549e-11,-5.52400822549332e-11,1.88228800658718e-11,1.13938787864113e-10,1.27197268596367e-10,-4.09091734262745e-11,5.64023249247442e-12,-6.01474113018532e-11,2.14590286412296e-12,2.06018536586404e-11,-1.02459965368606e-10,9.90624863845013e-11,2.44564589668724e-11,9.230032723582e-11,-1.49718852097277e-10,3.06213839753493e-11,6.81571558577001e-11,5.70430778366169e-11,-5.17017300396533e-11,-5.06024329939572e-11,5.97007943109009e-11,4.1044403964304e-11,8.84961708089795e-11,5.52875861777613e-11,1.09152298774787e-10,-1.5378000332463e-11,-5.0403039993724e-11,-4.06069000027057e-11,2.60594322367528e-11,-7.48344012825406e-11,1.3058733038244e-10,8.73292359280293e-11,1.22707475671254e-10,-2.85306038799887e-11,-1.01741721342249e-10,3.10484016893903e-11,-9.63212259334937e-11,-7.14388562727203e-13,3.44722276017917e-11,9.35195860781738e-11,2.37817193371267e-11,1.11835687960026e-11,-9.62761480435795e-11,-5.48904490731923e-11,1.06386637715208e-10,1.00775538324208e-10,-3.07280698015034e-11,-6.20821706076679e-11,-7.15970635722178e-11,-3.59721805661433e-11,-6.63299116753814e-11,-2.60696460073121e-11,-6.61378926228849e-11,-1.27948324969076e-10,-7.80562205545132e-11,1.05480856523193e-10,-4.00959032394034e-11,2.46373216984682e-12,-9.2659802880384e-11,-1.92253269310818e-11,-7.79413538386632e-11,-2.64215883063507e-11,-8.27682571852869e-11,8.02521870965192e-11,-1.03638151228841e-10,-5.49864482994747e-11,-1.09409803867074e-10,-3.87093709009615e-11,-1.5131030437711e-10,-7.02333520824772e-11,4.33825585274153e-11,-2.03502426937432e-10,-1.47198036368679e-11,1.47425856264623e-11,1.28358329311731e-10,7.61047702835043e-12,2.04709246685233e-10,-1.04913801030034e-10,-2.72371910819875e-11,1.27482989078526e-10,5.08284987461034e-11,-1.65402813435665e-11,1.97752413936149e-10,1.1046016254943e-12,-8.0587601804109e-11,-5.6150087322487e-12,3.83398209416293e-11,1.50326440975318e-10,1.67416135410794e-10,1.1589840323756e-10,2.81486287849825e-11,-2.09403783564971e-11,1.25977234172082e-10,-1.22375005615062e-10,-2.99094546049123e-11,-1.31414929208806e-10,-6.02769949819388e-11,5.29657277067582e-11,-9.66299817216906e-11,-1.50127522267443e-10,1.08181800526608e-10,3.74947667373357e-11,1.25834442052214e-10,1.6589943591589e-10,-9.57773317808721e-11,-5.99426725055928e-11,2.62031775270686e-11,1.56099576423678e-10,-2.89483927198561e-11,8.8329102392566e-11,5.95895629507585e-11,1.94354544983762e-11,2.41035166000701e-10,-1.19253872301269e-10,-9.58781771734118e-11,-1.59384100302585e-10,-6.09614114389919e-11,3.29242096931135e-11,-1.01754392278357e-10,7.13279374485836e-12,-7.77775643000804e-11,-1.00960074168257e-10,-7.2808820960631e-11,-6.24026784482146e-11,-7.63695685856632e-11,-4.27273857084718e-11,-1.42489137632882e-10,-6.63186299255803e-11,1.37236682365018e-11,-1.0327315064026e-10,6.99522229741848e-11,9.68310138164053e-11,1.69778040255378e-10,-1.62921898529651e-11,8.79635116660058e-11,1.81779574526549e-10,7.76827965662798e-11,-6.30012984247054e-11,-7.40872891385029e-11,-1.35253420600371e-10,-8.18254354464814e-11,-4.05554875041378e-11,4.22725983950938e-11,2.69690417952172e-11,-1.04384646826403e-10,-6.73742480775694e-11,2.75566964843848e-11,9.84875391675457e-11,-1.33257148302327e-10,-7.44790334263488e-11,-7.8275446888687e-11,1.7648238993e-11,6.27779208036864e-11,7.36540651642195e-11,1.94971929561485e-11,-4.19338445514009e-11,1.16602892132495e-10,-1.23178191444986e-10,1.42786407679841e-10,-2.08946714488995e-10,1.82691805329887e-10,3.18092748998104e-11,-3.7496308156758e-11,-1.52961132385565e-10,1.43534752438261e-10,-5.86411091315339e-11,-6.89850546635051e-11,-1.02465361067223e-10,-1.46829024950641e-10,1.12412641605977e-10,-8.63935836018459e-11,1.06155581506704e-10,-6.90772526648985e-13,2.57833025082773e-10,6.38965175961949e-11,-5.32106537079881e-11,-5.19778431943433e-11,-1.12227422528556e-10,7.95729890293525e-11,-1.47370807299468e-11,1.3859338838956e-11,1.3797490283255e-11,1.6165785802657e-10,-3.92512334713422e-11,-6.95420439856081e-11,7.93580217039468e-12,8.9554909106737e-11,3.94175137249953e-11,1.82066022288171e-12,5.34657917418372e-12,-9.24426637198396e-11,4.37525134697994e-11,3.34769252542773e-11,-2.14396479544334e-10,-7.90542937124817e-11,1.1501899378223e-11,-1.00262996316153e-11,1.51747583634843e-10,1.05621802162665e-10,-3.33192569899689e-11,6.95174156985843e-11,-4.08086738853958e-11,-4.77268399201476e-11,-3.3159082218495e-11,2.24095439770882e-11,3.53894980867263e-11,5.38175225246452e-11,1.09907523277109e-10,4.03637924232133e-11,5.15426335819155e-11,2.34272179200846e-12,-1.02652133422152e-10,9.82524897132037e-11,8.62714094011954e-11,5.55826283492719e-11,-4.54181461297069e-11,9.1830619844232e-11,1.5299897716601e-10,-3.78823053830385e-11,-7.40930861082147e-11,7.71652512736879e-11,-5.72171017676549e-11,-1.51137971840826e-10,1.05470400408546e-10,-8.08100754550077e-11,2.65645764499232e-11,3.85637509526657e-11,4.50513967515204e-11,1.6030072847604e-10,7.05636768122374e-12,6.44186923556674e-11,-1.90069383021734e-10,1.27310212210291e-10,-1.28173836727682e-11,1.67883545886461e-10,8.04239781907417e-11,1.55169391733463e-10,1.8136670335568e-10,-7.56547012914815e-11,1.00826313486883e-10,-2.20101516254888e-11,1.0430224108541e-11,-1.29183135948871e-10,6.15742966399799e-12,-4.59410061183947e-11,-1.40978210145187e-10,-1.44731670611577e-10,6.30265692694788e-11,-1.30563133021294e-10,-5.23395094743614e-11,1.84027795338158e-11,-5.5063482247743e-11,-5.2935130713251e-11,-6.81545938335987e-11,-1.10460020588487e-10,8.66294340503237e-11,6.00417843490495e-11,1.59860624975463e-10,1.25060555036363e-10,1.18276367465033e-10,1.59952350578525e-10,1.12373028533809e-10,-2.72847091038101e-11,1.24067172868268e-10,-1.01746915497106e-10,4.03587772657053e-11,-8.52269179214831e-12,-4.11063202031632e-11,-1.2831074692972e-10,-3.95012354704303e-11,1.20354289857847e-10,-4.93245815968777e-11,-8.66072364512839e-11,-7.6294673612492e-11,1.16859464409174e-11,8.68382050988421e-11,-2.05634166251001e-11,-1.44201767870534e-10,-1.09889689539486e-10,-1.45903957020596e-10,1.18105329254672e-11,2.21518313088892e-10,-5.07784249642634e-11,-7.5408584000858e-11,-8.36241969517683e-11,-7.25035900905855e-11,1.71655974509922e-10,2.74341220930947e-11,-5.90051087788905e-11,1.38852371629786e-11,-1.24482066913833e-10,-1.14260087092902e-10,1.18905251780898e-10,6.67700989702683e-12,-2.64518599364829e-12,-2.09443030450749e-11,-9.02674121546805e-11,-1.99686359645419e-10,1.39092868621017e-10,1.34923674705035e-10,2.91007341582225e-11,-7.79352415728615e-11,-7.02380139386334e-11,6.59541929299215e-11,5.08141287691617e-11,-4.18322288134886e-11,-2.55027077963034e-10,-4.91027116601599e-11,1.82702227576216e-11,1.29643189739544e-10,6.79780462066131e-12,-3.71818592615822e-11,3.75292845347978e-11,-1.11930347583095e-10,-7.59777769508769e-11,1.2621490991002e-10,7.60570403757227e-11,-1.57646508656841e-10,-6.71244186698506e-11,8.55098578709586e-11,3.28931123479756e-11,2.88723969376329e-11,4.46634382081326e-11,2.53953989254086e-11,2.00955771871022e-11,-2.08894329776898e-11,2.15377675229994e-11,1.06387014270357e-10,-4.39857630618105e-11,-9.5568232704845e-11,-5.32796057386813e-11,-1.14279117122184e-10,-4.76949734972916e-11,1.77041184403101e-10,-1.61358127150924e-12,-1.36265060475001e-10,2.64042594809316e-11,1.30332444099795e-10,8.58076873311259e-11,6.85981622549703e-11,-4.46494917221345e-11,-6.87294579668296e-12,-9.46638346530907e-11,-1.30857060149157e-10,-1.08572275364396e-10,1.83173729528753e-10,1.78451798609177e-10,-1.90875888680497e-10,-1.29580621051225e-11,-1.85886788547835e-11,-1.10517565533583e-10,-7.95033207123126e-11,5.62481902388582e-11,-1.78107463174552e-11,5.75025974318646e-11,1.34242484415317e-10,-8.41591288930635e-11,2.05143533305763e-10,5.86699465074086e-11,1.07520862210519e-10,4.00216482031303e-11,4.34806799513161e-11,-1.95201802934781e-10,6.63556860142414e-11,-1.17891574271759e-10,7.09146601370332e-11,-8.02582130429561e-11,-7.7501211044864e-12,-2.96663130227464e-11,5.20156002617814e-13,-4.89559235232398e-11,1.45433483113897e-10,-5.22705649241121e-12,8.49927201372534e-11,9.7618894978576e-12,-2.0425236314498e-11,-2.02535311026166e-11,5.11028470831725e-12,-9.7849142934743e-11,-1.80770348240396e-10,1.08094065154027e-10,3.63380588224376e-11,1.52288860133207e-10,1.85168905421631e-10,-1.07450915372113e-11,-2.26621877230297e-10,2.25133056066439e-11,2.22984975333319e-10,-7.01406301148346e-11,-3.6531529339664e-11,-1.33966150905784e-10,-7.68879104947262e-12,1.44307355292158e-11,-1.00074839088867e-10,1.31750123561746e-11,-1.42644034339959e-11,-1.8782698919814e-10,2.16608217009747e-13,6.96782728790533e-11,-1.15661107508843e-10,-1.36590062119515e-10,1.23128341408683e-10,-9.09632161984195e-11,-4.75648208284416e-11,4.27684695142405e-14,-1.19515290415349e-10,1.2076147431385e-10,1.1582650948052e-10,-4.89210069184941e-11,-3.51580351652903e-11,-1.01385253178553e-11,-1.37067496680709e-10,6.60224521758737e-11,-3.5955787085459e-11,5.57064786742606e-11,9.08302302243081e-11,-1.69155578428033e-10,-1.14074598100798e-10,-8.50030747052938e-13,-2.81317503158199e-12,-5.98981094274451e-12,-3.16725110852387e-11,1.55744647276166e-10,1.23184676614883e-10,-2.34075044233407e-10,1.86909397209855e-10,5.1513039430602e-11,7.71675650664159e-11,-9.98420421413124e-12,1.09855190977679e-11,-1.03847498241748e-10,1.45939926376655e-10,2.3156359032457e-10,4.56318166214257e-11,-1.36779268462251e-10,-3.39236140597188e-11,2.02597284467395e-11,8.45966834829242e-11,-1.54479954913248e-10,8.75365318954974e-11,-3.77755016674972e-11,-1.61724164097671e-10,-1.25355098878114e-10,9.20163308539817e-11,-8.03842472677778e-11,-3.99675113624119e-11,1.58200907132059e-11,-2.65410252361514e-11,-6.78566067413492e-11,1.01031354046307e-10,1.65882185880689e-11,-8.55779935010977e-11,1.89986545026333e-11,-1.37896006916409e-10,1.98816239438939e-10,9.41147234544557e-11,-5.21790301989212e-11,-1.96953620228734e-11,-9.2514973550528e-11,-1.32337462441489e-10,4.08080253238095e-11,7.51240241008614e-11,5.31020684013367e-11,-5.07178870661306e-11,-1.07746770767289e-10,-2.88241892062922e-11,1.65517591226167e-11,2.5475855194138e-11,1.94106194243512e-10,-8.89225057411458e-11,-8.45251719226667e-11,-3.50209083746005e-14,-8.97958244231576e-11,1.71092392675145e-11,3.74761797568126e-11,4.65366402842687e-11,1.22207349496763e-11,3.52233716042912e-11,-5.70486488876843e-11,-2.95753418315971e-11,1.6691803114262e-11,-3.53950518238176e-11,1.5100889769319e-10,-1.62568948824028e-10,6.79543409316213e-11,-1.72977980262517e-10,-1.35706458450476e-11,7.87392515192301e-11,-3.45263653675272e-11,-2.29647070828669e-10,-1.33480565575245e-11,-1.31718906750354e-10,-1.07459255612296e-10,-4.81971752777926e-11,8.12180294529211e-11,2.06584521260067e-11,5.15795446005634e-12,-2.61621552735702e-11,-2.32990200348361e-11,1.66260622537296e-10,-5.06905179079304e-11,1.37708747922947e-10,4.05519169742652e-11,5.2095515581336e-11,-2.4932192182989e-11,-2.20507902935184e-11,1.22634962870504e-10,-8.30627547663299e-11,-2.85961361169125e-10,1.41228317256755e-10,4.06604548054603e-11,-4.22585682121155e-11,-3.728397406281e-11,6.08562637650297e-12,-8.71905694776763e-11,4.80661791507812e-11,-3.81291913703814e-11,1.36481017403956e-11,-5.37569324245721e-11,2.1163045775677e-11,-7.30532204837633e-11,6.65592601667632e-11,8.84179814452154e-11,4.39782690962491e-11,-5.22620587981573e-11,-3.67738734042372e-11,-4.37656505360537e-11,2.7862926182297e-11,5.9640925156921e-11,-9.9239517618955e-13,3.14999373995165e-11,-3.30280601848834e-10,-1.11244089554057e-10,1.25050595650983e-10,2.13560696644528e-10,-3.22593305359267e-11,6.13471144736917e-11,-2.91002864976732e-11,2.23101690117318e-13,-1.98032841762054e-10,-3.9984827609365e-11,-5.04018404295563e-11,-1.41458956292706e-10,8.40699164874469e-11,-4.6952875697765e-11,-1.28482976272802e-10,-2.53067290022979e-11,1.33001596403982e-10,-1.0975633733453e-11,3.29881996654693e-11,1.80464821309256e-11,2.2868476709953e-11,-1.56059998819056e-11,5.89253040757195e-11,-4.72714349132696e-11,-1.10482356594602e-10,-1.01135268936826e-10,-8.2137824691967e-11,1.44872254274201e-10,-5.00242868313192e-11,-2.11461839801617e-11,1.40350467381534e-10,-2.64000921884806e-11,-6.1169973070785e-12,-1.84322805490013e-10,-4.47159051850326e-11,-9.57744808341316e-11,-1.80246071423494e-10,-2.13662247699021e-11,8.19402800909678e-11,1.00850610172806e-10,-1.81798301105706e-11,-1.25033824540525e-10,-9.17539626977305e-11,3.7272689039465e-11,-1.14817420725672e-11,-8.51703741451787e-11,-4.71981189855724e-11,-2.66072445764739e-11,1.53061782656259e-10,1.31805511301902e-11,-1.48134760469658e-10,-1.32246890012065e-13,4.82187150298296e-11,-6.5500693616595e-11,-6.81033342544557e-12,7.14720944307063e-11,1.86500430929261e-10,8.83728827970494e-11,2.62297053528235e-11,9.60687094100518e-11,1.85580293396753e-10,-3.47204002481149e-11,1.21882239358888e-10,-4.02081899643628e-11,1.11972000489796e-10,7.18249863669877e-11,9.30038620609804e-11,-1.06693948875985e-10,-4.56250379811039e-11,-1.24378045101397e-10,8.31686914352701e-11,-9.5836986807418e-11,-1.00901787484183e-10,-1.38536346204329e-10,-1.16474436367761e-10,-1.13409097542819e-10,1.14269164185004e-10,-2.69456966939085e-11,6.18556941071035e-11,-3.96645095734906e-11,2.01420708342372e-10,7.85279311177896e-11,-1.98987457067369e-10,7.13270211168704e-11,1.78685889420675e-11,-8.47556273862634e-11,-7.77269522311456e-11,1.33876486755701e-10,1.78599478586417e-10,1.21575371703852e-10,-4.7522585482028e-12,1.02710421404637e-10,-8.91776379420805e-11,4.04652730197429e-11,-1.38432408935743e-10,9.24471788005716e-11,-1.24474991385357e-10,9.74534297517445e-12,3.39838088567846e-11,-5.50846571112445e-11,-1.2085169544409e-10,-3.91577994961733e-11,-8.48002530656614e-11,5.98801793924443e-11,9.15835086433261e-11,9.77186816721593e-11,-8.28362667683446e-12,2.27321328443166e-11,-4.10844683114215e-11,1.01639217243296e-10,-1.08346438065534e-10,4.57141644952527e-11,-3.87871623116186e-11,1.92947524062256e-11,-2.46706563322904e-11,-9.74640061119173e-11,-5.66317830651963e-11,-1.37929249486211e-10,7.84843206600085e-11,-2.72755659474587e-11,6.67328713459609e-12,-4.23397740413203e-11,-4.70916401946201e-11,-3.44013210746271e-11,-4.46635520264259e-12,4.63209588564508e-11,-1.26053906137423e-10,-1.70594202516351e-10,-1.88129377293093e-11,2.81573323706288e-11,-1.74837689778906e-11,-1.17580554298519e-10,2.48902594029828e-10,-9.30748928143409e-12,1.45537935276735e-10,-9.45038063058569e-11,1.76436261676086e-11,9.85152384357669e-12,1.6119906615148e-10,6.7884736634572e-11,5.57512021620398e-11,3.67744193679986e-13,-1.04700328255076e-10,1.01330906577884e-11,-1.00228940376236e-12,1.62083124241421e-10,-1.31191005528941e-10,-7.30851861245016e-11,-7.11239691375209e-11,2.43028459950971e-11,3.50570365111145e-11,2.28558863691052e-10,-6.51984911204822e-11,-8.19717744845936e-11,-1.14147697025334e-11,-6.3245217174352e-11,2.42745174874082e-11,4.10309892177919e-11,-8.45955353977129e-11,-8.22734674196653e-11,-1.77774284737836e-12,4.93483003458679e-11,3.22297642246922e-11,1.27733775276729e-12,7.72528882623962e-11,4.99673662942965e-11,-2.29740478356386e-11,-8.88775986436331e-11,-1.45894358489977e-10,-1.71664229426888e-10,-6.6270616753924e-11,5.83565399977891e-12,5.17438364327226e-11,5.73663019989158e-11,1.05795170570632e-10,1.09669806992534e-10,8.59812045574328e-11,3.28360774067728e-11,8.10062004983952e-11,8.9439973845359e-12,2.17390327191713e-10,-9.83220168685362e-11,-6.5862447109466e-11,8.56091773299994e-11,8.68622294974715e-11,-3.19948041577357e-11,9.90579587591936e-11,3.70513843086469e-11,7.58117478095903e-11,-5.39081318380283e-11,1.0623737012006e-10,7.15363914083214e-11,-1.28088452707542e-10,2.02222120622095e-10,1.42008945184446e-10,3.85936141188674e-10,2.47334792718518e-11,2.19879544071901e-10,3.39554595221493e-10,4.34740709283447e-10,2.85849626255868e-10,5.55596827762532e-10,7.5757816482759e-10,1.09847741368712e-09,9.42191061221738e-10,9.09945979254304e-10,1.13004208059546e-09,1.47931041058504e-09,1.76475415293602e-09,1.89202337386323e-09,2.16327147944532e-09,2.56765343128164e-09,3.01232652356553e-09,3.63648970362654e-09,4.35119686652201e-09,5.28265651585562e-09,6.87521299880929e-09,8.71283035253676e-09,1.15187309332234e-08,1.58084656238967e-08
