v,0.25
Patm,100000
g,9.81
r,500
G,10^10.77
rho,2700
mu,10^2.17
rc,23
 
M,10^5.41
sigma,0.1
 
tilt_erupt,7.9448nrad
 
-1382,-1381,-1380,-1379,-1378,-1377,-1376,-1375,-1374,-1373,-1372,-1371,-1370,-1369,-1368,-1367,-1366,-1365,-1364,-1363,-1362,-1361,-1360,-1359,-1358,-1357,-1356,-1355,-1354,-1353,-1352,-1351,-1350,-1349,-1348,-1347,-1346,-1345,-1344,-1343,-1342,-1341,-1340,-1339,-1338,-1337,-1336,-1335,-1334,-1333,-1332,-1331,-1330,-1329,-1328,-1327,-1326,-1325,-1324,-1323,-1322,-1321,-1320,-1319,-1318,-1317,-1316,-1315,-1314,-1313,-1312,-1311,-1310,-1309,-1308,-1307,-1306,-1305,-1304,-1303,-1302,-1301,-1300,-1299,-1298,-1297,-1296,-1295,-1294,-1293,-1292,-1291,-1290,-1289,-1288,-1287,-1286,-1285,-1284,-1283,-1282,-1281,-1280,-1279,-1278,-1277,-1276,-1275,-1274,-1273,-1272,-1271,-1270,-1269,-1268,-1267,-1266,-1265,-1264,-1263,-1262,-1261,-1260,-1259,-1258,-1257,-1256,-1255,-1254,-1253,-1252,-1251,-1250,-1249,-1248,-1247,-1246,-1245,-1244,-1243,-1242,-1241,-1240,-1239,-1238,-1237,-1236,-1235,-1234,-1233,-1232,-1231,-1230,-1229,-1228,-1227,-1226,-1225,-1224,-1223,-1222,-1221,-1220,-1219,-1218,-1217,-1216,-1215,-1214,-1213,-1212,-1211,-1210,-1209,-1208,-1207,-1206,-1205,-1204,-1203,-1202,-1201,-1200,-1199,-1198,-1197,-1196,-1195,-1194,-1193,-1192,-1191,-1190,-1189,-1188,-1187,-1186,-1185,-1184,-1183,-1182,-1181,-1180,-1179,-1178,-1177,-1176,-1175,-1174,-1173,-1172,-1171,-1170,-1169,-1168,-1167,-1166,-1165,-1164,-1163,-1162,-1161,-1160,-1159,-1158,-1157,-1156,-1155,-1154,-1153,-1152,-1151,-1150,-1149,-1148,-1147,-1146,-1145,-1144,-1143,-1142,-1141,-1140,-1139,-1138,-1137,-1136,-1135,-1134,-1133,-1132,-1131,-1130,-1129,-1128,-1127,-1126,-1125,-1124,-1123,-1122,-1121,-1120,-1119,-1118,-1117,-1116,-1115,-1114,-1113,-1112,-1111,-1110,-1109,-1108,-1107,-1106,-1105,-1104,-1103,-1102,-1101,-1100,-1099,-1098,-1097,-1096,-1095,-1094,-1093,-1092,-1091,-1090,-1089,-1088,-1087,-1086,-1085,-1084,-1083,-1082,-1081,-1080,-1079,-1078,-1077,-1076,-1075,-1074,-1073,-1072,-1071,-1070,-1069,-1068,-1067,-1066,-1065,-1064,-1063,-1062,-1061,-1060,-1059,-1058,-1057,-1056,-1055,-1054,-1053,-1052,-1051,-1050,-1049,-1048,-1047,-1046,-1045,-1044,-1043,-1042,-1041,-1040,-1039,-1038,-1037,-1036,-1035,-1034,-1033,-1032,-1031,-1030,-1029,-1028,-1027,-1026,-1025,-1024,-1023,-1022,-1021,-1020,-1019,-1018,-1017,-1016,-1015,-1014,-1013,-1012,-1011,-1010,-1009,-1008,-1007,-1006,-1005,-1004,-1003,-1002,-1001,-1000,-999,-998,-997,-996,-995,-994,-993,-992,-991,-990,-989,-988,-987,-986,-985,-984,-983,-982,-981,-980,-979,-978,-977,-976,-975,-974,-973,-972,-971,-970,-969,-968,-967,-966,-965,-964,-963,-962,-961,-960,-959,-958,-957,-956,-955,-954,-953,-952,-951,-950,-949,-948,-947,-946,-945,-944,-943,-942,-941,-940,-939,-938,-937,-936,-935,-934,-933,-932,-931,-930,-929,-928,-927,-926,-925,-924,-923,-922,-921,-920,-919,-918,-917,-916,-915,-914,-913,-912,-911,-910,-909,-908,-907,-906,-905,-904,-903,-902,-901,-900,-899,-898,-897,-896,-895,-894,-893,-892,-891,-890,-889,-888,-887,-886,-885,-884,-883,-882,-881,-880,-879,-878,-877,-876,-875,-874,-873,-872,-871,-870,-869,-868,-867,-866,-865,-864,-863,-862,-861,-860,-859,-858,-857,-856,-855,-854,-853,-852,-851,-850,-849,-848,-847,-846,-845,-844,-843,-842,-841,-840,-839,-838,-837,-836,-835,-834,-833,-832,-831,-830,-829,-828,-827,-826,-825,-824,-823,-822,-821,-820,-819,-818,-817,-816,-815,-814,-813,-812,-811,-810,-809,-808,-807,-806,-805,-804,-803,-802,-801,-800,-799,-798,-797,-796,-795,-794,-793,-792,-791,-790,-789,-788,-787,-786,-785,-784,-783,-782,-781,-780,-779,-778,-777,-776,-775,-774,-773,-772,-771,-770,-769,-768,-767,-766,-765,-764,-763,-762,-761,-760,-759,-758,-757,-756,-755,-754,-753,-752,-751,-750,-749,-748,-747,-746,-745,-744,-743,-742,-741,-740,-739,-738,-737,-736,-735,-734,-733,-732,-731,-730,-729,-728,-727,-726,-725,-724,-723,-722,-721,-720,-719,-718,-717,-716,-715,-714,-713,-712,-711,-710,-709,-708,-707,-706,-705,-704,-703,-702,-701,-700,-699,-698,-697,-696,-695,-694,-693,-692,-691,-690,-689,-688,-687,-686,-685,-684,-683,-682,-681,-680,-679,-678,-677,-676,-675,-674,-673,-672,-671,-670,-669,-668,-667,-666,-665,-664,-663,-662,-661,-660,-659,-658,-657,-656,-655,-654,-653,-652,-651,-650,-649,-648,-647,-646,-645,-644,-643,-642,-641,-640,-639,-638,-637,-636,-635,-634,-633,-632,-631,-630,-629,-628,-627,-626,-625,-624,-623,-622,-621,-620,-619,-618,-617,-616,-615,-614,-613,-612,-611,-610,-609,-608,-607,-606,-605,-604,-603,-602,-601,-600,-599,-598,-597,-596,-595,-594,-593,-592,-591,-590,-589,-588,-587,-586,-585,-584,-583,-582,-581,-580,-579,-578,-577,-576,-575,-574,-573,-572,-571,-570,-569,-568,-567,-566,-565,-564,-563,-562,-561,-560,-559,-558,-557,-556,-555,-554,-553,-552,-551,-550,-549,-548,-547,-546,-545,-544,-543,-542,-541,-540,-539,-538,-537,-536,-535,-534,-533,-532,-531,-530,-529,-528,-527,-526,-525,-524,-523,-522,-521,-520,-519,-518,-517,-516,-515,-514,-513,-512,-511,-510,-509,-508,-507,-506,-505,-504,-503,-502,-501,-500,-499,-498,-497,-496,-495,-494,-493,-492,-491,-490,-489,-488,-487,-486,-485,-484,-483,-482,-481,-480,-479,-478,-477,-476,-475,-474,-473,-472,-471,-470,-469,-468,-467,-466,-465,-464,-463,-462,-461,-460,-459,-458,-457,-456,-455,-454,-453,-452,-451,-450,-449,-448,-447,-446,-445,-444,-443,-442,-441,-440,-439,-438,-437,-436,-435,-434,-433,-432,-431,-430,-429,-428,-427,-426,-425,-424,-423,-422,-421,-420,-419,-418,-417,-416,-415,-414,-413,-412,-411,-410,-409,-408,-407,-406,-405,-404,-403,-402,-401,-400,-399,-398,-397,-396,-395,-394,-393,-392,-391,-390,-389,-388,-387,-386,-385,-384,-383,-382,-381,-380,-379,-378,-377,-376,-375,-374,-373,-372,-371,-370,-369,-368,-367,-366,-365,-364,-363,-362,-361,-360,-359,-358,-357,-356,-355,-354,-353,-352,-351,-350,-349,-348,-347,-346,-345,-344,-343,-342,-341,-340,-339,-338,-337,-336,-335,-334,-333,-332,-331,-330,-329,-328,-327,-326,-325,-324,-323,-322,-321,-320,-319,-318,-317,-316,-315,-314,-313,-312,-311,-310,-309,-308,-307,-306,-305,-304,-303,-302,-301,-300,-299,-298,-297,-296,-295,-294,-293,-292,-291,-290,-289,-288,-287,-286,-285,-284,-283,-282,-281,-280,-279,-278,-277,-276,-275,-274,-273,-272,-271,-270,-269,-268,-267,-266,-265,-264,-263,-262,-261,-260,-259,-258,-257,-256,-255,-254,-253,-252,-251,-250,-249,-248,-247,-246,-245,-244,-243,-242,-241,-240,-239,-238,-237,-236,-235,-234,-233,-232,-231,-230,-229,-228,-227,-226,-225,-224,-223,-222,-221,-220,-219,-218,-217,-216,-215,-214,-213,-212,-211,-210,-209,-208,-207,-206,-205,-204,-203,-202,-201,-200,-199,-198,-197,-196,-195,-194,-193,-192,-191,-190,-189,-188,-187,-186,-185,-184,-183,-182,-181,-180,-179,-178,-177,-176,-175,-174,-173,-172,-171,-170,-169,-168,-167,-166,-165,-164,-163,-162,-161,-160,-159,-158,-157,-156,-155,-154,-153,-152,-151,-150,-149,-148,-147,-146,-145,-144,-143,-142,-141,-140,-139,-138,-137,-136,-135,-134,-133,-132,-131,-130,-129,-128,-127,-126,-125,-124,-123,-122,-121,-120,-119,-118,-117,-116,-115,-114,-113,-112,-111,-110,-109,-108,-107,-106,-105,-104,-103,-102,-101,-100,-99,-98,-97,-96,-95,-94,-93,-92,-91,-90,-89,-88,-87,-86,-85,-84,-83,-82,-81,-80,-79,-78,-77,-76,-75,-74,-73,-72,-71,-70,-69,-68,-67,-66,-65,-64,-63,-62,-61,-60,-59,-58,-57,-56,-55,-54,-53,-52,-51,-50,-49,-48,-47,-46,-45,-44,-43,-42,-41,-40,-39,-38,-37,-36,-35,-34,-33,-32,-31,-30,-29,-28,-27,-26,-25,-24,-23,-22,-21,-20,-19,-18,-17,-16,-15,-14,-13,-12,-12,-11,-10,-9,-8,-7,-6,-5,-4,-3,-2,-1,0
5.464024799171e-12,7.89472233487931e-11,-3.2983660437198e-12,-1.45654605349072e-10,-1.3092021135792e-10,7.62441722177636e-11,-1.35561236848467e-10,-3.62292082967849e-11,-2.99349987526095e-11,1.81097891663692e-11,1.97090152010301e-10,-5.61830554208155e-11,-5.75917147567689e-12,1.06088584306095e-10,-1.42393034755472e-10,2.25795852716119e-10,1.76004787112163e-10,-2.88630583923908e-11,-1.99058148847682e-10,1.35855431017852e-11,1.63168717201181e-13,-9.3380017599585e-11,-8.63348703796037e-11,-3.01245465079068e-10,2.79182983457365e-11,8.76421715981981e-11,9.57108421443636e-11,-2.56752741022379e-11,-1.45739015160758e-10,4.73531394817414e-12,-1.24849517442189e-10,-2.23584197569235e-11,-1.42855529107904e-10,6.03398045432613e-12,-6.89250774739021e-11,3.65938303775854e-11,-7.52290790244386e-11,-1.71954303811381e-10,-9.0774811688633e-11,9.37922687552348e-11,3.17524461607181e-11,-2.65516542384758e-11,-4.89456284505257e-11,4.98529298410438e-11,2.02351907564419e-10,-1.37994615202204e-10,-1.08938484477726e-10,-2.14227767841462e-11,7.20568999289865e-11,-2.42534168040811e-11,8.48044365694045e-11,5.46052753573355e-11,-1.80685893643256e-11,2.5174246288614e-11,9.70856957840165e-12,-2.80483406435865e-11,-7.3123031315114e-11,-2.46224938478085e-10,4.53308099882035e-11,9.69910762116207e-12,1.92278781456542e-11,2.07613890348034e-11,-2.04258644021222e-11,1.02893135560924e-11,-1.68178125819323e-10,-1.09549308405639e-10,5.79351798431596e-11,4.66383967876159e-11,1.75278227172408e-10,-2.14092433361833e-10,-3.00709024368541e-11,-1.49329688755212e-10,1.01065234026599e-10,-1.41643062703931e-10,9.65925114081323e-12,-6.28030028978276e-11,1.79106318131581e-11,-7.51443883321512e-11,5.1588929269469e-11,-6.83075679019838e-11,-1.17506377573712e-10,3.17910930266624e-11,-3.98868572662647e-11,3.59037005704075e-12,8.69380787584195e-12,-1.17108578850837e-10,-1.87284317484172e-10,1.65405440795765e-11,5.01608342584057e-11,2.46300777192071e-11,-1.20480105224245e-10,9.07479729681202e-12,7.48047931388858e-11,6.21668390965298e-11,5.80282356295867e-12,-4.53183558052369e-11,-2.95136481236986e-11,1.28931836675111e-10,-6.62305987855852e-11,-2.50625176515105e-11,-5.94016206077955e-11,1.91747343733869e-10,-9.3444864196759e-11,5.33293070939207e-11,-4.38646373075342e-11,3.19320801238771e-11,-1.87223229613871e-11,1.01760985711412e-10,2.94953985238542e-11,-6.57489061830615e-11,-1.74572322513253e-11,1.16178688671826e-10,-5.59393729105119e-11,1.85033011379595e-10,8.54293161789293e-11,6.10125696212662e-11,9.79178005456977e-11,1.03557126611751e-10,-1.52266540577912e-10,-2.43513394183323e-11,1.03315798097732e-11,1.66136833586054e-10,4.52684411758141e-11,-1.40156516045669e-10,-1.96640767961059e-10,5.94985099133891e-11,-1.62026327402583e-10,4.48116458769579e-11,1.2117535747848e-10,-1.68203054793334e-12,-1.14749541099039e-10,7.095499160811e-11,-2.2754384426739e-10,7.82964691813857e-11,-1.45849341144543e-10,-1.35169096768108e-12,-6.46905596959821e-11,1.70933907577414e-11,6.13214119736903e-11,-1.0895214915136e-10,5.83351124294752e-11,-7.7656642998396e-11,-1.02213916561055e-10,3.25080365719011e-12,-8.10159352142198e-11,-1.33609219571151e-10,-1.15324782723055e-10,-1.29738139218269e-11,-3.40092195996471e-11,-7.04034222667825e-11,-4.52966746696423e-11,1.4840336750865e-10,-1.29332843000509e-10,-2.51004185767432e-11,3.41275841411099e-11,5.20511455106977e-11,-7.15834954925871e-11,3.22805087030539e-11,-1.01492248329121e-10,1.80097438441393e-12,-1.95209162978884e-11,6.66643267271518e-11,2.29423903597743e-10,-5.26829670774888e-12,-5.60777724026229e-11,-1.53061105006747e-10,9.97407691977003e-11,-7.59298372853827e-12,6.80068782104402e-11,7.27312828825041e-11,1.60403197188477e-10,3.83831324460711e-11,1.97959325804574e-11,1.27965962435528e-10,4.32557212428334e-11,-8.0695740418009e-11,1.85557521899811e-10,-5.49898111334108e-11,-7.64982799711894e-11,-1.9448094094795e-11,-1.83659342948037e-10,-6.46441919215434e-11,7.02917278119256e-11,-3.39628652013693e-11,-1.35151607806122e-10,1.95182318182449e-10,-8.528460324359e-11,-1.57374495148928e-10,2.44660806695413e-10,5.73721442360747e-12,1.8011912922117e-10,1.37403500366857e-10,-8.52100287827098e-11,3.70279270405629e-11,2.56140660161467e-11,1.22788132410311e-10,1.56940726907636e-10,-6.77926688867397e-11,1.09706831630418e-10,-1.21004189191515e-10,1.27165923346935e-10,5.47888329433745e-12,6.74653772264313e-11,9.67583485738367e-13,-1.10379034276772e-10,2.08506050898448e-10,-3.67212899904634e-11,-2.92337235173168e-12,-3.23897885538781e-11,-5.23983011400976e-11,-1.53822808952131e-10,-6.88372977129856e-11,9.37751120176825e-11,-9.78553105232877e-11,-6.97309996684255e-11,9.64948417788073e-11,-4.58116182904785e-11,3.275788773795e-11,-6.57966407485755e-11,4.46926143394645e-11,8.35002056392685e-11,-2.83341646498134e-11,-1.9089161908961e-10,-5.03233231893684e-11,8.80788489948247e-11,-6.89360635757057e-11,-1.5486544846073e-10,-1.80812191781241e-10,-1.09949288359548e-10,-2.93462977976126e-10,-1.05251719012161e-10,6.13727335004099e-11,1.75790186397985e-12,1.00854734550572e-10,-5.96954619759978e-11,-1.19804487400104e-10,1.63977987188184e-10,8.59054958511246e-11,-7.61049996169136e-12,2.30989999804114e-10,4.90779944663883e-12,1.03121437888341e-10,-5.63895447912591e-11,-1.6362695853251e-11,-9.7352950273707e-11,-3.4910612477029e-11,1.37275831593252e-10,-2.17594025974155e-13,2.3084181814027e-11,-1.16924475123301e-10,-4.11113483423896e-11,1.50035729239517e-10,-1.98912021218903e-10,-9.16561075131111e-11,-1.04169242457208e-11,5.27323381467683e-11,1.99285175515584e-12,-7.81290149746681e-11,-3.57869367068815e-11,8.98772541795704e-11,6.3005329737792e-11,-2.1765394896398e-11,-6.24830215742264e-11,5.75352783036833e-11,-9.09826532375539e-11,4.99499978860254e-11,-1.45586050705687e-10,1.68790015581734e-10,-1.17379723931211e-10,-9.53985709885435e-11,6.32219224883131e-11,2.78052550176889e-11,-1.11429299537796e-10,-6.46416225485667e-11,-1.41031712825845e-10,4.41903300522839e-11,9.30389178086575e-12,-1.20992581327594e-10,-2.07900716065391e-10,4.9040267979858e-11,-1.36339566966286e-12,1.06749468335311e-10,8.96578253765404e-12,-5.34581302213441e-11,-7.53338553670912e-11,-5.83821920243512e-11,-3.9355590558175e-11,-9.74221396589045e-11,-9.69934814045858e-11,3.31256929359612e-11,1.02813825174227e-10,6.94008882144763e-11,4.60554568309178e-11,-2.83005394716843e-11,5.43494778095103e-11,2.63575782371792e-11,2.9515506427993e-11,3.42369656886285e-11,-9.12486160745436e-11,8.91080461674372e-11,1.32294744675535e-10,8.85581848390304e-11,-3.51942976516494e-11,-9.75204059799981e-11,-9.49083793939897e-11,-5.1377563766244e-11,1.14714845130077e-10,4.8135295584154e-11,-8.3741014921709e-11,2.16777265473853e-11,1.3885581249376e-10,-1.67600001698203e-10,-1.44844357343955e-10,3.47706677184274e-11,-3.63058702923175e-11,-7.10487073927708e-11,1.70761000250887e-10,6.83834607637197e-12,-1.37302457730115e-10,-6.69668908757202e-11,2.01516435351693e-10,-4.65900174461289e-11,7.34225642794931e-11,3.96230599975993e-11,-7.12357710014635e-11,2.07141026696304e-10,1.46463804759555e-10,-7.62791230981495e-11,9.95202093119948e-12,3.67214473428544e-11,-1.82538647853565e-10,3.62506120493645e-13,-2.2907287605412e-10,-1.44309513698252e-10,8.92653337663533e-11,-6.39857816817433e-11,-7.1675876195384e-11,5.82359187068352e-11,-2.03209944825804e-10,-5.16732679085016e-11,2.12698049961409e-11,1.43681283030645e-10,8.31579944818288e-11,-3.13773042262173e-11,-6.10219155521501e-11,1.76261092292002e-11,-3.77636152296939e-11,8.47946607606184e-12,-4.03729765535564e-11,-5.70097206308937e-11,-1.11825800274075e-11,1.30711074081325e-10,-1.40044804167845e-10,-1.51221029473154e-11,1.57787580707589e-10,1.35215504918859e-11,-1.21752998060121e-11,-2.80972966626251e-10,3.03826565824595e-11,1.37957237044147e-10,1.67213980870567e-10,3.81568325862945e-11,-7.30236908781568e-11,-1.36465185550518e-11,-1.0123620574378e-10,8.63255193572715e-11,1.17425099863447e-10,-2.41405539660868e-12,8.11663691563585e-11,1.92879800468163e-10,-3.69569242442891e-11,-4.37996070987335e-11,-6.65887410673826e-11,1.70097969001696e-10,-1.7103628421074e-11,6.81134864276812e-12,-1.4958092574191e-10,6.12881774673921e-11,-4.75585399952635e-11,1.02788780862223e-10,-5.69193915468769e-11,3.19791349887266e-11,-1.48849976002985e-10,-9.02749015881395e-12,-8.81773868403743e-11,-4.51551110415546e-11,6.98981057191552e-11,-1.3038620828217e-10,9.0971718185502e-11,6.67436386085001e-11,2.32878331015487e-11,-2.41705831532828e-11,-5.02173528602885e-11,2.40473359172505e-10,2.55915718213104e-11,-1.24398899434291e-10,-2.73308488805855e-11,-4.6162953584648e-11,2.09415634480656e-10,-1.07645702928015e-10,-9.22450843666871e-11,1.21848559209954e-10,-4.15179641595876e-11,-8.52148971813165e-11,-2.52269670982985e-10,-6.6360941503337e-11,1.43122886928726e-10,5.72562635089042e-11,5.83740687193331e-12,-4.09947436730165e-11,-1.52647277921565e-11,-8.68515424897894e-11,-2.19871856641612e-10,-6.10978607728612e-11,-9.16715546128179e-11,-1.17807936452983e-10,-1.9292267927768e-11,1.31951501041952e-11,9.95972477309414e-11,1.21517625715218e-10,-1.92895039889729e-11,-2.57641490585958e-11,-3.44852005909065e-11,3.82742452775344e-11,-7.91565069365112e-11,-4.88108694109374e-11,1.31089492301218e-10,-1.41291449195225e-10,8.92588267885157e-11,1.05638686439395e-10,-3.89880518046449e-11,-7.61480607376086e-12,1.89171917756429e-12,1.41509767460668e-10,-8.42557121376562e-12,-3.47520401087515e-11,8.86711968970195e-11,6.49135509021916e-11,-3.71978739632838e-11,1.23893283403075e-10,7.15300724930451e-11,-7.55808717946978e-11,1.60772607509534e-10,-6.38032569675872e-11,9.40962287211973e-11,3.67412324975283e-11,-6.63914209150541e-11,-3.19028235478812e-11,1.89473461176398e-10,-1.98325199875941e-10,-7.72553729759673e-11,1.22468350611006e-10,-3.98855384033483e-12,9.30308458949186e-12,1.02079097020064e-10,-9.50639070759442e-11,5.7761615832426e-11,-6.04626962427284e-11,3.37498870484761e-11,9.05391184671328e-11,8.69043757944138e-11,5.77457917914748e-11,-2.57931415219575e-11,2.95547721085289e-11,1.29121664748953e-10,2.1364186840867e-10,1.5664927167714e-10,8.01223551630365e-11,8.97058287762235e-11,6.13186043831678e-11,-4.63389821555875e-12,-5.78054192044248e-11,-1.21892334671263e-10,-1.77826671968771e-11,1.58843918765174e-10,1.45677660610674e-10,1.36122997300109e-10,-1.67989304578798e-10,9.9280610771865e-11,-6.83901951202343e-11,-3.43231304875549e-12,1.52357470024284e-10,-6.34880703620145e-11,6.27117622258931e-11,9.04824557725094e-11,-5.88050213468622e-11,-6.88512933847879e-11,2.32819776524213e-10,7.34159916348253e-11,5.93295722359702e-12,1.24117389459546e-10,1.14900602563723e-11,-7.49352064716117e-11,-7.47699688797684e-11,9.40529740479178e-11,-1.69776898864837e-10,4.54350979359116e-11,4.8386204955842e-11,-2.00876793032213e-11,-1.81636137763084e-11,-1.55728444836634e-10,-2.51207686940879e-11,-4.47912651537495e-11,1.39845708889223e-10,-1.28182768247416e-10,1.01232450589034e-10,-3.57739655831717e-12,-2.74295336012755e-10,-2.39541631723303e-11,1.59539221579699e-13,-6.56654312281629e-12,-8.7636234755044e-11,-8.39243580451252e-11,-1.3485513271983e-10,-1.08636822514142e-10,-5.20825313505153e-11,2.60271647615323e-10,-2.47554722865211e-10,1.00746527539922e-10,4.60582919126395e-13,1.1296782663945e-10,8.62112832785666e-11,1.21462025293692e-10,-1.09866978361183e-10,5.09088703874874e-11,7.03815263689337e-11,9.60138443618428e-11,4.46791143745794e-11,-9.88329158762508e-12,-9.45549809605249e-11,6.5993474390454e-11,4.32476662362004e-11,4.36385887137436e-11,-8.62125509594387e-11,6.34143059909822e-11,-1.3828047830494e-11,8.74083934584009e-11,1.9064517475374e-10,-1.0056008720205e-10,-2.37617087063908e-11,-5.7020834333282e-11,-1.9682662578414e-10,-9.75579481288619e-11,5.6378618133951e-12,-5.79103206524087e-11,1.51062413995359e-10,2.90225843108225e-11,1.67246258176144e-10,-9.52316426346643e-11,1.1342481056059e-10,2.96180172820229e-11,6.19072430478973e-11,1.87406141092166e-10,1.05516722914501e-10,7.85670335244523e-11,1.20339110490643e-10,-2.33794373805449e-11,1.11944771128331e-11,2.12831184307062e-10,2.13031944697592e-11,-1.23091928726992e-10,-5.98293014330265e-11,-2.22899146545787e-10,-9.82445279965166e-11,-2.01183586160749e-11,-7.0427627821278e-11,-1.30816198593979e-10,-2.23873477871509e-11,2.22591811041808e-12,-6.1450102662022e-12,1.40956063753722e-11,-3.9773640421877e-11,1.22364860918674e-11,2.2341003096586e-11,1.16801548467961e-11,-5.80305303391464e-11,-1.00804343862594e-11,4.635991211388e-11,4.9765633448857e-11,-5.22413688903362e-11,-2.20337057132248e-11,-1.30824705852704e-10,5.05035418616083e-12,6.57411868119745e-11,-7.9620813240455e-12,1.12181658944799e-10,3.40932567678593e-12,1.16451026379012e-10,-1.42482700105012e-10,6.3008791961221e-11,-3.84136745661381e-11,3.59107537287613e-11,-2.58188863147358e-11,-1.17385724703159e-10,-8.70354170097787e-11,2.7118829867185e-11,-8.59185934292274e-11,3.9501339426571e-11,-1.12601072515708e-10,2.85738298873098e-10,9.30178321058678e-11,-1.74630176557819e-10,3.17537580297349e-11,-1.39629490784674e-10,-1.27780734549048e-11,-6.66340848829677e-11,-1.72854149729887e-10,2.83395099500776e-10,2.59998240389908e-11,-7.80200485448212e-11,-6.26424663696811e-11,-8.48651868012715e-11,8.22904290378266e-11,3.13823855802294e-12,-3.96491414153734e-11,-3.39178831301978e-11,-8.81192394032672e-11,-4.23240568572691e-11,-1.01051133641542e-10,-1.58123647400934e-10,1.17155646229403e-10,4.35717401196943e-12,-4.37584272728342e-11,-1.7800201350143e-10,9.40481346171844e-11,2.03483968481957e-10,6.87566548628702e-11,-1.93335632166991e-11,-1.94155577579969e-10,-4.84661544792324e-11,-3.25302908141748e-11,-5.92154121904454e-11,4.99544889461555e-11,-1.67562814782241e-12,7.05073986540609e-11,1.00858421568133e-10,1.12653819811134e-10,-6.18149467197605e-11,-1.10344107837302e-10,8.44931507824338e-11,6.23413183005277e-11,7.62041636250504e-11,-1.72177636031899e-10,4.01913557116345e-11,-1.24024789536807e-10,2.4119498015649e-10,1.08774772222885e-10,1.50511160943776e-11,-1.13498974967048e-10,-1.30086918471592e-10,-1.52153559706075e-11,1.92515728733169e-10,-8.66364045337082e-11,-6.94063271853994e-11,-8.36247946587427e-11,-2.2831570830238e-11,-8.34602769826867e-11,-1.45665438948346e-10,6.70408190914268e-11,1.37436702324051e-10,1.70134864789387e-10,1.24765691243712e-10,5.96562346886799e-11,-7.49923748737046e-11,7.8514556187752e-11,1.09379652285254e-10,-1.62385309841539e-10,-8.18274210626497e-12,-4.66389730518217e-11,-1.10186730038434e-11,-6.15649429552867e-11,-9.74552771776367e-11,-1.00022556187033e-10,1.00143762712114e-10,1.52373888263845e-10,-2.06980609676555e-10,4.05952799752079e-11,1.683422822767e-10,2.57064557117738e-11,5.98283827692898e-11,6.90893968310288e-11,5.31357697425325e-11,2.52980892804895e-13,-9.18349577072234e-12,1.26863053877611e-10,8.94462045282037e-11,-3.89591084267156e-11,-3.39521845555568e-11,-3.87542116630211e-11,1.7351336443509e-10,9.06312581817405e-12,1.28411246499912e-10,1.36976773532049e-10,-2.24549880068646e-10,-8.26185134106123e-11,2.01119822154661e-11,1.55169710695945e-10,4.81847607754343e-11,1.53306994691003e-10,2.20489074837494e-11,-9.80025992613487e-11,1.73805825829865e-10,-1.91327792190393e-10,1.70361231584191e-10,-1.54966362695065e-10,-2.75331388984951e-11,1.07538941223369e-10,-1.63204698658496e-10,9.76878429856545e-11,3.03861489139682e-11,-6.17001122234752e-11,7.7672928595361e-11,-2.12087005714592e-11,1.10826465914031e-10,-1.09080444676483e-10,-1.11319107043409e-10,1.68254106330722e-11,-2.03184381076185e-10,-4.12320525022847e-12,2.30974951108784e-11,-1.47590313428654e-10,-6.55392548207572e-11,1.57485684077084e-10,1.70451096489432e-10,1.2536134413578e-10,-1.06942604104521e-11,2.08085073927278e-10,-2.99198361996309e-11,-6.6813406633426e-11,3.44357161213029e-11,1.20996921252444e-10,-2.32439584068503e-10,8.54578770142608e-11,4.27663681547858e-11,-4.20599392757553e-11,1.33451187903163e-10,-2.92003895952672e-12,1.1644360206547e-11,-1.4798368687666e-10,5.25756906872301e-11,4.47877846277411e-11,-8.23748348731496e-11,9.66511486853041e-11,7.06086010536113e-11,5.95677236301142e-11,5.5980423247252e-11,6.52319882348672e-11,1.67849501856493e-10,-8.46917460988976e-11,-1.36107184864288e-10,3.33367381621958e-11,2.39840962381765e-12,-7.86679416871721e-11,2.13662042153443e-11,-3.47565413119233e-11,-8.5810129777299e-12,8.16904673215331e-11,6.93071021978588e-11,-6.54651521536378e-11,3.95115722000312e-11,-8.76072997322847e-13,-2.97409762211815e-11,-6.13194455128223e-11,-3.14691710483636e-11,3.5182397139289e-11,9.71601127422543e-11,-2.37339921882273e-11,-2.87810524176859e-12,1.79776682421206e-10,-1.01891130963902e-10,-1.34162137837102e-10,-1.78882312618682e-10,-1.05160162724305e-11,-1.22030509851129e-10,3.24119486277006e-11,1.19235294145099e-11,-1.48066775518797e-10,8.27832038258367e-11,6.67345658935784e-11,1.36530476728349e-11,5.95384946909104e-12,1.60937119465125e-10,-1.64999156601032e-10,-1.43925028269754e-10,1.33228235757276e-11,-1.30899386953146e-10,1.85389211604959e-10,1.57055431482726e-10,-8.66298253546748e-11,-2.24776503492896e-11,1.11189849618827e-10,5.49220517076554e-12,5.28225017651548e-11,-1.00488929302356e-10,-1.21318462768342e-10,8.08452096215863e-11,-1.8433634758904e-11,2.1406655089992e-10,1.36496489507704e-10,-3.22425015914964e-11,8.9993460797707e-11,-8.7628101052595e-11,1.9907985775566e-10,-1.08111871666536e-10,-1.36002137366093e-11,2.94057759066803e-11,1.67985186189664e-11,5.19342628438819e-11,-6.49377820400756e-11,5.50005336967756e-11,-4.08963496219131e-11,-5.04061577580821e-12,1.87637745487101e-12,1.36525022791361e-10,1.39800132154017e-11,2.40872355677999e-10,5.5998731489788e-11,-1.08124368712497e-10,6.40402842900456e-11,1.97751886187764e-10,7.19937919210204e-11,-1.58959849701244e-11,1.40533663668887e-10,5.161133675341e-13,2.70743209410527e-10,-8.43695357687416e-11,-3.86249258938305e-11,-9.29357526774211e-11,-2.0295870910127e-10,2.55150358522611e-10,-8.43045901210515e-11,-1.91531918279463e-11,6.91877864110613e-11,2.34072030972808e-10,-1.40026816166341e-10,1.2843240808146e-10,1.64010870499892e-10,-6.75275528112699e-13,-9.37725113337021e-11,-4.45462220034809e-11,3.47993038587668e-11,4.36468487862365e-11,-1.90554176016676e-10,-3.70149560591653e-11,-4.02966507018465e-11,1.79685604818035e-10,6.86662987719049e-12,2.91819490465851e-12,1.22127670902884e-10,-1.11573186313453e-10,8.67609334319853e-12,2.45117915524874e-11,-9.13455929527666e-11,4.46183224335979e-11,-1.02792694435432e-10,1.33780288735641e-10,1.33347749570808e-10,1.08128429685779e-11,1.15724944021332e-10,2.77039715919126e-11,6.65073622562164e-11,-5.33851832762427e-12,-1.07683236501287e-10,8.15775955764779e-11,-4.45848357013624e-12,1.7820687218344e-10,-9.18005003321993e-11,7.77040935188053e-11,2.58105188424902e-11,-1.12940663995744e-10,1.5090008346647e-10,-4.9459626733229e-11,-3.43077478171231e-11,-1.19323142854696e-10,-5.32532684227037e-11,3.79447178545845e-11,-2.84177441007495e-12,-1.90166908762962e-11,-6.46181008858864e-11,4.0772093749068e-12,-8.46422654862777e-11,9.52890044856506e-11,-5.54019515482269e-11,-4.10199014396848e-11,-4.00037403832214e-11,2.7302102012579e-10,4.41973883342668e-11,7.45305109738976e-11,1.25732377100131e-10,1.08398422978873e-10,-1.90161291907827e-10,-5.5155690031205e-11,4.65859291940825e-11,1.61904710889972e-11,-1.29510287169505e-10,-1.89168394098214e-10,-7.4274716596864e-11,8.19803033099613e-11,1.65797429749618e-10,-8.40642894855811e-11,-1.3400786988594e-10,-1.30084545798822e-10,1.08337234777223e-11,5.18709366433969e-11,4.7026824655463e-11,1.33945346271644e-10,1.58764112136076e-10,7.98433608168026e-11,4.63896483214811e-11,9.68188513162656e-12,7.09913585182251e-11,-1.33303539762478e-11,6.99639512527025e-11,-7.13185398209653e-11,-5.08296008922564e-12,1.27040084198769e-10,-5.71101086180361e-12,8.40473308002624e-12,-4.8012906542871e-11,9.28848825090753e-11,-2.60835601616844e-11,4.25334075071157e-11,8.79752684396061e-11,-1.47541879878115e-11,3.45143654112058e-11,1.41881220508705e-11,1.69975430514332e-10,1.27987430031576e-10,-2.45659477222015e-11,2.16015862556773e-11,1.25769876630081e-10,-1.12848580670427e-10,2.0700089578825e-11,1.55649135654499e-10,7.24048263898245e-11,6.33454093817648e-12,-2.07352813612953e-11,-5.70362106597831e-11,-3.37078654119561e-11,4.97307835934567e-11,-5.40404777579167e-11,-3.21193360823451e-12,1.91149264183471e-10,1.62861759469627e-10,-8.22511916057048e-11,9.06371992791557e-11,-2.22409701667162e-11,-8.2538205454141e-11,1.44403925439634e-10,6.4225279551578e-11,-7.8030348273408e-11,8.20287926201164e-11,3.35201123112837e-11,-5.04635657269545e-11,-7.18030793778795e-11,8.58526135015169e-11,-1.56047765469337e-10,-5.66697067081201e-11,-1.92602127222886e-11,9.33384782350311e-11,-1.02148760247375e-10,8.49734646588682e-11,3.92421413635516e-11,-4.33633372176624e-11,5.05648039766037e-13,8.90097779080169e-12,1.73288627820017e-10,-8.65983214859231e-11,8.73100636674611e-11,-9.92570869913468e-11,2.59083092517778e-11,4.60333421908894e-11,-1.11851599132363e-10,8.63336935385208e-11,-3.87409351913601e-11,1.67095858118543e-10,-5.28667512993666e-12,3.60980956279719e-11,-1.93493229406767e-11,8.74473871098921e-11,-3.62570780581599e-12,-1.26450285416908e-10,-2.42817622792356e-10,-1.19407723921995e-10,9.87892896979279e-13,-1.25821731815931e-10,-1.85504961458714e-11,-7.62954991036947e-11,-1.49583295033572e-11,-1.76104675167544e-10,-1.01711198805876e-10,-6.11401611974629e-11,1.59150529662106e-11,9.42622441546096e-11,-7.7446408844978e-11,-3.79453691934135e-11,5.50076049052466e-11,-3.88959899955145e-11,-1.43296951202229e-10,-6.07332665702749e-11,-4.56537311039584e-11,9.73393741237415e-11,2.36519503173829e-11,5.91328758645478e-12,-1.05283739068832e-10,-1.26514929072954e-10,-2.00548287487426e-11,-1.30762105082635e-10,-6.49769996470199e-11,-7.8203935950558e-11,3.51571881149468e-11,6.6509148180977e-11,1.6295357044066e-10,4.77691251397067e-11,1.75350706468408e-11,3.22646823137944e-11,-6.69229502798169e-11,5.91086859973384e-11,-7.62671222443579e-11,-7.50009633898959e-11,1.32563570210631e-10,-1.74666635315135e-11,2.82826059876415e-11,1.00769905158198e-10,-3.75864368491553e-12,-1.2142944580353e-10,8.55520599913265e-11,5.12789408457772e-12,4.27686806335061e-11,2.76076443699701e-11,-6.23792633593084e-11,9.68899221291531e-11,-2.74175028793099e-11,-7.27425214873815e-11,1.25027908477611e-11,-4.58700802294039e-11,-1.16701755386372e-11,2.65064852248934e-11,-7.14912732577937e-11,-4.93401750261322e-11,-3.17174533379006e-11,5.70480943764599e-11,7.37387466733969e-11,-5.16876975939581e-11,1.57824565543861e-10,-8.72055884162622e-11,-1.45644022649358e-10,-1.92219224423096e-10,-6.63630732584209e-11,2.83972402041619e-11,-1.61622504805486e-10,7.26781911057691e-11,-3.00995339064403e-10,-5.27530157447913e-11,-2.13396548496414e-10,-1.2668929212754e-10,-1.50246544566802e-10,1.79451913062116e-10,-3.25346047650726e-11,1.40865485903651e-11,3.84880409264034e-11,-9.64195166898089e-11,-9.12980688422086e-13,-1.43585277130205e-10,1.51905670054649e-10,3.03738613813403e-11,1.1399312337966e-10,-7.0276056932648e-12,-7.68789330101472e-11,1.00481649824912e-11,-5.05180641292905e-11,-7.08155016006658e-11,4.63357088048881e-11,-3.51490192883009e-11,8.73097216415795e-11,6.60572699430783e-11,4.26464345113952e-11,8.46050903448011e-11,-4.8631170219206e-11,-1.37406392455781e-11,-9.21278088054283e-11,-1.71619186739542e-10,-3.7184836141333e-11,-2.60419755551248e-12,7.69731847784445e-11,1.7013692682008e-11,-5.33832594289093e-11,-4.28509418425209e-11,7.06564246755544e-11,-1.82752548972936e-10,4.91261408572868e-11,5.25093144048123e-11,-2.63090900405014e-10,4.17899936042123e-11,2.31920500228041e-10,-6.11670716710818e-11,2.2943616789992e-10,1.57569824522748e-11,7.05495696159288e-11,1.6447194611285e-11,-2.14508250763517e-10,1.1675265293453e-11,-8.70393447869389e-11,1.71961285485744e-10,1.34926252911319e-11,-2.47371017228904e-10,-7.08101843195328e-11,1.12269791194006e-10,6.00277134119734e-11,4.59432250345306e-11,-3.46896201943128e-11,7.64690644772187e-11,3.3897944762417e-11,-1.58830520014096e-10,1.35268563745657e-10,1.3110311071678e-10,-9.56665191410256e-11,-1.45437179601801e-10,2.21674945042823e-11,-2.50582445947398e-11,2.18352186718311e-10,3.31276715978431e-11,2.00755868709466e-11,-1.93650787539448e-10,9.26473970831374e-11,1.23075094426612e-11,-2.65509884645221e-11,-2.56629516572503e-11,2.00196966609526e-10,3.88314518298272e-11,5.64060152812242e-12,-8.11977170624765e-11,7.1100162993362e-11,-4.20414304691146e-11,3.27472895640721e-11,-1.17728735998314e-10,-1.42650798958665e-10,-8.71618199413404e-11,1.84452630610016e-10,-3.12425888009883e-11,-9.96216086200526e-11,-2.14388552988332e-10,-1.41009589426878e-10,-8.97880998316307e-11,-1.11619748661882e-11,-8.40370246150756e-11,-7.4693599302627e-11,-1.23731771602645e-10,1.2319087763142e-10,-2.54291183526359e-10,7.18770232642651e-11,-8.25678844126513e-12,2.07511283200802e-10,-3.23264305683673e-11,-1.76625867834608e-10,-1.56501506907718e-11,9.97733674279948e-11,-2.71715027884484e-11,-6.23685220180144e-12,6.60281231779041e-11,2.56586807154181e-10,-2.71621267358081e-11,-1.59209415917748e-11,4.63550131619202e-11,3.28759095280658e-11,-9.8424054647225e-11,-2.60279500938013e-11,5.28617109665179e-11,-5.58869422957783e-11,9.82725264342226e-11,-1.64923698711871e-10,-4.19008685305692e-11,2.77491898516713e-11,5.36069591295673e-12,1.1618989124626e-11,-4.40634640209842e-11,-7.57441152775126e-11,7.48237089300694e-11,2.89582407441049e-11,1.2661807968182e-10,6.01904243926161e-11,2.31705893147145e-11,8.53967132588333e-12,-7.29778825913669e-11,9.20688918207945e-11,-2.32746442759861e-11,-3.69254121170777e-11,6.39192355272231e-11,-9.67879840936432e-11,5.51416698627371e-11,-3.99374353938042e-11,-1.21986207634425e-11,-1.2741233716213e-10,-3.96096874983781e-11,1.59183009704407e-10,1.32566095911622e-10,-1.43485703106829e-10,4.842814329865e-12,-1.31837081632762e-10,-9.34668048740491e-11,-2.24076459403092e-11,-3.23159818275627e-11,-1.83676331353046e-10,-9.76035220961989e-11,-6.74362990329623e-11,-1.21972617260241e-11,3.58144737411725e-11,-8.93169515330903e-11,8.63801921711468e-12,7.81388646628301e-11,-2.6859713275792e-11,1.79996922888332e-10,2.20098956047224e-11,3.94638987457037e-11,-1.51551506029457e-10,-9.44161077647837e-11,4.36981011443066e-12,-7.97255108524172e-11,-4.73750688508439e-11,-2.10843920109394e-11,-8.15856599894239e-11,1.51422963065399e-11,1.28097065679348e-11,-1.02717039037291e-10,1.16717619787113e-10,-2.29038211115569e-11,-1.39203612317113e-11,-3.31969135789875e-12,-1.11692414220782e-10,-3.91559437960469e-11,5.35724772220266e-11,8.06703644291351e-11,1.03083127201505e-10,4.49668660207088e-11,-7.66427395652963e-11,-2.8566485967881e-11,2.34439910741861e-10,1.26197041340887e-10,1.79396312367739e-10,1.51926016468293e-10,-1.0526905754677e-10,-5.96492981772893e-11,-2.19906800460979e-11,-3.24765477130166e-11,-1.43889177961261e-10,-4.39971767731096e-11,-7.19447804150851e-11,1.4286255753911e-10,6.87346805100869e-11,8.53513558251512e-11,-2.50194841177682e-10,5.03708852862291e-11,5.72839152293965e-11,-4.47894874701962e-11,-1.25244475702035e-10,-3.13126637247983e-11,1.49969527668967e-11,1.30042129826589e-11,-3.02723633170366e-10,4.903159814402e-11,-4.7395446827046e-11,-1.01453907070145e-10,3.11091278125363e-11,-3.63788169537556e-11,6.75107837320491e-11,-1.91579101368968e-11,6.27031504507943e-11,-1.7836929024261e-10,-8.36386355618049e-11,1.08874277429419e-10,-1.02429976309921e-10,-7.92391214315741e-11,7.26390927801835e-11,1.52743689870153e-10,-1.49921422038702e-12,-1.26788887470181e-10,-8.56234064353525e-11,9.54950844054283e-12,1.25774978888957e-10,-2.98718263071119e-11,1.07974646344313e-11,-1.50995559889111e-11,-1.15137893336265e-10,1.11073176159926e-10,-4.75814612978143e-11,-1.00371208265846e-10,-2.14737376541564e-10,-6.6790147406952e-11,-9.46015341146072e-11,-1.00465008050957e-11,-2.81408093861523e-11,4.2061109860396e-11,9.77399237862134e-11,1.75736005629846e-10,-8.53167564257454e-11,5.64257060677504e-11,1.93141066261387e-10,-7.00771235650292e-11,1.17679477183954e-10,5.97066869272943e-11,-1.19101618411591e-10,-7.01643079405001e-11,-8.70978106032677e-11,5.35539597000308e-11,-6.39315929271326e-11,-1.39683717547864e-10,1.24817764090051e-10,-1.05961996746872e-10,-2.94567389371756e-12,-2.96488441478233e-11,-3.87478684016151e-11,-6.31454388795994e-11,5.34323092036008e-11,1.21705424756338e-11,1.38872074469323e-10,1.45779065804255e-10,2.18556170425005e-10,-5.9552864189768e-12,7.17778490576355e-12,1.54629890532643e-10,8.20228269212709e-11,1.94460662982293e-11,1.20757419446795e-11,-1.26328069186737e-10,-6.98325979062326e-11,3.28203117936153e-11,-3.0459327725919e-11,1.79984004161176e-10,3.39536918619776e-11,5.79986721617494e-11,-1.54350895346657e-10,-6.66927936029006e-11,-4.62503609310802e-11,-5.65325739246548e-11,1.06071493054801e-10,1.72630827513596e-10,1.05314917237484e-11,-1.48289358597828e-10,8.96821634730077e-11,-4.46025023452832e-11,1.89394791738374e-10,-7.45603326679223e-11,-5.69154195979144e-11,-8.43361880021799e-11,5.65948622485724e-12,-2.15005896254375e-10,8.06821725409548e-12,-5.66659082022432e-11,-2.84720400807932e-11,-1.52258794434472e-10,4.78874445482573e-11,1.88165903648463e-10,-5.97984569046129e-11,-1.19264206859987e-10,-1.11344989843608e-10,-8.39473269812434e-11,2.36582718764818e-10,-1.58345418038925e-10,-4.5485164048094e-11,2.09531609169376e-11,1.35532473413131e-10,-1.85309026332269e-10,-1.13789826681298e-10,4.59744465158545e-11,9.64566716295117e-11,-4.44812604940833e-11,2.24606599764302e-10,-7.79097055096134e-11,4.3662232391734e-11,1.71610525365055e-11,8.67577825421115e-11,-2.9306951404592e-10,-9.17345392443001e-11,2.60096202326181e-11,4.00253155129774e-10,5.43593012959717e-10,7.17813953569234e-10,9.25133827634261e-10,1.2345229653316e-09,1.75335807787657e-09,2.30912353363397e-09,3.48978233540074e-09,4.88983054742046e-09,8.08366979692523e-09
