v,0.25
Patm,100000
g,9.81
r,500
G,10^10.77
rho,2700
mu,10^2.17
rc,23
 
M,10^5.41
sigma,0.25
 
tilt_erupt,7.9448nrad
 
-1417,-1416,-1415,-1414,-1413,-1412,-1411,-1410,-1409,-1408,-1407,-1406,-1405,-1404,-1403,-1402,-1401,-1400,-1399,-1398,-1397,-1396,-1395,-1394,-1393,-1392,-1391,-1390,-1389,-1388,-1387,-1386,-1385,-1384,-1383,-1382,-1381,-1380,-1379,-1378,-1377,-1376,-1375,-1374,-1373,-1372,-1371,-1370,-1369,-1368,-1367,-1366,-1365,-1364,-1363,-1362,-1361,-1360,-1359,-1358,-1357,-1356,-1355,-1354,-1353,-1352,-1351,-1350,-1349,-1348,-1347,-1346,-1345,-1344,-1343,-1342,-1341,-1340,-1339,-1338,-1337,-1336,-1335,-1334,-1333,-1332,-1331,-1330,-1329,-1328,-1327,-1326,-1325,-1324,-1323,-1322,-1321,-1320,-1319,-1318,-1317,-1316,-1315,-1314,-1313,-1312,-1311,-1310,-1309,-1308,-1307,-1306,-1305,-1304,-1303,-1302,-1301,-1300,-1299,-1298,-1297,-1296,-1295,-1294,-1293,-1292,-1291,-1290,-1289,-1288,-1287,-1286,-1285,-1284,-1283,-1282,-1281,-1280,-1279,-1278,-1277,-1276,-1275,-1274,-1273,-1272,-1271,-1270,-1269,-1268,-1267,-1266,-1265,-1264,-1263,-1262,-1261,-1260,-1259,-1258,-1257,-1256,-1255,-1254,-1253,-1252,-1251,-1250,-1249,-1248,-1247,-1246,-1245,-1244,-1243,-1242,-1241,-1240,-1239,-1238,-1237,-1236,-1235,-1234,-1233,-1232,-1231,-1230,-1229,-1228,-1227,-1226,-1225,-1224,-1223,-1222,-1221,-1220,-1219,-1218,-1217,-1216,-1215,-1214,-1213,-1212,-1211,-1210,-1209,-1208,-1207,-1206,-1205,-1204,-1203,-1202,-1201,-1200,-1199,-1198,-1197,-1196,-1195,-1194,-1193,-1192,-1191,-1190,-1189,-1188,-1187,-1186,-1185,-1184,-1183,-1182,-1181,-1180,-1179,-1178,-1177,-1176,-1175,-1174,-1173,-1172,-1171,-1170,-1169,-1168,-1167,-1166,-1165,-1164,-1163,-1162,-1161,-1160,-1159,-1158,-1157,-1156,-1155,-1154,-1153,-1152,-1151,-1150,-1149,-1148,-1147,-1146,-1145,-1144,-1143,-1142,-1141,-1140,-1139,-1138,-1137,-1136,-1135,-1134,-1133,-1132,-1131,-1130,-1129,-1128,-1127,-1126,-1125,-1124,-1123,-1122,-1121,-1120,-1119,-1118,-1117,-1116,-1115,-1114,-1113,-1112,-1111,-1110,-1109,-1108,-1107,-1106,-1105,-1104,-1103,-1102,-1101,-1100,-1099,-1098,-1097,-1096,-1095,-1094,-1093,-1092,-1091,-1090,-1089,-1088,-1087,-1086,-1085,-1084,-1083,-1082,-1081,-1080,-1079,-1078,-1077,-1076,-1075,-1074,-1073,-1072,-1071,-1070,-1069,-1068,-1067,-1066,-1065,-1064,-1063,-1062,-1061,-1060,-1059,-1058,-1057,-1056,-1055,-1054,-1053,-1052,-1051,-1050,-1049,-1048,-1047,-1046,-1045,-1044,-1043,-1042,-1041,-1040,-1039,-1038,-1037,-1036,-1035,-1034,-1033,-1032,-1031,-1030,-1029,-1028,-1027,-1026,-1025,-1024,-1023,-1022,-1021,-1020,-1019,-1018,-1017,-1016,-1015,-1014,-1013,-1012,-1011,-1010,-1009,-1008,-1007,-1006,-1005,-1004,-1003,-1002,-1001,-1000,-999,-998,-997,-996,-995,-994,-993,-992,-991,-990,-989,-988,-987,-986,-985,-984,-983,-982,-981,-980,-979,-978,-977,-976,-975,-974,-973,-972,-971,-970,-969,-968,-967,-966,-965,-964,-963,-962,-961,-960,-959,-958,-957,-956,-955,-954,-953,-952,-951,-950,-949,-948,-947,-946,-945,-944,-943,-942,-941,-940,-939,-938,-937,-936,-935,-934,-933,-932,-931,-930,-929,-928,-927,-926,-925,-924,-923,-922,-921,-920,-919,-918,-917,-916,-915,-914,-913,-912,-911,-910,-909,-908,-907,-906,-905,-904,-903,-902,-901,-900,-899,-898,-897,-896,-895,-894,-893,-892,-891,-890,-889,-888,-887,-886,-885,-884,-883,-882,-881,-880,-879,-878,-877,-876,-875,-874,-873,-872,-871,-870,-869,-868,-867,-866,-865,-864,-863,-862,-861,-860,-859,-858,-857,-856,-855,-854,-853,-852,-851,-850,-849,-848,-847,-846,-845,-844,-843,-842,-841,-840,-839,-838,-837,-836,-835,-834,-833,-832,-831,-830,-829,-828,-827,-826,-825,-824,-823,-822,-821,-820,-819,-818,-817,-816,-815,-814,-813,-812,-811,-810,-809,-808,-807,-806,-805,-804,-803,-802,-801,-800,-799,-798,-797,-796,-795,-794,-793,-792,-791,-790,-789,-788,-787,-786,-785,-784,-783,-782,-781,-780,-779,-778,-777,-776,-775,-774,-773,-772,-771,-770,-769,-768,-767,-766,-765,-764,-763,-762,-761,-760,-759,-758,-757,-756,-755,-754,-753,-752,-751,-750,-749,-748,-747,-746,-745,-744,-743,-742,-741,-740,-739,-738,-737,-736,-735,-734,-733,-732,-731,-730,-729,-728,-727,-726,-725,-724,-723,-722,-721,-720,-719,-718,-717,-716,-715,-714,-713,-712,-711,-710,-709,-708,-707,-706,-705,-704,-703,-702,-701,-700,-699,-698,-697,-696,-695,-694,-693,-692,-691,-690,-689,-688,-687,-686,-685,-684,-683,-682,-681,-680,-679,-678,-677,-676,-675,-674,-673,-672,-671,-670,-669,-668,-667,-666,-665,-664,-663,-662,-661,-660,-659,-658,-657,-656,-655,-654,-653,-652,-651,-650,-649,-648,-647,-646,-645,-644,-643,-642,-641,-640,-639,-638,-637,-636,-635,-634,-633,-632,-631,-630,-629,-628,-627,-626,-625,-624,-623,-622,-621,-620,-619,-618,-617,-616,-615,-614,-613,-612,-611,-610,-609,-608,-607,-606,-605,-604,-603,-602,-601,-600,-599,-598,-597,-596,-595,-594,-593,-592,-591,-590,-589,-588,-587,-586,-585,-584,-583,-582,-581,-580,-579,-578,-577,-576,-575,-574,-573,-572,-571,-570,-569,-568,-567,-566,-565,-564,-563,-562,-561,-560,-559,-558,-557,-556,-555,-554,-553,-552,-551,-550,-549,-548,-547,-546,-545,-544,-543,-542,-541,-540,-539,-538,-537,-536,-535,-534,-533,-532,-531,-530,-529,-528,-527,-526,-525,-524,-523,-522,-521,-520,-519,-518,-517,-516,-515,-514,-513,-512,-511,-510,-509,-508,-507,-506,-505,-504,-503,-502,-501,-500,-499,-498,-497,-496,-495,-494,-493,-492,-491,-490,-489,-488,-487,-486,-485,-484,-483,-482,-481,-480,-479,-478,-477,-476,-475,-474,-473,-472,-471,-470,-469,-468,-467,-466,-465,-464,-463,-462,-461,-460,-459,-458,-457,-456,-455,-454,-453,-452,-451,-450,-449,-448,-447,-446,-445,-444,-443,-442,-441,-440,-439,-438,-437,-436,-435,-434,-433,-432,-431,-430,-429,-428,-427,-426,-425,-424,-423,-422,-421,-420,-419,-418,-417,-416,-415,-414,-413,-412,-411,-410,-409,-408,-407,-406,-405,-404,-403,-402,-401,-400,-399,-398,-397,-396,-395,-394,-393,-392,-391,-390,-389,-388,-387,-386,-385,-384,-383,-382,-381,-380,-379,-378,-377,-376,-375,-374,-373,-372,-371,-370,-369,-368,-367,-366,-365,-364,-363,-362,-361,-360,-359,-358,-357,-356,-355,-354,-353,-352,-351,-350,-349,-348,-347,-346,-345,-344,-343,-342,-341,-340,-339,-338,-337,-336,-335,-334,-333,-332,-331,-330,-329,-328,-327,-326,-325,-324,-323,-322,-321,-320,-319,-318,-317,-316,-315,-314,-313,-312,-311,-310,-309,-308,-307,-306,-305,-304,-303,-302,-301,-300,-299,-298,-297,-296,-295,-294,-293,-292,-291,-290,-289,-288,-287,-286,-285,-284,-283,-282,-281,-280,-279,-278,-277,-276,-275,-274,-273,-272,-271,-270,-269,-268,-267,-266,-265,-264,-263,-262,-261,-260,-259,-258,-257,-256,-255,-254,-253,-252,-251,-250,-249,-248,-247,-246,-245,-244,-243,-242,-241,-240,-239,-238,-237,-236,-235,-234,-233,-232,-231,-230,-229,-228,-227,-226,-225,-224,-223,-222,-221,-220,-219,-218,-217,-216,-215,-214,-213,-212,-211,-210,-209,-208,-207,-206,-205,-204,-203,-202,-201,-200,-199,-198,-197,-196,-195,-194,-193,-192,-191,-190,-189,-188,-187,-186,-185,-184,-183,-182,-181,-180,-179,-178,-177,-176,-175,-174,-173,-172,-171,-170,-169,-168,-167,-166,-165,-164,-163,-162,-161,-160,-159,-158,-157,-156,-155,-154,-153,-152,-151,-150,-149,-148,-147,-146,-145,-144,-143,-142,-141,-140,-139,-138,-137,-136,-135,-134,-133,-132,-131,-130,-129,-128,-127,-126,-125,-124,-123,-122,-121,-120,-119,-118,-117,-116,-115,-114,-113,-112,-111,-110,-109,-108,-107,-106,-105,-104,-103,-102,-101,-100,-99,-98,-97,-96,-95,-94,-93,-92,-91,-90,-89,-88,-87,-86,-85,-84,-83,-82,-81,-80,-79,-78,-77,-76,-75,-74,-73,-72,-71,-70,-69,-68,-67,-66,-65,-64,-63,-62,-61,-60,-59,-58,-57,-56,-55,-54,-53,-52,-51,-50,-49,-48,-47,-46,-45,-44,-43,-42,-41,-40,-39,-38,-37,-36,-35,-34,-33,-32,-31,-30,-29,-28,-27,-26,-25,-24,-23,-22,-21,-20,-19,-18,-17,-16,-15,-14,-13,-12,-12,-11,-10,-9,-8,-7,-6,-5,-4,-3,-2,-1,0
-2.118238572895e-10,-4.04530740731619e-10,1.24201777333478e-10,2.92310574020212e-11,-1.3276932172407e-10,-2.18496491107086e-10,3.33601055821663e-10,2.78214687249624e-10,1.82523133544202e-10,2.4697549395177e-10,7.21160119237327e-11,6.13753654855409e-11,-3.16993354176148e-10,-1.01106824767209e-10,-7.86575362101146e-11,-2.08399468087312e-10,-2.6969104873017e-10,-3.45807061950855e-11,-2.8379583209761e-10,-9.27781173833868e-11,6.15011544946077e-10,-2.04512600300419e-10,-1.43497150103407e-11,-3.21031268037454e-10,2.39884984316105e-10,4.69520100675268e-10,-3.58842177330035e-10,1.17153037666882e-10,-3.33341550116629e-10,2.87134597185977e-10,-2.89749799583598e-10,4.61838147713077e-11,-3.064493242495e-11,-1.62028625109951e-10,8.26675616275613e-11,1.39984526778755e-10,3.83499014780971e-10,6.05307766776448e-11,2.23840741283024e-10,-9.85263645209666e-11,1.65886859425402e-10,1.78763101190364e-10,9.42638090537792e-11,1.23928945235282e-10,-4.28470495301151e-10,-2.32856114121246e-10,2.33872724779961e-10,5.80824600521161e-10,-2.81090165933025e-11,-1.78260816917245e-10,6.01952035711507e-12,2.77163697287588e-10,7.48767971575366e-11,5.93044554206162e-11,-6.98454101568634e-11,-1.89319039230338e-10,-2.10003678014503e-11,-4.33313213566246e-10,-3.79391903123009e-10,4.07253882044795e-10,2.88176800767105e-11,-5.86582062733137e-11,4.5397019325625e-10,-2.10415596015031e-10,-3.44224481080669e-10,-2.90764955348045e-10,-4.51580123335789e-11,5.98578448324425e-11,-2.25946227713173e-10,2.02370260199999e-10,-1.92552398447644e-10,-3.01082513308444e-10,1.44720652110158e-10,-2.83911429322096e-11,-1.98475524194747e-10,7.38593114845641e-13,3.11500051616333e-10,-2.80976504439731e-10,-1.91062560633793e-10,-9.10818621616295e-11,-2.85191287571994e-10,-1.07207371806348e-10,-4.4801154354833e-10,-1.47075200072057e-10,-1.62488876727872e-10,1.31862654076461e-10,-5.34590556659064e-11,2.32856412280098e-12,2.81989461731191e-11,-8.80791188197967e-12,7.80912843188083e-11,2.30314618854447e-10,-2.87552333938658e-10,-3.42362178553746e-10,-2.44885595006037e-10,-1.15755264820102e-10,2.65389873517052e-11,5.53824401723981e-10,3.72491640733813e-11,4.85311349226555e-10,1.1405852223813e-10,-6.99406121136064e-11,-1.16872116949294e-10,4.7632584750751e-10,-2.34894221498322e-10,3.36466518121495e-10,2.43546456864536e-10,3.17158163063554e-10,2.24275887961795e-10,2.93330782215172e-10,-2.31440674632201e-10,-1.38838167113605e-10,6.09419416794936e-11,-2.4835706994354e-10,-6.3718516778132e-11,5.59773309427861e-11,1.27634535473723e-10,6.82864292583279e-11,4.99448444765104e-11,-1.75567104990341e-11,2.300020600477e-10,7.33540493791707e-11,3.21257672506902e-10,8.11576398455592e-11,-2.06480756179472e-11,-1.52107268847752e-10,5.63068909263416e-10,-4.26388415749353e-11,-1.3012729178332e-10,1.45035889985409e-10,6.02486120177672e-11,5.28008416299965e-10,-3.36778328089005e-10,1.73346924276136e-10,-5.9982173254108e-11,-1.20074845859646e-10,-2.81492738057469e-10,-5.79351794197548e-11,-2.35602630521199e-10,-3.96589795059121e-10,-2.62713870430892e-10,2.51883413846396e-10,-1.39291465616983e-12,-4.85794873452397e-11,2.01618908886687e-11,3.28456887610421e-11,5.54908467142541e-10,2.9343440126335e-10,-3.34575614648001e-10,-2.22366145241737e-10,2.48297734177563e-10,-1.98620723996428e-10,-5.58271420056151e-11,-1.37406200982305e-11,3.1620666733653e-10,1.90659244682628e-10,-2.99137239049034e-10,8.12761262579632e-11,2.10932649839642e-11,-2.76987191812164e-10,-4.55163721820389e-11,-2.16261752580884e-10,-1.20460966796711e-10,-5.04732427578525e-10,-2.29831385074705e-11,-4.9010618066464e-10,-3.06900288062779e-10,-1.75622998308684e-10,-3.64165790063071e-10,-1.00818574413238e-10,1.80372885397207e-10,1.77739248105398e-10,1.07602713160128e-10,-3.51489349782467e-10,-1.63883730198295e-10,-1.18407265785815e-10,-4.49115928729043e-12,1.90443184965973e-10,-3.84571586676592e-10,-4.58350096245137e-10,3.08199867678823e-10,-4.20689890492546e-11,-3.80495049558727e-10,-2.4960804464291e-10,-3.89197645678017e-11,-2.24907536651538e-10,-4.47863690705999e-11,-7.53159256435971e-11,-2.41913334444401e-11,2.30833712092601e-10,4.3495119890047e-10,4.25420634074093e-10,5.37290142892292e-11,-2.10487351024539e-10,4.10437813495782e-11,2.80908261439955e-10,-7.52290092267467e-11,-1.27904908153671e-10,1.83375426098288e-10,9.01792024487614e-11,-1.65992567120487e-11,-3.24932960448997e-11,-2.24050741562968e-10,-2.17297728631126e-10,-1.38538942786915e-10,-4.55846329501142e-10,-1.09209405643106e-10,-1.76220743376524e-10,-1.46191422788372e-10,-9.74891987873957e-11,-2.2823354823553e-10,-4.24924150041094e-11,-1.86958410063376e-10,-1.32458170879757e-10,-1.47817162728114e-10,-1.22548276133044e-10,6.21156914192438e-11,-2.94676294234737e-10,2.53947097105514e-10,-2.98402895406869e-10,1.27313796038377e-11,-1.53866781709228e-10,-4.80630223983371e-10,-2.32572466472011e-10,3.42676717314282e-10,1.40306777419687e-10,9.74460571666356e-11,3.03104459864004e-10,-2.64329372368945e-10,2.21325981871087e-11,6.25775783848652e-10,-8.32030455656209e-11,1.67210305214004e-10,5.32737440495662e-10,-5.25231113141646e-10,-4.91184424667731e-11,-6.91317707635244e-11,1.59654582089208e-10,-1.2894193176228e-10,-1.10410735464779e-10,-4.1957104200286e-10,-1.231127436606e-10,-2.91818817011382e-10,1.18309474218528e-10,-7.10038006949774e-11,-3.05508977916145e-11,2.68846942068155e-10,-7.47744624178592e-10,-9.33649602485522e-11,-4.03502267764213e-10,-3.37600469793022e-10,2.20785618900017e-10,4.47604640787487e-10,3.60670649935051e-10,1.3715269996673e-10,-2.5416238948306e-10,-1.4926195924265e-10,-1.17522051348704e-10,1.71307320287078e-10,3.48632032524283e-10,2.78959814973649e-10,7.09972805751474e-13,-2.45494361787616e-10,5.12087460028358e-11,3.36720538127772e-10,-9.09737044152421e-11,-1.7283152944591e-10,2.87333114181764e-10,1.77191695206323e-10,1.84983246297069e-10,-1.2716316933512e-10,4.46733551724598e-11,4.52175010090294e-10,5.48901819830529e-10,-1.32958745721008e-11,-1.48915484682678e-10,4.69641956115878e-11,-2.30078392013148e-10,1.5076371020151e-10,-2.02174309106886e-10,3.86412751443994e-10,1.9083525167834e-10,-3.52841722387591e-11,-1.56356059613084e-10,3.24123139942727e-10,-9.95892653009136e-11,2.60595208226852e-10,-2.47655061696368e-10,1.76597116202157e-10,-1.59255900591276e-10,-1.22833629025038e-10,2.78959100683532e-10,-1.64544420690296e-10,5.41075667542872e-10,3.92197139705453e-11,1.49699340120983e-10,-2.89903067767556e-10,1.69646135090285e-10,4.01088426871426e-10,-3.51123186995463e-10,1.60061637413386e-10,5.91458786670376e-11,4.13713791879807e-13,-7.67119358793162e-11,1.74678966419422e-10,-2.70075903749587e-11,3.92678079878726e-10,-1.62670179228076e-10,1.33805801210128e-10,-4.78400786981846e-10,1.82652984162454e-10,-2.14934347015928e-10,-5.22933215771548e-10,3.8136550762358e-12,9.74546589229639e-11,-5.27561905173286e-10,-1.67649399246331e-10,-7.18014206793016e-11,-1.15742788664997e-10,-1.75561841365104e-10,-3.07844089830901e-10,-2.79780433968102e-10,2.06553008325705e-10,1.24223627141236e-10,4.11041462476864e-10,-1.70585027586467e-11,2.82611452601875e-10,-1.4818141913396e-10,1.8837050963009e-10,-3.49248984221292e-10,-2.74495116263491e-10,-5.14261325623613e-10,1.07669088544359e-10,-4.20601840144736e-10,-1.5183517781694e-10,-2.05119854166574e-10,-2.48410820124138e-10,-5.85456936092196e-10,4.53334348244177e-12,2.98786967414672e-10,4.09130832129812e-11,-1.74376318032421e-10,-5.70756699315452e-10,4.44312753735332e-10,4.80271143581879e-11,1.4136582399929e-10,2.07567920408692e-10,2.15203584622659e-10,-3.89203014574047e-11,-4.88829560750065e-10,-5.68518469838469e-11,4.75601819501967e-11,-2.57213730592479e-10,-3.44673390942993e-10,2.53331814507778e-11,-2.36782047733087e-10,2.5121284998842e-10,2.26262142632712e-10,1.42559921960076e-10,2.63813977544043e-10,7.08377770982056e-11,1.15927191934944e-11,-3.98039342526023e-10,-1.14742677657465e-10,-2.23646344114169e-10,-2.34590779041106e-10,1.62994316994925e-10,-3.38037346842762e-10,4.53531654903609e-10,3.51081900215659e-10,-3.34065745167227e-10,3.82397029441512e-10,6.09631555680115e-11,-1.01277490465758e-10,-2.83965098728388e-10,1.52441583771089e-10,-1.88118111327935e-10,-3.88206395372497e-10,-2.5287125970253e-11,-1.474500922915e-10,4.01176057477023e-10,1.17780371352834e-10,-1.8467255048347e-10,-2.50853333717434e-10,2.75281050311188e-10,-1.41801215636294e-10,-3.44440043813314e-10,-1.41037902773597e-10,-1.21226560701083e-10,2.6915898893925e-10,-1.46808247029454e-10,-1.14827396123371e-10,3.69154745730102e-10,-1.67864439410325e-10,2.83124235389181e-10,-2.87945220136333e-11,-4.00726506326852e-10,-3.17832092024018e-11,2.74365567541694e-10,1.59184412252685e-10,-5.15113114469019e-12,-2.84584003194947e-11,-1.85374389563935e-10,-2.51615349451237e-10,-4.04200059491142e-10,-4.14400258166083e-11,1.77391064068855e-10,4.2745539533838e-11,-2.24755381153674e-10,1.79930148665717e-10,1.60256369499854e-10,-2.88075652086127e-10,-2.73636341194309e-10,-4.52435392640696e-10,-2.64060961411258e-10,-4.83409663865974e-10,-2.40593917221659e-11,1.93917953698395e-10,1.81363748478425e-10,-6.69182989823802e-11,1.29419017447073e-10,1.28444957856631e-11,7.42539344773783e-11,-5.93211305673783e-10,5.96300912217065e-10,-2.94948655526969e-10,5.26246301466699e-11,3.24675627086979e-10,2.69709809542289e-11,-4.45722461253588e-10,-4.53306278133675e-10,2.18569355988576e-10,1.68969334071341e-10,-7.35420497495704e-11,6.58042087851433e-11,7.90244552302023e-11,6.6654200233588e-10,2.39388386463504e-11,-4.33900564909285e-10,1.58438483887615e-10,1.10247267425353e-10,2.86700290477361e-10,2.3817280728246e-10,2.78943863192338e-10,-1.08240600379587e-10,3.11167948983966e-10,8.53110827718745e-11,-1.12328094264912e-10,-2.01629595028412e-10,2.15330190257603e-10,1.23679767680616e-10,6.50597624438276e-11,-4.14228590310646e-10,2.14161535883844e-10,7.16059152451518e-11,-3.51417179098027e-10,4.70250251427042e-10,2.30299015819429e-10,-1.80452337025057e-10,-5.71076944548277e-11,-1.94551115222297e-10,-1.98539286335145e-10,-2.6615611563325e-10,4.31193709904994e-10,-3.8052276306092e-10,4.82249311996254e-10,-2.1103127324071e-11,9.73997781787828e-11,5.53519089272601e-10,3.51487951003e-10,3.93429142930492e-10,3.71473173908512e-10,-3.15975796291364e-10,6.39074581619944e-11,9.09219657156424e-12,1.76688376615863e-10,-2.55932232585136e-10,-1.27305828464668e-10,4.24773152019843e-11,-2.02815122618871e-10,6.07913750143102e-11,-1.31407067307763e-10,3.08873640743436e-10,1.81281424261657e-10,-1.43143703336257e-10,1.30806372915473e-10,-2.30041850616868e-10,1.60217292551462e-10,2.11348544289805e-10,2.30398572398977e-10,1.97690966435041e-10,-1.77776699703894e-10,-9.64417306609308e-11,-2.84500822532143e-10,1.74504879560703e-10,-5.31666792869359e-12,-1.59099466274819e-10,-4.27687982746796e-11,1.70658952762304e-10,4.35685340280261e-10,-8.51758205671014e-11,3.43451163228282e-10,3.7669496601256e-10,1.37266055671557e-11,-1.0794187808521e-10,-1.97747514141887e-10,2.30461737943835e-10,7.64071692904781e-11,-1.83327778120298e-11,1.561357711041e-11,-1.16683752894235e-10,2.9974737639472e-10,2.22953673565513e-10,1.26872368461373e-10,3.49669174278525e-11,-2.25701057142603e-10,4.07353968802099e-10,3.17552884308252e-11,-8.20629882421162e-11,5.22958459424659e-11,-4.73358960342338e-10,2.52134453258847e-10,7.04810856793756e-11,4.16871986867305e-10,8.46628480051111e-11,-2.37409064064099e-11,2.21829117233221e-10,-3.17177163909209e-10,-1.56747183441685e-10,-2.6161791728056e-10,-6.08086738706222e-11,-1.62840135110404e-10,3.90162470358437e-10,-1.13672415409338e-10,-1.55538900097679e-10,-8.94533673249605e-11,3.63617835790835e-11,-1.04439260052583e-10,-6.2009769277022e-10,-2.22511160486468e-10,-1.24653276041927e-11,1.67044392311761e-10,3.47540461027899e-10,-1.24817739474023e-10,5.97803138561614e-10,3.20759035700787e-10,-1.5674067105919e-10,-1.2102299739369e-10,-2.70070178977561e-10,-2.08267753177002e-10,-2.52381645238745e-11,5.89504989260697e-10,-1.89206281970555e-10,3.7246201928279e-11,-4.48878941247848e-11,-1.82464316442938e-10,-2.4105900761215e-10,4.87992044982205e-11,3.25188301901318e-10,1.29747566496123e-11,4.08023399540184e-11,-9.94994756698248e-11,-1.41950925029904e-10,-3.29978176494446e-10,6.22285260387562e-10,-1.84653167329354e-10,2.27573921228442e-10,2.46369929002264e-10,5.90248613106189e-11,-2.73595410084448e-10,3.3360621505688e-10,-1.95566702787612e-10,5.7579658075643e-10,-3.75143000812013e-10,2.39408018679532e-10,-2.0108251648938e-11,3.94267570169291e-10,-2.37319624969103e-10,-3.80636345629004e-10,2.34510732096225e-10,-2.04704382733753e-10,4.07872471061488e-10,3.43979871116594e-11,1.80773625813392e-10,5.52550921614779e-11,-8.07626599283879e-11,1.95331803844629e-10,2.86011040927951e-10,1.25029288373432e-10,-1.26366551382207e-10,-2.33621405605621e-10,4.65132868062837e-10,9.74181622092673e-11,-8.67378985521255e-12,5.68074048583065e-11,-5.80756048292651e-11,4.00803716018047e-10,-1.61958350699417e-10,8.37293619145486e-11,-1.89861877420618e-10,2.46405750337268e-10,3.46281665604762e-11,-6.90171587243497e-11,1.72364966911146e-10,2.1847031175848e-11,3.66407301093362e-10,-2.49115990223302e-10,3.24076302576101e-10,5.1751823491931e-11,1.12672025661134e-10,2.04969014838975e-10,1.22444460531773e-10,1.43743693127843e-11,-3.54490275148653e-10,3.79863037341262e-11,-1.51139940146931e-10,-3.27301209660245e-12,-2.55864691319834e-10,7.41430831848175e-10,9.86870542831362e-11,-2.15547526991431e-10,2.46218160446102e-10,1.54737023250253e-10,-2.1507848297237e-10,5.16161604048567e-11,5.54160784334807e-10,-1.50193157023068e-10,-5.64567984521308e-12,6.81647809247565e-10,-3.88784450654981e-10,-2.3378014968732e-10,-4.52733102638146e-11,9.33787561602672e-12,2.41928920546204e-10,-3.06139310551833e-11,-1.93656622800738e-10,-2.41545252516264e-11,-1.62789379256393e-10,-1.70954858375077e-10,5.50683970898016e-10,-4.32476307235844e-10,-2.36563576712155e-10,-2.55231183957093e-11,3.09743043358231e-11,4.62041424722652e-11,2.00695458171593e-10,4.61516044069946e-10,2.46652911645525e-10,4.30112392177448e-10,3.08544268141207e-10,1.6541924412723e-10,-4.8997958705461e-10,-3.73695203655598e-10,-3.9369813808206e-10,-1.93962954419866e-10,-7.85660226207826e-10,2.23053971399792e-10,2.25884674120852e-10,4.01241603485632e-11,-2.08991939066348e-10,-2.30576029993273e-11,-9.50188483268185e-11,1.64973338395434e-10,4.70794629078428e-10,1.3870656960272e-10,-1.73262842674816e-11,2.38892698877655e-10,-3.13119180762397e-11,3.47477084214697e-10,-2.27554683037003e-10,2.50067605922342e-11,-7.6163845864878e-11,-3.90256238495682e-10,2.52000528247097e-11,-1.98319051626493e-10,-5.4553757888603e-12,8.33792033051031e-12,-1.07529649316158e-10,-9.20512928030686e-12,-3.42400030396474e-10,1.86356462487029e-10,-1.61807000128817e-10,2.55875423729101e-10,1.43850580516693e-10,-1.85969015338986e-10,-4.73289373293866e-10,4.04776423459099e-10,1.47310286204952e-10,-9.42482239478721e-11,2.66680211769503e-10,7.82766770320414e-10,-1.27182443282468e-10,-1.18114344574626e-10,1.10203534495062e-10,-9.6331277759676e-11,7.18135023167948e-11,1.62915811874583e-10,8.57009190267333e-11,-7.45310979774433e-11,1.27631138077886e-10,-5.47915167776846e-11,1.95234908627183e-10,-2.01091430486794e-10,-4.40402701202388e-11,-3.99002778668946e-10,4.20650095258327e-10,5.16701062039441e-10,2.19592772226218e-10,2.19613055541012e-10,-2.82845485160729e-10,1.4303793924865e-10,-1.83918197322896e-10,1.91831692185028e-11,-2.96331890617238e-10,-3.11931533627869e-10,1.86789603176206e-10,-1.54974805083258e-10,-2.14334800767785e-10,1.50363359546833e-11,4.69560400840729e-11,1.28769880068387e-10,-7.931271230283e-11,-2.40130773808806e-10,5.00784642313693e-10,-4.14100144929747e-11,-5.80297478228549e-11,-2.43521692072988e-10,-1.92571485073837e-10,-3.49615250262022e-10,-1.78167652411006e-10,-4.55449652217206e-10,-4.91570526104255e-10,2.60071154820481e-10,4.38366296330959e-10,-1.1390054959893e-10,-1.97921203167267e-10,-6.28903586583059e-11,3.58384592910752e-11,-5.47187562608801e-11,1.2251995787086e-10,-5.94734052363259e-10,3.01189418956988e-10,-5.54609271420958e-10,-1.67536239612497e-10,7.54308352769175e-12,1.09713860009193e-10,2.98313767429356e-10,-5.27358159175118e-11,-1.06987256884926e-10,2.24286490282304e-10,-2.44954881494398e-10,-2.52677014224838e-10,-3.33166082602402e-10,3.77938360647265e-10,6.98705563896602e-11,-5.69929920384167e-10,2.2734142177469e-10,2.28381461596205e-10,8.00136082989673e-12,4.63153162338165e-12,1.15068976086345e-10,-3.37901702273165e-10,-3.38334877936171e-11,9.84794598621035e-11,-1.85001016070871e-11,-1.51665271693886e-10,-5.34661705780774e-10,-1.70868035072744e-10,-7.75921259764899e-11,-1.83798726345714e-10,2.16868318141479e-10,-4.94157562332655e-10,7.79218459196905e-11,-3.58510333834209e-10,-1.82672260868382e-10,-6.7314684320411e-11,9.6882680555457e-11,-1.93395824503727e-10,2.37565599184958e-10,-2.26470107555593e-10,-4.25115629412732e-10,-2.63325411543387e-10,4.92332091929921e-11,4.65123728814019e-10,1.87946499761471e-10,3.20746565370593e-10,1.03972299162761e-10,2.98246895668022e-12,-6.48341332659922e-12,-2.18380451560264e-10,2.95359887820489e-10,-2.59570039025054e-10,1.9367251943404e-10,8.7128620277418e-11,-3.26219966453235e-10,-4.68098664592026e-11,3.30715020243298e-11,-2.64127551535442e-10,1.19158618037285e-10,-6.89747221954113e-11,-3.57457122026517e-10,-2.18099027988326e-10,-1.62236425723055e-10,2.53377127798435e-10,3.31531221204472e-10,5.23705190986997e-11,3.79744383071562e-10,-3.26404929081448e-10,-1.98709841698077e-11,-1.0625089260869e-10,-1.46276376575967e-10,4.02830910670306e-10,-1.27144273190136e-10,-1.49192985816025e-10,5.0699613278103e-10,4.94760612446654e-10,1.25203736086146e-10,8.61332250528136e-11,-2.24555613570659e-10,2.43878808668244e-10,-4.46728933466415e-10,3.99559644462955e-10,-4.69261055534724e-11,-1.61334698190514e-10,-2.58097829544817e-10,5.5487776706159e-10,-1.55117357787406e-10,3.65710723099937e-10,1.49992193688426e-10,-3.7567935052325e-10,-2.63936668653886e-10,-3.12034756342741e-10,2.55051926669718e-11,2.73871486116368e-10,4.72577270169976e-10,-2.17043856183413e-10,4.8084382236879e-10,6.28229463833761e-11,2.08135017113715e-10,-7.06410043840761e-11,-2.18808209994737e-10,3.40369818535433e-10,1.1826851669609e-10,-5.89693701425471e-11,-2.19902891297137e-10,-9.80726603350379e-11,-3.72167959778428e-10,5.95172107783555e-11,2.1614128298437e-10,5.13589566093131e-11,-6.25951168296131e-10,1.10943936215685e-10,1.14280021550182e-10,-4.0023205583081e-11,4.57640250519634e-12,2.32752614734186e-10,-2.38877099635303e-10,-4.04382585064769e-10,1.04634791817163e-10,3.4295918862352e-11,-1.28804726343828e-10,1.4734907681659e-10,4.27626061553693e-11,6.7913346675986e-11,-2.35670667704887e-10,8.31182521779281e-11,-8.1094780168827e-11,8.19196449579594e-11,-3.1179492483293e-11,6.81173216287397e-11,2.21319208029442e-10,-3.60878862493955e-10,9.51918798442242e-11,1.61362206913223e-10,4.94048541928607e-11,4.88369425107084e-11,1.78436543881962e-10,-1.47121444595922e-10,-1.76027636561766e-10,2.61968204202134e-10,-1.73655795890801e-10,2.0198667349045e-10,-3.72989311646182e-10,-6.04058142770942e-12,-2.55723592232183e-10,4.82303477190375e-10,-3.91209585053909e-11,-2.54965820408823e-10,-2.8303153543929e-10,-1.6769020606451e-10,2.92069059058406e-10,-2.5460830799701e-10,2.00244043567307e-11,-1.46828601833857e-10,-2.66619232771022e-10,5.16615746589628e-10,-2.36972503326727e-12,8.35331250716862e-11,-6.52214920453335e-11,-2.88791580882098e-10,-6.01950989168999e-10,-3.72645780272669e-10,-2.89794795047003e-10,-1.45313964513533e-10,2.40035284655235e-10,2.65977476093023e-10,2.69084561028479e-10,3.35875029241909e-10,4.00249031669984e-11,-6.89003490741786e-11,-1.05234551032639e-10,-8.31907808342234e-11,7.52163989117323e-11,3.07671538021503e-10,5.40908680260589e-11,2.85893244253278e-10,1.80969647325813e-10,4.67077285350495e-11,-3.49662462332174e-10,6.45505502195494e-11,4.93074641594918e-10,-1.32118656693021e-10,-9.62480928802778e-11,-3.23681040048134e-11,4.44579377390998e-11,3.37157099679317e-10,1.16003265218131e-10,-2.58546318552524e-10,2.88077505641265e-10,8.50652123550733e-11,-3.99642419882506e-10,1.63875136366412e-11,-3.14600980427104e-10,-1.35548520056803e-10,-3.4264537421645e-10,-1.5131728783861e-10,-2.89559611426038e-10,-3.98205605924128e-10,-1.92181710546614e-10,1.42826143100986e-10,1.34166273742884e-11,-5.01092007049811e-10,2.01758589935772e-10,-2.53085006758507e-10,-3.56295302022323e-10,5.20038350159166e-11,3.81132163510536e-10,1.26663306180679e-11,1.03167878893761e-10,5.45819238707572e-11,-3.77646696868465e-10,1.27381711347213e-10,1.07577410442029e-10,3.46542994230788e-10,7.10574264377805e-11,-3.12178120070327e-10,5.81449571472596e-11,-3.07663595079179e-10,4.15347600509243e-10,-2.71409517366314e-10,1.73062325707942e-10,-1.86004464853585e-10,5.96640798659027e-10,2.01837266017654e-10,-2.43584295644553e-10,4.98114915906178e-11,1.92494583485292e-10,3.01097739444147e-11,-1.61794289552499e-10,-3.73808438287557e-10,-3.70698479273898e-10,7.11238281279751e-11,3.87151298999567e-10,2.4848055335389e-11,-4.56266513510051e-10,-1.25270010864671e-11,-1.12424212180434e-10,1.43736935807015e-10,-3.02572638745464e-10,3.16765515560723e-11,4.4264461976175e-11,-2.05410486760001e-10,2.58658328857473e-11,2.56933118215106e-10,1.52697507754773e-10,-2.12445238919424e-10,-7.7253943082065e-11,1.95812784870118e-11,2.16753764509491e-10,-7.03418190875269e-10,-5.209447228574e-11,-1.00593793227804e-10,2.01174746627883e-10,2.08009730973483e-10,9.43975109117292e-11,5.69324948360989e-10,-1.59477258660583e-10,-3.86597233920301e-10,2.0525431904764e-10,1.76066821637583e-10,-4.32779797695009e-10,3.34961977744079e-10,-8.95623178160737e-11,7.00947739861945e-11,-5.2344436580357e-11,-1.37873255772079e-10,4.97834590227805e-12,-2.09237424082329e-10,3.92755471374017e-10,2.94477205183233e-10,1.88520458980368e-11,2.9654210669465e-10,1.34833242578277e-10,-6.28666916294001e-10,-2.90071966562679e-11,1.26853087176603e-10,5.76577255676892e-11,-4.58185010021301e-10,-1.96837392438564e-10,3.01806241642682e-10,3.83551712448579e-10,9.10783518544115e-11,-6.85515826199045e-11,6.9966045289699e-12,-1.88338076162376e-10,1.8168662568907e-10,-1.89489003521244e-10,2.80744845385934e-10,-8.23287198946243e-11,1.11132307307104e-10,-3.72256587050046e-10,-1.26058783083225e-10,-9.27969225129743e-11,-4.3264690046956e-10,-2.56689544406295e-10,3.84577824498461e-10,-4.87111983211965e-12,5.43357441748521e-10,-3.47686812421006e-10,-1.70316206224616e-10,-2.29947668267232e-10,5.53466356786716e-10,-2.63085560037389e-10,-3.47750644064866e-10,4.11669452137015e-11,-2.5040398855471e-10,-3.41227440161816e-10,-8.20565309368284e-11,-1.87253085841232e-10,-1.83692068244462e-10,4.19979256232222e-10,2.989771014787e-10,3.83598800228537e-11,1.72310791946301e-10,3.07722917972502e-10,1.34533752488914e-11,-1.24816315652965e-10,9.26862591712938e-11,3.88048154695897e-10,-1.98644430705727e-11,9.38297356317423e-11,1.16602195432365e-12,1.55331641908385e-10,-3.19487365477683e-10,-2.62122756511842e-10,1.14201509593217e-10,-1.335337113158e-10,2.76568767979199e-11,5.00168173271718e-12,-2.64683317663248e-10,1.52708317680712e-10,-3.63174156926953e-11,-4.52384213702869e-10,2.34140610356899e-10,-2.75749389813416e-10,2.97749991531123e-11,6.75209029331642e-11,3.94935347116123e-11,1.36480519516452e-10,1.57896871883903e-10,1.35484148181054e-10,-4.54803868286848e-10,-5.80552695822815e-11,-1.06101473733208e-10,4.62182107179151e-10,2.7650387540272e-10,1.18482650107489e-10,-3.53045748384398e-11,3.79727463921484e-11,-2.53571221233941e-10,-3.65510695721401e-10,1.72383821977543e-10,5.85054053264773e-10,-3.2343517834253e-10,-6.92773547659489e-11,-9.57221464597598e-11,-4.98653173333094e-11,-4.99000495618343e-10,-4.35089481225495e-10,4.10966953710718e-10,1.6342035077231e-10,-8.83215718241719e-11,9.6727838792275e-11,-5.85650177032283e-11,3.54415633519896e-10,-2.88085759413057e-10,-1.77682637141895e-10,2.44430887520554e-10,-8.42481801859967e-11,-2.95490249154707e-10,1.02554639307366e-10,-1.80132515720945e-10,1.30223576877221e-10,2.58968314848401e-10,-2.48387848016934e-10,9.99840823177029e-11,-6.49437409645215e-11,3.79095110666147e-10,1.21289527183593e-10,-3.03709671427805e-10,-1.07570512531282e-10,-1.29451365605533e-10,-1.9276003492723e-10,9.16044349815851e-11,3.59757899410161e-10,-1.04568907953858e-11,-1.21143800981452e-10,-3.0484923884779e-10,2.65891361575573e-10,-1.75756989873404e-10,1.36913930828961e-10,7.55063175237388e-11,-2.38855936423405e-11,-2.52488152230765e-11,2.45029000518436e-10,-1.29505433421904e-10,3.21632792654054e-10,3.83480597570049e-10,-3.17781542030695e-10,-3.63166676096672e-11,-1.69553370472709e-10,-3.5956278962044e-10,-4.93453893829962e-11,1.23398436942868e-10,4.46572039007557e-10,8.04739620836572e-11,-2.07597521203484e-10,-6.46711800028779e-10,-1.33558441641242e-10,-1.74423569855946e-10,1.54962447075515e-12,-1.5679175316669e-11,4.59759026318806e-10,-2.0822557981501e-10,2.56846308557457e-10,-9.18562388342219e-12,1.16106891145599e-10,1.9606365912472e-10,-1.47298136127955e-10,-1.71124894413252e-10,1.96600926425884e-10,-2.45161513321205e-10,-2.98066746651458e-10,-4.69261958125622e-10,5.66892482266866e-11,-2.15140337334107e-10,6.91888428083695e-12,5.29315713767386e-10,1.88824488151871e-10,1.41750475132942e-10,3.62189400930087e-10,-1.96119250907548e-10,8.12929150863542e-12,4.08432803123284e-11,3.54146522483236e-10,-2.34595034661079e-10,-9.82919544009475e-11,3.40604044060395e-10,1.68163850317682e-10,2.26448208306841e-10,-5.43191032120808e-10,-9.17346894230355e-11,3.68039708107786e-10,-2.06155485174331e-10,9.63969197663527e-11,4.53918872788219e-10,-2.37922282843609e-11,6.43434044595427e-11,-1.18897864774212e-10,2.28687703987733e-10,-6.68247473888379e-10,3.39841302223438e-10,2.91312161010434e-10,1.35505142848829e-10,8.48325881774671e-11,-1.07980416369019e-10,1.43760924892967e-10,1.23936484229818e-10,6.07372640824262e-11,-1.44266673734263e-10,1.06283071804437e-11,2.94638030357637e-11,4.42088080174129e-11,1.68385534819614e-10,-6.94587541700263e-11,9.94986444742455e-11,1.58312381054325e-12,-4.12566532242215e-10,-5.30284867824125e-10,-2.8280258823354e-10,3.43889211253458e-10,-1.87144426305908e-11,-3.56239788282495e-10,-5.27491849925532e-11,-3.27264477025472e-10,5.4961568747384e-10,-1.1508515624254e-10,-3.93933196332087e-10,-3.39665285125973e-11,-3.37145515283418e-11,1.28641331455771e-10,-4.15037921515761e-10,2.36798100222694e-10,-4.07795300775602e-10,1.49126077217529e-10,3.56030615462673e-10,-9.37581138608766e-11,2.31003203439916e-11,2.12320117784757e-11,-1.2427416984251e-10,5.36545222272802e-10,2.12845979161116e-10,2.83840867856074e-10,1.61357942133319e-10,-1.99495630265319e-10,5.9953509481704e-11,6.39267180437431e-10,-1.397807323904e-10,8.33193209603166e-11,-2.76337901105175e-11,-6.74290291613794e-11,5.95305562364034e-10,-4.40838179472474e-11,-4.37714380612287e-10,2.21746719917615e-10,2.14871064472494e-10,2.19613060320726e-10,-1.15094800350515e-10,-1.99154848297807e-11,1.49201551219137e-10,1.06426811605527e-10,2.37458868428128e-11,-1.84056663770052e-10,3.07289992770594e-10,1.62601355714622e-10,1.80892176640402e-10,2.44809994013755e-10,2.14480350241577e-10,1.34356086036189e-10,-5.18033855854925e-10,-2.26757172812837e-10,-4.62683863643533e-13,2.11225315048393e-10,3.67532431885599e-10,-1.44927738377597e-10,3.59067518425584e-10,3.30670317725251e-10,-2.71556418642648e-10,1.47459563598037e-10,3.22036938850101e-10,-1.00597057172012e-10,-7.26647540073813e-11,-5.07350164108495e-10,-4.78420099676105e-11,2.25548156005834e-10,-8.37115081035903e-11,-3.20009820641635e-10,-5.44893033929885e-10,-8.17627922669213e-11,-2.78395638749819e-10,-4.22165165306517e-10,-1.9807041479112e-10,3.21808008000823e-10,-2.38653557349225e-10,5.47038688194933e-11,1.0425485400149e-10,2.01466137051806e-10,-3.83594209882046e-10,-5.73592404485025e-11,1.14931821012784e-10,-3.45027862826021e-10,1.22857584943181e-10,2.67277094084281e-10,-1.11167531838454e-12,4.33726645837245e-10,7.67253528299804e-11,7.37120894203414e-12,5.30209379965224e-10,-1.71924006383795e-10,-9.28488816753097e-11,1.22975539809946e-10,1.1579022883574e-10,1.3281082343163e-10,-3.10182213571717e-10,1.08504277301474e-10,-1.32780922229235e-10,2.28071938729333e-10,6.78587160737653e-10,1.30117240960638e-10,-3.85932963402931e-10,5.02518285839301e-10,-1.78204755104658e-10,5.26047223650302e-11,1.8971904404597e-10,5.74463285319794e-11,-6.15887691040885e-12,-2.58576732774585e-11,2.35875802301068e-10,4.71971540517555e-10,2.43391511341208e-10,-1.30365626019507e-10,5.15796380424723e-10,1.91558318390284e-11,-3.99724302164205e-10,3.25008308297688e-10,-5.867220428019e-11,4.03056435805393e-10,7.82738074037534e-11,-1.14245959996622e-11,9.75422322647058e-12,1.072051058271e-10,3.47996402572035e-10,-4.85768168133246e-11,-1.44285617731867e-10,1.423953502502e-10,-1.69157337690461e-11,8.36991904228175e-11,-2.20464069111401e-10,-1.88771235776325e-10,-3.05401948588287e-10,-1.1562989668651e-10,-9.56852840961154e-11,-1.49838233652e-10,4.4873999922231e-10,-1.30151993206641e-10,-2.04943275327272e-10,-3.67317358470241e-11,2.81268649199889e-10,8.8002197071499e-11,-1.55051127212181e-10,-2.05225967917701e-10,-1.14298809977242e-10,-2.34664550786711e-10,1.65158136655947e-10,2.75806571734706e-10,-5.42593241313214e-10,1.04157061473522e-10,2.78541989688093e-10,-2.45393937280555e-10,2.51235726134597e-10,3.31807558061344e-10,1.84511155392133e-10,3.27629774010655e-10,1.53351790539025e-10,1.97398645492585e-10,-1.93702760721849e-10,-2.40418779062718e-10,-1.66371116040766e-10,-1.19027151362126e-10,1.49987431414311e-11,-5.26436755133526e-10,3.13750789893337e-10,2.03911852065821e-10,8.82152678204931e-11,-9.67466090955551e-11,2.64283099293988e-10,3.56880324875837e-10,-2.51545865176877e-10,6.0645592639269e-11,2.90809281624579e-10,-3.00476890419124e-11,2.00390171284815e-11,1.87905547795897e-10,4.50256736107704e-10,1.33471683799048e-10,-5.39373267267081e-11,-3.09679548818043e-10,-1.81779106442522e-10,2.40847170943599e-10,1.9309935230288e-10,-2.09581739646649e-10,6.16380005417936e-11,-2.69729007190833e-11,1.77339581708249e-10,1.63285872639113e-10,-1.01368362273538e-10,-3.41356907289643e-10,-1.73242990953475e-11,7.03687785406416e-10,-3.5082896158086e-11,1.98899949117518e-10,-2.0944613672714e-10,-5.47270923870799e-10,-2.43171657451846e-10,4.95324042610796e-11,-3.95391007257664e-10,-2.22871969766168e-10,5.51229089276994e-11,1.44156429418723e-10,3.96624115731741e-10,5.3713720790005e-10,9.2504444964115e-10,9.10397019592465e-10,1.48862638705795e-09,1.91282219996648e-09,2.77741711433537e-09,3.9367424468356e-09,4.83381536749014e-09,8.07762241331469e-09
