v,0.25
Patm,100000
g,9.81
r,500
G,10^10.77
rho,2700
mu,10^2.17
rc,23
 
M,10^5.15
sigma,0.25
 
tilt_erupt,2.535nrad
 
-1471,-1470,-1469,-1468,-1467,-1466,-1465,-1464,-1463,-1462,-1461,-1460,-1459,-1458,-1457,-1456,-1455,-1454,-1453,-1452,-1451,-1450,-1449,-1448,-1447,-1446,-1445,-1444,-1443,-1442,-1441,-1440,-1439,-1438,-1437,-1436,-1435,-1434,-1433,-1432,-1431,-1430,-1429,-1428,-1427,-1426,-1425,-1424,-1423,-1422,-1421,-1420,-1419,-1418,-1417,-1416,-1415,-1414,-1413,-1412,-1411,-1410,-1409,-1408,-1407,-1406,-1405,-1404,-1403,-1402,-1401,-1400,-1399,-1398,-1397,-1396,-1395,-1394,-1393,-1392,-1391,-1390,-1389,-1388,-1387,-1386,-1385,-1384,-1383,-1382,-1381,-1380,-1379,-1378,-1377,-1376,-1375,-1374,-1373,-1372,-1371,-1370,-1369,-1368,-1367,-1366,-1365,-1364,-1363,-1362,-1361,-1360,-1359,-1358,-1357,-1356,-1355,-1354,-1353,-1352,-1351,-1350,-1349,-1348,-1347,-1346,-1345,-1344,-1343,-1342,-1341,-1340,-1339,-1338,-1337,-1336,-1335,-1334,-1333,-1332,-1331,-1330,-1329,-1328,-1327,-1326,-1325,-1324,-1323,-1322,-1321,-1320,-1319,-1318,-1317,-1316,-1315,-1314,-1313,-1312,-1311,-1310,-1309,-1308,-1307,-1306,-1305,-1304,-1303,-1302,-1301,-1300,-1299,-1298,-1297,-1296,-1295,-1294,-1293,-1292,-1291,-1290,-1289,-1288,-1287,-1286,-1285,-1284,-1283,-1282,-1281,-1280,-1279,-1278,-1277,-1276,-1275,-1274,-1273,-1272,-1271,-1270,-1269,-1268,-1267,-1266,-1265,-1264,-1263,-1262,-1261,-1260,-1259,-1258,-1257,-1256,-1255,-1254,-1253,-1252,-1251,-1250,-1249,-1248,-1247,-1246,-1245,-1244,-1243,-1242,-1241,-1240,-1239,-1238,-1237,-1236,-1235,-1234,-1233,-1232,-1231,-1230,-1229,-1228,-1227,-1226,-1225,-1224,-1223,-1222,-1221,-1220,-1219,-1218,-1217,-1216,-1215,-1214,-1213,-1212,-1211,-1210,-1209,-1208,-1207,-1206,-1205,-1204,-1203,-1202,-1201,-1200,-1199,-1198,-1197,-1196,-1195,-1194,-1193,-1192,-1191,-1190,-1189,-1188,-1187,-1186,-1185,-1184,-1183,-1182,-1181,-1180,-1179,-1178,-1177,-1176,-1175,-1174,-1173,-1172,-1171,-1170,-1169,-1168,-1167,-1166,-1165,-1164,-1163,-1162,-1161,-1160,-1159,-1158,-1157,-1156,-1155,-1154,-1153,-1152,-1151,-1150,-1149,-1148,-1147,-1146,-1145,-1144,-1143,-1142,-1141,-1140,-1139,-1138,-1137,-1136,-1135,-1134,-1133,-1132,-1131,-1130,-1129,-1128,-1127,-1126,-1125,-1124,-1123,-1122,-1121,-1120,-1119,-1118,-1117,-1116,-1115,-1114,-1113,-1112,-1111,-1110,-1109,-1108,-1107,-1106,-1105,-1104,-1103,-1102,-1101,-1100,-1099,-1098,-1097,-1096,-1095,-1094,-1093,-1092,-1091,-1090,-1089,-1088,-1087,-1086,-1085,-1084,-1083,-1082,-1081,-1080,-1079,-1078,-1077,-1076,-1075,-1074,-1073,-1072,-1071,-1070,-1069,-1068,-1067,-1066,-1065,-1064,-1063,-1062,-1061,-1060,-1059,-1058,-1057,-1056,-1055,-1054,-1053,-1052,-1051,-1050,-1049,-1048,-1047,-1046,-1045,-1044,-1043,-1042,-1041,-1040,-1039,-1038,-1037,-1036,-1035,-1034,-1033,-1032,-1031,-1030,-1029,-1028,-1027,-1026,-1025,-1024,-1023,-1022,-1021,-1020,-1019,-1018,-1017,-1016,-1015,-1014,-1013,-1012,-1011,-1010,-1009,-1008,-1007,-1006,-1005,-1004,-1003,-1002,-1001,-1000,-999,-998,-997,-996,-995,-994,-993,-992,-991,-990,-989,-988,-987,-986,-985,-984,-983,-982,-981,-980,-979,-978,-977,-976,-975,-974,-973,-972,-971,-970,-969,-968,-967,-966,-965,-964,-963,-962,-961,-960,-959,-958,-957,-956,-955,-954,-953,-952,-951,-950,-949,-948,-947,-946,-945,-944,-943,-942,-941,-940,-939,-938,-937,-936,-935,-934,-933,-932,-931,-930,-929,-928,-927,-926,-925,-924,-923,-922,-921,-920,-919,-918,-917,-916,-915,-914,-913,-912,-911,-910,-909,-908,-907,-906,-905,-904,-903,-902,-901,-900,-899,-898,-897,-896,-895,-894,-893,-892,-891,-890,-889,-888,-887,-886,-885,-884,-883,-882,-881,-880,-879,-878,-877,-876,-875,-874,-873,-872,-871,-870,-869,-868,-867,-866,-865,-864,-863,-862,-861,-860,-859,-858,-857,-856,-855,-854,-853,-852,-851,-850,-849,-848,-847,-846,-845,-844,-843,-842,-841,-840,-839,-838,-837,-836,-835,-834,-833,-832,-831,-830,-829,-828,-827,-826,-825,-824,-823,-822,-821,-820,-819,-818,-817,-816,-815,-814,-813,-812,-811,-810,-809,-808,-807,-806,-805,-804,-803,-802,-801,-800,-799,-798,-797,-796,-795,-794,-793,-792,-791,-790,-789,-788,-787,-786,-785,-784,-783,-782,-781,-780,-779,-778,-777,-776,-775,-774,-773,-772,-771,-770,-769,-768,-767,-766,-765,-764,-763,-762,-761,-760,-759,-758,-757,-756,-755,-754,-753,-752,-751,-750,-749,-748,-747,-746,-745,-744,-743,-742,-741,-740,-739,-738,-737,-736,-735,-734,-733,-732,-731,-730,-729,-728,-727,-726,-725,-724,-723,-722,-721,-720,-719,-718,-717,-716,-715,-714,-713,-712,-711,-710,-709,-708,-707,-706,-705,-704,-703,-702,-701,-700,-699,-698,-697,-696,-695,-694,-693,-692,-691,-690,-689,-688,-687,-686,-685,-684,-683,-682,-681,-680,-679,-678,-677,-676,-675,-674,-673,-672,-671,-670,-669,-668,-667,-666,-665,-664,-663,-662,-661,-660,-659,-658,-657,-656,-655,-654,-653,-652,-651,-650,-649,-648,-647,-646,-645,-644,-643,-642,-641,-640,-639,-638,-637,-636,-635,-634,-633,-632,-631,-630,-629,-628,-627,-626,-625,-624,-623,-622,-621,-620,-619,-618,-617,-616,-615,-614,-613,-612,-611,-610,-609,-608,-607,-606,-605,-604,-603,-602,-601,-600,-599,-598,-597,-596,-595,-594,-593,-592,-591,-590,-589,-588,-587,-586,-585,-584,-583,-582,-581,-580,-579,-578,-577,-576,-575,-574,-573,-572,-571,-570,-569,-568,-567,-566,-565,-564,-563,-562,-561,-560,-559,-558,-557,-556,-555,-554,-553,-552,-551,-550,-549,-548,-547,-546,-545,-544,-543,-542,-541,-540,-539,-538,-537,-536,-535,-534,-533,-532,-531,-530,-529,-528,-527,-526,-525,-524,-523,-522,-521,-520,-519,-518,-517,-516,-515,-514,-513,-512,-511,-510,-509,-508,-507,-506,-505,-504,-503,-502,-501,-500,-499,-498,-497,-496,-495,-494,-493,-492,-491,-490,-489,-488,-487,-486,-485,-484,-483,-482,-481,-480,-479,-478,-477,-476,-475,-474,-473,-472,-471,-470,-469,-468,-467,-466,-465,-464,-463,-462,-461,-460,-459,-458,-457,-456,-455,-454,-453,-452,-451,-450,-449,-448,-447,-446,-445,-444,-443,-442,-441,-440,-439,-438,-437,-436,-435,-434,-433,-432,-431,-430,-429,-428,-427,-426,-425,-424,-423,-422,-421,-420,-419,-418,-417,-416,-415,-414,-413,-412,-411,-410,-409,-408,-407,-406,-405,-404,-403,-402,-401,-400,-399,-398,-397,-396,-395,-394,-393,-392,-391,-390,-389,-388,-387,-386,-385,-384,-383,-382,-381,-380,-379,-378,-377,-376,-375,-374,-373,-372,-371,-370,-369,-368,-367,-366,-365,-364,-363,-362,-361,-360,-359,-358,-357,-356,-355,-354,-353,-352,-351,-350,-349,-348,-347,-346,-345,-344,-343,-342,-341,-340,-339,-338,-337,-336,-335,-334,-333,-332,-331,-330,-329,-328,-327,-326,-325,-324,-323,-322,-321,-320,-319,-318,-317,-316,-315,-314,-313,-312,-311,-310,-309,-308,-307,-306,-305,-304,-303,-302,-301,-300,-299,-298,-297,-296,-295,-294,-293,-292,-291,-290,-289,-288,-287,-286,-285,-284,-283,-282,-281,-280,-279,-278,-277,-276,-275,-274,-273,-272,-271,-270,-269,-268,-267,-266,-265,-264,-263,-262,-261,-260,-259,-258,-257,-256,-255,-254,-253,-252,-251,-250,-249,-248,-247,-246,-245,-244,-243,-242,-241,-240,-239,-238,-237,-236,-235,-234,-233,-232,-231,-230,-229,-228,-227,-226,-225,-224,-223,-222,-221,-220,-219,-218,-217,-216,-215,-214,-213,-212,-211,-210,-209,-208,-207,-206,-205,-204,-203,-202,-201,-200,-199,-198,-197,-196,-195,-194,-193,-192,-191,-190,-189,-188,-187,-186,-185,-184,-183,-182,-181,-180,-179,-178,-177,-176,-175,-174,-173,-172,-171,-170,-169,-168,-167,-166,-165,-164,-163,-162,-161,-160,-159,-158,-157,-156,-155,-154,-153,-152,-151,-150,-149,-148,-147,-146,-145,-144,-143,-142,-141,-140,-139,-138,-137,-136,-135,-134,-133,-132,-131,-130,-129,-128,-127,-126,-125,-124,-123,-122,-121,-120,-119,-118,-117,-116,-115,-114,-113,-112,-111,-110,-109,-108,-107,-106,-105,-104,-103,-102,-101,-100,-99,-98,-97,-96,-95,-94,-93,-92,-91,-90,-89,-88,-87,-86,-85,-84,-83,-82,-81,-80,-79,-78,-77,-76,-75,-74,-73,-72,-71,-70,-69,-68,-67,-66,-65,-64,-63,-62,-61,-60,-59,-58,-57,-56,-55,-54,-53,-52,-51,-50,-49,-48,-47,-46,-45,-44,-43,-42,-41,-40,-39,-38,-37,-36,-35,-34,-33,-32,-31,-30,-29,-28,-27,-26,-25,-24,-23,-22,-21,-20,-19,-18,-17,-16,-15,-14,-13,-12,-11,-10,-9,-8,-7,-6,-6,-5,-4,-3,-2,-1,0
-6.29768054497522e-11,-2.30352717892903e-10,1.41395931229637e-10,2.10981385463249e-10,2.48289795438581e-10,1.82150170281644e-10,2.03501121142523e-10,-1.00817872037485e-10,2.2377066994972e-10,3.31798895099413e-10,2.73629757340691e-10,-7.63604500584828e-11,-2.54432662597736e-10,-1.91369324426031e-10,-2.29874093645272e-10,1.20905247148682e-10,-5.87469789664342e-10,-1.39954596052139e-10,6.95464208975673e-11,-1.89810401629372e-10,-1.4561745392335e-10,-1.4978473734624e-10,4.16717389445001e-10,-3.10226809694501e-12,-1.50352143577333e-10,1.34438497904845e-10,1.79046892807629e-10,8.49795758904771e-11,-2.32622388988522e-10,-3.39129286157595e-11,1.45434998781265e-10,2.7533356009216e-10,-3.06938876356832e-10,-4.12906848448071e-10,-3.54391611987169e-11,9.28480425397242e-11,1.84990794185976e-10,1.74676431025705e-11,-2.70583219161365e-10,1.22017788749857e-10,-1.37861480796863e-10,-7.44461719296864e-11,-2.67982314636595e-10,4.99425681510387e-10,-1.294982975253e-10,2.48962649163237e-11,-4.94724162468348e-11,-2.90338682497854e-11,1.57385535690432e-10,1.38422596822256e-10,-8.83354976666906e-11,-1.9759340447752e-10,-7.67006229166424e-11,7.30940946581669e-12,1.70092535993417e-10,-5.33039009239253e-10,3.99478106996927e-11,-3.70377954605833e-10,1.69284518278208e-10,5.15797038416644e-12,-3.93280464617603e-10,2.49543535887746e-11,1.2506950905038e-10,-1.36607203091437e-11,2.61940900544814e-10,3.24552292259238e-10,-6.22323260942289e-11,1.73828982721403e-12,1.49067007980216e-10,6.00806775217222e-10,1.73715973835935e-10,-2.56611827438877e-10,3.54164473677816e-10,4.29291248295193e-10,2.28208876525364e-10,3.5593436031994e-12,2.90201003692918e-10,-2.72371048175991e-10,-1.73543845072335e-10,-2.13688326887132e-10,-2.2495203660908e-10,4.02020830977125e-10,3.93623769483133e-10,-2.07090433654545e-10,-4.88523922082294e-11,-1.05539064358479e-10,-4.2594060569698e-10,-2.39594558315059e-10,-4.32953755723967e-10,1.49520504600036e-10,-1.21319232785981e-10,-9.59863893606611e-11,4.2145015060914e-10,-8.87281608695421e-11,-3.97587304136038e-10,1.50348577542956e-10,7.51501009336948e-11,-6.26613069302168e-12,-1.31915229719342e-10,-3.82897886058562e-10,-1.15482411997063e-10,-3.39074847145521e-11,1.35505442309128e-10,3.0414432505992e-10,4.63716276179262e-11,-6.13675563515755e-11,-1.15995469978889e-10,-4.58111950458319e-11,1.57737675208736e-10,3.43046399307092e-10,2.81706261314513e-10,-4.16510976515015e-10,-2.86015526473911e-10,-1.22374727918854e-10,1.43858099880661e-10,1.60800243494555e-11,2.20525899979923e-11,6.9691693626105e-10,4.51139186732419e-10,8.40013001817817e-11,4.087407421758e-11,3.12217894240917e-11,-1.71005449194181e-10,8.33583887735491e-11,-1.7342940945056e-10,-8.7688627817878e-12,-1.12704680262382e-10,3.26595752358535e-10,3.17287161872117e-10,-1.9873824900484e-10,-1.07695510201243e-10,-1.36915691625793e-10,9.29919574321865e-11,3.16694440844989e-10,-1.165915571973e-10,-4.34755022687155e-10,-1.71710349212725e-11,-3.00465432438726e-10,9.13895583915063e-11,1.9631772985742e-11,2.82154185992134e-10,2.61267585039334e-10,2.74327976860407e-10,6.01084322896254e-10,-2.68254447604394e-10,1.66379279781662e-10,-4.36400057997219e-10,-3.33886554185605e-10,2.97604407235379e-10,3.85842943589268e-10,1.75863415378375e-10,-5.52621005026108e-10,-2.49799944461848e-10,2.84446575966764e-10,-2.17066755851159e-10,1.78055389010488e-10,-2.24627198125789e-10,-1.40413145235352e-10,1.37637239471147e-10,-4.39698187458733e-10,1.70338138046116e-10,-6.01960327606968e-10,8.01119014265394e-12,1.26189434645357e-10,-6.22050585248248e-10,-4.82482409070509e-11,-1.17757962149329e-10,3.72708388688209e-10,-4.2353402948614e-10,-9.43783632116836e-11,6.21661715226146e-11,-6.26430876072096e-11,2.83435569485949e-11,-1.60427326780836e-10,-3.5146780141614e-10,7.25515463528925e-11,2.98159241770421e-10,8.03875112748052e-10,-1.13125039771015e-10,-2.22493901691816e-10,-6.08334594925047e-11,1.97352780264427e-10,-2.48464293274516e-10,-5.1396127545396e-10,-8.50308325472372e-11,2.61916000323538e-10,-2.29524875502778e-10,4.01040462203738e-10,-2.03471533836874e-10,-4.33799009078457e-10,-4.11013965650739e-11,3.99467474469489e-11,2.53462776135599e-10,3.75644678121447e-10,-4.44778135864826e-12,-1.36493971165303e-10,-5.79545282248302e-11,1.22107311779878e-10,-2.33471527025517e-11,2.31841279664526e-10,-7.24841909834625e-10,6.53033096468362e-11,2.00291723166004e-10,1.91305212849383e-10,2.02602702356317e-10,-1.2755419762347e-10,-3.37824172238297e-10,-4.39078192990723e-10,2.14717678689035e-10,4.92182855368776e-11,-4.3489593609757e-11,-2.40773442230343e-10,2.73347996027678e-10,2.71939338692903e-10,-2.6404414631447e-11,-2.046254162194e-10,-1.78463721338098e-10,-3.05834132405419e-12,-2.09135570518574e-11,1.97027554195351e-10,4.14936859874458e-10,3.120959863889e-11,3.09490522539619e-10,7.20113554491512e-10,6.91853467433287e-10,2.42447103407907e-10,2.36480997248006e-10,-5.93827532769862e-11,-6.71229839575485e-11,-2.39887121458292e-10,1.86859231674332e-11,-3.51539701079071e-10,2.16523201817209e-11,2.60876320324661e-10,-3.50873619727658e-10,1.94531190395249e-10,-2.91121114408091e-10,-2.37741255158316e-10,-1.41182169576302e-12,-2.14255920424067e-10,7.68654862942749e-10,1.56148018905629e-11,2.13854558709958e-10,-1.3714597906116e-11,-3.44947216610305e-10,1.88333551041378e-11,4.86970685039334e-10,3.03117793326237e-10,-4.22893204242336e-12,-1.63932310686326e-10,-1.77126635573337e-10,-2.74977411621199e-10,-4.58711049600432e-10,6.43640752949865e-11,-1.96975767075032e-10,-3.17285435901798e-10,-6.34896660571495e-11,-2.36214831503005e-10,1.29845026850788e-10,-9.38687447409035e-11,3.85922194184467e-10,1.74109505924796e-10,-5.59612009288888e-10,-1.32159467643295e-10,-7.56560475662222e-11,-2.27552095293296e-10,1.19583125824988e-11,-1.62532744929056e-10,3.33234498949851e-10,3.22178808325907e-10,1.22501598514099e-10,-1.10092121247623e-10,5.37224906763441e-10,-3.86560457086807e-10,5.36754991765172e-11,6.38824204192642e-10,5.60342188316104e-10,-1.40241467545733e-10,-3.69239953293049e-10,-1.62733505346714e-10,1.16568470279297e-10,6.75974865755435e-11,-3.35880696273029e-10,3.47804261013582e-10,5.85410667903602e-10,2.24786891306971e-10,-2.94276189364651e-10,1.21461754491414e-10,-1.4486350143533e-10,-3.61628703456655e-10,-1.60614808810029e-10,-1.45130229424809e-13,1.12395813308118e-11,-7.32470285006987e-11,3.38685829508361e-10,7.02186047593247e-10,8.55168296417209e-12,-1.37315574890782e-10,5.57378260434603e-10,-5.10969299377e-10,-6.71391873059493e-12,-2.78872063444472e-10,1.11459047179967e-10,7.05780025211755e-11,2.26275150365669e-10,-1.43472026541363e-10,9.01445162831247e-12,2.21178843390893e-10,8.24848700767412e-11,-3.11780547559679e-10,-1.1797958263957e-10,1.97405192348601e-10,8.58396685657274e-11,9.6875896713605e-11,4.46378562956453e-10,-3.50718503602669e-11,4.47511474008353e-11,1.6722921769182e-10,2.42425173529956e-11,-2.31551792371125e-10,4.95681534448632e-10,3.90857132073584e-11,-1.11098723137334e-10,2.43171286266814e-10,1.15506181248627e-10,2.27274451173306e-10,-1.83974536140149e-10,5.90109167761787e-10,9.43693765302776e-11,1.8561574323375e-10,-3.9739311241705e-11,3.23407042667767e-10,-5.00498829650579e-10,-1.58862725185691e-10,-6.21134362409125e-10,1.54914798176968e-11,-3.88153007027423e-10,2.19188035688948e-10,4.11071516889001e-10,-4.92912450742111e-10,-3.63573487258564e-10,2.30861648867331e-10,-4.4927270357705e-11,5.7853032049509e-11,1.78069957399574e-10,-1.94909355806583e-10,1.65144862163369e-10,4.64522696409259e-10,1.46991317207945e-10,-2.26987805841434e-10,-1.5696664056749e-10,1.87114220850645e-10,2.10500742979618e-10,4.69107234477702e-10,-3.10241449608241e-11,1.91988525007031e-11,-1.84191459468964e-10,-1.52989967289175e-10,-2.60247111235426e-10,1.3032183312004e-10,3.13087826685408e-10,-1.08348794173663e-10,8.25469645005382e-11,-3.07461854755958e-10,1.06174749577813e-10,-2.03268171149733e-10,-1.3631805132396e-10,-2.28699845006608e-10,8.55556803450222e-11,-1.89492502252099e-11,3.53642545017131e-10,-4.41846459587025e-10,2.02714766468101e-10,2.25873978518402e-10,2.76911763751512e-10,9.85891907560076e-11,-7.61804475328907e-11,4.30887034089124e-11,-2.82990944428655e-10,1.63150440061476e-10,1.38510520443757e-10,-4.63199986744259e-11,2.54400279581992e-10,1.03567469704152e-10,-1.17566543326016e-10,-8.44905266532746e-11,-3.30468026995025e-11,-7.3623118671722e-11,-5.7160382597885e-12,-4.22186556523542e-10,-2.87983224461888e-10,2.64800321581633e-10,1.09505450336743e-10,-9.36987953560322e-11,-3.17149146552777e-10,-2.83636155695818e-10,5.53923972980511e-10,-1.79921050138161e-10,-2.44765145647799e-10,2.81355463699338e-10,8.85084509654972e-11,-1.02376487116019e-10,-3.7089833141506e-10,1.6174900876918e-10,-2.17728457097577e-10,4.09419199529232e-10,4.5523842715069e-10,1.36562913488625e-10,-2.26318728448557e-11,-2.96090050726822e-10,9.1816716263382e-11,-2.98096193551078e-10,6.57468754395896e-11,-2.58961213887651e-10,-2.63976498093047e-10,-1.55062801002149e-11,7.50260053827032e-11,1.73912874082172e-11,-5.03282572218924e-12,-1.75824958261588e-10,-1.44060491005121e-11,3.18553991425672e-11,8.25397444701752e-11,-2.16337967345735e-10,-5.9713536940298e-11,2.41431232592169e-10,-7.48161892279632e-10,1.70580419341912e-10,-1.92115000336967e-10,-2.77260760474785e-10,3.08388579016019e-10,2.95220246703914e-10,-4.2942569261255e-11,-1.77464879198481e-10,-2.071144136319e-10,-1.29830376274018e-10,1.50609088922802e-10,-2.82518138680126e-11,-2.86318199054734e-10,-1.27941463312529e-10,-1.13491792479154e-11,5.54079043181959e-10,3.4621973855255e-11,2.72067969423551e-10,-3.25752101434246e-10,4.72475576384623e-10,5.05482533529902e-10,-1.38075411446304e-10,6.83569843933297e-11,-5.18355613146944e-10,-8.72461476641052e-11,-8.79892212014613e-11,3.95966182814454e-10,3.3613743829004e-12,1.434973069218e-10,-6.93025860429687e-11,3.94919251218815e-10,-2.91500332444248e-10,2.16213711201546e-10,-7.22566945869589e-11,1.0261094874902e-11,2.86028858364363e-10,-1.78345522149937e-10,1.9752556267155e-11,-1.23611161454385e-10,3.70922542027094e-10,1.96395361337951e-10,-2.92084884087552e-10,-4.02896618706377e-10,-8.45502556158974e-11,-1.2968699654217e-10,5.3837160821164e-10,-2.56702185410949e-10,-9.25036512404716e-11,-2.13306105609295e-10,7.53169059391576e-11,4.19245662281088e-10,3.96338618445107e-10,-5.15508870299511e-11,5.30265991540975e-10,1.91558800434025e-10,-1.61320153954372e-11,-6.14162711140662e-10,3.45260100208288e-10,-1.72097853422592e-10,6.92548315342205e-11,2.10179967665162e-10,1.83841994637719e-10,1.40333747800699e-10,9.86895178986908e-11,1.63798828691995e-10,2.57879685104955e-10,-2.45039232399163e-10,4.2093148912323e-10,-1.63512322043914e-10,8.81241260418834e-11,1.66300088823412e-10,-1.25067964168838e-10,9.31271376552683e-13,-3.71896005373353e-10,-1.8054554685537e-10,4.3358521130207e-11,3.07782040956685e-10,-7.46396791798501e-10,-2.51295550301017e-10,-4.82940738023291e-10,-5.07856770003977e-11,-2.80644932277316e-10,-3.15509623522831e-10,9.65689560958607e-11,-2.1690078680428e-10,2.83726522837596e-10,-1.41378371740483e-11,-1.45817258998544e-10,-6.76058522846659e-11,2.43422999864243e-10,1.45774311748355e-10,-9.51559300617692e-11,4.16167119090322e-10,1.0778051722053e-10,-1.04859088205711e-10,-2.8184035528661e-10,1.64538341137472e-10,-4.16530329669589e-10,1.31015953967143e-10,2.60966645196577e-10,-1.76043830672128e-10,-5.13967264479501e-10,4.84053478638889e-11,-1.67993630385622e-11,3.42829925095467e-10,2.40391830611442e-11,-3.40473025110787e-10,-2.21151353809934e-10,-6.30602089153356e-10,-2.02449271078714e-10,1.75946809800824e-10,-1.54085678305766e-10,1.63170121328608e-10,2.25578339812205e-10,2.53231721082887e-11,-8.34365693027467e-11,-1.94249070120271e-10,-2.72014016097724e-10,-1.00164166081678e-10,5.29007187514403e-12,2.46862499421981e-11,-1.2280604592072e-10,-6.94135821364687e-11,6.23865158989065e-11,4.71846586680319e-10,2.25621650361249e-11,2.9491275667382e-10,-3.27454437428053e-10,-5.11464740210512e-10,-8.69277635666936e-11,-2.89003798402528e-10,1.2148357018194e-10,-5.89014834073886e-11,1.78297320396832e-11,5.56845028513625e-11,1.52982362004861e-10,-6.16463806640074e-12,3.72726084359863e-10,1.82326249876334e-10,-1.53257615697315e-10,-2.09104424362018e-10,4.603262854126e-11,-5.6481218096156e-13,5.56146708753047e-10,1.8867905505339e-10,-9.31809333167554e-11,2.99282861804803e-10,4.30074486723052e-11,-1.00136272283475e-10,-3.49795878610704e-11,6.13251132311154e-10,1.6965351612862e-10,6.93361085198062e-11,9.18422591181855e-11,-1.21627729668518e-10,-7.79729511968793e-11,-5.64572616022816e-10,-1.00865723382982e-10,3.31960896770655e-10,3.06432022817949e-10,4.78961348175668e-10,-1.72049698584384e-10,2.16427655471245e-10,-4.31467512124753e-10,6.41986496501974e-11,3.72753781520966e-10,-2.20840900860582e-10,7.6894853047746e-11,6.21411625238043e-11,3.11810115342093e-10,-2.26598679934278e-10,-2.17197876205142e-10,-2.78700704809341e-10,-3.51752649032676e-10,-9.36803113129003e-11,-1.44126932840428e-10,-2.19654507308255e-10,-1.37957062454105e-10,-5.40734306333516e-11,6.68345177323373e-12,-4.16937732213059e-11,-3.13508506736077e-11,5.93113766454664e-11,1.25793812615136e-10,6.44455999238303e-10,-4.21743104745243e-12,-1.28737992520557e-10,-1.62309991475225e-10,-1.16743951597187e-10,1.14849804802657e-10,2.57308088331628e-10,-1.1768327690012e-10,-2.27952015794345e-10,2.18098201073927e-10,-2.8592385269337e-10,2.47029563149195e-12,6.03746512497224e-10,1.95556042382354e-10,-2.2160687521198e-10,-4.26335522344415e-10,1.28680355849365e-10,1.6319821851909e-11,-2.15227754433133e-10,-3.60166783374382e-10,8.61105968000411e-11,-4.71076939422436e-10,2.38598495818768e-10,-1.63818552621846e-10,6.47485500429943e-11,1.97717964428005e-10,-4.94856407350038e-11,-5.92128613977718e-11,-2.62723772325199e-11,2.23151455257132e-10,3.07462395993006e-10,-3.45804956263013e-10,3.48250612969207e-10,2.63428557862043e-10,-1.1583259748609e-10,-1.1710058936455e-10,-2.54531534828482e-10,-4.54089168207799e-12,3.20446695256731e-10,-1.5633218518867e-10,-3.08275889648687e-10,-1.18595383531295e-10,-2.16765915376251e-10,-3.86537746027228e-10,8.34144725673293e-11,-1.51771155867034e-10,4.96771609351466e-10,-7.74497851149343e-11,9.70076316629876e-11,2.43610857803549e-10,1.82077856286101e-10,9.37107555745333e-11,8.38297061815306e-11,-1.61447409932582e-10,-3.42160394287632e-11,1.33142423318343e-10,5.87996186815591e-10,-1.96660962336782e-11,3.47721073911509e-10,-5.36783501089257e-10,2.81234975628225e-11,8.1767945800255e-11,1.08067980566565e-10,1.00048686895823e-10,-7.6585902489125e-11,1.91846618348276e-11,1.92570696567012e-10,2.59479726010435e-11,3.07881196991299e-10,2.859047642467e-10,2.2562819131681e-10,-1.53791110364263e-10,4.42081695957858e-11,1.34869392947239e-10,-4.39726516506104e-10,-4.60431464114368e-10,6.19060648691571e-11,2.10763988786413e-10,6.66654945847532e-11,-3.56051539287924e-10,-4.10515905675197e-10,2.52769932568838e-10,2.64147233685292e-10,3.64906719978068e-10,-3.5483478504735e-11,-6.08253197003539e-11,-5.69785186506089e-11,2.30286317680918e-11,4.30740573405316e-10,1.89576811460907e-10,1.91509851439856e-10,2.19653748216945e-10,-1.05338049679809e-10,2.1874973035615e-10,-2.66486991220912e-10,1.22045902005403e-10,1.97494283798572e-10,-3.37075014624223e-10,5.38966908615578e-10,1.62004636750227e-10,-1.78820909185145e-10,1.09992065545441e-10,2.80031553857456e-10,-2.90644337478595e-11,-1.08641629647799e-10,-1.63496866297956e-10,7.17955368950687e-10,-9.01295255642437e-11,-1.21513857196838e-10,4.14811753860564e-11,-4.62711887868065e-11,-5.59979859307639e-10,2.81949462983218e-10,1.14176823217464e-10,1.04915468829181e-10,1.46972983377382e-10,-4.6588458755689e-11,-1.09399012861002e-10,1.50614109653665e-10,2.3964941807396e-10,1.45126949171664e-10,-9.585511288491e-11,2.29028145131283e-10,-1.38319713242627e-10,-1.64708212181818e-10,-7.41162801469941e-11,7.57477368337115e-12,-7.28819573336002e-11,6.34188193226635e-11,1.94283773253612e-10,6.43442623208392e-11,-3.54157889383826e-10,-1.39654664241951e-10,-2.39906712112092e-10,-8.23942061266901e-11,-1.78107963331798e-10,2.5208021857269e-10,-4.02985896788839e-10,3.69578094887341e-10,2.48133084289601e-11,3.72275189510275e-10,-7.80165295657069e-11,-2.37674009221115e-10,3.00969005224916e-10,9.57490402961564e-11,-3.42981098487565e-11,-1.36082768453276e-10,1.66409539595273e-10,1.88503484936394e-10,-3.8622533680453e-11,3.93224487339738e-10,-1.19777627662389e-10,4.39687464456903e-11,-1.36520763722118e-10,-9.36423754054149e-11,-3.10889620217978e-11,4.19192857680077e-10,2.10146590949694e-10,-4.1056578201787e-10,-5.72324693485132e-11,-6.69554945326499e-11,-2.06806130448827e-10,-2.09927406394086e-10,-1.589086187425e-10,8.52651212089027e-11,-1.77330399921558e-10,4.10981515535883e-10,4.27510341891653e-10,-1.16249722762596e-10,5.98828498748479e-11,7.55060806275783e-11,1.40450440758935e-10,3.11411301313371e-10,4.61545750073739e-11,-2.94000427880393e-10,-5.26398068210489e-10,2.25074451398761e-10,-1.26951708152799e-10,2.35590030740461e-10,6.38437728824761e-11,-8.11233473882623e-12,-1.29100559206099e-10,2.00140014283101e-10,-6.78229737974663e-10,-5.1446969518951e-10,-1.08426540239785e-10,1.04792286219814e-10,-3.60475866004751e-11,1.72328596747199e-11,-3.42282333737073e-10,2.3110816272075e-10,-3.9867864015904e-10,1.42812392166284e-10,-1.60515709373941e-11,-1.39010029357627e-10,-5.0396978338693e-10,-3.59068242567998e-10,2.60271717228725e-10,3.3880893174321e-10,1.72591185452958e-10,-6.85594582795661e-11,7.06356401159971e-11,-1.53059474094256e-10,-1.21119450553243e-10,2.26818203206195e-10,2.44796010665573e-10,1.0416302213619e-10,1.23765785967956e-10,2.43510302905921e-10,1.96509041063496e-10,-2.27475940460729e-10,-1.64677981740758e-13,2.03480211605476e-10,2.18489648294025e-10,1.31229271807913e-10,2.21791442190269e-10,-1.38170676646498e-10,-5.22278919899291e-10,-4.9310062560692e-11,2.24214457869404e-10,-9.80973980740272e-11,2.08780362122545e-10,2.18216073629022e-10,4.02512732364921e-11,1.22701818437795e-10,3.97001854353084e-11,1.56169946831733e-11,-2.25614354570649e-10,4.53369799762464e-11,-8.27016019035028e-11,-1.55647816922829e-10,-3.37828352696505e-10,5.21416525938579e-10,6.06026143962261e-10,-3.47629846003322e-10,3.40209664508243e-10,-4.34623827827048e-11,6.55588426320708e-11,-4.79906391825027e-10,5.03254900069019e-11,-1.35139734718221e-10,2.96516165263039e-10,2.73234797708789e-10,2.12429471682897e-10,3.02004874726856e-10,-4.42121082761791e-11,-5.24421523682328e-11,-7.57378711005954e-11,-4.67866928846233e-10,-3.14143122956625e-10,5.5152701374398e-11,4.01420349755073e-10,1.87046517500738e-10,-1.07066624984349e-10,1.01155998980999e-11,-8.53206548042548e-12,-5.44914244862063e-10,-2.99936552657376e-10,9.21052671862654e-11,2.46128391705692e-10,1.42590720628138e-10,-3.44474392986668e-10,2.08049194236012e-10,-3.61241430229924e-10,9.56317666106032e-11,-4.32869429338306e-10,3.10945225570428e-10,4.32496670776943e-10,1.40622120038349e-10,-2.44406863174574e-10,3.83925733306773e-10,-1.41029020019425e-10,1.20920542128477e-10,1.62949780639822e-10,4.48438810091709e-10,2.26797341399519e-10,-4.66293846301145e-11,-1.30998264698913e-10,1.0649193220084e-10,-4.88969477551188e-10,-1.08193735401368e-10,-5.70248894083343e-11,-9.95336806825996e-11,-1.66653016350014e-10,2.19585419937045e-10,1.675833432916e-10,-9.03259045334968e-11,1.29477061292426e-10,-2.86945296625121e-10,1.09156055126724e-10,1.30447276157358e-10,2.70497723747548e-11,1.16458715505904e-10,3.34563116002746e-10,-2.21531353900737e-10,3.2307188039022e-10,7.88703569185586e-11,-3.51688230673766e-11,-2.09855676616488e-10,-5.12683718888493e-10,-4.22555722225243e-10,-1.42739191530908e-10,2.9466908773132e-10,-4.97280655272808e-11,1.30313106058394e-10,1.75600954771033e-10,1.76203447363635e-10,-5.98235644605089e-11,8.81777580081507e-11,9.96833863236802e-11,-9.24084272794055e-11,-1.198667590682e-11,3.7729891759129e-11,-2.77635352825229e-10,2.39434324098146e-10,-9.47444791364973e-11,1.17481936726711e-10,-4.99636854087732e-11,2.78029793635388e-11,6.7692326311223e-10,3.16725933364351e-10,-3.53966936256098e-10,-1.12205753430363e-10,1.57708751705767e-10,3.45271921732458e-10,-9.53876581942555e-11,3.73940176334293e-12,1.09340787444184e-10,-8.79481079238622e-11,-5.76346993864906e-10,-2.9495546680996e-10,-6.03559740576232e-11,-2.89815609416618e-10,1.41363190465583e-10,-7.14252988550786e-11,4.09669195868336e-10,2.26469155180344e-10,-2.71425502515976e-10,3.72954861718041e-11,5.24841302582378e-11,-2.52482437464177e-10,-2.74619749150187e-10,4.19599278869499e-10,2.62604586191786e-10,-7.28554847581735e-11,1.30568256926266e-10,3.17051082508033e-10,4.79514299617623e-10,2.56279633923333e-10,3.21655856269223e-11,-3.29794740708704e-10,-6.00144754554132e-11,-3.22096816825178e-10,-3.41756833356027e-10,-1.55034350493191e-10,-8.29374178775577e-11,-2.93509613766083e-10,-2.74642776368544e-11,2.98021505410361e-10,1.74637882760226e-10,1.43626635249196e-10,7.62081302947929e-11,1.18346028596145e-10,-5.56519151440115e-11,3.97216814409417e-10,2.6806965643569e-10,2.84188246088201e-10,5.89407607399353e-10,-4.82827897234332e-10,-2.33083303223665e-10,-9.84285360471288e-11,1.7098909327776e-10,-4.36759062318537e-10,9.90430190619194e-12,-5.15246925662184e-11,8.33900431448863e-11,-9.86368683833649e-11,3.09021108661734e-10,5.84299906664554e-11,1.38550117236351e-10,1.63719180641323e-10,-1.48695427247834e-10,7.43128126471497e-12,6.05253950140926e-10,-1.28946629633456e-10,-7.87420005774303e-11,-3.96243489109043e-11,3.4777739985578e-10,1.08381030608822e-09,-3.92784070724293e-12,9.27478951856996e-11,-3.83753138667846e-10,3.87634351044702e-11,-2.19274509648401e-10,3.25959082325546e-10,1.62546437914579e-10,2.50010882046878e-10,-4.91673664655295e-12,-3.10064041570267e-10,5.3687621027823e-11,-2.48254306065962e-10,4.3352795117661e-11,4.01605148271098e-10,-2.71559076946329e-11,-9.43160300286811e-11,-4.97678459562776e-10,2.73289259886106e-10,-1.12243437169905e-10,1.36851000724769e-10,3.52344821272546e-10,4.06602549876345e-11,-4.30158941884629e-11,-4.24314842172667e-10,-2.32112260757017e-10,-2.62661121033186e-11,4.36767558148643e-10,6.53659416261985e-10,6.8374240102736e-11,-2.58411440746558e-11,7.14546113357269e-11,-3.07898719635974e-10,7.53377859822868e-11,4.9248152749657e-10,-1.97052198504795e-10,-2.57830053096152e-10,-5.5620413386348e-10,-1.99761589902481e-10,-7.30809836352281e-11,-7.57576643347666e-12,-6.72745167730084e-11,-9.76764155091933e-11,-9.67380767723609e-11,4.51135987903209e-11,2.19228305568055e-10,-3.60751984187344e-10,-9.53368690027292e-11,-3.16008516401936e-10,3.81854867541458e-10,8.13021267772039e-11,-1.89671469090499e-10,1.08405462705076e-10,-2.31476282323615e-12,4.35531914445508e-12,1.20024637865265e-10,1.35877934759803e-10,-2.18166194681995e-10,1.65304667924577e-10,2.79491125798639e-10,-1.67180737777501e-10,-2.17652430145246e-10,-1.10930538936079e-11,1.85839473901999e-10,3.8163977348775e-10,-1.29517440696446e-10,-1.72843774133833e-10,1.12062613502636e-10,1.48675997847359e-10,2.66845798165158e-10,-2.42016867728204e-11,7.1024208032608e-11,5.02551964834864e-10,6.35166577010628e-10,3.13889518225675e-11,5.50295384585399e-11,5.70475133719526e-10,1.89221898059885e-10,4.65312528310747e-11,1.74673057773547e-10,1.55694954258144e-10,2.61092192626235e-10,1.90007639873964e-10,-4.14033620523077e-10,-8.36046854441918e-11,-6.09387482947013e-10,-1.14989801836693e-10,1.92408027173157e-11,-6.77280714251964e-12,3.54741267734605e-11,-1.5558388833805e-10,-3.70577290900175e-10,-7.36968046234899e-11,-5.59209558437727e-10,-8.33295989033825e-12,5.70056489207788e-10,-4.89242432973735e-10,3.55156339066784e-10,1.64274104114252e-10,-1.06608914678921e-10,8.13875423604933e-11,2.88220824275175e-10,-1.24667711215709e-10,7.55654854264723e-11,2.55496359650724e-10,3.37591701260705e-11,6.61418704213423e-11,1.27672416340345e-10,1.32642489354152e-10,4.12195336104862e-11,-2.16689605495734e-11,-2.0646157451399e-10,3.13361475020368e-10,-1.71396507916633e-10,5.45571015230808e-11,-1.02887967749379e-10,1.28252877622852e-10,4.52305234701022e-10,-1.02167286086797e-10,-1.96386062371317e-10,1.73807493858175e-10,-2.27230875508568e-10,2.24032418896955e-10,9.61902234630345e-12,-2.56091341860823e-10,-1.94272780842826e-10,-1.33600250065145e-10,-5.23997576637695e-10,-2.73964694531873e-10,1.82535842627827e-10,-1.54950550467747e-10,-8.26815819390821e-11,1.89600143433943e-10,3.36434741756502e-10,3.26003891634423e-11,-4.75931680432417e-10,-1.20062742570439e-10,3.54471382193436e-11,-4.98413627905701e-10,-3.96681203580658e-10,-1.0990433626564e-11,3.61077498026242e-12,-2.7359229935408e-10,3.71427887614229e-10,4.1155898850761e-10,3.4344006680348e-10,-1.34480520904583e-10,3.5558777971962e-10,-5.03897510295119e-10,-3.16071407965965e-10,-1.21664602067314e-10,1.28395376168359e-10,-3.10996712363146e-10,1.83604708363254e-10,-1.21991155351357e-10,2.49127450930281e-10,2.93223570575536e-10,3.45259925893378e-10,2.7977796830276e-10,-1.98297919689527e-10,-4.19172964169256e-10,-3.79500128805561e-10,4.90077966903521e-10,-1.9497139328326e-10,-6.43005857897137e-11,-5.78888152293853e-11,-2.65366832220269e-10,-8.42475891918245e-11,-2.59099570317968e-10,1.59501285357233e-10,-1.08805658059923e-10,2.77875972340496e-10,-5.38085806902964e-10,-2.26985406059668e-11,6.41047463464679e-11,-1.61318523491286e-11,8.99753428589608e-11,-6.79149541759516e-11,-4.26605378502424e-10,-1.19949425404102e-11,-2.18559388315803e-11,-2.16120150669868e-10,-5.55149231401336e-10,4.28832294316151e-11,-1.81300561059837e-10,-4.52634064609915e-10,-6.13141227084091e-12,-2.01146739184185e-10,5.92647012226606e-11,-2.73205657400648e-10,-6.78281202274959e-12,3.13241880727716e-11,-3.18141269651099e-10,-2.02097817855679e-10,-2.50685315760277e-10,3.56395883159857e-11,8.93565876542596e-12,-2.60654003503351e-10,-1.66135259036231e-10,-1.30504223750866e-11,1.38917268720885e-10,2.26405996072299e-10,3.07844830783411e-11,1.61852619170749e-10,-2.36190948938576e-10,4.87240051106835e-10,1.63612377248387e-10,1.36065713515436e-10,-3.71821232673766e-10,-2.11634478250267e-11,-2.1948087887567e-10,1.30510319036422e-10,-1.34515101623416e-10,3.3672123109804e-10,1.80199461052383e-10,8.55818202701959e-11,-6.65842693815022e-11,4.38390379455397e-10,-2.7671427882021e-10,2.20370989416406e-10,-2.28184835272274e-11,2.90112587241258e-10,2.67308017714771e-11,2.9780008195834e-10,7.90921923876115e-11,2.97464566766888e-11,3.68595205461339e-10,5.65203206149507e-11,3.96951301642512e-10,-1.65334282387336e-10,1.56563333636077e-10,3.77050076246556e-10,-9.79088752108335e-12,9.66066817313247e-11,3.71498265137031e-10,-2.01100116858634e-10,-4.78859269729753e-12,2.80340242325714e-10,3.07946191473517e-11,-4.27807552898256e-10,-2.90810086295085e-10,-2.67807619280056e-10,4.20843920247092e-10,-4.98585883715631e-11,1.94799241708497e-10,1.18156511461569e-11,-3.16405650701302e-10,-2.55956140664677e-10,-1.40575742230883e-10,2.67424090556475e-11,-3.42684869058655e-10,-1.77296174370932e-10,8.51432872867127e-12,-9.04302085843685e-11,-2.69008086791657e-10,-1.24490197002367e-10,-1.08948189942758e-10,1.896415554769e-11,-3.1395515200972e-11,4.91903081972337e-11,3.01395712349662e-10,1.50973786104501e-10,-3.53702725983727e-10,8.16309956668791e-11,9.24770250832429e-11,-2.60964831296407e-11,1.54956116090649e-10,-6.52618844286304e-11,-5.05341144416093e-10,-2.3201115329011e-10,9.9303285062289e-11,-3.58604088559431e-10,7.11467918954173e-11,4.81564527853847e-11,-3.53927277961634e-10,3.0446306750882e-10,-8.50739023905986e-11,3.01371863263714e-10,3.43071812610737e-10,-4.74852358352643e-10,-5.5428095949898e-11,-8.85136258149861e-11,-3.94449835318271e-11,-2.54980707925421e-10,-4.62417521770752e-11,2.31927416358311e-11,4.1648172602233e-10,-1.64673105348931e-10,-4.64114998977629e-10,-7.37103049466283e-11,6.96839833088056e-11,3.44678504127265e-10,-3.15571623266724e-10,7.49189902500278e-11,-1.64989579492494e-10,-1.75710864612889e-10,9.4404363026731e-11,-4.58295241417567e-11,3.13647948815438e-10,1.95242188810952e-11,7.20184138233821e-11,-2.82013302008884e-10,1.85777370445002e-10,5.61883917926157e-11,-3.33529013357344e-10,-1.71252113627409e-12,4.65254226848291e-11,9.61005654354991e-11,-3.94382197510382e-10,2.87471701088663e-11,-1.11878717223383e-10,7.12078499264642e-11,7.39935755917322e-11,3.66786066786326e-10,1.78966210832494e-10,3.24373210547876e-10,7.43832098301401e-11,-5.4475722666967e-10,-2.3392211863827e-10,4.41325804413883e-11,2.42793797715121e-10,-1.23218232316621e-10,1.02660953455777e-10,-1.71786635731767e-10,2.230938209791e-10,-1.19581664363746e-10,2.36929325334435e-10,6.12373787773254e-11,1.11579151416534e-10,-2.01015275637098e-10,-5.41680799611672e-11,1.77217132938135e-13,3.96371693234074e-10,1.73723538494063e-10,2.94273723687517e-10,7.74946265051267e-11,-2.6048182904363e-10,6.40461827131348e-10,5.25902730487698e-11,-2.57205307404842e-10,2.67491878519415e-11,1.06290025688468e-10,8.42677149084949e-12,1.12105897635548e-10,1.23465783056396e-10,-4.87385352446497e-10,-1.56036859842691e-10,-6.2189793417935e-10,5.60734544385798e-11,-8.9514032810698e-11,2.02993050722786e-10,2.17250618671651e-10,-3.10536012431731e-10,-2.14234244742911e-10,1.78756637433973e-10,1.70825588208439e-11,5.1526243538816e-11,1.00046025168254e-11,-5.73843188355515e-11,1.94173867713622e-10,-1.00714184617846e-10,3.5793674071415e-10,5.35013563925526e-11,-1.3040584187913e-10,-3.80872822429815e-10,-2.21477993347991e-10,1.24804357353016e-11,-1.4079338085512e-12,7.68689499835315e-11,2.31773913905601e-10,3.26948400711813e-10,-7.11660366654765e-11,-5.96701353754606e-11,4.52631740210582e-10,1.59508152175243e-10,2.78071046188337e-10,7.4233210495503e-11,7.44887184387973e-11,2.52050740927673e-10,1.49869434419291e-10,3.49464783479262e-11,2.94388208170608e-12,7.97692400061315e-11,4.27020948957905e-10,4.91514952717843e-11,-2.17341620341277e-10,-8.43465240755441e-11,-1.71072554185744e-10,4.10240592840559e-10,1.96392998132498e-10,3.5350114976832e-11,-2.36592998385956e-10,-4.96604307405261e-11,-4.03697090693527e-10,3.29972454193019e-10,-1.07390861515682e-10,-3.37227484900628e-10,9.43662383656505e-12,2.54599945391151e-10,-9.22959296345477e-11,-5.96208393605344e-11,-8.32696659234662e-12,4.6303396321493e-11,-1.59748764227069e-10,3.09928055067612e-10,-4.92401562352114e-11,-1.51717690181318e-10,1.19933788409437e-10,1.98007765379464e-10,-2.82342675871819e-10,2.05159384635644e-10,-2.00175736902669e-10,3.87452011909457e-10,-2.38223175247962e-10,4.16224776910382e-10,1.10711711458527e-10,-1.92134314159301e-10,-2.24488652011924e-11,1.69069875759407e-10,-1.93755622822658e-10,2.17114379544038e-10,-3.84218269038499e-10,3.91612979917068e-10,-4.41995449380484e-10,5.14362883589772e-12,5.13248566488038e-10,3.90310073945038e-10,-6.8865557940573e-11,2.93281715209961e-11,9.33947604278852e-11,1.84615718774125e-10,-1.31251374010982e-10,5.36880292182427e-12,-1.18485349235874e-10,1.29044788698913e-10,-7.67129429890872e-11,-4.71239753957959e-10,2.90916146342158e-11,-8.2019676618209e-11,7.19085913993692e-11,-6.5837318209647e-10,2.43659919517869e-10,2.54852422349599e-11,-9.63672326949869e-11,-2.01892829380876e-10,2.07071432986172e-10,6.95888618745743e-11,-5.79610941146945e-11,-1.05554944825632e-10,-2.87333125534054e-10,-4.11104459668108e-10,2.50876418403873e-10,3.56600976279246e-11,-2.51065583924377e-11,-7.95994876759606e-11,2.31611312975196e-10,1.35020801690188e-10,3.95996190041713e-10,-9.9357743003499e-11,5.95583899930047e-11,-4.08862436011599e-10,1.44238079444582e-10,1.54100128323522e-10,-4.99198475283972e-11,5.38535870335392e-10,-1.5172451989521e-10,-1.78513341011205e-10,-1.54257697868613e-10,1.35557386612788e-10,-8.87073213937482e-11,2.75719033144044e-10,4.20268814809064e-10,1.11619129480898e-09,1.38842310394033e-09,2.56408181232915e-09
