v,0.25
Patm,100000
g,9.81
r,500
G,10^10.77
rho,2700
mu,10^2.17
rc,23
 
M,10^4.93
sigma,0.5
 
tilt_erupt,2.1488nrad
 
-1053,-1052,-1051,-1050,-1049,-1048,-1047,-1046,-1045,-1044,-1043,-1042,-1041,-1040,-1039,-1038,-1037,-1036,-1035,-1034,-1033,-1032,-1031,-1030,-1029,-1028,-1027,-1026,-1025,-1024,-1023,-1022,-1021,-1020,-1019,-1018,-1017,-1016,-1015,-1014,-1013,-1012,-1011,-1010,-1009,-1008,-1007,-1006,-1005,-1004,-1003,-1002,-1001,-1000,-999,-998,-997,-996,-995,-994,-993,-992,-991,-990,-989,-988,-987,-986,-985,-984,-983,-982,-981,-980,-979,-978,-977,-976,-975,-974,-973,-972,-971,-970,-969,-968,-967,-966,-965,-964,-963,-962,-961,-960,-959,-958,-957,-956,-955,-954,-953,-952,-951,-950,-949,-948,-947,-946,-945,-944,-943,-942,-941,-940,-939,-938,-937,-936,-935,-934,-933,-932,-931,-930,-929,-928,-927,-926,-925,-924,-923,-922,-921,-920,-919,-918,-917,-916,-915,-914,-913,-912,-911,-910,-909,-908,-907,-906,-905,-904,-903,-902,-901,-900,-899,-898,-897,-896,-895,-894,-893,-892,-891,-890,-889,-888,-887,-886,-885,-884,-883,-882,-881,-880,-879,-878,-877,-876,-875,-874,-873,-872,-871,-870,-869,-868,-867,-866,-865,-864,-863,-862,-861,-860,-859,-858,-857,-856,-855,-854,-853,-852,-851,-850,-849,-848,-847,-846,-845,-844,-843,-842,-841,-840,-839,-838,-837,-836,-835,-834,-833,-832,-831,-830,-829,-828,-827,-826,-825,-824,-823,-822,-821,-820,-819,-818,-817,-816,-815,-814,-813,-812,-811,-810,-809,-808,-807,-806,-805,-804,-803,-802,-801,-800,-799,-798,-797,-796,-795,-794,-793,-792,-791,-790,-789,-788,-787,-786,-785,-784,-783,-782,-781,-780,-779,-778,-777,-776,-775,-774,-773,-772,-771,-770,-769,-768,-767,-766,-765,-764,-763,-762,-761,-760,-759,-758,-757,-756,-755,-754,-753,-752,-751,-750,-749,-748,-747,-746,-745,-744,-743,-742,-741,-740,-739,-738,-737,-736,-735,-734,-733,-732,-731,-730,-729,-728,-727,-726,-725,-724,-723,-722,-721,-720,-719,-718,-717,-716,-715,-714,-713,-712,-711,-710,-709,-708,-707,-706,-705,-704,-703,-702,-701,-700,-699,-698,-697,-696,-695,-694,-693,-692,-691,-690,-689,-688,-687,-686,-685,-684,-683,-682,-681,-680,-679,-678,-677,-676,-675,-674,-673,-672,-671,-670,-669,-668,-667,-666,-665,-664,-663,-662,-661,-660,-659,-658,-657,-656,-655,-654,-653,-652,-651,-650,-649,-648,-647,-646,-645,-644,-643,-642,-641,-640,-639,-638,-637,-636,-635,-634,-633,-632,-631,-630,-629,-628,-627,-626,-625,-624,-623,-622,-621,-620,-619,-618,-617,-616,-615,-614,-613,-612,-611,-610,-609,-608,-607,-606,-605,-604,-603,-602,-601,-600,-599,-598,-597,-596,-595,-594,-593,-592,-591,-590,-589,-588,-587,-586,-585,-584,-583,-582,-581,-580,-579,-578,-577,-576,-575,-574,-573,-572,-571,-570,-569,-568,-567,-566,-565,-564,-563,-562,-561,-560,-559,-558,-557,-556,-555,-554,-553,-552,-551,-550,-549,-548,-547,-546,-545,-544,-543,-542,-541,-540,-539,-538,-537,-536,-535,-534,-533,-532,-531,-530,-529,-528,-527,-526,-525,-524,-523,-522,-521,-520,-519,-518,-517,-516,-515,-514,-513,-512,-511,-510,-509,-508,-507,-506,-505,-504,-503,-502,-501,-500,-499,-498,-497,-496,-495,-494,-493,-492,-491,-490,-489,-488,-487,-486,-485,-484,-483,-482,-481,-480,-479,-478,-477,-476,-475,-474,-473,-472,-471,-470,-469,-468,-467,-466,-465,-464,-463,-462,-461,-460,-459,-458,-457,-456,-455,-454,-453,-452,-451,-450,-449,-448,-447,-446,-445,-444,-443,-442,-441,-440,-439,-438,-437,-436,-435,-434,-433,-432,-431,-430,-429,-428,-427,-426,-425,-424,-423,-422,-421,-420,-419,-418,-417,-416,-415,-414,-413,-412,-411,-410,-409,-408,-407,-406,-405,-404,-403,-402,-401,-400,-399,-398,-397,-396,-395,-394,-393,-392,-391,-390,-389,-388,-387,-386,-385,-384,-383,-382,-381,-380,-379,-378,-377,-376,-375,-374,-373,-372,-371,-370,-369,-368,-367,-366,-365,-364,-363,-362,-361,-360,-359,-358,-357,-356,-355,-354,-353,-352,-351,-350,-349,-348,-347,-346,-345,-344,-343,-342,-341,-340,-339,-338,-337,-336,-335,-334,-333,-332,-331,-330,-329,-328,-327,-326,-325,-324,-323,-322,-321,-320,-319,-318,-317,-316,-315,-314,-313,-312,-311,-310,-309,-308,-307,-306,-305,-304,-303,-302,-301,-300,-299,-298,-297,-296,-295,-294,-293,-292,-291,-290,-289,-288,-287,-286,-285,-284,-283,-282,-281,-280,-279,-278,-277,-276,-275,-274,-273,-272,-271,-270,-269,-268,-267,-266,-265,-264,-263,-262,-261,-260,-259,-258,-257,-256,-255,-254,-253,-252,-251,-250,-249,-248,-247,-246,-245,-244,-243,-242,-241,-240,-239,-238,-237,-236,-235,-234,-233,-232,-231,-230,-229,-228,-227,-226,-225,-224,-223,-222,-221,-220,-219,-218,-217,-216,-215,-214,-213,-212,-211,-210,-209,-208,-207,-206,-205,-204,-203,-202,-201,-200,-199,-198,-197,-196,-195,-194,-193,-192,-191,-190,-189,-188,-187,-186,-185,-184,-183,-182,-181,-180,-179,-178,-177,-176,-175,-174,-173,-172,-171,-170,-169,-168,-167,-166,-165,-164,-163,-162,-161,-160,-159,-158,-157,-156,-155,-154,-153,-152,-151,-150,-149,-148,-147,-146,-145,-144,-143,-142,-141,-140,-139,-138,-137,-136,-135,-134,-133,-132,-131,-130,-129,-128,-127,-126,-125,-124,-123,-122,-121,-120,-119,-118,-117,-116,-115,-114,-113,-112,-111,-110,-109,-108,-107,-106,-105,-104,-103,-102,-101,-100,-99,-98,-97,-96,-95,-94,-93,-92,-91,-90,-89,-88,-87,-86,-85,-84,-83,-82,-81,-80,-79,-78,-77,-76,-75,-74,-73,-72,-71,-70,-69,-68,-67,-66,-65,-64,-63,-62,-61,-60,-59,-58,-57,-56,-55,-54,-53,-52,-51,-50,-49,-48,-47,-46,-45,-44,-43,-42,-41,-40,-39,-38,-37,-36,-35,-34,-33,-32,-31,-30,-29,-28,-27,-26,-25,-24,-23,-22,-21,-20,-19,-18,-17,-16,-15,-14,-13,-12,-11,-10,-9,-8,-7,-6,-5,-4,-4,-3,-2,-1,0
5.55360488571957e-10,-9.63821139676383e-10,2.15235446895973e-11,-7.9274577181702e-11,7.31176954307621e-10,-7.05280620019118e-10,1.79965783076847e-10,-6.83688165241592e-11,-4.84137486240922e-10,-7.19555749615854e-11,4.19279776393863e-10,-2.23515634309063e-10,3.541371900945e-11,-1.31752869142396e-09,-4.999282268223e-10,2.92900640917251e-10,4.59542979267916e-10,1.73103063140067e-11,9.40610311879626e-10,9.78509447058427e-10,1.0891526358391e-09,-2.45036953456058e-10,-5.68356751004057e-10,3.60285424039652e-10,7.22702007124795e-11,1.55635141780736e-10,-1.64672327895679e-10,-1.62227292358408e-10,-3.79755294186414e-11,3.90805270757934e-10,3.595985384865e-10,-8.86004061525488e-10,-3.94866629213541e-10,-1.03940139598479e-09,-3.33193248920533e-10,7.39734415493021e-11,3.97534676355056e-10,8.30991267667612e-12,-8.9682176238686e-10,5.08748630044088e-10,8.96169986478559e-10,9.94820462484496e-10,-9.04790050216564e-11,2.19119339626916e-10,4.02522857570146e-10,2.99942408971796e-10,4.45415463830379e-10,-1.4262914130585e-10,-1.44680311273462e-10,7.29446091579979e-10,6.67656258847581e-10,3.9363192814812e-10,4.97178858617364e-11,-2.21340304231423e-10,-1.56788346371583e-10,3.87999340064746e-10,3.51653209673652e-10,6.76431755803323e-10,-2.15478694257542e-10,2.37276733685903e-10,2.6850174559941e-10,-4.86548811064365e-10,-2.73411362193765e-10,-4.64802952324455e-11,7.92658246326728e-11,5.2936947941766e-10,4.69009188429342e-10,2.5810563003964e-10,-4.15363951482763e-11,2.3310622693086e-10,1.51989522980533e-10,-4.17419852752081e-10,4.61439821711784e-10,-3.2676061598361e-10,7.62399724306176e-11,8.83423276385585e-10,-1.80502863558513e-10,5.20081976105392e-10,2.70061629577322e-10,-2.52511630560899e-10,9.8758167944442e-11,-2.44642382543863e-11,4.16057695701519e-11,-2.67639519583872e-10,-7.58648625657829e-10,3.18657825727186e-10,2.06054068865049e-10,1.83919560371874e-10,-2.488938786588e-10,5.4015784487862e-10,8.46400836965184e-10,1.39410690885873e-09,-2.86578600457866e-11,-4.7467648863203e-10,4.57850091519667e-10,-1.96556914095497e-10,-1.58559107041113e-10,1.32216983510177e-10,-4.1446408682977e-10,8.66100629383109e-11,1.10387580631272e-10,5.53223871138467e-10,-4.29546744940289e-10,5.73192629169245e-10,1.17128375985021e-10,-6.34918242228032e-10,-3.04619411391264e-10,-2.89662766591115e-10,-2.33670571866787e-10,-9.05680725706835e-10,-4.29943880876058e-10,9.22553128647911e-10,-5.38255667556024e-11,-8.56342773763295e-11,6.39665990581598e-10,-1.08995153672685e-10,2.22767327789983e-10,7.45200471758854e-10,-1.13713570971288e-10,3.91453602070702e-10,-9.39644112731186e-10,7.857998466871e-10,-1.65357141549449e-10,-1.70030979289195e-10,5.55616210615112e-10,4.59857082449501e-10,2.41322007872946e-10,6.4744735760178e-10,1.15169356802147e-10,-3.08160825381046e-10,-1.18491866634529e-09,-3.32504239159303e-10,-3.91791306213318e-10,-2.7840882660958e-10,-3.50830090868419e-11,4.27962537752407e-11,-3.05777526911343e-10,1.06949793328029e-10,-1.39316318806287e-10,-6.21376938481359e-11,2.11232652208764e-10,-7.53495113016318e-10,4.26386295714694e-10,3.53743139175909e-10,-6.82768744488161e-10,-3.2462603887066e-10,-4.49916239349632e-10,1.02197419280117e-10,2.54763434948675e-10,3.17259875080111e-10,-3.41840081185432e-10,1.21023372653612e-11,1.88827596101323e-10,-3.78440344814212e-10,1.10028315113487e-10,-1.11706504091157e-09,1.58560899788289e-11,-7.74864079254946e-11,-8.52219474916689e-11,-3.13697282339383e-10,-1.56362025630374e-10,-1.44218707636854e-10,5.11921702239813e-11,-1.0659890509654e-10,4.31934526904327e-10,1.15502317437333e-10,-5.34212583162552e-10,-2.47842528498713e-11,1.27495507989409e-10,6.30960322876548e-10,-1.18935534479116e-10,-2.06197055507262e-10,2.61750559485389e-10,-2.76386647811717e-10,5.07272242655706e-10,-1.97288811111034e-10,2.09900219274231e-10,2.07400999877595e-10,1.38771781879532e-10,3.92504923140216e-10,-1.74490927144397e-10,-5.92302506415624e-10,4.26489271503321e-10,1.78238580521912e-10,-4.03300974481912e-10,-5.41917349713068e-10,-5.84870478946566e-10,-1.73488843998939e-10,2.29422540409328e-10,-2.53686468686667e-10,1.38372882497913e-10,-2.42914034542781e-10,1.33198874446603e-10,7.13417863288392e-10,-2.58813377496677e-10,7.07725378835166e-10,-3.1958153828888e-10,1.13638138805075e-10,-2.8543608788103e-10,6.02406291975032e-10,3.21670458432654e-10,-2.0810407279565e-10,-4.23642788753814e-10,-2.5785690539451e-11,-6.01438828199792e-11,-1.24570647759834e-10,-1.97156315206608e-10,2.12124838312726e-10,-3.47662625286509e-10,2.93597370648508e-12,-6.23046128104411e-10,-3.91779051427105e-10,-1.36426096755925e-10,1.05517723581989e-10,-6.22023063148892e-10,4.19006911602777e-10,8.13214244514959e-10,2.1781189828912e-10,3.23638224488754e-10,3.9282171332319e-10,2.07181821383843e-10,6.06981565329271e-10,-3.1495605722782e-10,-2.15364175815175e-11,-3.94293938513457e-10,6.48949175365152e-11,-5.45351509216851e-10,8.06103787429624e-10,1.69783173007861e-11,-2.27502952286576e-10,1.42674096562361e-11,2.93660435543357e-11,-1.98737104952296e-10,-2.61517482362352e-10,7.87897314731103e-10,-1.70725463882964e-10,2.23117083072993e-10,3.38420528183949e-10,1.58143474772067e-11,-6.98642716841337e-10,9.79165554970656e-11,-7.19886654040597e-10,-3.68900295182573e-10,2.1568415916286e-10,-1.14885000142893e-11,6.60352454683412e-10,-6.27439919818091e-10,-2.69071384307541e-10,9.61988413406227e-11,4.10823238836738e-11,6.60914534343103e-10,4.36080096413197e-10,-2.99300443431399e-10,-1.13190233933771e-10,5.30457283184817e-10,-2.01713614208089e-10,1.49247033044346e-10,1.42654081056388e-10,6.2332041544517e-10,-1.88524751095416e-10,-7.07273256871775e-10,-2.78677777318e-10,5.25578144429305e-10,3.28095621245658e-10,-1.71489962420205e-10,3.14240462998058e-10,2.51232269607959e-10,-1.0303080641071e-09,3.04624890394842e-10,7.04764600885386e-11,8.47506593661071e-10,4.17660570793286e-10,1.91569209036356e-10,-5.00980491877564e-12,1.45372339565563e-10,2.61100069802291e-10,-4.49029022923614e-10,7.13472834915454e-10,-6.5695013098155e-10,-3.36604967557355e-10,3.72147657064391e-10,9.84392836843714e-10,-3.52860851906249e-10,2.54816672601684e-10,-1.07171843000252e-10,2.89754340182188e-10,2.62994795338193e-10,-4.43767902520063e-11,-3.92702077855289e-10,-3.82123887004212e-10,-6.08361451113885e-10,-6.12550498976417e-10,-7.11535475339442e-10,-1.65331883152531e-09,-2.40872143173635e-10,1.19087206374459e-11,-4.26047129362554e-10,-4.92890552255156e-10,1.23822216732444e-10,-5.70093500953028e-10,-8.89676511599239e-10,4.75700428268818e-10,-2.12811261803894e-11,-2.14487701420458e-10,-1.25995713459759e-10,1.86898106096383e-10,-7.44683394946064e-10,-1.21863832567171e-11,-8.39022673384415e-11,-5.92382797268415e-10,2.61719026664634e-10,-1.17680280647634e-10,-1.07735617172176e-10,-2.07777185558127e-10,-1.38335659494827e-10,-8.37099827756884e-11,-1.42584019972093e-10,-6.23519190429989e-10,-2.70334680517467e-10,-1.4178925204467e-10,-3.35614552173807e-10,-2.56824227028582e-10,1.19264789701594e-10,3.9007095506921e-10,-2.29926348349186e-10,4.07659680604113e-10,3.5214064415011e-10,2.32742570297425e-10,1.54671791414999e-10,7.35617418980115e-10,8.99734122108688e-10,6.15898661298523e-10,4.18985809467083e-10,-1.41380447570146e-10,3.55020854786877e-10,6.54010798923067e-10,-8.06885884277771e-10,-5.17885655402597e-10,9.60281891727501e-10,2.89597579783005e-10,3.89407017701574e-10,-5.88141153897968e-11,6.01365788471415e-10,-1.34961254033567e-09,-2.08613218003417e-10,-3.40276091570719e-10,8.64145683155391e-10,-3.87496444831075e-10,6.12603076096463e-10,-1.18176386082636e-10,-5.45457332611345e-10,1.07526428437621e-09,3.13774059049874e-10,-1.22227128816211e-10,-3.98933830032236e-10,1.47755207956264e-10,5.39306770088353e-11,-1.84317054249216e-10,-1.15870584669648e-10,-1.17552108831232e-10,-1.03389053591457e-10,7.61200959230757e-10,-2.1565976715758e-10,2.6710421480902e-10,-8.8442896661685e-11,-4.01166507172753e-11,4.86639074004986e-10,-3.96848235262435e-10,7.82036619912314e-11,-9.52539952643139e-10,-8.69410711315714e-10,-7.22538156492405e-10,-4.1432971010642e-10,1.30488288641164e-10,1.36280242681376e-10,-1.37428863116097e-10,-3.02057919788669e-10,5.31666253847674e-10,7.49636398481514e-11,4.59261098537148e-10,-1.64890894894728e-10,4.81464584277934e-10,-5.52559917299959e-10,-7.85738718786756e-10,6.74372472875647e-10,8.85025436280555e-10,-1.56466651860205e-10,1.87967712813381e-10,1.81526655540952e-10,1.40095789776138e-11,-5.61748064301421e-10,2.15570076753964e-10,8.79668174303933e-11,-3.33809334091319e-10,-3.34405318730929e-10,-7.77386347826763e-10,4.79263875537656e-10,1.05294081503847e-09,6.42085511862727e-10,-4.66477263017054e-10,5.86833872131834e-10,1.49515883003322e-10,-1.97305129017961e-10,1.24124571974125e-10,2.59552868107851e-10,-5.0531073664154e-10,-9.33885980041756e-12,7.23650782403383e-10,-6.89241847296708e-11,8.67799874600122e-10,-1.25380610013139e-09,4.01035886555845e-10,1.77882203695159e-10,4.45568071201211e-10,-4.5358138469982e-10,-2.19870363889616e-10,-2.49767207579758e-10,3.89408869830532e-10,6.58326070584368e-11,3.94911310316801e-10,1.12187963563695e-10,6.44978534502676e-10,-3.15901996018248e-10,2.2189852602677e-10,3.87410488743334e-10,1.33985863466338e-10,1.54682291761054e-10,-1.19110640833348e-10,3.77137283480838e-10,1.81033388306141e-10,-3.81058986625369e-10,3.68830696085445e-11,7.163197972389e-10,-9.41163946576007e-10,5.33147785620399e-10,2.60377749246084e-10,2.75483029329946e-11,4.1496753876358e-10,1.20052328245888e-10,2.26024831793168e-11,-8.53644560119008e-10,-6.32489742668886e-10,7.18862377710939e-10,-9.8516895843011e-10,-1.19092580980352e-10,-2.33921442036709e-10,-4.39916530895289e-10,-8.87763569448914e-10,6.72704282595991e-10,-5.73426301455447e-10,-5.31357494415123e-11,2.25356943085485e-10,-6.45665444662297e-10,-7.24775191430939e-11,-7.02672545814595e-11,-8.01544210133761e-10,-8.00567366073918e-11,5.00681728886821e-11,-8.93949109029761e-10,-9.65174921916805e-11,1.07739927988707e-09,2.40958609310387e-10,3.17581278502777e-11,-7.81675737760091e-10,3.85801633534169e-10,1.07818838688642e-09,-1.19832841644416e-09,5.518636332294e-11,4.67199995051251e-10,2.83486495229228e-10,3.49105966198549e-10,2.94043575363581e-11,-3.08230675185762e-10,6.3324297227225e-10,-8.59214616281655e-10,7.60499880547736e-11,8.50367082611278e-10,4.39285206882663e-11,-1.10797791774198e-09,7.3620080076864e-12,8.26009153835759e-11,-1.87640690991431e-10,2.39750378547416e-10,-5.53930953610512e-10,-3.90721468274458e-10,4.47971082550859e-10,-2.98640414226254e-10,1.57095580351174e-10,2.09560516697132e-10,6.73587618463796e-10,-5.37917474003986e-10,-3.95645733922968e-10,-3.52416109730072e-10,5.74358120366629e-10,-4.98141394682256e-10,-7.3570718063658e-10,-1.1463941182364e-10,4.97142562296764e-10,-7.41892685009756e-10,3.21828400674605e-10,2.26423841083943e-10,2.57069992439876e-10,-3.91713006700674e-10,8.15329216743555e-10,-5.57324183815077e-10,4.77593109096018e-10,4.03843147415438e-10,-2.36512837389564e-10,8.35363094568633e-10,-4.75516699747111e-10,5.36124313685464e-10,-2.34107236117279e-10,1.98891885556826e-10,-3.1295867135527e-10,-4.22753255318792e-10,7.60244344783874e-11,-4.94283690430877e-10,2.60366604199225e-10,-3.82533711777753e-10,1.53330990420225e-10,1.10450305810282e-10,-9.64534084087272e-10,-8.06419086449032e-10,3.51404830927309e-10,-3.11112540906013e-11,-2.48377367161669e-10,2.74841378852154e-10,2.84132686422468e-10,-1.15731452346132e-10,4.76579803504831e-11,5.1486974840007e-10,-8.95441647374294e-10,-1.64558487700309e-10,-1.02623621616284e-09,4.35273794642541e-10,-6.97302384815014e-10,-3.5364299695192e-10,-1.86501592585786e-10,-4.25462899822372e-10,-2.70253933443264e-10,3.2507793443693e-10,2.33327614410829e-10,8.19282323486331e-10,-4.9629214026013e-10,-7.03919989453224e-10,1.60036831178183e-10,-4.4847341977528e-11,-1.87507312112126e-10,7.02813194995615e-11,-8.66052869340632e-11,-8.86450563505949e-10,-5.41139213480705e-10,5.30870906837912e-10,3.54940992999609e-10,-4.03529958153743e-10,3.61990584105366e-10,3.46892820531325e-10,-4.53059463642305e-10,-1.14567697767317e-10,2.22271751314123e-10,-5.18370256983755e-10,4.09610731856602e-10,-1.26660314276734e-10,-9.56028683269211e-10,4.05286036277632e-10,6.36001869563677e-10,5.42329189274326e-10,-9.34175784720512e-10,-4.62736721954182e-10,-2.78993872561828e-10,-9.84134039468194e-10,-1.69920035871934e-12,2.4322891675469e-10,5.38498585497884e-10,-1.58303747707235e-10,1.7910130626351e-11,7.22504247816868e-10,1.90336302293677e-10,6.89932455991743e-10,-5.93909382476135e-10,8.2073122501552e-10,-6.27008913612896e-10,-1.325421433565e-10,5.47508803519138e-10,-2.77946190280333e-10,7.21812861143485e-10,5.68113307044945e-10,4.04797458309221e-10,-2.0248036522829e-10,-1.22668573804449e-10,-1.55998301900411e-09,-1.3031487446257e-10,-6.18256876694485e-10,3.99808482850188e-10,-9.16190582519068e-10,4.78247040079258e-11,2.71410087938195e-10,5.11690646349414e-10,-2.34688910687416e-10,-2.4265173080147e-10,-1.25357062382178e-10,5.26774672139555e-10,3.40822155814812e-10,2.44483364339352e-10,1.00175601125082e-10,-6.39049979998772e-10,2.45558006210824e-10,-8.94368834628465e-10,1.19389646287916e-09,3.69490664949734e-10,-1.47885562520128e-10,5.25259614769368e-10,1.11637992086274e-09,-3.40092871804224e-10,1.71776712694679e-10,1.45584230917539e-10,-1.2566749262089e-10,6.08564261331009e-10,-1.00962954627858e-11,4.42645671374822e-10,-4.001949517147e-10,-5.98310081005177e-10,5.25703110005396e-10,3.30096148718358e-10,3.73048194741791e-10,-1.16376011936802e-09,-1.42415078967828e-10,-2.34749156641113e-10,2.24607391765594e-10,4.08570088139711e-10,-2.57105552292658e-11,4.67969773287597e-10,2.12266949499989e-10,-4.42404795543103e-10,1.20739055802955e-10,3.54304148415404e-10,-6.44848503343413e-10,-9.97281176913412e-11,-2.82634827940102e-10,-4.9349290817694e-10,-2.80697209427803e-10,5.39929552841565e-10,-4.3577387059291e-10,-2.30682548601827e-10,8.21760989847609e-10,1.34916036750194e-10,-5.55522301841403e-10,7.90278757292559e-10,-2.26762630428449e-10,3.64879191026501e-10,5.85834278513346e-10,9.10958031853881e-11,-1.22476612527294e-09,-9.27351947564749e-11,4.57458068949851e-11,1.59821174515898e-10,-4.25371400312374e-10,1.21479328056003e-10,-2.09043998279461e-10,3.46507637356859e-10,-1.25020163598274e-10,5.16172825371994e-10,-1.64073969307165e-10,7.36913327680538e-10,1.07746137973337e-10,-6.81408213515586e-10,-2.40071926249311e-10,-1.99972040492914e-10,3.41375293567741e-10,2.62993973770451e-10,4.16498169199519e-11,7.64732774331376e-10,3.55882097677036e-10,-8.95659950033786e-11,-2.34723942552647e-10,-5.81467799085568e-10,-4.63361341076424e-10,-8.04513851974231e-10,1.04712244127565e-10,-4.34012196129835e-10,7.87478176649613e-10,5.45703810829963e-10,3.39473282414787e-10,-1.99524387736574e-10,-3.71967745549591e-10,1.39868262903826e-10,-5.86348132177727e-10,4.12244547839575e-10,-1.49505422280676e-10,9.5949145535364e-11,-5.57533563418947e-10,5.97714416291695e-10,-9.28316613937354e-11,9.35288925910302e-10,-3.92400320682894e-10,4.99646592206076e-10,-8.24376090246898e-10,-2.78820902281504e-10,-2.19038612850611e-10,-3.12117375687364e-10,2.85484030196779e-10,-1.38877051485482e-10,6.48858393390674e-11,-1.1323713863558e-09,-8.48222259728849e-11,2.94019037875198e-11,-3.42626139151674e-10,-6.21447110013036e-10,-4.80662209640191e-10,4.60934055603978e-10,2.15366905827146e-10,1.13112940475351e-10,8.81266595063328e-10,-1.852396303777e-10,-4.08886838460046e-11,5.38762047931196e-10,-7.95160372074844e-10,-5.82095322135006e-10,2.90372875758948e-11,-3.09593004144469e-10,-1.68822799282481e-10,-5.98734053048621e-10,4.39890811728201e-10,5.30172034350703e-10,-2.7625044655183e-11,-4.69999400373804e-10,-9.83330690572444e-11,-2.10219605423991e-10,-1.30191174911621e-10,9.71099819246533e-10,6.16720848527833e-10,5.88015089456387e-10,2.13261639820631e-10,8.52851668880545e-11,-1.03365546053991e-09,7.26268243171112e-10,-8.08060080645582e-11,6.44896652427899e-10,2.79161947839505e-10,2.80267418597424e-10,-3.32449392974332e-10,4.10803722316468e-11,-9.38976698382056e-11,3.64367482209121e-10,-1.7849951315221e-10,2.37513763937312e-11,2.19744952452166e-10,-5.27725678438524e-10,1.94038473964198e-11,1.08878705092555e-11,-7.22629517873453e-10,4.6968228487162e-10,4.45890169156021e-10,1.78627175718559e-10,-3.94676670726009e-10,7.6128745932949e-10,1.84547463429663e-10,5.90732484362264e-10,-9.81604420251892e-10,1.61606367268228e-10,1.43719698643513e-10,-4.15149675572104e-10,-5.30687696097991e-10,-5.46976154700444e-11,-2.17318825683955e-10,-5.52632979557021e-10,-1.57707904961392e-10,-6.89630449875849e-11,-3.48845675015376e-10,-6.73697211360624e-10,7.29076143536085e-10,2.07641300891222e-10,1.06136576885198e-10,7.04623241448316e-10,4.78296678904618e-10,-3.92245528830714e-11,-4.73841594367592e-11,2.58342050961775e-10,4.90351210486783e-11,1.93083054744931e-11,-3.16058159680796e-10,-8.57631879704517e-11,7.16148215245139e-11,1.13968571707083e-10,-1.84095467344777e-10,1.25220826683796e-09,-1.06035584822823e-09,5.29900450989792e-10,-2.76889096070829e-10,6.6091794144137e-10,-5.91253554708881e-10,1.48295256317102e-10,-1.54336839253355e-10,-4.23909903750378e-10,-4.48769382369874e-10,-1.03424825860699e-10,8.39270893765725e-11,-2.77985677051923e-10,-2.77855706461394e-10,-6.75080871099882e-10,-1.94537182746293e-11,2.46827388905327e-12,4.31595935827755e-10,-7.267794037891e-10,9.60242420256211e-10,-1.03776930264107e-10,5.38266239787792e-11,-4.73840625261453e-11,-2.56395728239062e-10,3.8915055048633e-10,2.93783453884837e-10,1.16869387438943e-10,-6.8046737840749e-10,-2.34733441248594e-10,6.57060677486513e-10,4.19634308025829e-10,-1.29513338098992e-10,-3.22756114958304e-10,4.48771824033237e-10,1.02025573603104e-09,-1.03169626843094e-10,-8.7158719184741e-10,4.78685320394943e-10,8.17937771564158e-10,4.62350141340199e-11,-6.45453259629987e-10,-6.87257119355734e-10,-2.14893050118368e-10,-7.04509985054246e-11,2.28166977394689e-10,7.25340796454954e-10,-4.31620988542786e-10,-9.94476427026982e-10,-9.95057956967106e-11,8.35084825418659e-11,3.70666508500909e-10,4.00229988512421e-10,4.30829087009363e-10,-5.38075229170889e-11,-4.46018561053194e-10,-1.33141591649478e-10,-4.14082322888713e-10,8.54218321239171e-10,3.43855353097622e-12,-4.36728460928832e-10,-5.04102534689831e-10,-7.91811724840584e-10,-2.05866118007525e-10,-4.4446523577376e-10,-1.90582502589093e-10,2.0777133154352e-10,5.84330525582294e-10,5.22972174368005e-10,-8.32127791380137e-10,4.80763610430527e-10,-2.4606247590487e-10,-1.86346833708173e-10,-5.54425629608139e-12,9.79289552498502e-11,-3.74387489205468e-11,8.6386073412155e-10,-5.07789579385199e-10,-1.79614265785336e-10,-3.06900744958239e-10,-3.0065882774626e-10,-5.02217244817197e-10,1.6229107878981e-10,-4.89876816618451e-11,4.61791033861357e-10,1.45006716709658e-09,2.83366030118287e-10,1.50365718704886e-10,-8.43538153776064e-10,-7.90084132874648e-10,3.84182786487723e-10,4.22855575065638e-10,-1.12781820570022e-10,1.32949631417016e-10,-1.06048843575402e-09,4.54457160398787e-10,-8.14483902160422e-11,-1.38661831396388e-10,-1.32822919487965e-09,-4.09752459272605e-10,1.63895481287643e-10,4.34496796691215e-10,-8.43134026708566e-12,4.94439389039457e-10,2.81749431015735e-10,2.11327903336609e-10,1.96136504303829e-10,-1.53841633762293e-10,-4.16729148418877e-10,9.80388806092447e-10,4.60286153527408e-10,-7.03177203667291e-11,-1.06659405464821e-10,-2.04967650923479e-10,4.41297159954449e-11,6.01071945012357e-10,-8.30278078856174e-11,-5.01813931065696e-10,-4.07374165428881e-10,-5.69856535454752e-11,-4.95347323876282e-10,3.53092748500668e-10,-1.56808533212629e-10,1.19196982818906e-09,-3.74225395808939e-10,2.42394019026765e-10,-2.40114558102709e-10,6.33710793280018e-10,5.80521167992335e-11,8.60262492819678e-10,5.17355379366001e-10,2.132923380207e-10,5.26670659226538e-11,5.30761929501682e-10,7.93812230357648e-10,-1.42166790170334e-10,-2.60105097432472e-10,-2.39710993491588e-10,3.65204435660007e-10,4.21887023196933e-10,2.06185282512757e-10,-1.63639588240635e-10,3.41463338234269e-11,1.79327234560164e-10,7.91983086244017e-10,-1.61337255331736e-10,2.27655205549895e-10,-8.72823764026788e-11,3.92613225618313e-11,-3.43790827588928e-10,-6.2179514189399e-10,-9.07133050508833e-11,8.0203947466656e-10,3.90652244720226e-11,-4.8753732598949e-10,1.85616303120106e-10,2.99554314161308e-10,7.76930249756062e-10,-5.82567258844941e-10,-4.60088966895113e-12,-5.85553456336334e-10,-7.17902516370162e-10,-2.679366302326e-10,2.09250710099244e-10,-1.48852194450224e-10,7.05980864034042e-11,-5.31164776355922e-10,-7.68545730047558e-10,-2.16448248685014e-10,8.94368657566355e-11,2.79118559242069e-10,5.97947597654474e-10,-4.15210059955296e-10,4.210227181868e-10,-3.21508154811859e-10,-5.31476179644685e-10,6.43397879212141e-10,-2.71257340483061e-10,-1.61510052074807e-10,2.59806730043004e-10,-4.6091641149053e-10,1.0862917269605e-09,-1.65406744614186e-10,7.13155694702758e-10,-3.23390258824518e-10,7.2356162242824e-10,1.57762876001293e-10,-3.99149105309779e-10,4.83052631646741e-10,-1.18843979398138e-10,7.73991309451218e-11,-6.28905718237952e-10,2.27715623024749e-10,-3.76606258703006e-10,-4.86967669979809e-10,2.94279456187612e-11,-4.20526851336683e-10,7.17300840696512e-11,-1.17489276831239e-09,3.00250633028852e-10,1.07751913869929e-10,-3.58372534734044e-10,9.38692536364671e-10,7.59546876233457e-10,5.02832325669158e-10,-4.1230393200152e-10,-3.65241171010819e-10,-3.57847105926403e-10,9.69336983602489e-11,3.02066532390634e-10,-4.45531407333597e-10,-2.14095399736334e-10,-8.77248535531275e-11,-2.55190846023963e-10,-1.63935316886445e-10,2.06622016191269e-10,-1.30545916479745e-10,-7.59665044437938e-10,8.72520909664167e-10,4.97955583049268e-11,5.29269418027568e-10,-1.21445535622021e-10,-4.11048046119695e-10,-5.6317716213652e-11,8.31015940014106e-11,-1.0313975150907e-10,4.31299270072854e-10,-8.75974546229243e-11,3.44619671069221e-10,2.97644557694514e-10,6.41114934525363e-10,-8.8943550725712e-10,-3.86878244507034e-10,-5.58398835144695e-11,3.64642663125176e-10,2.77335559401657e-11,8.74294198551518e-10,1.58215530052697e-10,-8.24364279118689e-10,6.00168040084604e-10,4.53598136773498e-10,1.57446868279123e-10,1.88285241255131e-10,-3.1872386808597e-10,7.17065146018909e-10,6.90257383248834e-10,6.31405541205892e-11,-8.14699122033739e-10,6.95089815339233e-10,-1.67817369611306e-10,-2.03194588485836e-10,2.47659628126754e-10,-1.51425120998755e-11,-6.01798836643272e-10,8.35290434838577e-10,-9.36870088600301e-10,6.25862412387232e-10,-7.90270943934525e-10,-7.98953548994715e-11,-5.17740695082596e-10,-1.03273015800724e-09,-5.93721032774171e-10,-8.96314643538015e-10,-1.14818497555077e-10,5.38647068872657e-10,-1.24482844059647e-10,5.12638398982376e-10,-2.72421193399102e-10,1.13195506410313e-09,6.31159564805828e-10,2.33175919188439e-09
