v,0.25
Patm,100000
g,9.81
r,500
G,10^10.77
rho,2700
mu,10^2.17
rc,23
 
M,10^5.85
sigma,0.1
 
tilt_erupt,17.9849nrad
 
-1373,-1372,-1371,-1370,-1369,-1368,-1367,-1366,-1365,-1364,-1363,-1362,-1361,-1360,-1359,-1358,-1357,-1356,-1355,-1354,-1353,-1352,-1351,-1350,-1349,-1348,-1347,-1346,-1345,-1344,-1343,-1342,-1341,-1340,-1339,-1338,-1337,-1336,-1335,-1334,-1333,-1332,-1331,-1330,-1329,-1328,-1327,-1326,-1325,-1324,-1323,-1322,-1321,-1320,-1319,-1318,-1317,-1316,-1315,-1314,-1313,-1312,-1311,-1310,-1309,-1308,-1307,-1306,-1305,-1304,-1303,-1302,-1301,-1300,-1299,-1298,-1297,-1296,-1295,-1294,-1293,-1292,-1291,-1290,-1289,-1288,-1287,-1286,-1285,-1284,-1283,-1282,-1281,-1280,-1279,-1278,-1277,-1276,-1275,-1274,-1273,-1272,-1271,-1270,-1269,-1268,-1267,-1266,-1265,-1264,-1263,-1262,-1261,-1260,-1259,-1258,-1257,-1256,-1255,-1254,-1253,-1252,-1251,-1250,-1249,-1248,-1247,-1246,-1245,-1244,-1243,-1242,-1241,-1240,-1239,-1238,-1237,-1236,-1235,-1234,-1233,-1232,-1231,-1230,-1229,-1228,-1227,-1226,-1225,-1224,-1223,-1222,-1221,-1220,-1219,-1218,-1217,-1216,-1215,-1214,-1213,-1212,-1211,-1210,-1209,-1208,-1207,-1206,-1205,-1204,-1203,-1202,-1201,-1200,-1199,-1198,-1197,-1196,-1195,-1194,-1193,-1192,-1191,-1190,-1189,-1188,-1187,-1186,-1185,-1184,-1183,-1182,-1181,-1180,-1179,-1178,-1177,-1176,-1175,-1174,-1173,-1172,-1171,-1170,-1169,-1168,-1167,-1166,-1165,-1164,-1163,-1162,-1161,-1160,-1159,-1158,-1157,-1156,-1155,-1154,-1153,-1152,-1151,-1150,-1149,-1148,-1147,-1146,-1145,-1144,-1143,-1142,-1141,-1140,-1139,-1138,-1137,-1136,-1135,-1134,-1133,-1132,-1131,-1130,-1129,-1128,-1127,-1126,-1125,-1124,-1123,-1122,-1121,-1120,-1119,-1118,-1117,-1116,-1115,-1114,-1113,-1112,-1111,-1110,-1109,-1108,-1107,-1106,-1105,-1104,-1103,-1102,-1101,-1100,-1099,-1098,-1097,-1096,-1095,-1094,-1093,-1092,-1091,-1090,-1089,-1088,-1087,-1086,-1085,-1084,-1083,-1082,-1081,-1080,-1079,-1078,-1077,-1076,-1075,-1074,-1073,-1072,-1071,-1070,-1069,-1068,-1067,-1066,-1065,-1064,-1063,-1062,-1061,-1060,-1059,-1058,-1057,-1056,-1055,-1054,-1053,-1052,-1051,-1050,-1049,-1048,-1047,-1046,-1045,-1044,-1043,-1042,-1041,-1040,-1039,-1038,-1037,-1036,-1035,-1034,-1033,-1032,-1031,-1030,-1029,-1028,-1027,-1026,-1025,-1024,-1023,-1022,-1021,-1020,-1019,-1018,-1017,-1016,-1015,-1014,-1013,-1012,-1011,-1010,-1009,-1008,-1007,-1006,-1005,-1004,-1003,-1002,-1001,-1000,-999,-998,-997,-996,-995,-994,-993,-992,-991,-990,-989,-988,-987,-986,-985,-984,-983,-982,-981,-980,-979,-978,-977,-976,-975,-974,-973,-972,-971,-970,-969,-968,-967,-966,-965,-964,-963,-962,-961,-960,-959,-958,-957,-956,-955,-954,-953,-952,-951,-950,-949,-948,-947,-946,-945,-944,-943,-942,-941,-940,-939,-938,-937,-936,-935,-934,-933,-932,-931,-930,-929,-928,-927,-926,-925,-924,-923,-922,-921,-920,-919,-918,-917,-916,-915,-914,-913,-912,-911,-910,-909,-908,-907,-906,-905,-904,-903,-902,-901,-900,-899,-898,-897,-896,-895,-894,-893,-892,-891,-890,-889,-888,-887,-886,-885,-884,-883,-882,-881,-880,-879,-878,-877,-876,-875,-874,-873,-872,-871,-870,-869,-868,-867,-866,-865,-864,-863,-862,-861,-860,-859,-858,-857,-856,-855,-854,-853,-852,-851,-850,-849,-848,-847,-846,-845,-844,-843,-842,-841,-840,-839,-838,-837,-836,-835,-834,-833,-832,-831,-830,-829,-828,-827,-826,-825,-824,-823,-822,-821,-820,-819,-818,-817,-816,-815,-814,-813,-812,-811,-810,-809,-808,-807,-806,-805,-804,-803,-802,-801,-800,-799,-798,-797,-796,-795,-794,-793,-792,-791,-790,-789,-788,-787,-786,-785,-784,-783,-782,-781,-780,-779,-778,-777,-776,-775,-774,-773,-772,-771,-770,-769,-768,-767,-766,-765,-764,-763,-762,-761,-760,-759,-758,-757,-756,-755,-754,-753,-752,-751,-750,-749,-748,-747,-746,-745,-744,-743,-742,-741,-740,-739,-738,-737,-736,-735,-734,-733,-732,-731,-730,-729,-728,-727,-726,-725,-724,-723,-722,-721,-720,-719,-718,-717,-716,-715,-714,-713,-712,-711,-710,-709,-708,-707,-706,-705,-704,-703,-702,-701,-700,-699,-698,-697,-696,-695,-694,-693,-692,-691,-690,-689,-688,-687,-686,-685,-684,-683,-682,-681,-680,-679,-678,-677,-676,-675,-674,-673,-672,-671,-670,-669,-668,-667,-666,-665,-664,-663,-662,-661,-660,-659,-658,-657,-656,-655,-654,-653,-652,-651,-650,-649,-648,-647,-646,-645,-644,-643,-642,-641,-640,-639,-638,-637,-636,-635,-634,-633,-632,-631,-630,-629,-628,-627,-626,-625,-624,-623,-622,-621,-620,-619,-618,-617,-616,-615,-614,-613,-612,-611,-610,-609,-608,-607,-606,-605,-604,-603,-602,-601,-600,-599,-598,-597,-596,-595,-594,-593,-592,-591,-590,-589,-588,-587,-586,-585,-584,-583,-582,-581,-580,-579,-578,-577,-576,-575,-574,-573,-572,-571,-570,-569,-568,-567,-566,-565,-564,-563,-562,-561,-560,-559,-558,-557,-556,-555,-554,-553,-552,-551,-550,-549,-548,-547,-546,-545,-544,-543,-542,-541,-540,-539,-538,-537,-536,-535,-534,-533,-532,-531,-530,-529,-528,-527,-526,-525,-524,-523,-522,-521,-520,-519,-518,-517,-516,-515,-514,-513,-512,-511,-510,-509,-508,-507,-506,-505,-504,-503,-502,-501,-500,-499,-498,-497,-496,-495,-494,-493,-492,-491,-490,-489,-488,-487,-486,-485,-484,-483,-482,-481,-480,-479,-478,-477,-476,-475,-474,-473,-472,-471,-470,-469,-468,-467,-466,-465,-464,-463,-462,-461,-460,-459,-458,-457,-456,-455,-454,-453,-452,-451,-450,-449,-448,-447,-446,-445,-444,-443,-442,-441,-440,-439,-438,-437,-436,-435,-434,-433,-432,-431,-430,-429,-428,-427,-426,-425,-424,-423,-422,-421,-420,-419,-418,-417,-416,-415,-414,-413,-412,-411,-410,-409,-408,-407,-406,-405,-404,-403,-402,-401,-400,-399,-398,-397,-396,-395,-394,-393,-392,-391,-390,-389,-388,-387,-386,-385,-384,-383,-382,-381,-380,-379,-378,-377,-376,-375,-374,-373,-372,-371,-370,-369,-368,-367,-366,-365,-364,-363,-362,-361,-360,-359,-358,-357,-356,-355,-354,-353,-352,-351,-350,-349,-348,-347,-346,-345,-344,-343,-342,-341,-340,-339,-338,-337,-336,-335,-334,-333,-332,-331,-330,-329,-328,-327,-326,-325,-324,-323,-322,-321,-320,-319,-318,-317,-316,-315,-314,-313,-312,-311,-310,-309,-308,-307,-306,-305,-304,-303,-302,-301,-300,-299,-298,-297,-296,-295,-294,-293,-292,-291,-290,-289,-288,-287,-286,-285,-284,-283,-282,-281,-280,-279,-278,-277,-276,-275,-274,-273,-272,-271,-270,-269,-268,-267,-266,-265,-264,-263,-262,-261,-260,-259,-258,-257,-256,-255,-254,-253,-252,-251,-250,-249,-248,-247,-246,-245,-244,-243,-242,-241,-240,-239,-238,-237,-236,-235,-234,-233,-232,-231,-230,-229,-228,-227,-226,-225,-224,-223,-222,-221,-220,-219,-218,-217,-216,-215,-214,-213,-212,-211,-210,-209,-208,-207,-206,-205,-204,-203,-202,-201,-200,-199,-198,-197,-196,-195,-194,-193,-192,-191,-190,-189,-188,-187,-186,-185,-184,-183,-182,-181,-180,-179,-178,-177,-176,-175,-174,-173,-172,-171,-170,-169,-168,-167,-166,-165,-164,-163,-162,-161,-160,-159,-158,-157,-156,-155,-154,-153,-152,-151,-150,-149,-148,-147,-146,-145,-144,-143,-142,-141,-140,-139,-138,-137,-136,-135,-134,-133,-132,-131,-130,-129,-128,-127,-126,-125,-124,-123,-122,-121,-120,-119,-118,-117,-116,-115,-114,-113,-112,-111,-110,-109,-108,-107,-106,-105,-104,-103,-102,-101,-100,-99,-98,-97,-96,-95,-94,-93,-92,-91,-90,-89,-88,-87,-86,-85,-84,-83,-82,-81,-80,-79,-78,-77,-76,-75,-74,-73,-72,-71,-70,-69,-68,-67,-66,-65,-64,-63,-62,-61,-60,-59,-58,-57,-56,-55,-54,-53,-52,-51,-50,-49,-48,-47,-46,-45,-44,-43,-42,-41,-40,-39,-38,-37,-36,-35,-34,-34,-33,-32,-31,-30,-29,-28,-27,-26,-25,-24,-23,-22,-21,-20,-19,-18,-17,-16,-15,-14,-13,-12,-11,-10,-9,-8,-7,-6,-5,-4,-3,-2,-1,0
6.88751304189983e-11,-5.70065084349809e-13,1.17174411829977e-10,4.9888948299471e-11,1.05335218473192e-10,1.38079313722261e-10,-2.45490239096281e-11,-2.90526029271932e-11,-9.13973381917535e-11,-1.13271464558987e-10,1.34084454692281e-10,8.95458825181161e-12,1.57803979714939e-11,-7.25420308200151e-11,7.72049556774003e-12,-2.60937278471328e-11,5.22019964022503e-11,2.91646721093294e-11,-1.16626987029745e-11,8.13357361558793e-12,1.38113372312644e-10,5.66008514124252e-11,-1.20439238949321e-12,1.53121633858636e-10,-1.45824394678033e-11,2.20158892270429e-11,-9.48600578296817e-11,9.16710904023521e-11,-8.28602744753345e-11,-9.38514631273143e-11,6.98786499732053e-11,-1.03763419845992e-11,9.90483406599894e-12,1.32268653115877e-10,-8.92174272910952e-11,2.62988115881023e-10,-3.94135052194391e-11,-2.37209373609699e-11,-1.01898353070007e-10,1.30486854209975e-10,9.48024663779554e-12,-8.17479740834348e-12,1.50906642988446e-10,3.41673969312836e-10,2.206778954865e-11,1.28844284939404e-10,3.55395062233722e-11,-1.99663067930106e-10,2.89436664354669e-11,-5.94193789369999e-11,-7.62141075436203e-11,6.59389689905205e-11,4.57061373763911e-11,1.49549514740156e-10,-5.0776869593047e-11,-1.3688511634813e-10,9.02190541191993e-11,2.02147879625648e-10,-1.66625082755993e-11,-2.15652639661332e-10,-6.85707619235336e-11,3.35308952656883e-11,-4.599621079635e-11,-8.16949433123283e-11,4.23756916390286e-11,5.10396351855425e-11,6.29262334181659e-11,3.24874761444229e-11,-1.09729774829652e-10,2.93669078712881e-11,-3.35112414863135e-12,2.96957310605434e-11,3.64179329042656e-11,7.14022678826757e-11,1.75263609278409e-11,-1.1848964458523e-11,-8.00521601166164e-11,3.70778417321508e-11,4.77641444279842e-11,1.13696146769776e-10,5.0900266281737e-11,1.11574318188489e-10,7.95275218423127e-12,-1.84753986127267e-10,7.68736850549318e-11,1.07200369079967e-10,1.58172921401032e-10,5.70219566444326e-11,-6.49555400761566e-12,-1.96930612711207e-11,-1.03932078165576e-10,4.93059115277885e-11,-1.63817997121011e-10,2.44180449643218e-11,6.09099707028785e-11,1.66353066724442e-10,2.10513560619117e-10,2.06360924840926e-10,2.47260526670512e-10,-6.02137673432995e-11,-9.07871709335552e-11,-7.2849089871179e-13,-8.42250979440252e-11,9.5507611768344e-11,1.59093748212323e-10,-1.17113018352132e-10,-7.82499891897648e-11,2.11692961881537e-10,1.07723407285255e-10,-2.01845915330181e-11,1.17195612954168e-10,4.24572078908626e-11,-4.96440950969611e-11,1.61037485084409e-10,-6.92194251226797e-11,-1.30883260344554e-10,-8.4026029996973e-11,2.23614389477445e-10,-8.33348377227101e-14,-1.3745048502547e-10,7.12991761458183e-11,3.2524200827531e-11,8.12363993469594e-11,6.9232176479007e-11,2.95635630429023e-11,-1.24322350349677e-10,-9.29966565829933e-11,2.21441177209416e-12,-6.14898132568551e-12,4.70375457512448e-11,-1.12276800901958e-10,2.23905199751554e-10,-1.44854091036786e-10,-1.20117380522476e-10,1.19025490981774e-10,4.46649816074003e-11,-1.35913536476632e-11,-1.58527414978183e-10,-1.2606312178752e-10,-1.2863031327171e-10,-8.49624072049957e-11,5.30217001724054e-11,-2.13923548373392e-12,9.47291405376306e-11,1.02436660726283e-10,-1.57621933029443e-10,-4.77119346015997e-11,-6.3631134017766e-11,-6.33921704119378e-11,-1.73315505344841e-10,3.96236138493765e-11,-5.51792853645484e-11,-7.33097176118324e-11,-9.42570487500953e-11,-9.09047344390049e-11,2.70482704387094e-10,1.0090745113991e-10,-3.82204812899202e-11,-5.56615034911756e-11,-6.1518906315906e-11,-3.34611567649049e-11,4.62524905570029e-11,6.75164848701236e-12,-1.68932915718712e-10,-6.33132263530747e-11,-3.93826464142778e-11,3.15179554014371e-11,2.54151338942339e-11,-3.98920466873348e-11,1.93570370431271e-11,-8.50787673095638e-12,-2.4681101539097e-11,8.26306652220527e-11,1.28919396350019e-11,1.47734054593176e-10,6.88250800933631e-11,3.46870891407744e-12,-3.3092078900402e-11,-2.64732222723858e-11,-5.33745303948696e-11,-5.4485439884838e-11,-2.42267124274071e-11,-9.63376518574874e-12,-7.24255289044316e-11,3.74381411825169e-11,-2.01593816645029e-11,-6.10668487735127e-11,4.97139825951419e-11,-1.34595700204185e-11,-1.46844994304323e-10,-7.84815145290235e-11,-2.56580320379158e-10,-1.80043663798433e-11,-4.76326875765559e-12,-9.98317533027375e-11,-4.84937842033995e-11,-1.22753987444724e-11,2.43270619656512e-10,2.75148184437864e-10,1.24912848886972e-11,-1.07160048142813e-12,-9.23288758314306e-11,-1.10400008676743e-10,-4.87177619203019e-12,-1.15798195360476e-10,7.76459642542773e-11,-2.42965465974198e-11,2.78846558048702e-10,-1.35116230016718e-10,-1.14422924139804e-10,2.84326477876115e-12,-1.6875222589419e-10,-2.0754669844632e-11,2.62067329347562e-11,8.55331834956782e-11,1.36704459808306e-11,1.433060540608e-11,1.43683577159468e-10,-1.88204094641244e-11,-1.95780824130668e-10,1.96453057379066e-10,4.12817453026584e-11,8.12376364569299e-13,7.0185846652142e-11,-1.21424364181219e-10,1.71760155940973e-11,7.74144436352206e-11,-2.93902549735235e-11,2.58704144550367e-11,4.30176676702522e-11,-7.28017304599821e-11,-4.566653689785e-11,-5.69426701303466e-11,5.2358714369297e-11,-8.151905243012e-11,3.91693081032227e-11,9.49182358086212e-12,-5.71917452032033e-11,-1.08306392650764e-10,6.87904237998352e-11,1.06807140261569e-10,-2.69202899894328e-11,-2.88957683698241e-11,-1.11750055276394e-12,2.0248486114439e-10,8.56747464755586e-12,-1.92959024971594e-10,-1.44364143393927e-10,7.54879844640224e-11,-1.5659183984957e-12,-1.33520171351271e-10,1.0093443520956e-10,-1.05368779266318e-10,-1.94275627170668e-10,8.20910612959631e-11,-1.14248294008868e-10,1.23809252401193e-10,1.80587586945918e-11,-6.56511036520674e-11,4.38398197099319e-11,2.55472145798874e-12,-4.01157952433464e-11,-1.17580331099172e-10,-2.09398772222444e-10,1.28736752918403e-10,1.0530638474509e-11,1.58389251671454e-11,4.6630382718864e-11,1.85001375312786e-11,1.34801691399643e-10,6.74089958929638e-11,-6.57628940152871e-11,2.09506668035009e-10,-1.45244284858728e-10,-1.08148373249078e-11,-1.50058927586235e-10,1.41910100108118e-11,-5.58384221234292e-11,-1.14243958729565e-10,-7.25591654721146e-11,2.3074836695047e-11,9.22828730835088e-11,1.38223806555351e-10,1.49259200446543e-11,-2.65174770013865e-10,-1.45254374973401e-10,-5.48967720619433e-11,1.42540861724195e-10,-1.06543124530313e-10,3.15327149565034e-12,-2.02736581772006e-11,9.14966337745788e-12,-1.04950697395574e-10,-2.14751052527898e-10,1.46411254293593e-10,1.25206128105674e-10,-4.608099374895e-11,-2.6102823738459e-10,3.5725854057881e-11,6.44538222154353e-11,-1.68016985892251e-10,5.79243110818945e-11,-4.2526691895069e-12,-1.08820544545288e-10,-3.8897982687964e-12,2.58166113342324e-11,2.48243970708206e-11,-9.42281673041872e-11,2.5275487118422e-11,-3.53740731930995e-11,-2.70355340097221e-12,-1.22941661979371e-10,-1.97004129378733e-10,1.00479589530234e-10,-3.00712430923245e-11,-3.89859549504358e-11,1.50646396838375e-10,3.30069994735562e-11,9.77377043362305e-11,-6.4122869196919e-12,4.37952872207532e-11,2.57074752931782e-11,1.7140536561325e-11,-4.25916055123417e-11,8.00451862440402e-11,5.72859930028532e-11,1.07559019558065e-10,3.44823199572721e-11,3.40217394538334e-11,1.83564317568976e-10,-1.253371683885e-10,2.55477204634065e-11,9.40167811138213e-11,1.22358981617816e-10,6.33406477417303e-12,1.08313028338731e-10,7.98051213589157e-11,2.79036948252857e-11,3.17279319129622e-11,4.66533408177608e-11,-7.55879981532671e-11,1.72217465092179e-11,1.65002695782877e-10,1.15578614153303e-10,-6.46169154943234e-11,3.3345720001632e-11,3.68462758298982e-11,-8.01661263634566e-11,5.40494525132274e-11,-2.28417844926056e-10,-2.21269559298867e-10,-3.77116038423946e-11,-6.00786736522672e-11,7.44268501808141e-11,7.4222467083313e-11,-5.32498734387365e-11,-7.668960312213e-12,5.32710505834489e-12,6.32365152767309e-11,5.35533251212049e-11,2.20253317829961e-11,3.87064131551109e-11,-9.07228986680369e-11,-6.9845287403698e-12,2.07883296709464e-11,6.69897477606134e-11,-1.63879991821559e-10,-3.85065497590927e-11,-6.05157647254602e-11,7.82858672774537e-11,-9.03381501222382e-11,4.53961765222834e-11,-1.63338440954027e-10,-4.53747616524329e-11,1.79090343925142e-10,-4.46622016862893e-11,-8.66708938739152e-12,-1.10296155653793e-10,-1.63521425356807e-10,-7.1929367817558e-11,-7.82745144479081e-11,5.45888964165812e-11,2.03053505749731e-11,9.90241048250081e-11,-1.84463725635798e-10,3.38856881936226e-12,-5.79727932487682e-11,-1.24386552055773e-10,1.42467540668984e-10,-1.04527435488861e-10,2.29094907637626e-11,-1.11952145239594e-10,-1.94436754301183e-10,1.33001343767426e-10,-9.30629163715333e-11,-8.20337741527989e-11,-2.55987467866363e-11,1.0872125038611e-10,1.25326578579841e-11,-4.74009591217933e-11,-3.34422290433569e-10,-7.95363416526617e-11,2.17046631198349e-10,8.713285063866e-11,2.23861525926556e-10,-9.55428714872207e-11,4.27918368764995e-12,3.64111267976895e-11,9.59924396830257e-12,2.61749401138793e-10,-1.69714554362151e-10,5.13888995186847e-11,-7.24964019093851e-11,1.73922749745762e-10,6.66208152258181e-11,-1.19716867520654e-10,2.02444797876026e-10,-4.88077062446923e-11,2.63077755736525e-11,7.16132700087017e-12,1.15699479449093e-11,-8.84853200071315e-12,-5.93973242625602e-12,1.47119866508201e-10,2.73802004489254e-11,1.16398360271539e-11,2.21369160236054e-10,-1.48952916873145e-11,6.92924578516213e-11,-4.54543254594104e-12,-8.18044821945623e-11,-1.01831656528919e-10,5.33255017778741e-11,-1.1445181190081e-11,1.71564341569894e-11,-8.56385233763696e-11,2.24773863556291e-10,-9.86836288475477e-11,2.20842273227717e-11,-9.02831833120345e-11,-3.13149334244863e-11,1.25383389096277e-10,-6.42930837348667e-11,1.50297969192882e-10,1.54546321010677e-10,7.73910424675421e-11,-1.79166954089021e-11,-6.60242171281977e-11,5.9437123795687e-11,1.05602028010435e-10,2.14837013157513e-11,-2.27097154702029e-10,1.7549634767682e-11,-1.73957653294559e-12,6.03124494835035e-11,2.52301509234385e-10,-4.5779327807831e-12,-1.62577646477998e-10,-6.20441727364024e-11,3.46613533757018e-11,1.5144475922038e-12,-2.68465466184027e-11,-5.20073835313345e-11,-1.68808460078292e-11,4.98322598984529e-11,8.4678317759811e-13,2.01057980295258e-10,6.56242514843846e-13,-1.08220165196858e-10,-5.92884339119652e-12,1.62569171122435e-10,-9.71505748188675e-11,1.4049518184639e-10,-6.1114219417829e-11,7.46996970181855e-11,1.08996213937914e-10,4.10083449574135e-11,1.25054870146308e-10,1.02780277510122e-10,-3.92425523474594e-11,4.39689662746942e-12,-1.36407633529711e-10,6.76073488816561e-11,-1.82578063379404e-10,-1.10438181348348e-10,-6.16590170652242e-11,9.29367112775506e-11,1.1599830551871e-10,4.27708319871243e-11,-4.76069588597645e-11,-3.83001842640949e-11,-4.50791061641577e-11,5.60153823779988e-11,7.26870052881135e-11,-5.99632187057346e-11,-3.03679337863833e-11,1.84326256445808e-10,-1.90330618380819e-11,1.24559106682163e-10,9.12356643770687e-11,-1.70810695433266e-10,4.39239847360175e-11,-1.06258804358363e-10,3.39117861471944e-11,-1.02321880697299e-10,-3.56625837893506e-11,-5.59497861554341e-12,-7.07412175364653e-11,-1.80639020140616e-10,-3.42948527531706e-12,-1.05062791523641e-10,-5.49948288569433e-11,-3.62148384290468e-11,1.7870021379587e-12,-7.35623625020127e-11,-3.02272874476489e-11,-3.13079864885624e-10,7.6703516304548e-11,2.58821459368603e-11,5.58525981374376e-11,1.29454130601807e-10,-6.3208047194453e-11,8.3859758512057e-11,8.45053855709865e-11,-3.04163223445399e-11,5.03973778178197e-11,8.84456860373017e-12,9.54010715238387e-11,-4.58992614840389e-11,-9.46068480723906e-11,3.51392271975523e-11,-5.15182006160232e-11,3.30055277332572e-11,9.6659224623708e-11,7.79569620877806e-11,2.33071276598914e-11,-1.68795227854645e-11,-4.54439485550575e-11,1.12859551211952e-10,6.25774525092116e-11,-1.79411842768645e-10,-7.57349662204845e-11,-1.14071956705046e-10,-9.95687811070224e-11,-8.02394884868266e-11,1.47007366798016e-10,1.42339858232522e-11,6.40805327720137e-11,-1.58921965964651e-10,4.84449146063914e-11,-2.02341380988176e-10,-3.74872076245195e-11,-6.5674923399051e-11,4.94539049971002e-11,1.95860097998983e-10,4.30910248051856e-12,3.38369898877368e-11,-8.33234928425155e-11,-3.02907638004736e-11,-3.51386560649323e-10,1.10261970195255e-10,3.96499738072473e-11,-6.35627590568336e-11,2.17429039811325e-10,7.44591635776554e-12,-7.55794524548137e-11,3.53682016967495e-11,4.22034230311304e-11,1.00279891599101e-10,1.48172237889346e-10,-3.86480255776417e-11,-1.4750507361668e-10,1.66902406670546e-10,1.16514507808765e-10,3.17156247642687e-11,-8.17732617878698e-11,-3.20514666230492e-11,1.18826431394448e-10,-5.56782834102937e-11,-1.91535822065678e-10,-3.18851973309145e-11,-6.64700959403504e-11,7.89088190452142e-11,5.46351935811407e-11,1.07062808992911e-10,-1.72124331018261e-11,2.20752705434257e-10,4.90625648967783e-12,7.74805413076965e-11,1.20959317703567e-10,2.00319600560902e-10,-1.35840236046732e-10,-1.90553794003036e-11,6.67401887657635e-11,5.69674659660374e-11,-2.55889156840424e-11,-1.95286399181322e-10,2.05184784498821e-11,6.06249677567852e-11,3.81847267714286e-11,-1.08878043652412e-10,1.34219669971234e-10,-2.66832163732923e-11,-4.46081730612032e-11,-7.07774216583232e-11,3.52369382416168e-11,7.132604554077e-11,-2.17810085570009e-11,-6.33762729005688e-11,1.03744228803412e-10,-8.09840687680368e-11,7.46373725517976e-11,-4.52526355836905e-11,5.68281473255488e-11,-1.49692324476262e-10,7.69915230731145e-11,1.51539402834181e-11,-3.30550672401049e-11,2.59509388051997e-10,-9.35909875959393e-11,4.12762836840262e-11,-1.27827612413206e-10,-9.76006121624123e-11,-1.25741310046501e-10,1.31283489105623e-10,5.71602460073346e-11,1.00148431185791e-11,-9.96572425304611e-11,7.79667173343016e-12,1.23112432838955e-11,6.18207684744364e-11,9.9936652313139e-11,1.36021040509938e-11,-5.0800884418738e-11,1.19701832715276e-10,-1.8546443816747e-10,-1.1336009697572e-10,1.21766073414345e-10,-1.81084276949386e-10,6.92221649381991e-11,-1.54966409447642e-12,-5.61171820732397e-11,2.18648054802487e-10,-5.88344675488692e-11,-7.10193769304402e-12,-3.77608341234733e-12,2.85383714291906e-11,-4.44653236034421e-11,-6.03017008387068e-11,2.92179027819343e-11,-2.2020196793749e-11,8.32603988372631e-11,7.40626672520511e-11,6.24757796303258e-11,4.75141621114725e-11,3.47301499656617e-12,4.72250941504813e-11,7.93380231956344e-11,-2.46068076042707e-10,-6.69944284001947e-11,-2.61101182971473e-11,-4.00303160711235e-11,-5.05128078181919e-11,-5.27311157244844e-11,-1.42711136071722e-11,1.89245538615359e-10,-1.09216910713355e-10,8.40406876049554e-11,2.68089041926587e-11,-1.70136062884691e-10,-8.85870113801359e-11,2.85328579009759e-11,-4.45938793686051e-11,-7.89627125325293e-11,-7.2966287942888e-11,5.48297493728078e-11,-7.53395167185555e-11,-4.07487267898401e-11,-5.63359009370421e-11,1.44328972563834e-10,1.25307533750479e-10,-1.6700382396404e-10,1.17433140675362e-10,-9.56398223716764e-11,-1.0332306698319e-11,1.13291332497327e-10,3.96634712813228e-11,4.4536957214882e-12,4.336428569621e-11,-1.08736564247783e-10,1.04441484361203e-10,4.5390087440613e-12,-1.95447580465206e-11,7.49002383995962e-11,6.0246152676236e-11,3.39915651438333e-11,1.74725513159328e-11,2.43805900250153e-11,1.56543562754863e-11,6.96400319833739e-11,-1.58275193212726e-10,-1.14236909317695e-10,1.61863423730416e-10,1.63373032390357e-10,1.19617926525822e-10,2.55018820440217e-11,-2.60232603334975e-11,1.26630678694693e-10,-1.22151603544623e-10,7.56175070077996e-12,-5.94146151092734e-11,1.11440028005925e-10,1.14026917113136e-10,-1.74885664363904e-11,8.31281198536511e-11,-9.3215884533365e-12,-1.82348630477281e-11,-1.16171786278932e-10,-8.17825307400093e-11,-3.43608893865145e-11,-9.51042587198022e-11,2.87266269904655e-11,2.97164661176356e-13,1.32798982119507e-12,7.77269704183946e-11,9.00652664535842e-11,-1.3513794388852e-10,-1.18281035473533e-10,-9.20498191834845e-11,-3.05940611987996e-11,3.86834437736346e-11,3.30314205653817e-11,1.41596837611228e-10,-5.44941750982653e-11,1.25164303861585e-10,1.34791918530041e-10,-2.38152631899177e-11,8.89357573023297e-11,5.11199068326812e-12,1.29096872240547e-10,1.03793444685743e-10,-3.37038640517797e-11,-6.49231461593912e-11,-1.0825864251909e-10,-1.07550462369093e-11,1.73241063634419e-11,2.348198080288e-10,1.46071160241264e-10,6.88740679011246e-11,1.99391065995223e-12,2.91662927375212e-11,5.6545738742898e-11,5.2442842695803e-11,-4.49533281772586e-11,-7.39054919806381e-11,-1.47487836296352e-10,-1.76898340425341e-10,-7.48218277964736e-11,8.92380985915559e-11,1.63746892852594e-10,-6.00183446700863e-11,-9.2425016768327e-12,1.04829181778657e-10,-5.40972619528552e-11,2.67984733481349e-10,-6.75300170016105e-11,-9.89431388868646e-11,-6.74367366129765e-11,-2.09178606149136e-10,-1.30123015531253e-10,-1.14892841866828e-10,-7.26444773947084e-11,2.1875258006376e-10,-2.83030540828821e-11,8.30316758675949e-11,-1.45775371977473e-11,9.26021663600586e-11,-8.94252496638036e-11,4.0126807490175e-11,-1.43632509368884e-10,-6.58110890863589e-11,2.38742957488088e-11,1.06507544891188e-11,-3.44016506413332e-11,-1.89147871566989e-10,-2.07254724776851e-10,1.81631871444609e-10,-1.01041636330598e-10,5.10732277446722e-11,6.92925083643907e-11,-1.47239456215583e-10,1.14221082788662e-10,-1.87275059610626e-11,4.78118881155117e-11,7.7021326229975e-11,4.62423624745219e-11,6.78644401403847e-11,3.45241135012521e-11,-1.96533202827034e-11,1.72691890440018e-10,1.46799520027382e-10,4.38882412848299e-11,9.79975701102727e-11,-4.04853633730618e-11,-3.71753363427157e-11,-1.60881320666797e-10,-9.97911965418908e-12,1.41379052611557e-10,-4.70979653144847e-11,1.05354049618203e-10,-1.05843862839293e-11,1.44895967484559e-11,8.66970887470325e-11,-3.7591237942172e-11,3.38234178493287e-11,8.8731712908995e-11,1.98052057517552e-10,8.60742227517662e-11,4.11532343390002e-11,9.67859606334083e-12,-1.48848456585728e-11,-8.23334609705833e-11,5.45477249923343e-11,-1.05764500379839e-10,2.00072528512049e-10,-5.75310973928736e-11,3.54544901700894e-11,-4.46046319523699e-11,1.10511699830326e-10,1.95035867471443e-11,4.30700346226991e-12,2.20156303626998e-11,-8.99110135729313e-11,-1.64553515778977e-10,1.3430935726885e-10,-1.8474653358277e-10,5.59218080252234e-11,-1.80678960387766e-11,-8.13583978067164e-11,-2.00578967437755e-11,-8.27166580383437e-12,1.05511738310244e-10,5.37414660194992e-11,-1.02425431243781e-10,-1.13344770121672e-11,1.38607629088248e-10,9.59622040693746e-11,-1.32956346543894e-10,-1.37225330785205e-10,-1.69833004307937e-10,9.72183378083192e-11,6.28704470961255e-12,-5.56317653914946e-11,1.75928824434756e-11,1.16687460653462e-10,7.05207439723353e-11,4.19479957843418e-11,-2.93770544283759e-10,-2.34897490632717e-10,4.47232435729186e-11,-6.05071579169088e-11,-8.8792158219817e-12,-9.80484946637388e-11,2.07204626199931e-11,-3.94898338481285e-11,6.58394562740833e-11,4.04142028114176e-11,-9.30832736210867e-12,2.40080493091866e-11,8.10604057271281e-11,-6.42196025370615e-11,-1.68073803528748e-10,1.10244996142134e-10,-1.4670262214847e-10,-1.14957865672374e-11,7.3898782381564e-11,5.49894527109813e-11,3.0803076878978e-11,-4.72669398139154e-11,-5.5634151937565e-12,-1.02244461281471e-10,-8.56478925568507e-11,1.53784090723091e-10,-1.65024047108533e-10,-2.01245860840668e-10,7.63432258133945e-11,2.91800204384847e-10,1.57713166323121e-10,-3.23743669510942e-11,-6.11803352596249e-11,-8.78476256360245e-11,5.88342432570803e-11,-2.55209332184573e-11,-5.0511488590246e-11,-1.7148868057765e-11,1.31242744734159e-10,-6.31783015550471e-11,-8.65210493716196e-12,-1.06078507069284e-11,-4.75379164013367e-12,3.73379679861167e-11,-4.63550585255488e-14,1.92791196133355e-10,9.87863404060534e-11,-7.36338120084361e-11,-1.05075546265728e-10,-4.54718360458783e-11,-4.85285286211824e-11,1.05585646212483e-10,-1.26474839043533e-10,1.2249584038255e-10,-8.85450733514308e-12,2.50283438340031e-11,-1.07655772200239e-10,-5.22423462447141e-11,-1.579506358703e-11,1.34643573093813e-11,4.12020088124757e-11,4.3221421818256e-11,1.99293997475531e-11,2.51361590528232e-11,1.46155318174512e-10,6.80524397262904e-11,6.49360729670729e-11,1.09721391991789e-10,-2.25325059166479e-10,1.36340995777514e-11,1.0031581940182e-10,2.39494985565755e-10,8.84567158787499e-11,1.5357893900396e-10,7.01493527795104e-11,-4.27139233717902e-11,5.73635753602098e-11,-2.3249754777921e-11,1.41053106291185e-11,-2.54663291377681e-11,-5.41647716836844e-11,7.10810861884867e-11,-8.78818287100926e-12,-1.09324173348292e-12,-1.01827465689017e-10,-9.62289381611184e-11,2.36767664684713e-11,-4.3851017784891e-11,2.90021796926189e-11,-4.86477667169209e-11,-1.73848399744223e-10,-5.48498855251742e-11,3.51444940310123e-11,-6.1694007949965e-13,-1.14495413437288e-10,-8.20222786148134e-11,1.39211314791814e-13,2.09179086186476e-11,3.48784057009978e-11,5.0576131763588e-11,-9.50081806501379e-13,-1.67358576313232e-10,1.32699531687802e-10,-1.31726207872675e-10,-5.19104813170174e-12,6.46873149092109e-11,1.0910830107184e-10,-1.06110443645507e-12,1.03995185056191e-10,-2.99978891378288e-11,-2.63804888077444e-11,-2.28947540119372e-12,1.3438350501262e-10,6.54228179300941e-11,-2.60765338000373e-11,1.49079858434195e-11,-3.41942775990451e-11,2.03913628232399e-11,-1.33267106179833e-10,6.8053257341274e-11,1.37025301735548e-10,-1.05771943096388e-10,-5.99419585728362e-11,1.56055635893424e-10,5.59829981021263e-11,5.28459944817324e-11,-3.83002728951514e-11,-4.77271576421804e-11,-3.72370615012796e-11,-5.85253109387258e-11,-1.37657144949559e-11,7.7575374011526e-11,-1.65309251086922e-11,-3.71568415038216e-11,-1.21233044512493e-10,7.7473080808271e-11,-4.21968119934431e-11,7.22729505761527e-11,-8.71294586646835e-11,-1.6868050145916e-10,1.22234976989685e-10,8.56707721756768e-11,3.46062980894071e-12,1.92497462685592e-11,3.62485023148524e-11,5.25873690041834e-11,2.84196735027859e-11,1.17550199287046e-11,1.21505629470667e-10,5.82304178990966e-11,-7.09029934191156e-11,-1.1821158701591e-10,-2.41795159890598e-11,1.70395027696468e-10,-1.70760114965664e-12,-7.56284801285642e-11,-3.48771040354211e-11,4.02268039424065e-11,-3.45576061483513e-11,1.05346442491129e-10,1.06177473272314e-10,6.21140926806319e-11,-7.34491115315417e-11,-3.0181998262617e-11,-1.53268090585456e-10,5.34739692322329e-11,8.04916555879334e-11,-1.74911810780692e-10,-5.69152412454024e-11,-2.54642761205122e-11,6.67364838678048e-11,-1.24877253936358e-10,1.84106098521699e-10,-1.26823002280707e-10,6.71961196493179e-11,-6.24330454573721e-11,8.05014820435125e-11,1.01447200577985e-10,1.84908131351269e-13,-2.79200564906714e-11,-2.96522498569008e-11,-8.70332356903775e-11,-2.54865025158471e-11,6.58790664633818e-11,2.48413940189345e-11,-2.55635972264324e-11,9.05339375672736e-11,-2.16637161915793e-10,9.48555374475737e-11,4.39249106515991e-11,1.04443710114369e-10,6.42670900608055e-11,7.38009742722773e-11,8.24873256493396e-11,-4.47068884864863e-11,4.39895128554513e-11,1.04749779903967e-10,-6.5181365557284e-11,-7.53705848504234e-11,5.00888661195694e-11,-6.30120357297251e-11,-1.0786905936091e-10,-8.61577031082854e-13,-6.94109850952718e-12,-6.05558779578146e-11,2.2378690329977e-10,-2.41039270368485e-11,1.34269286376046e-10,-2.0434620484131e-10,7.83589621125987e-11,1.2259676113873e-10,1.90566720972667e-10,-4.58053051331843e-11,-5.26047418019097e-11,8.05905703995669e-11,-1.78918968263816e-11,7.54650523716238e-11,2.25523605057666e-11,-3.2995502951525e-12,9.37261251519194e-11,-2.37259525123839e-11,4.13894738006699e-11,-1.78402503778105e-11,9.70445756863666e-12,3.49140224295884e-11,-6.78573617901078e-11,-1.7425911803459e-11,-1.95650078521853e-10,-1.16749684143978e-10,-2.23620420561543e-11,-2.06367406282214e-11,2.33489209172149e-10,-4.99395125212148e-11,-1.1955189226807e-10,5.75727782460605e-11,-1.40269757828419e-10,-1.85146061022233e-11,8.47297227152305e-11,5.13610840832923e-11,-1.2177619121343e-10,-9.75750912655661e-11,-1.1445368358436e-10,-1.40462756700054e-10,-7.52794998102855e-11,-3.85419694086011e-11,2.02165481419244e-10,1.31965709936918e-10,-8.04130065371815e-11,-5.3444332192671e-11,7.26269961525883e-11,4.87622458810088e-11,-2.3853457527369e-11,7.26688819304423e-11,-1.53493242947776e-10,-4.18103009633067e-11,8.25290537553572e-11,1.46334622228541e-10,1.48859592909988e-10,-7.54769912588156e-11,1.46822592119161e-10,5.02105524174726e-11,-1.01055475884823e-10,1.01065040550648e-11,-5.56617287020645e-12,3.45036505481087e-12,-1.6378309334262e-10,-3.12519984244881e-12,-5.11130353901589e-11,-1.32921155449781e-10,-6.14122614676221e-11,8.99693896329466e-11,2.39281868318136e-11,-1.1811021555884e-10,1.76763824240113e-11,-4.39205956381062e-11,-1.37881826493427e-10,-1.45865530003923e-10,-4.46190748759525e-11,1.20774801054584e-10,1.25417424235587e-11,-3.78562541376268e-11,1.09404531934564e-10,1.57862183840183e-10,1.16807765408488e-10,2.05315914212631e-11,1.12428258644202e-10,-2.59362545817276e-11,-1.35046718078023e-10,-7.91241083822974e-11,4.18939724144767e-11,-3.31921849568723e-11,-5.73712944639323e-11,-3.8261651299678e-11,-1.14039563304364e-10,-1.70352734666463e-11,1.0510555818242e-10,-1.48191056443528e-10,2.16244244371515e-10,1.70647065475981e-10,-7.50864572336133e-11,-5.60385183379487e-11,-9.28908003730602e-11,5.43635119879426e-11,2.42418062173549e-10,5.30158931765993e-11,7.1554010109396e-11,-8.99183973810856e-11,2.40343478909746e-11,-1.10444136803823e-10,1.32431857025722e-10,1.57283272863294e-10,-9.81459402202177e-11,-1.76295746814266e-10,6.91486508446318e-11,5.06026730018578e-11,1.39877170796591e-10,2.43933102790924e-10,3.83519624782575e-11,-4.2980505673632e-11,-5.99399520231266e-11,-4.81373309921439e-11,-9.12071008351267e-12,-4.63569578678243e-11,-1.29302604934655e-10,-6.67295974195733e-11,-8.03121173544397e-11,-1.22392138833776e-10,1.41653930687746e-10,8.77465128339558e-11,-4.88851006955074e-11,-1.5438260250517e-10,-1.68394929596503e-11,1.39751737810519e-10,-1.52620744527603e-11,4.22424510034226e-11,-4.76190088908021e-12,-1.71359551601272e-10,-8.39045606431084e-11,-1.07123143348361e-10,9.30760811068085e-11,-1.91314730026521e-10,1.71665912265069e-10,6.12910385304312e-11,-2.90204227379955e-11,-1.59552280434254e-10,-1.85357068036557e-10,6.38096569212805e-11,-4.60224813136169e-11,-4.94858748574614e-12,2.8729253325504e-11,-2.0889608345679e-11,-1.81770031370957e-11,4.70303728499814e-11,-6.72211431944995e-11,3.45263602899494e-11,1.17510547097648e-11,1.14150034724585e-10,-1.45974406021426e-10,8.40325302540936e-11,1.82324044512948e-12,2.90672173894554e-11,-3.16185144050579e-11,-2.34576937933867e-10,2.15512574025281e-11,-5.41125658024869e-11,1.08072659658295e-10,5.05607578369296e-11,-2.63716377672573e-10,3.10968088628924e-11,-2.85972154061588e-12,-3.1504219328866e-11,8.33646797517142e-11,-9.00543368831704e-11,-1.57327806751518e-10,1.01853753138108e-10,3.34772997934886e-11,-1.07999660932522e-10,2.99456636015456e-12,1.05506098661854e-11,-1.39566024843888e-10,-1.23527664591422e-11,9.9368423099918e-11,-1.53806611292766e-10,-2.34446186028666e-10,-9.60890615199e-11,1.63315903486612e-10,8.78787808237249e-11,-4.56816274002173e-13,1.2427230315689e-10,4.52144411417417e-11,-1.17783568159999e-10,3.60014968366202e-11,6.50250294840259e-11,-4.71696031270393e-11,-1.39283980573418e-11,6.57514524472558e-12,-3.06526418263131e-12,1.05391748745636e-10,-1.69650714839063e-10,-1.04111789783166e-10,-8.21994084449075e-11,3.88006664849305e-11,-1.37010671204601e-10,1.61911145676643e-10,-1.2837882742974e-10,-4.26028233820888e-11,1.76556895895795e-10,3.20247518268823e-11,2.23301612899281e-10,1.44560668119834e-10,1.16557469494666e-10,-5.91153595685908e-12,1.32813891603135e-10,-2.97611524329281e-11,9.44428815801012e-11,-4.71122074841923e-11,5.61913216866795e-11,-1.60321905186066e-10,1.56703428099784e-10,-2.38831175095304e-11,-1.3001789279681e-10,-7.9570231388432e-11,-1.42233188328998e-10,4.25694233922188e-11,-5.13167569092279e-11,1.02946195874452e-10,-1.9609132533653e-10,-1.60054518413434e-10,-2.4620369855061e-11,-3.60735670376423e-11,5.26874113863857e-11,-5.14924216874488e-11,1.41999632924558e-11,-5.04973145911697e-11,1.26764971746656e-10,1.5599627118282e-10,5.94739396234941e-12,-2.59395669978976e-10,3.87604967189172e-11,3.35525096556505e-11,6.69221737667923e-11,-1.02634178880646e-11,-4.88715730791618e-11,1.17833687907002e-10,-4.02790452168992e-11,-1.26342856342827e-10,-1.91599184265432e-11,2.13984593632783e-10,-1.06987226961145e-10,-3.34507763763381e-11,2.91626322443421e-11,-1.07044837647715e-10,-1.41077066996453e-10,-4.739633282264e-11,-1.3955653511256e-10,2.18013678647305e-11,-5.95116006725711e-11,1.07991423627126e-10,-5.12706559265232e-11,-2.97928197157921e-11,1.76894498833931e-10,-4.63472766468217e-11,-6.94843396130012e-11,1.53307613344644e-11,-1.35740197921963e-10,7.39420197472262e-11,-2.31692396332824e-11,1.53677547962344e-10,-5.2416685916233e-11,-7.03530601187206e-11,-4.80375738333452e-11,3.24496841538654e-12,2.51971978535775e-11,1.59611731193037e-12,-1.5044095980398e-11,-5.08918511060541e-11,-5.43038602619052e-11,-1.60686929696785e-10,-2.86243952720456e-11,4.00981536396596e-11,4.6314586945251e-12,2.35710018608532e-10,-8.52334852633585e-11,1.57097868154419e-10,1.794983097757e-10,1.5997728516112e-10,-1.52420961958364e-10,-1.88420919673757e-10,1.7259207046453e-10,2.255838811157e-10,1.78658378990674e-10,2.86773375154994e-10,3.22192002006215e-10,1.55133956215911e-10,2.90641777112683e-10,4.37752912638571e-10,4.49674283744765e-10,5.24962594043893e-10,7.40523433187417e-10,6.67263611325708e-10,8.78456891572228e-10,8.7223812464892e-10,1.00553862859852e-09,1.00138492145352e-09,1.26406406174281e-09,1.49549442585876e-09,1.74499854805979e-09,2.4089083881572e-09,2.53982213375083e-09,2.78015572808648e-09,3.29195428954687e-09,3.92454913756363e-09,5.03977556712429e-09,6.10718592831712e-09,7.87783979729762e-09,1.01395428967341e-08,1.31655384038815e-08,1.79937323827105e-08
