v,0.25
Patm,100000
g,9.81
r,500
G,10^10.77
rho,2700
mu,10^2.17
rc,23
 
M,10^5.24
sigma,0.1
 
tilt_erupt,4.5732nrad
 
-1107,-1106,-1105,-1104,-1103,-1102,-1101,-1100,-1099,-1098,-1097,-1096,-1095,-1094,-1093,-1092,-1091,-1090,-1089,-1088,-1087,-1086,-1085,-1084,-1083,-1082,-1081,-1080,-1079,-1078,-1077,-1076,-1075,-1074,-1073,-1072,-1071,-1070,-1069,-1068,-1067,-1066,-1065,-1064,-1063,-1062,-1061,-1060,-1059,-1058,-1057,-1056,-1055,-1054,-1053,-1052,-1051,-1050,-1049,-1048,-1047,-1046,-1045,-1044,-1043,-1042,-1041,-1040,-1039,-1038,-1037,-1036,-1035,-1034,-1033,-1032,-1031,-1030,-1029,-1028,-1027,-1026,-1025,-1024,-1023,-1022,-1021,-1020,-1019,-1018,-1017,-1016,-1015,-1014,-1013,-1012,-1011,-1010,-1009,-1008,-1007,-1006,-1005,-1004,-1003,-1002,-1001,-1000,-999,-998,-997,-996,-995,-994,-993,-992,-991,-990,-989,-988,-987,-986,-985,-984,-983,-982,-981,-980,-979,-978,-977,-976,-975,-974,-973,-972,-971,-970,-969,-968,-967,-966,-965,-964,-963,-962,-961,-960,-959,-958,-957,-956,-955,-954,-953,-952,-951,-950,-949,-948,-947,-946,-945,-944,-943,-942,-941,-940,-939,-938,-937,-936,-935,-934,-933,-932,-931,-930,-929,-928,-927,-926,-925,-924,-923,-922,-921,-920,-919,-918,-917,-916,-915,-914,-913,-912,-911,-910,-909,-908,-907,-906,-905,-904,-903,-902,-901,-900,-899,-898,-897,-896,-895,-894,-893,-892,-891,-890,-889,-888,-887,-886,-885,-884,-883,-882,-881,-880,-879,-878,-877,-876,-875,-874,-873,-872,-871,-870,-869,-868,-867,-866,-865,-864,-863,-862,-861,-860,-859,-858,-857,-856,-855,-854,-853,-852,-851,-850,-849,-848,-847,-846,-845,-844,-843,-842,-841,-840,-839,-838,-837,-836,-835,-834,-833,-832,-831,-830,-829,-828,-827,-826,-825,-824,-823,-822,-821,-820,-819,-818,-817,-816,-815,-814,-813,-812,-811,-810,-809,-808,-807,-806,-805,-804,-803,-802,-801,-800,-799,-798,-797,-796,-795,-794,-793,-792,-791,-790,-789,-788,-787,-786,-785,-784,-783,-782,-781,-780,-779,-778,-777,-776,-775,-774,-773,-772,-771,-770,-769,-768,-767,-766,-765,-764,-763,-762,-761,-760,-759,-758,-757,-756,-755,-754,-753,-752,-751,-750,-749,-748,-747,-746,-745,-744,-743,-742,-741,-740,-739,-738,-737,-736,-735,-734,-733,-732,-731,-730,-729,-728,-727,-726,-725,-724,-723,-722,-721,-720,-719,-718,-717,-716,-715,-714,-713,-712,-711,-710,-709,-708,-707,-706,-705,-704,-703,-702,-701,-700,-699,-698,-697,-696,-695,-694,-693,-692,-691,-690,-689,-688,-687,-686,-685,-684,-683,-682,-681,-680,-679,-678,-677,-676,-675,-674,-673,-672,-671,-670,-669,-668,-667,-666,-665,-664,-663,-662,-661,-660,-659,-658,-657,-656,-655,-654,-653,-652,-651,-650,-649,-648,-647,-646,-645,-644,-643,-642,-641,-640,-639,-638,-637,-636,-635,-634,-633,-632,-631,-630,-629,-628,-627,-626,-625,-624,-623,-622,-621,-620,-619,-618,-617,-616,-615,-614,-613,-612,-611,-610,-609,-608,-607,-606,-605,-604,-603,-602,-601,-600,-599,-598,-597,-596,-595,-594,-593,-592,-591,-590,-589,-588,-587,-586,-585,-584,-583,-582,-581,-580,-579,-578,-577,-576,-575,-574,-573,-572,-571,-570,-569,-568,-567,-566,-565,-564,-563,-562,-561,-560,-559,-558,-557,-556,-555,-554,-553,-552,-551,-550,-549,-548,-547,-546,-545,-544,-543,-542,-541,-540,-539,-538,-537,-536,-535,-534,-533,-532,-531,-530,-529,-528,-527,-526,-525,-524,-523,-522,-521,-520,-519,-518,-517,-516,-515,-514,-513,-512,-511,-510,-509,-508,-507,-506,-505,-504,-503,-502,-501,-500,-499,-498,-497,-496,-495,-494,-493,-492,-491,-490,-489,-488,-487,-486,-485,-484,-483,-482,-481,-480,-479,-478,-477,-476,-475,-474,-473,-472,-471,-470,-469,-468,-467,-466,-465,-464,-463,-462,-461,-460,-459,-458,-457,-456,-455,-454,-453,-452,-451,-450,-449,-448,-447,-446,-445,-444,-443,-442,-441,-440,-439,-438,-437,-436,-435,-434,-433,-432,-431,-430,-429,-428,-427,-426,-425,-424,-423,-422,-421,-420,-419,-418,-417,-416,-415,-414,-413,-412,-411,-410,-409,-408,-407,-406,-405,-404,-403,-402,-401,-400,-399,-398,-397,-396,-395,-394,-393,-392,-391,-390,-389,-388,-387,-386,-385,-384,-383,-382,-381,-380,-379,-378,-377,-376,-375,-374,-373,-372,-371,-370,-369,-368,-367,-366,-365,-364,-363,-362,-361,-360,-359,-358,-357,-356,-355,-354,-353,-352,-351,-350,-349,-348,-347,-346,-345,-344,-343,-342,-341,-340,-339,-338,-337,-336,-335,-334,-333,-332,-331,-330,-329,-328,-327,-326,-325,-324,-323,-322,-321,-320,-319,-318,-317,-316,-315,-314,-313,-312,-311,-310,-309,-308,-307,-306,-305,-304,-303,-302,-301,-300,-299,-298,-297,-296,-295,-294,-293,-292,-291,-290,-289,-288,-287,-286,-285,-284,-283,-282,-281,-280,-279,-278,-277,-276,-275,-274,-273,-272,-271,-270,-269,-268,-267,-266,-265,-264,-263,-262,-261,-260,-259,-258,-257,-256,-255,-254,-253,-252,-251,-250,-249,-248,-247,-246,-245,-244,-243,-242,-241,-240,-239,-238,-237,-236,-235,-234,-233,-232,-231,-230,-229,-228,-227,-226,-225,-224,-223,-222,-221,-220,-219,-218,-217,-216,-215,-214,-213,-212,-211,-210,-209,-208,-207,-206,-205,-204,-203,-202,-201,-200,-199,-198,-197,-196,-195,-194,-193,-192,-191,-190,-189,-188,-187,-186,-185,-184,-183,-182,-181,-180,-179,-178,-177,-176,-175,-174,-173,-172,-171,-170,-169,-168,-167,-166,-165,-164,-163,-162,-161,-160,-159,-158,-157,-156,-155,-154,-153,-152,-151,-150,-149,-148,-147,-146,-145,-144,-143,-142,-141,-140,-139,-138,-137,-136,-135,-134,-133,-132,-131,-130,-129,-128,-127,-126,-125,-124,-123,-122,-121,-120,-119,-118,-117,-116,-115,-114,-113,-112,-111,-110,-109,-108,-107,-106,-105,-104,-103,-102,-101,-100,-99,-98,-97,-96,-95,-94,-93,-92,-91,-90,-89,-88,-87,-86,-85,-84,-83,-82,-81,-80,-79,-78,-77,-76,-75,-74,-73,-72,-71,-70,-69,-68,-67,-66,-65,-64,-63,-62,-61,-60,-59,-58,-57,-56,-55,-54,-53,-52,-51,-50,-49,-48,-47,-46,-45,-44,-43,-42,-41,-40,-39,-38,-37,-36,-35,-34,-33,-32,-31,-30,-29,-28,-27,-26,-25,-24,-23,-22,-21,-20,-19,-18,-17,-16,-15,-14,-13,-12,-11,-10,-9,-8,-8,-7,-6,-5,-4,-3,-2,-1,0
1.07956928613611e-10,-1.49680245466294e-10,4.03048792764114e-11,1.36249527541195e-10,1.46916096654741e-10,-3.04780967035872e-11,-1.22124325929622e-10,2.0294122195174e-11,-1.29530204933931e-10,5.20467522233073e-11,-1.05668958655846e-10,5.44890642791632e-12,2.85313949573105e-12,1.05747481471714e-10,9.15754418979959e-11,-2.63919320979156e-11,-1.72732902992699e-10,7.13551300839386e-11,-1.97757771783067e-10,5.09146307756258e-11,1.29761052644965e-11,1.16943292738062e-10,-1.392206712555e-10,3.82742474900601e-11,-1.39131273239397e-11,8.11804035131542e-11,6.28278154060816e-11,-1.34046098635671e-10,1.94567799039226e-10,1.21988750876215e-10,3.56225442893132e-11,1.59116084262731e-10,-5.47783860758027e-11,-2.68333151082956e-10,-1.45462449348188e-10,-1.13257110834933e-10,-1.26684873159843e-10,-1.17970332192755e-10,5.38378943361959e-11,3.27389891390296e-12,2.22290557969591e-11,9.6102430825256e-11,-1.58229686554022e-10,5.42233018356519e-11,-1.70939962660392e-10,1.75153083265282e-11,1.57409269961191e-10,1.66878810555195e-10,-3.13937275946786e-11,1.98796848826408e-11,-2.16899516368261e-11,-1.25719566550771e-10,-6.79779042498391e-11,8.29988357010152e-11,-3.43518014514117e-11,1.10553229090278e-10,-9.11948797306459e-11,7.46109704230938e-11,-1.41821856608427e-11,8.99085350304805e-12,-4.26439832881275e-11,5.68878428675373e-11,1.49484600884697e-10,1.96156463383542e-11,-8.80927047081794e-11,5.92508122694227e-11,-2.81026555793506e-11,9.26713254882886e-11,-6.66341595816315e-11,-1.56806995791575e-10,5.1365632593998e-11,2.69158995979554e-13,-1.18664015699352e-10,-5.048358366516e-11,-1.98491864967277e-10,-8.91519592952322e-11,-2.55241760812006e-11,8.41678354792291e-12,1.71957528827352e-11,-3.50575670178031e-11,-2.20469803357056e-11,5.36977417291328e-11,5.5406350694992e-11,-6.75752270810688e-11,1.56481917959115e-12,-6.16750427916171e-11,4.08198208191628e-11,8.81725544414704e-11,1.46854242850063e-10,1.28941326717308e-10,-8.49206644516406e-11,-5.17760404664541e-11,1.13655055367865e-10,-1.5120756714504e-10,7.30739551341651e-11,3.1874590627352e-11,8.33438009514199e-11,2.74759806579582e-11,9.17384534939462e-12,1.1442246176104e-10,1.47679753900133e-10,-7.45770353472239e-12,1.59872275133888e-11,7.63050014510895e-11,-8.33750022073106e-12,1.60838590204895e-11,1.22356270225533e-11,6.68543430472185e-11,-6.317464390713e-11,9.67881139875273e-11,9.99506546851758e-12,-5.00244776588053e-11,5.35881043901386e-11,6.48344868886014e-11,1.1884242402515e-10,-7.42708061304015e-11,-7.28680424836665e-12,2.3510533444284e-12,-1.43340576721063e-11,8.71679452885275e-12,7.17377342072298e-11,-1.17125889160823e-10,1.7706589435202e-10,-1.22807913232538e-10,-6.59851141719153e-11,-6.25400372568265e-11,-3.17576631656675e-11,-2.88435074652967e-11,1.16325864329628e-10,-6.54728612025101e-11,7.88855295696556e-12,6.96647723792697e-12,7.47861893282672e-11,5.67907967335165e-12,5.61461868948166e-11,-4.1592871562686e-11,4.11952227552614e-11,-1.35549466695034e-10,-8.39299038156525e-11,4.57921967713321e-11,6.24929715129959e-11,-1.85745549308099e-10,1.31616436058017e-10,-9.7414493671115e-11,1.83410438902637e-11,1.0884014835234e-10,9.06623053753814e-11,-3.79044158273022e-11,-4.0604695844837e-11,-9.47274315314838e-11,-7.4686019352829e-11,1.31586915458424e-12,1.1632839221858e-10,-2.32835451184548e-11,-8.83496302419873e-12,1.26869851121442e-10,-3.94772387802633e-11,2.95947714046274e-11,-2.38095760587075e-10,-1.3397202623168e-10,-1.03691287608387e-10,-9.41913168476732e-11,7.41908467042491e-11,4.46044083479592e-11,-3.16239197911791e-12,1.67983260014609e-10,2.32093654690824e-11,-2.19460071112856e-11,-3.46001149279243e-11,1.13778379096781e-10,-1.88561834344842e-10,-4.11559012528612e-11,-4.65327463554409e-11,-9.64355596833996e-11,1.01819853785088e-10,-3.60421112418474e-10,1.87168325746513e-10,-1.55046588756641e-10,2.2411158045924e-11,-2.97506307245385e-11,-6.64473856174874e-11,-2.04101191309923e-10,5.13568640349634e-11,5.67773739995711e-12,9.01557576234168e-11,1.43330306799919e-10,1.20824069905537e-10,1.09510214963393e-10,-1.09800056095595e-10,-2.44114503511352e-11,4.44591735386209e-11,8.80306840822444e-12,-5.7660219943801e-11,9.20261361815358e-11,3.42712417200574e-11,-6.46464213460276e-11,-3.7891630858163e-11,-1.70603857187759e-10,2.21472352879627e-11,-1.37909272867539e-10,3.35305034990705e-11,-5.78310388199963e-11,-1.40264149257688e-10,-5.9139759790219e-11,-2.25479825360044e-11,1.75304820471637e-10,2.04637012641485e-10,1.30846251410604e-10,-5.74894097661799e-11,-9.23136756202793e-11,-3.58677662001955e-11,1.14647233999622e-10,-2.39722071313996e-10,-1.5955053729816e-10,-7.00659534946458e-11,-1.23853507368662e-10,-1.08524875702993e-11,4.31062509058332e-11,-1.31652036298979e-10,2.63138964253798e-11,3.01228132921563e-12,8.17719886713317e-11,-3.74187128040041e-11,-1.97791532182695e-11,1.16458912847687e-10,-5.31665257116608e-11,-6.61386969957977e-11,6.79279445992112e-11,-3.26214553001067e-11,7.72067337170926e-11,9.42626767041482e-11,8.51708869290633e-11,-2.96032194370536e-11,7.70520976653904e-11,-5.98456719468993e-11,-3.49264892079835e-11,-4.65351896643361e-11,7.10700630740131e-11,2.54543343031973e-11,-5.31459666000782e-11,-3.69293260743992e-11,6.38479045651162e-11,-2.85330765769374e-11,-1.98968903923802e-10,5.98372933359187e-11,9.36021387792968e-11,-1.20878665603354e-10,-1.00154273441891e-11,1.68849329904521e-10,2.63927618355411e-11,-3.84363168574115e-11,1.4048739244572e-10,9.58090906261587e-11,8.38437047124881e-11,3.55073682868731e-11,8.12559118418942e-11,9.90680890760714e-11,4.54314860086813e-11,-5.738293996975e-11,9.35276276489824e-11,1.15283849975414e-10,4.44459709561191e-11,-1.56382781824566e-10,-8.65591308445267e-11,4.77363391602332e-11,-1.84411172876143e-10,8.21160611855324e-12,-1.68749211840206e-11,-2.07813203637036e-10,2.67043541830455e-10,2.1305265395478e-11,6.41636683375569e-11,5.3195856401707e-11,4.10490166324939e-11,2.70949441514444e-11,-2.85594938946489e-11,-4.42572442060672e-12,1.13223824504189e-10,-6.26516611022927e-11,-1.66214651020744e-11,4.41646540866773e-11,1.57550850018836e-11,-7.80242573015418e-12,-1.20653101066092e-10,9.66919808281565e-11,3.62101120455952e-11,1.27926959360869e-11,-1.11985304154701e-10,6.06489347705428e-11,1.17284214059615e-10,-7.77788106938625e-11,-1.26007103806648e-11,-1.34342540392011e-10,9.44850048499521e-11,-2.56772811421984e-11,1.38101217553387e-11,5.53636646631014e-11,-1.36071544082167e-11,1.38916636013704e-10,1.41245033514128e-10,-7.67552800445707e-11,-7.76796249880165e-11,-5.51405587051037e-11,1.42755236357854e-10,-9.49755922919519e-11,1.38801817966772e-11,1.03361487402762e-10,4.1787994885725e-11,-1.41571153809767e-10,-2.57329996445398e-11,1.01726000165208e-10,1.37135732625463e-11,-7.73526016991783e-12,-8.31355814504365e-11,-3.06473924547726e-11,-1.22637897826977e-11,7.633246409921e-12,1.64733131159472e-10,-6.90612148556588e-11,-1.24636548035596e-10,-1.81211266815609e-11,2.0242081414006e-11,6.96366389295271e-11,8.24095897745679e-11,-3.47514488688689e-11,6.29951110069392e-11,-7.48048324215144e-11,1.86993281803927e-10,-1.80799027559703e-10,5.19787846856439e-11,-8.19968966309323e-11,1.16621870998375e-10,1.04655794321575e-10,1.25239229971386e-12,1.01309710518491e-10,3.8580934004025e-11,-1.50274522256609e-10,1.07543962551763e-10,1.21331536089299e-10,3.06668745975285e-11,-1.48677731333553e-10,1.16345952467828e-10,4.56094559742954e-12,2.94888800095695e-12,7.23187745833015e-11,4.43705407264382e-11,1.30765123656496e-11,1.17726997141609e-10,-7.24198951833168e-12,-4.39367754333057e-11,-4.13974142164087e-11,2.81964163795274e-10,-6.82848534563277e-11,-2.60838001366869e-11,4.9844724179054e-11,9.36791546117078e-11,5.00467975388574e-11,1.05941330131171e-10,-4.17921072786576e-11,7.65560876145287e-11,-6.95487139914575e-11,-2.34131435121791e-10,-5.07817723199721e-11,-1.28036704243899e-11,5.19212617736197e-11,-5.08273543884432e-11,-1.58147044051069e-10,-1.01140251423953e-10,1.53979065633656e-11,-6.0564727069228e-11,-7.43384637974701e-11,-1.53957125164036e-10,8.53488696490568e-11,3.87595502903474e-11,4.5424934413332e-11,3.07887424643953e-11,-5.81105040511099e-11,-1.07815387602162e-11,1.9588869138403e-11,3.58253683195816e-11,3.0465206902586e-12,2.26126737980863e-11,2.12438892182931e-11,1.33736786861977e-10,-2.27208527093167e-11,-2.77169594312632e-12,1.43489277451756e-11,-3.1878863078231e-11,1.00078923075486e-10,5.34876849449566e-11,8.46376748805727e-11,-8.77288444572089e-11,1.40601272817029e-10,1.16915447834095e-10,3.24355110455886e-11,-1.03462127947582e-11,-8.69967946938793e-11,3.72820598376497e-11,5.85437686059011e-11,6.84316568098585e-11,3.4662924235649e-11,1.43883114168909e-10,2.99570009301853e-13,-2.07319119213211e-10,6.03556899998383e-11,-4.88353899879007e-11,-1.68479000064981e-11,5.54290465134175e-11,2.98980148705128e-11,1.10809447816403e-10,-3.76379456746403e-11,-1.83081522627765e-10,-4.66806330226616e-11,-7.99430872942107e-11,-3.32390648144848e-11,-8.75061659016803e-11,-9.46323402135285e-11,5.3661344892887e-11,1.1776898648434e-10,1.40898182667875e-10,2.9296773359225e-11,1.54146837760513e-10,-1.59313832742251e-11,1.34716338146011e-10,-3.64311941664133e-11,-1.06552300801864e-10,-4.88726858659581e-11,-1.65218585721384e-10,2.29067127499426e-12,-9.90994235449475e-12,4.62933364256311e-11,-3.87543569580808e-11,-6.57880138515587e-11,-9.8015799794645e-12,-9.66065157516486e-11,-2.48740419968292e-10,-2.29572458318511e-10,-1.65011596501949e-10,4.71662657361406e-11,2.87042650034244e-11,1.61380882006983e-10,-2.24984781138394e-10,1.68892282804793e-10,6.38507802944315e-11,2.40592645872759e-11,-4.18460328338071e-11,4.60847709483491e-11,-4.06697849319122e-11,-3.5129362379722e-11,-5.12280288289398e-11,-3.51612718050324e-11,-2.66094224373194e-11,-8.58136841777907e-12,-2.14216546307192e-11,-2.34876847903124e-11,3.7091145925719e-12,-2.85588213118288e-11,-6.27374300437524e-11,-1.2588941543174e-10,-6.12954656605076e-12,1.59073364508822e-10,1.33486123707887e-11,-1.62222870100872e-10,5.51416641294755e-11,4.69577470818139e-11,5.49443086550027e-12,1.26011298594375e-10,-5.103813720059e-11,-1.60656922136541e-10,1.55904319212893e-11,-6.8670122576765e-11,-5.27978981923898e-11,1.53762452398115e-10,3.50568585875718e-11,1.38313288445641e-12,1.41146434396336e-10,-2.10338181022897e-11,-1.70711757044935e-10,1.16528284549287e-11,5.88351958262384e-12,-9.40276973551865e-11,-8.88884189187622e-11,-6.22381092307448e-12,-5.08684611962313e-11,2.18345598033061e-10,-9.93841163632701e-12,-4.13237486474036e-11,2.64376485105098e-11,6.77855948376437e-12,-1.46750208721539e-10,-4.30519978259984e-11,-1.86441145104804e-10,3.16116612259775e-11,1.76296163311924e-11,3.41217437326812e-11,5.13494767752795e-12,4.07045042144881e-11,-1.46967569879561e-11,-8.44212352211324e-11,-1.12269426248157e-10,5.39960679986637e-12,4.33925399038735e-11,6.58674116036675e-11,7.33142404812752e-11,-6.03401159676144e-11,3.52052704142596e-11,-1.63308360752288e-10,-2.60287246558652e-10,-1.87046310973412e-10,-2.80318294515079e-11,1.08076931217369e-11,1.39203591325299e-10,1.04090067833405e-10,-9.75377947144141e-11,1.0763417865928e-10,1.39553355248891e-10,-3.56400695457829e-11,-7.93717510624723e-11,-7.58309981669888e-11,-1.48217829703597e-10,-1.25281611331121e-10,3.02818091986566e-11,-1.57175581816595e-11,-3.02496068000283e-11,-5.44794460835325e-11,2.64853857266478e-10,3.16779469541177e-11,6.89332978519468e-11,-1.34119138797417e-10,-1.20310976783401e-10,6.08596678834718e-11,6.41131929967044e-11,1.44917880411419e-10,-9.3340303133906e-11,-9.12205487955714e-11,-1.41765308054276e-10,-5.44589892431281e-11,1.57571903961805e-10,-7.24030696401066e-11,-9.72911146281475e-12,-2.53664217661234e-10,-7.01041560126013e-11,1.36045804750187e-10,-1.9378205820905e-10,-4.42510850060834e-11,2.25497562265545e-11,-7.51331054371826e-11,8.79740767269591e-11,1.20766755211521e-10,-1.77746630292454e-10,4.60937876201898e-11,7.07166034502778e-11,-5.64457536675133e-11,-5.01144873740265e-11,1.09967672081169e-11,5.56803579933713e-11,-1.50039541016304e-10,-4.57749327558633e-11,7.14023573778246e-11,5.7871106263804e-11,1.4393886915251e-11,1.34805992261278e-11,2.2979233373567e-10,1.11336650374124e-10,6.41888683450771e-11,6.87104200000857e-11,-1.68847232392725e-11,1.80414381030843e-10,2.41377409230701e-11,-1.06659314404907e-10,-1.20736211084239e-10,2.49017251150129e-10,1.31228187697125e-10,-1.63857064412883e-10,9.28446746048828e-12,-2.00574611159043e-10,-9.75450371824299e-11,-4.18487326233542e-11,-1.77710279109759e-11,1.05010676978614e-10,-1.20895735205293e-10,2.58568933647895e-10,1.44219274153484e-10,1.40191135347941e-11,1.78165719540849e-10,1.07062321308099e-10,-4.52414350477423e-12,2.18139472840175e-10,3.2684484803642e-11,4.67878723137251e-11,-8.19999957682424e-11,-2.1516467835492e-11,-8.99587866110611e-11,-2.2947755892994e-10,-5.93611859436459e-11,1.43751006936981e-11,8.01656038609382e-11,5.21195716375321e-12,5.24719543804868e-11,4.03165885117776e-11,1.83140800725744e-10,5.1866037618808e-11,1.48244286481608e-10,2.1029125927685e-11,-4.16181224140718e-11,4.55223796445084e-11,-1.04034013249251e-10,-2.60045557690875e-11,9.84167622984451e-11,3.90243553973507e-11,1.21215768512071e-10,1.01956079646642e-10,3.47540354577282e-11,-3.87242550024056e-12,-1.53102012837173e-10,-8.15546994959226e-12,7.53101264856898e-11,5.47524190887946e-12,-3.34185064921198e-11,7.10977519196283e-11,-1.89456809955235e-11,2.93810569975556e-11,-2.75433813596903e-11,-4.60431353503532e-11,9.85627208028592e-11,-1.92996107476168e-12,-3.5666560633375e-11,-1.3942245258646e-10,-7.60734983929564e-11,-1.93941252138346e-10,1.33889667699447e-10,1.58988206246643e-11,4.93369438451614e-11,-2.41512052148898e-11,-4.04687027818929e-11,2.42396187338776e-10,-8.16013790528548e-12,-1.27200298911946e-10,4.05400324305924e-11,-1.66609680116152e-10,3.08912970227397e-11,-1.21238062688545e-10,-1.71284444898079e-11,-2.48487374257317e-11,-9.52952155073711e-12,-1.79832038668719e-11,-1.16418342164423e-10,-1.60162886423094e-10,3.37285738139628e-11,-1.56839262783692e-10,1.53984061335919e-11,2.49037929874015e-11,-2.90600708506974e-10,-6.5459597477298e-11,3.68492612502179e-11,1.32868551510294e-10,-1.79890244175545e-11,6.37338028575943e-11,7.39974455118766e-11,-3.12778747390295e-11,-1.01332587019151e-10,7.37889782872185e-11,6.14849109043991e-11,-2.26890379244828e-11,1.28864954368992e-10,-2.969233684761e-11,-9.69186169687671e-11,2.42741151079477e-11,-4.5670100183239e-11,1.4407821964499e-10,2.3271476963492e-10,7.03230276648778e-11,-9.74882411142071e-11,-8.82059899914042e-11,9.3469398202681e-12,-1.106601041792e-10,4.20483401908059e-11,-6.15065438204798e-11,-5.95640982637673e-11,-3.99632927572476e-11,-4.5609830922937e-11,-2.30412316091737e-11,7.56505160797326e-11,9.93312845798959e-11,-1.52827914170201e-10,-3.74504217157094e-11,3.43170479195871e-11,3.0303167595491e-11,-5.29496443699638e-11,1.00055065266444e-10,-3.54482462876901e-11,-1.86073892690224e-10,-1.38225512300146e-11,-1.67387854378911e-10,2.17175258872595e-11,-9.79147506093999e-11,-6.58542384903357e-11,-7.06139861200271e-11,-1.50605193702937e-10,-7.7473805790612e-11,5.62127539201296e-11,7.49346409949569e-11,5.70244004384208e-11,2.99029275467407e-11,-8.39730611383083e-12,1.72852648753887e-10,-1.84322150911154e-10,-9.7237687140008e-11,-1.71279047151839e-10,2.18824904692854e-10,-2.62903878457968e-11,1.59898936475763e-10,3.24400217072448e-11,-1.25039311850132e-10,-2.65050094705066e-11,7.1262465261064e-11,5.59755430326458e-12,-2.03588142803624e-11,3.72908183293727e-12,-5.77406967840401e-11,8.69125681893016e-11,-4.44824415029197e-11,1.15798863427919e-10,-1.03314693602185e-10,-1.26804574784974e-10,3.614331972829e-11,-1.30374187519211e-10,3.29906167598422e-11,4.85611413617503e-12,-1.22285875601257e-10,4.75754600203654e-11,1.34440587619827e-10,-4.10614957125591e-11,-5.55486967003253e-11,-8.74940786475136e-11,4.70484472806553e-11,1.74437222422828e-12,1.89680393317304e-10,6.90463570490169e-13,8.69557305870542e-11,1.90057655268045e-11,2.64069212362633e-11,-1.13179411224103e-11,-9.42607765367669e-11,-1.06855407718891e-10,-2.49141048138575e-11,-6.34124403398161e-11,-1.37325844929192e-10,3.95068237836959e-11,4.88111526574776e-12,5.12642687474931e-11,1.65596522259441e-11,9.49340133799902e-12,-9.6852543886453e-11,1.40511725265338e-11,5.70653920527044e-12,1.73904419327064e-11,4.25738124353188e-11,-1.01906724180154e-10,1.42896345686565e-10,3.84765851701866e-11,2.66235846336671e-11,-7.73470192528883e-11,-6.71926498266566e-11,9.56424201817221e-11,-2.71183476031469e-10,-2.69503183675978e-10,-3.49261666470985e-11,9.28253838407341e-11,4.47891767863156e-11,-3.67397402845334e-11,-1.48037308068154e-10,-4.6095948210262e-11,-1.6379506433042e-10,4.28562889453585e-11,7.51644590475649e-11,3.55263411541384e-11,-5.12920268357716e-11,-8.95740114732485e-11,5.9626522632982e-11,2.40627820766567e-11,-3.08611592804667e-11,-2.26581082130209e-10,4.82630697807466e-11,6.46313516384881e-11,-4.69068639013602e-12,5.34858429482196e-11,-2.03317197661001e-10,8.46083710461802e-11,-1.17218148370734e-10,7.86104233828791e-11,7.52483931595829e-11,-6.98555089152931e-13,3.38793130785393e-11,1.26020386750787e-10,-4.43980262930357e-12,1.52728330744632e-11,-1.71904050457531e-11,8.65105129206811e-11,-1.6310090526222e-10,4.40359540917573e-11,2.05205441060482e-10,8.17367369661027e-13,-1.17084122612841e-10,-5.41854702557763e-11,1.33628386221751e-11,2.33670099854989e-11,2.37169040478687e-10,6.84313482756721e-11,1.72621025920108e-11,2.10354800466195e-11,2.51315217213681e-12,2.3585538364501e-10,3.50416734555516e-11,-1.68372392154928e-11,7.17421695742033e-11,-1.72290932050147e-11,-4.73585835330303e-11,6.98946081856714e-11,5.92840278282701e-11,-4.13969318422414e-12,-1.7384854961988e-11,-6.98637063671405e-11,2.74251475426674e-10,4.52914174374078e-11,6.2672230869964e-11,1.35409799458742e-11,5.84403039497935e-11,2.71804960781618e-11,3.45158650211253e-11,-2.66374005470258e-11,-1.10538151171486e-10,2.2935610253781e-10,-4.33249116158201e-11,-6.27498372680473e-11,-1.29440100033345e-11,-2.09630070920491e-11,5.79709100389444e-12,-1.1899492231757e-10,2.03653337397913e-10,9.48375712362043e-12,-4.26179191195074e-11,-5.56845904629664e-11,-2.45212691032709e-11,-7.26320153393417e-11,6.94056189425807e-11,-8.80516593516234e-11,1.35414109824418e-10,-8.64238179040712e-11,-2.05149754022036e-10,-3.67385759680762e-11,3.16906152031122e-11,1.03151963373262e-10,1.48505962110034e-11,1.33987497951071e-10,1.88879576356357e-10,-1.09444818091864e-10,-3.31475887130245e-11,4.56239785789585e-11,3.67256037797407e-11,-2.13387675471211e-11,-8.24226194921202e-11,-1.15840100531107e-10,1.67850637582844e-10,-5.59157657028793e-11,-4.21051671583178e-11,-1.13851739158917e-11,1.17246070660379e-10,1.20761019202275e-10,2.90627598258768e-11,-4.46312760716852e-11,1.24054977608182e-10,1.0589363029311e-10,4.10497283235805e-11,-1.08173087364708e-10,-1.09145237778035e-11,-1.35390381704512e-10,2.19632385428121e-12,6.28025954138056e-11,-7.96696101199287e-11,-8.43187233835504e-11,8.80189847438391e-11,-1.28427036972744e-10,4.44409398820709e-11,-2.80498093561325e-11,-1.23638326771843e-10,3.66390066123701e-12,-2.97372323810895e-11,-8.71173209637625e-12,1.60833151975327e-11,-4.31824713015824e-11,4.81087938974496e-11,3.82881640501719e-11,-1.78636537673731e-10,-1.95154076919769e-10,3.11339027928157e-11,-1.73130456518526e-11,1.27752998082122e-10,-1.15766648228607e-10,-7.43727705705995e-11,3.10942277184361e-11,-4.82423337901216e-11,1.72424238414667e-11,-1.60612814470821e-10,-7.84629336984561e-11,-5.22685385154663e-11,6.46760077767667e-11,1.68281710519086e-10,9.31460571032288e-11,7.19495229311044e-11,-1.55388007012382e-10,2.2438215419506e-11,2.56738705808624e-11,1.14132677470125e-10,5.46386671744686e-11,-2.67709985594474e-11,-2.8058056540078e-11,-3.51839590140285e-11,4.17673769560943e-11,8.94760346556697e-11,2.80523674138483e-10,5.4466442510335e-11,1.73409501746497e-10,-7.62745982048086e-11,1.08553467487188e-10,7.92918391130357e-11,5.67449125814681e-11,-6.69700150814377e-11,4.25995548686868e-11,1.02476546623496e-10,-2.92083408668799e-10,1.41527869724048e-10,4.36390255319002e-11,-8.50851141657608e-11,5.07758480709433e-11,-1.33539600251759e-10,-4.93749900288109e-12,1.37223326582614e-10,3.96525312528714e-11,8.15273233926123e-13,1.7749470130929e-10,-1.39684208437423e-10,4.13326647570202e-11,-2.48562732798702e-10,8.72316760405772e-11,2.50273308947354e-11,1.31684572377748e-11,3.44562739944152e-11,-4.5431141313596e-11,-2.10717505639167e-10,1.97489249224061e-11,-2.04872897300265e-11,8.93767735708815e-11,-1.74335458245489e-10,-1.01307568048025e-10,2.4364133274163e-11,-4.66897802479267e-11,1.80548910053159e-10,6.97024010758716e-11,-3.62716703358996e-11,-3.66218032116729e-11,-6.52738569934837e-11,1.25918546223825e-10,-7.37041037078987e-11,1.09239310761142e-10,1.20108080637907e-10,9.70982772085107e-11,-1.28062316058384e-10,-6.03714561300395e-11,5.60767373983514e-11,-9.05962295793025e-11,3.95202207282014e-11,-5.7133411150977e-11,1.81415714791837e-10,1.30959837096503e-10,4.52572087811101e-11,-3.77045300904705e-11,5.81521507538585e-11,-8.24352682138574e-11,-2.24738539231255e-11,-1.20238351417613e-10,-1.73035037712309e-10,5.02968564592582e-11,-8.32965379867122e-11,-1.10996982585844e-10,-1.46055687640885e-12,9.2800410846368e-11,6.21864726916808e-11,6.52467465583039e-11,4.43725086091305e-11,5.03098334917343e-11,-5.15959869492474e-12,5.72961192224387e-12,1.28316664778832e-10,-8.59020171173117e-11,1.56668297493362e-10,1.36325537332526e-10,-5.16129198859593e-11,-9.37596369363287e-11,8.33135620759573e-11,8.08075694381591e-11,5.05613918673153e-11,9.42265744861837e-11,5.9177349103274e-11,-9.9572794824854e-11,-4.80750619316907e-11,1.30473698964767e-10,-5.93010846477399e-11,-8.47779228737814e-13,-2.89238723007097e-11,2.65920509508077e-11,1.3366348195092e-10,2.34102327306853e-11,-5.52660903580333e-12,1.48979965166438e-10,-1.62960788254184e-10,1.43626193676246e-10,3.16994249550441e-11,-8.75932120821452e-12,-4.8916456284697e-11,-1.39555830530167e-10,-8.46580118286325e-12,-3.90642019676351e-11,-8.33212654933065e-11,1.45294715664356e-10,-3.56339701335929e-11,-2.49759906194105e-11,-7.69414891564221e-11,4.01350397457791e-11,2.56950456039907e-11,1.30253621077423e-10,-1.69688318455979e-10,-1.16696063527373e-10,-2.88032545874317e-11,5.93362375511126e-11,-1.2090423221037e-12,5.21103740095591e-11,2.11678009436734e-10,-9.82237183963808e-11,-1.43203768692925e-11,-5.78143099944003e-11,1.03363701223959e-10,-3.50542099378028e-11,-1.31030331269019e-10,-7.32224666929056e-11,1.2056813754287e-11,-9.70084297579146e-11,1.01650946056629e-10,4.18031534904387e-11,-4.6764847104097e-12,-9.72398298094423e-11,9.87212888883613e-11,1.65110253851986e-10,-3.80778193495535e-11,1.39253442554997e-12,-9.56678760929157e-11,-4.1331088749476e-11,-1.9420757905015e-11,1.40571405666692e-10,-9.99770341855614e-11,-9.83756466813446e-11,-1.08260871130227e-10,1.50872861387435e-11,-1.68807185511576e-10,-2.42133768674749e-11,-1.62980829350849e-10,-1.17526297094746e-11,-8.72069642770221e-11,-6.53137857059042e-12,1.18337639186308e-10,-1.07377070839904e-12,-5.4495676612642e-11,-1.38306033011607e-10,-9.29491140840043e-11,-9.16363435556326e-11,2.20693321244741e-10,1.54836166908532e-10,-1.05279622926928e-11,6.17023185233603e-11,6.84941649456773e-11,7.79473429542881e-12,1.42100455893554e-10,2.04410889036716e-11,-1.51592646000509e-11,-3.03712978459051e-11,-1.43416214609575e-10,6.29545352861436e-11,1.06731997529914e-10,-1.81891551247281e-10,1.40068356612976e-12,1.33076711927631e-10,-1.5047009587419e-11,-6.3159266358957e-12,-6.85945636156643e-11,-1.85593211040341e-10,-5.56099643217065e-11,8.40429932557207e-11,7.34540334898433e-13,1.4521167614648e-10,-7.32014245415412e-11,8.46228952342791e-11,1.12814419758048e-10,2.57471302100134e-10,5.26538947602238e-10,8.01283573127932e-10,1.03871385633938e-09,1.77099762586735e-09,2.63404855359496e-09,4.49780153222495e-09
