v,0.25
Patm,100000
g,9.81
r,500
G,10^10.77
rho,2700
mu,10^2.17
rc,23
 
M,10^4.93
sigma,0.1
 
tilt_erupt,2.1488nrad
 
-1411,-1410,-1409,-1408,-1407,-1406,-1405,-1404,-1403,-1402,-1401,-1400,-1399,-1398,-1397,-1396,-1395,-1394,-1393,-1392,-1391,-1390,-1389,-1388,-1387,-1386,-1385,-1384,-1383,-1382,-1381,-1380,-1379,-1378,-1377,-1376,-1375,-1374,-1373,-1372,-1371,-1370,-1369,-1368,-1367,-1366,-1365,-1364,-1363,-1362,-1361,-1360,-1359,-1358,-1357,-1356,-1355,-1354,-1353,-1352,-1351,-1350,-1349,-1348,-1347,-1346,-1345,-1344,-1343,-1342,-1341,-1340,-1339,-1338,-1337,-1336,-1335,-1334,-1333,-1332,-1331,-1330,-1329,-1328,-1327,-1326,-1325,-1324,-1323,-1322,-1321,-1320,-1319,-1318,-1317,-1316,-1315,-1314,-1313,-1312,-1311,-1310,-1309,-1308,-1307,-1306,-1305,-1304,-1303,-1302,-1301,-1300,-1299,-1298,-1297,-1296,-1295,-1294,-1293,-1292,-1291,-1290,-1289,-1288,-1287,-1286,-1285,-1284,-1283,-1282,-1281,-1280,-1279,-1278,-1277,-1276,-1275,-1274,-1273,-1272,-1271,-1270,-1269,-1268,-1267,-1266,-1265,-1264,-1263,-1262,-1261,-1260,-1259,-1258,-1257,-1256,-1255,-1254,-1253,-1252,-1251,-1250,-1249,-1248,-1247,-1246,-1245,-1244,-1243,-1242,-1241,-1240,-1239,-1238,-1237,-1236,-1235,-1234,-1233,-1232,-1231,-1230,-1229,-1228,-1227,-1226,-1225,-1224,-1223,-1222,-1221,-1220,-1219,-1218,-1217,-1216,-1215,-1214,-1213,-1212,-1211,-1210,-1209,-1208,-1207,-1206,-1205,-1204,-1203,-1202,-1201,-1200,-1199,-1198,-1197,-1196,-1195,-1194,-1193,-1192,-1191,-1190,-1189,-1188,-1187,-1186,-1185,-1184,-1183,-1182,-1181,-1180,-1179,-1178,-1177,-1176,-1175,-1174,-1173,-1172,-1171,-1170,-1169,-1168,-1167,-1166,-1165,-1164,-1163,-1162,-1161,-1160,-1159,-1158,-1157,-1156,-1155,-1154,-1153,-1152,-1151,-1150,-1149,-1148,-1147,-1146,-1145,-1144,-1143,-1142,-1141,-1140,-1139,-1138,-1137,-1136,-1135,-1134,-1133,-1132,-1131,-1130,-1129,-1128,-1127,-1126,-1125,-1124,-1123,-1122,-1121,-1120,-1119,-1118,-1117,-1116,-1115,-1114,-1113,-1112,-1111,-1110,-1109,-1108,-1107,-1106,-1105,-1104,-1103,-1102,-1101,-1100,-1099,-1098,-1097,-1096,-1095,-1094,-1093,-1092,-1091,-1090,-1089,-1088,-1087,-1086,-1085,-1084,-1083,-1082,-1081,-1080,-1079,-1078,-1077,-1076,-1075,-1074,-1073,-1072,-1071,-1070,-1069,-1068,-1067,-1066,-1065,-1064,-1063,-1062,-1061,-1060,-1059,-1058,-1057,-1056,-1055,-1054,-1053,-1052,-1051,-1050,-1049,-1048,-1047,-1046,-1045,-1044,-1043,-1042,-1041,-1040,-1039,-1038,-1037,-1036,-1035,-1034,-1033,-1032,-1031,-1030,-1029,-1028,-1027,-1026,-1025,-1024,-1023,-1022,-1021,-1020,-1019,-1018,-1017,-1016,-1015,-1014,-1013,-1012,-1011,-1010,-1009,-1008,-1007,-1006,-1005,-1004,-1003,-1002,-1001,-1000,-999,-998,-997,-996,-995,-994,-993,-992,-991,-990,-989,-988,-987,-986,-985,-984,-983,-982,-981,-980,-979,-978,-977,-976,-975,-974,-973,-972,-971,-970,-969,-968,-967,-966,-965,-964,-963,-962,-961,-960,-959,-958,-957,-956,-955,-954,-953,-952,-951,-950,-949,-948,-947,-946,-945,-944,-943,-942,-941,-940,-939,-938,-937,-936,-935,-934,-933,-932,-931,-930,-929,-928,-927,-926,-925,-924,-923,-922,-921,-920,-919,-918,-917,-916,-915,-914,-913,-912,-911,-910,-909,-908,-907,-906,-905,-904,-903,-902,-901,-900,-899,-898,-897,-896,-895,-894,-893,-892,-891,-890,-889,-888,-887,-886,-885,-884,-883,-882,-881,-880,-879,-878,-877,-876,-875,-874,-873,-872,-871,-870,-869,-868,-867,-866,-865,-864,-863,-862,-861,-860,-859,-858,-857,-856,-855,-854,-853,-852,-851,-850,-849,-848,-847,-846,-845,-844,-843,-842,-841,-840,-839,-838,-837,-836,-835,-834,-833,-832,-831,-830,-829,-828,-827,-826,-825,-824,-823,-822,-821,-820,-819,-818,-817,-816,-815,-814,-813,-812,-811,-810,-809,-808,-807,-806,-805,-804,-803,-802,-801,-800,-799,-798,-797,-796,-795,-794,-793,-792,-791,-790,-789,-788,-787,-786,-785,-784,-783,-782,-781,-780,-779,-778,-777,-776,-775,-774,-773,-772,-771,-770,-769,-768,-767,-766,-765,-764,-763,-762,-761,-760,-759,-758,-757,-756,-755,-754,-753,-752,-751,-750,-749,-748,-747,-746,-745,-744,-743,-742,-741,-740,-739,-738,-737,-736,-735,-734,-733,-732,-731,-730,-729,-728,-727,-726,-725,-724,-723,-722,-721,-720,-719,-718,-717,-716,-715,-714,-713,-712,-711,-710,-709,-708,-707,-706,-705,-704,-703,-702,-701,-700,-699,-698,-697,-696,-695,-694,-693,-692,-691,-690,-689,-688,-687,-686,-685,-684,-683,-682,-681,-680,-679,-678,-677,-676,-675,-674,-673,-672,-671,-670,-669,-668,-667,-666,-665,-664,-663,-662,-661,-660,-659,-658,-657,-656,-655,-654,-653,-652,-651,-650,-649,-648,-647,-646,-645,-644,-643,-642,-641,-640,-639,-638,-637,-636,-635,-634,-633,-632,-631,-630,-629,-628,-627,-626,-625,-624,-623,-622,-621,-620,-619,-618,-617,-616,-615,-614,-613,-612,-611,-610,-609,-608,-607,-606,-605,-604,-603,-602,-601,-600,-599,-598,-597,-596,-595,-594,-593,-592,-591,-590,-589,-588,-587,-586,-585,-584,-583,-582,-581,-580,-579,-578,-577,-576,-575,-574,-573,-572,-571,-570,-569,-568,-567,-566,-565,-564,-563,-562,-561,-560,-559,-558,-557,-556,-555,-554,-553,-552,-551,-550,-549,-548,-547,-546,-545,-544,-543,-542,-541,-540,-539,-538,-537,-536,-535,-534,-533,-532,-531,-530,-529,-528,-527,-526,-525,-524,-523,-522,-521,-520,-519,-518,-517,-516,-515,-514,-513,-512,-511,-510,-509,-508,-507,-506,-505,-504,-503,-502,-501,-500,-499,-498,-497,-496,-495,-494,-493,-492,-491,-490,-489,-488,-487,-486,-485,-484,-483,-482,-481,-480,-479,-478,-477,-476,-475,-474,-473,-472,-471,-470,-469,-468,-467,-466,-465,-464,-463,-462,-461,-460,-459,-458,-457,-456,-455,-454,-453,-452,-451,-450,-449,-448,-447,-446,-445,-444,-443,-442,-441,-440,-439,-438,-437,-436,-435,-434,-433,-432,-431,-430,-429,-428,-427,-426,-425,-424,-423,-422,-421,-420,-419,-418,-417,-416,-415,-414,-413,-412,-411,-410,-409,-408,-407,-406,-405,-404,-403,-402,-401,-400,-399,-398,-397,-396,-395,-394,-393,-392,-391,-390,-389,-388,-387,-386,-385,-384,-383,-382,-381,-380,-379,-378,-377,-376,-375,-374,-373,-372,-371,-370,-369,-368,-367,-366,-365,-364,-363,-362,-361,-360,-359,-358,-357,-356,-355,-354,-353,-352,-351,-350,-349,-348,-347,-346,-345,-344,-343,-342,-341,-340,-339,-338,-337,-336,-335,-334,-333,-332,-331,-330,-329,-328,-327,-326,-325,-324,-323,-322,-321,-320,-319,-318,-317,-316,-315,-314,-313,-312,-311,-310,-309,-308,-307,-306,-305,-304,-303,-302,-301,-300,-299,-298,-297,-296,-295,-294,-293,-292,-291,-290,-289,-288,-287,-286,-285,-284,-283,-282,-281,-280,-279,-278,-277,-276,-275,-274,-273,-272,-271,-270,-269,-268,-267,-266,-265,-264,-263,-262,-261,-260,-259,-258,-257,-256,-255,-254,-253,-252,-251,-250,-249,-248,-247,-246,-245,-244,-243,-242,-241,-240,-239,-238,-237,-236,-235,-234,-233,-232,-231,-230,-229,-228,-227,-226,-225,-224,-223,-222,-221,-220,-219,-218,-217,-216,-215,-214,-213,-212,-211,-210,-209,-208,-207,-206,-205,-204,-203,-202,-201,-200,-199,-198,-197,-196,-195,-194,-193,-192,-191,-190,-189,-188,-187,-186,-185,-184,-183,-182,-181,-180,-179,-178,-177,-176,-175,-174,-173,-172,-171,-170,-169,-168,-167,-166,-165,-164,-163,-162,-161,-160,-159,-158,-157,-156,-155,-154,-153,-152,-151,-150,-149,-148,-147,-146,-145,-144,-143,-142,-141,-140,-139,-138,-137,-136,-135,-134,-133,-132,-131,-130,-129,-128,-127,-126,-125,-124,-123,-122,-121,-120,-119,-118,-117,-116,-115,-114,-113,-112,-111,-110,-109,-108,-107,-106,-105,-104,-103,-102,-101,-100,-99,-98,-97,-96,-95,-94,-93,-92,-91,-90,-89,-88,-87,-86,-85,-84,-83,-82,-81,-80,-79,-78,-77,-76,-75,-74,-73,-72,-71,-70,-69,-68,-67,-66,-65,-64,-63,-62,-61,-60,-59,-58,-57,-56,-55,-54,-53,-52,-51,-50,-49,-48,-47,-46,-45,-44,-43,-42,-41,-40,-39,-38,-37,-36,-35,-34,-33,-32,-31,-30,-29,-28,-27,-26,-25,-24,-23,-22,-21,-20,-19,-18,-17,-16,-15,-14,-13,-12,-11,-10,-9,-8,-7,-6,-5,-4,-4,-3,-2,-1,0
2.0707736496024e-11,1.82967031674136e-12,5.53176032860236e-11,1.43781842209263e-11,-1.14088776831209e-10,-8.81652633598779e-12,-7.989979226249e-11,-3.66506554505502e-11,1.03498229306651e-10,-6.19769990031809e-11,-4.77319155185122e-11,-8.25319096037601e-11,1.56013237364436e-10,4.74219062056392e-11,-1.43336612838789e-10,9.87809288365822e-11,-1.32940290852166e-11,-3.39701235608606e-11,4.80180481394309e-12,-2.92787886858904e-11,-7.54908506457221e-11,1.58128363801455e-10,-8.10791842508327e-11,2.17441376578909e-11,3.07025379486338e-11,-9.18874349313043e-11,2.77968194365534e-11,2.34784270598269e-12,1.45480557813436e-10,-6.82036589503468e-11,3.02454974020315e-10,3.54610362837093e-11,-8.5215864812507e-11,-1.3197205205312e-10,1.15905176222612e-10,1.16053696999609e-10,2.45010955717306e-10,-2.33027799782497e-10,9.15134813039972e-13,-2.51222177306486e-11,-5.02998805709333e-12,1.38637058580762e-10,-9.92650181996661e-11,1.33935127031117e-11,-2.01704211340482e-11,-1.37308824901995e-10,8.37355458013587e-11,1.08806561535499e-11,-1.20489880053491e-10,-3.49493837001424e-11,3.61798561254477e-11,5.93814505938674e-11,-1.34675466252896e-10,5.49106323321292e-11,-1.75327832213232e-10,5.50700482168439e-11,-8.64250616761506e-12,-1.39567556992339e-10,-2.11858599849393e-10,-3.58286588412398e-11,-2.85000685071038e-12,6.55114143711027e-12,-1.84981984714554e-10,9.10196111420812e-11,-1.36415242381397e-10,5.37457072365469e-11,7.50785148802109e-12,-1.19766657214687e-10,1.7422156273285e-10,-6.1348175264421e-11,-1.40826649724565e-10,5.61007299181439e-11,3.24171630287534e-12,8.22631285579377e-11,2.2366171205807e-11,3.42658197808544e-11,-9.04045040459697e-11,-2.51018681691241e-10,-2.2440954056661e-10,1.06646863707543e-10,-1.20425447112883e-10,1.59156495254219e-11,-1.2294763200882e-11,-1.51798037761656e-10,1.15953656536859e-10,-1.49120305991454e-10,-1.97086964087884e-10,-6.13919582458479e-11,7.90333383841102e-11,1.00107726143566e-10,-2.54673582592803e-11,-4.91394536065544e-13,6.82305096196158e-11,1.4508797236778e-11,1.39750601093756e-10,-1.06076762421809e-11,-1.17122570192264e-11,1.02573384922514e-10,5.41231057648698e-11,4.40295985165322e-11,-3.22695725115286e-11,-4.24938911102576e-11,-3.68273969608704e-11,1.55489417769609e-10,-2.37482581752676e-11,-1.03505897271586e-10,5.65116074589499e-11,-1.01323217073476e-10,-1.39958856199375e-10,-4.68160438357008e-11,4.82674493622206e-11,-1.58203085657684e-10,8.61920863198216e-11,-1.50097483367642e-10,-3.02450782651731e-11,1.26930983851678e-10,-1.83831178961451e-11,5.22208494736257e-11,-2.64870684344449e-11,2.67329423314715e-11,4.52151837172858e-11,-6.14087995913949e-11,2.2870747727939e-10,-1.8398521333193e-10,-1.05704567174048e-10,-3.73252053263235e-11,1.09401876782378e-10,-1.52697955763409e-11,-4.63805891239678e-11,-2.90964886360282e-11,-4.81338102614602e-11,2.168126146105e-10,1.1786240598046e-10,-1.31262351859822e-10,-6.7080463777069e-11,-1.22718125465861e-10,8.94210988144285e-11,1.1020479621827e-10,-6.92291004841071e-12,2.37318642283861e-11,9.73549513788569e-11,1.56160625065824e-10,4.99717525128969e-11,-3.09188368847528e-11,2.73468655429569e-12,-6.31294686703919e-11,1.32957917292585e-10,8.21029191305932e-11,4.28324804714749e-11,6.90006415618447e-12,-1.69946945908951e-11,-8.89426243193629e-11,3.86130179848968e-11,4.51359468208998e-11,-9.91285818168148e-11,-2.13698154794565e-11,2.63709267748006e-11,-1.79152690130976e-10,-1.0619746036047e-10,2.10348783928e-10,-5.22863793120235e-11,-3.60373975489462e-11,-9.09727567373304e-11,-3.59462241827042e-11,-1.13068455626185e-10,2.76532724670606e-11,1.04341575558587e-10,1.33422051697428e-11,-1.00239524945641e-10,1.16736151908809e-11,-3.482585604125e-11,-6.54676491423614e-11,6.48836623333925e-11,-1.20138469063149e-12,4.63605148194154e-11,-1.02360605238842e-10,-1.0942100547924e-10,1.9016568761349e-11,8.55927403768315e-11,7.33855257655408e-11,-2.92650331285047e-11,7.74661045559279e-11,8.2551616667143e-11,1.64485671035409e-10,3.68155896579525e-11,8.43415451309655e-11,-5.35663959622487e-11,-9.93660837797994e-12,1.68848278648643e-10,-5.79471768419928e-11,-7.66581360797247e-11,-5.97405086990156e-11,-1.37752962694892e-10,9.46392033665531e-11,-4.98239314822753e-11,2.4307667963286e-10,2.15352481191818e-11,-1.73531443295517e-10,-1.16284314777423e-11,-1.00531552909939e-10,-3.19862486551782e-11,-2.16263399749076e-10,2.9983508196518e-12,6.39679116518593e-11,-6.7453894012688e-11,-3.81770342769206e-12,3.5433392615287e-11,-3.66877362711553e-11,-2.07352138284972e-11,-6.80652122789235e-11,-2.12071407491946e-11,1.09971045976597e-10,-5.13860344782516e-11,1.39610484296368e-11,1.70935002449271e-10,1.36183951707933e-10,-8.95774052510712e-12,-6.51968378939978e-11,-5.0160728776963e-11,-1.90125891998893e-10,-1.61685955062126e-11,5.37523986113517e-11,1.05350004347676e-10,1.94920995132496e-11,8.89639296646816e-11,-8.49856403168924e-11,4.64159061402359e-11,4.99533107119592e-11,-8.98704891779768e-11,-9.45307390748173e-11,-7.92485293770795e-11,4.79211738627335e-11,2.46887217846081e-10,-6.37343958987911e-11,-4.29048884980941e-12,4.01658534292661e-11,5.31639160593753e-11,7.94086863514055e-11,-8.8173182049855e-11,1.57085107366895e-10,-3.27280533085735e-11,4.52398254011508e-11,-7.09688868887203e-11,-9.56871046714657e-11,3.35917720911759e-11,-2.43141831592193e-10,-1.86886101755402e-11,1.60176616160294e-10,9.80035478352258e-11,1.16949777653497e-10,-1.721858061635e-11,-5.60911350575692e-11,-1.98106391826284e-13,1.30612053542309e-10,2.03304213644702e-10,1.01838525700943e-11,-1.12874266678741e-10,-6.57185241668536e-11,-1.20624223615944e-10,-3.5516504910443e-11,2.56631216259798e-11,-5.65584849863136e-11,-1.06834773937736e-10,-1.05839627524809e-10,-2.71259349487529e-11,-6.40764543848843e-11,-3.43459467910875e-11,-7.29297000664475e-11,2.61196256545491e-10,-7.33261642556136e-11,1.24054880060876e-10,-1.01706322302086e-10,4.57961752750136e-11,1.1855476539082e-10,1.53810440199987e-10,9.05234478921355e-11,1.73790068521367e-10,-2.69694217812792e-10,-3.55416761871151e-11,-1.12849289725567e-10,9.21590755760477e-11,2.65870579499777e-12,8.19421221842192e-11,-8.29030691272102e-11,-7.74284036682841e-12,-1.55272931691107e-10,4.3915395326205e-11,-1.36099383991485e-10,-1.74326095270545e-10,1.81853372149676e-10,4.70701905926319e-11,5.09891644670485e-11,1.93061647405194e-11,-5.29048420517095e-11,3.54499608155587e-11,1.35194994137978e-10,3.53775610534757e-11,8.79316830003461e-11,-7.90230549329553e-11,3.22558566522372e-11,1.1562129592395e-10,-2.03889093670479e-10,-1.58307778295647e-10,1.65968193367589e-10,-1.16781437862153e-11,-4.75570103836625e-11,1.18084844500457e-10,-4.3751359368414e-11,-8.19177833683418e-11,1.79185739313361e-10,3.15884740449626e-11,9.16980863551573e-11,3.67170418437037e-11,-1.54039449691919e-10,5.11567726818114e-11,-2.51036634761256e-11,-2.607899774382e-10,3.64970629457604e-11,-4.57392699618508e-11,-2.53319524144714e-11,1.22469830074513e-10,1.55891474545402e-10,-2.12620027193112e-11,1.0262578512768e-10,1.04419697139023e-10,1.96023547615796e-12,-1.18454797557543e-10,-8.12513184269073e-11,-4.58388924858669e-11,-3.31389094664071e-11,1.58589556651381e-11,1.20384187638837e-10,3.29265088724085e-11,1.43622903581534e-10,-4.7269999156619e-11,-1.09966722852683e-10,-2.41495377614889e-10,-7.54863395441004e-11,1.81927157661293e-10,4.06347803081694e-11,-1.72672866070367e-10,2.55993238466854e-11,-9.44717932800034e-11,-1.61607878489485e-11,-1.38531046428702e-10,5.28431932435024e-11,1.38017452916541e-11,-1.05444621220953e-10,7.12068117087158e-11,4.3255630047844e-12,7.98104772410501e-11,-3.7681550188291e-12,1.35529771575646e-11,9.51911203742212e-11,-1.0723351536405e-11,8.63136235343535e-12,8.44503829506897e-12,7.70157776132008e-11,-1.97229592840963e-10,2.95861717310488e-11,-7.95850428308993e-11,3.08788217074885e-11,-8.02275245339217e-12,-1.05692921717395e-10,7.33458613349716e-11,6.38704853151944e-11,-9.62398466912089e-11,3.06587925679386e-11,9.43542942877337e-11,-5.28498941502137e-11,4.35307669516396e-11,3.520603085051e-11,1.39705965450714e-10,-8.71193708849898e-11,-1.49138233008302e-10,8.25487577376329e-12,2.43342767612495e-11,-2.75800486346491e-11,-5.38902731316371e-12,-5.8091591209016e-13,-1.84149062718228e-11,-3.53156416738952e-13,-5.51528895822053e-11,6.60587328493808e-12,6.04117980232708e-12,-8.10916002491711e-11,6.78381752213849e-11,1.14303386490554e-11,7.38916002802915e-11,2.90807765329312e-11,-1.07379492559849e-10,-6.0776439291433e-11,-6.83384952847724e-11,-1.00166669215809e-11,-5.26420419942404e-11,9.10165301739902e-12,3.44131533248893e-11,8.93229192737011e-11,-1.68459760973729e-10,-1.51970005398648e-10,-5.43807290736864e-12,-7.38228260334704e-11,-2.47834968147021e-11,-1.20338220368159e-10,-1.7123614330716e-10,-7.26570399659182e-11,-2.27939767165912e-11,-7.18136395605859e-11,-6.70697577783734e-13,-8.491062266298e-11,9.43561000283876e-12,-1.40737280066033e-10,1.22944863839761e-10,-9.81564844599708e-11,-1.6934505343926e-10,-7.76166291481251e-11,3.9348831434682e-11,1.24141891059017e-10,-1.02634266363388e-11,2.20264788241103e-10,1.21564126506994e-10,1.52376450413766e-10,1.61872857382969e-10,-2.18016255938288e-10,-3.556658400924e-11,3.52437609033938e-11,-2.48869147970415e-12,1.34378291815853e-10,-1.63787661282126e-10,1.52741079030015e-11,-8.53707069995068e-11,-8.38558462107669e-11,6.59361679507471e-11,-5.8350261486169e-11,6.01587586928306e-11,-1.76290006578005e-11,1.4876537369491e-10,4.0483760075823e-11,1.44433022045879e-10,-1.21571602867141e-10,1.0803761820559e-10,-1.77742689612229e-10,9.21089621016673e-12,-1.61260878003092e-11,1.26909498440908e-11,1.05129769704098e-10,-1.00087827300555e-10,-5.60244174514447e-11,1.2072652715783e-10,-2.3810793978079e-12,3.821358439627e-11,2.30837431720316e-10,6.13859598206483e-12,9.78923645345093e-11,-2.29314975210015e-11,-8.09060392033214e-11,-6.68442053131388e-11,-9.07889843784911e-11,-8.96455175837594e-13,2.10586895288567e-10,1.25229354561548e-10,-1.10793736773803e-10,1.02930730723926e-10,-7.9160999029431e-11,-3.17186590555881e-11,1.77987784153143e-11,1.88361003730941e-11,6.18773847659852e-11,-9.91887723198918e-11,5.74006706281142e-11,6.73711042746227e-12,-1.97551885154244e-10,-8.21115870056122e-11,1.08938605694197e-10,3.10984333778249e-11,1.79621088137526e-11,9.69829727894725e-12,4.80413590514604e-11,1.72325692352528e-10,-1.58010575713895e-10,-1.26815815881602e-10,-2.03801637813782e-10,1.61636238078368e-10,1.07726416922407e-10,6.89262120856909e-11,-1.05757131927921e-10,5.87623083557649e-11,-4.01133304177778e-11,3.11319326897152e-11,-1.0379855306301e-10,-1.31269915992721e-12,-7.82436510713129e-11,1.24761119314437e-10,-6.97244831869406e-11,-3.58703313718354e-11,2.07619712768962e-10,1.12965834387362e-10,9.46478202516147e-11,-3.25086015800281e-11,1.23195758606298e-12,4.34196604555124e-11,3.17785588161584e-11,-3.4884907429319e-11,2.35150051527595e-11,-1.61925230364854e-10,7.7013769476015e-11,3.47629535920839e-11,-1.14651543583465e-10,1.60059414902524e-11,-1.75087261502714e-10,-6.21421499113255e-11,7.33988768349726e-11,-5.98589631567334e-11,8.69627879445434e-11,5.46331574602117e-11,-1.48683798053971e-10,-7.9978393433008e-11,-7.43916785915726e-11,8.33155999263783e-11,-7.33056872155163e-11,-3.90093241028292e-11,3.21551830536049e-11,1.0883768081392e-10,5.67426921931965e-11,6.91920395388105e-11,5.68225018036827e-12,3.24729500940757e-11,8.54646758673899e-11,5.83531810958019e-11,-2.19723774379498e-10,3.32437184193875e-11,6.97927897170288e-11,7.51607441525563e-12,1.87372890514836e-10,1.07469055995774e-11,1.3728098708837e-10,6.28207557860363e-11,1.10684254488661e-11,-1.8094691780564e-10,1.50322507802334e-12,2.15433812370132e-11,3.66486625449054e-11,5.0125934508176e-11,-1.72776747057101e-11,-5.77144203582357e-11,5.51683703935162e-11,-1.20594895277667e-10,2.95978466369901e-11,-1.51582834153448e-11,1.32528472172658e-10,7.83384775737937e-11,-1.65973685289697e-10,8.9731869543699e-11,3.81817368789614e-11,-7.01706827474879e-11,3.47057792183165e-11,-5.35259898721185e-11,1.09543876633478e-10,-3.86669555426893e-11,6.31560296605542e-11,6.9688551129779e-11,8.56454647954505e-11,-1.22279662945604e-10,5.66285041035791e-11,-1.46444042740626e-10,9.76761192114877e-11,-3.23795077806676e-11,-7.60162508376055e-11,-9.45448364162312e-11,1.48428550480563e-11,-1.4566102322993e-10,-7.42326888892799e-11,-8.54412390290127e-12,-1.22118582591899e-11,4.20894697862291e-12,7.9956476920558e-11,-3.5707796182734e-11,-1.51790533570411e-10,-4.20954210372362e-11,1.24377800478553e-10,8.2485238124185e-11,-1.40281150746377e-10,1.15848844940084e-10,9.89513960139502e-11,-4.1824418470604e-11,2.40706240374787e-10,-4.73206901340301e-11,5.07296292116883e-11,1.21004702109836e-10,-7.57734733894162e-11,8.43343813506924e-11,3.47842730933176e-11,1.17386494390372e-11,-5.84679326065549e-11,2.1944717811491e-11,-9.73555640467381e-11,4.83156075629751e-11,7.58909492878999e-11,-1.22812959186597e-10,8.10983254089224e-11,-9.37347966049674e-11,1.09412710331156e-11,9.19535821360589e-11,2.12760343430564e-10,-8.87528716352712e-11,1.4433464841564e-10,7.59723413369882e-11,-1.39768556736772e-10,-7.69826358249793e-11,1.3119476502717e-11,7.54401486311272e-11,-5.00662107975157e-11,-7.44358726696728e-11,-2.49533244670451e-11,8.62258702368974e-13,-6.25763550225656e-12,6.12535593596445e-11,-6.52109567813249e-11,1.41606876170395e-10,-1.33061570210481e-10,1.13044388016912e-10,-1.18275851907075e-10,-8.34493090935795e-12,5.57473279163651e-11,-2.03191279459332e-10,1.72586895471094e-10,-3.34511847199709e-11,1.23359339395663e-10,1.36633892668843e-10,-8.45631620245073e-11,1.34140516522652e-10,1.72040885259601e-10,-1.55485806852444e-10,-8.98114713773354e-11,9.77183212833096e-11,1.18364747220882e-11,4.51080332586696e-11,-3.79372291231356e-11,2.3232492997785e-10,2.94296601529653e-11,-1.0032491624703e-10,1.66999719012439e-10,6.72211137939638e-11,1.33192253233869e-10,-1.19379828656181e-10,1.28425904406358e-10,6.43964757126782e-11,-1.01185371248025e-10,3.11671675198119e-11,1.99902349612339e-11,8.3114525637512e-11,-2.9026819324715e-10,5.55835599427176e-11,-5.89482650144851e-11,6.23122132840116e-11,-8.26122514687735e-11,-1.60698466786319e-10,-3.20035678055596e-11,1.20909754472393e-10,-4.4701056171595e-11,3.90330888298654e-11,3.23077887072109e-11,-1.86571953868247e-11,6.12302288953012e-11,4.67987386977562e-11,1.35568793749144e-10,2.94132964281334e-11,4.13499803607465e-11,-1.81427849541809e-10,-1.15303554115224e-11,-5.78726943575185e-11,1.05079895893836e-10,-3.60626719466297e-11,2.42292093480892e-11,7.66324416376169e-11,-3.31848518677492e-12,4.95903305919956e-12,-1.87787731431966e-11,7.45330592891045e-11,1.95582600051517e-10,-3.12352757304136e-11,7.63472543554932e-11,5.48705363533711e-11,-8.45400005494114e-11,4.76094343180457e-12,9.91990763719312e-11,-1.90025189527128e-10,-5.87332078857553e-11,-8.19539250659714e-11,-7.48526111746625e-11,-2.11151713750418e-10,-2.06565229830076e-11,-1.32283857269385e-10,1.69643608157907e-10,-9.50981661768614e-11,-1.91939583535217e-10,1.02440209056205e-11,4.22356413953726e-11,-2.30236752894296e-11,-3.8987769678731e-11,1.20520153819102e-11,-7.43434146812502e-11,-9.69155334546232e-11,-1.57823868649362e-11,1.37156997621614e-11,5.46840167737375e-11,5.58296232068951e-11,1.01280172808646e-10,9.11829827015799e-11,-2.17812174701756e-11,-1.04550171316014e-11,8.51563473232199e-11,2.35317967664901e-11,1.41395666972542e-11,-3.00550821349285e-12,-9.56849528176768e-11,-1.32382256384231e-10,6.22903120552994e-11,-4.97936916418815e-12,5.34645839005155e-11,5.73671765131529e-11,2.36082076681189e-10,-2.28818320893427e-10,6.77519386999616e-12,-3.78214783446315e-11,1.58497425415368e-10,-4.01400578063292e-11,1.79322139436229e-11,1.55684963581193e-10,8.12623932675594e-11,-1.27429169685269e-10,-9.28269113160081e-11,-1.29379408169393e-11,2.31984830461116e-11,1.77555428262873e-11,-2.22607268141423e-10,-1.12963925777425e-10,1.3696910001281e-10,-7.64591011647384e-11,-7.81349030409816e-11,-5.53877219291393e-11,-6.69726579611463e-12,1.00592204876468e-10,1.13333524368835e-11,1.19102193459051e-10,1.30774309560196e-10,9.67082877048393e-11,-6.72964647624884e-11,-1.39796161111901e-10,-5.89815270296347e-11,-1.28953225704349e-10,-1.56416799237167e-10,-2.13211764498919e-11,1.87357414683864e-11,-1.00688378603874e-11,2.8769954969418e-11,-7.71153206269796e-11,-7.38565880863508e-11,-3.78996539871098e-11,-5.73218156083707e-11,7.07640667025429e-12,-1.03768615792912e-10,1.5703449449031e-11,-8.11936523282968e-11,-3.20265337086135e-11,4.16559516552393e-11,-4.22191863537807e-11,-4.26149431272837e-11,-6.05044812290113e-11,-1.0230114454486e-10,1.11045034839453e-10,4.4349703631039e-11,-6.94021734391709e-11,-6.50999467102495e-11,-1.33383739016876e-10,-1.01070747145032e-10,3.60696395363413e-11,-1.23343842440426e-10,-6.52966630262912e-11,-7.29102773364478e-12,-5.86176088614614e-11,1.19893760991323e-10,2.19039918525329e-10,-1.03255609459925e-10,1.54949900853596e-10,-1.08385790638059e-11,2.92487509409227e-11,-3.31979495922642e-11,-2.5082070644035e-11,3.11710848530517e-10,3.8248839110858e-11,-1.40293079965198e-12,-2.07354666363296e-10,-2.08815160061738e-11,-7.52389757961098e-11,1.01815131414203e-10,9.40955747386336e-11,-2.12760894848939e-11,-3.52561125179465e-11,-2.38617051065209e-11,1.64961005615079e-10,-1.29285995561105e-10,-7.18227450482149e-12,-1.1136094115892e-10,-3.04145387846047e-11,8.19432723083857e-11,-2.25127200142846e-11,2.30128942124727e-11,4.98745257485751e-12,5.15982975074265e-11,7.00348294581182e-11,-6.60371334785739e-11,-9.98487907797794e-11,1.99615020089102e-10,-5.73082979944121e-11,-2.27012341867912e-10,-5.07990997814024e-11,-5.8524077172428e-11,1.3110916715702e-10,5.71013730548699e-12,8.89424231810664e-12,9.09797406748714e-11,-3.15037752641804e-11,1.35220591081449e-10,7.73098126390737e-11,-7.82474789861798e-11,-2.29180818145797e-11,-1.62688502346995e-11,1.98180801999831e-11,-1.65894401054836e-11,-9.7789370164958e-11,-3.94448209518985e-13,-1.75946284995219e-10,-8.30026389625858e-11,-1.2440597925948e-10,-6.61319459810028e-11,-2.26749739117921e-11,2.71438883642133e-11,2.29956896614617e-10,-1.33700747462128e-10,-1.50974216270692e-10,6.75718192640365e-11,4.852229725665e-11,2.44527214560208e-11,-9.07675661048841e-11,-2.6835401056353e-11,-3.07645868107659e-11,-1.36781955977692e-10,-2.48249212665374e-11,-2.00894944319217e-11,9.8019101588947e-11,-2.94617597820316e-11,-7.78624485595828e-11,-1.27722351228486e-11,-1.50199038997907e-10,7.01443267497413e-12,-1.20237577782219e-10,1.1528079850962e-10,7.276987706378e-11,-2.70630569944568e-12,1.55184687210605e-10,9.56271088481485e-11,5.6613867661228e-11,-1.85532239387114e-11,1.10308201224603e-10,8.61887664635707e-11,5.51544613865783e-11,-4.08257089224711e-11,-1.37737683595874e-10,-1.40180035387406e-11,6.55375028524964e-11,3.86673111874199e-11,9.99750258898886e-11,-1.35591749308107e-10,-7.26362210185353e-11,1.20191654622985e-10,-2.04812302217872e-10,1.81069476882674e-11,-1.267934161303e-10,-1.62902661118464e-10,2.18112063037404e-10,2.36099838219747e-11,9.95079710746406e-11,-4.93760530957798e-11,-7.70704536803294e-11,2.88311337552634e-11,1.73878335679771e-11,-1.58085865291194e-10,-1.05846906017853e-10,-1.82485277549242e-11,-2.72986748439663e-11,1.06851467457948e-10,-9.50584288199181e-11,3.2124813400021e-11,-1.22668539531621e-10,-1.2087441493128e-10,4.22854645215423e-11,1.26129742243678e-10,-2.43083161825346e-11,-4.70813842121791e-11,6.64085655510449e-11,-1.29611400603107e-11,6.7605938278204e-11,8.26048415270653e-11,-6.75902482416702e-11,-7.1168594202228e-11,-4.77630438197013e-11,-4.75614733757373e-11,-1.01182316490305e-11,1.61492772103446e-10,4.00992455545642e-11,1.32582103025694e-10,2.05480747544932e-11,-1.30622060876841e-10,-5.15612476261335e-11,-1.16228431973116e-10,-1.15339161479138e-10,2.35158493175616e-10,-5.80186927048293e-11,-1.93938086524364e-10,-1.29602727204106e-11,5.02494627940729e-11,6.07100454928416e-11,2.37285194295219e-11,4.93181459473814e-11,1.58325915760704e-10,-1.63894030001679e-10,1.14250788798253e-11,3.31525600608853e-11,4.90637791556294e-11,8.84024929033097e-11,8.64217342792421e-13,-7.88193239363384e-11,1.29690288609214e-10,8.63884095489454e-11,3.17978335738533e-11,-1.31516652244369e-10,-9.24528967501092e-11,1.7461597507413e-10,1.12879799567525e-10,-2.61455366204723e-11,-9.70486673341934e-11,1.12225119834808e-10,1.11264235468186e-11,1.57036779829455e-10,-1.06289386409461e-10,7.19779914126128e-11,1.14572031808414e-10,-1.76467412196596e-10,6.54166792885341e-11,-4.48770147766301e-11,3.23916436387835e-11,-8.17049691551468e-11,-1.4864172357964e-10,9.04984452710894e-11,-3.26846732906733e-11,-2.36013934167762e-11,-7.32330531926226e-11,5.34613334115801e-11,-1.89163020660286e-10,1.42036527072124e-10,-2.43237468098431e-10,-8.52296796899411e-11,-1.74526233960082e-10,-4.64594438621307e-11,-1.05755986481898e-10,-7.52839891963283e-11,-1.6029752246021e-10,-2.89664212897767e-11,1.05556091103961e-10,-7.32798816675334e-11,1.8730951711556e-10,2.17364450736072e-11,1.34964265367292e-10,-2.55371740067836e-11,-1.82556140645156e-10,-5.86197416688647e-11,-3.97114157476264e-11,-9.09866521714119e-11,8.64403581884624e-11,4.4331470092093e-11,1.39557597308996e-10,3.54706751105933e-11,6.82042563837085e-11,-1.36841847968249e-11,1.17898757932192e-10,1.34615364235354e-10,-7.23423049228947e-11,-8.36645849873862e-12,1.21146976313675e-11,1.51296722707089e-10,-1.01723398655864e-10,1.22878328389324e-10,1.3572004755512e-10,8.51169506518485e-11,-4.01138720765809e-11,6.28893421411738e-11,2.29611033259937e-11,-3.46116893366853e-11,-7.35535532322115e-11,-3.91414674300716e-12,4.46933084389788e-11,1.46433626612012e-11,-2.50195278760971e-10,4.18759402163402e-11,6.17968354040014e-11,2.12438086304241e-10,9.02671374989526e-11,1.15350384529349e-10,1.23346231769746e-10,-9.78640424176075e-11,-1.56193329228063e-10,2.26473195905578e-11,-3.16194305325274e-11,-2.59403114447178e-11,-1.50344875420426e-10,-1.30171704920735e-10,-1.43465303095834e-11,1.35451982346097e-11,-2.55153213298025e-10,-1.90079042841242e-12,2.42261302696252e-11,-2.50406096423411e-10,1.07746913634595e-11,-3.27551510550762e-12,8.22732730792517e-11,4.1349224183454e-11,-5.2471020940121e-11,-8.90381027829757e-11,1.57998775781559e-10,-5.83038798938294e-13,-1.71764417397591e-10,-1.28105816841917e-12,-7.96877043076863e-11,-3.11999988490691e-11,-1.98320501060747e-10,7.57476468120722e-11,-1.81515577086641e-10,7.25538797127973e-11,4.70754410808905e-11,5.12197841235454e-11,4.55188424126055e-11,-1.35413374419103e-10,-1.6655516119004e-10,1.67338984848824e-10,-9.6075517861931e-12,9.86315712869574e-12,1.05832769816011e-10,-4.39636539382464e-11,-1.43135163024581e-11,9.6753183069474e-11,-1.14835990800982e-10,-1.19738436437917e-10,7.55298084275412e-11,-5.40484516239794e-11,-1.28243520550317e-11,1.37151645670537e-10,4.83665202943141e-11,-1.16987212738367e-11,-1.43195414180655e-10,-1.2772990486597e-10,1.01889860915036e-10,1.0523527070576e-10,-5.74229021162136e-11,7.13094548874016e-11,6.21188175387497e-11,-5.14195393477809e-11,1.63285720038716e-10,9.21223165207901e-11,-1.56706358729418e-10,7.24868538495239e-11,1.44553800442299e-11,-7.125074748929e-11,-4.51148618829148e-11,3.27178075843309e-12,2.23796598168994e-11,1.85772312399086e-10,-2.44585284378102e-12,1.33273293710329e-10,-7.19243786712737e-11,1.18551030235393e-10,-2.34459850374319e-11,1.45293032561043e-10,1.26491884788139e-10,-9.97358954390097e-11,-2.18164575338454e-11,-8.55370244080265e-12,-1.02701314649158e-10,-6.78172632685636e-11,-1.18736579585766e-10,5.43565259055387e-11,-7.32397925439071e-12,8.38906119410637e-11,2.4463314685024e-11,-4.10379591228787e-11,-7.56939353789666e-11,-1.74484519010672e-11,1.40017185244301e-10,-9.671087667426e-11,1.9220296026973e-10,7.49578436025944e-11,-2.16552832943279e-10,-8.53752475125934e-11,1.58304092434462e-10,-1.20427406133051e-10,1.18616751496922e-10,3.88283790469168e-11,1.19790493214676e-10,4.00560844009415e-11,1.22525576419536e-11,4.0672333106047e-11,2.65654299064147e-11,2.21502708677274e-11,8.72416510173612e-11,-3.07966703566325e-11,2.4200354948809e-10,-3.55598359027955e-11,-4.2305460593289e-11,-1.01161460431951e-10,-1.50079523854491e-11,1.33707036501628e-11,-9.2642307473695e-11,-5.74213593965413e-11,9.18523263555005e-11,1.89715980119114e-10,2.23709619913246e-11,-9.24600924994955e-11,1.1538472106654e-11,2.75948795588359e-11,-1.87661284412381e-11,1.77162149092215e-11,2.15954400150483e-11,1.23239930719419e-11,1.29836018466361e-10,1.70100729339813e-11,1.23881288155733e-10,8.87194705111186e-11,8.01170223363589e-11,-1.46213721634579e-10,-6.79907229925141e-11,2.03310585960517e-11,8.57832986362681e-11,2.81041637479023e-11,-2.77557680150004e-11,7.56539056202418e-11,1.92493863112045e-11,4.98260766185476e-11,1.68025558575609e-11,-6.15152488944049e-12,-5.19165133863712e-11,-8.18025937063412e-11,-4.30133030843119e-11,2.17052167064647e-10,1.39320389138288e-11,1.70015340514214e-10,3.1492755993723e-11,6.08267937168311e-11,-3.48839180924558e-11,1.08947509712626e-10,-5.60775701642751e-11,-4.91831099759331e-11,-1.29828973157497e-10,-1.08103643589122e-10,-1.46324441207649e-10,1.8123222725599e-11,-5.07508821008031e-11,1.20302677170776e-10,-8.57195881633734e-11,8.55273864890154e-11,-1.11638307563152e-10,1.26366052932254e-10,3.29957645226756e-12,1.39975263671324e-11,-5.31036105826956e-12,-1.06471410079418e-10,-5.65109368197592e-11,-7.79158414297586e-12,-2.62889841311558e-10,-4.59794751338786e-11,7.98085182425791e-11,-5.07393606820311e-11,-7.75863730643426e-11,1.55037425996594e-10,-7.27693633191263e-11,2.40170542670403e-10,1.79453392249032e-11,1.24179402965256e-11,6.45517838320934e-11,-1.39544530664201e-10,3.14491752990034e-11,4.88483199051739e-11,-7.07530528064662e-12,6.16582184675084e-11,1.36864083142019e-10,-1.6614842485319e-10,-6.82622862781618e-11,8.38090756162979e-13,4.77034540808791e-11,2.01755326912297e-10,-1.66044294655504e-11,3.57579011842916e-11,-1.61215376062973e-11,1.41740190384367e-11,-4.31871791052712e-11,2.00419794143696e-11,1.70073107702674e-11,-1.6268866984808e-10,2.20033599581404e-10,-2.11540019908333e-10,1.60287431999201e-10,9.38639367018528e-11,1.79047435100969e-10,-1.47833265190589e-12,-2.4358311613316e-11,-1.94978973431333e-11,-4.068486352617e-11,3.95969245920832e-11,1.14879404196819e-10,-9.42416503324704e-11,-2.08138715166938e-10,-1.40378550349613e-10,-2.06882803375979e-11,-1.3393317294127e-10,2.51587281259332e-11,-1.24383790570297e-11,-3.0147787922758e-11,-3.97861600756334e-11,6.3369271727683e-11,6.36719411782215e-11,6.57502905809981e-11,8.22232558561712e-11,-2.7064480398224e-11,-1.0867117172995e-10,-1.39645228048615e-10,-5.3085371771395e-11,7.01406678480234e-11,1.55962156567313e-10,8.47705239554774e-11,8.5511180963732e-11,-2.59040097705492e-11,8.37843922077281e-11,-1.62407973706444e-11,4.4320581541597e-11,-1.11415085223794e-10,-6.89949928566588e-11,1.33772814354376e-10,-1.08639030125279e-10,1.33005200202953e-10,1.55524684645319e-10,2.8121351979173e-10,2.45145740671099e-11,2.57509622363873e-10,6.66967011874419e-11,9.13511489143381e-11,-1.03463134034749e-10,1.54194301920892e-10,1.72582744484679e-10,-2.3806142334247e-11,6.5380964292312e-11,1.51861742565932e-11,-2.23210408639544e-11,-2.3016549308636e-11,-6.90512201929563e-11,7.63061579224413e-11,5.33095229310065e-11,-9.15190522968094e-11,1.12942485599373e-11,-4.33712304743039e-12,-2.20216042209428e-10,3.72288045193164e-11,-5.41547104526924e-11,-8.77362245980424e-11,-1.09068561261975e-10,-9.42194785110338e-11,8.19041772432272e-11,-8.44100577910177e-11,1.11474923305426e-10,5.23992132354567e-11,2.88993493958963e-11,1.13023847431426e-11,-8.872764173925e-11,-4.05390391744698e-11,-1.10143324258871e-10,5.90536707139681e-11,-1.99184747373065e-10,-4.2134647740731e-11,-7.35000180932524e-11,-9.3785475400181e-11,-9.63374596373993e-11,3.320202513656e-11,-1.23496735313724e-10,-2.87644913959588e-11,-1.09684078030082e-10,1.14571186156892e-10,7.13250997839302e-11,-1.11155587390892e-10,2.79113362836588e-10,1.17838903409432e-10,5.19202149913395e-11,-1.16117596225264e-10,7.44640716880689e-11,4.23046976693692e-11,5.23845423737657e-11,4.85659192198501e-11,-4.6806806708695e-11,1.68613228738015e-10,1.66002008792374e-10,1.7079461917625e-11,8.70325465022321e-11,-1.43105264583281e-10,1.12359297008306e-10,6.14606977832925e-11,-1.30248388001458e-10,1.14040373538151e-10,-3.31332726157222e-11,1.11095558423356e-10,-3.02897629902632e-12,-5.92935485872956e-11,9.76617849625797e-11,-7.95202576936378e-11,3.62397046782108e-11,2.4162049440203e-12,1.18116450870636e-11,1.96543330330744e-10,-1.23769939633845e-10,-2.19108400032225e-11,1.18819133970792e-10,3.00767160722503e-11,6.09661497460254e-11,3.12973145288344e-11,-3.05282529934308e-13,1.22947992972378e-10,-2.15540267340413e-10,-9.01626037893895e-11,-5.8259163344916e-11,-1.0385609624587e-10,-4.03693597056603e-11,-7.8396034282279e-11,7.25097706746864e-11,-2.15730074503363e-10,1.013919217122e-10,-6.68620501126815e-11,6.02938423310928e-11,1.30749039525099e-11,2.2094180595867e-11,1.4504119172438e-10,1.53013859348445e-10,2.4060181613268e-10,3.01672085354293e-11,2.31708439476929e-10,-3.70640266131922e-11,6.27531827391954e-11,1.00455441748872e-10,-1.28056410631661e-10,1.16905878785152e-11,-7.66947420189609e-11,2.02797858731359e-11,-8.90164752715367e-12,2.93491993245022e-10,-9.07232876336479e-12,1.57906796899649e-11,-2.11644566933906e-11,4.33845496225395e-11,-1.37389775789723e-10,6.32248521728079e-11,4.81109535795776e-11,-1.28296849133586e-10,1.05964632597684e-10,3.7919646219783e-11,-1.91158068301255e-10,2.03996936939494e-10,-8.34983090937486e-11,3.67670529469093e-11,1.26151416875415e-10,7.93220533962915e-11,1.42743792022958e-10,-2.51946193286011e-11,-8.01445438297859e-11,-5.03385419726389e-11,3.9195227608611e-11,1.2834470761321e-10,7.68422008578753e-12,-4.6680143579922e-11,-5.28784913494311e-11,-1.66767705281916e-10,1.19477634803026e-10,6.1099007677959e-11,1.31411503619052e-10,2.86653603347972e-12,-1.42427697063436e-10,-2.78154241809074e-11,3.83063080338559e-11,-1.04923453291579e-10,9.62685708641015e-11,1.05704715711607e-10,-3.57842369727649e-11,7.19957637955361e-11,9.16375617729616e-11,-4.40320256624093e-11,1.93964822950867e-11,1.66657227775142e-10,-5.58641614938196e-12,-9.17249028281045e-11,2.55152751743738e-10,-1.67949663997699e-10,4.97127201308446e-11,3.76194412238139e-11,5.28138654055108e-11,-2.33433812129743e-10,2.23508801202234e-10,5.23878960341371e-10,1.19495433564344e-09,2.19449576450641e-09
