v,0.25
Patm,100000
g,9.81
r,500
G,10^10.77
rho,2700
mu,10^2.17
rc,23
 
M,10^5.8
sigma,0.5
 
tilt_erupt,15.7925nrad
 
-1229,-1228,-1227,-1226,-1225,-1224,-1223,-1222,-1221,-1220,-1219,-1218,-1217,-1216,-1215,-1214,-1213,-1212,-1211,-1210,-1209,-1208,-1207,-1206,-1205,-1204,-1203,-1202,-1201,-1200,-1199,-1198,-1197,-1196,-1195,-1194,-1193,-1192,-1191,-1190,-1189,-1188,-1187,-1186,-1185,-1184,-1183,-1182,-1181,-1180,-1179,-1178,-1177,-1176,-1175,-1174,-1173,-1172,-1171,-1170,-1169,-1168,-1167,-1166,-1165,-1164,-1163,-1162,-1161,-1160,-1159,-1158,-1157,-1156,-1155,-1154,-1153,-1152,-1151,-1150,-1149,-1148,-1147,-1146,-1145,-1144,-1143,-1142,-1141,-1140,-1139,-1138,-1137,-1136,-1135,-1134,-1133,-1132,-1131,-1130,-1129,-1128,-1127,-1126,-1125,-1124,-1123,-1122,-1121,-1120,-1119,-1118,-1117,-1116,-1115,-1114,-1113,-1112,-1111,-1110,-1109,-1108,-1107,-1106,-1105,-1104,-1103,-1102,-1101,-1100,-1099,-1098,-1097,-1096,-1095,-1094,-1093,-1092,-1091,-1090,-1089,-1088,-1087,-1086,-1085,-1084,-1083,-1082,-1081,-1080,-1079,-1078,-1077,-1076,-1075,-1074,-1073,-1072,-1071,-1070,-1069,-1068,-1067,-1066,-1065,-1064,-1063,-1062,-1061,-1060,-1059,-1058,-1057,-1056,-1055,-1054,-1053,-1052,-1051,-1050,-1049,-1048,-1047,-1046,-1045,-1044,-1043,-1042,-1041,-1040,-1039,-1038,-1037,-1036,-1035,-1034,-1033,-1032,-1031,-1030,-1029,-1028,-1027,-1026,-1025,-1024,-1023,-1022,-1021,-1020,-1019,-1018,-1017,-1016,-1015,-1014,-1013,-1012,-1011,-1010,-1009,-1008,-1007,-1006,-1005,-1004,-1003,-1002,-1001,-1000,-999,-998,-997,-996,-995,-994,-993,-992,-991,-990,-989,-988,-987,-986,-985,-984,-983,-982,-981,-980,-979,-978,-977,-976,-975,-974,-973,-972,-971,-970,-969,-968,-967,-966,-965,-964,-963,-962,-961,-960,-959,-958,-957,-956,-955,-954,-953,-952,-951,-950,-949,-948,-947,-946,-945,-944,-943,-942,-941,-940,-939,-938,-937,-936,-935,-934,-933,-932,-931,-930,-929,-928,-927,-926,-925,-924,-923,-922,-921,-920,-919,-918,-917,-916,-915,-914,-913,-912,-911,-910,-909,-908,-907,-906,-905,-904,-903,-902,-901,-900,-899,-898,-897,-896,-895,-894,-893,-892,-891,-890,-889,-888,-887,-886,-885,-884,-883,-882,-881,-880,-879,-878,-877,-876,-875,-874,-873,-872,-871,-870,-869,-868,-867,-866,-865,-864,-863,-862,-861,-860,-859,-858,-857,-856,-855,-854,-853,-852,-851,-850,-849,-848,-847,-846,-845,-844,-843,-842,-841,-840,-839,-838,-837,-836,-835,-834,-833,-832,-831,-830,-829,-828,-827,-826,-825,-824,-823,-822,-821,-820,-819,-818,-817,-816,-815,-814,-813,-812,-811,-810,-809,-808,-807,-806,-805,-804,-803,-802,-801,-800,-799,-798,-797,-796,-795,-794,-793,-792,-791,-790,-789,-788,-787,-786,-785,-784,-783,-782,-781,-780,-779,-778,-777,-776,-775,-774,-773,-772,-771,-770,-769,-768,-767,-766,-765,-764,-763,-762,-761,-760,-759,-758,-757,-756,-755,-754,-753,-752,-751,-750,-749,-748,-747,-746,-745,-744,-743,-742,-741,-740,-739,-738,-737,-736,-735,-734,-733,-732,-731,-730,-729,-728,-727,-726,-725,-724,-723,-722,-721,-720,-719,-718,-717,-716,-715,-714,-713,-712,-711,-710,-709,-708,-707,-706,-705,-704,-703,-702,-701,-700,-699,-698,-697,-696,-695,-694,-693,-692,-691,-690,-689,-688,-687,-686,-685,-684,-683,-682,-681,-680,-679,-678,-677,-676,-675,-674,-673,-672,-671,-670,-669,-668,-667,-666,-665,-664,-663,-662,-661,-660,-659,-658,-657,-656,-655,-654,-653,-652,-651,-650,-649,-648,-647,-646,-645,-644,-643,-642,-641,-640,-639,-638,-637,-636,-635,-634,-633,-632,-631,-630,-629,-628,-627,-626,-625,-624,-623,-622,-621,-620,-619,-618,-617,-616,-615,-614,-613,-612,-611,-610,-609,-608,-607,-606,-605,-604,-603,-602,-601,-600,-599,-598,-597,-596,-595,-594,-593,-592,-591,-590,-589,-588,-587,-586,-585,-584,-583,-582,-581,-580,-579,-578,-577,-576,-575,-574,-573,-572,-571,-570,-569,-568,-567,-566,-565,-564,-563,-562,-561,-560,-559,-558,-557,-556,-555,-554,-553,-552,-551,-550,-549,-548,-547,-546,-545,-544,-543,-542,-541,-540,-539,-538,-537,-536,-535,-534,-533,-532,-531,-530,-529,-528,-527,-526,-525,-524,-523,-522,-521,-520,-519,-518,-517,-516,-515,-514,-513,-512,-511,-510,-509,-508,-507,-506,-505,-504,-503,-502,-501,-500,-499,-498,-497,-496,-495,-494,-493,-492,-491,-490,-489,-488,-487,-486,-485,-484,-483,-482,-481,-480,-479,-478,-477,-476,-475,-474,-473,-472,-471,-470,-469,-468,-467,-466,-465,-464,-463,-462,-461,-460,-459,-458,-457,-456,-455,-454,-453,-452,-451,-450,-449,-448,-447,-446,-445,-444,-443,-442,-441,-440,-439,-438,-437,-436,-435,-434,-433,-432,-431,-430,-429,-428,-427,-426,-425,-424,-423,-422,-421,-420,-419,-418,-417,-416,-415,-414,-413,-412,-411,-410,-409,-408,-407,-406,-405,-404,-403,-402,-401,-400,-399,-398,-397,-396,-395,-394,-393,-392,-391,-390,-389,-388,-387,-386,-385,-384,-383,-382,-381,-380,-379,-378,-377,-376,-375,-374,-373,-372,-371,-370,-369,-368,-367,-366,-365,-364,-363,-362,-361,-360,-359,-358,-357,-356,-355,-354,-353,-352,-351,-350,-349,-348,-347,-346,-345,-344,-343,-342,-341,-340,-339,-338,-337,-336,-335,-334,-333,-332,-331,-330,-329,-328,-327,-326,-325,-324,-323,-322,-321,-320,-319,-318,-317,-316,-315,-314,-313,-312,-311,-310,-309,-308,-307,-306,-305,-304,-303,-302,-301,-300,-299,-298,-297,-296,-295,-294,-293,-292,-291,-290,-289,-288,-287,-286,-285,-284,-283,-282,-281,-280,-279,-278,-277,-276,-275,-274,-273,-272,-271,-270,-269,-268,-267,-266,-265,-264,-263,-262,-261,-260,-259,-258,-257,-256,-255,-254,-253,-252,-251,-250,-249,-248,-247,-246,-245,-244,-243,-242,-241,-240,-239,-238,-237,-236,-235,-234,-233,-232,-231,-230,-229,-228,-227,-226,-225,-224,-223,-222,-221,-220,-219,-218,-217,-216,-215,-214,-213,-212,-211,-210,-209,-208,-207,-206,-205,-204,-203,-202,-201,-200,-199,-198,-197,-196,-195,-194,-193,-192,-191,-190,-189,-188,-187,-186,-185,-184,-183,-182,-181,-180,-179,-178,-177,-176,-175,-174,-173,-172,-171,-170,-169,-168,-167,-166,-165,-164,-163,-162,-161,-160,-159,-158,-157,-156,-155,-154,-153,-152,-151,-150,-149,-148,-147,-146,-145,-144,-143,-142,-141,-140,-139,-138,-137,-136,-135,-134,-133,-132,-131,-130,-129,-128,-127,-126,-125,-124,-123,-122,-121,-120,-119,-118,-117,-116,-115,-114,-113,-112,-111,-110,-109,-108,-107,-106,-105,-104,-103,-102,-101,-100,-99,-98,-97,-96,-95,-94,-93,-92,-91,-90,-89,-88,-87,-86,-85,-84,-83,-82,-81,-80,-79,-78,-77,-76,-75,-74,-73,-72,-71,-70,-69,-68,-67,-66,-65,-64,-63,-62,-61,-60,-59,-58,-57,-56,-55,-54,-53,-52,-51,-50,-49,-48,-47,-46,-45,-44,-43,-42,-41,-40,-39,-38,-37,-36,-35,-34,-33,-32,-31,-30,-30,-29,-28,-27,-26,-25,-24,-23,-22,-21,-20,-19,-18,-17,-16,-15,-14,-13,-12,-11,-10,-9,-8,-7,-6,-5,-4,-3,-2,-1,0
-2.73380117131758e-10,-2.74895468934901e-10,-1.0508211580626e-10,1.11220118968097e-10,1.79777360914075e-10,3.16423951820476e-11,8.88152120545032e-10,4.29880553533671e-11,-8.73527217848079e-10,-2.76714144345932e-10,-2.47841509556612e-10,2.95747024976966e-11,-1.24111343231841e-09,-5.73334367923129e-10,4.43889820155805e-10,7.38357734331208e-11,4.35446148605429e-10,-6.19095633470308e-11,1.12411341768249e-10,-3.98546324821742e-10,4.9734854882319e-11,-5.59692124698975e-10,4.19290995723112e-10,4.63383522834142e-10,-1.51219075612067e-10,-1.12979212091397e-11,-2.12375638945025e-10,4.06588201466557e-12,-2.52217661260053e-10,-3.97301835551753e-10,5.0321500118958e-10,-1.48144160158548e-10,-5.2151195460972e-10,3.52434916679815e-10,-6.61612889416688e-11,1.02761915945766e-10,-3.52959929536119e-11,4.42637386966679e-10,-7.10459834193934e-10,-2.20024165107957e-10,2.16633884084376e-10,-9.65330596942094e-11,-5.85081733082732e-10,-4.05394056557581e-10,3.16164666137775e-10,-2.48105089363114e-10,5.37356428245643e-10,2.96204235911769e-10,1.26179722926142e-10,-3.15462086322531e-10,-6.68313848694554e-11,-9.25787794141644e-11,4.94999686333839e-11,1.07938886798142e-09,-5.71093277024036e-10,-2.37526054688813e-10,6.45203129063017e-10,7.96940698859099e-10,1.2184199354814e-09,7.20165041534046e-10,7.2829074368725e-11,-8.82564935406067e-10,1.33090890793853e-09,8.76100715107736e-10,8.19651787950132e-10,-3.27911715386899e-10,-3.19377383640873e-10,-9.42948406420396e-10,-5.86950815429187e-10,5.1061428159687e-10,-6.9660635262034e-10,-2.87059227798487e-10,3.29026392931474e-10,-4.66820899930654e-10,1.41675470850863e-10,-3.1989269424097e-10,-1.85787714085883e-10,-3.50977021616071e-10,6.85644529877364e-10,-8.55831638939275e-10,-1.91568051972846e-10,7.50919525600656e-11,4.62520691601056e-10,1.99459574339809e-10,1.50867449201299e-10,-4.34336079177913e-10,-8.12757308968037e-10,8.26263335362575e-10,9.37511668400085e-10,4.52836457199626e-10,-1.52935297166724e-10,-6.61897448078709e-10,5.27054677983345e-10,-6.67108309944972e-11,4.82703720945228e-10,4.71093409049235e-10,-7.33569538725935e-10,-5.5743143337576e-11,-4.21197623866212e-10,-9.13961534873098e-10,-6.33500930575303e-10,4.86767795746901e-10,4.31044996730025e-10,-5.27103820249166e-11,5.22612701410635e-10,-7.22064222396432e-10,6.68025413271377e-10,-3.69037021752389e-10,3.49853192278522e-10,-3.32046220285397e-10,-7.22068483143145e-10,1.00147879856931e-09,-1.6601052502938e-10,-3.60856610780584e-10,-3.90445384275154e-10,9.33118519892718e-10,2.8563022154819e-10,-7.62456077947634e-10,8.99347463021313e-10,2.0185450335657e-10,7.55647668580923e-11,4.54360721548367e-10,-6.89400751206418e-10,9.45698583180327e-10,5.67660699755539e-10,2.82918962964954e-10,2.44769306636555e-11,-3.31834127980478e-10,-5.11440580851901e-10,7.24422572106868e-10,3.81937475374234e-10,3.99016882538148e-10,-7.29325009074022e-11,-1.55050926505186e-10,6.3385436686041e-11,-7.52533140019392e-10,7.60646419692818e-11,-1.74494923622952e-10,1.28359672622684e-09,4.17112388976285e-10,9.29527369668866e-10,3.12874213577993e-10,3.95307428806152e-11,-1.00291143050177e-10,1.02998933973447e-09,-3.02940450099588e-11,4.15095392163119e-10,-2.99212606611448e-11,-7.35209961987324e-11,-2.96044931677247e-11,-5.8421980680168e-10,-7.79269990812378e-10,7.46425973994262e-10,-1.11389310988735e-11,3.20023496018869e-10,-2.13328437726052e-10,1.06008144465702e-09,4.431544760963e-10,1.09319873500144e-09,-3.3102759313971e-10,-2.9821854187511e-10,6.24289657269634e-10,-5.32792243312988e-11,-4.87153120612123e-10,-1.30995751627706e-10,-1.48328563685927e-10,3.16000105439339e-10,1.5584509662563e-11,5.13333937620466e-10,-1.23317072402316e-10,-1.02084115695187e-10,6.71348407079345e-10,-4.30166578386294e-10,4.70155904900945e-10,-1.61603894754826e-10,1.69310055854692e-10,8.42498318406241e-11,2.10160373082579e-11,5.59195401774781e-10,-2.77512634616662e-10,2.9368344222592e-10,3.19814085312193e-10,-3.27538730638329e-10,-4.53972287115447e-10,3.79151422786951e-10,3.4027076233946e-10,-3.98728586545685e-10,8.8693850118588e-10,3.39015945041676e-10,4.68131485779711e-10,1.91748080623159e-11,2.02167667021376e-10,-5.71234066945707e-11,-4.93894322784243e-10,-2.40358273102186e-10,7.28731654520262e-10,1.20078810876305e-10,8.13252988977162e-10,-2.1739420339982e-10,7.50553114500811e-10,3.418524585282e-11,5.14591551362777e-10,-9.83533385983781e-11,-1.02687063668672e-10,-4.56627502537016e-10,2.64489723273172e-10,-9.23405887678108e-11,-8.60194702720033e-11,1.52264028807586e-10,1.08861197103719e-10,1.58944819333738e-10,-6.47289489107942e-10,6.06984214167423e-10,-2.74586839364499e-10,-2.32518872552962e-10,5.95772550477409e-10,3.76483543888237e-10,3.89034825850995e-10,-2.09005583450852e-10,-4.12041833239309e-10,-7.37258098690576e-10,1.55227337639289e-10,2.32440140077204e-10,-4.71793013030904e-10,2.31162817556905e-10,-1.25577783344105e-09,-3.18826119471785e-10,1.04971295370795e-09,1.04892794936347e-10,-7.29692098712991e-11,7.143521029798e-10,-5.35434178090603e-10,4.80123738784819e-12,6.95644751765803e-10,4.07091452407868e-11,7.77103427015718e-10,-3.25774819364464e-11,-4.4645435146411e-10,6.04312933194548e-10,-1.5503342795899e-10,-2.02196837609565e-10,2.15762214543614e-10,-5.69328130178891e-10,2.07993085077233e-10,-4.17148541668007e-10,3.31550540963087e-10,1.15315285645694e-09,4.77694614141865e-10,5.45816348974217e-10,-3.3245670337167e-10,-2.31125293525853e-11,-7.74169593141737e-10,-1.89714092549115e-10,-4.25491825936443e-11,-6.21570826698173e-10,9.0899212015668e-10,-1.74445567680338e-10,8.73517995287251e-11,2.36533153611217e-10,-4.30129363918773e-10,-8.83778321206132e-10,5.37645364956509e-10,-9.44882128622212e-10,7.43460799767446e-11,-1.2874443901566e-10,6.57995021733554e-10,-2.73345009448626e-10,-9.79596167497152e-11,6.07409328790701e-10,-7.78016201257198e-10,1.18019867930251e-09,1.07889043935448e-10,6.9385439353847e-10,2.79478923041903e-10,2.73847991542647e-10,-3.13070438854748e-10,-5.84765856859539e-10,-1.00932757472424e-09,1.93519580645709e-10,-1.65142616950993e-11,-6.11305745272907e-10,-1.73492358930966e-10,4.11291758446018e-10,-6.85301832829285e-10,-4.23334549920938e-10,-1.01011298220163e-09,6.26664920076769e-10,4.66177317572773e-10,-3.04431174768029e-11,8.4369447774767e-10,-5.19634878463413e-10,-8.21345033957099e-10,5.24936304206918e-10,-9.00060969392589e-10,2.01558499028467e-10,-7.15285065932783e-10,-7.68604936826201e-10,-4.28131279936903e-10,-9.31132685537351e-14,-3.194885690057e-10,4.57331356063256e-10,6.14074207224571e-10,-5.41283884762455e-10,4.54446895782679e-10,-6.38269266865515e-11,4.7013123541953e-10,-5.15800977837888e-10,3.85551222220277e-11,7.28455220822166e-10,-2.75007550368039e-10,-1.70234042775464e-10,4.26690753539873e-11,-2.93181525031398e-10,2.07076211514772e-10,-4.31624055471712e-10,6.1489322893766e-10,7.91053452173558e-10,6.95231602936824e-10,2.65253457932388e-10,-7.31098081040344e-10,-8.10495001870645e-10,-4.5760788951411e-10,1.06219699676827e-10,-7.64580648239553e-11,-2.03491185391116e-10,-2.05180069454988e-10,2.20772509251581e-10,4.94825325093876e-10,-4.34707865439446e-10,-8.56023311255474e-10,8.56624174410709e-10,-4.45611640198886e-10,-4.53104111315283e-10,-8.93829308054286e-11,-3.30377216077834e-10,-6.10673985035941e-10,-1.39024708810658e-12,6.38152238577205e-10,-4.95666320417096e-10,1.20658543626147e-10,4.82009013560328e-10,8.90810563023083e-12,-6.33620510584837e-10,-5.05641817890133e-11,3.07430957388151e-10,-5.3148574458405e-10,-5.12200794577723e-10,-8.90645295249286e-10,3.15927845899026e-10,-4.80480089535816e-10,7.17590766644762e-10,3.42166514866893e-11,4.24992174518383e-10,-3.56820927519082e-10,7.66560459212791e-10,2.72677547805046e-10,2.02952425720494e-10,-1.41971418559711e-10,-2.06452471169391e-10,-1.98573738999089e-10,1.99703593635726e-10,1.50557300408136e-10,-1.24267413005819e-09,1.47334978547053e-10,-3.89279464777782e-10,3.38698874855918e-10,-2.64312894152223e-10,-1.05393564530353e-10,1.50837850441254e-11,-3.75844014982575e-10,1.82558753016202e-10,5.01053323791303e-10,-5.1450937009664e-10,-5.45913556012826e-10,-4.71987698179033e-10,1.44704163867976e-10,-1.02604416581591e-10,9.7127121359681e-10,6.53433047936439e-10,-5.91835023868791e-10,-4.74547803956625e-10,1.55193175128257e-10,7.50124641299783e-10,-5.29347478469494e-10,9.05973306643553e-11,-2.96737264710303e-10,9.50093853977444e-11,-1.38279195984596e-10,-2.65506725918876e-10,-9.42082898709651e-11,-7.66563536532487e-10,-4.94680377650941e-10,-1.02217921151226e-10,-3.40733742455326e-10,5.02586829466364e-10,-6.87616722385081e-10,1.52571221398412e-10,2.01736923218451e-10,6.43869289189658e-10,-7.07695146528794e-10,-5.20658595369842e-10,-2.0708156993821e-10,-6.08365327832093e-11,5.08839091639758e-10,8.10195996483262e-10,-2.62986878610542e-10,-2.58505516425419e-10,5.77367840795384e-10,-2.29375488640185e-10,3.06793793954402e-10,-3.4659365960055e-10,-3.09541363409858e-10,2.93255791384612e-10,-8.81646780937874e-11,-1.02830828439517e-10,5.96321345117564e-10,4.71403584005672e-10,9.75445549931916e-12,4.92036927217278e-10,1.20407342446632e-09,1.46179857390573e-10,5.61159018990302e-10,3.44063226064664e-11,1.27553362086644e-10,-1.99320402302171e-10,3.53832028733555e-10,-1.14869077451064e-10,1.0080298662927e-09,3.96586785033249e-10,-7.32257700086086e-10,7.35672503328066e-11,-9.37169808954898e-11,-3.12075145595709e-10,-5.40074929438872e-10,2.37315402346589e-10,4.251020466239e-10,2.29420309803169e-10,-7.09537143834818e-12,1.82837396810678e-10,1.58266765294511e-10,5.33649220942926e-10,7.55954251419936e-10,3.90399309303347e-10,-4.80722561894978e-10,-1.13315250197351e-10,1.1725293105212e-09,6.34565838916926e-10,3.96022947411661e-10,-2.80756020191816e-10,-3.76277110311223e-10,-7.91147004223585e-11,-3.89971737117694e-10,-2.27857215296491e-10,-2.06164269548707e-10,1.61386035269836e-10,-5.80594891095055e-10,-3.75197811740602e-10,-7.8885827017893e-11,-5.18135175717408e-10,-6.42489603380754e-11,-7.03169161443089e-10,2.51324225650891e-10,1.29711154444884e-09,-2.08371115417876e-10,2.68837965069001e-10,-9.14534244712685e-11,6.11761899797608e-10,-5.04509351379272e-10,1.47484000469903e-10,3.2190792475334e-10,1.8564890172149e-10,-4.80349276902033e-10,2.72328835479748e-10,3.2340657005204e-11,1.06573528489544e-09,-5.5198853800321e-10,1.20650005863591e-10,-4.24889953262999e-10,-8.88143638409622e-11,2.13076024428373e-10,-9.9329928596595e-11,-1.62112318708093e-10,3.96526799878851e-10,4.81585914422777e-10,2.95321235421743e-10,-2.25987732511893e-10,5.19690150966789e-11,-7.18931015195342e-10,4.10595440311133e-10,3.13882557523955e-10,-1.1044159278082e-09,1.94208683211192e-10,1.27504714104508e-10,1.53753797189932e-10,-7.0538676054224e-10,-8.90955059651284e-11,3.28182754454298e-11,-9.22759778100915e-11,-2.06516011196826e-10,2.19040396778779e-10,8.13430536287225e-10,-4.33262929176531e-10,-2.61427045969399e-10,9.87175917047605e-10,3.67796502263127e-10,-1.1261609134351e-09,-2.74039304720783e-10,-2.4662047241786e-10,1.50201407807566e-11,5.0272112873344e-10,7.02996195338489e-10,7.26166014993554e-10,-3.16435211341264e-10,-3.62235801110644e-10,3.59044425839618e-10,3.8172541441939e-10,3.35177321003842e-10,-2.28537436135523e-10,2.39504562903314e-10,-2.32929767430491e-10,-3.08337792647271e-10,7.86396061950334e-10,4.23779681680594e-10,-4.28872193422241e-10,4.04227532574957e-10,4.00319047946729e-10,5.07001007277819e-10,1.17945167360426e-10,-3.5184297251384e-10,7.96259379061551e-10,-3.58516784063801e-10,2.09200386525965e-10,-3.7139034057823e-10,-1.131112438703e-10,6.16371080324728e-10,9.99412062154617e-11,-3.44688804250883e-10,3.55423044527118e-10,1.75573764457199e-10,7.86796632171403e-10,5.74308365599712e-10,-7.2048813993846e-10,1.94677117892686e-10,5.39877442906449e-10,-4.72264183505128e-10,-7.16476723885524e-10,-6.86545668318123e-10,-3.18967733138779e-10,2.96731876823649e-10,-1.43420477146018e-09,5.83270322142059e-11,3.14370955793146e-10,6.78237239554176e-11,5.51522905365402e-10,2.64311144670419e-10,-5.44598130332097e-10,7.42179198140251e-10,3.96054900356245e-10,-1.0301368406039e-10,2.1520674452889e-10,-7.15680119084135e-11,-5.14097749122168e-10,2.02378178280278e-10,-2.60362634480696e-10,-1.95401589242341e-10,6.0728864285513e-11,-2.04498974865549e-10,-1.82744150466077e-10,-4.07131386261912e-10,4.89703261703506e-10,-2.73514437193204e-10,-2.50671513895562e-10,2.78129636552917e-11,-7.45022298990341e-11,3.69121962511508e-10,-4.18336773009369e-11,-1.57743132300371e-10,-2.46040673134133e-10,-1.5750869710994e-11,-3.64962134838881e-10,3.94590038266667e-10,8.52617459054934e-10,-7.34250525525316e-10,5.33898189016004e-11,2.88190706596001e-10,8.27154781453007e-11,-2.4119894773359e-10,-1.69782742945436e-10,-1.27700044033163e-10,2.44140881115006e-10,-5.85188958386954e-10,1.41907462848676e-10,-4.32326047565343e-11,-1.08449519678915e-09,-6.63297272103495e-10,-2.21360775489394e-10,5.10267408918804e-10,-9.02896600914669e-11,-1.05744861463829e-10,5.66196943205073e-11,8.42734244336674e-10,5.25206918549248e-10,-4.42322127065074e-11,-2.6733321920524e-10,7.1713949615407e-10,5.56806091114401e-11,-4.41341834214495e-10,3.37484078379788e-10,-5.43489220808648e-10,7.59833856109013e-11,-3.55947823118161e-10,2.68502783565275e-10,8.24712420989866e-11,1.39800922208059e-10,6.12369599446608e-10,-3.14091304802259e-10,2.31987136175821e-10,1.80498835924948e-10,-1.22228264315967e-09,2.35199516872254e-11,-1.99467421245385e-10,4.29760687526031e-11,-2.40933914290756e-10,2.75263049041767e-10,-3.81709194420041e-10,-3.32226317050482e-10,-7.27177088369172e-10,5.30741497550613e-10,2.2175470394756e-10,5.81062270021102e-10,-4.41813738616068e-10,5.11124372412315e-11,-3.64270275691147e-10,6.32056518796561e-10,-4.03238625438232e-10,6.49236950038745e-10,3.48733576590897e-10,-3.80975516256456e-10,-7.07062949791204e-10,-5.60151567075031e-10,-2.78194209311708e-10,4.00825357754748e-10,-7.28818852756452e-11,4.10752801559097e-10,-5.5761729344389e-10,-2.40777599576996e-10,3.56074772748213e-10,1.83627707355183e-11,-4.92956770571582e-10,-4.8663217646731e-10,1.17012360172505e-10,-2.57632069020434e-10,-5.5208356971079e-10,1.54015471091529e-09,-5.81816010186696e-10,1.18209315390928e-09,9.30089659327387e-10,7.28462865308199e-10,-1.11930984964594e-10,-2.57072063692615e-10,-1.03021909264581e-10,1.25908421937201e-10,6.88888815853535e-11,3.34432422034941e-11,-2.58624805710329e-10,4.64699541713676e-10,1.11543529259541e-09,-4.43061202273833e-10,1.78163079086138e-10,-1.62037074826758e-10,-5.66860399323161e-10,7.98936029183176e-11,-1.6463319597715e-10,-2.24040058328421e-10,-4.74453755051212e-10,1.40330768599094e-09,6.44340014011303e-10,1.34740183446116e-10,-3.44400914919418e-10,-7.0948262642391e-10,5.63099086760317e-10,5.19460132043631e-10,3.55184133227882e-10,-6.97894751257288e-10,-7.05144563205648e-10,4.79009904815592e-10,7.75960950660089e-10,-5.50099496634089e-10,8.9117144629731e-10,7.98901860166124e-10,-8.04958357380787e-11,-1.36540540215838e-10,6.25607490704238e-11,1.95037695215167e-10,3.61191819729364e-11,1.14764041534959e-09,-5.40150151708383e-10,2.8034263037235e-10,-2.61668662021492e-10,-8.23415051467592e-10,5.46762041106966e-10,6.45787153130929e-10,3.09063909100793e-10,-8.06679029874247e-10,-4.71904310662736e-10,3.33289162681053e-10,-3.967888079762e-10,8.43366351919405e-11,-3.79127534840998e-10,-3.69099300597846e-11,2.23538862245059e-11,5.0463361647399e-10,-3.54477950708372e-10,8.18696433022077e-10,-5.99506519885635e-10,-4.62911051073793e-10,3.15359545221719e-11,7.41480385763225e-10,-4.59235749120678e-10,-2.37611254017717e-10,8.79842118947959e-11,2.83555767595397e-10,-9.90858891890321e-10,4.5725596868801e-10,5.82286019784135e-11,6.79072058011235e-10,7.35872576981083e-10,8.84482323933524e-10,-1.56197466608622e-09,1.16454232006843e-10,-5.28859014125153e-10,-9.18253188646692e-11,4.3146540588729e-10,1.10728921485278e-10,5.11452559390805e-10,-5.40178936159152e-10,-1.21771298343499e-09,-6.89765511375257e-10,-1.89343336352193e-10,-8.0911576183954e-10,-1.30245539718391e-09,-1.04834888754905e-10,-9.93154644168139e-10,-9.90631468702395e-12,5.70044448398792e-10,6.91244783212604e-10,9.00642365851924e-10,-6.00262795498156e-10,-6.5159369055208e-10,-3.7107365422316e-13,-4.64158929390431e-10,7.11472411184355e-11,-3.94068358920375e-10,3.83054967537439e-11,-1.87781836160982e-10,-7.37895953993631e-10,9.08550680535524e-10,2.98911270433023e-10,8.10550624682196e-10,2.89352830095172e-10,-6.65775166296449e-10,3.35616087172211e-10,-1.05329386440491e-11,-5.86257813080073e-12,1.88437272545591e-09,1.98339433346316e-10,6.58659130122986e-10,-7.75223885918661e-10,1.67472674183108e-10,-7.45296327159047e-11,3.57904156817663e-10,1.025037381023e-09,-1.39491479840035e-10,-4.40851557617397e-10,-1.129885231748e-09,4.88795100783864e-10,7.46587244564907e-10,1.81307396497322e-10,4.93603317821285e-10,1.09224293560621e-10,2.8407112564595e-10,-1.51588527229422e-10,-1.9793315305006e-10,-1.84010236164846e-11,5.54984886893375e-10,1.72026666204402e-10,1.15328303156995e-10,-1.05650857165775e-10,4.39861339103279e-10,-7.11970792368664e-11,6.09701548957781e-11,1.46915654788913e-10,-1.46350541118299e-10,-1.18254357075625e-10,-3.92043323282978e-10,5.14530494888029e-11,-2.10660362884836e-10,-3.44985528482119e-10,6.798089983709e-10,6.10853533015846e-10,-4.11166251427617e-11,5.39137077325411e-10,7.99547813549715e-10,-3.14884612408553e-10,3.60997461860696e-10,3.43744955391803e-11,-2.20740310198408e-10,-6.2203151753068e-11,-1.56552904451693e-10,-1.09239820985938e-11,-4.61486077911064e-10,-4.79443219077621e-10,1.52324594605884e-11,-8.86897207453063e-10,-4.30068617634448e-10,1.74204540869044e-10,5.86181110152627e-10,1.07146768008014e-11,-1.64640536073972e-10,5.5626789456915e-10,7.53053816569202e-10,-1.42110617756803e-10,3.15919091830975e-10,-5.4890248446554e-10,-9.01478839156856e-10,-7.68953614299195e-10,9.95048636877091e-11,-4.84326770918082e-10,2.52130333080621e-11,-2.07365598718988e-10,-1.71244938983231e-10,-5.18780161723113e-10,3.82267252731434e-10,1.28389002005002e-10,-1.87207047197412e-11,-2.27176002712656e-11,-1.0248398593507e-09,-5.08981281542389e-10,-4.46675947841843e-11,-8.33221397195914e-10,-5.40148704338725e-10,7.02008560047793e-11,-1.70514521472848e-10,2.25170940910402e-10,1.11287721650901e-10,-4.5649151152487e-10,-1.09961872325511e-11,-2.45177810404416e-14,-1.76898277788799e-10,-3.93607089261746e-10,-4.18798869831948e-10,-3.62934318970467e-10,-1.21456876844489e-09,2.05325617371442e-10,1.3857023307919e-10,4.0896424598475e-10,-7.61692753642178e-11,5.28592317910662e-10,1.54218140630758e-09,5.76450297353579e-10,3.27426081708008e-10,3.32891864024214e-10,2.99340010737372e-10,-5.01737186727586e-10,1.84555475036066e-10,-2.32109791182276e-10,-5.87314244410407e-10,7.79040939463143e-10,4.28601912779496e-10,4.72725360438743e-10,1.60303490912118e-10,2.1116051454931e-10,-8.21540352236061e-11,2.44783269540706e-10,6.27200558380367e-10,-5.37542130908619e-10,1.81819842393861e-10,2.63549012844407e-10,-1.24139929498255e-09,-2.53277607652162e-10,2.97055911802659e-10,-3.03258087418553e-10,1.95338239753493e-10,-1.57029102886674e-10,-6.80613711634603e-11,9.21554269784478e-10,4.75971461263849e-10,-8.30620995121427e-11,-5.84548772069948e-11,-1.48220090191399e-11,-6.25693303009826e-10,-1.32240267068005e-09,-4.85529229609378e-10,-3.57925701637918e-10,3.29945320738611e-10,-2.81130655060836e-10,-2.39561022188154e-10,7.21274914614627e-10,6.56968615769463e-10,9.94852132860893e-11,6.63699925337256e-10,-3.77924476825624e-11,-1.05579195653419e-10,4.5604479947299e-10,-7.17438500256716e-10,1.04541025290254e-09,5.96166222895697e-10,1.38783943671046e-11,-8.52663983760757e-10,3.01062545335681e-10,-1.15187061195694e-10,8.17379816560912e-10,2.55206676118317e-10,2.92302170357734e-10,1.61206126660743e-10,2.86919929025184e-11,1.74929522427412e-10,9.86884350431954e-10,5.10230837422401e-10,-2.93521231300519e-10,2.38892288479596e-10,3.78895092008461e-10,-3.45375309374412e-10,2.03808171551886e-10,-1.2602783454623e-10,1.92245338320906e-10,3.63608394918694e-11,2.80603747762576e-11,-3.88315047026221e-10,4.7109844185784e-10,7.00829189437681e-10,-7.51785076045678e-10,-5.63642810832929e-10,-6.02342157025643e-10,3.91551618239237e-10,-2.42186129404964e-10,4.43990454771448e-10,1.77342834547731e-10,1.3855080590701e-10,-3.60746193548741e-11,-3.84065642983183e-10,-2.80989233878712e-10,4.01160624560666e-10,6.83757725768752e-10,2.40715279276517e-10,-1.68169024071431e-10,3.21439325336176e-10,-1.18954954049148e-10,1.82098264588746e-10,7.80728964388067e-10,-9.30735128885635e-10,4.20704616697385e-10,1.46368285949096e-10,5.55069204882295e-10,2.71803444704759e-10,-8.87582356941847e-10,-2.93623487291443e-10,-3.6217760318349e-10,-9.22912011616004e-10,1.07846691636629e-10,5.12695588961632e-10,-6.4457530626336e-10,-2.37417046849787e-11,-8.14277819871966e-10,-4.80069630192771e-10,-8.02055613375952e-10,1.48292309040818e-10,8.42419948785451e-10,5.79338914948279e-10,5.30824407888232e-10,-1.46902481642277e-11,9.91232099340961e-10,3.86862644708819e-10,4.89098053224452e-10,2.24599731107251e-10,-9.11823947147251e-10,-2.22229672168946e-10,7.30620807054349e-11,-1.28070225822423e-10,5.77100467124082e-10,2.39538751735793e-10,-5.35368048009939e-10,4.74912764735924e-10,2.79161542207e-10,4.64563194808467e-10,-4.54925963367911e-11,-1.54445598631699e-10,-5.00444516261165e-10,8.99886926650864e-11,-3.21177361097971e-11,-1.85505692465455e-10,-6.57514724997433e-10,4.40097132023067e-10,4.0583132282646e-11,6.94235035381123e-10,-2.03284440947677e-10,6.05059695062167e-11,8.93793864995976e-11,1.0044278733669e-09,9.48969724986003e-10,4.05886495561784e-11,1.03020632290458e-09,5.49840279333302e-10,4.06886149241673e-10,9.13156047488364e-10,-6.51727286691536e-10,-5.22712838308564e-11,-1.34585039402996e-10,5.70337215560818e-11,-9.25837284549844e-10,4.09399120499218e-11,-2.07578601827695e-10,-1.85452922348196e-10,-5.33378419937739e-11,4.06267517113277e-10,1.59609331005233e-10,8.1760640813759e-10,1.05404948474647e-09,1.74434366466857e-10,1.8058410286072e-10,-1.00678041123752e-10,-4.51334356797823e-11,-1.14592128022546e-10,2.69298451228562e-10,-5.64852335647392e-12,7.8677941184871e-10,-2.00267880608153e-10,-4.41323560080618e-10,-1.0346184575521e-10,2.34551813751853e-10,4.89002737950571e-10,1.05647878163347e-11,4.99211221182215e-11,7.22313208916325e-10,1.08740435422542e-10,4.48666361064842e-10,1.43555293039245e-10,1.41249510861549e-10,-8.9640850751509e-11,2.61054535713771e-10,-7.85020956496203e-10,-7.48166932553798e-10,-2.21124102348921e-10,2.48176718437906e-10,9.10851221054948e-11,1.13684227135788e-11,4.35263636097955e-10,-4.22276116051921e-10,-7.80043659783116e-10,-5.20296905857965e-10,-6.99061119222666e-10,-1.11621482143937e-09,-9.04542097656134e-10,2.06161408148952e-10,4.96502411836996e-10,-2.74781984875716e-10,2.53110564384092e-10,-5.74439622543805e-10,2.09644171801375e-11,-7.93852142448671e-11,-4.04365838068541e-11,1.26855393576608e-11,-7.36830068664836e-11,3.42684775990576e-10,6.04510195092082e-10,5.68386314446514e-10,-2.84314364485413e-10,3.83780780051988e-10,-3.48548937180537e-10,-4.20832432875366e-10,5.6625495228331e-10,5.10214422184975e-10,-1.53222690189385e-10,3.15555388191131e-10,-1.13321486549593e-09,3.47021160788822e-10,3.22763154646349e-11,6.11553121265094e-10,2.05159752964802e-10,4.36629969575124e-10,2.45906115008102e-11,1.40880474936459e-11,7.74236735895289e-10,2.71229308219405e-10,1.1199360506125e-10,-6.89119185131404e-10,-4.30395541161668e-10,2.14758091240729e-10,-6.58878316656814e-10,6.62918682661994e-10,-1.42399731357398e-10,6.6796025132043e-11,-2.91772030199427e-10,-3.54987021368338e-10,5.58640526056511e-11,-1.77793377498372e-10,-9.81264835986636e-10,4.01526298735365e-10,4.44118114881629e-11,-5.74592182441892e-10,3.88128792622365e-10,1.52077547042462e-10,1.10583680300644e-09,1.70581026664356e-10,4.79302012342196e-10,-1.47770970966641e-10,4.05107156152801e-10,4.11213718965003e-10,3.23962511097139e-10,3.23821501238298e-10,1.32219190228732e-10,5.86192114873664e-10,1.8383640768455e-10,-5.78122431827423e-11,5.06156578196454e-10,4.1325297283691e-10,3.33724478688248e-10,-5.11646147548422e-10,4.10555267712998e-10,-3.33596900621803e-10,1.42874751084228e-11,4.61084754190956e-11,-2.35148605541293e-10,-2.74914208001548e-10,-3.91764327320606e-10,9.18652938418175e-10,1.36870946788399e-10,-4.60324875347106e-10,3.33413643200949e-10,2.0786382448155e-10,-2.56796965614205e-10,-2.3074744476128e-10,-5.03633120585403e-11,4.4707905834932e-10,4.92104740418381e-10,5.65594853792988e-11,-9.87859466894698e-10,-3.83579787513173e-10,3.42432746829978e-10,-1.0177955881488e-09,4.82746205532354e-10,-9.85141686220236e-11,4.54668391207976e-10,5.81121194453311e-11,-3.79105540160639e-10,4.62313357208479e-10,-6.4402580678524e-10,-9.82751339471409e-10,3.62410497467074e-10,4.27594406642358e-10,-9.24120975981768e-11,-5.34212379198199e-10,6.14684699831392e-10,-5.07110333432271e-10,-1.14337434659307e-10,4.73386272524479e-11,-1.28197984461561e-09,-1.59277294046134e-10,2.67478204532618e-10,-2.03643292362753e-11,-4.21530343537879e-10,4.98442243859869e-10,-7.14961803778716e-10,7.43176465294629e-10,-3.00205757509407e-10,6.6873598287242e-11,-1.49086881181331e-10,-3.33084766173656e-10,6.72951072717091e-10,-1.9236378201691e-10,1.69240089190809e-11,6.45920938459094e-10,2.331887956048e-10,9.00296971428809e-10,8.56228877303016e-10,-3.76155980097595e-10,2.18840008541564e-10,-5.80432971260635e-10,-2.37437878579744e-10,-9.53213962475594e-10,1.14122799370079e-10,4.0939927429147e-10,6.72359839107289e-10,4.65896305346269e-11,4.12774889237546e-10,3.75712532487677e-11,1.59696170757114e-10,-3.71912117502509e-10,-4.11306536163629e-10,5.33700450919317e-10,-5.49758698234848e-10,8.03749166773391e-10,-2.53942015778554e-10,3.1736807344224e-11,1.15936132883152e-10,-3.89170835560096e-10,-2.33542250479587e-10,-4.88484731803422e-10,4.07132606594513e-10,-2.19572789984289e-11,-6.09910498921869e-10,-5.98014475274065e-11,7.53056743241992e-11,5.51879222895604e-10,5.43183809969997e-10,5.46740280993413e-10,3.35707735000727e-11,5.30675803807483e-10,8.49524855244293e-10,-4.92914137008347e-11,1.08521600095555e-10,5.16152694714048e-11,7.94915614920914e-11,1.22177652368933e-11,4.20519580289406e-10,8.14740111017028e-10,6.16422241121099e-10,1.95867791473229e-09,1.32131506483931e-09,1.71362837629984e-09,2.73803910567884e-09,3.06492775838745e-09,1.919036507078e-09,3.29488983324821e-09,3.74804744281647e-09,4.31139087736778e-09,5.18309963252401e-09,6.96637317777767e-09,8.70461683423089e-09,1.2313026171078e-08,1.49190469775925e-08
