v,0.25
Patm,100000
g,9.81
r,500
G,10^10.77
rho,2700
mu,10^2.17
rc,23
 
M,10^5.47
sigma,0.1
 
tilt_erupt,6.4796nrad
 
-1148,-1147,-1146,-1145,-1144,-1143,-1142,-1141,-1140,-1139,-1138,-1137,-1136,-1135,-1134,-1133,-1132,-1131,-1130,-1129,-1128,-1127,-1126,-1125,-1124,-1123,-1122,-1121,-1120,-1119,-1118,-1117,-1116,-1115,-1114,-1113,-1112,-1111,-1110,-1109,-1108,-1107,-1106,-1105,-1104,-1103,-1102,-1101,-1100,-1099,-1098,-1097,-1096,-1095,-1094,-1093,-1092,-1091,-1090,-1089,-1088,-1087,-1086,-1085,-1084,-1083,-1082,-1081,-1080,-1079,-1078,-1077,-1076,-1075,-1074,-1073,-1072,-1071,-1070,-1069,-1068,-1067,-1066,-1065,-1064,-1063,-1062,-1061,-1060,-1059,-1058,-1057,-1056,-1055,-1054,-1053,-1052,-1051,-1050,-1049,-1048,-1047,-1046,-1045,-1044,-1043,-1042,-1041,-1040,-1039,-1038,-1037,-1036,-1035,-1034,-1033,-1032,-1031,-1030,-1029,-1028,-1027,-1026,-1025,-1024,-1023,-1022,-1021,-1020,-1019,-1018,-1017,-1016,-1015,-1014,-1013,-1012,-1011,-1010,-1009,-1008,-1007,-1006,-1005,-1004,-1003,-1002,-1001,-1000,-999,-998,-997,-996,-995,-994,-993,-992,-991,-990,-989,-988,-987,-986,-985,-984,-983,-982,-981,-980,-979,-978,-977,-976,-975,-974,-973,-972,-971,-970,-969,-968,-967,-966,-965,-964,-963,-962,-961,-960,-959,-958,-957,-956,-955,-954,-953,-952,-951,-950,-949,-948,-947,-946,-945,-944,-943,-942,-941,-940,-939,-938,-937,-936,-935,-934,-933,-932,-931,-930,-929,-928,-927,-926,-925,-924,-923,-922,-921,-920,-919,-918,-917,-916,-915,-914,-913,-912,-911,-910,-909,-908,-907,-906,-905,-904,-903,-902,-901,-900,-899,-898,-897,-896,-895,-894,-893,-892,-891,-890,-889,-888,-887,-886,-885,-884,-883,-882,-881,-880,-879,-878,-877,-876,-875,-874,-873,-872,-871,-870,-869,-868,-867,-866,-865,-864,-863,-862,-861,-860,-859,-858,-857,-856,-855,-854,-853,-852,-851,-850,-849,-848,-847,-846,-845,-844,-843,-842,-841,-840,-839,-838,-837,-836,-835,-834,-833,-832,-831,-830,-829,-828,-827,-826,-825,-824,-823,-822,-821,-820,-819,-818,-817,-816,-815,-814,-813,-812,-811,-810,-809,-808,-807,-806,-805,-804,-803,-802,-801,-800,-799,-798,-797,-796,-795,-794,-793,-792,-791,-790,-789,-788,-787,-786,-785,-784,-783,-782,-781,-780,-779,-778,-777,-776,-775,-774,-773,-772,-771,-770,-769,-768,-767,-766,-765,-764,-763,-762,-761,-760,-759,-758,-757,-756,-755,-754,-753,-752,-751,-750,-749,-748,-747,-746,-745,-744,-743,-742,-741,-740,-739,-738,-737,-736,-735,-734,-733,-732,-731,-730,-729,-728,-727,-726,-725,-724,-723,-722,-721,-720,-719,-718,-717,-716,-715,-714,-713,-712,-711,-710,-709,-708,-707,-706,-705,-704,-703,-702,-701,-700,-699,-698,-697,-696,-695,-694,-693,-692,-691,-690,-689,-688,-687,-686,-685,-684,-683,-682,-681,-680,-679,-678,-677,-676,-675,-674,-673,-672,-671,-670,-669,-668,-667,-666,-665,-664,-663,-662,-661,-660,-659,-658,-657,-656,-655,-654,-653,-652,-651,-650,-649,-648,-647,-646,-645,-644,-643,-642,-641,-640,-639,-638,-637,-636,-635,-634,-633,-632,-631,-630,-629,-628,-627,-626,-625,-624,-623,-622,-621,-620,-619,-618,-617,-616,-615,-614,-613,-612,-611,-610,-609,-608,-607,-606,-605,-604,-603,-602,-601,-600,-599,-598,-597,-596,-595,-594,-593,-592,-591,-590,-589,-588,-587,-586,-585,-584,-583,-582,-581,-580,-579,-578,-577,-576,-575,-574,-573,-572,-571,-570,-569,-568,-567,-566,-565,-564,-563,-562,-561,-560,-559,-558,-557,-556,-555,-554,-553,-552,-551,-550,-549,-548,-547,-546,-545,-544,-543,-542,-541,-540,-539,-538,-537,-536,-535,-534,-533,-532,-531,-530,-529,-528,-527,-526,-525,-524,-523,-522,-521,-520,-519,-518,-517,-516,-515,-514,-513,-512,-511,-510,-509,-508,-507,-506,-505,-504,-503,-502,-501,-500,-499,-498,-497,-496,-495,-494,-493,-492,-491,-490,-489,-488,-487,-486,-485,-484,-483,-482,-481,-480,-479,-478,-477,-476,-475,-474,-473,-472,-471,-470,-469,-468,-467,-466,-465,-464,-463,-462,-461,-460,-459,-458,-457,-456,-455,-454,-453,-452,-451,-450,-449,-448,-447,-446,-445,-444,-443,-442,-441,-440,-439,-438,-437,-436,-435,-434,-433,-432,-431,-430,-429,-428,-427,-426,-425,-424,-423,-422,-421,-420,-419,-418,-417,-416,-415,-414,-413,-412,-411,-410,-409,-408,-407,-406,-405,-404,-403,-402,-401,-400,-399,-398,-397,-396,-395,-394,-393,-392,-391,-390,-389,-388,-387,-386,-385,-384,-383,-382,-381,-380,-379,-378,-377,-376,-375,-374,-373,-372,-371,-370,-369,-368,-367,-366,-365,-364,-363,-362,-361,-360,-359,-358,-357,-356,-355,-354,-353,-352,-351,-350,-349,-348,-347,-346,-345,-344,-343,-342,-341,-340,-339,-338,-337,-336,-335,-334,-333,-332,-331,-330,-329,-328,-327,-326,-325,-324,-323,-322,-321,-320,-319,-318,-317,-316,-315,-314,-313,-312,-311,-310,-309,-308,-307,-306,-305,-304,-303,-302,-301,-300,-299,-298,-297,-296,-295,-294,-293,-292,-291,-290,-289,-288,-287,-286,-285,-284,-283,-282,-281,-280,-279,-278,-277,-276,-275,-274,-273,-272,-271,-270,-269,-268,-267,-266,-265,-264,-263,-262,-261,-260,-259,-258,-257,-256,-255,-254,-253,-252,-251,-250,-249,-248,-247,-246,-245,-244,-243,-242,-241,-240,-239,-238,-237,-236,-235,-234,-233,-232,-231,-230,-229,-228,-227,-226,-225,-224,-223,-222,-221,-220,-219,-218,-217,-216,-215,-214,-213,-212,-211,-210,-209,-208,-207,-206,-205,-204,-203,-202,-201,-200,-199,-198,-197,-196,-195,-194,-193,-192,-191,-190,-189,-188,-187,-186,-185,-184,-183,-182,-181,-180,-179,-178,-177,-176,-175,-174,-173,-172,-171,-170,-169,-168,-167,-166,-165,-164,-163,-162,-161,-160,-159,-158,-157,-156,-155,-154,-153,-152,-151,-150,-149,-148,-147,-146,-145,-144,-143,-142,-141,-140,-139,-138,-137,-136,-135,-134,-133,-132,-131,-130,-129,-128,-127,-126,-125,-124,-123,-122,-121,-120,-119,-118,-117,-116,-115,-114,-113,-112,-111,-110,-109,-108,-107,-106,-105,-104,-103,-102,-101,-100,-99,-98,-97,-96,-95,-94,-93,-92,-91,-90,-89,-88,-87,-86,-85,-84,-83,-82,-81,-80,-79,-78,-77,-76,-75,-74,-73,-72,-71,-70,-69,-68,-67,-66,-65,-64,-63,-62,-61,-60,-59,-58,-57,-56,-55,-54,-53,-52,-51,-50,-49,-48,-47,-46,-45,-44,-43,-42,-41,-40,-39,-38,-37,-36,-35,-34,-33,-32,-31,-30,-29,-28,-27,-26,-25,-24,-23,-22,-21,-20,-19,-18,-17,-16,-15,-14,-13,-13,-12,-11,-10,-9,-8,-7,-6,-5,-4,-3,-2,-1,0
-1.12220585314604e-12,-1.11046446477265e-10,-1.0935583959009e-10,1.27180756359496e-10,3.5256053496216e-10,4.07101177022008e-11,-1.44338336703632e-10,-3.06383104607038e-11,7.1898815339787e-11,-4.96522016501857e-11,7.47063358203639e-11,2.31291629540132e-11,-1.23044117938533e-10,3.74938475311156e-11,-1.40979043696106e-10,4.83176142617373e-11,-1.1603345795764e-10,9.25991801276814e-12,-1.41707904499231e-10,4.56858834854377e-11,9.5267934448171e-11,-6.80740736283508e-11,1.30273830359528e-10,-1.84147976324759e-11,-1.9798250940069e-10,1.13326675615194e-10,1.6646405397094e-10,1.35161869331392e-10,2.38138434486265e-10,1.95700901833816e-10,-4.0915556745134e-11,-1.33419774562197e-10,-2.10931242263819e-10,-1.15760656377386e-10,-8.11294125900859e-11,-9.62998940627949e-11,-1.29279279134063e-10,7.56938105504036e-12,-1.92380637956375e-11,-3.62992520126784e-11,-1.24868667413764e-10,7.34655348902333e-11,-9.80848301218394e-11,5.83299256850975e-11,3.36238638074271e-11,-4.53128474566791e-11,-6.91127714284795e-11,1.22414233819287e-12,1.51844517470458e-11,2.87263897052543e-11,-1.90620067184554e-10,6.38259913322588e-11,-6.50805026630373e-11,9.72812776594772e-12,6.44743342094647e-11,-9.89893381673165e-11,-4.1326872158844e-11,9.15102958401272e-11,-3.4928502817056e-11,-5.71234645850835e-11,-1.02328407354029e-10,-6.07984797189417e-11,1.28884477640591e-10,-5.92816554525147e-11,-1.56216962346532e-10,1.89472273509781e-10,-9.29630130499212e-11,1.47505515953216e-11,-1.0064224884799e-10,-1.77912062790966e-10,-5.89078825743592e-11,-7.62297826651152e-11,-2.15914885625557e-11,-1.20429134557238e-10,1.54549411603111e-11,7.48498925350681e-11,-2.43364696275401e-11,5.18857196365127e-11,-5.74015888008555e-11,1.74182244299539e-10,1.94993208327428e-12,2.54812607145329e-10,1.06226509241859e-10,-9.01004362530285e-11,-1.95969753214096e-11,1.73088553089563e-10,-2.21018293055879e-10,-3.2471653618429e-11,-1.42694066050239e-10,-1.63154177368258e-11,-8.99750365840744e-11,1.41751967400948e-10,-1.05378560978607e-10,-3.34744305308828e-12,1.78860391128213e-10,-1.9134472541878e-10,-1.65748689285447e-10,3.32408080190416e-11,-1.3144760928268e-10,5.09090417375499e-11,6.36729061205909e-11,7.27727845191256e-11,4.80262799914712e-11,-8.79482920583636e-11,-3.82379244427006e-11,1.64689378577047e-10,-1.15593845556652e-10,7.51858170756292e-11,1.23738389897012e-11,2.90656945479914e-10,8.63645174139703e-11,-6.98441215819998e-11,-1.35277948267389e-10,-4.13052525947295e-11,-3.77185552598205e-11,1.18650577759281e-10,4.52619354776269e-11,-6.72209862487313e-11,9.43605266762621e-11,-7.4571983695417e-11,-8.06634477647896e-11,1.46201102005658e-10,-6.41758669978527e-11,5.42344760439494e-11,5.57939715420213e-11,8.39523250483141e-11,1.96673785871741e-10,7.06546302526752e-11,-7.86756216283653e-11,-5.16238186782452e-11,-5.96472404271566e-11,-3.34886845564696e-11,1.07039932703589e-11,2.32658884250169e-11,2.98488492344716e-11,1.1240013964961e-10,1.67669695320502e-10,1.01182431687077e-10,-2.65946510189197e-11,-1.71255907622024e-10,1.36764748319388e-10,3.78983907186011e-11,-2.10180834988717e-12,-5.94660101075985e-11,7.32062594261284e-11,6.89460027950041e-12,-1.08850570379346e-10,1.63508675349132e-10,-8.97653814448044e-11,-9.81609012219909e-11,1.68791035683754e-10,1.66849022163279e-11,1.15548476408891e-10,-1.04266408486857e-10,-5.06567262552792e-11,4.4915145627261e-11,-8.42912558324593e-11,-7.68132656202267e-12,-1.29048073954454e-10,-2.36299966677615e-12,-7.50160792896596e-12,-6.2146210992994e-11,6.26096503960473e-11,-2.51168820934263e-11,2.4624863512458e-11,1.71386337047273e-10,-1.31243918113873e-10,-5.30649597925241e-11,-3.82187337060675e-11,1.47834922889532e-10,1.94709228614963e-11,-3.14522031369728e-11,6.37702025568968e-11,9.8441410661872e-11,1.23344940387843e-10,-1.39515859006914e-11,-2.2651331587978e-11,-1.18416095382832e-10,-5.30343362690516e-11,3.36227813715029e-11,-9.58986744126377e-11,-4.58508077699992e-11,-1.85710950477149e-11,1.90723024647785e-10,1.09895327779936e-10,-6.46390499866547e-11,8.65560358232817e-11,-2.11861891594856e-11,1.08260570140773e-10,-3.21949426088237e-11,-1.64771738045259e-10,2.14774932800278e-11,7.33409620712371e-11,-6.14365388964152e-11,-7.05052570804387e-11,1.75774340719358e-10,-1.35472408304142e-10,-4.30883998500589e-11,1.98338265335799e-10,-8.4579465015067e-11,-1.11885716625223e-10,1.54120896068188e-10,8.24338798526786e-11,-7.01355738008807e-11,-4.61536640510951e-11,-6.50783364075092e-11,4.22769518573582e-11,-1.29303769300572e-10,1.84637717877536e-11,1.29128869581062e-10,8.86004742303369e-11,2.35043349745757e-10,6.62448445779435e-11,9.54595890066105e-11,-8.69568680788981e-11,5.28177878816909e-11,2.29635562287691e-10,-1.37430746597948e-11,2.73211268583379e-12,5.39223389913293e-12,3.55999670275349e-11,-1.40896583226193e-11,1.18152831414278e-11,3.15969688051018e-11,8.51277602043727e-11,-2.17741007857015e-11,-2.83620087351605e-11,8.99151542602432e-11,7.62310477778966e-11,-1.56657416745504e-10,-2.92758228787266e-10,1.40302537014109e-10,-2.26846171347071e-10,-3.12122425594756e-12,1.2375535594944e-11,9.85338815283584e-11,-1.68763955184113e-10,-3.36307238699815e-11,-1.14204299157735e-10,4.02786005267277e-11,1.89383889949793e-10,1.24466052389468e-10,-6.79860432692926e-12,-2.16026101792563e-12,5.65830058877914e-11,1.54684369898984e-10,2.44374901502658e-10,-1.16850629996512e-10,3.92034297827623e-12,-3.0949366159867e-11,-6.73191875248569e-11,2.34949807332303e-11,-1.49452004422156e-10,-6.05307189429191e-11,3.46036324696412e-12,-2.18736316324963e-10,-1.20289925395652e-10,4.73531716100578e-11,-1.08217664065203e-10,1.0815355789852e-10,3.06344267160805e-13,8.66234868980094e-11,1.16616818400814e-10,-2.49239412252376e-11,-7.98361670261758e-11,-1.55618337693202e-10,-1.0047179496565e-10,1.76765201344443e-10,5.75596315866785e-11,1.15442407587408e-10,1.00701257246025e-10,-5.89720084481864e-11,5.26310654201342e-11,-2.79171733466332e-11,-1.42657340475931e-10,-3.95966757747348e-11,3.870419653609e-11,1.08687158786033e-10,-2.14474198930486e-11,-8.40937158706515e-11,-9.22228210416567e-11,-1.01808977157137e-10,5.17243299535714e-11,-2.76809603306031e-11,3.02567298156845e-11,1.58125935696448e-10,-4.07363910943923e-11,9.02751387903179e-11,-2.16936433170997e-11,2.72520182074879e-10,-2.23175971484845e-10,-2.1817055953705e-10,1.01890669183658e-10,-2.81152778616923e-10,2.25841627894735e-10,-5.44007770716006e-11,6.44489674083615e-11,1.19946405612603e-10,-4.31579258778925e-12,-1.88913677211685e-11,4.07514949438352e-11,2.57859589884404e-11,-9.5814100895053e-11,-5.87439831779439e-11,3.10120617937375e-11,-2.51776261892434e-11,-2.10409877091156e-11,4.4700753251867e-11,1.77202241776793e-10,-2.04375409411713e-10,-9.49109782889522e-11,1.18637385962948e-10,-4.58807363178305e-11,1.03548781496307e-10,-2.18905956565694e-10,1.30246866261313e-10,9.36064186186395e-11,-1.98406486413011e-10,3.22801982647809e-11,1.2612936550547e-11,-6.40259264766006e-11,7.63336453716803e-11,-7.04968201776908e-11,-1.47921077018014e-11,1.25981683481176e-10,-9.60829552394343e-11,-6.57569171835748e-11,1.40719369947657e-10,-1.3291689663036e-10,-1.04794698337036e-11,-7.55642311801923e-11,-4.27720984607944e-11,-6.94662070775684e-11,-1.83053332316915e-10,2.2353071208628e-10,2.47828613477086e-11,-2.89596266794942e-11,9.46169909244869e-11,1.77248808954676e-11,-1.37580445919779e-10,5.06861717948141e-11,-3.55381548947402e-11,5.82406267108281e-11,-5.59922395334053e-11,7.73364775684416e-11,1.24979548241513e-11,1.59279359458041e-10,6.43352785683858e-11,-1.04393404853756e-10,-6.38331390797154e-11,-2.75527113924082e-11,-1.24249076605346e-10,3.03148256929658e-11,-1.46094168875666e-11,-4.61776235499421e-11,-6.6050665306575e-12,-1.34577484256704e-10,-8.34051853703442e-11,1.20624695021372e-10,-3.22199731537762e-11,2.27685259559213e-10,5.53965794113596e-11,6.82038201003668e-11,-4.19771624356036e-11,-1.62170489326906e-10,-3.98348634880279e-11,-5.29639145399117e-11,-7.49095788951182e-12,-1.68606667092639e-11,-6.98927126615859e-12,8.92764909216329e-12,-5.07302988529075e-11,3.31045963804459e-11,-1.32114201163874e-10,-3.62115504325351e-11,-1.06695846905536e-10,-7.5996159232209e-11,-3.844518961787e-11,-8.39617547906942e-11,-9.32219231323019e-11,1.23058366119629e-10,-9.04544169171887e-12,7.95902794649095e-11,4.5175669395529e-11,1.92720106208586e-11,-1.37958096359301e-10,-5.75003880675098e-11,2.02659337015861e-11,2.30040807984834e-11,1.20840724622203e-10,4.6058994393458e-11,7.85546075495975e-11,5.43871967934462e-11,1.90759111687335e-10,-4.78042835051362e-11,-5.5627956738881e-11,4.10652648012348e-11,4.61164299824794e-11,-2.80645047638821e-11,-2.51005649411507e-11,1.54691834446537e-10,2.04413856719544e-11,-4.91428938113581e-11,-1.53283279816524e-10,-1.22966030566394e-10,1.51213877230079e-10,-1.89473685973625e-11,1.69099344984185e-10,-8.65674724588249e-11,2.48333644076266e-10,-5.61406891789987e-12,5.86638617621228e-11,5.51075515805966e-11,-5.6111574445215e-11,1.61387863320751e-10,1.53610678465371e-10,-2.10692418580106e-11,2.84917606460851e-12,-2.72640613961516e-11,1.58546290320414e-10,-5.18385376952001e-11,-4.52289233503784e-13,-3.0933023982628e-11,6.79224105362791e-11,-1.63192859493552e-10,-9.18700912076001e-11,8.15231288071524e-11,5.0969119974228e-11,-1.08377006394389e-10,-1.40251737109644e-10,1.01952666850137e-10,2.01684437667841e-10,1.95023612359935e-10,4.19357638360913e-11,-1.78106916106088e-10,7.35923022224354e-11,3.31518690488194e-11,-7.31208894608761e-11,-1.77945482728454e-11,8.62593925166152e-12,2.51077703968115e-11,2.26506940038836e-11,9.58125917530427e-11,-1.1453684012415e-10,-1.71436423952e-10,1.35911517770349e-10,-4.90201003864086e-11,-8.03048337890087e-11,6.18793806348863e-11,8.10662600554118e-11,1.89854270301665e-11,7.47777215941624e-11,1.08889027195449e-10,-2.4812705165981e-11,8.9947343641605e-11,-5.9086130011956e-11,4.74021862135161e-11,-3.03329089927866e-11,-1.24686531841246e-10,-8.83018536995299e-11,1.15423987851902e-10,-2.92043442921413e-11,2.71231283092377e-11,1.11056996144531e-10,-2.95542924257316e-11,-5.41999449460347e-11,1.26149734666329e-10,-8.57161059289935e-11,-9.84665246085898e-11,-1.31964040410627e-11,-8.42316866936982e-12,1.43552526691908e-12,7.6200217881278e-13,7.19000398181621e-11,4.93180095384242e-11,-1.3631889987917e-13,-7.2327578274078e-11,-2.00087633556713e-11,2.99230837870663e-11,-1.47215229988828e-10,6.5617873824762e-11,-4.18674626360031e-11,-2.86787287593494e-11,1.21340212833438e-11,1.01168500544323e-10,-9.42598300652141e-12,-5.01676436491802e-11,1.72165094120308e-10,-8.25766043530665e-11,-1.01098079764331e-10,-2.23687070815406e-10,-1.29423510847446e-10,1.03854051730168e-10,-6.10401487462677e-11,-9.42769799174307e-12,7.0393742994001e-11,-2.66811492127318e-10,1.60919491396117e-10,9.49716109920546e-11,2.72228476389041e-10,-6.78383952931121e-11,8.35981425861231e-11,1.15765743713002e-10,-2.41774994735806e-10,-8.8121801065769e-11,-3.17055715752785e-11,-7.13675980830896e-11,1.60192837054916e-10,-5.09521427190134e-11,3.88994473661546e-11,6.92247499126068e-11,6.97008128299007e-11,3.84398678217086e-11,-1.32368493168742e-10,-1.50761962792155e-10,1.45598339778603e-10,-4.54988697869506e-11,-8.66474899288359e-12,-4.90548497610943e-11,9.26822018543016e-12,6.61255218072049e-12,-5.17348847917313e-11,-4.06489120639566e-11,-1.73206420483898e-11,3.46692159696923e-11,-1.01963475681114e-10,1.76395680884125e-11,-2.56545518386149e-10,-5.89500203532595e-11,-1.3456774659241e-10,-2.66899487505146e-11,-1.43944554762288e-10,-1.85956103380728e-10,2.01455362580567e-11,-9.40793517124827e-11,-6.34649619018698e-11,5.97619146334898e-11,-7.52750208988642e-11,4.60382213867762e-11,-1.70778466716566e-12,-2.46330421895105e-11,-8.21619798578549e-11,-6.42284306633974e-11,1.75252156935982e-10,-1.00970433085375e-10,1.86888469095179e-11,9.34926903127342e-11,5.81176999011798e-11,3.91497710147631e-11,-7.92287041076658e-11,-1.81342558846858e-11,-2.86515739384692e-11,-1.10775789827157e-11,7.83481224771596e-11,1.48487738649393e-10,1.38491575276527e-10,-2.83909136902479e-11,1.13125759227944e-12,1.5511279923752e-11,-4.39866558133746e-12,1.00208832709715e-10,-7.08321787554724e-11,9.17615491599682e-11,9.09944106566756e-11,-3.01807706277341e-12,-8.3224385075544e-11,3.72731698594691e-12,4.55602410879974e-11,-9.53655695338661e-11,-1.24553565556915e-11,1.57642127601284e-10,2.15716289002697e-12,-1.66111085298368e-10,-7.78573465651657e-11,-1.36550924952796e-10,-2.98803116018705e-10,-1.58242346719056e-11,-2.00768680407231e-10,1.34076571722723e-10,-4.41797720698662e-11,-1.7199145417813e-10,1.88191789559326e-10,-1.565529185666e-11,-2.72376010049147e-11,2.02372178606776e-10,-4.25968844071152e-11,1.23283787289469e-10,4.37503516899487e-11,-7.19355371508563e-12,1.52389738456215e-10,1.68979716719721e-11,1.33010769508488e-10,-1.52191174471233e-10,-9.41236003836943e-11,-8.374044890937e-11,-4.90553827231537e-11,-7.51803897956118e-11,5.19664089038319e-11,-2.25325957815654e-10,2.84895282303609e-11,1.14727024189997e-10,-7.63052228618539e-11,-4.26058032916536e-11,-1.14930944959164e-10,1.66434089877627e-10,-1.32056504278814e-10,-1.86075949432544e-10,-8.24478405457078e-11,-2.11624581776251e-11,3.94611636850925e-11,2.68692090652501e-11,2.23674676496553e-10,6.85876938623258e-11,-5.53542086578585e-11,-1.16621403723187e-10,1.72880199892064e-11,-7.23125011979057e-11,-1.7662860978876e-10,-1.5425505360267e-10,9.9111654976763e-11,8.69646738550777e-11,1.63410569936237e-10,1.56955950574256e-11,-1.99710724886747e-11,-4.74002740022883e-11,7.59524955076776e-11,9.51881827162644e-12,-9.76723065101809e-11,1.73950631959443e-10,9.17115345301853e-11,-2.43401216735071e-11,-6.28687464041883e-11,-3.47460336570486e-11,-1.71434544668295e-10,-1.91176539279711e-11,8.35733373347213e-11,-1.14940666188374e-11,-1.40637704711967e-11,-3.38428372682764e-11,5.44586610601458e-11,-9.08293424904752e-11,-2.16207031813615e-11,8.09387462364901e-11,-1.77890385771017e-11,1.79984813215798e-10,6.30140360148491e-11,3.69735020413907e-11,-1.17818605073502e-10,-7.81589616733191e-14,-1.86713146514399e-10,3.88870476413174e-11,1.79972749551496e-11,-2.66195831061803e-11,-5.51447194419733e-11,-4.1543724917067e-11,-1.30225257935599e-11,8.9769503187738e-11,7.18932283084732e-14,1.83351836290592e-10,1.00442861533461e-10,-1.83500207085518e-10,2.32858157921145e-10,-1.56884724462411e-10,1.36389216419223e-10,2.01069794464148e-10,-9.87924148030277e-11,6.53088394993699e-11,-9.10184070149462e-11,9.28504988913704e-11,-1.18896082319412e-10,3.84085976048941e-11,2.01226383762362e-11,-1.83372800792066e-11,4.44078957406525e-11,-4.46747931306268e-11,7.54721867007917e-11,1.29178228724388e-11,-4.92349906853186e-11,5.77016905567228e-11,1.90719008568672e-11,-1.30546766249405e-11,7.56726950276418e-11,-1.09569269148781e-10,-3.15251457060533e-11,-3.10875268113764e-11,8.42339685938113e-11,-3.08692327305523e-10,4.13406306459196e-11,-4.14389306703141e-11,-3.5942362464764e-11,7.59356725999389e-11,1.00257361542119e-10,1.84603412169018e-10,4.02950336076468e-11,-1.40089855051282e-10,-1.74195360099716e-11,-1.59654754823653e-10,1.37424539911835e-10,-1.33475696516968e-11,3.3311950758702e-11,-1.75829008435743e-10,3.35489395033705e-11,-3.25678115969384e-11,4.84839363700041e-11,-1.00007220122522e-11,-2.57104131819924e-10,5.86988420837505e-11,-8.3537547661158e-11,6.81900084407279e-11,-1.30231855292589e-10,1.77706928361271e-10,-2.24924405987777e-11,1.88621868883267e-12,1.49414915894837e-10,2.34559469541649e-10,1.07754973073371e-10,5.21929028224743e-12,8.01428102009959e-11,-1.69627137156643e-10,-1.21259807871166e-10,-1.00419275820217e-11,7.52002589734478e-11,-4.33997060748127e-11,-9.36957005840725e-11,-5.38909562276415e-11,3.4440910921919e-11,-1.04402585216294e-10,3.37261581658321e-11,-1.51674308096663e-10,1.95960477714849e-10,8.85383317204587e-11,-7.78224880189821e-11,4.17865954530454e-11,-1.58773771791644e-10,-4.73480808696749e-11,-1.4373792023313e-10,6.87478458860698e-11,-9.03755130591622e-11,1.85663206562982e-10,1.51116852018837e-10,-6.70864707837046e-11,9.38499189272449e-11,3.80198831245652e-11,1.21063268921195e-10,1.25298761381251e-10,5.80967670152707e-11,5.85934220872801e-11,2.08049830759764e-10,-4.91598053664471e-12,3.2751029423181e-11,1.94310413206876e-11,8.59774466528043e-12,1.14901342739387e-10,1.85602878303406e-10,-8.90465731328967e-11,6.17993019041483e-11,-7.07418103235719e-11,-8.46296060535112e-11,8.69054984911459e-11,-1.24537604201428e-10,-4.1603529181478e-11,-7.19858480321213e-11,1.28892188197027e-10,-2.84891279658967e-11,-2.22799955698185e-12,9.35080129525303e-11,1.41561072437484e-10,9.95659969759606e-11,1.44251129671255e-10,-1.98456685389773e-11,-5.54802883561372e-11,1.08090031529519e-10,-6.67207910467321e-11,-1.57774907253938e-11,-1.35076161984645e-10,5.06402229793005e-11,-6.21981731528631e-11,9.2071167523849e-11,4.79819592780121e-11,7.06345899541279e-11,6.89859559921986e-11,5.49059510458106e-13,1.71912989612725e-10,-3.6831185911259e-11,1.31546310612259e-10,-1.89822415639338e-10,5.576576955687e-12,1.63179582485001e-12,-5.29094289891955e-11,-1.76073189974909e-10,1.53035673341965e-10,-1.98829331943601e-10,-8.49941623680416e-11,7.05925305564717e-11,-2.1821995979302e-11,1.39111291702685e-11,-9.66582463576306e-11,7.98674106274399e-11,4.12823109980905e-11,-7.34470232252211e-11,2.62752717634136e-11,9.39555117808912e-11,-7.91012141600556e-11,-1.18727552108343e-10,-3.71311118504711e-11,1.28143110643286e-10,2.01783943689764e-10,1.32857916375731e-10,-5.46014280663331e-12,-5.80911645963088e-11,-5.20476903429193e-11,-8.03942845272874e-11,2.78815906222533e-10,-8.68504167080452e-11,-1.58743986892857e-11,3.81866490714311e-11,6.22353522033151e-11,6.76325178543204e-11,-2.1548260412876e-11,3.62645098219392e-11,-8.75908608489703e-11,-4.1908496387341e-11,-6.66845450352591e-13,-6.50260787164046e-11,3.04030798465576e-11,-9.24536238436289e-11,-8.02894126400911e-11,1.30060494073698e-11,1.53530924213107e-10,1.88344486452082e-11,-1.14533980341733e-10,-7.55610746592113e-11,9.14982554388135e-11,7.23651323613081e-11,3.35357347691051e-12,2.26402560832916e-11,-1.35644421623957e-11,1.00788777757264e-10,5.28467443833282e-11,2.16784582549661e-10,-7.83371946505692e-11,1.22851193516214e-10,-1.36273896902224e-10,3.32128779840253e-11,-2.28180595802921e-11,2.79583622434328e-11,-8.25707754971402e-11,-8.45942226543323e-11,8.30758782527643e-11,-1.24385047385538e-10,-5.98947465669832e-11,-1.09196092586193e-10,1.181003742e-10,-6.49457922650039e-11,-9.95327123870885e-11,9.39706321887105e-11,1.315671488582e-11,1.40796167666695e-10,2.7434525078104e-11,-1.03908752670761e-10,-2.92901278579758e-11,1.40536649751646e-10,-1.00559799200966e-11,1.71804952709846e-11,8.79483779796437e-11,-1.6073226467398e-11,-7.64026417207092e-11,1.31956908462894e-10,-6.55444555013787e-11,1.1146895550515e-10,5.96669744552886e-11,2.48437547162865e-10,2.77838020760753e-11,9.55824108016876e-11,-9.29775583936835e-11,3.85561945211907e-11,-1.97193965865689e-10,-1.03548604471454e-10,8.06027029050007e-11,-8.16373882543536e-11,-9.26853756854531e-11,-1.56248362263023e-10,1.01702723154626e-10,8.55832106631283e-11,-6.32622958327661e-11,1.05577221208014e-10,-2.54136011015687e-10,1.64543119717394e-10,-9.18743305591399e-11,-3.27445766109697e-11,4.66115395013092e-11,3.7048562537482e-11,6.82181070612638e-11,-1.96908441809621e-10,-2.58877228713468e-10,6.21685614419799e-11,-1.0729584370178e-10,-8.49681684997032e-11,-8.23280326784518e-11,-1.90145310089081e-10,5.32846112269444e-12,-1.66781875267701e-10,-5.54806103222813e-11,1.19949678435553e-10,-1.25635050704715e-10,1.68373330062031e-10,-8.39572842543376e-11,1.94913677008774e-11,2.83716236870616e-11,-4.9109561317128e-11,1.85001434122397e-11,3.0354517367919e-11,-2.39248338221424e-11,-1.83608998863627e-10,-2.50839157681241e-11,2.04854041199635e-12,-2.42503535442706e-10,1.2808347132807e-10,-4.96780464818923e-11,1.57198379598463e-10,-2.92725141815792e-11,4.60607860564619e-11,1.86162801135269e-10,1.19034830482286e-10,-1.15431721035184e-10,-2.31009894342808e-11,1.39965682477343e-10,1.48274811037569e-10,1.20996713671561e-10,-6.47748130243716e-11,-7.67612443749526e-11,5.70117064001129e-11,1.22752094578182e-10,-1.90023998076504e-11,-2.88708376246018e-11,8.29518169369595e-11,1.04514799908343e-10,1.66683394464163e-10,5.48087686927496e-11,-9.71387624537772e-12,1.62412881784544e-10,-8.10226827069064e-11,4.40084444049012e-11,-7.06290838099746e-11,-9.79897411896418e-11,1.26582264333212e-10,-1.15437694861893e-10,7.04413761460614e-11,3.93408682469791e-11,-8.21926691770413e-11,1.24891671540616e-10,9.26320510742229e-13,1.03704445837798e-10,6.01314302745104e-11,6.95455777141313e-11,-9.61817426937846e-11,-1.51569083584194e-10,1.67641586134747e-12,7.43189412999741e-11,-2.12761976812616e-11,1.24432553732801e-10,-1.33520897421763e-10,1.48367796560814e-10,-1.27962526583685e-10,9.06197508739017e-11,-1.39493190593405e-10,-6.84546424195362e-12,-6.34351920875741e-12,4.34377785850632e-11,7.37099540539254e-11,-2.80795021815943e-11,5.46271823120767e-12,-3.251303227078e-11,2.6443450041235e-11,-1.68378292225506e-10,-8.58502447538869e-11,-1.08218074661712e-10,6.1667819400886e-11,1.60362408161388e-10,2.35711889781194e-11,-2.48366549535029e-10,8.50968405937532e-11,-9.93675643018841e-11,1.73674056442856e-10,2.48191166274267e-10,1.92605555721968e-11,-1.40512027296259e-10,8.71900024607228e-11,3.61470380224632e-11,1.75463487105248e-11,-6.42208633439276e-12,9.67057803808775e-11,8.12503282072389e-11,-2.80604912347287e-11,-8.64462737981454e-11,1.18320458304573e-10,1.12638812385968e-10,1.72070401008565e-10,1.38409459245766e-10,-8.35370983363855e-11,2.72675055163293e-11,5.78300194747294e-11,-8.34525714316279e-11,-5.02776443980983e-12,-2.51309504639917e-11,-7.26627243006808e-11,-2.03569908201096e-11,1.22356047763561e-11,8.59099857294795e-12,9.33402358163452e-11,2.37215301887687e-11,-3.04166997662926e-11,-1.57927386496946e-10,-9.37143095716574e-11,2.69896084763601e-12,-7.21366086524543e-11,5.14174119228358e-11,-1.89907789955566e-11,-2.37192650011865e-10,-4.89552986256302e-11,5.02513781195499e-11,2.39003759590004e-11,4.10202880181626e-11,1.55575782334427e-10,7.12760142905028e-11,-3.08723205180518e-11,3.59454172407098e-11,1.83889387633519e-10,8.02794661295876e-11,-1.15975186030413e-10,-7.7927995147862e-12,8.31097612725106e-11,-9.84164692101021e-11,5.08173756218432e-11,1.02577904804005e-10,5.138314987684e-11,-5.34836914408331e-11,1.79482135825389e-10,1.03318230182633e-10,-4.37280115756262e-11,-2.69000157839362e-10,1.06883431905706e-11,1.79635065883518e-10,1.04725440333293e-11,1.46886055412304e-11,1.67580555642898e-11,1.90744901528598e-10,-5.88112354743618e-11,2.07553221940412e-11,-9.5107271320814e-11,-1.10275940631688e-11,6.04943501749909e-11,8.99186122266492e-11,-5.08399075113985e-11,-7.30709553022457e-11,-1.07639391002216e-10,1.01315827670187e-11,1.31958960478431e-10,-5.17136055592279e-11,-5.43216730719906e-11,2.70032598558643e-11,1.59613610863513e-10,-2.89688894420965e-11,-2.10759729043923e-11,5.43126776694937e-12,5.72332994362383e-11,-2.65015436036078e-10,3.64959088287349e-11,-1.61128680010653e-10,-1.42177280893438e-10,4.08120492944234e-11,1.84282505304837e-10,2.07586880366187e-11,-3.14968428308215e-11,1.43437762755176e-10,-8.75477092811065e-11,6.52348567439802e-11,-5.81679922054951e-12,-2.05631581483697e-10,-6.24523644255378e-11,-1.19682141547241e-10,-1.13956856359363e-10,-5.68009616154767e-11,3.07061776338743e-11,-7.05972465563173e-11,1.87682385705293e-11,6.01790590533161e-11,9.25882359960399e-11,-7.47591195160823e-11,-7.29869566782258e-11,-5.52249264109897e-11,-7.37071364909202e-11,6.26420079997387e-11,-1.22361622618326e-10,-1.60992933247048e-11,-2.25998372088847e-11,3.28322462344851e-11,1.27053805217869e-10,-1.68220804865626e-11,-8.30542625141319e-12,5.92313960602658e-11,-2.655554110079e-11,-3.37157684504589e-11,-1.54882781988162e-11,-5.62186524486999e-11,9.38333597637596e-11,5.21568716268751e-11,-1.89400300061914e-11,-3.05094687855551e-10,1.10395904660854e-10,-2.18445675857424e-10,9.53266188260588e-11,-2.09821291142751e-10,1.31474557933891e-10,1.71956366502333e-10,5.7079669132654e-12,-1.59883174726997e-10,-6.67175660501595e-11,-3.06038412913892e-11,1.1090220701021e-10,1.64452527278707e-10,-2.33135811869191e-10,4.54761194465011e-11,-3.04361835604053e-12,4.82243925570992e-11,-6.01023783524836e-11,1.7415899592928e-10,-1.39206481073528e-10,4.6162849658298e-11,9.18830332381762e-11,1.1834927191801e-10,-9.3877155007304e-11,1.36649650967832e-11,-8.25501332502023e-11,1.95483803276819e-10,-4.00099560143193e-11,6.57024347480327e-11,9.62793978877231e-11,2.40397437777344e-10,4.51862486431045e-10,4.04341912687062e-10,4.56877545885253e-10,7.70742622843289e-10,1.0334798429835e-09,1.26688614377418e-09,1.78654948782449e-09,2.47572632562461e-09,3.33871888420138e-09,4.66469164419599e-09,6.55969698575514e-09
