v,0.25
Patm,100000
g,9.81
r,500
G,10^10.77
rho,2700
mu,10^2.17
rc,23
 
M,10^6.24
sigma,0.25
 
tilt_erupt,31.4773nrad
 
-1302,-1301,-1300,-1299,-1298,-1297,-1296,-1295,-1294,-1293,-1292,-1291,-1290,-1289,-1288,-1287,-1286,-1285,-1284,-1283,-1282,-1281,-1280,-1279,-1278,-1277,-1276,-1275,-1274,-1273,-1272,-1271,-1270,-1269,-1268,-1267,-1266,-1265,-1264,-1263,-1262,-1261,-1260,-1259,-1258,-1257,-1256,-1255,-1254,-1253,-1252,-1251,-1250,-1249,-1248,-1247,-1246,-1245,-1244,-1243,-1242,-1241,-1240,-1239,-1238,-1237,-1236,-1235,-1234,-1233,-1232,-1231,-1230,-1229,-1228,-1227,-1226,-1225,-1224,-1223,-1222,-1221,-1220,-1219,-1218,-1217,-1216,-1215,-1214,-1213,-1212,-1211,-1210,-1209,-1208,-1207,-1206,-1205,-1204,-1203,-1202,-1201,-1200,-1199,-1198,-1197,-1196,-1195,-1194,-1193,-1192,-1191,-1190,-1189,-1188,-1187,-1186,-1185,-1184,-1183,-1182,-1181,-1180,-1179,-1178,-1177,-1176,-1175,-1174,-1173,-1172,-1171,-1170,-1169,-1168,-1167,-1166,-1165,-1164,-1163,-1162,-1161,-1160,-1159,-1158,-1157,-1156,-1155,-1154,-1153,-1152,-1151,-1150,-1149,-1148,-1147,-1146,-1145,-1144,-1143,-1142,-1141,-1140,-1139,-1138,-1137,-1136,-1135,-1134,-1133,-1132,-1131,-1130,-1129,-1128,-1127,-1126,-1125,-1124,-1123,-1122,-1121,-1120,-1119,-1118,-1117,-1116,-1115,-1114,-1113,-1112,-1111,-1110,-1109,-1108,-1107,-1106,-1105,-1104,-1103,-1102,-1101,-1100,-1099,-1098,-1097,-1096,-1095,-1094,-1093,-1092,-1091,-1090,-1089,-1088,-1087,-1086,-1085,-1084,-1083,-1082,-1081,-1080,-1079,-1078,-1077,-1076,-1075,-1074,-1073,-1072,-1071,-1070,-1069,-1068,-1067,-1066,-1065,-1064,-1063,-1062,-1061,-1060,-1059,-1058,-1057,-1056,-1055,-1054,-1053,-1052,-1051,-1050,-1049,-1048,-1047,-1046,-1045,-1044,-1043,-1042,-1041,-1040,-1039,-1038,-1037,-1036,-1035,-1034,-1033,-1032,-1031,-1030,-1029,-1028,-1027,-1026,-1025,-1024,-1023,-1022,-1021,-1020,-1019,-1018,-1017,-1016,-1015,-1014,-1013,-1012,-1011,-1010,-1009,-1008,-1007,-1006,-1005,-1004,-1003,-1002,-1001,-1000,-999,-998,-997,-996,-995,-994,-993,-992,-991,-990,-989,-988,-987,-986,-985,-984,-983,-982,-981,-980,-979,-978,-977,-976,-975,-974,-973,-972,-971,-970,-969,-968,-967,-966,-965,-964,-963,-962,-961,-960,-959,-958,-957,-956,-955,-954,-953,-952,-951,-950,-949,-948,-947,-946,-945,-944,-943,-942,-941,-940,-939,-938,-937,-936,-935,-934,-933,-932,-931,-930,-929,-928,-927,-926,-925,-924,-923,-922,-921,-920,-919,-918,-917,-916,-915,-914,-913,-912,-911,-910,-909,-908,-907,-906,-905,-904,-903,-902,-901,-900,-899,-898,-897,-896,-895,-894,-893,-892,-891,-890,-889,-888,-887,-886,-885,-884,-883,-882,-881,-880,-879,-878,-877,-876,-875,-874,-873,-872,-871,-870,-869,-868,-867,-866,-865,-864,-863,-862,-861,-860,-859,-858,-857,-856,-855,-854,-853,-852,-851,-850,-849,-848,-847,-846,-845,-844,-843,-842,-841,-840,-839,-838,-837,-836,-835,-834,-833,-832,-831,-830,-829,-828,-827,-826,-825,-824,-823,-822,-821,-820,-819,-818,-817,-816,-815,-814,-813,-812,-811,-810,-809,-808,-807,-806,-805,-804,-803,-802,-801,-800,-799,-798,-797,-796,-795,-794,-793,-792,-791,-790,-789,-788,-787,-786,-785,-784,-783,-782,-781,-780,-779,-778,-777,-776,-775,-774,-773,-772,-771,-770,-769,-768,-767,-766,-765,-764,-763,-762,-761,-760,-759,-758,-757,-756,-755,-754,-753,-752,-751,-750,-749,-748,-747,-746,-745,-744,-743,-742,-741,-740,-739,-738,-737,-736,-735,-734,-733,-732,-731,-730,-729,-728,-727,-726,-725,-724,-723,-722,-721,-720,-719,-718,-717,-716,-715,-714,-713,-712,-711,-710,-709,-708,-707,-706,-705,-704,-703,-702,-701,-700,-699,-698,-697,-696,-695,-694,-693,-692,-691,-690,-689,-688,-687,-686,-685,-684,-683,-682,-681,-680,-679,-678,-677,-676,-675,-674,-673,-672,-671,-670,-669,-668,-667,-666,-665,-664,-663,-662,-661,-660,-659,-658,-657,-656,-655,-654,-653,-652,-651,-650,-649,-648,-647,-646,-645,-644,-643,-642,-641,-640,-639,-638,-637,-636,-635,-634,-633,-632,-631,-630,-629,-628,-627,-626,-625,-624,-623,-622,-621,-620,-619,-618,-617,-616,-615,-614,-613,-612,-611,-610,-609,-608,-607,-606,-605,-604,-603,-602,-601,-600,-599,-598,-597,-596,-595,-594,-593,-592,-591,-590,-589,-588,-587,-586,-585,-584,-583,-582,-581,-580,-579,-578,-577,-576,-575,-574,-573,-572,-571,-570,-569,-568,-567,-566,-565,-564,-563,-562,-561,-560,-559,-558,-557,-556,-555,-554,-553,-552,-551,-550,-549,-548,-547,-546,-545,-544,-543,-542,-541,-540,-539,-538,-537,-536,-535,-534,-533,-532,-531,-530,-529,-528,-527,-526,-525,-524,-523,-522,-521,-520,-519,-518,-517,-516,-515,-514,-513,-512,-511,-510,-509,-508,-507,-506,-505,-504,-503,-502,-501,-500,-499,-498,-497,-496,-495,-494,-493,-492,-491,-490,-489,-488,-487,-486,-485,-484,-483,-482,-481,-480,-479,-478,-477,-476,-475,-474,-473,-472,-471,-470,-469,-468,-467,-466,-465,-464,-463,-462,-461,-460,-459,-458,-457,-456,-455,-454,-453,-452,-451,-450,-449,-448,-447,-446,-445,-444,-443,-442,-441,-440,-439,-438,-437,-436,-435,-434,-433,-432,-431,-430,-429,-428,-427,-426,-425,-424,-423,-422,-421,-420,-419,-418,-417,-416,-415,-414,-413,-412,-411,-410,-409,-408,-407,-406,-405,-404,-403,-402,-401,-400,-399,-398,-397,-396,-395,-394,-393,-392,-391,-390,-389,-388,-387,-386,-385,-384,-383,-382,-381,-380,-379,-378,-377,-376,-375,-374,-373,-372,-371,-370,-369,-368,-367,-366,-365,-364,-363,-362,-361,-360,-359,-358,-357,-356,-355,-354,-353,-352,-351,-350,-349,-348,-347,-346,-345,-344,-343,-342,-341,-340,-339,-338,-337,-336,-335,-334,-333,-332,-331,-330,-329,-328,-327,-326,-325,-324,-323,-322,-321,-320,-319,-318,-317,-316,-315,-314,-313,-312,-311,-310,-309,-308,-307,-306,-305,-304,-303,-302,-301,-300,-299,-298,-297,-296,-295,-294,-293,-292,-291,-290,-289,-288,-287,-286,-285,-284,-283,-282,-281,-280,-279,-278,-277,-276,-275,-274,-273,-272,-271,-270,-269,-268,-267,-266,-265,-264,-263,-262,-261,-260,-259,-258,-257,-256,-255,-254,-253,-252,-251,-250,-249,-248,-247,-246,-245,-244,-243,-242,-241,-240,-239,-238,-237,-236,-235,-234,-233,-232,-231,-230,-229,-228,-227,-226,-225,-224,-223,-222,-221,-220,-219,-218,-217,-216,-215,-214,-213,-212,-211,-210,-209,-208,-207,-206,-205,-204,-203,-202,-201,-200,-199,-198,-197,-196,-195,-194,-193,-192,-191,-190,-189,-188,-187,-186,-185,-184,-183,-182,-181,-180,-179,-178,-177,-176,-175,-174,-173,-172,-171,-170,-169,-168,-167,-166,-165,-164,-163,-162,-161,-160,-159,-158,-157,-156,-155,-154,-153,-152,-151,-150,-149,-148,-147,-146,-145,-144,-143,-142,-141,-140,-139,-138,-137,-136,-135,-134,-133,-132,-131,-130,-129,-128,-127,-126,-125,-124,-123,-122,-121,-120,-119,-118,-117,-116,-115,-114,-113,-112,-111,-110,-109,-108,-107,-106,-105,-104,-103,-102,-101,-100,-99,-98,-97,-96,-95,-94,-93,-92,-91,-90,-89,-88,-87,-87,-86,-85,-84,-83,-82,-81,-80,-79,-78,-77,-76,-75,-74,-73,-72,-71,-70,-69,-68,-67,-66,-65,-64,-63,-62,-61,-60,-59,-58,-57,-56,-55,-54,-53,-52,-51,-50,-49,-48,-47,-46,-45,-44,-43,-42,-41,-40,-39,-38,-37,-36,-35,-34,-33,-32,-31,-30,-29,-28,-27,-26,-25,-24,-23,-22,-21,-20,-19,-18,-17,-16,-15,-14,-13,-12,-11,-10,-9,-8,-7,-6,-5,-4,-3,-2,-1,0
3.3955280742696e-10,1.17061146001759e-10,-9.8944353584796e-11,-2.36685902132956e-11,1.92516467004121e-11,7.39191363920658e-12,1.82546437841587e-10,-1.2868610705478e-10,-6.48460761837726e-11,2.62156964194684e-10,3.45128966826003e-10,9.63475506811929e-11,-1.6406608504413e-10,9.34868642777644e-11,4.66335190452656e-11,-2.18676052640529e-10,-6.44951308811793e-11,2.38769281000014e-10,1.40495330126127e-10,2.52696803149867e-10,-1.99713579121153e-10,-2.01071052577923e-10,-4.93595671657505e-10,-2.8050902736375e-10,-4.62145599152856e-10,8.14981452616978e-11,-5.47731542198417e-10,4.64665262939735e-10,-9.51426740370787e-11,-2.49879381075007e-10,-1.58361743822484e-11,-9.4717692252223e-11,-3.37051432958378e-11,-2.13272184153988e-10,-2.22342763331287e-10,-4.2593399983725e-10,1.5801809793329e-10,5.62779369346546e-11,-2.42643503379262e-10,1.41964072052948e-10,-2.03553406598695e-10,-2.80130256456665e-10,-1.56422141034681e-10,1.26602017364659e-10,-5.71622246426412e-12,2.15905900235354e-10,9.6956697416437e-11,2.69157372315355e-11,-1.34126525428037e-10,-4.39411182191961e-10,1.11910278008144e-11,-1.3279064585658e-10,6.52208208493867e-11,2.97360636977313e-10,1.04620706021444e-10,-3.45697512834182e-12,-1.65619238641173e-10,-8.01888342107469e-12,8.88114203422366e-11,-5.69448726533617e-10,1.50347821002805e-10,1.39551220818348e-10,2.19770417376557e-10,1.25666523672662e-10,7.86876116213598e-11,-2.40107235923219e-10,4.59177815761381e-10,-3.81161595619802e-11,-1.82407199388545e-11,-1.13183617323173e-10,1.8394248101266e-10,-2.7842252937258e-10,-1.51233025867013e-10,-5.51903685653536e-10,7.09177180184841e-11,-5.61421682235135e-10,-3.86258721088241e-10,1.39061431095317e-10,4.0086233759229e-10,-5.63329875137929e-11,1.46572396082503e-10,-5.04736187274063e-10,-3.92811799437811e-10,6.59611736205623e-13,-4.93952481255687e-10,2.37134900285903e-10,2.94186541224138e-10,-2.41217306383109e-10,-1.41014529438161e-11,1.18649975523713e-11,3.55425939174449e-10,-2.09528660892702e-10,-4.75642528227719e-11,-5.78433639251362e-10,1.11603786002361e-10,4.17859211361368e-10,2.79470837958854e-11,4.15977685427055e-10,4.41159621969286e-11,-3.61498033067733e-10,1.69197974042809e-10,-3.94904724687672e-11,-1.40816259664332e-10,-5.68122033644829e-11,2.36752858305048e-10,1.7735303189827e-10,-2.42493925547373e-10,-3.90833498803344e-10,3.03225272009556e-10,-1.81872481136806e-10,-2.55247461671184e-11,-4.04963408827685e-11,-5.25813577996605e-11,-5.79718774188675e-11,2.648648743227e-10,1.69062728493036e-10,1.04439293332392e-10,-1.46127373363428e-10,2.15390581676867e-10,-4.24730563980309e-10,6.81128657603323e-11,1.01887669610147e-10,-7.19729714202567e-11,1.1641022097867e-10,2.30437898250099e-11,-3.02076016812378e-10,2.27108329094014e-10,2.87801823304796e-10,-7.82624713201074e-11,4.98865276833288e-10,3.9445117681261e-10,-9.98927689270533e-11,-1.21476298859336e-10,-4.74070703263526e-10,4.66173816814413e-12,-1.67180634161872e-10,1.2329854080827e-10,-1.3418067879762e-10,2.71375536429479e-10,2.82825214855611e-11,-4.63791792702178e-11,-1.64551603982373e-10,9.0636632384134e-11,-5.02901769106771e-13,-1.13531008551171e-11,-1.69041993920313e-10,-2.21530677459247e-10,1.02527864536641e-10,3.50045237404518e-11,6.03669707236155e-11,2.50682556506585e-10,3.82308452610359e-10,-2.18231593697655e-10,1.7497321274735e-10,-2.1481829108864e-11,2.67050361456435e-10,3.01263121138244e-10,1.91101206406395e-11,-1.97063397836861e-10,3.80244670991848e-10,-4.1964864826059e-10,-3.5564669000198e-10,8.04925520733025e-11,3.09050325448432e-10,-1.37450526132607e-11,2.02277553185592e-10,-6.2047911423309e-11,-1.71287488572042e-10,-5.40635300863882e-10,4.59244939233101e-10,2.85448452331684e-10,-1.7521099376171e-10,4.63929134240201e-11,1.42854627558627e-10,-1.33845314161806e-10,-2.00163861780578e-10,-2.56162254179106e-10,4.41546792751133e-11,-1.93245620045767e-10,-2.83319256917347e-10,-5.56274792332513e-11,5.88007494931694e-11,-3.93436390718001e-10,1.11994530293368e-10,3.35985069802235e-11,4.67972979311792e-10,-2.13112301435219e-10,-1.11393017256539e-10,1.94577077235117e-10,2.65575544995322e-10,3.78074701287764e-10,9.32862544804628e-11,1.53930882172224e-11,-1.04815091962524e-10,3.58263730720838e-10,1.43641736179486e-10,1.80645459083349e-10,1.44553928303062e-10,8.94192567543489e-12,-3.55102263237215e-10,-4.0602501301765e-10,-1.84383176586017e-10,4.11373383372226e-10,3.01750541298602e-10,1.83838480039905e-10,1.13508265700679e-10,8.60245505835796e-11,1.57641264367846e-11,-2.45189442190201e-10,-1.29407037355099e-10,1.25123980063209e-10,1.05870789614709e-10,1.11381256863497e-10,1.13342106703444e-10,-2.10008858101422e-10,2.08214606154359e-11,-2.92978760453165e-10,-2.91898341859096e-10,4.79215403540678e-10,2.06173233711679e-10,1.79013529442612e-10,1.09405695020127e-10,-4.57532738676743e-10,-1.81564030237093e-11,6.91390724722138e-11,-2.73697141370814e-10,-1.39232706080266e-10,2.03813580557811e-10,2.43419059648983e-10,1.90985273652815e-11,2.54447882085762e-10,-4.61743081006793e-10,1.58449387087569e-10,8.55035747394898e-11,9.22505787133213e-11,4.1037462941072e-10,5.63847389760771e-11,-1.79627482394776e-10,-2.89148935717534e-10,9.35106115126373e-12,-2.60506677192819e-11,2.78756675334037e-10,3.45778713468454e-10,2.43777605534084e-10,1.27662803537112e-10,1.94014658150982e-11,2.09218945067642e-10,-1.03666659930516e-10,-2.06265383452419e-11,4.65863498249706e-12,-5.46695586498746e-12,2.35632493606361e-10,3.42230548133265e-10,-1.36890829089654e-10,-1.05203867924966e-10,1.91290175159633e-10,-3.34592526042631e-10,3.96817840642183e-10,8.47406229932919e-11,2.1755597468898e-10,3.88110195379163e-10,-3.03479036789092e-10,-3.31954176673015e-11,-7.79825738540125e-11,3.59030813515237e-10,4.80472856324962e-11,1.44193876752326e-10,-6.78860230658306e-10,4.632727682371e-12,5.73062229209209e-10,3.18725549535107e-11,6.64082221987317e-11,3.72945914973559e-10,2.9301584535619e-10,-9.26962389614943e-11,3.84859510165607e-10,-4.49013521142135e-10,-9.84784882175784e-11,4.0183210344506e-10,6.97561666868134e-11,1.67622849083887e-10,-4.8256240994401e-10,-1.53076302106054e-10,-3.67947339589905e-10,-8.11827011267678e-11,-7.72071235435193e-11,-3.4856053395322e-10,-2.35190761007795e-10,3.23255382370321e-10,-4.42558742544879e-10,-1.45947890937871e-10,-6.93767781481584e-10,2.86231039539133e-10,-9.58959284448885e-11,-5.06291077706156e-10,-7.99551660248316e-11,2.62440893168966e-11,2.43343712938738e-13,-1.92265321673278e-10,1.26337593476031e-10,3.77315159824083e-10,1.96679477856828e-10,1.54705688528307e-10,-2.28704788822941e-10,2.30512970561997e-10,1.72480527903008e-11,-2.98374171793545e-10,-9.24753169164471e-11,1.12173466755009e-10,5.09097181556154e-10,-4.19064899430024e-10,-1.35674036793018e-10,3.0378734284447e-10,-1.37008291763643e-11,-9.3734148823157e-11,1.31550891601317e-10,-2.58168133604912e-10,1.11350251166669e-10,-2.06770123511967e-10,3.81214790411407e-12,2.23287603741718e-12,2.36797297049439e-10,6.29227489689403e-10,-2.18611939243109e-10,-6.03820243548069e-11,-1.54322579793753e-10,5.43776599314792e-10,2.84067940118262e-10,-2.10296283358311e-10,4.00598006952278e-10,-2.47620518104853e-10,9.45945740496573e-12,2.12427817680745e-10,-1.9498881628732e-10,-5.18374967535242e-11,-3.77792584997582e-10,4.58785107871219e-10,1.272670443326e-10,8.61726775700984e-11,-3.67262090715294e-11,5.30242425701709e-10,3.57850138210342e-11,-2.64609568576235e-10,3.05730833378343e-11,2.12777408565352e-10,-3.24595507620789e-10,-2.27059599616076e-10,-1.11022010843781e-10,-2.36882659469121e-10,6.37029843820861e-11,-2.71800099264899e-10,4.79086264826343e-10,-1.11669649602414e-10,-1.37250604043905e-10,1.22338205847277e-10,-3.12829751382406e-10,-8.06773013847675e-11,-3.65462900709802e-11,1.97838337819335e-10,-1.6805767604559e-10,1.51750729767755e-10,2.59662756834104e-11,1.03644406538159e-10,2.23560097003742e-10,5.93965356563388e-11,1.40170749775905e-10,-1.06216990217816e-10,2.09180959109005e-10,3.09316328523358e-10,5.90917469107028e-11,-3.54632626003778e-10,-8.30509750545612e-11,1.73679913141487e-10,1.78597760759949e-11,-9.84480581345333e-11,1.75723506294398e-10,3.00791867138194e-10,1.67188504484561e-10,1.48563654305265e-10,3.32754025621031e-10,-5.37541796434652e-11,8.7044521496249e-11,-3.37205606461262e-10,-1.45697363558187e-10,-1.6913063741521e-10,4.01293581389564e-10,-1.35287816443512e-10,8.74281124668886e-11,3.6292110937041e-11,-9.84807264429088e-11,-1.48187268152095e-10,1.41257141869136e-10,2.22250309758975e-10,2.74871571911256e-10,1.37236608034001e-10,-1.77613304001322e-10,1.64714142313824e-11,-6.86677658231271e-11,-6.49794941575897e-10,4.5362785392635e-10,1.36723133243562e-10,1.27100859210663e-10,4.01890542525824e-10,-3.69297197242208e-10,-1.24384822919823e-10,-1.69538346582731e-10,5.01562668221848e-11,6.87817786472118e-11,-3.0100768083134e-10,1.07069103125666e-10,-3.94638643130873e-10,3.7160328125406e-10,-2.49212960291854e-10,-5.21991679569711e-11,1.24053455273492e-10,1.56733957974922e-10,-1.79017679175473e-11,-2.50642902887621e-10,-1.06273662284083e-11,-2.45346516931092e-10,-1.24395236529748e-10,-1.02938187617863e-10,5.70141248398369e-11,-1.23366917127067e-10,-7.52553895178882e-11,3.38658035060336e-10,-4.056209437735e-10,-1.28128376002407e-10,-2.91182576498436e-11,2.33825925645016e-10,-2.8129115261853e-10,-5.70189025493936e-10,9.37921285509855e-11,1.3747396767238e-10,1.67687662070823e-10,2.54442513915675e-10,3.32268560131728e-10,6.83942039263976e-11,-3.56430188009282e-10,-1.59690661919944e-10,-3.82108433680506e-11,-1.71771921021414e-10,8.42654679624564e-11,3.3053186717242e-11,2.09046597130852e-10,-4.3734460280394e-10,4.28772487112708e-10,-4.05417286124854e-10,-9.4383626482162e-11,-1.61872530462886e-10,-2.20551688677723e-10,1.04203204971828e-10,-1.41759149817376e-10,-6.46176813579905e-10,4.0441078839802e-10,-2.42516228502763e-11,-1.44007265637812e-10,2.41179422275002e-10,3.38245849489433e-10,-8.14165173853594e-11,1.09984315867577e-10,-6.50815311828535e-11,-1.79424827874223e-10,-4.82931653345629e-10,-2.45197181881199e-11,-2.32687683615799e-10,-6.55491358784304e-11,2.65596718657138e-10,5.7561363029568e-10,-2.76664734483912e-10,-1.86102250568253e-10,-3.05157855723359e-10,7.53103664708308e-11,5.19516626170265e-11,-2.35305770796939e-10,7.21221011027509e-11,1.28085938082976e-10,-8.7100568506751e-11,-4.32181424961132e-11,4.32132428960337e-10,-3.64039091315519e-10,-1.65769512653887e-11,-1.44682842569825e-10,-7.34920622082974e-11,-2.39844486039079e-10,-1.42382535288852e-10,9.95179224426915e-11,-1.66263845953546e-10,-1.12308004316103e-10,9.11908218872044e-11,1.42957029069061e-10,6.21246852133163e-10,3.18813562956641e-10,-7.4315978481639e-12,-5.65776237365759e-10,4.79496061859794e-10,-3.29150736938863e-12,1.54706122488201e-10,-2.53639262745092e-10,4.10888444539633e-11,1.99424485627136e-10,2.9241471808558e-10,-1.73613715372501e-10,-2.21595535592562e-10,7.06897806913906e-11,-7.23701182577232e-11,7.16453758034121e-11,-4.30477945849615e-12,1.85848302401052e-10,2.51544215165769e-10,-6.1573717984912e-11,9.12265139034224e-12,-1.92578001493152e-10,-2.31312411031717e-10,-1.12839779082134e-10,4.62625498066646e-11,-7.73311042757077e-13,2.28394839353203e-10,2.25161536434978e-10,1.51274255410707e-10,-9.31393635991009e-11,2.73331314096978e-10,1.0279095370121e-10,2.33219378739355e-11,-6.32126026319698e-11,-1.75910066944578e-11,-1.88868510972774e-11,-1.33500786168785e-10,2.95373601518034e-10,2.32794290521869e-10,1.94615038918464e-10,9.59056734218572e-11,6.1567090422694e-11,5.96537899384759e-10,7.09778428627458e-11,1.92119683755996e-10,-6.68377621717726e-11,1.35658213242588e-10,-1.56948485002592e-10,-9.96069334953386e-11,-1.17356360791814e-10,-1.70514963819194e-10,3.85160052420277e-10,1.63729765954633e-10,-4.3391727089081e-10,5.78270030463178e-11,-1.60219553325723e-10,3.01756153601708e-10,-3.93665649833045e-11,-4.32891113548339e-11,1.65659732312152e-10,4.16584037346565e-10,3.95984226099819e-11,1.41239877250502e-10,3.42066861262496e-10,5.13030980188756e-11,-2.22354094498693e-10,3.16232210665879e-10,3.67494405424592e-10,-1.40033496368236e-10,6.34509781831551e-11,7.84478113639713e-11,1.01541098892255e-10,4.47973006607345e-10,-2.64933510802635e-10,1.65960329718701e-10,-2.46236738285136e-10,-6.10581225842277e-11,1.57373277179791e-10,-3.47783137451418e-11,2.58462398373313e-10,-3.19025970854934e-10,5.70921116643976e-11,5.91424300677874e-11,1.9123830085182e-10,-1.39367539685024e-10,-4.74353070196952e-11,3.68970467828922e-11,-4.79603136470701e-10,-2.9338541024114e-11,1.49336039767204e-10,-1.47996022848755e-10,1.03218796810638e-10,2.03311245008176e-10,3.22347169508074e-11,2.96959932069309e-10,-7.90027090494e-11,-1.62053199492303e-10,8.25342688947249e-10,-1.99328214620564e-10,8.97314342630583e-12,1.01662254503214e-10,-9.84247686921597e-12,1.65644860576642e-11,6.0604832258567e-10,-9.10453191658962e-11,-2.25277766871157e-10,-1.78882989015653e-10,1.72163035283593e-10,2.07311011008634e-11,2.9028258503541e-10,3.38781564400453e-10,-1.50872501512098e-10,3.17134509672454e-10,2.17909022710596e-10,6.54348540865083e-11,-4.49445103710886e-11,8.67762765915749e-12,1.63411912878589e-10,2.02316599808501e-10,1.07506102627224e-10,1.0304400221215e-11,2.83249797381991e-10,1.88638551161139e-10,2.23976459428343e-10,2.49818644896972e-10,3.33333877982876e-10,2.53276270636774e-10,2.06557192354823e-10,2.3584687528605e-10,-5.07756885288969e-10,-9.83047832999231e-11,-4.6907718102223e-11,-4.67711822727997e-11,-3.03158778203633e-10,2.38974113936232e-12,-1.51972570178211e-10,-2.13594141442373e-10,5.14092952710467e-10,-3.72815109216459e-11,-2.36543962873441e-10,2.95637500572673e-11,-1.50650311220661e-10,-1.45218736833169e-10,2.64621455904367e-10,-2.16671266853334e-11,-2.27184543620619e-10,-2.38085018423012e-10,-1.84504529515284e-10,-3.14645980233514e-10,2.63363146117691e-10,-2.67338034624211e-10,-4.27281434283254e-10,6.21067405440053e-11,-1.2326169639895e-11,-2.02593008738292e-10,-4.61242843827094e-10,2.00754779491306e-10,-1.46449580415374e-10,-2.44328766456986e-10,2.86083385022841e-11,-2.28398028420041e-11,-8.74680455729832e-11,-2.95530595159705e-10,-2.57396756397941e-10,1.29555167008532e-10,7.2934215970612e-11,1.25748858390508e-10,-2.4285563990827e-10,-2.53050341198682e-10,-7.85172310605724e-11,6.19793932895421e-10,-6.12001483734221e-10,-3.78137682179876e-10,-1.60237262000425e-10,-4.52156052322553e-10,-1.24942264829225e-10,-2.72030569234343e-10,3.28448781357834e-10,-1.05522520771141e-11,-7.90558041777101e-12,-2.90364691710483e-10,8.27696850783611e-12,1.18572075448311e-10,1.13757413812019e-10,2.9143210204666e-10,1.17598966160901e-10,-8.71785552956298e-11,1.15181838594092e-10,-4.03137150603494e-10,9.88847790220321e-11,-2.04354280940611e-10,-3.72424631640656e-10,1.62963601231408e-10,5.7077913269172e-11,1.72571356881715e-10,1.3667281055716e-10,-5.15164891128837e-10,2.44961037453052e-10,3.958054169038e-11,-4.74908078795599e-10,-4.20960032525196e-11,1.96846474995907e-10,3.02666885879834e-11,2.02963071196782e-10,1.87105154455593e-10,-1.94757769825577e-10,5.64379332535185e-10,-1.71925221305476e-10,-3.54392253053307e-10,2.48245205213501e-11,1.20452251548871e-10,-6.09262061577438e-10,3.21961759053802e-10,-8.5488421202911e-12,5.65227860319524e-10,-2.54080685589971e-10,-2.64041185380553e-10,-1.77821640021777e-10,-3.19878171859027e-10,3.87376855129775e-10,1.97771509372435e-10,-4.94798911059569e-11,-3.15716236403904e-10,-4.23111828916597e-10,5.00278453572068e-10,1.42080031350803e-10,-2.41186904229343e-10,-3.65990431316169e-10,1.40252455668998e-10,8.91863302627065e-12,-1.02102188031493e-10,4.08763444526848e-10,1.51884431357426e-10,1.55297902109205e-10,4.85597640356897e-10,3.32743139603699e-10,1.42325583915654e-11,7.63385955124544e-11,-1.63501139327489e-10,-8.53534709027379e-11,-7.10128403837879e-11,2.02198477590235e-10,1.39355118439149e-10,-9.29454206920328e-12,5.50001500045744e-10,-1.16892705511238e-10,-2.08691394670672e-10,2.80605457940385e-10,-3.9680294078456e-10,1.31882123823712e-10,-2.28642174932698e-10,-4.60102571321949e-11,-7.3964498350668e-11,-1.67032476443585e-10,-2.53891272517469e-12,-3.33486210841013e-10,-2.97256179258285e-10,-2.39397210815245e-10,-9.40099730351539e-11,-2.78894421930932e-10,-2.55360195381292e-10,1.82449471549005e-10,-4.12504825459765e-10,-1.39086468550225e-10,2.03025165943187e-10,3.44078317799235e-10,-1.03151853174656e-10,1.71182420429575e-10,-6.42801964780573e-11,-1.66448294183901e-12,8.60453604338846e-11,-1.31211242927409e-10,-1.55036658664426e-10,-2.3750952153219e-10,3.41252169544364e-10,-1.32590935724499e-10,-6.43897359682468e-11,4.68332322488936e-11,-3.20986386543881e-10,-9.26731845574264e-11,-2.04330345452687e-10,-1.15894415292917e-11,4.30547413381462e-11,1.23684791481244e-10,-3.05465530927639e-11,-7.4484384366294e-11,-1.09998143345372e-10,4.61031234683254e-11,2.26090013273094e-10,-1.80748768486247e-10,2.17631831746942e-10,-1.35949495352743e-10,-3.25508788162816e-10,-2.07959912191419e-10,2.12073130554409e-10,-7.85982854975662e-11,-4.0570651818221e-10,1.52409417847483e-10,4.58204481627239e-10,3.12064070303442e-10,-8.78541823598429e-11,-4.91307604710652e-10,6.3227001484634e-11,1.41264267892712e-10,-8.23992772770883e-11,-9.82941364543544e-12,3.48585182798591e-12,-5.05563265705814e-10,-2.79416707213467e-10,-1.83584104499997e-10,-8.07156419684763e-11,1.14359955908655e-10,1.8456978094461e-10,-5.96710780485209e-10,2.68606445957957e-10,1.81565091312083e-10,-1.19189892068904e-10,-6.18748058208927e-11,2.84911630107939e-11,2.77424693939948e-10,3.75301310443733e-10,-1.04289759127635e-10,4.15620197854155e-10,1.06760347129208e-10,-1.30414658937011e-11,4.96136538980984e-10,-1.62541688999068e-10,3.55517649965335e-10,-1.54028217243432e-10,5.2804396420483e-10,-7.28286510307422e-12,-2.78590287696324e-11,1.42238512012559e-10,-7.0976240888129e-11,-3.1198264100513e-10,1.14433845153863e-10,4.27198546991052e-10,-3.03737139464764e-10,-8.62391821495771e-11,2.70266812020792e-10,2.46425563167399e-10,-1.44894721385177e-10,-1.51363033528679e-10,3.52682620742092e-10,1.40200799211294e-10,3.63676199688288e-10,5.92055746831358e-11,-2.58818431470484e-10,4.78721312822013e-10,4.11284329040103e-10,-4.36024210509098e-10,-1.93252502666339e-10,-4.5095940923987e-10,-5.73427592787328e-10,1.80051319906547e-10,-6.78955465691404e-11,-2.69596704521978e-10,6.51003063809205e-11,-6.9590986596651e-12,-4.5281219316516e-12,1.12236595335337e-10,1.92765028886832e-10,-3.57264698341887e-10,4.66638356742582e-11,3.11448557598649e-10,-5.48599318265468e-11,-7.06468554142879e-13,1.34151466796542e-10,2.94263206108588e-10,8.70332488789792e-12,1.1509685565801e-10,-2.46526832560379e-10,-8.58242896129742e-11,5.84483175623816e-10,3.25578127616828e-11,-2.72183060009428e-10,2.53486688164226e-10,3.13993091929717e-10,-4.03594393200896e-10,-1.83957735168863e-10,1.53092060497227e-10,-1.75846884365768e-11,1.48124111895386e-11,8.38522017435999e-11,5.02988670954514e-10,-3.52201044641953e-11,-3.55732223635951e-10,5.75815507185827e-11,3.05061376652147e-10,2.16628009462427e-10,-1.93073584673204e-11,-1.15728930137653e-10,1.09400127001652e-10,-5.25826472467204e-11,-3.5007783468823e-11,4.07834033302139e-10,-3.42935641975786e-11,2.84376656343151e-10,-2.09103397802621e-10,4.67840659635096e-10,-5.52464931975354e-10,-1.17422784148147e-10,-1.35650199874456e-11,-2.72196037043843e-10,-1.66964780084246e-10,-4.76879450865161e-10,1.45022181614239e-10,4.03206392743945e-10,3.72605733188468e-10,-3.64510745660196e-10,2.85337346699536e-10,2.9584067910464e-10,-4.34694038487043e-11,2.35442528394737e-10,-2.64949455256964e-10,-1.92560351467903e-10,-8.98286853256143e-11,6.15031379290532e-11,7.92758346620267e-11,2.62658952727256e-11,2.26859852567381e-10,3.57070143017835e-10,7.80660196485475e-10,1.94799258515628e-10,-2.18258458209906e-11,-1.20988050322181e-10,-6.44956031237366e-11,1.64634366184184e-10,-5.45588553206613e-10,-6.74053705522912e-11,-6.41657811148219e-11,2.57161199549056e-10,1.68368870797043e-10,1.15966479736814e-10,1.58242072693068e-10,9.27136079536477e-11,1.74422241370815e-10,-1.52512185429134e-10,6.91010870189644e-11,1.16179305479658e-10,2.02912515878301e-10,2.18484114250233e-10,2.70846393891189e-10,7.35100048073359e-11,1.22513315976346e-10,3.18382299586934e-10,1.81202485637703e-10,-3.91111214765765e-10,-8.30395737731493e-11,4.72813732063722e-11,-1.38690616881746e-10,-3.159068048055e-10,1.95878541082058e-10,2.05437022377146e-10,2.11629078383474e-10,-2.26056865608946e-10,-1.63275149805903e-11,1.66651078816552e-10,-8.84716862305411e-10,3.0220830594141e-11,1.60464525937415e-10,5.05936984295284e-10,-3.24763463849934e-10,-7.52379004396807e-11,1.79130821816318e-10,8.74766069967906e-11,1.27582597949443e-10,1.1073248086405e-10,2.57672775535882e-11,7.32587583311928e-11,-9.45780511191166e-11,1.61357782082576e-10,-1.04031888721763e-12,4.33418686716959e-10,1.10250069454775e-10,-1.77014899399736e-10,-2.40517183706939e-10,-8.63483840664893e-11,9.36917140004724e-11,1.70340135753633e-10,2.77344073227231e-10,2.20750576109268e-10,4.81534106075707e-11,1.45115177436394e-10,7.23536715224625e-13,-1.41761374683753e-10,3.26438085997043e-10,1.34001142025126e-10,1.40781553398338e-10,3.50187485017897e-10,-8.01484845901099e-11,6.26428039962963e-11,5.18967165535862e-12,-1.08920001269e-10,6.12568273776321e-11,-1.93046675316645e-10,4.83507101625691e-10,-1.11847803835942e-11,-3.99952965371246e-10,1.20897474490176e-10,5.05016855648318e-10,-1.03919765426145e-10,1.98961235381775e-11,1.4240797637782e-11,2.13215368923401e-11,-2.45796206087534e-10,1.58844910644447e-11,-1.47735829618002e-10,1.3316162898617e-10,-1.7970788700766e-10,2.11378195071073e-11,4.85285976488222e-11,-4.05413849183286e-10,-1.70914590343847e-10,1.47591347278055e-10,-6.18812381013692e-11,-2.29518315177517e-10,1.1020047098525e-10,-3.45419111374436e-10,-1.95802170950899e-10,-3.0073473539431e-11,-6.31782540760331e-10,1.18592198099554e-10,-2.63722123576254e-10,2.48747589447521e-10,-2.90947551734508e-10,5.72695390066563e-11,3.6642578751701e-10,3.03365115192339e-11,-2.09251341408673e-10,-3.14603514168037e-10,-2.1445124894549e-10,-2.9019126027259e-10,3.01098156908098e-10,1.2083289899267e-10,1.84183277376302e-10,-4.21261940004302e-11,-2.8770650474289e-10,1.66434488207468e-10,5.92340884225934e-11,-5.04497119332203e-10,4.43842008264477e-10,-4.96254761444887e-10,-1.55735315362398e-10,-3.23229909601542e-11,-1.36010241704856e-10,6.263246422184e-11,2.69541468161597e-11,2.51161506181346e-10,-1.15183783328324e-10,1.17206241359658e-10,1.39402944773126e-10,-9.60439598093053e-11,2.52679685706384e-10,-1.71882664479536e-10,-3.27198530810169e-10,-8.25158646102901e-11,1.0963773688029e-10,4.11337365001327e-11,-2.01815488676576e-10,2.89828484378684e-10,1.10279227234621e-10,3.85985776267486e-10,-2.37031221398754e-10,6.96282454645868e-11,3.20029692596958e-10,3.61806186070708e-10,-2.13810754324483e-10,-9.86764851251093e-11,-5.42221235917756e-11,1.53050021675999e-10,-6.76969492994688e-11,-1.05876710892921e-10,6.03849403862713e-11,2.29877134125496e-10,-2.6235293936496e-11,-5.45241999175899e-10,3.45639677440684e-10,1.33850110429562e-10,3.48491455831781e-10,-1.48816272396381e-10,2.19629223215314e-11,-6.83075219629159e-10,7.32937006330696e-11,-2.94282332987539e-10,-2.83642994116681e-10,9.44825170271031e-11,1.56987206556131e-10,1.11248959020225e-10,-1.06673277843519e-10,3.8661133403137e-10,-2.33306813542609e-10,-3.11370847973003e-10,-1.21029634211372e-10,1.44594398623155e-10,1.00286289254529e-11,1.1204709727306e-10,3.00353605573715e-11,-4.5074077706476e-11,1.6733188144007e-10,-2.45629071934812e-10,-1.69715910132995e-10,-1.0872118869193e-10,1.24890942062184e-10,3.24459727627411e-10,1.28794062742389e-10,-1.51998083557099e-11,1.91492230130732e-10,-2.28887855256702e-10,3.54668133884107e-12,-5.3274005442739e-11,1.73243501871019e-11,-7.55854566044847e-11,3.89663103845835e-11,-9.90109071925411e-12,1.4000406855453e-10,-3.67512523534405e-10,1.71183120900375e-10,-3.97716632638949e-11,3.28481308370939e-10,-1.38611850458459e-10,1.12744995143814e-10,-3.26014869420369e-11,-1.28637325434192e-10,1.95418736024453e-10,-2.88255762040212e-10,-2.89576316302532e-10,-7.37507786432777e-11,1.33008104842595e-10,3.11184199900329e-10,-3.60727455509766e-12,-4.71731276326394e-10,4.79636298310579e-10,3.02485354563566e-11,-7.54839363460454e-11,-5.32420870188267e-11,-2.95308679237975e-10,1.92693683702308e-10,-2.08654393819144e-10,-1.17330899681642e-11,-6.75133420369852e-11,-1.26662730629337e-11,-2.40528295673023e-10,2.28907753767002e-10,2.1366902733185e-10,-3.04317106645733e-10,2.56631873546929e-10,3.13081628409693e-10,1.4764700402354e-10,5.43091279537668e-10,-5.27265499438766e-10,-1.84329714577144e-10,3.71561520809275e-12,1.47466650886036e-10,-1.75867468836156e-10,-2.54190909915965e-10,1.08629725972442e-10,1.05568015251053e-10,3.79326997239694e-12,1.6747237947832e-10,3.32314732597857e-10,-2.68610724492338e-10,4.84258205582046e-10,5.50120218608724e-10,1.58937632844424e-10,-7.18132861351881e-11,-3.68102832205617e-10,-7.1303696926905e-11,-5.48893296676918e-11,-1.66862743359819e-10,2.40393909731429e-12,-3.42492380632156e-10,-8.20547103610983e-11,-1.22676381923561e-10,2.89481070004498e-10,1.33634482856107e-10,-6.95785871300712e-11,5.09194164020487e-10,-1.41288027398479e-10,5.61693724649295e-11,5.98911668555609e-10,4.84973192046086e-10,-2.89783383812342e-11,2.04870035941957e-10,-6.50580198500368e-10,3.17343519152122e-10,-2.62807068116097e-10,2.35576021106568e-10,5.34287572962418e-11,1.90889202324446e-10,5.08119505243322e-10,-1.1119075160844e-10,1.35437067012565e-10,-2.36816291609542e-10,-2.05759910376649e-10,-1.37361332930489e-10,7.00145736596099e-11,9.2984335883223e-11,-4.60925154582345e-10,-4.96019281034196e-11,3.42753264395286e-10,8.41719904664741e-11,-1.58578743916371e-10,1.46631956896183e-11,1.92685042401105e-10,-3.16056386061422e-10,-2.16107717232367e-10,4.21363938866125e-10,-1.45069367878814e-10,-1.49235955996331e-10,-1.99821123895692e-10,3.92924189278661e-10,2.15030559024105e-10,6.27048378430347e-11,1.30703234160482e-10,4.38177848210066e-10,-4.3051257213999e-10,-1.02684409927907e-10,9.60352524100022e-11,-9.0088543719884e-12,4.12933964569734e-12,1.83586451745e-10,-9.21302617397323e-11,-1.77449607230922e-10,1.12411837584038e-10,-1.64210347927287e-10,-3.97895612451597e-10,-2.30204061844651e-10,2.18980566201512e-10,7.6173779862676e-11,-2.63613713677842e-10,-3.7648633945107e-10,-8.02908806603297e-11,1.61472463907415e-10,-5.01004646583763e-10,-3.42672934530273e-10,-2.10580268136777e-10,-4.31985769228667e-10,-6.83054936392502e-11,-3.53013957298209e-10,-2.94931970389457e-10,-1.77551790560262e-10,-6.81072837420306e-10,7.0316185871079e-12,-2.43849425042583e-10,-7.7406939645715e-10,-3.75936208301896e-10,-8.53245630932828e-10,-6.29967158419807e-10,-4.75868544399656e-10,-8.58739688063995e-10,-4.37386044773095e-10,-7.39767079723868e-10,-7.96717792847104e-10,-7.64777049260721e-10,-9.76528891008757e-10,-9.67204555091794e-10,-1.24956429670188e-09,-9.23907762621582e-10,-1.12576006224529e-09,-1.12421642837535e-09,-1.19984660622993e-09,-6.66191294770917e-10,-1.13208149064105e-09,-1.10184568391459e-09,-1.33113530415562e-09,-1.03267663434619e-09,-1.45115402161818e-09,-1.20019883631477e-09,-1.58039832236423e-09,-1.26486617547045e-09,-1.49197990816836e-09,-1.29696492853327e-09,-1.21153363311811e-09,-1.74217483574476e-09,-1.58436561809789e-09,-1.72276762105902e-09,-1.71653212876901e-09,-1.42689410242028e-09,-1.37830847083725e-09,-2.13429440737591e-09,-1.31259305653981e-09,-1.57920065778297e-09,-1.68648810721784e-09,-1.44466410947471e-09,-1.67128888763415e-09,-1.64077592085129e-09,-1.56663327309603e-09,-1.87261377730659e-09,-1.23957356868183e-09,-1.58628914228193e-09,-1.54769264804356e-09,-1.66594794853999e-09,-1.24839904490475e-09,-1.54793043594872e-09,-1.19550703861422e-09,-7.83893224947771e-10,-2.95058027832921e-10,-4.73309108934894e-10,-2.77816739796654e-10,9.24170586761816e-10,1.02486786517016e-09,1.78590335699641e-09,2.97760741608986e-09,3.62934438091601e-09,5.3707022561185e-09,6.60786748267055e-09,8.94723239492074e-09,1.16969487490199e-08,1.48807593824865e-08,1.94316574217149e-08,2.48999228000805e-08,3.16005668210737e-08
