v,0.25
Patm,100000
g,9.81
r,500
G,10^10.77
rho,2700
mu,10^2.17
rc,23
 
M,10^6.01
sigma,0.1
 
tilt_erupt,22.4404nrad
 
-1354,-1353,-1352,-1351,-1350,-1349,-1348,-1347,-1346,-1345,-1344,-1343,-1342,-1341,-1340,-1339,-1338,-1337,-1336,-1335,-1334,-1333,-1332,-1331,-1330,-1329,-1328,-1327,-1326,-1325,-1324,-1323,-1322,-1321,-1320,-1319,-1318,-1317,-1316,-1315,-1314,-1313,-1312,-1311,-1310,-1309,-1308,-1307,-1306,-1305,-1304,-1303,-1302,-1301,-1300,-1299,-1298,-1297,-1296,-1295,-1294,-1293,-1292,-1291,-1290,-1289,-1288,-1287,-1286,-1285,-1284,-1283,-1282,-1281,-1280,-1279,-1278,-1277,-1276,-1275,-1274,-1273,-1272,-1271,-1270,-1269,-1268,-1267,-1266,-1265,-1264,-1263,-1262,-1261,-1260,-1259,-1258,-1257,-1256,-1255,-1254,-1253,-1252,-1251,-1250,-1249,-1248,-1247,-1246,-1245,-1244,-1243,-1242,-1241,-1240,-1239,-1238,-1237,-1236,-1235,-1234,-1233,-1232,-1231,-1230,-1229,-1228,-1227,-1226,-1225,-1224,-1223,-1222,-1221,-1220,-1219,-1218,-1217,-1216,-1215,-1214,-1213,-1212,-1211,-1210,-1209,-1208,-1207,-1206,-1205,-1204,-1203,-1202,-1201,-1200,-1199,-1198,-1197,-1196,-1195,-1194,-1193,-1192,-1191,-1190,-1189,-1188,-1187,-1186,-1185,-1184,-1183,-1182,-1181,-1180,-1179,-1178,-1177,-1176,-1175,-1174,-1173,-1172,-1171,-1170,-1169,-1168,-1167,-1166,-1165,-1164,-1163,-1162,-1161,-1160,-1159,-1158,-1157,-1156,-1155,-1154,-1153,-1152,-1151,-1150,-1149,-1148,-1147,-1146,-1145,-1144,-1143,-1142,-1141,-1140,-1139,-1138,-1137,-1136,-1135,-1134,-1133,-1132,-1131,-1130,-1129,-1128,-1127,-1126,-1125,-1124,-1123,-1122,-1121,-1120,-1119,-1118,-1117,-1116,-1115,-1114,-1113,-1112,-1111,-1110,-1109,-1108,-1107,-1106,-1105,-1104,-1103,-1102,-1101,-1100,-1099,-1098,-1097,-1096,-1095,-1094,-1093,-1092,-1091,-1090,-1089,-1088,-1087,-1086,-1085,-1084,-1083,-1082,-1081,-1080,-1079,-1078,-1077,-1076,-1075,-1074,-1073,-1072,-1071,-1070,-1069,-1068,-1067,-1066,-1065,-1064,-1063,-1062,-1061,-1060,-1059,-1058,-1057,-1056,-1055,-1054,-1053,-1052,-1051,-1050,-1049,-1048,-1047,-1046,-1045,-1044,-1043,-1042,-1041,-1040,-1039,-1038,-1037,-1036,-1035,-1034,-1033,-1032,-1031,-1030,-1029,-1028,-1027,-1026,-1025,-1024,-1023,-1022,-1021,-1020,-1019,-1018,-1017,-1016,-1015,-1014,-1013,-1012,-1011,-1010,-1009,-1008,-1007,-1006,-1005,-1004,-1003,-1002,-1001,-1000,-999,-998,-997,-996,-995,-994,-993,-992,-991,-990,-989,-988,-987,-986,-985,-984,-983,-982,-981,-980,-979,-978,-977,-976,-975,-974,-973,-972,-971,-970,-969,-968,-967,-966,-965,-964,-963,-962,-961,-960,-959,-958,-957,-956,-955,-954,-953,-952,-951,-950,-949,-948,-947,-946,-945,-944,-943,-942,-941,-940,-939,-938,-937,-936,-935,-934,-933,-932,-931,-930,-929,-928,-927,-926,-925,-924,-923,-922,-921,-920,-919,-918,-917,-916,-915,-914,-913,-912,-911,-910,-909,-908,-907,-906,-905,-904,-903,-902,-901,-900,-899,-898,-897,-896,-895,-894,-893,-892,-891,-890,-889,-888,-887,-886,-885,-884,-883,-882,-881,-880,-879,-878,-877,-876,-875,-874,-873,-872,-871,-870,-869,-868,-867,-866,-865,-864,-863,-862,-861,-860,-859,-858,-857,-856,-855,-854,-853,-852,-851,-850,-849,-848,-847,-846,-845,-844,-843,-842,-841,-840,-839,-838,-837,-836,-835,-834,-833,-832,-831,-830,-829,-828,-827,-826,-825,-824,-823,-822,-821,-820,-819,-818,-817,-816,-815,-814,-813,-812,-811,-810,-809,-808,-807,-806,-805,-804,-803,-802,-801,-800,-799,-798,-797,-796,-795,-794,-793,-792,-791,-790,-789,-788,-787,-786,-785,-784,-783,-782,-781,-780,-779,-778,-777,-776,-775,-774,-773,-772,-771,-770,-769,-768,-767,-766,-765,-764,-763,-762,-761,-760,-759,-758,-757,-756,-755,-754,-753,-752,-751,-750,-749,-748,-747,-746,-745,-744,-743,-742,-741,-740,-739,-738,-737,-736,-735,-734,-733,-732,-731,-730,-729,-728,-727,-726,-725,-724,-723,-722,-721,-720,-719,-718,-717,-716,-715,-714,-713,-712,-711,-710,-709,-708,-707,-706,-705,-704,-703,-702,-701,-700,-699,-698,-697,-696,-695,-694,-693,-692,-691,-690,-689,-688,-687,-686,-685,-684,-683,-682,-681,-680,-679,-678,-677,-676,-675,-674,-673,-672,-671,-670,-669,-668,-667,-666,-665,-664,-663,-662,-661,-660,-659,-658,-657,-656,-655,-654,-653,-652,-651,-650,-649,-648,-647,-646,-645,-644,-643,-642,-641,-640,-639,-638,-637,-636,-635,-634,-633,-632,-631,-630,-629,-628,-627,-626,-625,-624,-623,-622,-621,-620,-619,-618,-617,-616,-615,-614,-613,-612,-611,-610,-609,-608,-607,-606,-605,-604,-603,-602,-601,-600,-599,-598,-597,-596,-595,-594,-593,-592,-591,-590,-589,-588,-587,-586,-585,-584,-583,-582,-581,-580,-579,-578,-577,-576,-575,-574,-573,-572,-571,-570,-569,-568,-567,-566,-565,-564,-563,-562,-561,-560,-559,-558,-557,-556,-555,-554,-553,-552,-551,-550,-549,-548,-547,-546,-545,-544,-543,-542,-541,-540,-539,-538,-537,-536,-535,-534,-533,-532,-531,-530,-529,-528,-527,-526,-525,-524,-523,-522,-521,-520,-519,-518,-517,-516,-515,-514,-513,-512,-511,-510,-509,-508,-507,-506,-505,-504,-503,-502,-501,-500,-499,-498,-497,-496,-495,-494,-493,-492,-491,-490,-489,-488,-487,-486,-485,-484,-483,-482,-481,-480,-479,-478,-477,-476,-475,-474,-473,-472,-471,-470,-469,-468,-467,-466,-465,-464,-463,-462,-461,-460,-459,-458,-457,-456,-455,-454,-453,-452,-451,-450,-449,-448,-447,-446,-445,-444,-443,-442,-441,-440,-439,-438,-437,-436,-435,-434,-433,-432,-431,-430,-429,-428,-427,-426,-425,-424,-423,-422,-421,-420,-419,-418,-417,-416,-415,-414,-413,-412,-411,-410,-409,-408,-407,-406,-405,-404,-403,-402,-401,-400,-399,-398,-397,-396,-395,-394,-393,-392,-391,-390,-389,-388,-387,-386,-385,-384,-383,-382,-381,-380,-379,-378,-377,-376,-375,-374,-373,-372,-371,-370,-369,-368,-367,-366,-365,-364,-363,-362,-361,-360,-359,-358,-357,-356,-355,-354,-353,-352,-351,-350,-349,-348,-347,-346,-345,-344,-343,-342,-341,-340,-339,-338,-337,-336,-335,-334,-333,-332,-331,-330,-329,-328,-327,-326,-325,-324,-323,-322,-321,-320,-319,-318,-317,-316,-315,-314,-313,-312,-311,-310,-309,-308,-307,-306,-305,-304,-303,-302,-301,-300,-299,-298,-297,-296,-295,-294,-293,-292,-291,-290,-289,-288,-287,-286,-285,-284,-283,-282,-281,-280,-279,-278,-277,-276,-275,-274,-273,-272,-271,-270,-269,-268,-267,-266,-265,-264,-263,-262,-261,-260,-259,-258,-257,-256,-255,-254,-253,-252,-251,-250,-249,-248,-247,-246,-245,-244,-243,-242,-241,-240,-239,-238,-237,-236,-235,-234,-233,-232,-231,-230,-229,-228,-227,-226,-225,-224,-223,-222,-221,-220,-219,-218,-217,-216,-215,-214,-213,-212,-211,-210,-209,-208,-207,-206,-205,-204,-203,-202,-201,-200,-199,-198,-197,-196,-195,-194,-193,-192,-191,-190,-189,-188,-187,-186,-185,-184,-183,-182,-181,-180,-179,-178,-177,-176,-175,-174,-173,-172,-171,-170,-169,-168,-167,-166,-165,-164,-163,-162,-161,-160,-159,-158,-157,-156,-155,-154,-153,-152,-151,-150,-149,-148,-147,-146,-145,-144,-143,-142,-141,-140,-139,-138,-137,-136,-135,-134,-133,-132,-131,-130,-129,-128,-127,-126,-125,-124,-123,-122,-121,-120,-119,-118,-117,-116,-115,-114,-113,-112,-111,-110,-109,-108,-107,-106,-105,-104,-103,-102,-101,-100,-99,-98,-97,-96,-95,-94,-93,-92,-91,-90,-89,-88,-87,-86,-85,-84,-83,-82,-81,-80,-79,-78,-77,-76,-75,-74,-73,-72,-71,-70,-69,-68,-67,-66,-65,-64,-63,-62,-61,-60,-59,-58,-57,-56,-55,-54,-53,-52,-51,-50,-50,-49,-48,-47,-46,-45,-44,-43,-42,-41,-40,-39,-38,-37,-36,-35,-34,-33,-32,-31,-30,-29,-28,-27,-26,-25,-24,-23,-22,-21,-20,-19,-18,-17,-16,-15,-14,-13,-12,-11,-10,-9,-8,-7,-6,-5,-4,-3,-2,-1,0
3.85908723775306e-11,2.02869466142142e-11,4.06184048934529e-11,-7.06315842776664e-11,2.14519434017016e-11,5.57376636451998e-11,-1.87716482962754e-10,1.27986128206063e-10,1.95205389012571e-10,-1.05248791664854e-11,-7.45848204893747e-11,9.56378182653522e-11,-3.60689195225317e-11,7.25035925177667e-11,1.80413439699551e-10,-7.19732441341598e-11,-9.66208937424431e-11,-1.2924331526292e-12,-1.45967755873735e-10,1.94458586296293e-11,2.09463628853117e-11,7.6988972079227e-11,-9.37662117003602e-12,4.34792052650852e-11,-7.63725545548044e-11,-1.91163395837915e-10,1.44136097490618e-11,-2.9105752201569e-11,5.8148777151951e-12,-1.58439021858787e-11,5.36716562142053e-11,-4.07452020878942e-11,1.60523926050355e-10,9.07085326081853e-11,-2.00475304597277e-11,1.44874496251119e-11,-6.40743162109727e-11,-1.04635206722261e-10,4.23549062132555e-11,2.54224558121605e-11,-6.23617721504078e-11,1.2694604471786e-10,9.17861295465289e-11,-2.52778861331275e-12,-1.46747158061999e-10,-5.35630421605097e-11,-7.54981110894618e-11,-1.98711619942024e-11,-2.07395670519771e-10,8.55833465609191e-11,1.93458938352451e-11,-4.07662622711357e-11,-1.58222080804754e-10,2.6672388098629e-11,1.62485391700989e-10,4.52305268549281e-11,8.83905383773533e-12,-9.29515093610762e-11,1.47065270103696e-10,2.62735138782198e-11,-3.37793380687204e-11,2.41030855844616e-10,1.4018629921248e-10,3.55667862592146e-11,9.66619754807975e-12,9.3759047321046e-11,-4.95662200471221e-11,1.34606522983848e-10,-1.72084646186969e-10,-2.7777833402249e-11,-6.85635565050391e-11,4.59343431739692e-12,-6.80016462032181e-13,1.86944498881807e-11,1.12605292100972e-10,-4.96137616267359e-12,-1.96044316043887e-10,3.6331516992743e-11,1.42774460357489e-10,1.9304460915876e-11,1.09019929081236e-10,-4.48058229884823e-11,1.61475099474931e-10,-8.9371993660287e-11,1.49447513266173e-10,-2.80641823490447e-11,-3.72415466750989e-11,1.34635398937607e-12,1.26617722539307e-11,2.89943061082498e-11,-1.51069340088971e-10,1.63005810896389e-10,4.10020979337824e-11,-8.57737919023824e-11,2.46021719390026e-11,-1.73597232753846e-11,1.21572403468574e-10,-2.59724973067615e-10,3.7979870936238e-11,-1.44401816021342e-11,-1.19425408704126e-10,1.2819401118034e-10,-1.40092136417958e-10,1.83115060277907e-10,1.43836954807118e-10,2.94108387696432e-11,6.19484208545829e-11,-2.15869071831403e-10,-1.35811434846072e-10,-1.09325220326329e-10,1.55379781443686e-10,2.70331749455263e-11,1.31274803836477e-11,-2.54848397737453e-11,1.32447381712053e-10,-8.18266815650318e-11,-1.07631194138644e-10,-8.25000367929348e-11,1.14879964758642e-10,5.10940897436268e-12,1.20465081319732e-12,-3.3402779328695e-11,1.20401459696694e-10,1.07619013985934e-10,-1.23853423160945e-10,1.26463043855004e-12,7.78525544277784e-11,-1.19788667446236e-10,-1.49005625014169e-10,-1.55362288399699e-10,-2.57049567147911e-11,7.00937448839342e-11,-2.11611786723716e-10,-5.53989285278557e-11,-7.93233530035864e-12,-2.62209385630711e-11,5.90216007721253e-11,7.69966173188784e-11,-2.6141096662933e-10,-6.17465840955246e-11,-7.35423574399897e-12,4.7629988722967e-11,-6.77897422500664e-12,-1.06202059548743e-11,7.46616685364115e-11,1.47423524602318e-10,-9.86754938485751e-11,5.32312883046305e-11,3.30866664083768e-11,-7.85425454800107e-11,-1.76815063494069e-11,-4.28488564588067e-11,-3.23390764238856e-11,1.85269602526885e-10,1.51925920711233e-10,1.67540528621009e-10,6.69868829311968e-11,-9.51001143145922e-11,7.5135693549639e-11,5.0169805551026e-11,6.67646956228973e-11,8.17683669115929e-11,-6.59649909679413e-11,3.36081836292088e-11,1.76687087343104e-10,-2.38424691651256e-12,5.73978287634426e-11,5.52514051792936e-11,-6.17408778206537e-11,1.45692187603455e-10,8.23090763285655e-11,-1.29954954321514e-10,-7.86335519454222e-11,-4.8321594806952e-11,1.2667569077083e-10,2.25249788727807e-10,6.63097775061132e-11,1.70695671139077e-10,-5.62898079142142e-11,2.12266384614799e-10,2.33164228320306e-11,-6.06967607473555e-11,1.04559993165977e-10,3.89065092075328e-11,-1.32213749894064e-10,-7.80252914436141e-11,-1.52912139048859e-10,5.4378352789542e-11,-1.05644646949773e-10,-1.2810027112386e-10,-2.72785264590946e-10,2.15287632676483e-10,1.58046595848258e-10,5.08399955368516e-11,-1.18866795370061e-10,1.72038227198537e-11,-2.5865819232008e-11,1.05979542696783e-11,2.15957163064193e-11,5.66131209472258e-11,9.03192647094261e-11,-1.09230182082742e-10,-9.60478013893296e-11,6.61666140822286e-11,5.25302987742587e-11,6.46481926789265e-11,7.80347536737058e-11,7.36872427667442e-12,1.07477798868009e-10,2.38804168824037e-11,-1.15744998678588e-10,-8.59708704918503e-11,1.35528499528729e-11,1.03145865320335e-10,6.65186923535265e-11,-1.44526079984058e-10,8.71505661430734e-11,9.67369422129501e-11,5.6111163793727e-11,1.48224984580892e-10,3.82029521585932e-11,-4.96083542147401e-11,-7.28887366735037e-11,-9.39705295250869e-13,1.30189983073769e-11,-2.39979837805543e-12,7.90064088358221e-12,-1.11955421362093e-12,-1.08634785789622e-10,2.32197022039968e-11,-9.42524165584406e-11,3.6588120916757e-11,3.47969183809079e-11,6.15634273114601e-11,4.69992242608493e-11,9.54412689245886e-11,1.43619900970488e-10,-6.48965539673712e-11,1.22415123171012e-11,-2.71936884886352e-11,-1.86678291506678e-10,1.26473455064773e-10,1.36288589685419e-10,-6.69503123757674e-11,-5.98498581202946e-11,6.67346569355806e-11,-6.3798252247595e-12,-1.44848552085232e-11,1.24170201069124e-12,-1.34041675443546e-10,-6.50427940775262e-11,8.58753088965292e-11,8.20992675606718e-11,-6.01474782340191e-11,-1.72690662812822e-10,9.88609269998133e-11,3.15518963782754e-11,3.75887845818168e-12,-6.57067934773589e-11,-1.54588717841945e-10,4.72804402544757e-12,5.13459635295112e-11,-7.38412090137368e-11,1.46490723773459e-10,1.08129605242985e-10,-7.59080963747167e-11,-7.22243319970169e-11,1.25026601159659e-10,-1.45691953937387e-10,2.49283919581307e-10,-4.81007489423651e-11,2.21191073019137e-10,6.02388122877299e-11,-6.87210701390116e-11,-1.05035888335518e-10,1.11765178436369e-10,-1.07033134997513e-10,7.93466148344478e-11,8.64846496115842e-11,5.57795496570685e-11,-1.45675725513829e-10,3.53745251580123e-11,-5.00368458674548e-11,1.02351023240032e-10,-8.41635220622555e-11,-2.8649603795443e-11,-5.51996921447804e-11,-1.03096122031202e-10,-2.1153871676937e-11,-7.60369818218406e-11,-1.51703451103092e-10,2.53850748867764e-10,-4.94575415972522e-11,-2.08675429820684e-10,-5.38923413609453e-11,-9.28852226626097e-11,-9.1334615011086e-11,-5.38213074233654e-11,1.00854950257989e-11,2.77702544385439e-11,7.06244588071142e-11,-1.24251669622337e-10,-6.61793316412705e-11,3.45262388256448e-11,-3.11957807503336e-11,-4.00348853128428e-11,-4.18014272745114e-12,8.07542596527932e-12,-2.17037002826894e-11,2.03212475021163e-10,-8.83226616050531e-11,-1.98151628076736e-11,9.03849297108083e-12,-2.28489613250295e-11,2.38577917604619e-11,-1.03875853050844e-10,2.02389472562516e-11,1.74020644609172e-11,4.81457645858494e-12,2.43588711088746e-12,9.33962912022551e-11,-2.32219214685361e-10,-1.04981555844695e-10,1.67721771793008e-11,5.07725452028857e-11,1.80814936796928e-10,-1.22643734073403e-10,1.37030321167221e-10,4.1447746339085e-11,5.73166242500569e-11,4.98739429532621e-11,-1.0501665371492e-11,-1.00156890153984e-10,1.00778175669878e-10,4.65324896127225e-13,4.69871134096435e-11,7.71213256984116e-11,-1.60952512239915e-10,1.5492126321481e-10,1.49948361711721e-10,2.16300303552072e-11,-7.9825146147517e-11,3.23082530801379e-11,-1.50152105915845e-10,-3.12889071915663e-11,-4.68713820000991e-11,-1.29436970887637e-10,-4.14121435586434e-11,1.99537819233067e-10,-9.70724208723188e-11,-4.53617639869647e-11,-1.26726065643652e-10,-1.87855011879895e-10,7.33062913432336e-11,-9.94202540691754e-12,-1.56301390840381e-10,2.0690737470267e-10,1.72837902536905e-10,7.61391929800776e-11,3.57515357138123e-11,-6.55095260054973e-11,3.35741493981245e-11,2.11795023230313e-10,4.6737753651545e-11,-1.40184046868968e-11,4.98687162026658e-11,1.73830396392903e-10,-3.86247762535903e-10,8.15062852968854e-11,-5.20072958154546e-11,-1.01886805510093e-10,4.13848630359095e-11,5.66384890297811e-11,5.13478261505579e-11,-1.66396304834144e-10,-1.16100812145731e-10,2.21470374241542e-10,-4.3517304974941e-12,1.71300385335191e-10,-1.32066457143289e-11,-1.42005088527056e-11,2.9353428905542e-11,-1.75515668565462e-10,-8.68506788456168e-11,7.42476129932663e-11,-2.32435469547247e-10,1.82062376764692e-11,-9.26421234765605e-12,-1.95722047318492e-10,-6.64370492186864e-11,-4.49375289045523e-11,2.60986849827074e-11,-1.23510392734771e-10,-4.58286694526143e-11,-2.38594007190524e-10,1.1379052406402e-10,-1.08613171962087e-10,-1.7448244535545e-10,1.05469612148853e-10,-2.72346904991007e-11,-7.40857933026028e-11,-6.37366489229725e-11,1.12156099565599e-10,-6.64312460490912e-11,9.59981456436312e-11,6.54890482375162e-11,4.85251853243769e-11,4.26622449167141e-11,5.3953123708084e-11,-7.03516405014498e-11,-9.01751012406995e-11,-1.95650704962888e-11,-1.42417466957616e-10,1.85889410147394e-10,-1.16491748392264e-10,1.34065411765546e-10,9.77012115180254e-11,-1.03912344471658e-10,-1.89712256960015e-10,1.68337251888256e-10,-6.7006191359451e-11,-6.07886495975646e-11,-5.02058600781907e-12,6.57859646198315e-11,-7.67708228933991e-11,-1.40880563715202e-10,-1.44178616671385e-10,2.24652464438066e-11,6.46974365231272e-11,-4.9948547127204e-11,5.16564376690052e-11,3.87458886099267e-11,1.82803661885749e-11,8.98572888923817e-11,6.25191276447166e-11,-4.51137377172974e-12,1.2566745220622e-10,1.70264802517353e-10,3.12001081792361e-10,-6.6859976481108e-11,-1.95034758311784e-10,-1.24216520050093e-10,-1.2100154086295e-10,1.52238799872634e-11,-1.51230611020258e-11,-5.13786089789137e-11,-5.99723657859599e-11,-1.20178287692161e-11,-4.69073732909239e-11,-1.11529029457495e-10,1.70477132836452e-10,1.28597590482448e-12,5.67523492664609e-12,4.06889922782337e-11,-6.43000220570281e-11,9.56372871503362e-12,8.01477541558288e-11,-8.79890249398907e-11,-5.64623225872037e-11,1.05046465026177e-10,1.83632221283124e-11,-1.40596176485597e-10,9.50350313121038e-12,9.22573117692817e-11,-9.36975364182121e-11,3.5764456239864e-11,1.37668326317389e-11,-1.1402141528905e-10,-6.61496683452358e-12,-1.48418911642211e-10,1.05760953375625e-10,1.11485697385916e-10,-6.19463227212651e-11,-8.34120900814019e-11,-7.2024194953514e-11,-1.73983244512751e-11,2.01248402188946e-11,3.03056855184433e-11,-2.46808811996075e-11,-1.38038884471221e-10,5.75544734580937e-11,1.94157481036908e-10,3.58526124283641e-11,-3.42613963574588e-12,-4.0274048273738e-11,-2.00332276022589e-11,3.50587168795445e-12,-8.76760048354815e-11,-6.47123528194509e-11,-1.1391557694008e-11,-8.63497265111024e-11,7.23247427348721e-12,2.01374526381557e-10,-6.13189048844696e-11,-3.59067074718169e-11,-1.65676991875544e-10,-9.61879557585328e-11,-3.86597336896729e-11,1.10171882408908e-10,9.06175980925646e-11,2.84535402396904e-11,-1.08635483339246e-11,-6.04040206763349e-11,-1.85784078561896e-11,-2.61713139738075e-10,8.14730937607693e-11,2.28225790967156e-11,2.08730973789666e-11,4.32626901869572e-12,8.9547127755995e-11,1.10855908860659e-10,-5.99014070715153e-11,-2.19420838636187e-10,-4.7736338131035e-12,1.35543259162911e-10,-7.7031856901916e-11,-1.15324928996921e-10,-1.2253197507707e-10,-3.12301772396944e-11,-1.55912184335384e-11,-4.40153828940876e-11,-2.57133094678689e-10,1.63505108860394e-10,-1.16276550522262e-10,5.76490616071339e-11,-3.7455445730556e-11,9.60788850904566e-11,-4.57284520526705e-12,-9.25672126486085e-12,2.57213866832387e-11,-1.27156250282138e-10,1.82302416050588e-10,-8.44839551419907e-11,-5.78765895134945e-11,1.2305142820237e-11,-1.74208403984593e-11,1.25062806113285e-10,-1.37284596402753e-10,-2.57883026035086e-11,-9.91725303190079e-11,-1.07027427233232e-10,2.45690269597446e-11,-1.7659822610433e-11,-3.52815077779676e-11,2.49295476703505e-11,-7.24121519011029e-11,-1.49013986737044e-10,1.24800194063158e-10,-5.42461977047939e-11,-2.68370311659268e-10,-3.94905763113173e-11,-8.03481322922725e-11,1.58670868311973e-10,2.37118758376033e-10,8.51852680275715e-11,-4.18311813691352e-11,4.87424345847891e-11,-6.69482682075539e-11,-2.8334048771066e-11,-7.7662877344559e-11,-2.32931766318844e-11,1.60983926386785e-10,8.64437347880298e-12,-1.58475920799379e-10,-1.08618055706212e-10,-4.77667957380537e-11,6.39387201496042e-11,-4.83058323254216e-12,2.2165502493227e-11,3.98197984840684e-11,8.12853930828513e-11,6.34076725197346e-11,1.2428939798385e-10,1.94346344241656e-10,2.57801768276679e-11,8.06767022762146e-11,-3.22691225762202e-11,-9.48490231995179e-11,7.24913434354774e-11,-4.42036891122682e-11,3.75422800493827e-11,1.23069846035223e-10,-2.40201571108691e-11,-8.82091566306316e-12,-1.27254395260229e-10,2.43073102836758e-11,-1.42647987542294e-10,-1.80288538034082e-10,6.26690623775927e-11,-1.42673338185183e-10,1.27598544952156e-10,9.66778243215576e-11,9.73556583161648e-11,-4.14497222522903e-12,4.32221387756324e-11,-1.01220459970525e-11,5.90057906274461e-11,-6.68972005716084e-11,-1.74058075081078e-10,-4.05969284704558e-11,2.97104776652404e-11,-5.01947578695546e-11,2.08644241352603e-11,-5.45312740840741e-11,9.45791566415567e-11,-2.17744774278235e-11,1.6504443882582e-11,-2.05877614394718e-11,-1.74951297035929e-10,-1.09939582820926e-10,8.2123557706376e-12,-7.22847568282647e-11,7.38764993782023e-11,-1.20652994659409e-10,-9.54228471503681e-11,-8.4593152370737e-12,4.35126776444892e-12,2.26564125969649e-10,-3.13164794180546e-10,1.58888004800101e-10,3.02977405516357e-11,1.16324047312923e-11,-8.68729479667205e-11,3.34622366066784e-11,2.01709485877684e-10,8.34939319257843e-11,-6.41947565806426e-11,-8.50929996703849e-11,6.87676438708536e-11,5.85576437913855e-11,1.68352521390678e-11,-6.51734707496337e-11,-7.20825325098888e-11,8.8498702754871e-11,2.5985161356377e-11,-4.80634059650769e-11,3.66858835723122e-11,-6.80174161270451e-11,4.48869816643027e-11,6.99787721972391e-12,1.83811577085244e-11,-2.70922447086176e-11,1.76494231977281e-10,2.03108527664141e-11,-1.10753057324444e-10,5.22264287523289e-11,1.60515252962106e-11,-5.41360488305463e-11,2.62456406768115e-11,-3.3362710744016e-12,8.71633765657772e-11,3.49727761567115e-11,7.34548240289213e-11,-4.4659730579603e-11,-4.32557167005192e-11,-5.40700718297453e-11,-8.16034877203001e-12,-1.14660496424014e-10,-8.70292513076427e-11,2.35676086426503e-11,-1.45801809440328e-11,8.2189175912655e-14,-2.94199044368429e-11,1.30705864895574e-10,-2.84364744804096e-11,2.21417726467353e-11,-3.09425896782924e-11,2.44340393274655e-11,2.8770132493516e-12,-1.43619473301785e-11,-1.34227633163913e-10,-1.82236151463189e-10,-5.76417321485137e-11,2.38520687931969e-11,-3.76243770905881e-11,5.8844723669107e-11,1.35134215174355e-11,-5.40628299837492e-11,6.91533832111914e-11,-9.68362231784555e-12,-3.52846677344304e-11,-7.69462800612895e-11,-4.8023539120625e-11,6.88546785053539e-11,-2.65221943495246e-10,-2.80217306414874e-11,1.05387363464319e-10,8.93788858321412e-11,7.83354775862959e-11,5.74786533278043e-11,-3.71068218497284e-11,-1.91127719725153e-10,-1.79234296409073e-11,-4.46687366242953e-11,1.43110690744994e-10,-1.67510449670514e-10,4.32314088077432e-11,-7.41764729995247e-11,-7.65685305197746e-11,1.93851388543625e-11,-1.46269607575143e-11,1.06483753954553e-10,-1.46368091426165e-11,-6.4601237412005e-11,1.83576860821564e-10,-7.16186550548736e-11,1.33369306858368e-10,1.54338559651871e-10,1.70408960770974e-11,7.93195509858493e-11,-1.01018394519403e-10,-1.29142701890323e-11,4.16036521711493e-11,1.1715015607321e-10,3.85020901653175e-11,1.01170206588991e-10,1.71974443418757e-10,-5.99958429012298e-11,5.53772868868187e-11,1.43078791595244e-12,-4.32890658065129e-11,2.17415729585708e-11,5.05810477878436e-11,-1.23021881671864e-10,1.01325448472871e-11,8.90365963560244e-11,3.15935535044851e-11,1.46179542258462e-10,3.72454785506309e-11,-1.03433537836092e-10,1.19603914748909e-11,-8.8538654817879e-11,-3.05852091045231e-11,8.28047525465122e-11,4.86487262756177e-11,9.17692706383291e-11,7.23781644330258e-12,4.58431509688836e-11,9.15197449708173e-11,-4.25432803893009e-11,-6.82216859534099e-11,4.11769719161532e-11,4.64529000411684e-11,2.22391720479161e-10,-1.09540987398517e-10,-1.34280595858126e-10,-8.95328802068716e-11,1.01687523205595e-10,-4.93450095260718e-11,-1.6421246363571e-11,-7.44943851491304e-11,-4.13964223974245e-11,2.08808691282769e-11,1.00910665882899e-10,4.96331992240447e-11,8.73933335925778e-11,1.28433318538626e-10,1.43339321852595e-10,-1.48472399519916e-10,9.31158265268796e-12,-1.33887435492955e-10,-6.40997371852291e-11,-6.64088957975329e-11,1.36223030219806e-10,-5.71024559086293e-11,-1.120728551096e-10,-1.20238456090357e-10,1.05023772617359e-10,-1.99823646128943e-11,-9.22867070523635e-11,2.5027667180681e-11,-5.42139382214063e-12,-1.80991658555201e-10,-5.63846460992981e-11,4.18923976963288e-11,-3.32703548412681e-11,-7.36316306011456e-11,1.11939746503807e-10,-1.34879720598668e-10,-8.54268454352381e-11,-7.01164625267003e-11,-5.08486350061225e-11,-2.17682611700155e-11,2.51963021517869e-10,9.02294563851321e-12,1.99254185343868e-10,7.901029046614e-11,-5.72699756843088e-11,-2.3827762226153e-11,1.65384427075611e-10,2.96839332758473e-11,-4.14272992629423e-11,-1.51003733811147e-10,-1.9257137315499e-11,1.75984888249846e-11,4.10411839312609e-11,2.26255842837143e-10,-6.29032081045919e-12,-3.98663945941152e-11,-5.88852108073523e-11,5.06012204214055e-11,-6.04339499676329e-11,-1.04018805730661e-11,8.22860111024272e-11,-1.41519655177545e-10,4.88301724366165e-11,-4.86013540502671e-11,-6.69750404590837e-11,4.86639112046695e-11,1.76431279650558e-10,-6.16416716522378e-11,6.52162800546003e-11,1.43816786551839e-12,-4.80174699901364e-11,9.8475226663964e-11,-3.6902112569047e-11,2.04145115850311e-11,-5.80284657641881e-11,-1.65593303689905e-10,9.90222925565724e-11,-1.01338912289677e-10,-8.6454816369169e-11,4.39062372019495e-13,7.15850109477873e-11,-1.30423274689756e-10,4.41784459716921e-11,3.31005319443392e-11,1.55993079904326e-11,4.38736697637998e-11,7.70557496090665e-11,-7.61168511068936e-11,1.37898236859749e-11,1.23136403303593e-10,7.17868913058438e-11,-3.13020356136974e-11,-6.16117580201009e-11,-4.2537741158922e-11,-7.67612386924037e-11,-1.01432044524653e-10,1.47286346910675e-10,3.05832855334943e-11,-2.21661891502867e-11,-1.44394635854279e-11,3.84489616802075e-11,9.65344638035554e-12,5.09945895706729e-11,-3.08291258991328e-11,1.89257594861836e-10,-6.35157674396998e-11,4.98452901618334e-11,-9.98699658291568e-11,1.30632194544543e-11,6.47626129599478e-11,-9.0177605540248e-11,1.10227366406395e-10,-1.90513761282413e-10,2.35228790611919e-11,-3.34596064923099e-12,-1.09017591864382e-10,9.83627669639675e-11,5.71428205342827e-11,7.45218665055471e-11,8.76190717607137e-11,-6.98188329310565e-11,-2.50368177396673e-11,7.68287811283046e-11,1.76017083086072e-12,1.195192485487e-10,2.38978279828316e-11,-1.63932503224913e-10,-7.4793995163571e-11,-4.3943861511149e-11,5.45592793418487e-11,-2.23457885647359e-11,-5.8769459057969e-11,-1.79114341902806e-11,3.15986042864345e-11,-1.26475416710701e-11,1.45496728975368e-10,-8.91076695080798e-11,-2.29283122678779e-11,-1.00133798260811e-10,1.06978632341498e-10,6.37683278123972e-11,-6.19691983383078e-12,-2.65825040718262e-11,1.51614952548911e-10,-1.90048358451828e-11,3.91428973051901e-11,-1.34942979487304e-10,5.118701431353e-11,-1.00444285320008e-10,5.18046176732946e-11,-2.76323036088351e-11,-1.4645791461066e-10,-7.78261445922861e-11,-5.01024836599652e-11,9.92963296265247e-11,3.4141904167159e-12,6.75150438925967e-11,1.1261852770846e-11,-3.49631423397972e-11,1.79092600903357e-10,-3.99009925693312e-11,1.58151155480681e-10,4.54556205227716e-11,-8.958679948292e-11,1.23087906774364e-10,3.98964019930563e-12,-1.98426080870129e-10,-1.11987764072838e-10,1.54292292589923e-10,-2.34631506976948e-12,4.98656103102927e-12,-1.04709783417672e-10,1.48091639155204e-11,2.9393119131387e-11,-8.66845254368862e-11,-3.72465311778377e-11,2.57795517725169e-11,2.62873912527112e-11,5.77551616234901e-12,9.84357215336375e-11,8.0812606406007e-13,-2.73056464200753e-11,2.81803489790683e-11,-3.09913299330377e-11,-1.84541378925784e-11,-1.15174091015169e-10,-1.63278683540202e-10,1.14051602841591e-10,1.81651086049395e-10,-1.66698304909774e-11,2.01988912091708e-10,2.32547735010866e-10,-4.2243310440723e-11,-1.04399823441902e-10,-2.30061639568409e-10,-5.9835683740819e-11,1.06114416981666e-10,-1.73708766898618e-10,1.23214093655498e-10,7.32788709996736e-11,4.68314136006086e-11,5.36573175268779e-11,-4.36332524438008e-11,-2.03404269969347e-10,-1.02680383198187e-10,6.77266702155648e-11,1.67798355865491e-11,-5.19139773028531e-11,1.55296445747455e-10,6.08707592226378e-11,-2.23229904563505e-11,-1.65885128598395e-10,-1.90923742658951e-11,1.06922623129686e-10,1.26912914597633e-10,3.03789276786884e-11,-5.18559632027466e-11,-9.71049944191432e-11,1.55024479417135e-10,-4.5169605431992e-11,1.32927346266613e-11,-8.88077067425172e-11,-6.06920358441827e-11,-6.54934528586666e-11,-1.26809739474824e-10,-2.57723129723457e-12,1.10969563873544e-10,1.70557650769339e-10,-2.13465706479954e-10,2.86654645257962e-11,1.60979759544384e-10,-1.97554642056696e-10,-1.3838210099809e-10,-7.16742393127129e-11,-7.13940716037139e-11,7.03319903216265e-11,-1.03050051672167e-12,-6.65080310661147e-11,1.10898560365962e-10,3.24709663656738e-11,4.24088226444621e-12,-1.04254712098554e-10,5.93507342872461e-11,2.20558114741748e-11,-3.13550690266545e-11,2.30263928768858e-11,1.90645319552802e-11,7.47055158948135e-11,-8.37391220823629e-11,4.07752441728741e-12,7.85556565201775e-11,-2.06787827006318e-10,-3.4995396750618e-11,-7.97479617163416e-11,1.43904005203326e-10,-2.10046763691271e-10,2.33792708587651e-11,-6.65888270334284e-11,-6.61666130123936e-11,1.93990935037791e-10,1.13480450617741e-11,-5.67910269786734e-11,-2.09899423753136e-11,-1.34950740531484e-10,-9.77571068740589e-11,3.02819789266228e-11,1.83585455209356e-12,1.30782617996825e-10,-8.74061860379931e-11,6.79492355345953e-11,-4.4604298826064e-11,6.20240967232016e-11,1.61599033735488e-10,2.48997311574519e-11,1.50065503198953e-10,-4.07709377199175e-11,1.7740101878311e-10,-3.03657381795151e-11,-2.2733111957738e-11,-6.9455672310472e-11,7.38121868098327e-11,-1.00083521398347e-10,5.45357766803343e-11,5.4204750802116e-11,1.18156637093599e-10,9.89501665551789e-13,2.74720893863567e-11,-5.91151373762798e-11,3.59746744721661e-11,1.63312211787504e-10,2.07861636356321e-11,5.67656511256095e-11,-1.14668514042757e-10,-3.92968572979383e-11,-1.03577142006051e-10,1.17580905335437e-11,1.35399276841584e-11,5.50214743139471e-11,9.68042779264843e-11,1.11561160011794e-10,-5.30906383103297e-11,-8.43358987366478e-11,-1.64591168473938e-10,5.62966104185827e-11,-1.15273729227444e-10,2.71361284323824e-10,7.43108776021521e-11,1.22720915279977e-10,2.36150019460983e-11,-6.66492531249455e-11,1.05034284500488e-10,-9.67350310905261e-11,-7.17489054664392e-11,4.6798076689923e-11,-1.15835947823404e-10,-4.62641911433084e-11,-4.46007072215733e-11,-5.95310729117559e-11,3.37636799637407e-11,-4.11572601788109e-12,1.06742526800332e-11,-1.34597216703149e-10,7.93046816653459e-11,-1.37166943224593e-10,1.6013906969529e-10,-1.00347950427848e-10,8.00860330369596e-11,-3.19762585596571e-11,1.68667527897706e-10,1.0844835931484e-11,9.96627853695957e-11,1.39751611164216e-11,-2.4617707620759e-10,-8.94789938089812e-12,5.54445165046935e-12,-3.72496561825311e-11,8.24662650184017e-11,6.51483945145029e-11,-1.22982474679698e-11,8.16453668308724e-11,-3.47481073654091e-11,1.40879599181568e-10,9.21587331999014e-11,-2.2169238927112e-11,-1.06559619345291e-10,4.17025752634717e-11,1.27701810100419e-10,2.32485344919096e-11,1.03173770877118e-11,-1.87579922926678e-10,-3.39914555626574e-11,-8.33341701653623e-11,2.67365356573789e-11,4.89855176777915e-11,8.86687300346808e-11,2.60850552635266e-11,8.26445133655695e-11,-8.71954864300003e-11,-9.1310161907964e-11,-1.12108289739221e-10,2.23109884496759e-11,8.79383859373965e-11,-3.03515025617199e-11,4.6284678480311e-11,-1.83240823664304e-10,-5.91075496619351e-11,4.31508561561094e-11,2.76430506529763e-11,-6.3540174287683e-11,-3.42483801877882e-11,1.0654964314636e-10,-5.80953036793107e-11,-7.46011444397478e-11,-6.77930922044879e-11,2.02307722276599e-10,3.28536479801683e-11,7.04999168616622e-11,8.89260051660701e-11,-4.95904508021094e-11,-1.89055259039064e-12,6.3426802053582e-11,4.53876998410479e-11,1.33603270518755e-11,1.57997396231298e-11,3.7100981402162e-11,3.28033066478872e-11,1.78822323025135e-10,5.46985223004989e-11,-3.16196309792534e-11,2.17019445997327e-11,-8.82484367156555e-12,-8.5243539661e-11,-1.25387089173191e-10,1.64443264959329e-11,1.76070487635922e-11,-4.45423793640032e-11,-2.50176892494313e-11,-4.88705170480387e-11,-7.05168678282922e-11,-5.8827840222368e-11,-2.58440818415483e-10,-2.90138930867176e-11,-7.54288436246631e-11,7.9533603245917e-11,-2.94541342279385e-11,1.16554055376664e-10,-1.80599707768187e-10,9.56204480255693e-11,1.57796077515114e-10,6.52882148459994e-11,-2.803505773275e-10,-4.18950064990018e-11,-8.29386633429553e-11,4.90102232903786e-11,-9.60849630527953e-11,5.60022836971642e-11,-4.73308083065124e-11,7.93567400796041e-11,2.36858793223247e-11,-3.41266286740308e-11,1.13353839989803e-11,7.87327167127572e-11,-9.3355616532336e-11,6.03847529612604e-11,3.21915847518995e-11,-4.69316263515956e-11,1.13859548465921e-10,-5.98102657432757e-11,1.07463396175863e-10,-6.36187737030831e-11,1.58685589863676e-10,-2.79448381930929e-10,-1.57922725183207e-10,-8.18965700458346e-11,-6.34412987869385e-11,-1.07010346793222e-10,2.01135783013794e-10,-1.26374380180057e-11,-2.4107525241824e-11,5.39471583901011e-11,-8.11603125667003e-11,-1.73490623010314e-10,1.85817652804202e-10,5.87735429110717e-12,-1.29851744051493e-10,1.01151954487876e-10,6.20808067473985e-11,-1.67437688301442e-10,6.42142116900322e-11,1.03675586271267e-10,-3.17788395265266e-11,6.62641765805702e-11,-1.53259761551305e-10,-1.24202875776892e-11,8.24567918417095e-11,-1.00855226211897e-10,-1.37801236607448e-10,-8.05221133332612e-11,-1.09477642939285e-10,-9.14879289361981e-11,1.03523677704381e-11,5.64272181146027e-11,2.24537363133117e-11,1.24585904450468e-10,8.45315791904301e-11,8.42484598091568e-11,1.680085270105e-10,-7.44135275799986e-11,5.69799904223513e-11,6.86838289092231e-11,-3.32140443392473e-11,5.21298613240444e-11,3.90083069123893e-12,1.37948776523325e-10,1.04762429756709e-10,1.49165599603138e-11,4.4763450950372e-11,-1.4535880942627e-10,-1.17213289478992e-10,-5.92533937750265e-11,-2.68535208031822e-10,-6.505080303458e-11,-4.93961619116278e-11,1.32939045812508e-10,3.51890234961526e-11,2.53209226107611e-11,2.49001998108564e-11,1.59094323094741e-10,-6.11748725910023e-11,-2.76359555679842e-11,-7.03585569116066e-11,7.78497412567123e-11,1.32017410146779e-10,-4.93626618808259e-11,-3.65613177312861e-11,-2.72397039160565e-11,-9.00985728201363e-11,5.49830187711052e-11,3.16826253305343e-14,-9.25665215615583e-12,-1.31227952677812e-10,2.43333271131087e-10,-1.17739307049406e-10,-2.65242689686568e-10,1.54131846106828e-10,-1.3722942559864e-11,-1.13359575958722e-10,1.02791766020449e-10,1.62040151176834e-10,-4.50982065256484e-11,-2.64977972106384e-10,-7.77484659612341e-11,1.47554167235192e-11,-1.8883567323792e-10,-1.30273891928824e-10,-5.89004203560482e-11,-1.74510094163902e-10,-2.63528642646862e-11,-2.00231004792364e-12,-8.30658203838978e-11,-1.26013994235919e-10,9.84156730289219e-11,8.0039598157912e-11,8.93682090772855e-11,1.27207316804009e-10,4.14396348077843e-12,2.09032414184697e-11,-9.92386546385319e-11,-2.57548972975668e-12,-2.8440644968741e-11,-6.94561778091097e-11,1.11562674176782e-11,-4.85280958569741e-11,5.78915668964115e-11,-1.45210193338281e-12,9.36182683199441e-11,-1.26420178641682e-10,1.28584212588359e-10,7.83224872736709e-11,-1.16142207258015e-12,1.0281467613384e-11,1.41628334425832e-10,7.90895642891444e-11,-3.5535937116209e-11,3.71028387124543e-11,2.88111643691425e-10,-9.6204450176241e-12,-4.09710655238089e-12,1.01792833351513e-10,7.86409050010301e-11,1.13868846290415e-10,-9.1259537821605e-11,2.11452283778875e-10,1.51356092983991e-10,1.62719937160966e-11,6.05793874716615e-11,-1.71178500687832e-10,1.14821861571856e-10,1.78959832679306e-11,1.52287075517559e-11,6.34668476634723e-11,-4.72676175889551e-11,-2.61675340210578e-11,-1.38893179959013e-11,-1.33544936259237e-10,6.08644953246101e-11,1.15888854022569e-10,2.31791477295387e-11,-1.27665552050737e-12,8.36699062528658e-11,-1.96093136273208e-10,1.5749089498065e-10,1.41613067496333e-10,-5.4599487412467e-11,5.24851020245312e-12,7.61949562216944e-12,-3.1579618716075e-11,4.25475033867432e-11,-2.8180076324026e-11,-1.2669464672214e-10,-3.22593701129458e-11,-6.65571035928377e-11,-4.98359115683164e-11,2.43781105918219e-11,6.88674052236092e-12,2.68838573147542e-12,2.04067978486287e-10,1.80115705670959e-10,1.49255527171318e-10,2.25338120070955e-10,1.81596012161644e-10,3.76825568869066e-10,4.52729760666587e-10,2.00934075880256e-10,5.3151234440748e-10,5.55803727221525e-10,6.23541161634506e-10,7.74198153290747e-10,1.17487797658991e-09,1.21376996780621e-09,1.42194677492364e-09,1.71774869328165e-09,2.04927841110144e-09,2.6997915404513e-09,3.23136152196532e-09,3.8932737842141e-09,4.93043471110904e-09,6.22973781850804e-09,7.73898866562117e-09,9.81674168079414e-09,1.27091577956479e-08,1.6618669859373e-08,2.24978782182856e-08
