v,0.25
Patm,100000
g,9.81
r,500
G,10^10.77
rho,2700
mu,10^2.17
rc,23
 
M,10^5.85
sigma,0.25
 
tilt_erupt,17.9849nrad
 
-1361,-1360,-1359,-1358,-1357,-1356,-1355,-1354,-1353,-1352,-1351,-1350,-1349,-1348,-1347,-1346,-1345,-1344,-1343,-1342,-1341,-1340,-1339,-1338,-1337,-1336,-1335,-1334,-1333,-1332,-1331,-1330,-1329,-1328,-1327,-1326,-1325,-1324,-1323,-1322,-1321,-1320,-1319,-1318,-1317,-1316,-1315,-1314,-1313,-1312,-1311,-1310,-1309,-1308,-1307,-1306,-1305,-1304,-1303,-1302,-1301,-1300,-1299,-1298,-1297,-1296,-1295,-1294,-1293,-1292,-1291,-1290,-1289,-1288,-1287,-1286,-1285,-1284,-1283,-1282,-1281,-1280,-1279,-1278,-1277,-1276,-1275,-1274,-1273,-1272,-1271,-1270,-1269,-1268,-1267,-1266,-1265,-1264,-1263,-1262,-1261,-1260,-1259,-1258,-1257,-1256,-1255,-1254,-1253,-1252,-1251,-1250,-1249,-1248,-1247,-1246,-1245,-1244,-1243,-1242,-1241,-1240,-1239,-1238,-1237,-1236,-1235,-1234,-1233,-1232,-1231,-1230,-1229,-1228,-1227,-1226,-1225,-1224,-1223,-1222,-1221,-1220,-1219,-1218,-1217,-1216,-1215,-1214,-1213,-1212,-1211,-1210,-1209,-1208,-1207,-1206,-1205,-1204,-1203,-1202,-1201,-1200,-1199,-1198,-1197,-1196,-1195,-1194,-1193,-1192,-1191,-1190,-1189,-1188,-1187,-1186,-1185,-1184,-1183,-1182,-1181,-1180,-1179,-1178,-1177,-1176,-1175,-1174,-1173,-1172,-1171,-1170,-1169,-1168,-1167,-1166,-1165,-1164,-1163,-1162,-1161,-1160,-1159,-1158,-1157,-1156,-1155,-1154,-1153,-1152,-1151,-1150,-1149,-1148,-1147,-1146,-1145,-1144,-1143,-1142,-1141,-1140,-1139,-1138,-1137,-1136,-1135,-1134,-1133,-1132,-1131,-1130,-1129,-1128,-1127,-1126,-1125,-1124,-1123,-1122,-1121,-1120,-1119,-1118,-1117,-1116,-1115,-1114,-1113,-1112,-1111,-1110,-1109,-1108,-1107,-1106,-1105,-1104,-1103,-1102,-1101,-1100,-1099,-1098,-1097,-1096,-1095,-1094,-1093,-1092,-1091,-1090,-1089,-1088,-1087,-1086,-1085,-1084,-1083,-1082,-1081,-1080,-1079,-1078,-1077,-1076,-1075,-1074,-1073,-1072,-1071,-1070,-1069,-1068,-1067,-1066,-1065,-1064,-1063,-1062,-1061,-1060,-1059,-1058,-1057,-1056,-1055,-1054,-1053,-1052,-1051,-1050,-1049,-1048,-1047,-1046,-1045,-1044,-1043,-1042,-1041,-1040,-1039,-1038,-1037,-1036,-1035,-1034,-1033,-1032,-1031,-1030,-1029,-1028,-1027,-1026,-1025,-1024,-1023,-1022,-1021,-1020,-1019,-1018,-1017,-1016,-1015,-1014,-1013,-1012,-1011,-1010,-1009,-1008,-1007,-1006,-1005,-1004,-1003,-1002,-1001,-1000,-999,-998,-997,-996,-995,-994,-993,-992,-991,-990,-989,-988,-987,-986,-985,-984,-983,-982,-981,-980,-979,-978,-977,-976,-975,-974,-973,-972,-971,-970,-969,-968,-967,-966,-965,-964,-963,-962,-961,-960,-959,-958,-957,-956,-955,-954,-953,-952,-951,-950,-949,-948,-947,-946,-945,-944,-943,-942,-941,-940,-939,-938,-937,-936,-935,-934,-933,-932,-931,-930,-929,-928,-927,-926,-925,-924,-923,-922,-921,-920,-919,-918,-917,-916,-915,-914,-913,-912,-911,-910,-909,-908,-907,-906,-905,-904,-903,-902,-901,-900,-899,-898,-897,-896,-895,-894,-893,-892,-891,-890,-889,-888,-887,-886,-885,-884,-883,-882,-881,-880,-879,-878,-877,-876,-875,-874,-873,-872,-871,-870,-869,-868,-867,-866,-865,-864,-863,-862,-861,-860,-859,-858,-857,-856,-855,-854,-853,-852,-851,-850,-849,-848,-847,-846,-845,-844,-843,-842,-841,-840,-839,-838,-837,-836,-835,-834,-833,-832,-831,-830,-829,-828,-827,-826,-825,-824,-823,-822,-821,-820,-819,-818,-817,-816,-815,-814,-813,-812,-811,-810,-809,-808,-807,-806,-805,-804,-803,-802,-801,-800,-799,-798,-797,-796,-795,-794,-793,-792,-791,-790,-789,-788,-787,-786,-785,-784,-783,-782,-781,-780,-779,-778,-777,-776,-775,-774,-773,-772,-771,-770,-769,-768,-767,-766,-765,-764,-763,-762,-761,-760,-759,-758,-757,-756,-755,-754,-753,-752,-751,-750,-749,-748,-747,-746,-745,-744,-743,-742,-741,-740,-739,-738,-737,-736,-735,-734,-733,-732,-731,-730,-729,-728,-727,-726,-725,-724,-723,-722,-721,-720,-719,-718,-717,-716,-715,-714,-713,-712,-711,-710,-709,-708,-707,-706,-705,-704,-703,-702,-701,-700,-699,-698,-697,-696,-695,-694,-693,-692,-691,-690,-689,-688,-687,-686,-685,-684,-683,-682,-681,-680,-679,-678,-677,-676,-675,-674,-673,-672,-671,-670,-669,-668,-667,-666,-665,-664,-663,-662,-661,-660,-659,-658,-657,-656,-655,-654,-653,-652,-651,-650,-649,-648,-647,-646,-645,-644,-643,-642,-641,-640,-639,-638,-637,-636,-635,-634,-633,-632,-631,-630,-629,-628,-627,-626,-625,-624,-623,-622,-621,-620,-619,-618,-617,-616,-615,-614,-613,-612,-611,-610,-609,-608,-607,-606,-605,-604,-603,-602,-601,-600,-599,-598,-597,-596,-595,-594,-593,-592,-591,-590,-589,-588,-587,-586,-585,-584,-583,-582,-581,-580,-579,-578,-577,-576,-575,-574,-573,-572,-571,-570,-569,-568,-567,-566,-565,-564,-563,-562,-561,-560,-559,-558,-557,-556,-555,-554,-553,-552,-551,-550,-549,-548,-547,-546,-545,-544,-543,-542,-541,-540,-539,-538,-537,-536,-535,-534,-533,-532,-531,-530,-529,-528,-527,-526,-525,-524,-523,-522,-521,-520,-519,-518,-517,-516,-515,-514,-513,-512,-511,-510,-509,-508,-507,-506,-505,-504,-503,-502,-501,-500,-499,-498,-497,-496,-495,-494,-493,-492,-491,-490,-489,-488,-487,-486,-485,-484,-483,-482,-481,-480,-479,-478,-477,-476,-475,-474,-473,-472,-471,-470,-469,-468,-467,-466,-465,-464,-463,-462,-461,-460,-459,-458,-457,-456,-455,-454,-453,-452,-451,-450,-449,-448,-447,-446,-445,-444,-443,-442,-441,-440,-439,-438,-437,-436,-435,-434,-433,-432,-431,-430,-429,-428,-427,-426,-425,-424,-423,-422,-421,-420,-419,-418,-417,-416,-415,-414,-413,-412,-411,-410,-409,-408,-407,-406,-405,-404,-403,-402,-401,-400,-399,-398,-397,-396,-395,-394,-393,-392,-391,-390,-389,-388,-387,-386,-385,-384,-383,-382,-381,-380,-379,-378,-377,-376,-375,-374,-373,-372,-371,-370,-369,-368,-367,-366,-365,-364,-363,-362,-361,-360,-359,-358,-357,-356,-355,-354,-353,-352,-351,-350,-349,-348,-347,-346,-345,-344,-343,-342,-341,-340,-339,-338,-337,-336,-335,-334,-333,-332,-331,-330,-329,-328,-327,-326,-325,-324,-323,-322,-321,-320,-319,-318,-317,-316,-315,-314,-313,-312,-311,-310,-309,-308,-307,-306,-305,-304,-303,-302,-301,-300,-299,-298,-297,-296,-295,-294,-293,-292,-291,-290,-289,-288,-287,-286,-285,-284,-283,-282,-281,-280,-279,-278,-277,-276,-275,-274,-273,-272,-271,-270,-269,-268,-267,-266,-265,-264,-263,-262,-261,-260,-259,-258,-257,-256,-255,-254,-253,-252,-251,-250,-249,-248,-247,-246,-245,-244,-243,-242,-241,-240,-239,-238,-237,-236,-235,-234,-233,-232,-231,-230,-229,-228,-227,-226,-225,-224,-223,-222,-221,-220,-219,-218,-217,-216,-215,-214,-213,-212,-211,-210,-209,-208,-207,-206,-205,-204,-203,-202,-201,-200,-199,-198,-197,-196,-195,-194,-193,-192,-191,-190,-189,-188,-187,-186,-185,-184,-183,-182,-181,-180,-179,-178,-177,-176,-175,-174,-173,-172,-171,-170,-169,-168,-167,-166,-165,-164,-163,-162,-161,-160,-159,-158,-157,-156,-155,-154,-153,-152,-151,-150,-149,-148,-147,-146,-145,-144,-143,-142,-141,-140,-139,-138,-137,-136,-135,-134,-133,-132,-131,-130,-129,-128,-127,-126,-125,-124,-123,-122,-121,-120,-119,-118,-117,-116,-115,-114,-113,-112,-111,-110,-109,-108,-107,-106,-105,-104,-103,-102,-101,-100,-99,-98,-97,-96,-95,-94,-93,-92,-91,-90,-89,-88,-87,-86,-85,-84,-83,-82,-81,-80,-79,-78,-77,-76,-75,-74,-73,-72,-71,-70,-69,-68,-67,-66,-65,-64,-63,-62,-61,-60,-59,-58,-57,-56,-55,-54,-53,-52,-51,-50,-49,-48,-47,-46,-45,-44,-43,-42,-41,-40,-39,-38,-37,-36,-35,-34,-34,-33,-32,-31,-30,-29,-28,-27,-26,-25,-24,-23,-22,-21,-20,-19,-18,-17,-16,-15,-14,-13,-12,-11,-10,-9,-8,-7,-6,-5,-4,-3,-2,-1,0
1.36350626014921e-10,-8.08588307605446e-10,1.75380929114408e-10,-2.31206409256215e-11,-3.38736861505261e-10,3.90161983447446e-10,2.47753643483164e-10,-1.7048638275936e-10,1.43526331062922e-10,1.41187058899782e-10,-8.13288136329875e-11,1.83862239383729e-10,6.86373468803474e-10,-1.73544557496242e-10,-6.09704122251115e-11,-2.74708887139242e-10,1.71000189178506e-11,-3.17738511121178e-10,1.38739832136334e-11,-2.94894282407392e-10,-1.50404198864889e-11,-1.38497369490423e-10,-5.78995529416061e-10,-2.09534482951802e-10,-4.64201879484859e-10,1.09235029765884e-10,-1.56802611439254e-10,1.18012102000939e-10,7.05373519784203e-10,-2.31703466113782e-10,3.30962679000207e-10,3.58216848623438e-10,-1.84104352210786e-10,2.1385689968759e-10,1.75671446584854e-11,5.49754581311886e-10,-4.53241913479064e-10,2.53683320364959e-11,1.37879689708303e-11,1.91004935456062e-10,2.20468871070693e-10,-3.98720314258907e-10,-1.40657454210177e-10,2.90070791205424e-10,-1.82193369770185e-10,3.9848128989821e-10,-3.82856844776328e-10,3.33143669618097e-10,1.46979431187608e-10,1.20453256590151e-10,3.8667965384375e-10,1.54901667808033e-10,-7.59150389088655e-11,-2.87720071063094e-10,-2.4307424624557e-10,-6.94427896840043e-11,-6.46990080769827e-12,1.96518039753942e-10,-2.91589050829382e-11,-2.93428505958956e-10,4.88766022645054e-11,-1.18757279556509e-10,2.30805724693626e-10,-7.48372705111151e-11,-6.84303915734492e-10,2.05892174319536e-11,-2.24749775498482e-11,-1.13362309957486e-10,3.35847980495858e-10,2.28988667102512e-11,-1.12631855674952e-10,2.06646560630006e-10,-3.47600640782887e-10,-5.30230170716865e-10,-6.62353220616126e-11,1.02723937896464e-11,-1.42919977915925e-10,-1.40863776509079e-10,4.15877491094958e-10,-4.14420703724142e-10,3.82975096444168e-10,2.15329628596034e-10,-3.76112920372981e-10,-4.86122297751829e-11,1.77014032577048e-10,3.03457916383986e-11,-4.85900207076159e-11,-6.90674226408435e-11,8.47473439748488e-11,-9.01789043425539e-11,6.71799138370626e-10,1.34419936775343e-10,-1.73423218895547e-10,-8.88318599491115e-11,-2.87154324841319e-10,-1.97258306236309e-12,3.12725565062863e-10,4.03692092341331e-11,-2.57204678888194e-10,2.0968476924821e-11,-1.05529183135628e-10,4.62282621148863e-10,1.8475596999497e-10,-5.98205591066027e-10,-5.22167369387091e-10,1.03007350971842e-10,8.18354123450875e-11,4.31366910382733e-10,5.20157658420757e-10,-3.37148514685111e-11,-2.09097150492708e-10,-2.18675063629559e-10,2.89132532898826e-10,2.35638130548838e-10,1.09537751269342e-10,-1.88156647515583e-10,-2.26068471372695e-10,-6.90941243657185e-11,-1.27449503842963e-10,-2.77169397062402e-10,2.12489305188872e-10,-4.73067140704858e-10,1.96321505103783e-10,-1.71541485668235e-10,-2.77777722902483e-10,1.04237332993197e-10,4.74966800766879e-11,-2.9228855659725e-10,9.95725223187929e-11,1.25062801939999e-10,5.52470732020562e-11,4.40142448720358e-10,-5.87930904657781e-11,-1.58241390850411e-10,-2.46589254836254e-10,2.72609371911398e-11,3.26178168108234e-10,-1.48328011396028e-10,-2.0319465036238e-10,2.68571058837304e-10,-3.446213402981e-10,-5.41918857540867e-11,-3.81410146519094e-10,2.48150973739843e-10,2.55516951297207e-10,8.15971863412721e-11,4.30992112296405e-10,-1.85359124356716e-10,-1.14760192704706e-10,-9.20324407247252e-11,-5.33288012089582e-11,-2.77282800584398e-10,-8.57690664841279e-11,1.61638838531434e-10,-2.47655010164298e-10,3.30470798470966e-10,-2.40503096348958e-10,8.51210585343326e-11,-2.7876974818304e-10,-9.55835156690504e-11,-1.66093903643802e-10,-1.74043069170671e-10,3.14420210243912e-10,3.42031093185858e-10,-3.57775649717873e-10,1.37711540349757e-10,-4.44040660813474e-10,-7.54184290049574e-11,2.78084340421782e-10,4.14961566727523e-11,3.958262609515e-10,-1.85935106142191e-10,8.47887074305744e-11,-2.32894059454055e-10,-2.40299539528887e-10,-7.30317990458395e-11,1.17333787472938e-10,-2.63761152217025e-10,-8.97291965830186e-11,1.00498568652197e-10,-2.12383858035627e-10,3.12433753269583e-10,-1.79166671221611e-10,-7.08035790390311e-11,1.24070785724628e-11,7.97860364268327e-12,4.74842352299227e-11,-7.05897701744835e-11,2.96828509001092e-10,-1.81748915769084e-10,1.26590635554702e-10,2.1401665254664e-10,3.37045264469107e-10,-1.74499713075202e-10,9.75667981271975e-11,3.45251701196231e-10,-1.3457400932356e-10,1.7176081482819e-10,7.23621050004632e-11,4.80446821524464e-10,2.56244078146329e-10,2.9402919773914e-10,-4.15816904655744e-11,-1.13700504758922e-10,3.27671084524517e-10,-1.71865204781416e-10,-2.94557571179092e-12,8.25567753939451e-11,-8.5433242797732e-11,1.87492502885519e-10,-2.25343278757738e-10,2.02855037039616e-10,3.45358292722049e-10,5.31051211380517e-11,-3.4993865231739e-10,-3.25130198337754e-11,5.30367250154168e-10,1.07351538723405e-10,8.92677325162582e-11,-4.44991437944412e-10,-2.87625089320852e-10,3.47467376529381e-10,4.11017628889779e-10,-6.91024300357168e-11,4.29502110645548e-10,1.15843790024986e-10,-1.15465631385244e-10,2.5859457293471e-11,-3.21523314776902e-10,2.23274481852526e-10,-2.57179199648285e-10,7.75734095646699e-11,-5.26570670560657e-10,-4.79958968262931e-10,3.69275753311757e-10,3.54268216959643e-11,3.72389634433582e-10,4.5562046170084e-10,3.37080738096416e-10,2.64822178655782e-10,2.05168750493947e-10,-2.611680821747e-10,2.02601002988302e-11,-6.01425104798926e-11,1.1736324823745e-11,5.88913991051875e-11,-4.40608289160613e-10,2.51162444699031e-11,-2.42885637016224e-10,-1.19751558221782e-10,-2.89855876949017e-11,-2.85258420011086e-10,4.65632256166515e-10,4.32777586366843e-11,-1.2046731619772e-10,3.45558318990575e-10,2.8112146674224e-10,1.81179883679209e-10,-1.66820963564784e-10,-3.31665370761546e-10,-7.38746212067617e-12,7.53253695001729e-11,1.4951945264344e-10,2.52290817120072e-10,2.04950223803863e-10,1.86648564499554e-10,3.52089317507636e-10,-5.96200417654684e-10,-4.15578438136222e-10,4.42386422483415e-10,4.46455635268735e-11,1.37874763762652e-10,6.15247714298145e-11,-3.47445982291151e-11,4.40979238357929e-10,-2.12732824109238e-10,-3.07693022017465e-11,4.8444002872523e-11,2.09506123444326e-10,-2.7025309159207e-10,-9.86440625861194e-12,6.56396783677345e-12,-1.45193383361154e-10,1.68819373240621e-11,5.13965961850241e-10,1.87787789413856e-10,2.87542499031241e-10,2.31594260722431e-10,-3.09575755849626e-10,4.56183795213446e-11,9.87450570537837e-11,-4.86593269715442e-10,5.25475793748247e-11,-6.30659456141057e-11,-1.22410093639479e-10,-9.01343208123409e-11,-8.05636757816183e-11,-1.87927681937945e-10,1.60575885380948e-10,-3.22152158216975e-10,-1.15404480242039e-11,1.76115002925893e-10,1.55729890219864e-10,5.02668922587576e-11,-2.28611370929594e-11,-9.58278678040306e-11,-4.75865489946986e-11,4.75750454847361e-10,-1.05712947427528e-10,-7.13271332426552e-12,-2.53354825083426e-10,4.15670553231152e-10,-9.2320629028008e-11,1.47132227487159e-10,-4.0249419661106e-11,-5.14557367949711e-11,4.57056051670802e-10,1.94993871106663e-10,6.80595926812012e-10,1.10817408544154e-11,-1.8379354075031e-10,2.15063659642638e-10,7.07285390629033e-11,2.48350586639341e-11,-5.35692645128951e-11,-1.3984818944937e-10,4.86347557344705e-11,1.15689168921883e-10,-5.65283158316035e-11,2.30740796540103e-10,3.88203259379538e-10,-8.57753929584278e-11,-8.71162976766946e-11,-4.48715015393738e-10,1.96246542661072e-10,-1.76837248099107e-10,-8.78926883779348e-10,-1.85161885962059e-10,2.93530300833406e-10,-1.50176516562387e-10,-9.78528633436375e-11,-2.79627397205307e-10,-4.74943377072477e-10,2.60207850392055e-10,4.14281237264182e-12,-9.84798377245141e-11,-4.47350988022897e-11,-2.07657233875286e-12,-1.96638983112834e-10,-1.39863028360442e-10,4.89710563984543e-10,2.21755594042284e-10,3.55229814120757e-10,-4.75839644092496e-10,-2.96109056763138e-10,4.26700177252407e-10,-1.36741767164717e-10,-1.69452779530394e-10,3.54104163559674e-10,3.26108109887221e-10,2.66513515943642e-10,9.33752642539125e-11,4.2438640349761e-10,-7.03986890983574e-11,2.00579674761053e-10,3.40140722401336e-10,3.26759701831256e-10,-2.53080078668754e-11,2.21609571267554e-10,2.18316173334803e-11,-3.21437359926301e-10,3.763706674969e-10,1.69670022058567e-10,1.42336726751974e-10,-3.12863507022993e-10,1.66597534208789e-10,-1.8387970512435e-10,2.38188462173049e-10,6.9128814211165e-11,1.32492683488364e-10,1.39150600555913e-10,8.36416845035224e-11,4.16125459346923e-10,-1.04423496048752e-10,4.97256643590841e-11,-4.21963361001546e-11,-6.96734092424531e-10,9.66176338861947e-11,1.60845305499499e-10,5.98439030865986e-11,1.4463995522683e-10,9.35053494122993e-11,3.55719039593983e-10,-1.01794514526073e-11,4.59516615452593e-10,-1.59838807216818e-10,3.04968902536071e-10,-4.14245655715828e-10,-5.43598111902647e-11,-1.26358432694997e-10,-1.45036723421165e-10,1.08798202265264e-10,7.67337765990229e-11,6.17105641443424e-11,-1.7801151936639e-10,1.84230061894292e-10,7.81545690837876e-11,-5.09134547849384e-10,-2.23453072307142e-10,-4.46683111178025e-11,2.79648779288002e-10,-3.11411894645914e-11,-4.10500922410059e-10,-4.64413730532684e-10,2.5928252007849e-11,2.03907392447321e-10,7.22356161972535e-11,-1.23497001780262e-10,4.14826375587187e-11,-2.04517948667437e-10,9.43276880228834e-11,1.60617094063273e-10,6.82323738865162e-10,5.30868201346814e-10,-1.95511146261595e-11,-1.35859774471621e-10,-5.65669659722987e-10,1.84615719767099e-10,-3.12582636155233e-10,1.89315641726334e-10,-2.18403517773045e-10,-2.76214569936637e-10,1.63239534795594e-10,2.22251984750951e-10,6.0810109854222e-11,1.6048953484143e-10,-1.64742984836621e-10,1.34300604975739e-10,-3.80170315465409e-10,2.89895193355337e-10,-3.58477620823463e-11,-2.76939376930227e-10,3.06292468095231e-10,3.06987205928035e-11,3.4683929552837e-11,3.60070340660786e-10,-2.77979800027808e-10,1.31835154193879e-10,-1.4963187822743e-10,-3.90907899637588e-10,1.6535111850229e-10,4.94902490412356e-11,3.56766211753557e-10,1.34040299451976e-10,-2.05342424890842e-11,2.21638051988234e-11,1.31713052162859e-10,-4.56771777112669e-10,1.57513120745182e-11,8.54118847712644e-11,-9.65893752882077e-11,8.78029771129329e-11,1.34359611387652e-10,-3.00958340544689e-11,-9.82543116465026e-11,-4.04800999765566e-11,-3.01320452383942e-10,-1.19530842124424e-10,6.85603614621232e-11,2.54248527964425e-10,-2.32060461856762e-10,-1.20320475223406e-10,1.25022967888694e-10,3.50029083111225e-11,7.23557850773261e-11,6.63607967230125e-10,9.39093885055981e-11,-5.15115968866167e-10,6.99906716435871e-11,2.6876648439093e-10,8.21175430441785e-11,2.01770335059357e-10,3.37020443092076e-10,1.46081311927261e-10,2.46243835879893e-10,1.42728632264752e-10,-2.87895500205342e-11,-9.78036569048884e-11,-3.9509132039106e-10,-6.22057605026131e-11,3.56826833570453e-10,-2.03338291204538e-11,6.82189365775499e-10,-2.47066300044315e-10,8.36067701138868e-11,-1.57296160556325e-10,9.82383885756768e-11,1.10761739342593e-10,-1.97185398755357e-10,3.4048976936794e-10,-3.12282757920623e-10,-7.6343601628028e-12,1.2694593869813e-10,1.04562317380709e-10,-3.2139885169731e-11,-2.69856023260412e-10,-3.79298045648955e-10,8.79040767344885e-11,4.19765013851515e-11,1.26555004362454e-10,2.5277828578346e-10,3.39241033057406e-10,7.52065836620258e-11,-1.24990299679194e-10,-7.35340979199886e-11,-9.39610124348475e-11,-2.70068420185024e-10,-3.45183646506924e-10,-8.26445738241292e-11,3.52948139846744e-10,1.52764210607162e-10,4.58320635543775e-11,-2.16685037407048e-10,-1.73628816092648e-11,-1.91629125251793e-10,-1.9368420186286e-10,-3.4919024230198e-10,-3.23663766032489e-10,4.97529094820638e-11,5.43774578523522e-11,-2.98548152281433e-10,4.87185057351651e-11,-2.17396532932663e-10,1.87497182774466e-10,-2.75392986866282e-10,-6.37631806817096e-11,-2.16236952309257e-10,3.34187427969576e-10,-1.68313323168836e-10,3.58786479497199e-11,2.92603811378035e-10,1.11336907743422e-10,2.40410008507669e-10,2.11200889397356e-10,-7.13752491161783e-11,9.49504844315451e-12,-1.64230236857402e-10,1.46459429948023e-10,-1.68652030875867e-10,-1.25913898501182e-10,-1.38181209771041e-10,-1.46888219924022e-10,-3.31452061227471e-10,9.75017162974665e-11,-1.29579806162398e-10,5.57213576724719e-10,-1.21551986795286e-10,-2.69739560085406e-10,-2.39898996528332e-10,1.87854776224284e-10,-7.69190061859281e-11,2.36319011574078e-11,-2.84648799941642e-10,-2.80978562954026e-10,4.26711611134847e-10,-7.09021277246838e-12,-2.51261958955971e-10,-4.14485755734285e-12,-2.20217375632607e-10,2.52015772245363e-10,1.97335578424627e-10,5.27579666992246e-11,2.05214702130298e-10,-5.5667497878646e-10,-4.745238804212e-10,3.686622751271e-11,-9.29847472994574e-11,1.80945756613312e-10,-2.94402936593704e-11,-1.7833849862201e-10,-2.28022933124546e-10,-1.04318108039188e-10,2.30977140884128e-10,-1.36044389324129e-10,1.07848702803004e-10,-3.62041130715601e-10,-1.83787000622522e-10,1.09845155313146e-10,-1.22411116595409e-10,-3.44139573147786e-10,-1.62827945595979e-10,-2.1492272081992e-10,-6.9465545983184e-11,-3.84782872419037e-10,2.63493184801979e-10,1.64296142236624e-10,2.88289515024211e-10,-8.60648152508341e-11,4.04861067521495e-12,4.26425983144055e-10,3.30422305696883e-10,-2.03117123329177e-10,-2.72974380038951e-10,-9.12653095971784e-11,6.14491422575441e-10,2.37764154565307e-10,6.57086286736731e-11,-1.17726972506328e-10,1.80841173317247e-10,7.77461771379822e-11,-1.36265211297672e-10,-1.45155301632631e-10,4.50458659331512e-10,-1.9259695438758e-10,9.85429138921399e-12,4.60020342724217e-10,-1.92613551085335e-10,1.43099172956948e-10,-2.50322923336797e-10,-1.97536811517688e-10,-2.71427188870268e-11,-6.86678944812536e-12,-2.69648159773079e-11,3.64312850987786e-10,-3.04093542399067e-10,2.86308520749989e-10,-1.87454808891667e-11,1.14109096212479e-10,-2.27804398899535e-10,-1.71536421350714e-10,1.99872583101286e-10,2.02733068886901e-10,-1.58239272243291e-10,3.33397286412727e-10,3.4189346796064e-11,-1.72870663029031e-10,-2.25261779003744e-10,-1.5044299459851e-10,-3.21744051449362e-10,3.39077403111989e-10,-1.24367950268512e-10,3.32933057103592e-10,1.07865951430366e-10,1.40286298632518e-10,2.14716775827851e-10,-3.19336209989289e-10,3.13257000846675e-10,-3.21737509158494e-11,-1.5019611391257e-10,3.26616671185032e-10,-3.7621493482703e-11,3.42672399577513e-10,-5.12815513430352e-11,-2.72641156446985e-10,-7.55326881738222e-11,-2.87963661043512e-10,-7.62111364632297e-11,6.12410396645199e-11,-4.5013481915055e-10,1.12248225320954e-10,-1.84116190123372e-10,3.23224056385267e-10,5.49785843665213e-10,-6.56047306796658e-12,6.22186464523277e-10,-1.21779344318473e-10,-5.92297883840873e-11,-2.9882204564375e-10,1.27564951881434e-10,2.1250040045922e-10,1.79848893314223e-10,-1.32555950906417e-10,2.93662667580844e-10,7.96615654344512e-11,1.82309770959353e-10,4.06866033553598e-10,-1.54829609949116e-10,-1.66956898057148e-10,3.13647245889381e-10,9.06097673670822e-11,-4.91213111422269e-11,-6.81101305647587e-11,2.99027524377556e-10,3.49869249266367e-10,-2.80643937092128e-11,1.63815758021555e-10,4.94117153964212e-11,8.57723564757191e-11,1.42603773645812e-10,-1.65633842234028e-10,-1.12528340128068e-10,-5.58698298232156e-11,-2.11498288373848e-11,-1.14366088354417e-10,5.98149834628474e-11,1.70253567102556e-10,9.36635264185159e-11,5.19786179883174e-10,6.84542327881516e-13,-6.68573396281671e-11,-1.38721666959918e-10,1.81567966509972e-10,-1.88030607300348e-10,8.23701439852316e-10,5.48246716015228e-10,-3.3114364753079e-10,3.36312494324024e-10,-5.88069323449641e-11,6.06408948130119e-10,-4.15415696675242e-11,-5.46065393279161e-10,-9.24723850013841e-11,2.67713768426117e-10,-1.583543959856e-10,9.37514480635081e-11,1.2191478732583e-10,1.75244311595591e-10,1.44511077262624e-11,-1.01056994451955e-10,1.73527256960007e-10,7.46068178756771e-11,-6.77743494414088e-11,-1.61750949050714e-11,-2.90475980085027e-10,1.10845365731367e-10,4.5528126119633e-11,-1.57542566381701e-10,4.86993630334419e-10,-6.50656735112846e-11,-3.57948485458082e-11,-6.31903318045951e-10,-2.65392555926607e-10,-6.94448646151984e-11,2.17873250596575e-10,-2.11843669289693e-10,2.75327294063409e-10,-1.31152152128386e-10,-2.0279818453544e-10,1.06945770633016e-10,1.85403299253072e-10,1.97277509123113e-10,4.06082499191921e-11,3.28772891385708e-10,1.00545697938678e-10,1.69716699235292e-10,4.0086456290126e-10,-4.14119033273245e-10,1.06930601355987e-10,-4.18878795048287e-10,3.31588222581603e-10,3.00553883107814e-11,3.5459623704524e-10,1.95927452401811e-11,-1.4084431347398e-10,-4.1685538029867e-10,-1.03773866586734e-10,1.03137081693808e-10,-2.85773030268438e-11,-1.07047129917532e-10,-4.74681021700345e-10,2.09718559644831e-10,1.13951228597675e-10,-1.2610348094957e-10,-3.83547080625554e-11,6.01192709938618e-10,1.15147343497671e-11,1.45727881109389e-10,-6.84869564226239e-11,-1.01763654397885e-10,2.04845468217101e-10,-3.5592566804725e-10,-2.17930706420725e-11,1.68850850880117e-10,3.71613040799036e-11,1.17207583709426e-10,7.58605606434198e-10,2.48366093504522e-10,-4.55302728267841e-10,2.33459652165823e-11,4.63836387123487e-10,1.95311843677331e-10,-7.35212163721262e-10,-1.71056853857327e-10,-5.0062179786972e-13,1.71722085508653e-11,2.99404911610695e-10,-1.69649037499712e-10,-1.34190130167164e-10,-2.53009056153174e-11,-1.63195632231859e-10,-2.32608471408558e-10,-2.03643051175597e-10,-2.51717965284041e-10,2.81463476713978e-10,-3.13962893078988e-10,3.41750111261984e-10,-4.39988069148262e-11,7.59083336439271e-11,8.05405795586123e-11,1.34394486741897e-10,3.21976360578812e-10,-7.47656786709183e-11,2.69040284710154e-10,-1.1288701873996e-10,-3.4341150583698e-11,-3.97601271622225e-10,3.30405685002419e-11,-1.81103497770374e-10,3.88450572053804e-10,-1.30596776238906e-10,-1.0794679714597e-10,7.91459962908192e-11,5.97159872204068e-11,5.89168204640478e-11,-2.1761856692777e-10,1.83959646701978e-10,-7.92556029964019e-11,-3.96370972891051e-10,-4.25299712793497e-10,1.06886996864716e-10,-2.04020611952088e-10,-8.05943130129997e-11,-2.82479345747534e-10,-1.90985211337796e-10,-2.49784729989003e-10,-1.26112905132143e-10,-9.32590279819306e-11,-3.0148342913961e-10,-2.01406847599041e-10,2.92669199786847e-10,-3.5019489534545e-11,-6.32886855610068e-11,-6.47184498543204e-11,3.66231738198727e-10,1.63298493657025e-10,2.68639063174074e-10,3.11200747100368e-10,-1.45628041585311e-10,-1.49847482032106e-10,-1.48882463473336e-10,-3.45365483811943e-10,3.54037859347486e-10,-1.805127920023e-10,-6.51954847342164e-11,-2.61059470889071e-10,-2.72047681185891e-10,5.20147856641642e-11,-6.2118372359953e-11,3.9000440322672e-11,-3.67919783607676e-10,2.18751454899065e-10,-9.66307882045922e-11,-4.29055138114933e-11,4.72842876819848e-11,7.56038022010196e-11,-6.81497995833804e-11,2.40502363722296e-10,-4.20366444629802e-10,-1.37211734991125e-10,2.3950393746249e-10,-2.0576207088456e-10,6.1053074899457e-10,1.11102085950724e-10,-2.00638433039456e-10,2.81140557312988e-10,1.76252409804396e-10,-3.26994815214818e-12,5.41796378390908e-11,-4.19279812504231e-11,9.13441235085194e-11,5.17997095501056e-10,-2.20357625978966e-10,-9.45180579597664e-11,-3.54786405139998e-10,2.08761904348262e-10,7.76692251950488e-11,-1.91227938817195e-10,-4.1060983986519e-10,-1.50641448696913e-10,-1.79704426123846e-10,1.81449627738782e-10,2.07794731544487e-10,6.00106910104294e-11,-2.11765895516397e-10,-5.32947082171753e-11,-2.1275989775839e-10,-1.61836063387758e-10,-1.02828997473297e-10,8.62750470278854e-11,2.54337987188435e-11,-8.04697554234246e-11,3.03766326754973e-10,1.02067573692324e-10,-2.1255143074627e-10,-1.64587596538829e-10,1.22833851016318e-10,-1.60356475088202e-10,9.73679561358712e-11,-5.7513639132789e-10,-2.41351266149807e-10,-9.26914006286011e-11,-9.5092961437618e-11,1.9252041042754e-10,-2.89130536266088e-10,2.44068769498043e-10,3.36813667185192e-11,-5.73680983915265e-11,1.57653353719238e-10,5.62443334089572e-11,-2.08029245974906e-10,-2.77259721814615e-10,-3.55384248270185e-10,3.54067824141144e-11,-3.69205960240616e-11,-3.8385254228986e-11,1.96891146611876e-10,-8.53020013457801e-12,-2.05716561073961e-10,-1.09858040838409e-10,3.42636768438415e-11,-2.44878597097975e-10,-3.86673623211985e-10,-1.14139139442306e-11,3.88062666017349e-11,-1.63450890104546e-11,4.48230610312438e-11,3.06760078297587e-10,1.75141443126378e-10,-4.34453966736403e-11,3.48105438293755e-10,-4.81102725155894e-10,-3.29148187189219e-10,-2.90994469177231e-10,-6.58750201230087e-10,1.44306994299294e-10,3.44250418801573e-10,-6.57803002802918e-10,-5.78364581855744e-11,1.76378263879331e-10,-1.71254153552004e-10,4.09403120788416e-10,2.26630694103424e-10,1.01226454508631e-10,1.93949287008288e-10,-1.67549440159956e-11,2.94342395169784e-11,4.17450661150374e-10,-2.81311204793401e-11,1.28732477193097e-10,2.39329770146588e-10,-1.23560390801157e-10,1.04770256925042e-10,3.27790339317312e-10,1.01517647236237e-10,-5.70736357607156e-11,-2.53910980921124e-10,8.17488696762251e-11,-2.14905763983956e-11,2.82646572007174e-11,3.57341262706533e-10,5.29140467225887e-10,-7.56093912525552e-12,1.8265378806211e-11,-1.91417172840042e-10,-4.80010361605916e-11,-3.46094914778705e-10,3.06510873478564e-10,1.32649815367445e-11,-8.11896024277188e-11,-2.75710271227979e-10,1.15905027370736e-10,-1.13817520695196e-10,-1.25137691495688e-11,3.01470566206917e-10,-4.00588291409437e-11,-1.86003281683252e-10,-4.54049769119373e-10,1.6772655582876e-10,-5.62264675721856e-10,-2.97787675062605e-11,6.56846233549478e-11,-1.94728257293009e-10,2.96775764875355e-10,2.6292792171906e-10,1.48561672049029e-10,8.38103073477001e-11,-3.2409911591668e-10,4.22430596877666e-11,1.06265237694006e-10,4.63943160717092e-10,-5.89885977605517e-11,-4.69134587229568e-11,2.10608280739567e-10,3.1488214737696e-10,-1.36015651023744e-10,-1.31655716935646e-10,7.71814146621405e-11,-1.38416059623989e-10,-1.16987996428969e-10,2.44235984819653e-10,-3.26106356307794e-11,4.07654926672423e-11,-3.52887266662067e-10,-4.27511483936871e-10,1.60848795332292e-10,-1.34743505961786e-10,-1.56794503181046e-10,-3.59900139514724e-10,-1.19418795644221e-10,-6.90538647178875e-11,-5.92623139970852e-11,3.32977737085392e-10,-2.99933317800079e-10,1.06850335425542e-10,-2.52585396714225e-10,2.82803266778101e-11,-5.20438978647057e-10,8.44014459324828e-11,-4.13239007917473e-10,-9.05964141196542e-12,-1.36173727573289e-10,-2.7978526561294e-10,-9.92462724960277e-11,-1.07997806979914e-10,-1.15813604454926e-10,2.99441480084995e-10,-1.79572068820671e-10,-1.64236983245956e-10,1.31570595602368e-10,2.53841235552351e-10,2.78104839379942e-10,-3.71769242952059e-11,3.3791491337644e-10,4.43300964737406e-10,-7.2314540872165e-11,-6.04044863359692e-11,-2.58496428609982e-10,-2.27855266731833e-10,-1.7520738804325e-10,-9.71809541167089e-11,2.58243779873666e-11,-3.8896225246324e-10,-4.26381563402822e-11,-4.36625327228625e-11,-1.83625018106909e-11,6.66227183478777e-10,-8.04215462313723e-10,2.25921085063349e-10,-2.55255914370845e-10,-1.98913806768311e-10,3.82541630649471e-10,3.20800398765989e-10,-2.96169476141625e-10,2.88194021359298e-10,6.1758882226823e-12,4.30737117130587e-10,3.7251803674552e-11,-1.69070941753086e-11,1.12602182795114e-10,-7.11011114846758e-11,-1.78966193895269e-11,-2.08343604792383e-11,3.97678436813778e-10,2.58799276481299e-10,-1.31192119404114e-10,-1.64387341542776e-10,4.96593275689716e-10,-1.84053567777897e-10,2.19224622979683e-10,1.10909487317506e-10,1.15449045000911e-10,2.57608149441904e-10,-1.5362623975521e-10,2.02044626975661e-10,-4.30789293383912e-10,1.83751478485736e-10,-4.36126988004367e-10,2.22660823844832e-10,5.22574182217392e-11,-3.34126981598075e-10,-2.50421840345021e-10,-2.59845776640018e-11,4.75571368187384e-10,-1.0234762977608e-10,1.27716596750462e-10,2.76382358261844e-10,9.12373015640123e-11,-1.90803454213875e-10,1.32228843652558e-10,1.60930262217462e-10,-3.24064532330506e-10,-3.59433282853076e-10,2.21832678776987e-10,3.07671747137032e-10,3.93660695035561e-10,-4.19920427140761e-11,8.58558954300528e-11,-3.17660338769002e-10,3.10588181824381e-10,-1.48716977186562e-11,-1.64012224324841e-10,2.709900777438e-10,1.63902110606396e-10,7.73809218228081e-11,2.40701113779264e-11,-2.24315759706771e-11,6.68846525498228e-10,2.83401454314732e-10,-3.37577238633652e-12,-2.91184829788092e-10,-4.16783023833355e-10,4.96082099774283e-11,-4.46993203625704e-11,-3.47468614366568e-10,-2.47918822044751e-10,2.06290088574946e-10,1.27401704292026e-11,-3.12284894922452e-11,-9.64272930466353e-11,-2.13558448270251e-11,-3.77730271897795e-11,3.16471241259299e-10,-1.1294047718234e-10,1.58549595297525e-10,1.7930773212682e-10,4.58908723378762e-11,-3.95163339893653e-10,-2.20260098414732e-10,8.2850260203197e-11,1.20908142677888e-10,-2.59047984169014e-10,7.1975890998431e-11,-2.16859740737186e-10,-1.64972207790251e-11,-4.07341006164024e-10,-2.65306061627579e-10,7.92143358522771e-11,-2.61690546453861e-10,4.50686061296893e-10,1.98712824193783e-11,-9.05306504314644e-11,2.28394317618884e-11,-3.36761345797278e-11,-3.058073406218e-10,5.95420028301429e-11,5.21582845000412e-10,-8.96159233178849e-11,3.46353594167877e-11,3.16980325692086e-10,-9.46412014915124e-12,-2.72732072337152e-11,8.66415485732913e-11,3.02084443568691e-10,-1.145676859118e-10,-2.03829045471016e-10,3.51325832685764e-10,1.56657457165495e-11,-3.80741319615317e-10,-1.15608056360571e-10,1.96657473518137e-10,-1.64809891162923e-10,-3.57236031220537e-10,-6.97883382319684e-11,7.77231706754296e-11,-8.26354417417301e-11,-6.5389495184033e-11,1.13321945751333e-10,-1.54088721281233e-10,-2.142387892771e-10,2.65588847530575e-10,-3.29186428917885e-10,-4.69820790728299e-10,-4.43283713212638e-10,-8.38296081949865e-11,-3.06967559781321e-10,-2.74306710777866e-11,-6.81580263075433e-12,1.90760917457681e-11,-9.53116127819593e-12,2.08002214956961e-10,2.95605397353474e-10,-1.14076117069587e-10,3.73907026254344e-11,7.71221052932952e-11,-5.92035148484811e-11,-2.08651232582172e-10,-1.00294662211215e-10,1.67364264725467e-10,9.43680566468547e-11,2.45570681711644e-11,-1.0850825397228e-11,-2.52547455702653e-10,5.15283783379402e-10,2.04983386501705e-10,-3.59035796482758e-10,2.37045695575379e-10,7.01568116192295e-11,-2.62379297048719e-10,-4.69761667471652e-10,-6.11630351664559e-11,1.39066213646989e-11,2.35898589415496e-12,1.27492974630489e-10,-1.01666583060908e-10,-1.71652323123187e-10,-4.49374488506255e-10,6.63445783414794e-11,1.49984597651745e-10,3.09603195028768e-10,2.94950097179929e-10,2.92013387447742e-10,1.99733599059163e-10,-4.7630011120054e-10,-2.11386370306119e-10,8.74508094685825e-11,1.46289242142067e-10,3.08472350425297e-10,2.97204057611269e-10,1.7109726902e-11,1.54399529263865e-11,-1.77433953355287e-10,3.2752972456252e-10,-4.57282188181649e-10,2.8076829407276e-10,-8.54116080244187e-11,2.86443231350269e-10,2.16927899727281e-10,-2.74892255795339e-10,-2.88084675157962e-10,-3.8187519947106e-10,-1.78143263615237e-10,8.24983715507599e-12,1.26684844536016e-10,-1.71314095562322e-10,3.95417290023972e-10,4.83902102692921e-10,1.81459573432286e-10,-1.55854105533204e-10,3.13307974667947e-10,-2.645580859876e-11,1.33877396392533e-10,4.77177526857765e-11,-1.1331760746161e-10,-4.75664584640732e-10,-1.07184105828448e-10,-2.01801931766361e-10,-7.72256917289477e-12,-1.57006345315463e-10,-3.38703386222037e-10,2.47015621780318e-10,4.65656645400122e-10,9.13315477389445e-11,2.20543470203007e-10,1.99611077093469e-10,2.12378361023202e-10,1.79876435457961e-10,-2.22479696201718e-10,-1.11462549932562e-10,1.85078575146651e-10,1.59317383361055e-10,9.57513027412608e-11,2.24494765043906e-10,-1.55846949005231e-10,1.71993966066137e-10,3.19834685570495e-10,1.29312419908361e-10,-2.14586290474113e-11,7.47399996324601e-11,-7.25341129419164e-11,2.72365922280644e-10,5.26076432366119e-11,1.71693743647124e-10,5.5325989348292e-11,-3.50897782637218e-10,2.02957336849965e-10,-5.93867991976702e-11,3.58762348900933e-10,5.2244765977846e-11,3.70814887808245e-10,3.83877419910117e-10,-3.65166701394951e-10,-3.4436796381011e-11,2.48586542572728e-10,3.96556384995764e-10,4.4153832768156e-10,1.6458392626203e-10,-1.90930848732415e-10,2.03086741416993e-10,-8.63773337158743e-11,-2.68455560404026e-10,2.95341700394802e-10,1.35325933740083e-10,-5.46907974279361e-10,-3.52735650639809e-10,-1.03190067706024e-10,4.04155999911034e-10,2.39336408594691e-10,-8.92517804054655e-11,-1.91829205378998e-10,-1.35335693928884e-10,4.84280008932291e-11,2.45077235839472e-10,1.92398213920693e-11,-1.5986455454875e-10,-5.03382013052381e-10,-1.46309704027106e-10,-4.31699884528096e-10,3.44513332934079e-10,1.25442145997776e-10,9.09036703867123e-11,-6.09819053500886e-11,7.17662488768061e-10,-5.30978361656072e-10,-1.66938129471872e-10,-7.06232965171049e-12,1.36874958082343e-10,1.47032186007303e-10,-5.26092048858089e-10,-2.27130896586099e-12,7.44736321842686e-11,1.55659466772221e-11,-4.30494544837846e-10,1.34040441461107e-10,1.09948738519892e-10,-1.22183001680795e-10,5.81285598841491e-11,1.93479291967981e-10,-4.74904232802239e-11,7.41707779310646e-11,-4.322224501556e-11,1.47478622604697e-10,1.35261102385341e-10,-7.62529939537544e-11,1.81832517662395e-10,2.37479555487048e-10,6.81088980512158e-11,4.63473016714261e-10,5.05018601960977e-10,4.68459905210791e-10,2.07578630635187e-10,3.17773446986317e-10,2.77035093984283e-10,1.3566703902479e-10,7.59518289357521e-10,6.31639838513081e-10,5.79425738731151e-10,8.77054192759328e-10,1.52483652309185e-09,1.29661583674237e-09,1.42115686651456e-09,1.650623882715e-09,1.60100531177153e-09,1.9601656298376e-09,2.66534240028739e-09,3.03098950009047e-09,3.02883120207517e-09,4.06094449789408e-09,5.38642633922377e-09,5.97702604942222e-09,7.52366092425283e-09,1.01009382732373e-08,1.32151552264447e-08,1.82541627571199e-08
