v,0.25
Patm,100000
g,9.81
r,500
G,10^10.77
rho,2700
mu,10^2.17
rc,23
 
M,10^5.15
sigma,0.5
 
tilt_erupt,2.535nrad
 
-1488,-1487,-1486,-1485,-1484,-1483,-1482,-1481,-1480,-1479,-1478,-1477,-1476,-1475,-1474,-1473,-1472,-1471,-1470,-1469,-1468,-1467,-1466,-1465,-1464,-1463,-1462,-1461,-1460,-1459,-1458,-1457,-1456,-1455,-1454,-1453,-1452,-1451,-1450,-1449,-1448,-1447,-1446,-1445,-1444,-1443,-1442,-1441,-1440,-1439,-1438,-1437,-1436,-1435,-1434,-1433,-1432,-1431,-1430,-1429,-1428,-1427,-1426,-1425,-1424,-1423,-1422,-1421,-1420,-1419,-1418,-1417,-1416,-1415,-1414,-1413,-1412,-1411,-1410,-1409,-1408,-1407,-1406,-1405,-1404,-1403,-1402,-1401,-1400,-1399,-1398,-1397,-1396,-1395,-1394,-1393,-1392,-1391,-1390,-1389,-1388,-1387,-1386,-1385,-1384,-1383,-1382,-1381,-1380,-1379,-1378,-1377,-1376,-1375,-1374,-1373,-1372,-1371,-1370,-1369,-1368,-1367,-1366,-1365,-1364,-1363,-1362,-1361,-1360,-1359,-1358,-1357,-1356,-1355,-1354,-1353,-1352,-1351,-1350,-1349,-1348,-1347,-1346,-1345,-1344,-1343,-1342,-1341,-1340,-1339,-1338,-1337,-1336,-1335,-1334,-1333,-1332,-1331,-1330,-1329,-1328,-1327,-1326,-1325,-1324,-1323,-1322,-1321,-1320,-1319,-1318,-1317,-1316,-1315,-1314,-1313,-1312,-1311,-1310,-1309,-1308,-1307,-1306,-1305,-1304,-1303,-1302,-1301,-1300,-1299,-1298,-1297,-1296,-1295,-1294,-1293,-1292,-1291,-1290,-1289,-1288,-1287,-1286,-1285,-1284,-1283,-1282,-1281,-1280,-1279,-1278,-1277,-1276,-1275,-1274,-1273,-1272,-1271,-1270,-1269,-1268,-1267,-1266,-1265,-1264,-1263,-1262,-1261,-1260,-1259,-1258,-1257,-1256,-1255,-1254,-1253,-1252,-1251,-1250,-1249,-1248,-1247,-1246,-1245,-1244,-1243,-1242,-1241,-1240,-1239,-1238,-1237,-1236,-1235,-1234,-1233,-1232,-1231,-1230,-1229,-1228,-1227,-1226,-1225,-1224,-1223,-1222,-1221,-1220,-1219,-1218,-1217,-1216,-1215,-1214,-1213,-1212,-1211,-1210,-1209,-1208,-1207,-1206,-1205,-1204,-1203,-1202,-1201,-1200,-1199,-1198,-1197,-1196,-1195,-1194,-1193,-1192,-1191,-1190,-1189,-1188,-1187,-1186,-1185,-1184,-1183,-1182,-1181,-1180,-1179,-1178,-1177,-1176,-1175,-1174,-1173,-1172,-1171,-1170,-1169,-1168,-1167,-1166,-1165,-1164,-1163,-1162,-1161,-1160,-1159,-1158,-1157,-1156,-1155,-1154,-1153,-1152,-1151,-1150,-1149,-1148,-1147,-1146,-1145,-1144,-1143,-1142,-1141,-1140,-1139,-1138,-1137,-1136,-1135,-1134,-1133,-1132,-1131,-1130,-1129,-1128,-1127,-1126,-1125,-1124,-1123,-1122,-1121,-1120,-1119,-1118,-1117,-1116,-1115,-1114,-1113,-1112,-1111,-1110,-1109,-1108,-1107,-1106,-1105,-1104,-1103,-1102,-1101,-1100,-1099,-1098,-1097,-1096,-1095,-1094,-1093,-1092,-1091,-1090,-1089,-1088,-1087,-1086,-1085,-1084,-1083,-1082,-1081,-1080,-1079,-1078,-1077,-1076,-1075,-1074,-1073,-1072,-1071,-1070,-1069,-1068,-1067,-1066,-1065,-1064,-1063,-1062,-1061,-1060,-1059,-1058,-1057,-1056,-1055,-1054,-1053,-1052,-1051,-1050,-1049,-1048,-1047,-1046,-1045,-1044,-1043,-1042,-1041,-1040,-1039,-1038,-1037,-1036,-1035,-1034,-1033,-1032,-1031,-1030,-1029,-1028,-1027,-1026,-1025,-1024,-1023,-1022,-1021,-1020,-1019,-1018,-1017,-1016,-1015,-1014,-1013,-1012,-1011,-1010,-1009,-1008,-1007,-1006,-1005,-1004,-1003,-1002,-1001,-1000,-999,-998,-997,-996,-995,-994,-993,-992,-991,-990,-989,-988,-987,-986,-985,-984,-983,-982,-981,-980,-979,-978,-977,-976,-975,-974,-973,-972,-971,-970,-969,-968,-967,-966,-965,-964,-963,-962,-961,-960,-959,-958,-957,-956,-955,-954,-953,-952,-951,-950,-949,-948,-947,-946,-945,-944,-943,-942,-941,-940,-939,-938,-937,-936,-935,-934,-933,-932,-931,-930,-929,-928,-927,-926,-925,-924,-923,-922,-921,-920,-919,-918,-917,-916,-915,-914,-913,-912,-911,-910,-909,-908,-907,-906,-905,-904,-903,-902,-901,-900,-899,-898,-897,-896,-895,-894,-893,-892,-891,-890,-889,-888,-887,-886,-885,-884,-883,-882,-881,-880,-879,-878,-877,-876,-875,-874,-873,-872,-871,-870,-869,-868,-867,-866,-865,-864,-863,-862,-861,-860,-859,-858,-857,-856,-855,-854,-853,-852,-851,-850,-849,-848,-847,-846,-845,-844,-843,-842,-841,-840,-839,-838,-837,-836,-835,-834,-833,-832,-831,-830,-829,-828,-827,-826,-825,-824,-823,-822,-821,-820,-819,-818,-817,-816,-815,-814,-813,-812,-811,-810,-809,-808,-807,-806,-805,-804,-803,-802,-801,-800,-799,-798,-797,-796,-795,-794,-793,-792,-791,-790,-789,-788,-787,-786,-785,-784,-783,-782,-781,-780,-779,-778,-777,-776,-775,-774,-773,-772,-771,-770,-769,-768,-767,-766,-765,-764,-763,-762,-761,-760,-759,-758,-757,-756,-755,-754,-753,-752,-751,-750,-749,-748,-747,-746,-745,-744,-743,-742,-741,-740,-739,-738,-737,-736,-735,-734,-733,-732,-731,-730,-729,-728,-727,-726,-725,-724,-723,-722,-721,-720,-719,-718,-717,-716,-715,-714,-713,-712,-711,-710,-709,-708,-707,-706,-705,-704,-703,-702,-701,-700,-699,-698,-697,-696,-695,-694,-693,-692,-691,-690,-689,-688,-687,-686,-685,-684,-683,-682,-681,-680,-679,-678,-677,-676,-675,-674,-673,-672,-671,-670,-669,-668,-667,-666,-665,-664,-663,-662,-661,-660,-659,-658,-657,-656,-655,-654,-653,-652,-651,-650,-649,-648,-647,-646,-645,-644,-643,-642,-641,-640,-639,-638,-637,-636,-635,-634,-633,-632,-631,-630,-629,-628,-627,-626,-625,-624,-623,-622,-621,-620,-619,-618,-617,-616,-615,-614,-613,-612,-611,-610,-609,-608,-607,-606,-605,-604,-603,-602,-601,-600,-599,-598,-597,-596,-595,-594,-593,-592,-591,-590,-589,-588,-587,-586,-585,-584,-583,-582,-581,-580,-579,-578,-577,-576,-575,-574,-573,-572,-571,-570,-569,-568,-567,-566,-565,-564,-563,-562,-561,-560,-559,-558,-557,-556,-555,-554,-553,-552,-551,-550,-549,-548,-547,-546,-545,-544,-543,-542,-541,-540,-539,-538,-537,-536,-535,-534,-533,-532,-531,-530,-529,-528,-527,-526,-525,-524,-523,-522,-521,-520,-519,-518,-517,-516,-515,-514,-513,-512,-511,-510,-509,-508,-507,-506,-505,-504,-503,-502,-501,-500,-499,-498,-497,-496,-495,-494,-493,-492,-491,-490,-489,-488,-487,-486,-485,-484,-483,-482,-481,-480,-479,-478,-477,-476,-475,-474,-473,-472,-471,-470,-469,-468,-467,-466,-465,-464,-463,-462,-461,-460,-459,-458,-457,-456,-455,-454,-453,-452,-451,-450,-449,-448,-447,-446,-445,-444,-443,-442,-441,-440,-439,-438,-437,-436,-435,-434,-433,-432,-431,-430,-429,-428,-427,-426,-425,-424,-423,-422,-421,-420,-419,-418,-417,-416,-415,-414,-413,-412,-411,-410,-409,-408,-407,-406,-405,-404,-403,-402,-401,-400,-399,-398,-397,-396,-395,-394,-393,-392,-391,-390,-389,-388,-387,-386,-385,-384,-383,-382,-381,-380,-379,-378,-377,-376,-375,-374,-373,-372,-371,-370,-369,-368,-367,-366,-365,-364,-363,-362,-361,-360,-359,-358,-357,-356,-355,-354,-353,-352,-351,-350,-349,-348,-347,-346,-345,-344,-343,-342,-341,-340,-339,-338,-337,-336,-335,-334,-333,-332,-331,-330,-329,-328,-327,-326,-325,-324,-323,-322,-321,-320,-319,-318,-317,-316,-315,-314,-313,-312,-311,-310,-309,-308,-307,-306,-305,-304,-303,-302,-301,-300,-299,-298,-297,-296,-295,-294,-293,-292,-291,-290,-289,-288,-287,-286,-285,-284,-283,-282,-281,-280,-279,-278,-277,-276,-275,-274,-273,-272,-271,-270,-269,-268,-267,-266,-265,-264,-263,-262,-261,-260,-259,-258,-257,-256,-255,-254,-253,-252,-251,-250,-249,-248,-247,-246,-245,-244,-243,-242,-241,-240,-239,-238,-237,-236,-235,-234,-233,-232,-231,-230,-229,-228,-227,-226,-225,-224,-223,-222,-221,-220,-219,-218,-217,-216,-215,-214,-213,-212,-211,-210,-209,-208,-207,-206,-205,-204,-203,-202,-201,-200,-199,-198,-197,-196,-195,-194,-193,-192,-191,-190,-189,-188,-187,-186,-185,-184,-183,-182,-181,-180,-179,-178,-177,-176,-175,-174,-173,-172,-171,-170,-169,-168,-167,-166,-165,-164,-163,-162,-161,-160,-159,-158,-157,-156,-155,-154,-153,-152,-151,-150,-149,-148,-147,-146,-145,-144,-143,-142,-141,-140,-139,-138,-137,-136,-135,-134,-133,-132,-131,-130,-129,-128,-127,-126,-125,-124,-123,-122,-121,-120,-119,-118,-117,-116,-115,-114,-113,-112,-111,-110,-109,-108,-107,-106,-105,-104,-103,-102,-101,-100,-99,-98,-97,-96,-95,-94,-93,-92,-91,-90,-89,-88,-87,-86,-85,-84,-83,-82,-81,-80,-79,-78,-77,-76,-75,-74,-73,-72,-71,-70,-69,-68,-67,-66,-65,-64,-63,-62,-61,-60,-59,-58,-57,-56,-55,-54,-53,-52,-51,-50,-49,-48,-47,-46,-45,-44,-43,-42,-41,-40,-39,-38,-37,-36,-35,-34,-33,-32,-31,-30,-29,-28,-27,-26,-25,-24,-23,-22,-21,-20,-19,-18,-17,-16,-15,-14,-13,-12,-11,-10,-9,-8,-7,-6,-6,-5,-4,-3,-2,-1,0
-3.24976522934673e-10,3.45711131913058e-10,5.87573266021598e-11,1.02970337886237e-10,-3.26917909744111e-10,-2.47643135755211e-10,-5.0533261048593e-11,-4.9788606691077e-10,3.96603774034655e-10,-3.10788485598726e-10,-3.69668231513654e-10,-6.54607670285741e-10,1.13211587786321e-09,1.00070595151806e-09,2.40640833398116e-11,-1.58752353544323e-10,-8.11875670100816e-11,-2.10110223446836e-11,-6.75062592918834e-10,-2.40851851895037e-10,-4.12595792595584e-10,2.3833968540528e-10,7.81472964491749e-10,8.96447763471652e-10,3.98069324199385e-11,2.37143377636952e-10,6.64596472308879e-10,-6.09394952209713e-10,-7.40368130118164e-11,1.70225037635027e-10,3.12515011954927e-11,-7.27505828987911e-10,4.26538367111247e-10,-7.54790610975759e-11,-3.03228648922246e-10,5.08950398521436e-10,-5.69800852986777e-10,6.45273278317136e-10,1.88605609131068e-10,3.45413966403939e-10,5.72844847407509e-10,4.33577220261004e-10,2.5648004889601e-10,-4.66006707772581e-10,1.93040783138039e-10,2.99857894126617e-11,5.06292209542212e-10,-2.65407958265045e-10,-4.83260323615112e-10,1.87914653524181e-10,-4.45125269037996e-10,2.55241146506252e-10,-8.23892687388999e-11,1.09750346947476e-10,-2.16039717189565e-10,3.85475345796113e-10,5.15685356056785e-10,-8.06943576818758e-11,2.86269002851554e-10,4.38393127801674e-10,9.99233080489079e-10,6.11189593051298e-10,1.35316003171521e-09,-1.78846080565277e-10,-6.449845650568e-10,-1.07680059367057e-09,-5.75026747933833e-10,-3.52315940322447e-10,-2.18461086590572e-10,6.88525957409538e-10,-3.00834480593591e-10,-1.75531644982218e-10,-2.76898404497126e-10,8.00131535179772e-12,-1.14059339191502e-09,3.99467593798551e-12,-8.77065093573222e-11,2.00502322537768e-10,-3.31828685635386e-11,-1.17929003810516e-09,-4.10842566623727e-10,3.75505537290754e-10,-1.3391000389239e-10,-6.2603935586004e-10,-3.7354541046596e-10,-5.16899208486589e-10,-8.2478793120629e-10,-6.54114516057501e-10,7.43423612494552e-10,2.89484845960348e-10,3.8141625749991e-10,4.40872821203595e-10,1.53786860335753e-10,3.93559205037654e-10,-4.28081130395408e-10,4.07473296796396e-10,-4.03156240749116e-10,3.33095495995303e-10,-2.73284831372826e-10,4.41140907874321e-10,3.50927313526022e-10,-2.82353607650883e-10,-4.78677449386767e-10,3.99668225256317e-10,4.44084488643663e-10,-1.20919447622869e-09,-2.24587650596742e-11,-4.89195305216954e-10,3.32068046056746e-10,-6.02079007936492e-10,1.08453665998658e-10,-1.88607442384412e-10,1.36548246141345e-09,-2.27352739327307e-10,-9.09913505830072e-10,9.41408649188071e-10,-7.73190359368593e-11,-3.76836333860572e-11,2.33182365438402e-10,-4.20384358519124e-10,-3.78902481209611e-10,-3.61207552708563e-10,-2.92216941715897e-10,-7.13580689346799e-10,-5.84330583989009e-10,-1.17559043127028e-09,1.10994062896334e-10,-9.92146541753802e-12,9.04403511740237e-10,-1.44555574715414e-10,-1.08428554960981e-10,3.50606126783732e-10,2.20106436522677e-10,-4.09657386564806e-10,-2.05152626793818e-10,-7.31515162215605e-10,2.17096380370012e-10,2.3756535332115e-10,8.50201230059031e-10,-1.01079275418976e-11,2.37064683382446e-10,-8.50443893915737e-11,-6.47515277516968e-10,-5.97889652832299e-10,3.57237886728843e-10,7.1087839677667e-10,-2.9813741330187e-10,4.07159276903751e-10,3.24769562674912e-10,2.97984233200925e-11,-8.28315971893527e-10,6.25939227272778e-10,-1.95915937103175e-10,-4.71692263535339e-10,7.49681829347978e-11,-2.77158518609116e-10,-3.50176203821821e-10,2.81442844248139e-10,-7.51168528456234e-10,1.62381255697209e-10,7.60616212347265e-10,2.17410303175477e-10,6.60001633557815e-10,5.58564884287925e-10,-7.18939595328871e-10,3.14050642290373e-10,4.08182819558022e-10,3.49601832362179e-10,-1.46647943932954e-11,-2.68361701415931e-11,2.15896092660522e-11,4.42907115559828e-10,-9.99510565318304e-10,8.89892239085839e-10,-2.06435349707766e-10,-1.21608456440716e-09,2.29276596765839e-10,5.35749845019453e-10,3.75620145176985e-10,6.08908113539167e-11,-2.87718257468101e-10,3.8652208680161e-10,8.73947584572169e-10,-1.3591231600187e-10,1.44705137130462e-10,-3.15938009035502e-10,-6.23118461962636e-10,-8.73050433093162e-10,6.93062559388618e-11,-1.78074168514445e-10,7.04574795336954e-10,-2.17005867915488e-10,3.49843281161911e-11,-3.78126179412281e-10,-2.09800781729986e-10,2.48959637247399e-10,-2.40523642678097e-10,7.9044544854386e-10,6.11674297159978e-10,6.77778836587548e-10,-5.81262991116569e-10,-9.5902437019165e-10,-2.77941171704337e-11,9.19325481061416e-11,6.76475981896396e-11,2.4329979303535e-09,-1.14498472000908e-10,-3.6673092646682e-10,5.61225622820002e-10,-9.78921662746704e-11,-1.48624886116595e-11,-4.28484125275706e-11,2.58615888258192e-10,-1.29210863496854e-09,-1.05999921220051e-09,-3.28577376612666e-11,-8.09973012588179e-10,1.14418673411153e-10,-1.18800026489857e-10,2.56657043513477e-10,1.12993642578692e-09,6.79439170079119e-10,1.11199170156961e-11,5.57427957104634e-10,1.144959782318e-10,-7.78972291913794e-10,-5.78626997478993e-10,4.73916044993705e-10,5.68952790053599e-13,1.66310296753075e-10,7.34332397139429e-10,8.58636631466923e-10,-1.87077147303178e-10,4.55542055441221e-10,-9.26042985739169e-10,-4.73782375537919e-10,-2.61223801046604e-10,-1.76853904645238e-10,-8.04105467702497e-10,6.22121879006728e-10,3.61249036145091e-10,6.17904682933695e-11,-2.53944828055365e-10,3.06070619216354e-10,8.55709817780662e-10,2.67804184430857e-10,-6.17201050656257e-10,-4.90673887071834e-10,-1.5508082087317e-12,3.5917003768884e-10,2.10017629416498e-10,2.95769372951067e-10,-2.14281703955111e-11,-1.04286131637157e-09,-1.2002241093421e-10,-1.67841703231688e-11,-1.4074980818086e-09,-3.76111332270193e-11,3.94349747344968e-10,-4.66568416779885e-10,-7.42686308228615e-10,-1.45284340380315e-10,-8.52870001026148e-10,1.20474580344515e-09,3.12763642001147e-10,-4.44478953741376e-10,3.92082853728329e-10,-7.03043257641308e-10,1.4534867087784e-10,-3.042161026625e-10,-1.13451794965479e-09,9.92522534823175e-10,-2.01095522864078e-10,-6.75724916825064e-10,-7.90591388788546e-10,-1.74441435328721e-10,1.56774726664181e-09,1.1760171117562e-10,2.26872654147564e-10,4.35422512646026e-10,-6.96908081285189e-10,-1.50702734418581e-09,1.27256499061498e-10,3.59976907065574e-11,1.59827654357736e-10,1.17948099612647e-09,5.91443829169847e-10,5.01351026284337e-10,-4.38313553233834e-10,1.52221284781856e-10,-8.53678734060715e-10,2.28093737542102e-10,5.13972960357574e-10,9.14648514866976e-10,7.67548586585067e-10,-2.46694189376781e-10,-1.03602288512622e-09,3.45024446167503e-11,-2.09427412707267e-11,-2.52135363232844e-10,-2.65115699861371e-11,-1.18079762256645e-10,3.70084739795094e-10,4.07257958246919e-10,6.41765974656409e-10,-3.12785129799904e-10,-2.37707165859704e-10,-1.01756250198487e-10,-3.01807172525551e-10,9.37427514010216e-10,2.14347462711042e-10,-9.15038931383615e-10,1.99742619712462e-10,-5.24196870947396e-10,-2.26323279837304e-10,6.98783249629221e-10,-6.30852636046438e-11,2.82575081507683e-10,-6.38499979584347e-10,-1.433409299227e-10,-8.04036081001942e-10,1.68602515341219e-10,6.16993102370209e-11,-1.05720762984227e-09,1.16323748943818e-10,2.38311848488458e-10,6.9019569057592e-10,-9.33625142760807e-10,-9.39009697668814e-11,1.49706889188757e-11,-8.64542877346092e-10,-4.34697792152955e-10,5.40869571400476e-10,3.60696023054388e-10,-4.85363317726448e-10,5.28563412669431e-10,-6.44304980373292e-10,2.01615425814367e-10,-6.39592176967395e-10,-5.7403697779007e-10,-6.94187545374451e-10,1.84066487931471e-10,-1.50515554384399e-10,-3.60482450886361e-10,9.89468636061976e-11,2.85535731311772e-10,-2.97017318341244e-10,7.64825755981538e-11,-1.8675961325047e-10,8.60900456607821e-11,-2.65888172007855e-10,-3.45271794237716e-12,-3.43374263670199e-10,1.24114598204023e-09,5.03167023463699e-10,3.3430873368267e-10,-4.00096136773344e-10,7.1880410463768e-10,-7.89260350357285e-10,7.11449628567972e-10,4.00688389710715e-12,1.00148165375495e-09,2.969761184215e-10,-5.58489647131943e-11,-5.62205687281066e-11,-1.69520469158094e-10,-3.201684627925e-10,1.62466222550483e-10,6.32007273606558e-10,-1.15758251535372e-09,-7.91952744625298e-10,3.51175487281286e-10,7.54521893920671e-10,-3.2286032560992e-10,2.72992359636539e-10,-4.10053516892249e-12,5.27309884485641e-10,4.32633036756696e-10,1.90006548974834e-14,7.12008437101732e-10,1.6015064841804e-10,6.66622437482525e-11,-3.23832829386271e-10,-1.9556558223088e-10,-3.25239439018301e-10,-1.13692071928929e-10,-9.49122672188536e-12,1.74621576772486e-10,2.02740869171145e-11,4.09670949103162e-10,5.32436007519081e-10,-2.33717205953604e-10,-1.50647712178781e-11,-3.49392389665338e-10,-2.49264828836147e-10,-7.35570357306413e-11,4.77920866433046e-10,-8.13431473618778e-10,-2.53089337764924e-10,-7.53250711782535e-10,1.22997299031801e-10,3.54993655636782e-10,2.79646835358686e-10,-6.13410492440515e-10,-6.36525018477118e-10,-1.65425063466501e-11,6.33502847847638e-10,3.01134222636966e-10,-2.1047717130036e-10,-3.29817948287842e-12,2.24607356624992e-10,2.97339010399445e-10,1.1659210400875e-09,4.08742831909363e-10,-5.99348069369759e-10,2.68742809713111e-10,6.29169499294115e-10,-4.76433376232522e-11,-5.65321115751117e-10,-7.64290475301628e-10,4.13308177738896e-10,1.83777790257516e-10,-1.03237572103264e-09,1.48496750280833e-10,8.63438487351864e-11,2.52031950319401e-10,-7.62793555931001e-10,-4.90758968050744e-10,3.2796405470947e-10,-3.32143840182572e-10,-1.99321098962932e-10,-2.58251995685132e-11,-5.98057729739331e-11,1.29610938659378e-10,2.60401120046436e-10,2.46646246747948e-10,-4.58113478412412e-10,4.09700647888726e-10,-7.9397703262155e-11,-1.50966095635759e-09,2.25037603264461e-11,-6.13901110944959e-10,-2.27731391409911e-10,-5.84741389708925e-10,4.64795872815197e-10,1.19066993100207e-10,1.93593210090391e-10,2.76586689539814e-10,-2.74705936310264e-10,-1.00941537017267e-10,-1.52593127645399e-10,1.03433458390022e-10,2.44407184441266e-10,3.02147126435865e-10,2.06210538810399e-10,-5.92522807011934e-11,-4.54729656024202e-10,1.39489466838261e-10,6.33908190543965e-10,1.79519906788189e-10,-2.00172202528197e-10,3.01319147273699e-10,-6.52916984811554e-10,2.065958530169e-10,-8.26071061588194e-10,-1.89436032495635e-10,4.69896608714307e-10,-4.66093595135923e-10,-2.65381997152605e-10,-8.34625451643065e-10,2.7848228870273e-11,-1.62511642711499e-11,-3.32673915453949e-10,-5.29357555724009e-10,-1.0956867682342e-10,-7.63048228685626e-11,-3.55944866981186e-10,5.07588782049575e-10,1.14198303415805e-09,7.10906462649012e-10,1.05528748412195e-09,-4.20200782228242e-10,1.28829196952349e-11,2.50263275422412e-10,-2.59815314067745e-10,-3.05252986292554e-10,4.94402364786234e-10,2.4117063247489e-10,1.02996952571098e-09,8.53094332281353e-11,-9.33943606714264e-11,-5.80014430109441e-10,-6.39132851640964e-10,1.01050920500369e-09,-2.98993853018093e-10,2.99219155976389e-10,3.56284729441722e-10,-2.04350551963718e-10,2.9043124644446e-10,-3.84970217023577e-10,1.06313285882943e-09,6.27733605276274e-10,-1.80229417517669e-10,5.19663435417057e-10,-1.04443251145313e-09,-1.15841676346743e-09,3.88324951632098e-10,-5.70760070705909e-10,-1.85380437850243e-10,1.22133336171935e-10,-7.37131524031488e-10,-1.1378171556725e-09,4.28665277040162e-10,9.60858434326141e-10,-1.54104537231975e-10,-3.05616178366463e-10,-5.16813618917197e-10,-2.50357851572713e-10,-4.0189997558003e-10,-6.06636196097357e-10,5.83102402641102e-10,-5.87357909810751e-10,5.29143731500703e-10,6.90876833775278e-10,3.53995471028583e-10,9.40519160765407e-10,-4.48286690745473e-10,3.92719360189996e-10,2.06038568467896e-10,-4.39436142175137e-10,4.59317457518776e-10,-2.04994857921964e-10,1.16082590848468e-09,3.24151434994995e-10,1.60339409797106e-10,-3.82397048983562e-11,-8.78117509526896e-10,-1.80514408063698e-10,9.01645026217414e-11,2.11733591122422e-10,8.0578537678378e-10,1.72686847141265e-11,-8.08267049915942e-11,-3.77944851361992e-10,-1.35658588568916e-10,2.02691846121248e-10,1.66550552227105e-09,-3.39584889206938e-10,-7.21052523075683e-10,2.40991395711683e-10,-3.27464292929732e-10,2.37908723523258e-10,-8.04152377080618e-10,3.2257323370104e-10,3.31905496004553e-10,1.33899632782927e-10,5.06730506925108e-10,-5.1591145741858e-11,7.79695138335257e-11,-7.28622492010065e-10,-3.15621895795011e-10,-2.11350742283359e-10,-5.84753983214901e-10,2.55394911882725e-10,3.33073769860584e-10,2.38369343805675e-10,-1.40446640435328e-10,7.1065971743863e-10,-9.07666166543116e-10,-1.92511644848763e-10,-1.80633763570618e-10,-2.44228507561355e-10,4.27832248775779e-10,-9.8514732111178e-10,-4.09119722811229e-10,9.27614363409823e-10,-1.20874907119389e-09,2.08883782488282e-10,2.40058075009226e-10,-1.24601241302928e-10,-1.75695625846639e-10,3.58231965327677e-10,-2.11836977914836e-10,3.3272726542314e-11,-6.89361588187146e-10,1.90830049478608e-10,4.06045324200206e-10,-1.14225763156661e-10,-9.52035820150548e-11,3.48965785725871e-10,-9.43191645457338e-10,1.56991053555295e-10,-3.56866238999217e-11,1.56248908262238e-10,2.8678799935483e-10,8.02297029276276e-10,-1.32128521831456e-10,-1.77198936067503e-10,-5.57202502684202e-11,-3.29675529569444e-10,-3.05800252208296e-10,-1.2208176612516e-10,4.28944047740905e-10,3.69254230888231e-10,-7.05881827276863e-10,5.54835136102869e-10,4.25352429673828e-11,5.66804148266589e-10,5.44491644650137e-10,1.71315329731868e-10,2.64883428785929e-10,-2.6631746038265e-10,-9.40506254328813e-11,1.67520021861462e-10,-4.16154362857106e-10,-5.24458872020604e-11,7.30693329421257e-10,-7.51779783633343e-11,1.9798353822398e-10,2.51564183019832e-10,-4.49567778979161e-10,-3.41114715240401e-11,9.71594506633437e-11,2.03355699826504e-10,2.07702905005604e-10,-5.04046022940605e-11,-6.87431202057486e-10,-9.17639578027748e-10,-7.02384864400911e-10,-7.87108407445576e-11,-1.38064528602289e-10,-3.95543210709328e-10,1.06891469144702e-09,2.59365990217524e-11,4.78201982846577e-10,-3.95323921525292e-10,-5.86869136812359e-10,1.05228554623701e-10,8.25496093894838e-11,1.29553630596996e-10,-3.9340513132732e-10,-3.85006509064196e-10,-7.77885234275878e-11,3.73173050232156e-10,-4.42823553776405e-10,-1.428761163081e-10,-2.8307934337543e-10,-4.31512611341377e-10,1.47691830435648e-10,7.48959546487738e-11,-7.79063260504616e-11,-3.84301726625974e-10,1.49940322154884e-11,2.76851448853284e-10,-9.49724334140721e-11,-6.5744045128137e-10,-5.2663597987058e-10,5.14288892928479e-10,-2.25835753024153e-10,2.18134312481682e-10,3.8656698827688e-10,-2.72999766979683e-10,2.79774811457861e-10,4.86167632789027e-11,-5.13284121645467e-10,1.73026554439335e-10,1.24974891527787e-09,-1.05715668741802e-09,9.86769108716248e-11,4.04089766441603e-10,-9.08606202710498e-11,3.23339484009856e-10,-2.35902752075196e-10,1.20235484879638e-10,-8.55322695968329e-10,-6.5482682092881e-11,-5.71097809345141e-10,2.59641792905942e-10,-8.24969167134866e-11,-8.96037281356098e-10,-5.76249391338858e-10,1.75190825536442e-10,-2.38198167616271e-11,-1.19323153431305e-10,-2.93557611651737e-10,3.22005060173824e-10,-3.95943202093059e-10,1.52090199745441e-10,-2.6134117762274e-10,3.26768439812377e-10,4.99086369292454e-10,-4.76171554245815e-10,3.60962689494311e-10,3.8887658517648e-10,2.18680623219774e-10,-1.07841507066774e-09,5.20718309844016e-10,4.95790620879692e-10,3.0540360670006e-11,-5.48251829397994e-10,5.68055144596984e-11,-1.40610320651849e-10,6.80956856795399e-10,-5.59944631054502e-10,6.40825912096661e-11,3.36917066842931e-10,-1.02307332608461e-09,2.34881051097269e-10,4.82984962611084e-10,2.4219841867796e-10,-6.37074104673833e-10,9.35975855899619e-10,-2.34429251083556e-10,-4.01003300406628e-10,-3.60850533897393e-10,-5.98538394028014e-10,-7.22730741615771e-12,-2.37744621998174e-11,2.72736034840375e-10,-2.36322809363295e-10,-5.41204430802972e-10,-1.11687879652326e-10,-6.22368607070585e-10,2.15901555738004e-10,2.69706890125732e-10,-4.6754595432876e-10,2.37145589330378e-10,1.63039834854698e-10,-1.25713763613865e-10,6.97397804565628e-11,-2.66299436592534e-10,-4.36278284949158e-10,1.59048906234854e-10,9.46414213812835e-10,2.92137546159926e-10,6.49274257146482e-10,7.45036452300764e-10,-2.6754279232173e-10,5.94749973171667e-10,5.55585549858961e-10,-3.04033285873425e-10,-8.77515764488314e-11,7.83055185698609e-10,2.01776233782983e-10,-2.98991943503268e-10,1.8198970321979e-10,-1.26413875878921e-10,3.29516681030614e-10,1.16345416584489e-09,1.4152879960671e-10,-2.4265256177515e-10,2.84677114223281e-10,2.18713547388063e-11,-1.08604218966255e-09,2.6412065771253e-10,3.04720961165393e-10,3.95859933963315e-10,-2.85409084255091e-11,9.77717380127824e-12,3.94014133932905e-10,-1.24895645840442e-09,-3.32088857612665e-11,1.21249538869481e-09,7.97131192213993e-11,-5.52284149814151e-10,-1.95566514405329e-10,6.27198173011045e-10,-1.91379101537052e-11,5.67530717418255e-10,-4.69094147936117e-10,2.19253043432022e-10,-2.34875833387032e-10,-3.10018136416172e-10,3.71900422621598e-10,-6.85566551039498e-10,5.2545426645562e-10,-8.5825573098153e-11,3.19527656257056e-10,-1.95063158958089e-10,-5.31788056711951e-10,-1.43809762152069e-10,-3.96181742472582e-10,-3.06410847064766e-10,2.37740273193905e-10,-2.27739330029468e-10,2.65459281703526e-10,-3.57714325496912e-12,5.44721688186214e-10,5.59492442789053e-10,-1.89779112264493e-10,-5.00608832713565e-11,-4.13159772016214e-10,5.52928908893316e-10,2.17459955724694e-10,2.78070848894581e-10,-6.02059652337078e-10,-3.13153863164151e-10,-2.37950734168533e-11,2.83101754043213e-10,-5.95862815599952e-10,4.29340295565064e-10,1.15099175622887e-10,7.49171693594226e-10,3.06969753951825e-10,6.50257353079009e-10,7.18575147980604e-11,-1.82219718627657e-10,7.94238112861858e-11,5.22554700017425e-10,-4.64468502126568e-10,-4.28990155597049e-10,-9.13461630343393e-11,5.7105923509335e-10,1.15764715931463e-10,1.98165594146037e-10,2.92810055997845e-10,3.53147962256193e-10,4.95273206271461e-10,8.70220820011157e-10,1.06427724108698e-10,2.10248978126797e-10,-4.93732094839857e-10,-3.3170249750756e-10,-9.45736855864564e-11,5.10002444581037e-10,-3.09180168793406e-10,3.02138400486768e-10,7.20760001152373e-10,-4.84113380349995e-10,-3.18663980612878e-10,8.36907095086881e-10,-1.33098712270261e-09,-5.25013632498567e-10,5.10078449130387e-10,-7.66531745629041e-10,3.11167240574613e-10,4.87859501715948e-10,-3.86346192198192e-10,3.2603871000596e-11,-3.93081695325592e-10,-3.54977535370984e-10,4.40716333754592e-11,2.40025206392231e-10,-2.39676497850799e-10,-8.13704932917611e-10,1.97433346568624e-10,-2.97622137144243e-10,9.19457178191518e-10,-3.87073757412643e-11,-3.17472728890762e-10,5.55766483249221e-10,-4.40319091630547e-10,-8.71791032976251e-10,1.16812276768399e-09,2.13463765033834e-10,-3.97169155623606e-11,-1.34295275916891e-10,-6.98019214961956e-10,1.38728229449539e-10,1.97022653083138e-10,3.56980483128286e-10,-6.50542043425136e-10,-8.15287121374815e-11,1.96718038069907e-10,9.65188302493213e-10,4.34681089630452e-10,3.53630387054225e-10,-4.97026815336221e-10,3.28103688033128e-10,-4.49961020856943e-10,4.48551383362972e-10,7.87651829791606e-11,-4.69047053718593e-10,-2.51678566018808e-10,-3.92578890082507e-10,-1.47605998606021e-10,7.9786344879286e-11,1.37485511147302e-10,-4.12008036874462e-10,-4.40798321612205e-10,-3.26205497713504e-10,-3.23905924889925e-10,-1.06090281533994e-10,-8.82195177040097e-11,3.27976257742793e-11,2.9083958615079e-10,-3.1092994681847e-10,3.0327525238706e-10,7.88925920341955e-10,-5.56732000803433e-10,-1.51903882010317e-10,3.5353978395256e-10,-8.7803662980375e-11,5.68666223255738e-10,-5.81017817366634e-11,-1.17169879289848e-09,2.0705969532182e-10,4.9144910610792e-11,-2.79995017824537e-10,4.30386325870848e-10,-2.14871127291181e-10,-5.21981926278578e-10,-2.24601885597316e-10,5.28276494218497e-10,-3.14708434513232e-10,1.37582921296034e-10,-5.93136462078793e-11,5.35360914079373e-10,-4.49584665560996e-10,1.09805411767186e-09,-8.7020072521065e-10,-4.6812940600117e-10,2.45370251347204e-10,1.86520258331597e-10,-7.54321972041376e-10,-1.38903394267325e-10,2.76529024101445e-10,-7.61653462333333e-10,1.18999506759993e-10,7.18200718591106e-10,6.6262976143739e-10,6.14480103190711e-10,-4.77329194391686e-10,5.96003484087857e-10,3.5021585825629e-10,-9.4353081744706e-11,-3.48222079063984e-10,4.80879238559735e-11,-7.07484153984585e-10,-5.5321442639228e-10,8.10720558385392e-11,5.90314335046619e-11,5.14829433345466e-10,-7.35277149076365e-10,3.35222399574792e-10,8.06041808789365e-10,1.07148338693797e-10,2.61289052861297e-10,-1.0042980227981e-09,4.58716107954515e-10,-3.03329151260166e-10,2.49413958628961e-10,1.48144127962374e-10,6.47159107999431e-11,-4.48643243140853e-11,-1.77686439093602e-10,1.58677557319398e-10,1.9051665468607e-10,-2.63808902636257e-10,-6.82428508993012e-11,-4.58969681124893e-10,4.11552142237531e-10,1.07213364477969e-10,-1.03698070480121e-09,-9.42451350426707e-11,-1.67222857233e-10,-1.53968713060709e-10,1.59261297888318e-10,-9.77723976768245e-12,-2.33840345467317e-10,2.29445043139038e-10,-3.47251182012911e-10,1.66365949186336e-09,-9.36167165869896e-10,-9.80884683975079e-10,2.69146037188261e-11,3.60900027218921e-10,2.96774714665825e-10,1.09396155617364e-09,-3.36388825343996e-10,-1.19224379152996e-09,-1.9355247314171e-10,-5.53779743196334e-10,-4.34464598080565e-11,-7.35318891949619e-10,6.62871059003562e-10,-1.41145301789261e-10,2.54767619684742e-10,-1.04741415340582e-10,-4.83350018579957e-10,-1.66529260092068e-11,3.79288651696451e-10,1.12275486229658e-09,1.40870080146917e-10,2.4614910034313e-10,1.64146871907516e-10,7.2929267017655e-10,2.6633102510484e-12,9.17495403544092e-10,7.47050271110332e-10,6.821252780534e-10,8.07018007808632e-10,1.77549318840011e-10,6.36160622036489e-10,-7.65400283357052e-10,-9.11019982889974e-10,4.14464875780045e-10,6.48390859958238e-11,6.54880931342068e-10,7.34912858096072e-11,3.07428808932555e-10,9.1143652211021e-10,1.74066902277284e-10,6.97528937031097e-11,2.12714100740023e-10,1.29451085807001e-09,-1.9626794501996e-10,-5.61671603100553e-10,3.44580095161004e-10,1.0816516345015e-09,2.31141592198852e-10,-1.10027293940417e-11,5.43527142553423e-10,5.68843008486546e-10,-8.98705683082173e-10,-5.48318627503041e-10,-2.66675349022026e-10,-6.26798269580013e-10,5.77472875253547e-11,4.82590570833271e-11,1.28990474292136e-09,3.61108421013396e-10,5.37498794711572e-11,-6.35999880465298e-10,5.52137276739154e-10,-8.24992555384526e-10,1.4095654584196e-10,-9.74463307581306e-10,-2.2634856340298e-10,1.5662446136567e-11,-9.0702645593876e-11,1.01850313126665e-09,-3.18768211739155e-10,1.8365627535883e-10,-4.84457073846206e-10,3.6499136744976e-10,-5.24120924935998e-10,2.32922878880227e-10,3.51132177383189e-10,6.48706097498576e-10,-3.50845867338864e-10,1.81912342133904e-10,4.84320737057945e-10,-7.29528032468426e-10,5.37263122642934e-10,-1.54548947444597e-10,2.1063001926611e-11,-1.9330236936171e-10,-3.34516694007907e-10,1.4075798208256e-11,3.66075761493769e-10,-4.3847193754688e-10,3.51684613316535e-10,-4.51035736251506e-10,2.09668765383725e-10,-3.58785870705134e-10,3.92584377580198e-10,-5.02186325600326e-10,3.13250475640894e-10,-1.57217302510944e-10,-1.48681609987073e-10,2.08580356867866e-11,-4.83111426540896e-10,-3.23078992121829e-10,-1.82918731539034e-10,1.75776923427772e-10,6.66861887024077e-10,-1.11126760542428e-10,-6.58697916234867e-10,-4.75542321094763e-10,-1.04973447117682e-09,5.90595118168663e-10,5.28704998890284e-11,-4.14236495096353e-10,2.41781224884201e-11,-5.43965157126564e-10,3.64155027026629e-10,-1.07689641927017e-09,-2.97451029284884e-10,2.29772732371421e-10,8.99237435369066e-10,3.88767114780949e-10,1.49819847240168e-10,-1.47091249992874e-10,7.99150380417245e-11,3.39389750396774e-10,5.25484516573069e-10,5.31391721920129e-10,8.26871736213784e-11,4.60192016126133e-10,6.72209648703532e-10,3.30334410421129e-10,5.38465595203316e-10,1.09163303540969e-10,-4.76977512190687e-10,1.17571844560128e-09,5.45426166395621e-10,-1.21421830384704e-10,8.10879574600767e-10,-3.44600491230555e-10,3.66388591018738e-10,-2.0947877991477e-10,-4.69177961594894e-10,2.41534563632381e-10,-7.66928146085899e-10,2.12071528136397e-10,-9.00372853847942e-10,-1.44367685648506e-10,8.94506152068814e-11,-1.11303278393212e-10,-1.58168005737276e-10,5.50821034277771e-10,6.74048343646946e-12,-9.28800475974625e-11,-2.2680006100499e-10,-9.92122742664243e-10,4.45602200889146e-10,1.52717949187981e-10,5.51782882580031e-10,2.01698298535799e-11,-9.46582440235006e-11,-8.81839687539883e-10,-8.44757716648638e-10,2.97246968596676e-10,6.6441426141963e-11,1.330293433054e-10,-1.11450694428359e-10,-5.93608755604736e-10,-1.16486752053866e-10,6.42902677673993e-10,5.78324027414973e-10,6.92580875988184e-10,-1.86916619751683e-10,6.93964419873982e-10,4.36936813239262e-10,-7.46815226398238e-10,-7.95842618554006e-10,1.36090966335041e-09,6.00737960276331e-10,1.58905395898893e-10,5.76994526809619e-11,-2.54489582620333e-10,-3.89435947459722e-10,6.77405586984536e-10,2.130359839635e-10,-6.21071172453474e-10,6.71148791288765e-10,-6.65929310755709e-10,-5.97497572850847e-10,1.14497781371286e-10,4.99188095453455e-10,1.59240496954402e-10,-8.37249484545409e-10,-1.60772312206068e-10,-4.72811663088868e-10,-4.37082679683603e-10,-3.88522719433236e-10,9.15909419799201e-10,-4.19870621108025e-10,-2.10224647222091e-10,-3.33518248946766e-10,-8.31553651847291e-10,-4.21672783889969e-10,7.29093503131076e-10,-5.51743625251166e-10,-3.1001180120379e-10,-4.03547797680439e-10,3.3252181455246e-10,8.85197749425119e-11,3.62268611748434e-10,-7.50245605984451e-12,2.834174467792e-11,-1.17763186096063e-09,5.11478926419692e-10,-3.01450887583845e-10,-1.46147833489801e-10,2.59562199763888e-10,9.20483621018777e-11,-1.51392372853565e-10,-1.63832145647076e-10,-5.46169559896369e-11,-3.63308235930678e-10,1.30102692541594e-11,3.67697156081136e-10,-2.18979649533779e-10,6.47387776685801e-11,-7.46199737677511e-10,-1.54697914070188e-10,-2.66615115630373e-10,-2.25860971035792e-11,-5.95749185217564e-10,-3.90274531078603e-10,1.03022768794034e-10,-1.79969538601197e-10,1.20361955445111e-10,-1.0238287291993e-10,-1.42967295655328e-09,-5.0637915542897e-10,-5.95095224819923e-10,2.32066967752901e-10,-7.30920747027998e-11,-4.08128783955445e-10,-5.71509027572064e-11,-3.70993919816497e-10,4.23763296694999e-10,-5.23686537507983e-10,-1.41808287792057e-10,-2.12352907422543e-10,-2.94962960736111e-10,8.54646549068326e-11,-1.37378556918123e-10,3.97543745528209e-10,9.11500373943918e-11,-1.62386061684126e-10,-1.01837341811603e-09,5.00823838928908e-10,4.88895193507943e-10,-9.04649751624262e-12,3.05296018960123e-10,-7.14714411386131e-10,-4.71024889935521e-10,-6.58441668886334e-10,-3.28744438266786e-10,4.91851279929653e-10,-9.41901206984298e-11,-3.96959470326578e-10,-8.36064972326837e-10,1.66780723387029e-10,3.56976390362165e-10,-1.4712018396006e-10,-4.55016518985239e-10,-6.61916007724649e-10,-2.38290851106976e-10,-2.1961490793909e-10,5.52230442842135e-10,-5.45830971341049e-10,5.60387195067749e-11,-4.27965381359426e-11,-3.14977808952753e-11,-2.55568505841878e-10,-2.07566932747422e-10,1.16112670570582e-09,1.12670439205648e-10,-6.98130483479161e-10,2.42174907146579e-10,-4.82983163170429e-10,-5.83833679496647e-10,-6.32056527931322e-10,5.97750292344157e-11,-3.48301169807986e-10,-3.47936574989435e-10,5.60356201736247e-10,-4.43100355535739e-10,-4.8244967555818e-10,-2.2709295993125e-10,-1.96051369234719e-10,7.38257000370612e-10,5.30201354441839e-10,-4.47615309637277e-10,-4.7952924075532e-10,1.75354348728831e-10,-3.11681098434971e-10,-1.57756089951883e-10,-3.07607104321858e-10,-2.47118648901584e-10,-3.20244946696808e-10,-2.5947203677093e-10,6.90352306944891e-10,1.30302553872746e-10,3.63720204581317e-10,-5.06360044074981e-10,-6.13039325340722e-10,2.5022854760712e-10,7.78907547430405e-10,7.37815751020998e-10,1.88895675110752e-11,-8.47925069446086e-11,-7.02172351414479e-10,2.46984828131208e-10,-6.11601871938214e-10,-4.01625217594573e-10,-5.33608135610007e-10,-1.24993247860549e-11,3.62703531261322e-10,4.01244832234647e-11,8.98444504322868e-10,-4.97340124028596e-11,-9.38239173377112e-10,4.33889360818808e-11,-6.94183818837123e-10,1.90496020432176e-10,3.05508177155069e-10,-8.26201574047556e-10,-5.50736989330773e-10,5.75542332867208e-11,-1.00720463268551e-11,7.92058833907767e-10,2.56077711705194e-11,-9.44993181595551e-10,-2.93046074250622e-11,5.36773525888496e-10,4.72636423364544e-10,-1.18968064916663e-09,1.89893098825531e-10,-2.34269483217796e-10,-5.24522325588714e-10,6.68880709614245e-10,5.89462597536286e-10,-8.23699802618888e-10,7.1727764985446e-11,-1.32587367146847e-10,1.5180254485282e-10,-6.28985043087556e-10,-7.4787008838293e-10,5.35347049041262e-11,-7.05245991415089e-10,-3.03056128887509e-10,2.53397757628941e-10,9.62075251503286e-10,-1.41787816410819e-10,5.74524082614671e-10,-8.97870407294634e-10,-5.25233121810807e-10,2.13659302779406e-10,-5.64825816116945e-11,-2.47799006225696e-10,-3.22061599406989e-10,2.2512875791304e-10,7.73685805655828e-11,1.32103800405908e-10,-7.14492176695423e-10,6.2855731442264e-10,7.8651184314842e-10,-2.68606897919989e-10,-7.10325062416427e-10,-4.83742347338578e-11,-2.69215183530604e-10,-7.17881855761197e-10,4.13371898802618e-11,-2.24409477757605e-10,5.09941847442202e-10,6.8510008325927e-10,-2.98653877603328e-10,-1.14433141990382e-09,4.61782616418137e-10,4.23433212290144e-10,-3.32750821404914e-10,-6.66783674825293e-10,-7.83238142553718e-10,2.02487700426423e-11,8.03075808468962e-10,-2.76715888342328e-10,-7.62917257963414e-11,6.26186034734178e-10,-4.6711162979985e-10,1.09514774371306e-10,-5.62459244079915e-10,8.8212141684317e-11,-7.7920369735041e-10,9.14916123901907e-10,-7.11639042721518e-10,-9.35419765728815e-11,3.09437184103775e-11,9.30006116399785e-10,3.14936929736059e-10,-1.10428633019448e-10,3.24446490004465e-10,-3.38395428006755e-12,4.93379309583362e-10,-4.87922731524171e-10,6.14326397191814e-11,-2.92780101186883e-10,-1.04873305298994e-09,-5.45499660469075e-10,-4.70355384891422e-10,-1.59709832719616e-10,-7.49366224381219e-12,-1.34297699159683e-10,4.16567691742705e-10,-5.12885098990228e-10,3.60135680481119e-10,5.26452128744611e-10,5.79397246979854e-10,-1.23454187540801e-10,-6.40892232413448e-10,1.89034992597433e-10,-6.08636957598428e-10,8.83493431466618e-10,2.30271679565851e-10,1.00649700765853e-10,5.09005096638259e-10,-8.88439458335937e-10,7.10419829626684e-10,-4.84753704134044e-11,-5.38522062167597e-10,5.8951409401762e-10,-4.33084704850154e-10,4.72910850864495e-10,-9.18013529441645e-10,5.57912973981142e-10,4.92683254839863e-10,-2.47690404386675e-10,-7.98561538866972e-11,-8.56653923744112e-12,-9.51987440905278e-10,-1.44062935079068e-10,-3.38025144344189e-10,5.87265215870112e-10,2.60246961913493e-11,8.63779943856766e-10,-2.13050380352506e-10,7.42010851362823e-11,2.04787154457856e-10,-4.67939896608133e-10,-5.98317027898263e-10,-9.86494451239153e-10,-2.74795808723186e-10,-4.93220315083066e-11,-3.023715224961e-10,-8.82698706069493e-11,-4.69429778929129e-11,-7.52759131981512e-10,-6.57353683889883e-10,4.55163765360068e-10,-3.80534748734039e-10,-1.01829923347971e-09,-1.15252362088272e-10,1.05239547012701e-10,-7.92152085555289e-10,-2.14181472514998e-10,-2.29706841596641e-10,-6.17028150947419e-11,4.15943388111916e-10,-5.26097754993781e-10,4.11868598942237e-10,1.46669103528524e-10,-2.12364875032046e-10,-1.40896825954045e-10,8.21029230558403e-11,-5.06533854593403e-11,-1.34150493243665e-10,3.80938326678436e-10,-5.11685724078596e-10,-6.57318250928826e-10,-1.24672289316653e-09,-3.33739323956811e-10,7.04763829756715e-11,-3.42577028366246e-10,-2.14165701344055e-10,-3.38083232860341e-10,1.20158695476893e-10,-6.47644879443272e-10,6.5052973513001e-10,-9.5180167998388e-10,7.52635942877652e-13,-4.83640529450066e-10,-5.3511373112968e-11,-4.27821496326173e-10,9.22803691151724e-10,-4.53787919096478e-11,1.05834575176675e-09,-3.69193186352453e-12,-6.66402107557111e-10,1.09171338451651e-09,-1.00819507091406e-09,1.17354359330113e-10,9.68306514581362e-11,1.80045267893769e-10,-9.66277733923037e-10,-7.52023392027643e-10,4.8601146227264e-10,-1.19921158783278e-09,-5.76569643660373e-11,-9.89536852706312e-11,2.50301911034567e-10,1.3205879012124e-10,-3.88559122112575e-10,3.90903898344751e-10,-3.21963433271317e-10,5.32798166605091e-10,4.56290973891833e-10,-1.21117470120114e-09,-8.45163928921248e-10,8.74152019194905e-11,1.09173362325421e-09,1.52021639851562e-10,8.65845677756748e-10,7.56308936768698e-10,1.08516609388885e-09,1.99122865486027e-09
