v,0.25
Patm,100000
g,9.81
r,500
G,10^10.77
rho,2700
mu,10^2.17
rc,23
 
M,10^5.24
sigma,0.25
 
tilt_erupt,4.5732nrad
 
-1276,-1275,-1274,-1273,-1272,-1271,-1270,-1269,-1268,-1267,-1266,-1265,-1264,-1263,-1262,-1261,-1260,-1259,-1258,-1257,-1256,-1255,-1254,-1253,-1252,-1251,-1250,-1249,-1248,-1247,-1246,-1245,-1244,-1243,-1242,-1241,-1240,-1239,-1238,-1237,-1236,-1235,-1234,-1233,-1232,-1231,-1230,-1229,-1228,-1227,-1226,-1225,-1224,-1223,-1222,-1221,-1220,-1219,-1218,-1217,-1216,-1215,-1214,-1213,-1212,-1211,-1210,-1209,-1208,-1207,-1206,-1205,-1204,-1203,-1202,-1201,-1200,-1199,-1198,-1197,-1196,-1195,-1194,-1193,-1192,-1191,-1190,-1189,-1188,-1187,-1186,-1185,-1184,-1183,-1182,-1181,-1180,-1179,-1178,-1177,-1176,-1175,-1174,-1173,-1172,-1171,-1170,-1169,-1168,-1167,-1166,-1165,-1164,-1163,-1162,-1161,-1160,-1159,-1158,-1157,-1156,-1155,-1154,-1153,-1152,-1151,-1150,-1149,-1148,-1147,-1146,-1145,-1144,-1143,-1142,-1141,-1140,-1139,-1138,-1137,-1136,-1135,-1134,-1133,-1132,-1131,-1130,-1129,-1128,-1127,-1126,-1125,-1124,-1123,-1122,-1121,-1120,-1119,-1118,-1117,-1116,-1115,-1114,-1113,-1112,-1111,-1110,-1109,-1108,-1107,-1106,-1105,-1104,-1103,-1102,-1101,-1100,-1099,-1098,-1097,-1096,-1095,-1094,-1093,-1092,-1091,-1090,-1089,-1088,-1087,-1086,-1085,-1084,-1083,-1082,-1081,-1080,-1079,-1078,-1077,-1076,-1075,-1074,-1073,-1072,-1071,-1070,-1069,-1068,-1067,-1066,-1065,-1064,-1063,-1062,-1061,-1060,-1059,-1058,-1057,-1056,-1055,-1054,-1053,-1052,-1051,-1050,-1049,-1048,-1047,-1046,-1045,-1044,-1043,-1042,-1041,-1040,-1039,-1038,-1037,-1036,-1035,-1034,-1033,-1032,-1031,-1030,-1029,-1028,-1027,-1026,-1025,-1024,-1023,-1022,-1021,-1020,-1019,-1018,-1017,-1016,-1015,-1014,-1013,-1012,-1011,-1010,-1009,-1008,-1007,-1006,-1005,-1004,-1003,-1002,-1001,-1000,-999,-998,-997,-996,-995,-994,-993,-992,-991,-990,-989,-988,-987,-986,-985,-984,-983,-982,-981,-980,-979,-978,-977,-976,-975,-974,-973,-972,-971,-970,-969,-968,-967,-966,-965,-964,-963,-962,-961,-960,-959,-958,-957,-956,-955,-954,-953,-952,-951,-950,-949,-948,-947,-946,-945,-944,-943,-942,-941,-940,-939,-938,-937,-936,-935,-934,-933,-932,-931,-930,-929,-928,-927,-926,-925,-924,-923,-922,-921,-920,-919,-918,-917,-916,-915,-914,-913,-912,-911,-910,-909,-908,-907,-906,-905,-904,-903,-902,-901,-900,-899,-898,-897,-896,-895,-894,-893,-892,-891,-890,-889,-888,-887,-886,-885,-884,-883,-882,-881,-880,-879,-878,-877,-876,-875,-874,-873,-872,-871,-870,-869,-868,-867,-866,-865,-864,-863,-862,-861,-860,-859,-858,-857,-856,-855,-854,-853,-852,-851,-850,-849,-848,-847,-846,-845,-844,-843,-842,-841,-840,-839,-838,-837,-836,-835,-834,-833,-832,-831,-830,-829,-828,-827,-826,-825,-824,-823,-822,-821,-820,-819,-818,-817,-816,-815,-814,-813,-812,-811,-810,-809,-808,-807,-806,-805,-804,-803,-802,-801,-800,-799,-798,-797,-796,-795,-794,-793,-792,-791,-790,-789,-788,-787,-786,-785,-784,-783,-782,-781,-780,-779,-778,-777,-776,-775,-774,-773,-772,-771,-770,-769,-768,-767,-766,-765,-764,-763,-762,-761,-760,-759,-758,-757,-756,-755,-754,-753,-752,-751,-750,-749,-748,-747,-746,-745,-744,-743,-742,-741,-740,-739,-738,-737,-736,-735,-734,-733,-732,-731,-730,-729,-728,-727,-726,-725,-724,-723,-722,-721,-720,-719,-718,-717,-716,-715,-714,-713,-712,-711,-710,-709,-708,-707,-706,-705,-704,-703,-702,-701,-700,-699,-698,-697,-696,-695,-694,-693,-692,-691,-690,-689,-688,-687,-686,-685,-684,-683,-682,-681,-680,-679,-678,-677,-676,-675,-674,-673,-672,-671,-670,-669,-668,-667,-666,-665,-664,-663,-662,-661,-660,-659,-658,-657,-656,-655,-654,-653,-652,-651,-650,-649,-648,-647,-646,-645,-644,-643,-642,-641,-640,-639,-638,-637,-636,-635,-634,-633,-632,-631,-630,-629,-628,-627,-626,-625,-624,-623,-622,-621,-620,-619,-618,-617,-616,-615,-614,-613,-612,-611,-610,-609,-608,-607,-606,-605,-604,-603,-602,-601,-600,-599,-598,-597,-596,-595,-594,-593,-592,-591,-590,-589,-588,-587,-586,-585,-584,-583,-582,-581,-580,-579,-578,-577,-576,-575,-574,-573,-572,-571,-570,-569,-568,-567,-566,-565,-564,-563,-562,-561,-560,-559,-558,-557,-556,-555,-554,-553,-552,-551,-550,-549,-548,-547,-546,-545,-544,-543,-542,-541,-540,-539,-538,-537,-536,-535,-534,-533,-532,-531,-530,-529,-528,-527,-526,-525,-524,-523,-522,-521,-520,-519,-518,-517,-516,-515,-514,-513,-512,-511,-510,-509,-508,-507,-506,-505,-504,-503,-502,-501,-500,-499,-498,-497,-496,-495,-494,-493,-492,-491,-490,-489,-488,-487,-486,-485,-484,-483,-482,-481,-480,-479,-478,-477,-476,-475,-474,-473,-472,-471,-470,-469,-468,-467,-466,-465,-464,-463,-462,-461,-460,-459,-458,-457,-456,-455,-454,-453,-452,-451,-450,-449,-448,-447,-446,-445,-444,-443,-442,-441,-440,-439,-438,-437,-436,-435,-434,-433,-432,-431,-430,-429,-428,-427,-426,-425,-424,-423,-422,-421,-420,-419,-418,-417,-416,-415,-414,-413,-412,-411,-410,-409,-408,-407,-406,-405,-404,-403,-402,-401,-400,-399,-398,-397,-396,-395,-394,-393,-392,-391,-390,-389,-388,-387,-386,-385,-384,-383,-382,-381,-380,-379,-378,-377,-376,-375,-374,-373,-372,-371,-370,-369,-368,-367,-366,-365,-364,-363,-362,-361,-360,-359,-358,-357,-356,-355,-354,-353,-352,-351,-350,-349,-348,-347,-346,-345,-344,-343,-342,-341,-340,-339,-338,-337,-336,-335,-334,-333,-332,-331,-330,-329,-328,-327,-326,-325,-324,-323,-322,-321,-320,-319,-318,-317,-316,-315,-314,-313,-312,-311,-310,-309,-308,-307,-306,-305,-304,-303,-302,-301,-300,-299,-298,-297,-296,-295,-294,-293,-292,-291,-290,-289,-288,-287,-286,-285,-284,-283,-282,-281,-280,-279,-278,-277,-276,-275,-274,-273,-272,-271,-270,-269,-268,-267,-266,-265,-264,-263,-262,-261,-260,-259,-258,-257,-256,-255,-254,-253,-252,-251,-250,-249,-248,-247,-246,-245,-244,-243,-242,-241,-240,-239,-238,-237,-236,-235,-234,-233,-232,-231,-230,-229,-228,-227,-226,-225,-224,-223,-222,-221,-220,-219,-218,-217,-216,-215,-214,-213,-212,-211,-210,-209,-208,-207,-206,-205,-204,-203,-202,-201,-200,-199,-198,-197,-196,-195,-194,-193,-192,-191,-190,-189,-188,-187,-186,-185,-184,-183,-182,-181,-180,-179,-178,-177,-176,-175,-174,-173,-172,-171,-170,-169,-168,-167,-166,-165,-164,-163,-162,-161,-160,-159,-158,-157,-156,-155,-154,-153,-152,-151,-150,-149,-148,-147,-146,-145,-144,-143,-142,-141,-140,-139,-138,-137,-136,-135,-134,-133,-132,-131,-130,-129,-128,-127,-126,-125,-124,-123,-122,-121,-120,-119,-118,-117,-116,-115,-114,-113,-112,-111,-110,-109,-108,-107,-106,-105,-104,-103,-102,-101,-100,-99,-98,-97,-96,-95,-94,-93,-92,-91,-90,-89,-88,-87,-86,-85,-84,-83,-82,-81,-80,-79,-78,-77,-76,-75,-74,-73,-72,-71,-70,-69,-68,-67,-66,-65,-64,-63,-62,-61,-60,-59,-58,-57,-56,-55,-54,-53,-52,-51,-50,-49,-48,-47,-46,-45,-44,-43,-42,-41,-40,-39,-38,-37,-36,-35,-34,-33,-32,-31,-30,-29,-28,-27,-26,-25,-24,-23,-22,-21,-20,-19,-18,-17,-16,-15,-14,-13,-12,-11,-10,-9,-8,-8,-7,-6,-5,-4,-3,-2,-1,0
-2.04580771448501e-10,-4.74963101594954e-10,-4.63345315133245e-11,-8.96106461353231e-12,-2.36289550080079e-10,2.36975029776044e-11,-1.18873168106816e-10,-3.53720996350275e-11,-2.83791910507376e-10,3.40509699151971e-11,-6.96267207947652e-11,5.44590196048245e-10,-2.85048160029984e-10,1.01277566342971e-10,2.36814826736248e-10,-3.71059725956858e-10,3.96973514204358e-10,-2.0004706679939e-10,1.12681133905918e-10,3.44382917535389e-11,-3.87754764647066e-10,2.38158083887845e-10,-3.20602686891291e-10,-2.55579395647735e-10,-2.06498564242408e-11,3.06218780291637e-10,1.61111601428284e-10,-3.12064553654963e-10,-2.25024662234196e-10,2.40004729431813e-10,-1.69286902335487e-10,-1.00494444851069e-10,2.22503016895253e-10,3.44139583764188e-11,3.20908969543894e-10,2.34183649450155e-10,3.00476574910281e-10,-6.51792234309863e-10,-1.91192910746192e-10,3.07508065618304e-10,4.7879418395026e-10,1.78487599195292e-10,1.62060401084458e-10,-2.6558202293835e-10,-1.67702367535762e-10,-1.86945511062103e-10,5.141516110198e-11,9.20675130161516e-11,2.28262458605991e-10,-3.46356866596775e-10,-5.60062557022649e-12,-5.47444687521334e-10,-8.82575742243566e-12,-2.73625507267297e-10,2.15991596453581e-10,5.49551209181815e-10,-6.55520846146615e-10,-1.70081020886756e-10,2.19425829352636e-10,-2.80468387325268e-10,-4.09228672124332e-11,4.7416833539282e-10,2.63951453909319e-11,1.57174519748603e-10,-8.53928704968841e-11,1.48611321413115e-11,-7.73333318325668e-11,-3.35474660152372e-10,3.73367516674079e-10,2.12219513361403e-10,-2.93503505641923e-10,1.82292752811784e-10,1.82686799631575e-10,1.39431302352757e-12,-3.11634788604142e-11,3.93727521302134e-10,9.42289843566059e-11,4.93535725375102e-12,1.9620725816266e-10,2.58974586446724e-10,-8.59051387705463e-11,-2.52700420296562e-10,3.86184356381185e-10,1.90738684780534e-10,3.05412807099984e-10,1.69516177613348e-10,9.7223031612999e-11,-2.3101704579383e-10,-9.66686797276098e-11,1.97151678766826e-11,-2.17457548633869e-10,1.64120243730175e-10,-2.35816606350563e-10,-1.31297054517523e-10,-2.42794809039084e-10,1.56819272211152e-10,-1.45264780501221e-10,4.37852715038137e-10,-1.53059180943251e-10,-1.67947554965675e-10,-1.65420618913294e-10,1.47821836227891e-10,-4.86363749833875e-10,-1.66470674671461e-10,4.11297499061687e-10,1.51081402538728e-10,1.11748424956587e-10,-2.75667802537342e-10,-1.0907719967094e-10,3.36876986570029e-10,9.83406899006057e-12,7.07004007516085e-11,-1.60256780013799e-10,-8.5650215151771e-11,-1.34316399634889e-10,1.8860469713948e-10,1.03895596278974e-10,3.90371902805312e-10,3.69641094578409e-10,1.57804932212312e-10,-1.33111007188768e-10,-4.89347304382754e-11,-1.59255294556771e-10,-3.63055646541561e-11,-9.89892624360913e-11,-9.77627292786661e-11,-4.01997405574472e-10,3.34195602353907e-10,-1.29615679650747e-12,1.01879693879651e-10,-9.68417994057995e-11,3.70413299621086e-10,-2.01156309504345e-10,2.60857154403348e-10,3.14349880022842e-11,4.00579025318944e-10,2.1972050440245e-10,2.78449136571565e-10,-2.37876937408707e-11,9.19079718763354e-11,1.54294302542976e-10,1.47279902677665e-10,1.46337398186331e-10,2.13679651002392e-10,1.06165195267756e-10,-1.26910503442652e-11,-1.23387717172415e-10,8.71020630322682e-11,1.57338102025341e-10,-2.05909475301253e-10,-4.00667132960438e-10,2.37258798579379e-11,-1.41582160271426e-10,-2.073155755324e-10,4.8137123497049e-10,-5.01719928255142e-12,1.52438433570223e-10,2.19908913462239e-10,-2.36338711946149e-10,1.41882659623136e-10,-2.70012492738215e-10,3.97953064369328e-11,-9.10674040279868e-11,-2.79109496546045e-10,-2.55260959365409e-10,-1.89985332552847e-10,2.12193181008958e-11,6.69951883511918e-10,-6.49280441660881e-10,-3.7629395838588e-10,2.49616383388501e-10,1.77645456095571e-10,7.71065312646838e-11,-8.10978360328135e-11,1.40201120440448e-10,2.34408589813955e-10,-1.96164191138515e-10,4.4717496773083e-10,-5.19535890111961e-10,2.01857710523546e-10,1.82349391753894e-10,-1.04490238798413e-10,2.66965747884903e-10,1.75836082316609e-10,-1.66269998055191e-10,2.38441074068678e-10,1.74069890034459e-10,-1.72881890563388e-10,-3.93714209324655e-11,-1.42019732335051e-10,-5.51447905056707e-11,2.16222543913521e-10,1.74044582607833e-11,-2.2636033940454e-10,-1.84420372918535e-10,-2.21750433225885e-10,-2.75964719595218e-10,1.5131341435081e-10,-5.77383492202527e-10,-5.23748017374506e-11,9.15164583445524e-11,-4.39139370720633e-10,2.26191166694774e-10,1.70939426167375e-12,1.07955827588603e-11,-1.45829439452171e-10,3.10588243494284e-10,-2.89286526736522e-10,-1.84585128733586e-10,-3.85052520828035e-11,2.12508739379702e-10,9.29578402627134e-11,-1.16373444587731e-10,2.4742764684985e-10,1.73076057582126e-10,-2.4150011330243e-10,-3.11881874776763e-11,-6.08741965725283e-10,-2.80896530250931e-10,4.389146157646e-11,2.49916317576214e-11,8.13376653305903e-11,2.39120317544076e-10,-9.39374031717227e-11,-2.58313470029087e-10,-3.77488996788441e-10,-1.36459788965656e-10,-2.15273668709994e-10,1.73136728976712e-10,-5.68962764080865e-11,3.30518667987024e-10,8.75390377710748e-11,-3.94641844771009e-10,-3.63606309591487e-10,1.49207375745192e-11,7.16296144761289e-10,3.65625989338523e-10,-1.43774846049904e-10,-9.33499614555507e-11,-1.84384382399906e-10,-1.04551449312109e-10,-2.44522577924551e-10,3.40425040503136e-11,-2.72352818120236e-10,-1.28037601817257e-10,-2.81488206834547e-10,4.87795465214051e-11,-7.79658392411233e-11,-2.83525882021715e-10,3.51101902750123e-10,2.57452356127415e-10,1.46435686023779e-10,-5.97045430000204e-11,5.49415753571759e-10,-8.94319358239287e-11,4.8924439850499e-10,-9.83015935436118e-11,1.21700516967004e-10,3.23988283848852e-10,-1.58160564554583e-10,-3.86357146280262e-10,3.04156565838165e-10,-1.0945213522411e-10,-4.29418924280387e-11,1.10695041215714e-10,3.0908575648489e-10,-3.28698324996575e-10,1.12862757653005e-10,-8.09526641499256e-11,3.47629632552209e-10,-2.22715781819323e-10,-2.08492111935995e-10,4.65883967883427e-12,-2.27408472343331e-10,-1.91381624786251e-10,3.91547244174213e-11,-1.88331996213982e-10,-2.06854767699827e-10,1.97106352714813e-10,2.84761776959094e-10,1.89416317734342e-10,1.05549306839426e-10,-6.59750461881664e-11,3.23007112627419e-10,1.81077061967543e-10,1.47212421438271e-10,1.14532548939417e-10,1.26985578713847e-10,4.03828691897321e-10,-5.67323028717971e-11,4.04537149343107e-10,3.93524279701893e-10,-1.03875237881824e-11,5.62833806968195e-10,1.56576368134669e-10,4.20174677110485e-10,6.90907977620492e-10,-1.10192501924614e-10,-1.64466187812128e-10,-3.56483495922166e-11,-1.05876273930633e-10,-2.01146366457009e-10,-4.95040249324734e-10,-1.90914512028908e-10,4.23411160287958e-10,6.58840915465732e-11,5.50895997162717e-10,1.46753376634492e-10,1.80345527593662e-10,-7.57382919939566e-11,1.49421520206112e-10,3.45227416455206e-10,-3.25520199503121e-10,4.14323417251641e-10,-1.92268341522306e-10,2.12276090404833e-11,-2.7652016742386e-10,-1.67312243414791e-10,-1.18433302176397e-10,-3.27791707737125e-10,-9.60298321311055e-11,4.25931535404724e-10,1.60012885181229e-11,5.35507866806515e-11,-4.58942189037881e-10,3.26447294119793e-10,-6.82805988798002e-11,-1.99613795986842e-10,5.3198524347021e-11,2.16091555594419e-10,2.34353136899809e-10,-8.60983838644016e-11,1.18668111976289e-10,1.58239102842742e-10,3.11467532661723e-10,4.90295403829807e-10,1.8714626370156e-10,3.179754777998e-10,-1.29326845955486e-10,-2.87806882915287e-10,-4.3850769487116e-10,3.4436070833121e-10,4.08816275965403e-10,-1.66078497585631e-10,1.16041925413293e-10,6.96447952694087e-13,-1.23099152276647e-10,1.35311051224168e-10,1.24687877660011e-10,-2.18149496750094e-11,-7.15997637261173e-10,-1.80388749126931e-10,2.67571282702356e-10,-5.96810484730698e-10,8.68363053853534e-11,-5.8696756010163e-10,-3.46022412337389e-10,-2.94263790322307e-10,-5.57126005312351e-10,-1.44507870366449e-11,-4.90760326501085e-11,4.65241535498215e-11,-2.9063160884458e-10,-1.68769146644986e-10,-9.74915493018972e-11,1.81158258702395e-10,1.41454690570902e-10,-1.86050488517372e-10,8.63072510208409e-11,1.56254084505756e-10,-1.66812292600407e-10,1.98360746333688e-10,-3.09049520334948e-10,-1.76810986477406e-10,-2.71426119662005e-10,1.1540859676575e-10,1.28025800698916e-10,1.26199057393011e-10,-4.66688943827497e-10,9.78304487924236e-11,-1.85600830244019e-11,5.79557983476068e-11,1.42842601567784e-10,3.55569956500276e-11,-1.26614012742614e-11,2.27653581575422e-10,6.89803892681285e-11,4.08451982586227e-10,1.71451410133347e-10,-1.98869027683849e-10,-1.94943713771856e-11,-4.32638087585889e-10,-4.94871290726095e-11,2.2432349291587e-10,1.58912028714372e-10,-1.92403982726833e-10,-3.30483691797838e-10,1.26538941582386e-10,-5.42064969678588e-11,-4.2076214637323e-11,1.04912293895977e-10,6.82894023327162e-11,7.00154088261463e-11,2.08382911932611e-10,8.59507423618003e-11,2.07592485710997e-10,-7.85954351967657e-11,1.29660041584291e-10,-1.34363571697155e-11,-2.81036832612629e-10,6.30821292600896e-11,-4.02296754906157e-10,5.36323474075052e-11,2.79785808997405e-10,1.00077706901003e-10,-5.64268961752663e-11,-3.11594942347215e-10,5.26423917481551e-10,-1.36888056927655e-10,3.28754570515562e-10,9.23951810339914e-11,2.20490196610675e-10,2.47384779298504e-10,1.70353498978088e-10,2.10694468175163e-10,1.09907504471965e-10,7.62884498627266e-11,2.93837661293007e-10,6.97429281813043e-11,-2.47841086393664e-10,2.06724516672763e-11,5.535941378091e-10,-3.79294194834812e-10,1.31086047584406e-10,8.23299720535911e-11,-2.64216000826125e-11,-5.20551969181086e-11,-3.25048113450914e-10,4.2853702663532e-10,8.53122013200735e-11,8.9057510535598e-11,9.30590109332142e-11,9.44248946855389e-11,1.28741853396956e-10,-5.02011701332201e-10,-1.58840578752498e-10,-3.24767987786448e-10,4.75865602106609e-11,2.61053651295022e-10,-1.38607028058108e-10,-1.47925772972938e-10,7.57972091124631e-11,2.69691953709114e-10,2.98285124394535e-10,2.45389860621586e-10,-2.90923792537748e-11,-9.43687494928614e-11,1.17325742081536e-10,-7.3221173424024e-12,1.04050629797671e-10,3.20921406701906e-11,3.82211648106977e-10,5.32708503182365e-12,6.38122287314513e-10,2.86119290396479e-10,3.43716074193399e-10,1.00170063575234e-10,2.44055868234792e-10,-1.50532340299701e-11,3.74949355778937e-11,-3.51811855473902e-11,2.93619303731533e-11,4.07329632644581e-11,6.82877894600513e-12,-3.9958325903432e-10,3.13719684298072e-10,1.63807610193093e-10,2.19227103218073e-10,2.91884828254327e-10,1.38084423218063e-10,-1.13414550414232e-10,2.28876536684762e-10,1.54648843690955e-10,-2.16608975933194e-10,2.09093268169403e-10,-2.6134595821515e-10,5.84321154139028e-10,-1.11886669443468e-10,1.76427765463295e-10,9.01977214413857e-11,1.78209267933746e-10,1.3843325760451e-10,1.88057207392894e-11,-2.23865958334542e-10,-5.08223321736715e-11,1.79978322121524e-10,3.09594594041595e-10,1.59634278929379e-10,-1.72091796420501e-10,3.0639071176153e-10,1.44228836638969e-11,9.37082189428014e-11,7.93888632404921e-11,2.13474928975475e-10,2.35022475604355e-11,-1.15705756262536e-10,-3.80576452199757e-10,1.90805537970336e-10,-1.13472472804374e-10,2.74894529283892e-10,7.34215468307058e-11,4.21972726490029e-10,3.18652894214568e-10,-3.14412604094263e-10,4.6503605491318e-11,-4.08815188509103e-10,1.9043509404206e-11,-4.58196029499327e-10,3.18741493941014e-10,8.50163465626197e-11,-6.03095867319679e-10,-1.18712401556317e-10,4.63138543047623e-11,3.33862982540733e-11,-2.77401137066204e-10,-2.0132284837476e-10,-2.80507987198475e-11,3.69390903167379e-11,1.16277088091935e-11,-1.06345947637975e-10,1.79326128187729e-10,5.0886099902852e-10,1.04719586133649e-10,-1.73833773067979e-10,1.90298980588471e-10,-4.848874792613e-10,5.363458200375e-10,-7.9736940565134e-11,2.49047700804504e-10,1.33178001154665e-10,-1.31796783206702e-10,-9.56519825241187e-11,2.56864429889231e-10,4.04645006937343e-11,3.86098064425203e-10,-6.25348374041365e-11,1.34141871643442e-10,1.66282801679392e-10,4.1793170735467e-11,2.88585504776799e-10,3.09605668011727e-12,6.64745381698073e-11,-1.46121595590479e-10,3.28419031249833e-10,3.29814483495919e-10,3.33087589785042e-10,-4.68958860334301e-10,1.08204237833265e-11,-5.93804353681559e-10,8.61821440655176e-11,-1.85261986745699e-10,6.73372139509731e-11,-6.48429654646774e-11,-1.97182922250077e-10,2.49538472502994e-11,2.61196396101299e-10,2.96273194413545e-11,-9.43527179128698e-11,-1.89376042045753e-10,4.70935323480746e-11,2.70862652631853e-10,-6.90463633611888e-10,5.02928841078197e-10,4.90135324706268e-10,6.9911930649876e-10,-6.54776385753906e-11,6.33308639608818e-11,-1.4038894067464e-12,4.03773883456281e-10,-1.74789825100148e-10,3.75774905123783e-10,4.26271691201191e-10,-2.72618971257169e-10,7.00896694893247e-11,6.32728865929537e-11,-9.68069456522203e-12,8.43265325070605e-12,7.1236453404956e-12,-4.28272291372036e-10,-1.9515819512563e-10,9.58334179046698e-11,-3.06335795124551e-10,4.30711831456706e-10,8.15689516569775e-11,-9.84643196804305e-11,-3.30994601475076e-11,3.60399686170786e-10,-1.55394895000425e-10,-2.85827074260314e-10,1.21880189770171e-10,-4.26542948323499e-11,1.47029502860184e-10,-1.33980493274005e-10,-1.43010971381726e-10,-7.65657944010879e-11,-5.0605190407052e-10,-3.35078649484077e-10,3.834977122944e-10,7.47707727622305e-11,3.03029858697637e-10,-4.7986208154746e-10,-1.84688047217041e-10,-2.04917732371625e-10,-2.71812280264534e-10,9.17006294513755e-11,-1.78089137484162e-10,7.54066070077751e-11,1.05973818760702e-10,8.05786867839763e-11,-3.62665246062585e-10,1.2428070962114e-10,2.68794183360756e-11,-1.50844731568539e-10,-7.7434871883874e-11,2.45482839271952e-10,9.46480586834414e-11,-1.29520815158029e-10,1.18272195893032e-10,-7.85755833539034e-11,3.33876456642509e-10,-3.40717708374011e-11,-1.44101693580901e-10,1.60682111312883e-11,4.52210567343125e-10,-2.28923868765538e-11,1.28998245865282e-10,1.33884945900849e-10,1.19297229576538e-10,-1.50503404347456e-10,2.5295269199275e-11,2.45867466089805e-10,2.31848893467911e-10,-2.8776478727216e-10,3.56957864636135e-10,-3.73374365166358e-11,2.25830169194916e-10,5.60033339693594e-12,-2.7961123789254e-10,3.18679583716673e-10,-7.34946602472746e-10,-1.81959745525353e-10,-5.94834847435738e-10,-3.68238905421993e-10,-2.90071798533065e-10,-8.93858359675818e-11,1.23270508153238e-10,2.51789750518344e-10,4.98951601602801e-10,-3.28268959458181e-10,-1.01945239726252e-10,9.06522736351147e-12,3.81306146387189e-10,-1.79887495607683e-10,2.60691117585614e-10,-5.91197224933738e-10,-2.51094746959233e-10,-4.56331905812817e-11,-2.90408746870511e-10,1.72192840411177e-10,-1.64256502338953e-10,6.09286797355151e-10,-2.17388911652736e-10,2.57774087954801e-10,-6.68799680809127e-10,1.45658135193185e-10,1.38942375593607e-10,-1.85979846582648e-10,-1.87619053962891e-10,-1.69681437937027e-10,-3.43722372415899e-10,1.05403127520401e-10,-5.52456216524454e-10,-5.53419622011427e-11,-3.78238711358917e-10,-6.69801243381217e-11,-2.21458943507552e-10,6.44025638282018e-11,-2.8040410239527e-10,-3.04206866716914e-10,-1.32582690958394e-11,-1.63082784747182e-10,8.10126209950917e-11,-3.53378116323544e-10,-8.57151095120002e-11,1.06483378571713e-10,2.6807020270015e-10,-6.0549622218892e-11,-4.04475129337644e-10,-1.89181991702267e-10,-1.85698467053623e-10,-3.93227574217512e-12,1.94055279042169e-10,-7.44705439481583e-11,-1.90545716893256e-10,-3.89185148728606e-11,2.7537576505195e-10,-2.36716479141151e-10,2.6303607159596e-10,7.3774758716471e-11,-3.04174977041226e-10,1.18869119079667e-10,2.96503907490733e-10,3.60273656066542e-10,-2.84561312882819e-11,-7.98831958959581e-11,-7.20951934753523e-11,-1.04888229093156e-10,-3.69498920421994e-10,2.0099569269304e-10,-1.87605064580179e-10,-2.50421935124574e-10,6.44069070138891e-13,-2.87237541851067e-10,-5.50592785439518e-12,1.56461026929199e-10,-1.67550015719802e-10,-5.63367072108213e-10,3.47754969742228e-10,-5.02026422999843e-10,-2.20103675509201e-10,1.58069835342141e-10,1.10655695004127e-10,-2.69898430230958e-10,-1.12542017083418e-10,-9.54322685306856e-11,-5.30101922662432e-10,-3.38320014115794e-11,-2.35568835943807e-10,-1.35465202220036e-10,-9.14056559655886e-11,-3.69745730081125e-10,-3.71717846436842e-12,-9.97829102660699e-11,2.90799664959706e-10,-2.74435417334245e-10,-2.02955843769379e-10,-7.892621554923e-11,3.09482577824356e-10,-1.10096623346835e-12,-1.93839270072806e-10,4.49611429029369e-10,6.23743699518297e-11,1.3276724608835e-10,2.27169064806078e-10,-4.2016134684922e-10,-2.6130341923199e-10,-2.61117598997558e-11,5.55497717467713e-12,-3.14390080538975e-10,-1.94223876450545e-10,1.07842819957847e-11,8.20429272228931e-12,-1.82601509021836e-10,1.36332390759101e-10,-3.09903012439533e-10,-2.92082274350037e-10,2.21157276626603e-11,-3.69199592501426e-12,8.67805325062949e-11,2.71028868101423e-10,1.0637918782492e-11,6.03182211928275e-10,-2.91683629711145e-11,8.34491217397322e-11,-1.18789722098088e-10,-1.79643886600835e-10,-3.63279820670989e-11,3.68430723233393e-11,2.93013063484543e-10,6.37149353609636e-12,3.21188097265754e-10,2.84717186506677e-10,-3.74717596968852e-10,6.56443132699215e-12,-1.83149066065509e-10,1.26693001184162e-10,1.11132677762613e-10,-2.60437808776932e-10,-1.03774089437269e-10,2.07174230977833e-10,2.46675830735313e-10,-1.13767432030908e-10,8.08436065369583e-11,1.54453626048659e-10,-6.60297153910689e-11,1.59179429990766e-10,3.95241213828973e-12,-3.62834866244523e-10,-7.66768827985583e-11,-3.68453719952243e-10,8.94470982367928e-11,3.90511475818518e-10,2.09562460138919e-10,-2.18665789084373e-10,-1.74590615949073e-10,-1.30846385560918e-10,-4.73043041441587e-10,1.17200669705447e-10,-1.34106188696667e-10,1.6740090501821e-10,-1.50254943930548e-10,-7.01617480806004e-11,8.70524332942832e-11,-5.8964785875993e-11,-4.82036207041924e-10,-4.99444143154702e-11,-1.51828397255417e-10,2.24482974693035e-11,1.58838025530249e-10,2.69900432566923e-10,2.5883583281857e-10,2.55023688398322e-11,4.28902382025184e-10,-2.658912089974e-10,2.40541596750564e-10,4.17628903838221e-10,-3.26990388437735e-10,2.91194559906622e-10,2.31297921207745e-10,3.53975852986121e-10,1.39193522081829e-10,1.66731104539538e-11,-4.05233376985185e-12,8.22681381074019e-11,-5.53285605578013e-10,-2.81210630442508e-10,2.10783000497845e-10,-1.50447975734418e-10,9.10235575423121e-11,-3.58030360203082e-10,7.25535382046003e-11,-4.04843922111702e-10,2.21702172380189e-10,-3.96272297522362e-10,-3.08953037631292e-10,3.90267448825173e-10,2.63619094596965e-10,-1.55292031623761e-11,-2.47583623797126e-11,-5.16979488363242e-10,-8.84668814528571e-11,4.27473112472954e-11,4.14072075596245e-11,-7.40861734032418e-10,4.19528493473677e-10,-6.73257646200927e-11,1.74428598883168e-10,-2.72566271179242e-11,-1.16264891354145e-10,-2.78188237430776e-10,-3.25097167600326e-10,3.24088148949265e-10,-8.19433600877289e-11,1.17329429860101e-10,2.20774976594419e-10,1.39037559157669e-10,-2.33816219295083e-10,-6.57165203966695e-11,-4.29870880213528e-11,-7.07985701780228e-12,5.8080275500373e-11,3.04468922290338e-12,1.96265594260208e-10,2.29324449678928e-10,-1.39609422080562e-10,1.07462161419276e-10,4.32547265330179e-10,-8.30683184667329e-11,1.71639084566659e-10,-4.17794525571067e-10,1.64166241557975e-10,5.94569469067681e-11,-2.01821228675758e-11,8.43562691567493e-11,2.60890208663503e-10,3.93688521504416e-10,3.29383985979849e-10,-1.13727529754922e-10,2.47380643702146e-10,-4.72098851071296e-10,-3.38432314890088e-10,-3.19439411683339e-10,1.78029096253568e-10,2.59679723716302e-10,-3.53057329671476e-10,-1.67431760223025e-10,1.15128443695155e-11,1.32604441989331e-10,-6.37171507873609e-11,4.00402328071298e-10,1.93459012092441e-10,9.62058911311016e-11,-1.05765198161786e-10,2.07893530925994e-10,1.83910086141169e-10,1.40023095033543e-10,-5.33562198675072e-11,-3.57472524119904e-10,9.60023941062086e-11,1.90577792742433e-10,1.90253528218776e-11,2.47709193792017e-10,-7.39167843786319e-11,-2.09191231654557e-10,8.58712543408072e-11,5.43713751382408e-10,-8.66455068998357e-11,2.56317731581951e-13,-1.92706753782425e-10,4.94932281929811e-10,-3.26623576003257e-10,-6.64327845641997e-11,3.66996732089814e-10,-4.77604354989677e-10,2.12065802168665e-10,-4.87528787251374e-10,-3.48607834887626e-10,2.25840856873692e-10,1.25547598776165e-10,2.15214730106304e-13,-3.68417339894246e-10,-5.4327102194423e-11,5.17749195630653e-10,-9.34593804115998e-11,-1.49116887456491e-10,-4.31105440109985e-11,-8.47998159054213e-11,-2.73229178709774e-10,-5.57411136188699e-10,2.88557838248532e-10,1.02214060005616e-10,2.63353875313889e-12,-3.77554554708008e-10,-7.74383592197167e-11,3.36815964056727e-11,-1.72196181334068e-10,-3.00580084955772e-10,9.77578759398984e-12,3.95188427005465e-10,1.42162994819979e-11,-1.05244939810499e-10,-3.02729778560759e-10,-5.26225902110474e-11,3.46683676598967e-10,-2.10080652905211e-10,-2.94578182335268e-10,-1.43866271886246e-10,-1.47144332777199e-10,-1.54571405522858e-10,4.94196456570922e-10,-3.71403400971373e-11,-2.67354198406298e-10,9.66043487558297e-11,-3.82233993257739e-10,1.68047027820835e-10,-2.26696759482319e-10,2.77250148870515e-11,4.32709923858437e-10,-3.664570277429e-10,4.18587902005603e-10,-3.44725400569861e-10,-7.52468127074856e-10,2.20330072081363e-11,-2.69653755686705e-10,6.21485488647754e-11,4.14619520065995e-10,-3.41529057356641e-10,-9.63531299196253e-11,6.7614843331332e-11,1.05874661322522e-10,3.66239405730183e-11,4.12530452745054e-10,1.82966325982141e-10,3.17797495239603e-10,4.31718058034087e-11,1.41598035772105e-10,-3.38693562488544e-10,-1.018717984489e-10,-1.76175563593284e-10,1.03619311171909e-10,-1.5771954627976e-10,4.32298494966311e-11,2.4570235075256e-10,3.57381188214973e-10,2.82018964651139e-10,-4.13597646246045e-10,-3.39386394698472e-11,-2.88745496012616e-12,2.88616656567803e-10,1.92920230620822e-11,-1.88665494152593e-10,1.85711197507506e-10,2.95307347591172e-10,-3.30554354486963e-10,1.5011477991246e-10,-1.02923233887701e-10,4.46786814049903e-10,-3.79546234688762e-11,-5.51283053019721e-12,7.47766709994524e-11,-1.29037796147315e-11,1.49505341542698e-10,-3.86476387552321e-10,4.6236393158078e-10,2.42028246755554e-10,-3.88997934683337e-10,-2.10538255542646e-10,-3.44100285740675e-11,6.15994371329902e-10,3.15938442277507e-10,7.63337704553894e-11,2.72221320543551e-10,3.0062788559487e-10,7.80826010512414e-11,-9.08315685788463e-11,-1.53625585889927e-10,-1.3347665490049e-10,-1.34421678951589e-10,-1.3181736367887e-10,1.0457896533486e-11,1.72652126496743e-10,-1.06512794089532e-10,-3.11691307905965e-11,2.7270346617837e-10,-1.01755405386965e-10,-1.72373689966596e-10,8.24132606916676e-11,-9.74425215088482e-13,6.84967392699308e-10,-1.52019658377191e-10,-1.22173635477925e-12,6.51764298228271e-11,7.4895687044365e-10,-3.16181807959727e-10,3.90983378817343e-10,7.01907583556226e-11,5.23333105616264e-11,1.37666411766695e-10,-1.89268428844955e-11,-4.10722191371208e-10,2.13313626355997e-10,4.67456165885794e-10,1.5741714646779e-10,3.30963214892438e-10,-3.91633063555738e-10,5.05153230991004e-10,9.95937193318045e-11,1.64411684913225e-10,-2.43063545097878e-10,-3.21878055457336e-10,8.09176271402225e-10,4.43118709086038e-10,7.44543604869169e-11,4.18199015040508e-10,-9.44096532428346e-11,7.63026066847516e-11,-1.19140061719673e-10,-5.10318278524655e-10,2.37282985737186e-10,-2.27610769789703e-10,-6.16552882489219e-11,5.84150359863927e-11,4.08029202794727e-10,3.35497942247062e-10,-2.05285901940331e-10,1.63459845445774e-10,4.6143084887328e-11,1.26695158897361e-10,1.10727597755403e-10,7.84356424880101e-11,1.25296916258819e-10,-4.43788032954381e-10,-5.41120483750973e-10,3.16021102929413e-10,-2.40107689438823e-10,3.26917802585329e-10,-2.23105880543314e-10,7.84621444961194e-11,1.51881773155743e-10,2.91173008203391e-11,-2.70161958589553e-11,4.81113558404197e-11,-1.06409317245016e-10,-3.19506558015746e-12,5.90571900803957e-12,3.55861419699304e-10,2.98784279227229e-10,-1.57131730993479e-10,-1.94755815953038e-10,1.92701679690467e-10,3.04057601450899e-10,-1.76195189002515e-10,-3.5230195505551e-11,-1.84618748112639e-10,2.75467549052067e-10,-6.32797610944024e-11,-2.69292485589433e-10,1.86728207391719e-10,2.8422633390416e-10,1.82198954462714e-10,1.39768941400639e-10,1.2537918112504e-11,4.65697985548755e-10,-1.10868066511405e-10,2.58710156957664e-10,-6.3724328414157e-11,-3.70465861955855e-10,-1.90800205747311e-10,-3.99490936281634e-10,1.96036817901815e-10,-7.33101560120975e-11,2.64793497746546e-10,4.58999376198978e-10,-3.02528845382253e-10,2.96130705471351e-10,1.73370032954821e-10,-3.43550191160681e-10,1.02126303934561e-09,-2.30362426620148e-10,1.33542272379094e-10,2.64762325391054e-10,2.02971354189505e-10,2.40103561722699e-10,2.3608505576603e-10,-4.81654142642237e-10,-2.0050031831453e-10,2.11191028852331e-10,-1.71057194056977e-10,-1.75492496524786e-10,2.37710387935151e-10,-5.16651403383325e-11,1.68530063201254e-10,-4.50513802567076e-10,-1.35525898655051e-10,-9.10148232720985e-11,1.39640791800918e-10,-1.3498638926681e-10,2.89413875611999e-10,-4.06108964100963e-11,-4.40823469200409e-10,1.36014173238118e-10,2.03022720676963e-10,4.93342580864096e-10,-1.21857917381304e-10,-1.83138721942477e-10,-1.10774183779767e-10,-4.13358669773383e-10,-5.96888061020672e-12,5.09181817649524e-10,-2.68003676954528e-10,-7.73892085677538e-12,-4.12756832676471e-10,-5.13406216169699e-11,-3.1140235824889e-10,6.42276801489612e-10,-7.4411081848135e-11,-9.90398854413751e-11,2.74460454640396e-11,-2.14351876868438e-10,-4.79106469471888e-10,2.76100162124617e-10,-1.77532319425339e-10,-3.41654277295691e-10,5.17282694921505e-10,1.37308895984882e-10,-2.05909607074928e-10,-3.33795790644101e-10,-1.26125925622963e-10,-4.25949089476964e-10,1.39382672975422e-10,-2.48804259015195e-10,4.64307212490885e-11,-9.55519061031434e-11,-2.51392061957633e-10,-1.09762579574048e-10,-3.65402522395826e-10,-1.40545624297554e-10,4.39959033254803e-10,7.47298049084439e-11,2.17159021712195e-10,-1.04590401812191e-10,4.11972614619663e-11,-1.37104593591779e-10,4.59223591184287e-10,3.79047189332741e-10,-2.15663851134979e-11,-3.91003151767363e-10,-6.99302907282689e-11,-2.05847042399645e-10,2.7616248199856e-10,1.62236008229875e-10,4.06500655260363e-11,-4.56875805907315e-11,-8.02394761359956e-11,2.21833121432234e-11,-8.16601773688611e-11,2.19048349495379e-10,-1.36106894231209e-12,-1.15283885975239e-10,-2.05508784437568e-10,1.60095166052128e-10,1.28494302734443e-10,-2.14147450728102e-10,-2.66173415350754e-10,3.09743421750683e-10,-4.10838255727715e-10,2.28771931989117e-10,-2.75146291175015e-10,1.29818637486286e-10,1.89102827088931e-10,1.57315502312891e-10,-3.16157609459849e-10,-2.71324287658644e-11,-1.37615430426883e-10,2.7790441194375e-10,-1.36999784027141e-10,1.65389215932831e-10,2.43962429645696e-10,1.44522658341787e-10,4.18425361737316e-10,1.99432890409702e-10,4.89665679652756e-11,1.43641060594208e-11,-2.65301346573184e-10,2.13073371253701e-11,-1.03408101821155e-10,3.73484590061237e-10,4.69098738297067e-10,2.52355885348101e-13,-3.6642502510471e-11,-4.0559685880491e-10,-9.23223431473385e-11,-5.72444731706615e-11,-3.22238108741349e-10,2.20640942455301e-10,4.04745465680791e-10,4.95118252075947e-10,-1.33867265632404e-10,1.62897049556184e-10,6.36670624603253e-11,4.02029407926522e-10,1.92089921967896e-10,-1.93098933179162e-10,1.41311334181182e-10,6.27105038457355e-11,-1.29420830749421e-10,-1.70896916873745e-10,-2.87536034633941e-10,1.02936657058391e-10,4.06917575167471e-10,-3.04455511210383e-10,-1.01802008359692e-11,-9.86257347380582e-11,1.52479624983851e-10,-3.10762438094135e-10,-3.95875108895127e-10,1.17521834038308e-10,-9.29587967360127e-12,1.0243739474649e-11,-3.26286237442671e-10,1.33490288123922e-10,3.06465458820328e-10,4.82037656146262e-10,1.22632145664138e-09,1.11472961864564e-09,1.89372438859925e-09,2.91430356301556e-09,4.74405211969249e-09
