v,0.25
Patm,100000
g,9.81
r,500
G,10^10.77
rho,2700
mu,10^2.17
rc,23
 
M,10^5.47
sigma,0.25
 
tilt_erupt,6.4796nrad
 
-1414,-1413,-1412,-1411,-1410,-1409,-1408,-1407,-1406,-1405,-1404,-1403,-1402,-1401,-1400,-1399,-1398,-1397,-1396,-1395,-1394,-1393,-1392,-1391,-1390,-1389,-1388,-1387,-1386,-1385,-1384,-1383,-1382,-1381,-1380,-1379,-1378,-1377,-1376,-1375,-1374,-1373,-1372,-1371,-1370,-1369,-1368,-1367,-1366,-1365,-1364,-1363,-1362,-1361,-1360,-1359,-1358,-1357,-1356,-1355,-1354,-1353,-1352,-1351,-1350,-1349,-1348,-1347,-1346,-1345,-1344,-1343,-1342,-1341,-1340,-1339,-1338,-1337,-1336,-1335,-1334,-1333,-1332,-1331,-1330,-1329,-1328,-1327,-1326,-1325,-1324,-1323,-1322,-1321,-1320,-1319,-1318,-1317,-1316,-1315,-1314,-1313,-1312,-1311,-1310,-1309,-1308,-1307,-1306,-1305,-1304,-1303,-1302,-1301,-1300,-1299,-1298,-1297,-1296,-1295,-1294,-1293,-1292,-1291,-1290,-1289,-1288,-1287,-1286,-1285,-1284,-1283,-1282,-1281,-1280,-1279,-1278,-1277,-1276,-1275,-1274,-1273,-1272,-1271,-1270,-1269,-1268,-1267,-1266,-1265,-1264,-1263,-1262,-1261,-1260,-1259,-1258,-1257,-1256,-1255,-1254,-1253,-1252,-1251,-1250,-1249,-1248,-1247,-1246,-1245,-1244,-1243,-1242,-1241,-1240,-1239,-1238,-1237,-1236,-1235,-1234,-1233,-1232,-1231,-1230,-1229,-1228,-1227,-1226,-1225,-1224,-1223,-1222,-1221,-1220,-1219,-1218,-1217,-1216,-1215,-1214,-1213,-1212,-1211,-1210,-1209,-1208,-1207,-1206,-1205,-1204,-1203,-1202,-1201,-1200,-1199,-1198,-1197,-1196,-1195,-1194,-1193,-1192,-1191,-1190,-1189,-1188,-1187,-1186,-1185,-1184,-1183,-1182,-1181,-1180,-1179,-1178,-1177,-1176,-1175,-1174,-1173,-1172,-1171,-1170,-1169,-1168,-1167,-1166,-1165,-1164,-1163,-1162,-1161,-1160,-1159,-1158,-1157,-1156,-1155,-1154,-1153,-1152,-1151,-1150,-1149,-1148,-1147,-1146,-1145,-1144,-1143,-1142,-1141,-1140,-1139,-1138,-1137,-1136,-1135,-1134,-1133,-1132,-1131,-1130,-1129,-1128,-1127,-1126,-1125,-1124,-1123,-1122,-1121,-1120,-1119,-1118,-1117,-1116,-1115,-1114,-1113,-1112,-1111,-1110,-1109,-1108,-1107,-1106,-1105,-1104,-1103,-1102,-1101,-1100,-1099,-1098,-1097,-1096,-1095,-1094,-1093,-1092,-1091,-1090,-1089,-1088,-1087,-1086,-1085,-1084,-1083,-1082,-1081,-1080,-1079,-1078,-1077,-1076,-1075,-1074,-1073,-1072,-1071,-1070,-1069,-1068,-1067,-1066,-1065,-1064,-1063,-1062,-1061,-1060,-1059,-1058,-1057,-1056,-1055,-1054,-1053,-1052,-1051,-1050,-1049,-1048,-1047,-1046,-1045,-1044,-1043,-1042,-1041,-1040,-1039,-1038,-1037,-1036,-1035,-1034,-1033,-1032,-1031,-1030,-1029,-1028,-1027,-1026,-1025,-1024,-1023,-1022,-1021,-1020,-1019,-1018,-1017,-1016,-1015,-1014,-1013,-1012,-1011,-1010,-1009,-1008,-1007,-1006,-1005,-1004,-1003,-1002,-1001,-1000,-999,-998,-997,-996,-995,-994,-993,-992,-991,-990,-989,-988,-987,-986,-985,-984,-983,-982,-981,-980,-979,-978,-977,-976,-975,-974,-973,-972,-971,-970,-969,-968,-967,-966,-965,-964,-963,-962,-961,-960,-959,-958,-957,-956,-955,-954,-953,-952,-951,-950,-949,-948,-947,-946,-945,-944,-943,-942,-941,-940,-939,-938,-937,-936,-935,-934,-933,-932,-931,-930,-929,-928,-927,-926,-925,-924,-923,-922,-921,-920,-919,-918,-917,-916,-915,-914,-913,-912,-911,-910,-909,-908,-907,-906,-905,-904,-903,-902,-901,-900,-899,-898,-897,-896,-895,-894,-893,-892,-891,-890,-889,-888,-887,-886,-885,-884,-883,-882,-881,-880,-879,-878,-877,-876,-875,-874,-873,-872,-871,-870,-869,-868,-867,-866,-865,-864,-863,-862,-861,-860,-859,-858,-857,-856,-855,-854,-853,-852,-851,-850,-849,-848,-847,-846,-845,-844,-843,-842,-841,-840,-839,-838,-837,-836,-835,-834,-833,-832,-831,-830,-829,-828,-827,-826,-825,-824,-823,-822,-821,-820,-819,-818,-817,-816,-815,-814,-813,-812,-811,-810,-809,-808,-807,-806,-805,-804,-803,-802,-801,-800,-799,-798,-797,-796,-795,-794,-793,-792,-791,-790,-789,-788,-787,-786,-785,-784,-783,-782,-781,-780,-779,-778,-777,-776,-775,-774,-773,-772,-771,-770,-769,-768,-767,-766,-765,-764,-763,-762,-761,-760,-759,-758,-757,-756,-755,-754,-753,-752,-751,-750,-749,-748,-747,-746,-745,-744,-743,-742,-741,-740,-739,-738,-737,-736,-735,-734,-733,-732,-731,-730,-729,-728,-727,-726,-725,-724,-723,-722,-721,-720,-719,-718,-717,-716,-715,-714,-713,-712,-711,-710,-709,-708,-707,-706,-705,-704,-703,-702,-701,-700,-699,-698,-697,-696,-695,-694,-693,-692,-691,-690,-689,-688,-687,-686,-685,-684,-683,-682,-681,-680,-679,-678,-677,-676,-675,-674,-673,-672,-671,-670,-669,-668,-667,-666,-665,-664,-663,-662,-661,-660,-659,-658,-657,-656,-655,-654,-653,-652,-651,-650,-649,-648,-647,-646,-645,-644,-643,-642,-641,-640,-639,-638,-637,-636,-635,-634,-633,-632,-631,-630,-629,-628,-627,-626,-625,-624,-623,-622,-621,-620,-619,-618,-617,-616,-615,-614,-613,-612,-611,-610,-609,-608,-607,-606,-605,-604,-603,-602,-601,-600,-599,-598,-597,-596,-595,-594,-593,-592,-591,-590,-589,-588,-587,-586,-585,-584,-583,-582,-581,-580,-579,-578,-577,-576,-575,-574,-573,-572,-571,-570,-569,-568,-567,-566,-565,-564,-563,-562,-561,-560,-559,-558,-557,-556,-555,-554,-553,-552,-551,-550,-549,-548,-547,-546,-545,-544,-543,-542,-541,-540,-539,-538,-537,-536,-535,-534,-533,-532,-531,-530,-529,-528,-527,-526,-525,-524,-523,-522,-521,-520,-519,-518,-517,-516,-515,-514,-513,-512,-511,-510,-509,-508,-507,-506,-505,-504,-503,-502,-501,-500,-499,-498,-497,-496,-495,-494,-493,-492,-491,-490,-489,-488,-487,-486,-485,-484,-483,-482,-481,-480,-479,-478,-477,-476,-475,-474,-473,-472,-471,-470,-469,-468,-467,-466,-465,-464,-463,-462,-461,-460,-459,-458,-457,-456,-455,-454,-453,-452,-451,-450,-449,-448,-447,-446,-445,-444,-443,-442,-441,-440,-439,-438,-437,-436,-435,-434,-433,-432,-431,-430,-429,-428,-427,-426,-425,-424,-423,-422,-421,-420,-419,-418,-417,-416,-415,-414,-413,-412,-411,-410,-409,-408,-407,-406,-405,-404,-403,-402,-401,-400,-399,-398,-397,-396,-395,-394,-393,-392,-391,-390,-389,-388,-387,-386,-385,-384,-383,-382,-381,-380,-379,-378,-377,-376,-375,-374,-373,-372,-371,-370,-369,-368,-367,-366,-365,-364,-363,-362,-361,-360,-359,-358,-357,-356,-355,-354,-353,-352,-351,-350,-349,-348,-347,-346,-345,-344,-343,-342,-341,-340,-339,-338,-337,-336,-335,-334,-333,-332,-331,-330,-329,-328,-327,-326,-325,-324,-323,-322,-321,-320,-319,-318,-317,-316,-315,-314,-313,-312,-311,-310,-309,-308,-307,-306,-305,-304,-303,-302,-301,-300,-299,-298,-297,-296,-295,-294,-293,-292,-291,-290,-289,-288,-287,-286,-285,-284,-283,-282,-281,-280,-279,-278,-277,-276,-275,-274,-273,-272,-271,-270,-269,-268,-267,-266,-265,-264,-263,-262,-261,-260,-259,-258,-257,-256,-255,-254,-253,-252,-251,-250,-249,-248,-247,-246,-245,-244,-243,-242,-241,-240,-239,-238,-237,-236,-235,-234,-233,-232,-231,-230,-229,-228,-227,-226,-225,-224,-223,-222,-221,-220,-219,-218,-217,-216,-215,-214,-213,-212,-211,-210,-209,-208,-207,-206,-205,-204,-203,-202,-201,-200,-199,-198,-197,-196,-195,-194,-193,-192,-191,-190,-189,-188,-187,-186,-185,-184,-183,-182,-181,-180,-179,-178,-177,-176,-175,-174,-173,-172,-171,-170,-169,-168,-167,-166,-165,-164,-163,-162,-161,-160,-159,-158,-157,-156,-155,-154,-153,-152,-151,-150,-149,-148,-147,-146,-145,-144,-143,-142,-141,-140,-139,-138,-137,-136,-135,-134,-133,-132,-131,-130,-129,-128,-127,-126,-125,-124,-123,-122,-121,-120,-119,-118,-117,-116,-115,-114,-113,-112,-111,-110,-109,-108,-107,-106,-105,-104,-103,-102,-101,-100,-99,-98,-97,-96,-95,-94,-93,-92,-91,-90,-89,-88,-87,-86,-85,-84,-83,-82,-81,-80,-79,-78,-77,-76,-75,-74,-73,-72,-71,-70,-69,-68,-67,-66,-65,-64,-63,-62,-61,-60,-59,-58,-57,-56,-55,-54,-53,-52,-51,-50,-49,-48,-47,-46,-45,-44,-43,-42,-41,-40,-39,-38,-37,-36,-35,-34,-33,-32,-31,-30,-29,-28,-27,-26,-25,-24,-23,-22,-21,-20,-19,-18,-17,-16,-15,-14,-13,-13,-12,-11,-10,-9,-8,-7,-6,-5,-4,-3,-2,-1,0
5.55230971388681e-11,3.99276750758775e-12,2.03538441705575e-10,-2.63414253517655e-10,-2.06012138444345e-10,-4.73199368891913e-11,-2.24593989096885e-10,-1.36094031963758e-10,4.12027660080873e-13,-4.83787589050345e-11,-1.01500351557266e-10,1.26950522881163e-10,-1.6078523875502e-10,-4.39489304025613e-10,-1.45405953104497e-10,8.51911595827535e-12,-1.60793375295915e-10,-3.8056343459879e-10,-1.96289537334761e-10,3.50919975055452e-10,3.66508940547944e-10,1.47449781925047e-10,-2.28094318176425e-10,3.04070819629456e-10,-1.29571644027074e-10,-1.44617347461746e-10,2.96785537933132e-10,-2.79750887544301e-10,-7.41717545541071e-11,1.24133019277895e-10,-5.60077058532721e-11,4.47472211450999e-11,9.31137329143523e-11,1.6413900003567e-10,9.81025562155186e-11,-1.21774567994499e-11,3.58640964172142e-10,-7.89924231376272e-11,2.64187905768323e-10,1.27590028158494e-10,2.94916676011983e-10,3.46103691510581e-10,2.84908475723365e-10,-1.05800464917454e-10,-2.82915632122751e-11,7.21670029462491e-11,-4.16051059581367e-10,3.07897465989253e-10,-3.53832415744921e-10,-3.13256089974464e-10,-8.91027840553242e-11,3.36081449914588e-10,2.48371993054399e-11,1.62018615989766e-10,6.71689823405067e-11,1.91949924873961e-10,-1.70872405567113e-10,-9.53397404097161e-11,-2.08733365638748e-10,3.01738865609634e-10,-2.99608714622612e-10,-1.21573937089151e-10,-1.9951334879199e-10,6.0999926615626e-10,-3.04189049486146e-10,-2.2676519562889e-11,2.44980339214702e-10,2.40533516584876e-10,-4.79530680833323e-10,-2.93115558190106e-10,-3.21369652792063e-10,9.53313287618788e-12,1.74543914956405e-10,-3.46916666415866e-10,2.16248493350737e-11,-3.09012755918765e-10,4.80483981364462e-12,-1.39537332009227e-10,1.5514067660811e-10,2.7566074305741e-10,-3.60835077664765e-10,-3.14293699672705e-10,-5.16036674259918e-11,1.30815334097691e-10,-8.77417214060793e-11,-5.03306617630518e-11,7.90057610084102e-11,9.88299441319214e-12,-3.51059377079647e-10,-3.38052614379085e-10,2.81294838990907e-10,-1.26027460745919e-10,-1.92929355473542e-10,4.46159827023712e-11,2.30407447189135e-10,2.52970957417004e-11,-3.04604427152199e-10,-3.08395581284751e-11,-1.37733055727658e-10,1.55694637668167e-10,-8.05830101576235e-11,3.57547043432885e-11,2.21074869927358e-10,1.89350916534851e-10,1.49410973843759e-10,4.45296947367247e-11,-3.98069185289449e-11,-3.26768014849424e-11,-4.04538333013735e-10,-2.26318480240272e-10,6.03780511290891e-11,-5.40319023000025e-10,-3.36445325869571e-11,3.59594297519094e-10,3.22535959243247e-10,-3.88170410453507e-10,1.61923390659964e-10,7.99344367118734e-13,-1.9080086762937e-11,2.38278265072565e-10,4.69170012907485e-10,1.9263279732839e-10,1.94644748917373e-10,9.61913189006903e-11,4.74905873157918e-10,7.36346345048033e-11,1.1269193538028e-11,2.34061182327889e-10,-1.55820853204903e-10,6.35027631509161e-11,1.83231788459202e-10,4.62940259250217e-10,2.85921691629282e-10,2.16343057104347e-10,-4.35803911699298e-10,-3.59078017123277e-10,-1.55630425415723e-10,-3.93998239760356e-12,9.95755370346458e-11,2.44792848268283e-10,-3.24410535597756e-10,1.68865264697498e-10,1.13005239637825e-10,-3.33027194698226e-10,-4.04421158268171e-10,-7.09218619236569e-11,4.89765925810121e-10,-2.77342664258925e-11,-2.13565698191964e-10,-2.14324494017238e-10,-1.39466374531961e-10,1.45669712966873e-10,-9.37516167671137e-11,-3.18441925901288e-10,-3.5498706672599e-10,-1.38627551159004e-11,-4.16522590735562e-10,-2.18795967681849e-10,2.34509838665635e-10,-1.06547479904008e-10,1.57645090308694e-10,-1.06061186318313e-10,-4.38046051071323e-10,-4.67552080658859e-10,-1.06044140417121e-10,6.79769329962289e-11,1.17126894734053e-10,1.95039747196085e-10,1.73520309713846e-10,1.42275055416968e-10,6.6836174712117e-11,-1.63598967588315e-11,2.31275711289295e-10,-2.35798291749698e-10,-5.96945781038593e-11,1.77919444236584e-10,-2.50910288492572e-10,5.97185516613611e-11,-3.27243473375181e-10,1.56319600912058e-10,7.79763040823972e-11,-1.9958742134313e-10,2.52216810376999e-11,-2.03354133503099e-10,4.55839291294597e-10,-1.6097425013322e-10,-1.59649364070938e-10,1.9576512763523e-10,3.78805555610201e-10,-3.00439173743691e-11,3.34182607497531e-10,-2.81254810866504e-10,4.39162517124757e-10,2.5727560310713e-10,1.48449093927588e-10,2.16711251092421e-11,-1.12335412919053e-10,3.16936554838733e-10,5.09815183195e-10,3.04828564672227e-10,-2.02287507940852e-10,4.3894934562826e-10,-1.57728168018463e-10,8.8730187559138e-11,-7.40115205306692e-11,8.66783442006654e-11,-2.14892451045286e-10,3.49403203295376e-10,7.18706129391414e-11,-8.32918404448329e-11,-1.75230721779533e-10,2.15738471417713e-10,-3.68311024301035e-10,-5.60764616305195e-10,-4.8891763607338e-11,2.46982951901546e-10,1.49629440534553e-10,2.25018863776549e-10,1.37738953174682e-10,1.16435631397646e-10,2.62435472436478e-10,2.0823042680685e-11,5.6624063093989e-11,9.19687845817589e-12,-2.32421002903751e-10,-3.98723864439176e-10,2.7865027481054e-10,-7.25234318026628e-12,-1.69702071397957e-10,-3.83374059458651e-10,1.30390096177068e-10,-2.17784517907907e-11,4.0602788555379e-10,-3.88180933765718e-11,1.4159258372037e-10,-3.50882428408247e-11,4.51251544861719e-10,-2.68844949733223e-10,-1.91554310628989e-10,5.21927945227335e-10,-5.98402077701446e-11,2.84456944032369e-10,-5.81438445516843e-11,4.37173395216097e-11,3.82329619315385e-10,-3.58956204248151e-10,6.86142079345957e-11,2.40579486618094e-10,2.55027205462466e-10,7.11781821762538e-11,9.6300655515667e-11,-5.15659174227769e-10,-1.20028481179378e-10,-5.80322230453159e-10,-1.18291801122551e-11,1.09836124030151e-10,-1.35898134410674e-10,1.37125329744946e-10,1.99642314952485e-10,5.69585848206869e-10,-2.36761665564706e-10,-2.17372310205308e-10,3.78344575085006e-11,5.62868208169918e-11,6.75233565624125e-10,-5.34463460325002e-11,-2.99209810597581e-10,-3.20351677332015e-11,4.99588962595934e-10,-2.42503652553099e-10,-9.34844199961918e-11,1.04349699770423e-10,9.56709203451218e-11,-5.84101560308064e-11,1.04997810907601e-10,-3.64389870367007e-10,1.19765114635852e-10,2.28145101222883e-11,5.55822537865524e-10,2.85433806331123e-10,-4.97650478569062e-10,-5.08350146381264e-10,3.49848960356631e-11,-4.71346261560395e-10,8.61327832721453e-11,3.71203781573059e-10,2.24034764347923e-10,-4.69334399956356e-10,-2.50982620037551e-10,-2.72669871395177e-11,-2.21478306058895e-10,-1.92411267684873e-10,2.31701981281535e-10,2.96627459745637e-10,-1.51400108867221e-10,3.00983634332307e-10,2.54117928635325e-11,-1.65800504889716e-10,1.85571998195407e-10,-5.47894238937082e-11,-1.93605277811312e-10,-2.14129805792766e-10,-3.31503410868504e-10,-8.4300260256143e-11,-4.05205739677908e-11,3.73600522896274e-10,-7.72961619302552e-11,-2.42603765300194e-10,-7.26073494189648e-11,1.07229624469686e-10,-9.16619375178758e-11,2.23684971839502e-11,-3.44620556606504e-11,2.59759947193942e-10,1.17230538246869e-10,-3.44485627397353e-10,1.24785512525389e-10,3.39601181727286e-11,9.58249352902642e-11,-6.64715833096441e-11,-2.09559567982298e-10,-9.60083732060891e-11,2.496836223764e-10,-6.19769417846628e-11,2.47554187219353e-11,1.60451948415374e-10,-1.10569533388383e-10,3.01261817978173e-10,5.44783683238895e-10,-2.28631016013334e-10,-9.21215078887251e-11,1.00723264211574e-11,-3.68959179184427e-10,-3.61707120039002e-10,1.37146881790539e-10,-1.63489356274893e-10,-8.47135132119862e-11,-2.64324625091484e-10,-7.36782205371534e-11,1.56942619352931e-10,3.1961667988626e-10,-4.83331851601307e-11,3.43640839262385e-10,-3.48257584922516e-10,3.38291325371097e-11,-1.31225549754474e-10,1.35024228265451e-10,-2.99863591942198e-10,5.84477014779546e-11,1.39051879039926e-10,-2.55878886598857e-10,-4.55633867576995e-11,3.64853215587523e-10,-1.47607604039789e-10,-1.4020110520682e-10,-3.50254783330417e-10,-3.13832164034757e-11,5.20218872487251e-10,-1.97322388842552e-11,6.61181711634984e-10,7.94457587036325e-11,1.08415368071769e-10,1.7106791026583e-10,3.60589051234118e-10,3.65167913848359e-11,1.3112451779635e-10,-4.05777735039471e-10,2.44298567768178e-10,2.81302839714532e-10,1.27784894567216e-10,-7.43436593352615e-10,2.30190060676403e-10,7.36324666986137e-11,-7.32568363793595e-11,4.31357878046901e-11,1.40476919772165e-10,-4.93196554985757e-10,-1.27550182882482e-10,4.16845695262506e-10,1.88824469346577e-10,1.21525861833825e-10,-1.02242674366338e-10,4.45956962947365e-10,-6.31580081318964e-10,-1.41552766607275e-11,-2.61226390611865e-10,-2.09474192298727e-10,-2.70508491347819e-10,-2.97197736729009e-10,-2.62683340472125e-11,3.54146470279192e-10,5.55356556400714e-10,1.54091521796191e-10,-3.56111517554881e-10,-1.171627408428e-10,-6.70350140067313e-10,-1.39405719645477e-10,-3.7477100935162e-11,2.88927767347143e-10,-3.84882093297733e-11,2.47295179277275e-10,1.29333095672119e-10,3.07151825501745e-10,-4.23543304404096e-11,2.0926643823175e-12,1.1596085571677e-11,-2.46841435063067e-10,-1.58773013829527e-10,3.76686886136951e-11,2.66459214748512e-10,3.81186887247339e-10,-7.05056666262426e-12,-2.55356144390494e-11,-1.483108891881e-10,3.06419643882562e-10,-2.84404981676711e-10,4.05439112103189e-10,-1.89241446007033e-10,-1.84980348162007e-10,-4.26902352686157e-10,4.32050904658922e-10,-2.07695799957139e-10,-7.89653754405247e-11,5.15495188164069e-10,1.67743817955722e-10,-3.55519720806004e-10,-1.50660575606862e-10,1.75658359841473e-10,3.47668923608015e-10,-1.62458438732977e-10,1.75702362896624e-10,-6.62745235248834e-10,3.01872338002605e-10,-4.66523153184833e-10,2.40432720637735e-10,2.03680380248994e-10,-9.55197777426058e-11,2.49415867022131e-11,2.96278521073604e-10,-8.39625411373897e-11,-2.5747713830965e-10,-4.14988180589039e-10,-1.18580504635599e-12,3.47834307153616e-11,4.19406681591488e-10,-4.00559599540995e-11,-1.04781911449171e-10,-4.88582180477462e-10,1.93478875256121e-10,-3.80756208613105e-10,6.71452447302414e-11,-7.38809462344607e-11,-5.57078625989071e-11,-4.72286276897464e-10,-1.38469146217822e-10,-8.19148215390807e-11,1.43749907643957e-10,-1.82617139769231e-11,7.27026406879799e-11,4.58440310723632e-10,1.09721228700935e-10,2.5602934360381e-10,1.8385880977181e-10,3.77145730314018e-10,-1.68869818250897e-10,7.79035949661452e-11,4.91020523496817e-10,-3.06988462120404e-10,4.55700203259184e-10,1.39360398074979e-10,1.52574042772152e-10,-1.97584849464499e-10,1.17258900534315e-11,-2.51476026266429e-10,1.31955304080387e-11,1.32686426909571e-10,-6.74348804360289e-11,1.46404678425229e-10,-1.28527670819324e-10,-5.60166601852864e-10,-2.26326915927383e-10,1.83793962585906e-10,-8.56529966087952e-11,-3.84218518525592e-10,2.90972944746218e-10,1.54556595452597e-10,4.58242623732437e-10,2.64072432051985e-10,2.18510586052837e-10,8.2872064911628e-12,-2.12870953177209e-11,1.50328665333925e-10,5.25465680366882e-11,-1.97689004998162e-10,-3.24569214551493e-10,1.56244850602916e-10,7.95286001854479e-12,-6.22132675610484e-12,-8.25962036258455e-11,-1.7905192745245e-10,4.88590027359179e-10,1.72937155843416e-10,-4.64653741784662e-10,1.8215788368955e-10,1.2506545971808e-10,-3.46216675675051e-11,1.19402506107269e-10,8.91441501741153e-11,2.56427225538682e-11,9.014604561187e-11,3.84214495810938e-10,2.76010064721683e-10,-1.22382646154123e-10,-1.11407366831784e-10,5.931265002784e-11,2.01947169783394e-10,2.06098023548748e-10,1.57685121153701e-11,-3.33754553343302e-10,-3.06919098430131e-10,-1.29496310305351e-10,-9.4647886421041e-11,1.56690444741162e-10,-1.44876166991793e-10,2.18694748586794e-10,1.3883964552978e-10,-1.21515531442574e-10,-2.78703179282781e-10,4.36909523962567e-10,-6.93440270277244e-11,-2.22718835931021e-10,1.24836889407307e-10,1.13937583757614e-10,-3.04291495896005e-10,9.17025577875052e-12,3.20852902707801e-10,-2.82825749908764e-10,1.1241478363539e-10,5.41645858321026e-10,-8.369738841756e-11,1.35037131748119e-10,2.93917966801926e-10,7.77792290289833e-11,-1.02680387272208e-10,3.91341312418037e-10,2.30556375463364e-10,-2.25499426449681e-10,-3.60973634537823e-10,-1.22202090350328e-10,3.74050963296864e-10,-2.87843176983265e-10,-2.60063629314048e-10,2.43427032470736e-10,-1.51347495359859e-10,2.43403564423868e-10,2.95090582245522e-10,-1.0422168743979e-10,8.51335315909093e-11,4.76852013468419e-11,5.09388682929831e-11,-2.257032868312e-11,4.45062504928742e-10,-3.5457176525923e-10,-1.77952548971353e-10,3.05338882207015e-10,-2.45452917658088e-10,4.4221267384279e-11,2.90332624467702e-10,2.20764288190988e-11,1.70870503657466e-10,-1.05245741969198e-10,1.57180967471199e-11,1.32101276063072e-10,1.52860038889969e-10,2.75245365431801e-10,1.19805285494306e-10,2.8331335739903e-10,-8.52165319578789e-11,-2.41694217544476e-10,1.35732745399652e-11,-2.82088568036878e-10,1.56243377620976e-10,-4.73267477639701e-11,-6.93302311706647e-11,-1.92042417422119e-10,1.6466164162566e-10,3.06080372014408e-10,-1.59110291294514e-10,-1.19955372117484e-10,-6.85278456343873e-11,2.1740638635233e-10,1.03412727815935e-10,-3.04454934548748e-12,7.64423611077231e-11,2.34569065032451e-10,-2.00667247406422e-10,-2.67093680081244e-10,-1.97809376314761e-11,-6.81014427896792e-11,9.32346413485442e-11,2.3796937590513e-10,-1.29106665003551e-10,-2.16372942970858e-10,-2.16936082260944e-10,-1.51970355024541e-10,-2.78081714326987e-11,-4.73554010787e-10,3.11426299387067e-10,1.47665898528262e-10,-3.06274367067899e-10,-4.30757342289919e-10,-1.92573825545798e-10,-1.41967029201635e-10,-3.53493543937024e-10,-1.15224354661339e-11,3.48120681310333e-10,1.37224741804384e-10,-4.3203057594089e-11,3.11016042816361e-10,-3.27332968224083e-10,-2.57798254336855e-10,-1.3960639966814e-10,1.87690081054808e-11,-7.11486997178802e-11,-3.63346793630514e-10,-4.33339436161125e-10,-4.80846207392963e-11,-1.45673909562687e-10,-1.92773771965768e-10,1.11619810925156e-10,1.77406701105822e-10,-4.02756542673814e-11,-3.00745966914596e-10,-3.32921893171484e-10,3.98936546900889e-10,1.06674021415637e-10,3.07058114348234e-10,-4.18258317414282e-11,-5.42276989370769e-10,2.50712676520777e-10,9.29266330184218e-11,1.1480161778386e-10,6.77036265652132e-11,-8.44121751544748e-11,-2.77541328696439e-11,-8.31488470788343e-11,4.98599516475787e-11,-2.1944708967902e-10,-2.1788207498178e-10,1.80968381578359e-10,-2.03531150262109e-10,-4.81286262488523e-10,2.95568110907138e-11,3.71576662321315e-11,-5.12164144573034e-10,-2.79504588902371e-10,-5.04149176958883e-11,-1.90841189776202e-10,3.34425729018077e-10,1.62226877572179e-10,-4.19486466388726e-10,4.41178019384776e-10,-1.89647349064493e-10,-1.0858499766874e-10,-1.01789992580024e-10,-4.48528691443256e-10,1.07340384911686e-10,1.60812711056568e-10,1.61480036014439e-10,-1.45275418551611e-13,-5.17694757155773e-11,-3.57261510102403e-10,-3.1478588838089e-10,-5.11939476072242e-10,1.98539368905053e-10,-1.68605528093259e-10,-7.0199376340068e-11,-1.85272533610366e-10,-4.92280616211193e-11,1.09285664715394e-10,1.10128786439601e-10,5.6909424109706e-10,3.51779798421726e-10,-6.86048512276538e-11,-1.74956821239373e-10,-4.910715675073e-11,-2.83127092476977e-10,4.09679031371597e-10,1.40483333688161e-10,1.24469975150953e-10,1.35503695058521e-10,-5.57723639581937e-11,-1.22459431699524e-10,-1.72161379045683e-10,-7.50501136147552e-10,4.21266916684929e-10,-1.75358486733159e-10,-1.31293156291023e-10,-4.78109629470334e-10,2.41010225928108e-10,2.17707260145084e-10,1.8578737988567e-11,-2.99835538877121e-10,5.51909242258249e-11,-3.06583375640349e-10,8.71479427584997e-11,3.58763099164358e-10,1.0402295975189e-11,-1.15941387391034e-11,-1.57394789737453e-10,-1.59666257178879e-10,3.69954534828383e-10,-1.95334837955789e-10,-1.82745463455268e-10,-3.25982125259621e-10,-1.13110702551647e-11,-2.78995312406602e-10,4.67353616357272e-11,-3.61674970755769e-10,1.51010531146872e-10,1.11830193524158e-10,6.43923840055034e-11,-2.69097265037232e-10,-3.23338301436562e-11,4.05871395045903e-10,-1.77401249325403e-10,2.62696247440295e-10,-3.74629373137749e-11,-2.72689541303593e-10,9.73426318768983e-11,2.86332981553153e-10,-5.02463590356463e-11,-2.74900950423577e-10,-1.78523137639672e-10,-2.32109245126038e-10,2.72951829033678e-10,3.578269339699e-11,2.06934211939572e-10,-4.65561745169429e-11,1.40524644502255e-11,-3.42991834651343e-10,-5.20211558437236e-10,3.48302116585569e-11,1.06747887840676e-10,-1.24601548935585e-10,-1.12288558048178e-10,3.29356475056374e-11,1.57913246561685e-10,-4.04444198011828e-10,2.24605718342431e-10,2.47674880398142e-10,-2.7200576235141e-10,3.04774425332163e-10,1.25148842775346e-10,-7.01062257094016e-11,1.70857565631849e-10,5.39166124346389e-11,7.29202624251475e-11,4.47511051112454e-10,8.71090758596203e-11,2.41336547062139e-10,-1.72092175486027e-10,-2.96080858767931e-10,1.23789877556241e-10,-1.13829559997584e-10,-2.39673539998513e-10,4.74573819357875e-12,-1.42875784449517e-10,2.64541581025957e-10,9.10577515782207e-12,4.6029640791773e-11,-8.29812284384286e-11,-3.49889985129266e-12,-4.57921045861242e-11,-2.78141058686827e-10,-2.14580509259758e-11,-2.7110789865645e-10,4.82998336544011e-11,-6.34838579148976e-11,-2.77019495434695e-10,-2.94601956651108e-11,1.81640310449063e-10,4.03187994531948e-10,-3.79532398081782e-10,-2.01758688247282e-10,2.79166008392086e-10,1.17436615074487e-10,-5.76191765250627e-11,1.97142677171196e-10,7.66850763419418e-11,-1.66529309265751e-10,4.07026240456537e-10,1.88118869756017e-10,5.77877215309073e-10,-3.38041846670518e-10,-6.86867741236611e-11,-4.99623248091619e-10,3.5580898281239e-10,3.70895331734949e-10,-2.49062950351224e-10,1.57006596540413e-10,-3.208896385771e-10,-4.95643766236434e-11,-3.31296216722186e-10,1.26657875411231e-10,-8.0942541012566e-11,-1.77454981270429e-10,-3.69357383580818e-10,2.44359793895599e-10,-7.97851739641035e-11,-1.34086376845149e-11,-2.69034763894387e-11,2.08707576640668e-10,-6.640414895788e-11,1.39556132839805e-10,7.13976516030634e-11,1.45120735584019e-10,-1.32966798954096e-10,1.20200727719504e-10,-2.86758556967835e-10,4.46966116514714e-11,-6.15599318352425e-12,-3.00677609109207e-11,4.40413764667216e-10,-2.20894698426291e-10,-1.53045835754736e-10,-2.01726229445361e-10,-1.0586680880857e-10,1.38632102672367e-10,-2.07350047673344e-10,4.67601836919609e-10,-1.46116573209489e-10,-2.01610534386517e-11,3.3550917372667e-10,-3.57893979639041e-11,-2.1700574131661e-10,-2.41216144578471e-11,1.25151376901052e-10,-1.80873064699005e-11,3.26041526010192e-10,6.41406167527649e-10,-2.22731295366928e-10,-1.50503854500241e-10,-1.2087279849129e-11,-2.13821586655432e-10,2.60282243411112e-10,-1.20394394049098e-10,2.73900347787323e-10,-6.62013306855885e-11,1.90388430412341e-10,3.97367662189269e-10,-7.08709205300216e-11,-4.42946686475448e-10,-5.03201471634529e-10,-4.1882878182791e-10,-2.67800197782775e-13,-5.02142962635317e-10,-3.96764007210992e-11,3.28896022385883e-10,4.73328426719713e-10,2.94531250324781e-10,-1.77619797945124e-10,4.64593941243991e-11,-8.16621844357985e-12,-4.75621548536057e-10,8.67782926282075e-11,-4.24006402904378e-11,-2.42003957249113e-11,1.36954292489454e-10,-1.79969081225858e-10,9.47693008366718e-11,2.88919690666254e-10,-1.87850301826961e-10,-3.48837642432833e-10,9.24014816152357e-13,-4.94243620294998e-10,5.65825139725345e-12,-3.95769205081476e-10,1.59768747519534e-10,3.3112275631764e-10,-2.99851070611982e-11,-2.75811646981033e-10,-1.88583638663923e-10,5.52402849994352e-10,-9.06903251840758e-11,-1.73382720026402e-10,1.88790475907884e-10,3.69057399625072e-10,8.30812128925048e-11,2.94710192025961e-10,5.25425174580551e-10,-1.65478276753847e-10,-1.72628185377507e-10,-1.17012918820744e-10,-1.60782292699997e-10,2.98877583615521e-10,-3.51444294954042e-11,1.6387466400196e-12,6.02166350495259e-11,-1.46892022771274e-10,-2.45929245542734e-10,-5.26027390850525e-11,8.07455460455385e-11,-3.06280913947831e-10,4.03151238174253e-10,4.60233220506297e-11,-1.24406745016085e-10,-8.41942791173023e-11,1.7886006039514e-11,1.87855066209769e-10,1.86318658808957e-10,-3.37792714063061e-10,8.52754765746756e-10,-7.10451480948242e-11,-1.9849195595826e-10,3.0048106469688e-10,2.69014669211185e-10,2.98781092345236e-10,-3.95719308870087e-11,-7.70573105213155e-11,-2.86964702171137e-10,1.41859417838032e-10,1.94896734980322e-11,2.78830031160336e-10,-1.33386525896208e-11,-4.84723332377637e-10,-5.01181427641308e-11,6.33332874073775e-10,2.93915134343592e-10,2.89257961315369e-10,1.59971355181047e-10,-1.91770203835064e-10,1.65825730434506e-10,1.23182036823167e-10,-3.62003556750741e-11,-5.67384292206626e-10,-4.02701449179907e-11,-2.39830730095508e-10,-7.76908195340781e-11,5.45310020588551e-11,-2.12536791573587e-10,8.81778531035958e-12,-3.39180972991953e-10,6.29834852012739e-11,-1.52992168591231e-10,-3.90048240311039e-10,-1.45738635519049e-10,-1.3635131774178e-10,-2.92932636420786e-11,-5.47257860527249e-11,-1.45765283494379e-10,2.05311475380532e-10,-5.74414809516066e-11,-9.23543090437803e-11,-6.39920134697984e-10,1.11097651507064e-11,-2.59130625030012e-10,1.19335634691566e-10,-3.54588860458004e-10,4.66475979130219e-10,-2.03278812225509e-10,1.11187710312508e-10,1.76346459800846e-10,-6.91762426513646e-11,3.71762713356694e-10,7.63670790660757e-11,3.47050728272059e-10,-3.59090897013387e-12,7.75457032141273e-11,-1.049125922245e-11,6.0472708912697e-11,1.49914277314832e-10,-8.84633993881312e-11,-2.18352669969539e-11,1.77048822084436e-10,5.73447003897244e-10,-4.06409683351581e-10,8.41080163282694e-11,-1.79502681724273e-10,-2.68493588902351e-11,1.96241907970856e-10,1.42315341724511e-10,-6.13855104790179e-11,-2.59441968610827e-11,4.31011905699988e-11,2.39813858065826e-10,2.71613328843398e-10,-4.69504834824372e-11,-5.1490065651084e-10,3.05885629990334e-10,2.5650664106994e-10,3.0011382270139e-10,6.30479127268703e-10,-1.31126577084923e-10,1.87071651859593e-10,2.98735008093991e-11,-2.6334032479986e-10,-6.38902192846853e-12,3.06205925853235e-10,4.12370164289024e-10,6.47035337159937e-11,-4.29137448326405e-11,-3.02028150022108e-11,3.30548886017764e-10,3.08958874661417e-10,2.04186672069004e-10,-2.91922510953605e-10,5.11331960379995e-10,-2.34895416314289e-10,2.03337456327167e-12,2.58913724838366e-10,-6.50472951454894e-10,4.18182325076607e-11,2.44544854863849e-10,9.48493331541844e-11,-4.13275369478735e-10,1.06606971951935e-10,2.86258189135048e-11,-6.47170447750719e-10,-1.05933860150413e-10,2.01164817084038e-10,1.15836848381767e-10,1.80827451193935e-10,-3.92338548110558e-11,1.71677966479085e-10,5.03148901436735e-10,-4.05327232428382e-10,1.09739588232783e-10,-1.61263874213181e-10,2.14764331450897e-10,-3.73119670871211e-10,7.42293551279261e-11,1.60946595771452e-10,3.02161488460165e-11,3.63763419668726e-10,1.76660511308599e-10,2.88283153202446e-10,-8.41358319687841e-11,-2.07787675707219e-10,6.69432373487594e-11,-4.34031507618819e-10,2.9828089769376e-10,-3.270228361636e-10,-1.67151540456532e-10,-1.7275341933345e-10,1.22532827726237e-10,2.23841432214769e-10,4.10532967963187e-11,3.19261193895142e-10,1.32561475033582e-10,-1.3830230933551e-10,-4.50125976033741e-10,-1.2698517174554e-11,1.38162389772237e-11,1.06595411149951e-10,-2.365459549835e-10,-3.43783447886984e-11,2.46710136851751e-10,-7.96359684635314e-11,1.10446243344921e-10,-4.44690093357082e-10,3.6286624540373e-10,1.39625887096288e-10,3.56827743715088e-11,-1.83392155218889e-10,-3.35989946826259e-11,-3.42874003095433e-10,1.77416773536162e-10,-1.45608976969493e-10,-1.77498605915766e-10,-3.40423379694762e-10,1.65219940314023e-10,3.73580753258148e-11,1.78905915931293e-10,-2.25719671831513e-10,3.8263326265999e-11,4.69688239792451e-10,2.73419056193522e-10,2.27794398229182e-10,1.38853975171968e-10,-1.15712353857671e-10,-3.94301389408684e-11,2.8796383756547e-10,-3.0441630530811e-10,-6.49260736733617e-11,1.39620229229664e-10,6.48310763579376e-11,-8.52413974614651e-11,-1.65486878251384e-10,1.73818265605233e-10,-2.78594304685331e-10,6.75528653223628e-11,6.35573024973358e-10,1.93262055041859e-10,-3.24813006156416e-11,-1.77099147093001e-10,-1.49927083249921e-10,2.61102781874036e-11,6.78090426414896e-11,-3.7008391702336e-10,-3.55646191592753e-10,-3.67415351785605e-10,2.92318238145113e-11,6.71785801537956e-11,-4.94107034095787e-10,-1.53344783874476e-10,-2.41716045800346e-10,-1.64007039289123e-10,-2.19298490969882e-10,2.29135899844451e-10,-2.90773574402329e-10,-1.96360091586466e-10,1.67291907252531e-10,-3.81557261624745e-10,-6.683249594206e-11,1.67823718343964e-10,-3.46918357981536e-10,-3.85563460469209e-10,1.26008420294868e-10,7.3654597746662e-12,1.99483730858149e-10,1.67640573014141e-11,3.02325250414857e-10,5.72320621787242e-10,1.98457392974961e-10,-4.42725695562078e-10,-1.00149116918356e-10,3.84674203328431e-10,-5.44918560971447e-10,1.08365351283698e-10,2.43958187490763e-10,-2.82104197776723e-10,-2.54155615315413e-10,-1.57503396449556e-10,2.93926836615549e-10,-3.76023344984364e-10,1.14833331960043e-10,1.49049459395884e-10,-2.79594571233528e-10,-2.63308227547317e-10,-1.8352685663243e-10,4.06981141415568e-11,1.2920108364003e-10,-3.551370349992e-10,-4.65084635053082e-12,-2.18082788993358e-10,-2.21312125174299e-10,1.04944099726143e-10,-1.69898214786945e-11,2.85482383487909e-10,1.51968207675999e-10,-3.32111001712223e-10,7.84253151329569e-11,-2.34182561995326e-10,-1.36989981629205e-10,-1.58408302128591e-10,-1.14022846009582e-10,-3.46813388015243e-10,-2.00314460975611e-10,-1.44484732830465e-10,-5.11451241846072e-10,-1.12370126312029e-10,-1.3092363212823e-10,1.50577528105206e-10,-1.49824396964202e-10,-3.01503837867397e-10,2.00488973052084e-10,3.33161058200082e-11,-5.04527117835751e-11,-2.88628748906311e-11,3.1297853367547e-10,2.35250107086606e-10,-1.47759524599522e-10,2.19027079666769e-10,1.65481403925274e-10,2.54760004129616e-11,2.64327740796419e-10,3.18827690331998e-10,3.27251214677429e-10,-2.99953933734976e-10,-1.68739974582447e-10,2.87974625016626e-11,-6.12287851489474e-10,-1.91923332917888e-10,-3.31336105585655e-10,3.18064311086665e-10,1.15431102786869e-10,-1.26462373200071e-10,-8.85529285044058e-11,4.03404632200152e-10,-2.09206563191472e-10,2.6614099083166e-10,8.43231716740828e-11,-1.68110045439873e-11,2.9398082457462e-10,-4.53943132284623e-10,-1.13888102839227e-10,-3.24983198520283e-10,-3.79569830519691e-10,8.38705415808991e-11,-1.48906133119695e-10,-2.91844713512212e-10,2.45953595039601e-10,1.4594967464966e-10,-1.20793289560394e-10,-3.77359078261271e-11,-2.58180291925713e-10,1.06726248700666e-10,2.01076796116529e-10,4.65678183860959e-11,6.01378580098915e-11,2.28433481964776e-10,3.29202728224957e-10,-1.56115739801456e-10,6.92399174505419e-12,2.94645173713042e-10,-2.61566043138619e-10,3.04030527790557e-10,-8.53088458566485e-11,-3.25988918359093e-11,6.0635979391276e-10,2.65247060679854e-10,2.3316667155522e-10,1.19885315875563e-10,-8.47184134725768e-11,1.43383715779707e-10,1.62600430637092e-10,-1.55991218108938e-10,-2.74188169768576e-10,5.981109913533e-11,-2.58908990463013e-10,-1.47440467419239e-10,-3.3036485816634e-10,-3.07791409587185e-10,7.47954006423076e-11,1.74350368613832e-10,-4.30877318754007e-10,-2.82318864977044e-10,3.46868746643067e-10,-1.20937957059479e-10,-1.42208217849062e-10,2.92392940759006e-10,-2.7239314257551e-11,-2.65446446734369e-11,-2.68535603877182e-10,2.04427148765784e-10,9.8785452786018e-11,2.57361098639127e-10,2.29780328550995e-10,-2.19935532221379e-11,3.70158185514831e-10,3.15979035914815e-10,3.70607001501907e-10,2.99798805641184e-10,-7.93759897324278e-11,-3.65328067413267e-10,-2.27234888642845e-10,2.49149680829595e-10,5.26266155720687e-11,8.34502665255087e-11,1.80066361188985e-10,-1.92588094291043e-10,1.9706365557868e-10,8.42875126642028e-11,4.25674229745767e-11,3.21382606628595e-10,-5.36638291739682e-10,1.80481059997635e-11,-5.65977527025776e-11,-6.09557829165094e-11,2.40496317366838e-10,3.09246635189193e-10,3.48745170470152e-10,1.72957556651317e-10,-2.4107515786863e-10,2.70996870800067e-10,1.02456507656253e-10,-8.05250968485394e-11,3.22744890936427e-10,-4.27360782008783e-10,1.56192363109386e-10,-5.05647162484795e-11,-8.99593833720569e-11,1.62128925402721e-10,-4.41044084596451e-10,-6.31336183703763e-11,-2.50265844885901e-11,-1.78969183210663e-10,3.09008765517259e-10,-1.21905685928701e-10,1.52696921778111e-11,-1.39257023665122e-10,1.80819902430138e-10,1.75465727508584e-10,1.26074331218711e-10,-2.63003294413285e-10,2.21058023302514e-10,2.1781862117137e-10,7.18091418480449e-11,-3.16680219759258e-11,-1.06908536855768e-11,-8.46020492723518e-12,3.76806735636325e-10,4.55073588934761e-11,1.21784930048911e-10,2.94898661199563e-10,-1.52495529368021e-10,5.27962249128692e-10,3.35861401107305e-10,1.29705023062423e-11,4.74271425813305e-11,-3.04578367782852e-10,-8.53735372835931e-11,1.20936674498343e-10,5.77333357602706e-11,1.168062534922e-10,2.67421252826983e-10,6.24503321683382e-10,1.91138102894866e-10,2.41809730913443e-10,1.24350233374454e-10,1.24288189413076e-11,1.53124201109233e-10,1.39781493992878e-11,-2.80194524616667e-10,3.71400694975642e-11,-8.20951270488492e-11,-5.33783638270373e-11,-8.1873923327877e-11,-1.41533673038013e-12,5.10026367645961e-11,-2.2112855549672e-11,2.89038714699692e-10,9.76640242123761e-11,4.44060188416975e-10,3.11831170282455e-10,-1.29060855662521e-10,-8.10054587036134e-11,-1.44254471597401e-10,-2.23379516120017e-10,-4.77739962965198e-11,-1.84540801870784e-10,-1.54559880031299e-11,-2.10996022540956e-11,-1.49947900647693e-10,-2.2012939253854e-10,6.36745950790932e-11,-1.2693812708137e-10,2.34445726778431e-10,3.85765865273836e-10,-1.63996874048309e-12,-1.56145465569314e-10,9.46667645626326e-11,-8.14420608042232e-11,7.71543605333397e-11,4.30601000880107e-10,-5.21196993347157e-10,-2.21056030815875e-11,-1.54836262318743e-10,-1.0363266334156e-10,-5.09707560513753e-11,-1.68743367302152e-10,-3.96980877736123e-12,-3.55924423464136e-10,1.52164118865223e-10,2.85439399234227e-11,-4.0327219619337e-11,1.33499260324437e-10,-1.89564917806207e-10,1.02383959291103e-10,-5.08866184069868e-11,-7.37474372698892e-11,2.34370150112326e-11,-1.27389209370818e-10,2.44767878201038e-10,4.41451509580289e-12,4.24079953302217e-10,-1.96832268248764e-10,-3.43863092294977e-10,-2.00657445475181e-10,2.23340662326732e-10,-5.27182050192677e-10,-5.74104370512312e-10,4.41002143775529e-10,-1.38421979506125e-10,-3.25037101067027e-12,-1.24799795804329e-10,-2.40414176111814e-11,2.16324950808071e-10,-1.03614701941074e-11,-4.21073125605767e-10,4.057809576447e-10,-2.93276098084932e-10,1.68968887328628e-10,-6.96020538979653e-10,1.1546455543867e-10,5.3641816219878e-11,1.56507479206787e-11,-2.12171373780279e-10,-4.35125637085586e-10,4.05823560393268e-10,-1.02566119845502e-11,-4.24170914179766e-10,1.0514647881464e-10,1.07671983197399e-10,2.13823709767301e-10,1.02009171525134e-09,3.79899121587648e-10,9.1726394858684e-10,1.47954985167549e-09,1.7022740249034e-09,1.68683614566229e-09,2.45652216396887e-09,3.31862509388439e-09,4.59728775643861e-09,6.9317579744444e-09
