v,0.25
Patm,100000
g,9.81
r,500
G,10^10.77
rho,2700
mu,10^2.17
rc,23
 
M,10^5.47
sigma,0.5
 
tilt_erupt,6.4796nrad
 
-1335,-1334,-1333,-1332,-1331,-1330,-1329,-1328,-1327,-1326,-1325,-1324,-1323,-1322,-1321,-1320,-1319,-1318,-1317,-1316,-1315,-1314,-1313,-1312,-1311,-1310,-1309,-1308,-1307,-1306,-1305,-1304,-1303,-1302,-1301,-1300,-1299,-1298,-1297,-1296,-1295,-1294,-1293,-1292,-1291,-1290,-1289,-1288,-1287,-1286,-1285,-1284,-1283,-1282,-1281,-1280,-1279,-1278,-1277,-1276,-1275,-1274,-1273,-1272,-1271,-1270,-1269,-1268,-1267,-1266,-1265,-1264,-1263,-1262,-1261,-1260,-1259,-1258,-1257,-1256,-1255,-1254,-1253,-1252,-1251,-1250,-1249,-1248,-1247,-1246,-1245,-1244,-1243,-1242,-1241,-1240,-1239,-1238,-1237,-1236,-1235,-1234,-1233,-1232,-1231,-1230,-1229,-1228,-1227,-1226,-1225,-1224,-1223,-1222,-1221,-1220,-1219,-1218,-1217,-1216,-1215,-1214,-1213,-1212,-1211,-1210,-1209,-1208,-1207,-1206,-1205,-1204,-1203,-1202,-1201,-1200,-1199,-1198,-1197,-1196,-1195,-1194,-1193,-1192,-1191,-1190,-1189,-1188,-1187,-1186,-1185,-1184,-1183,-1182,-1181,-1180,-1179,-1178,-1177,-1176,-1175,-1174,-1173,-1172,-1171,-1170,-1169,-1168,-1167,-1166,-1165,-1164,-1163,-1162,-1161,-1160,-1159,-1158,-1157,-1156,-1155,-1154,-1153,-1152,-1151,-1150,-1149,-1148,-1147,-1146,-1145,-1144,-1143,-1142,-1141,-1140,-1139,-1138,-1137,-1136,-1135,-1134,-1133,-1132,-1131,-1130,-1129,-1128,-1127,-1126,-1125,-1124,-1123,-1122,-1121,-1120,-1119,-1118,-1117,-1116,-1115,-1114,-1113,-1112,-1111,-1110,-1109,-1108,-1107,-1106,-1105,-1104,-1103,-1102,-1101,-1100,-1099,-1098,-1097,-1096,-1095,-1094,-1093,-1092,-1091,-1090,-1089,-1088,-1087,-1086,-1085,-1084,-1083,-1082,-1081,-1080,-1079,-1078,-1077,-1076,-1075,-1074,-1073,-1072,-1071,-1070,-1069,-1068,-1067,-1066,-1065,-1064,-1063,-1062,-1061,-1060,-1059,-1058,-1057,-1056,-1055,-1054,-1053,-1052,-1051,-1050,-1049,-1048,-1047,-1046,-1045,-1044,-1043,-1042,-1041,-1040,-1039,-1038,-1037,-1036,-1035,-1034,-1033,-1032,-1031,-1030,-1029,-1028,-1027,-1026,-1025,-1024,-1023,-1022,-1021,-1020,-1019,-1018,-1017,-1016,-1015,-1014,-1013,-1012,-1011,-1010,-1009,-1008,-1007,-1006,-1005,-1004,-1003,-1002,-1001,-1000,-999,-998,-997,-996,-995,-994,-993,-992,-991,-990,-989,-988,-987,-986,-985,-984,-983,-982,-981,-980,-979,-978,-977,-976,-975,-974,-973,-972,-971,-970,-969,-968,-967,-966,-965,-964,-963,-962,-961,-960,-959,-958,-957,-956,-955,-954,-953,-952,-951,-950,-949,-948,-947,-946,-945,-944,-943,-942,-941,-940,-939,-938,-937,-936,-935,-934,-933,-932,-931,-930,-929,-928,-927,-926,-925,-924,-923,-922,-921,-920,-919,-918,-917,-916,-915,-914,-913,-912,-911,-910,-909,-908,-907,-906,-905,-904,-903,-902,-901,-900,-899,-898,-897,-896,-895,-894,-893,-892,-891,-890,-889,-888,-887,-886,-885,-884,-883,-882,-881,-880,-879,-878,-877,-876,-875,-874,-873,-872,-871,-870,-869,-868,-867,-866,-865,-864,-863,-862,-861,-860,-859,-858,-857,-856,-855,-854,-853,-852,-851,-850,-849,-848,-847,-846,-845,-844,-843,-842,-841,-840,-839,-838,-837,-836,-835,-834,-833,-832,-831,-830,-829,-828,-827,-826,-825,-824,-823,-822,-821,-820,-819,-818,-817,-816,-815,-814,-813,-812,-811,-810,-809,-808,-807,-806,-805,-804,-803,-802,-801,-800,-799,-798,-797,-796,-795,-794,-793,-792,-791,-790,-789,-788,-787,-786,-785,-784,-783,-782,-781,-780,-779,-778,-777,-776,-775,-774,-773,-772,-771,-770,-769,-768,-767,-766,-765,-764,-763,-762,-761,-760,-759,-758,-757,-756,-755,-754,-753,-752,-751,-750,-749,-748,-747,-746,-745,-744,-743,-742,-741,-740,-739,-738,-737,-736,-735,-734,-733,-732,-731,-730,-729,-728,-727,-726,-725,-724,-723,-722,-721,-720,-719,-718,-717,-716,-715,-714,-713,-712,-711,-710,-709,-708,-707,-706,-705,-704,-703,-702,-701,-700,-699,-698,-697,-696,-695,-694,-693,-692,-691,-690,-689,-688,-687,-686,-685,-684,-683,-682,-681,-680,-679,-678,-677,-676,-675,-674,-673,-672,-671,-670,-669,-668,-667,-666,-665,-664,-663,-662,-661,-660,-659,-658,-657,-656,-655,-654,-653,-652,-651,-650,-649,-648,-647,-646,-645,-644,-643,-642,-641,-640,-639,-638,-637,-636,-635,-634,-633,-632,-631,-630,-629,-628,-627,-626,-625,-624,-623,-622,-621,-620,-619,-618,-617,-616,-615,-614,-613,-612,-611,-610,-609,-608,-607,-606,-605,-604,-603,-602,-601,-600,-599,-598,-597,-596,-595,-594,-593,-592,-591,-590,-589,-588,-587,-586,-585,-584,-583,-582,-581,-580,-579,-578,-577,-576,-575,-574,-573,-572,-571,-570,-569,-568,-567,-566,-565,-564,-563,-562,-561,-560,-559,-558,-557,-556,-555,-554,-553,-552,-551,-550,-549,-548,-547,-546,-545,-544,-543,-542,-541,-540,-539,-538,-537,-536,-535,-534,-533,-532,-531,-530,-529,-528,-527,-526,-525,-524,-523,-522,-521,-520,-519,-518,-517,-516,-515,-514,-513,-512,-511,-510,-509,-508,-507,-506,-505,-504,-503,-502,-501,-500,-499,-498,-497,-496,-495,-494,-493,-492,-491,-490,-489,-488,-487,-486,-485,-484,-483,-482,-481,-480,-479,-478,-477,-476,-475,-474,-473,-472,-471,-470,-469,-468,-467,-466,-465,-464,-463,-462,-461,-460,-459,-458,-457,-456,-455,-454,-453,-452,-451,-450,-449,-448,-447,-446,-445,-444,-443,-442,-441,-440,-439,-438,-437,-436,-435,-434,-433,-432,-431,-430,-429,-428,-427,-426,-425,-424,-423,-422,-421,-420,-419,-418,-417,-416,-415,-414,-413,-412,-411,-410,-409,-408,-407,-406,-405,-404,-403,-402,-401,-400,-399,-398,-397,-396,-395,-394,-393,-392,-391,-390,-389,-388,-387,-386,-385,-384,-383,-382,-381,-380,-379,-378,-377,-376,-375,-374,-373,-372,-371,-370,-369,-368,-367,-366,-365,-364,-363,-362,-361,-360,-359,-358,-357,-356,-355,-354,-353,-352,-351,-350,-349,-348,-347,-346,-345,-344,-343,-342,-341,-340,-339,-338,-337,-336,-335,-334,-333,-332,-331,-330,-329,-328,-327,-326,-325,-324,-323,-322,-321,-320,-319,-318,-317,-316,-315,-314,-313,-312,-311,-310,-309,-308,-307,-306,-305,-304,-303,-302,-301,-300,-299,-298,-297,-296,-295,-294,-293,-292,-291,-290,-289,-288,-287,-286,-285,-284,-283,-282,-281,-280,-279,-278,-277,-276,-275,-274,-273,-272,-271,-270,-269,-268,-267,-266,-265,-264,-263,-262,-261,-260,-259,-258,-257,-256,-255,-254,-253,-252,-251,-250,-249,-248,-247,-246,-245,-244,-243,-242,-241,-240,-239,-238,-237,-236,-235,-234,-233,-232,-231,-230,-229,-228,-227,-226,-225,-224,-223,-222,-221,-220,-219,-218,-217,-216,-215,-214,-213,-212,-211,-210,-209,-208,-207,-206,-205,-204,-203,-202,-201,-200,-199,-198,-197,-196,-195,-194,-193,-192,-191,-190,-189,-188,-187,-186,-185,-184,-183,-182,-181,-180,-179,-178,-177,-176,-175,-174,-173,-172,-171,-170,-169,-168,-167,-166,-165,-164,-163,-162,-161,-160,-159,-158,-157,-156,-155,-154,-153,-152,-151,-150,-149,-148,-147,-146,-145,-144,-143,-142,-141,-140,-139,-138,-137,-136,-135,-134,-133,-132,-131,-130,-129,-128,-127,-126,-125,-124,-123,-122,-121,-120,-119,-118,-117,-116,-115,-114,-113,-112,-111,-110,-109,-108,-107,-106,-105,-104,-103,-102,-101,-100,-99,-98,-97,-96,-95,-94,-93,-92,-91,-90,-89,-88,-87,-86,-85,-84,-83,-82,-81,-80,-79,-78,-77,-76,-75,-74,-73,-72,-71,-70,-69,-68,-67,-66,-65,-64,-63,-62,-61,-60,-59,-58,-57,-56,-55,-54,-53,-52,-51,-50,-49,-48,-47,-46,-45,-44,-43,-42,-41,-40,-39,-38,-37,-36,-35,-34,-33,-32,-31,-30,-29,-28,-27,-26,-25,-24,-23,-22,-21,-20,-19,-18,-17,-16,-15,-14,-13,-13,-12,-11,-10,-9,-8,-7,-6,-5,-4,-3,-2,-1,0
-5.73879188481347e-10,1.33933528277278e-10,-4.83404484806613e-10,7.99462600996112e-10,5.57803510923717e-10,-1.27156437259918e-09,-8.36672920310657e-10,2.05579246093267e-10,1.06506739095448e-09,2.15690344425816e-10,6.13714379744818e-10,8.31236923398967e-10,2.55567846707768e-10,4.23229330692037e-10,9.02947295967374e-10,-3.02416963035799e-10,-4.217487511565e-10,-1.81595448859236e-10,7.83222749000745e-10,-4.10232660005917e-10,-3.57368648904014e-10,-4.69408718340254e-10,-3.01021466592897e-10,7.2542221594165e-11,2.44772395012398e-11,6.29136245846041e-10,2.6073814372016e-10,-2.53982876791606e-10,-2.01627539706827e-10,-1.12195702378352e-10,4.60180681780072e-10,-1.28756636262083e-10,4.41001383436547e-11,-7.44267919856568e-10,7.1503260662011e-10,8.28299869371849e-10,-4.37851630237078e-10,-1.55172713441525e-10,6.027837841125e-10,6.41307931071659e-10,7.2358172340324e-10,-5.63133793242603e-10,3.57584204920702e-10,-4.79332026580643e-10,-5.48259854230698e-10,1.52963430064411e-10,3.74760876237938e-10,-1.47531335377943e-10,1.74264589869117e-10,4.78420967734314e-11,2.20164778231312e-10,-1.08681242148713e-10,3.64749266122235e-10,5.18171980948466e-10,4.40750461740822e-10,-1.66812907716096e-10,-9.66339052131756e-10,3.33091578509343e-10,-1.86304790988091e-10,-7.5667940660971e-11,8.08039052110109e-10,-6.84485623429246e-10,2.36935096218443e-10,2.45244189808791e-10,1.28666932667405e-10,-5.71115468500868e-10,-7.36309228430098e-10,4.26888839688465e-11,1.12362523677406e-10,5.81003305974247e-10,1.0595117234705e-10,-2.46743710394005e-10,-7.51578088331998e-11,1.10788399699294e-10,2.74136027179476e-10,1.5942030388694e-09,-3.77487207456317e-10,2.17518588678921e-10,1.92443079748996e-10,-7.46891510645837e-10,-6.78056605655616e-10,-3.46424358282746e-10,3.30487339143155e-10,-1.31927994344986e-10,2.55215355549737e-10,-6.19577161790258e-10,4.17124122574193e-10,3.30013678318029e-10,2.37235642887672e-12,4.37001378393007e-11,-1.78483012123736e-10,3.76051680409824e-10,-2.24516653703667e-10,4.75348769696235e-10,-6.76848971511156e-10,-1.91944414124997e-10,-2.98479409022761e-10,1.6199820844372e-10,-5.38271213101587e-10,-2.31826330014614e-10,-1.40992147214013e-10,3.80837427557343e-10,-3.61249432254145e-12,1.19368109000222e-10,8.83308247179007e-10,9.34661701385111e-10,4.90084867985764e-10,1.03256223037317e-10,3.28106641239861e-10,6.00669091680771e-10,6.52557507879841e-11,-5.9677333371754e-10,-6.35692876930534e-10,4.83340560967289e-10,-4.97307419418132e-10,6.16549768546399e-10,4.41946244431564e-10,1.37016259555362e-10,5.11823263737277e-10,-4.78201409392525e-10,-3.84952951315071e-10,-2.28671555563396e-10,-1.84621039353259e-10,8.6719061258674e-11,9.7289696441049e-11,6.75063825211366e-10,-6.15618011628922e-10,-8.67875670276598e-11,-5.76479125034484e-10,2.25621725258438e-10,3.37541479448118e-10,1.09537430305096e-10,3.83912793549679e-10,-2.48942494580556e-12,2.69256531923801e-10,8.33720204856174e-10,1.29559307871489e-09,7.55224973621374e-10,3.33964174138936e-10,-1.07753856405434e-09,2.49570655092595e-10,2.36314723713256e-10,-6.653858327104e-10,6.78609193867148e-10,-5.15987708991792e-10,-3.93842022474995e-10,2.22904705722538e-10,-4.98955858426912e-10,-2.06418365942128e-10,-7.56460786034611e-10,3.01165872247819e-10,5.20409873890122e-10,3.06878897046622e-10,-1.19537229152223e-10,-8.18089267120259e-10,1.36799612075736e-10,4.22685872002185e-10,4.66220133069762e-10,5.13110764033524e-10,-2.25165164123133e-10,8.32650991225302e-10,1.66446124405075e-12,-5.03378782438193e-10,5.10402322766556e-10,6.22099810987432e-10,-5.58567380029287e-10,-1.9892731292985e-10,-5.7474401762324e-11,5.42207486589838e-10,-8.51748980909009e-10,2.6695271620626e-10,3.16628749939048e-10,3.97524391426954e-10,4.09805979910673e-10,-7.23322665158383e-13,-7.94310463780865e-10,-5.28709447147037e-10,-1.01222576451648e-10,5.49990376750634e-10,1.10458981375152e-09,-1.6106361622272e-10,-1.07758201246537e-09,7.61302529500943e-10,3.74331330784379e-11,1.12608062589767e-09,-7.34440662322389e-10,2.48946593120342e-12,6.47694461861415e-10,5.07822913511463e-10,2.95590614614934e-10,3.2077128117198e-10,1.49256410394208e-11,-3.33434797672074e-10,-1.46271863264942e-10,6.32064200246252e-10,-4.62297566918022e-10,2.35705194058132e-10,-3.26280743361988e-10,3.46062303212957e-10,-5.94017834505399e-11,-7.69027715772206e-10,4.11013934826442e-10,1.33024815954575e-11,1.40376170583193e-10,-6.97518638824652e-10,-3.55719620852078e-11,-6.94760240475956e-10,6.90797721860863e-11,-4.63387933970822e-10,1.06313667188948e-10,-2.65336575703311e-10,-4.4901346089296e-10,1.24042622203976e-10,2.83539150613288e-10,-3.11600010759788e-11,-1.7244173938219e-10,1.19290643171864e-10,6.14656366410017e-10,6.43561159420575e-10,-1.95551697475075e-10,-2.54229981484154e-10,-3.55521825416318e-10,-2.14395870786475e-11,-1.76238250173381e-10,9.28670226798752e-11,-2.89729223012841e-10,3.23410054133117e-10,-3.52710990239519e-10,-4.41146800962937e-10,6.69612450329844e-10,-5.8163615519804e-12,-1.12664795363269e-10,-6.21625717172253e-10,-6.04703789943886e-10,1.4579485952124e-10,5.5188401989808e-10,2.90676581428263e-10,2.61263374106534e-10,9.85258947967424e-10,-4.43510270934815e-10,-1.04826360204276e-10,-1.73841696467683e-10,-8.88187576766473e-10,-1.17789337657567e-10,1.09950202293167e-10,-8.37033258922021e-11,-7.97785052075644e-10,-3.64767960115913e-10,7.17968677449247e-11,-1.92737531936112e-10,-9.03745058985973e-10,-5.74788930197731e-11,3.2565584587401e-10,2.48370622858463e-11,-4.87420696217612e-10,5.38296041266501e-10,-3.38404921269858e-10,8.72058624772809e-12,-5.41641418466963e-10,-3.89465020895773e-10,-8.25865487035383e-10,-2.81013661123567e-10,-1.01655633092035e-10,9.11278995129769e-11,8.03594068184691e-10,-7.23293771240068e-11,-5.50987472638538e-10,6.9815418223934e-10,-8.49896904639891e-10,-2.18347774322565e-10,-5.68616332876188e-10,-5.88025257927096e-11,6.86325316862536e-10,-8.16441159034279e-10,5.83175791954709e-11,4.25325877788015e-10,-3.5820328835535e-10,8.81989795354656e-10,4.09955008529943e-11,-3.05487205479184e-10,2.89933623671704e-10,-9.05345955326729e-10,-1.17596066791726e-10,9.8953311429522e-10,-1.24768363977781e-11,1.31485187789009e-10,2.46166004404514e-10,-5.00939533974318e-10,6.38190417666163e-11,9.41732859740806e-10,-2.45026248891589e-10,3.0506936815329e-10,5.48179909996018e-11,-3.47288411629121e-10,-3.47945729989304e-14,-6.27301458593271e-10,3.01048397065249e-10,4.14737997678601e-11,4.50624022846788e-10,-1.76646828105849e-10,8.83235882114487e-10,-1.82638989967065e-10,-6.20414399608003e-10,2.34791128834801e-10,-3.97598824057989e-10,-1.28310799792555e-10,-2.06111710297761e-10,4.18017809018387e-10,3.96237583420769e-10,3.82387188438921e-10,-1.55513770397778e-10,1.05944537782903e-09,1.15605839472157e-09,4.28526279476078e-10,5.39402865966666e-10,-3.35255890378844e-10,-8.50568992002109e-10,-7.4733518546764e-10,1.01137902840695e-10,1.227715712141e-12,2.71960048402447e-10,2.76323224820198e-10,4.17340948673209e-10,-2.21473468427598e-10,7.55954889113011e-10,3.14812518887689e-10,8.91160521967795e-10,1.96384344156991e-10,4.29858628110784e-10,4.60032567316952e-10,9.11018393879121e-11,-1.99563537795541e-10,1.15449579752942e-10,1.08031048047355e-09,3.8378026369588e-10,-5.69926588682624e-10,7.5296442592399e-10,-1.61214333500977e-11,-1.16893249951974e-09,-4.77311915531168e-10,1.03678905611706e-10,-2.98445980615418e-10,-1.27779399632071e-10,-2.69481246915817e-10,-2.46805630081884e-10,2.58566074208662e-10,-6.44790940942894e-10,-1.3280334148471e-10,-5.89947702546635e-10,-1.39052674339667e-10,-5.55968222657133e-11,-9.50750186047128e-11,1.04788581766763e-10,1.90925382356086e-10,-8.4604423846423e-10,2.05231266146563e-10,-4.74291766582096e-10,-6.77064214070807e-11,4.04253683474202e-10,-1.52348172172449e-09,1.19616484664633e-09,1.59200004215307e-09,1.41454147445971e-10,-4.47694530964051e-10,1.10973139180857e-10,-5.4733000782917e-10,-6.96550444407666e-10,1.09776448110741e-12,-6.41468759788443e-10,-5.66076312134048e-10,-7.78842979986472e-10,2.59884979960254e-10,7.60055800574404e-10,-3.61326609826584e-10,1.72234198292206e-10,4.68197497412873e-10,3.37186190657864e-10,-2.60894575081246e-10,3.15410750726817e-10,-1.00028909346781e-09,-3.25921724530614e-10,4.45691057033976e-10,8.03349084640776e-12,3.5127932285513e-10,-8.4943239679171e-10,3.65212433142925e-10,-1.01143953251897e-10,-6.03030806700661e-10,-4.25737973973782e-10,7.85331589244393e-11,-5.89875631716883e-10,-7.15324095635283e-10,-8.36908813128274e-10,3.38376950294182e-10,5.43766397414506e-10,1.17108259987514e-10,-4.65493871877387e-10,6.91307521212984e-11,-5.05485933176198e-10,2.04824861854524e-10,5.27447639394698e-11,3.25308408043893e-10,-8.11212648710918e-10,6.41627152746639e-10,-5.98365020023377e-10,-4.8341475557019e-10,2.93475124462978e-10,1.75113927603727e-10,-1.5062361040108e-10,-8.2261592785884e-11,6.05790201060579e-10,7.16489829308386e-11,-2.73668905909493e-10,-5.33143732527023e-10,3.05996682418797e-10,-3.47864039999391e-10,3.97707939952431e-10,-2.69835939754134e-10,-7.41702843548271e-10,6.30571368142355e-10,1.65199807316692e-10,-1.78796020106588e-10,-4.37657032203259e-10,2.72019752205393e-10,-4.74999965914742e-10,6.81159998358415e-11,-3.08615719210528e-10,1.40442058850963e-10,4.28554973996546e-10,7.52810292985608e-10,1.28405947415328e-10,7.94087540532963e-10,4.39815344812922e-11,-2.85464592636093e-10,6.04624300551843e-10,-5.17866840823645e-10,3.0996102935985e-10,4.22092637395598e-10,2.26120219871966e-10,7.22815199957537e-11,-1.15795729801282e-10,-5.5977951974878e-11,-4.34364471117228e-10,-5.60342576099349e-10,-6.61628137963736e-10,-1.11487189292338e-10,9.59825049769158e-11,2.50856902537587e-10,1.85508200300735e-10,5.46288453541435e-10,-2.50412267890977e-11,-1.12800435491696e-09,6.27295916826346e-10,2.71072203286566e-10,1.03239010207618e-10,2.43316113933847e-10,4.65954156572876e-10,-3.99011968202218e-10,3.29638260724348e-10,9.00481248546763e-11,-3.21238806276537e-10,-1.43079681868527e-10,-3.52176347181613e-10,-3.19265390300314e-10,-1.40178355944609e-11,-8.03878265415659e-12,-1.42955152648587e-10,-6.94707107164369e-10,-6.69077142974221e-10,-2.51841458977102e-10,-8.01234667287288e-10,5.41606949910935e-10,-5.63668608745466e-10,3.13260200798848e-11,-1.55716780065413e-10,3.49985452826294e-11,-1.65193751583255e-10,3.51566512296929e-10,2.03979992443211e-10,2.74921498714134e-10,-5.34942323352551e-11,2.26819516921792e-10,-1.2468133990487e-10,1.61808851742263e-10,-6.77377895369284e-11,-4.91422091388324e-10,3.9186186064309e-10,-2.70845533847828e-10,3.05293925114397e-10,-5.53542568754582e-10,2.3932169395946e-10,1.44035054795781e-10,9.34492440368559e-11,-2.72210170213471e-10,5.91793211074692e-10,-4.74813919639541e-10,-1.02197818766812e-10,5.03190168045452e-10,-2.87762995096193e-10,-3.93467178825173e-11,-8.31431117347118e-10,5.43457030819384e-10,-3.62253371452919e-10,-1.05400420077782e-09,5.24903385727451e-10,-1.52267877173337e-10,-2.66743624556777e-10,7.96838999218711e-10,-7.01740236822241e-10,7.0424902026145e-10,6.62910602800941e-10,1.28614206406554e-10,-2.46815021611198e-10,-2.98338678611791e-10,-1.36524067194402e-10,5.83915276022132e-10,-2.27042469779726e-10,-1.31170126572038e-10,3.24907959070723e-11,-3.58919517454548e-10,3.308763404069e-10,-1.31596845895549e-09,3.68512390897992e-10,7.13344467213919e-10,7.76040157021274e-11,-9.35691640713987e-11,-7.57090100408305e-10,6.24983449482101e-10,-1.71700462246096e-10,1.94523790076346e-10,5.59275630461715e-10,-2.2940954252588e-10,2.19794404816305e-10,-1.65371370063629e-10,-5.61329977124286e-10,1.05058702644111e-09,5.4132923735453e-12,7.59494585848823e-10,-5.83075102292112e-10,1.03320983418898e-10,4.27986005998891e-10,3.6761321130167e-10,-3.6220881545178e-10,-3.39697027734876e-10,-3.08289956204969e-11,7.61493934358942e-10,3.52562457063187e-10,2.31373703895811e-10,3.61974354682977e-11,9.0647822644935e-11,9.35562352867243e-11,-6.75820693803549e-10,-1.24738865469805e-10,1.5892673979763e-09,9.27422339534227e-11,-3.30920415871574e-10,-6.80051339957091e-10,-8.60144302118481e-10,6.02996023424327e-12,2.37222496299969e-11,8.51644018643842e-11,-5.21129753479082e-10,-4.65844554359217e-10,-3.25739684855127e-10,-3.00186343371414e-10,4.8368787529619e-10,-5.19112528635294e-10,-7.06873856386417e-10,-1.16520148275171e-10,-4.71283293473458e-10,-4.75822109838113e-10,-4.51711446916316e-10,6.23074089705575e-10,-1.16844932412596e-10,3.77204881464574e-10,-9.01326957701616e-11,6.18206470800383e-10,-1.99739215551015e-10,2.4598431780822e-11,2.47900565840138e-10,-4.3257398217604e-10,-4.08321989474877e-10,-4.4803614110184e-10,3.39151678399125e-10,4.5682872423167e-10,-3.57475777990121e-10,2.00160174253662e-10,6.2119056367451e-11,1.09679251311848e-10,3.58250787643668e-10,-1.17348970114209e-10,2.91734847212507e-10,5.03036009285419e-10,1.18477120560679e-10,-5.43720493388824e-10,-4.33810988470474e-10,-1.89282395977778e-10,6.97080395498864e-10,5.90490333322148e-10,-1.7013128311656e-10,-8.12943754643902e-10,5.25462207929086e-10,-9.51318288637335e-11,-5.58354661180751e-10,1.01989608045581e-09,-1.35275402980274e-12,-2.74895175397188e-10,-3.64550946365937e-10,-3.90558444172951e-11,2.14322593612801e-10,-3.0349829418346e-10,-5.35244576789832e-11,-6.72651026145892e-10,-7.86004261504791e-10,-3.9558443821891e-10,-1.35063954787192e-10,3.18686817326855e-10,-2.76001927529881e-10,8.18093864487324e-10,-4.52683455695106e-10,-2.8176438416985e-10,8.17786472599745e-10,-4.12625162482691e-10,2.47472666918543e-10,2.57991810350068e-10,2.73408352446761e-10,3.19575986073711e-10,-7.58081590693529e-11,9.9267382482028e-11,5.21383264995908e-10,9.00061591492021e-11,2.54270020020464e-10,2.77358547253223e-10,2.53893989881214e-10,5.14542165036686e-10,6.62359717062674e-10,-7.5729226743942e-11,-3.98309873412984e-10,9.83535843682042e-10,3.40669395206001e-10,3.69030998923859e-10,4.15343965913909e-10,-3.4328358384098e-12,4.49096272482744e-10,-1.2659328205463e-09,-1.11343234135833e-09,4.72274845629141e-10,5.04485360771149e-10,-4.93595201917341e-10,-1.42625364840855e-10,-3.41404493268709e-10,9.51417998294843e-10,5.87087763358446e-10,-6.61750143569008e-10,-4.26817194434015e-10,-6.1848104869588e-10,-2.24011056064875e-10,-6.16345065300918e-10,7.30356045661559e-11,4.89660176781703e-10,-4.95360472879423e-10,-1.41641323742284e-10,3.18529862855686e-10,-7.42946036198608e-10,-6.52970240423998e-10,-1.15344638269444e-10,9.28968962001781e-11,-7.07137778299247e-10,-5.69352124726706e-11,-5.1989607112075e-10,3.0497008733467e-10,-2.87704742157145e-10,-7.18279004767114e-10,1.51066235843917e-11,8.49895978799801e-11,-1.35522581752261e-10,-3.6642921570649e-11,-4.97598837751124e-10,1.42295630241033e-09,4.63621295826721e-10,1.18976366101342e-10,-1.2463258739676e-10,-1.89787026806214e-10,-8.24546969967944e-10,2.49167292612845e-10,5.96400355894648e-10,7.07264362058848e-10,1.25530507807008e-09,1.53051146171211e-11,-2.27011095416093e-10,-3.35695481666947e-10,8.77991629684397e-10,9.87785389152632e-10,-4.9364921443795e-10,-1.91671276217295e-10,-3.20751773908204e-11,7.04641707298436e-10,-1.58012184245088e-10,6.69692619647318e-10,-7.99117356410336e-10,-1.06547576301489e-10,6.36521434439257e-11,-9.37602374785955e-10,1.49944137291291e-10,1.76259719107646e-10,-5.22453243094441e-10,7.23668006229747e-11,-3.96048450839596e-10,7.98014261793783e-10,1.49061387799433e-10,4.48487147599206e-10,8.96713410584185e-10,4.29972971431686e-10,-1.58677502053094e-10,6.95839719322133e-10,-2.44345853789461e-10,-4.1990550085783e-10,-3.91360619023438e-10,1.94263362342032e-10,1.89018741851331e-10,2.05886105245016e-10,-1.10445525330264e-10,7.25362500420397e-11,2.7497652074074e-10,4.79133730266262e-10,-6.67929687430599e-10,-9.00196455418177e-10,2.86251774085102e-10,1.90980578906775e-10,2.11450378356251e-10,5.51831700675865e-10,2.26226419376502e-10,-1.4040466459226e-10,-5.27443374934334e-11,-4.02643453279785e-11,-2.97631675026189e-10,4.82590610922461e-11,5.9011137824433e-10,8.56862944470905e-10,-1.32089333693702e-09,3.46618626924459e-10,8.56754192200981e-11,-2.21161774993642e-11,-1.51124536424318e-09,7.0436635276474e-10,1.50019378819099e-11,4.4309696805314e-10,1.9368070786241e-10,-2.76195169799419e-10,-8.48002126056258e-11,5.18627921692561e-10,2.07265285743548e-10,2.73678934550677e-10,-1.58545669917231e-10,-9.69559984395531e-11,-3.47722342434583e-10,-4.11784491836129e-10,3.83428096261812e-11,-5.11296627037174e-10,1.13044026059107e-09,-3.42163061545748e-10,3.62901881421438e-11,6.62891783624194e-10,6.36937488359954e-10,-3.81945142552558e-10,9.39364815890704e-11,1.04858942486857e-09,2.33982884784225e-10,4.32200423568414e-11,-8.17021068997634e-11,-1.3361289157562e-10,1.96581756933913e-10,1.19755559962257e-10,2.05386509664672e-10,3.4811892074762e-10,3.51242470485399e-10,-1.19892662012543e-09,-3.73972952963653e-10,-6.61623754446282e-10,-1.35380830286723e-10,-1.12347869466617e-10,-4.02265378165295e-11,1.92897733410892e-11,1.82647545938219e-10,-4.13598888171739e-10,8.88907906600257e-11,-1.3175661133707e-09,-3.95060602373752e-11,2.49105023866497e-10,-1.24764186301244e-09,-6.03784826067454e-10,-1.71245443847063e-10,-1.35834773873167e-10,-5.47155647171834e-10,-5.95760736673412e-10,-6.26104245217905e-10,-1.10893675463513e-10,-1.22947449714759e-10,-4.08035869257333e-10,-1.81688450387834e-10,2.32702829070969e-10,8.69752821088435e-10,8.3513536103054e-10,-8.43812750215992e-10,6.03514477581987e-10,-5.73457063004765e-10,-7.14405593623255e-10,-5.76642091326733e-11,-1.41709001117786e-10,6.11705419555652e-11,2.4883055455137e-10,-7.29245775299748e-10,8.64855681710202e-10,-2.27407165387322e-10,5.84258622003486e-11,-4.03280108631303e-10,-8.40143201171509e-10,2.89615562033579e-10,-2.48236173204382e-10,4.21624515702387e-10,2.05284871431422e-10,-2.97300723423091e-10,5.20738011137055e-10,5.10148068765079e-10,5.32592507618848e-10,-6.91823963216302e-10,2.78532925883851e-10,2.75566528879189e-11,7.03895576587506e-10,-2.66132896900391e-10,-8.82307118875519e-10,-1.86315482637653e-10,1.47296184237647e-10,-2.25087456551476e-10,-2.07552159977327e-10,5.27992978480222e-10,2.1249105054503e-10,3.01230994141229e-10,2.84887227175261e-11,6.43491217455568e-10,3.29288333949031e-10,-3.51187802100596e-10,1.64282515163584e-10,3.58390446623269e-10,-5.37095851678414e-10,6.35490650222836e-10,5.94446338749253e-10,-4.19862860412627e-11,-2.71366222690227e-10,-4.59704819806869e-10,6.34248441413709e-10,-5.61133668285563e-10,7.53242786827231e-10,1.91266174655895e-10,-4.21469271450355e-10,8.60427733133134e-12,3.00287521010519e-10,-3.07154000107539e-10,2.18036227553383e-10,-5.46055490292609e-10,3.9304814498732e-10,9.55162912260394e-11,-3.66962219320717e-10,-3.96491203762227e-10,8.852773671167e-10,-5.62688915700966e-10,-2.31323081057437e-10,5.59973002259358e-10,1.309989599274e-09,-9.20310964767723e-10,-7.47977172952975e-10,7.6547624362948e-11,-3.3975554158011e-10,-1.47486258402779e-10,-1.63144505751697e-10,-2.7152327339206e-10,-7.61380518308008e-12,-3.61395139476633e-10,2.49521306685349e-10,2.74557869377596e-10,-4.51025772933633e-10,-7.5323545244571e-10,-1.53455580496117e-10,3.19541243797247e-10,-5.4775500121714e-10,4.96217591936213e-10,5.75486127256109e-10,-6.77546080850786e-13,-7.54812119550609e-10,-2.31468812136972e-10,-1.49155528349139e-12,-5.23697918696793e-10,1.51357001118318e-10,-1.95188934127148e-10,-1.14113970395939e-09,3.22055586296074e-10,4.9718118676379e-10,-4.70391330817509e-10,-2.09530190599324e-10,-1.06128179076193e-09,2.88552276728353e-10,2.55527023462231e-10,-9.93196467030659e-10,-2.02681375896661e-11,3.73534741388886e-12,6.65216774271662e-10,-6.96336884938732e-10,-6.39391798656798e-10,-5.14017878049519e-10,-4.23688116319307e-10,5.0031016936068e-10,-3.23388164046126e-12,-4.37222550702902e-10,7.17484081311281e-10,3.15958715467195e-10,4.28683601179629e-10,-6.45824929520563e-11,2.96375516958132e-10,2.15739229741379e-10,6.50994019058689e-10,6.44902802564533e-10,2.36346769820949e-10,3.54079208008874e-10,-2.54641407082128e-10,-3.84444061142648e-10,4.45464676828708e-10,-1.32186024485835e-10,-2.39835049941439e-10,-6.84459371784107e-10,-1.48810289883762e-10,2.61536829508716e-10,-5.71964174778074e-12,3.35786868508896e-12,-3.31143461816587e-10,5.66195247232687e-10,5.26369793400435e-10,5.87262677200343e-10,1.072177025851e-09,-7.60914733773569e-10,-9.62339285200839e-11,6.84360755399588e-10,-4.8192369346991e-11,7.24751021103736e-11,3.47412361881752e-10,5.74137552476321e-10,1.56435885348792e-10,-2.63836668626629e-10,-4.75384208654973e-10,-5.37850561720933e-10,2.28888196848623e-10,-1.53789209453355e-10,8.4006546616661e-11,-3.53460854528863e-10,-2.69816718592598e-10,-7.88199605898229e-10,-6.45672472749154e-10,-1.83091581717779e-10,-6.8257923924832e-10,6.34539105658981e-10,-4.78955845964956e-10,-7.97976116668441e-10,-2.90761494801637e-10,-9.30422454018642e-10,3.19596799265161e-10,1.64514747801994e-10,4.51859478605293e-10,-4.49771821931909e-10,1.92832732322421e-10,-3.62060966892444e-10,2.92830791964448e-10,5.08879323155e-10,1.25184568095806e-10,8.23786695214946e-10,-1.10452993828788e-10,2.87227923220627e-10,1.70282081353248e-09,-9.66213514562961e-10,-5.73758963603686e-10,-8.2576736904568e-10,6.351492287743e-10,-4.02487704524029e-10,-6.70508345781915e-10,-4.95624960118053e-10,-7.58171939963181e-11,1.04701881289063e-10,-1.93559175317875e-10,6.31260905827542e-11,7.06548178643923e-10,7.54752928339161e-10,6.64631178985169e-10,4.8719850533727e-10,2.98472189013591e-10,2.31765962181141e-10,-3.00594457547778e-10,2.42381335193673e-10,1.51046421535729e-10,3.44280686330814e-11,3.49453200943155e-10,-2.5686891226328e-12,2.25993934745728e-10,-4.88335238698336e-10,3.26910503045532e-10,7.27811807262904e-11,9.06296500018498e-11,1.13946159459529e-09,-3.58757218810865e-10,-5.88033134015259e-10,-8.01118597196775e-12,-1.39708420819553e-10,4.28660921380926e-10,3.5545255854154e-10,-9.18766793293902e-10,-2.49131007958113e-10,-3.56141268767753e-10,-1.36982107171056e-10,6.70308128679396e-10,3.59950760292201e-10,1.322658884629e-10,-1.29093507329753e-10,2.58246891158331e-10,4.43756290880669e-11,5.71705298408619e-10,-3.32443275299078e-10,5.56336064700188e-10,2.69643971081727e-10,1.38312526060219e-10,-2.3135802346609e-10,7.27517810823163e-10,-4.3273069530647e-10,-1.73522432576855e-10,-2.99600364216275e-10,5.40255827334166e-10,8.19609453245395e-11,5.08522043674173e-10,6.45991149698745e-10,5.82303417563984e-10,2.36498223700415e-10,1.92736019953326e-11,8.21698304832228e-10,-2.49288808925479e-10,-6.05014696848286e-10,-5.65355869080929e-10,-6.15154991506026e-10,-5.23482453854505e-11,3.45834449069785e-10,-1.22817821810304e-09,-2.65825939742395e-11,-8.10515253957246e-11,8.14805587313728e-11,1.71624235796139e-10,-4.62815125179448e-10,1.30588589825131e-10,-2.34883164924903e-10,-9.68646957947238e-11,2.34519516008404e-10,1.95192050592231e-10,1.97466369771761e-10,-1.02780812048963e-10,8.69596337982571e-11,-5.61913816340563e-10,-6.08476623891002e-10,-3.40758220624476e-10,8.19402619849428e-10,5.96628706543062e-10,7.26675800071288e-10,2.29138293629698e-10,9.34223179863038e-10,2.20716051288899e-10,3.40974594182288e-10,8.37320167807807e-10,1.57854321848391e-10,1.63328777568946e-10,8.75995894290067e-10,-7.16410287096774e-11,3.05117018838521e-10,3.82220446656217e-10,9.90851899196763e-10,-1.32764945283107e-10,3.30072772992088e-11,5.59157315216366e-10,-4.35570027548705e-10,1.14245444237129e-11,1.84730834167955e-11,-1.06969588342966e-10,-6.31090719154631e-10,-2.4954239480374e-10,4.1554830695833e-11,5.29806173888482e-10,3.03358994010646e-10,1.17097810381223e-10,1.21028631128384e-10,-2.69710646506752e-10,8.92823835911885e-10,-6.09384551674984e-10,-7.53733099000877e-10,-1.51413848236613e-10,-1.50909292087397e-10,-5.94390100261395e-10,-1.5374790330707e-10,-3.40555004354739e-10,-1.58294073122079e-10,3.92379770506454e-10,-4.80131773406031e-10,-1.53780472130842e-10,7.58849286785161e-10,1.87693701696956e-11,-3.63080512949984e-10,1.73878484459354e-11,2.06288200538654e-10,6.05872913658209e-10,-5.24792375264701e-10,3.13738524343557e-11,1.34220535477509e-10,-3.34833832049391e-10,4.85336209401364e-10,3.34985384504801e-10,-1.3364972127798e-10,-8.08723018950591e-10,2.73340558929712e-10,-3.88842164620126e-10,-1.24042376605431e-09,-1.68073605728433e-10,8.20162194728205e-11,3.96411960051247e-10,-1.00171752246256e-10,-9.51506117322903e-10,3.60039428295487e-10,-3.87972402363917e-10,-1.05436834320623e-10,6.75778348182536e-10,7.50356490126143e-10,4.2714585772294e-12,-3.2866032303478e-10,-1.91230332421519e-10,3.71396288448347e-10,-2.62228179632166e-10,-7.90166794660885e-10,7.23354486277876e-11,8.41881976496798e-10,-7.91862322593547e-10,7.68629267817934e-10,-5.64708391971964e-10,-1.33738957000183e-09,1.79036690663043e-10,4.94177132340815e-10,8.51899904256119e-11,-6.78885547809508e-11,-4.59788350309699e-10,-5.92010492995982e-10,-1.26551126112679e-09,-3.63611008646175e-10,7.95005750748296e-10,-2.88189871782245e-10,-2.45803266429044e-10,5.15094773182851e-10,3.32679231496871e-10,-2.11749328220337e-10,3.39109888229117e-10,-2.59410873660912e-10,4.760164603039e-10,-4.48111635235799e-10,3.54741300696497e-10,1.67820924653531e-10,4.75226882590928e-10,9.56851481767135e-10,-6.4869505432837e-10,-1.19456144446839e-11,-4.96743654107313e-10,-2.00375342197066e-10,2.30341231556461e-10,7.66156665337159e-10,-8.17556923820007e-10,7.88381446316899e-10,-3.32056580400619e-10,6.95853506824364e-10,8.60577879841978e-12,-3.52219615585651e-10,-5.62265841635603e-10,-2.01735588875632e-10,1.41142814694706e-09,1.92907080485347e-10,5.57801865095746e-10,-1.9007136046963e-10,-2.74063127941237e-10,7.50581074935931e-10,6.43161441674021e-10,4.20829572380014e-10,2.17241444578991e-10,-2.72825538385992e-10,2.76528653782111e-10,-3.12631163776293e-10,7.34100149649839e-11,-3.56805359043596e-10,3.13974630619561e-10,-1.37461791323155e-10,-3.09167493590116e-10,3.49999971583877e-10,-4.41902508905364e-10,2.61999196028676e-11,-6.68524142687812e-10,1.81915590637381e-09,-1.2633844680325e-10,-2.25962736904904e-10,-1.50188577753855e-10,1.04820477973331e-10,-2.2164806379882e-10,6.68142187780912e-11,-2.48812693911989e-10,-8.44733436743451e-11,4.05909474515746e-12,-1.46427504398915e-10,7.58102299399679e-11,-4.68925079021636e-10,1.16541319315722e-10,-1.12821395016903e-09,-1.19222630703012e-11,2.7818250908656e-11,2.63897351753484e-10,5.66529966630675e-11,6.73686357543596e-10,-4.09197589270134e-10,1.17187669150154e-10,7.7258683802819e-11,-5.97381253484187e-10,4.1080954132911e-10,-8.70458914414413e-10,4.2863716466528e-10,1.28256821032042e-11,5.91120623375607e-10,1.67796943275714e-10,2.23650183767845e-10,-1.25747901815417e-10,1.29028342245912e-10,-4.76479821147675e-10,-1.2083856229922e-10,4.35804805029164e-10,4.91844441658275e-10,7.92798840278168e-10,3.27930620346459e-10,-3.33299324469439e-11,1.51541456018764e-10,1.01471385303493e-09,-4.18649739791125e-10,2.28962516279104e-10,-1.67651955231415e-10,-1.5212344283563e-10,-8.72428180279531e-10,-7.71166558822585e-11,3.74152477026178e-10,5.1339805283357e-10,4.76650661671872e-10,4.62794518292269e-10,2.83610058073235e-10,-9.3599657434867e-10,1.5051270914122e-09,2.54815805116718e-10,-5.83984026592534e-10,-6.53281610864932e-10,-3.72794028131523e-10,5.54835181069406e-10,-9.85723898657466e-11,1.31334821211025e-09,-2.31246014162478e-10,-6.54051960799897e-11,-1.50859651989903e-10,2.01044894767867e-10,-1.39135329705593e-11,-1.40910214655316e-10,9.54642266154137e-11,2.73035688792828e-10,1.01306334232706e-09,-7.70567083422632e-10,1.53686908506719e-10,-3.32237502900311e-10,-3.60663018488231e-10,8.12580127438448e-10,-9.89988524368121e-10,1.15876367516042e-10,-4.88003924926198e-10,5.47092506251944e-10,-3.96279749143763e-10,-2.561659300188e-10,-2.79954982346505e-10,-1.51791496203252e-10,-7.91058456848867e-10,4.19046189210116e-10,5.44818238852134e-10,-1.01547604030579e-09,3.66530708570227e-10,7.7920876024172e-11,-1.85504906825565e-10,-2.35272931695079e-10,1.8110117588507e-10,-8.18724611855632e-10,-5.59709757300767e-10,-1.53830252450739e-10,4.61086557241058e-10,-3.8001207750744e-10,-5.1907545022392e-10,-2.72376032448161e-10,-3.54087374177563e-10,6.33175614622128e-10,2.87816271429549e-10,-6.41475386717677e-11,-7.6479065108974e-11,-1.13584392216094e-09,1.0352696647203e-11,-6.31689864791732e-10,8.96263594376953e-10,-3.26017473895776e-10,4.80553005978133e-10,-2.22617566999736e-10,-1.26144030906669e-10,8.0189566484369e-11,5.53258208397966e-10,-3.98211670154992e-10,3.53785284757669e-10,-8.72979103647105e-10,2.42944238302868e-11,-3.19505999648583e-10,3.36060473771792e-10,-1.23760804384079e-09,-5.30855453151608e-10,-7.62380141463919e-10,4.72329590117556e-10,2.32571578152977e-10,7.18408123686654e-10,2.00246974910394e-10,8.46919701466853e-10,9.06388468182297e-10,1.85641784406294e-09,2.0084662598286e-09,1.00252246958713e-09,2.52810291084925e-09,3.00341169279901e-09,4.5463575175431e-09,5.95401467122952e-09
