v,0.25
Patm,100000
g,9.81
r,500
G,10^10.37
rho,2100
mu,10^4.25
rc,22
 
M,10^5.14
sigma,0.5
 
tilt_erupt,1.124nrad
 
-1494,-1493,-1492,-1491,-1490,-1489,-1488,-1487,-1486,-1485,-1484,-1483,-1482,-1481,-1480,-1479,-1478,-1477,-1476,-1475,-1474,-1473,-1472,-1471,-1470,-1469,-1468,-1467,-1466,-1465,-1464,-1463,-1462,-1461,-1460,-1459,-1458,-1457,-1456,-1455,-1454,-1453,-1452,-1451,-1450,-1449,-1448,-1447,-1446,-1445,-1444,-1443,-1442,-1441,-1440,-1439,-1438,-1437,-1436,-1435,-1434,-1433,-1432,-1431,-1430,-1429,-1428,-1427,-1426,-1425,-1424,-1423,-1422,-1421,-1420,-1419,-1418,-1417,-1416,-1415,-1414,-1413,-1412,-1411,-1410,-1409,-1408,-1407,-1406,-1405,-1404,-1403,-1402,-1401,-1400,-1399,-1398,-1397,-1396,-1395,-1394,-1393,-1392,-1391,-1390,-1389,-1388,-1387,-1386,-1385,-1384,-1383,-1382,-1381,-1380,-1379,-1378,-1377,-1376,-1375,-1374,-1373,-1372,-1371,-1370,-1369,-1368,-1367,-1366,-1365,-1364,-1363,-1362,-1361,-1360,-1359,-1358,-1357,-1356,-1355,-1354,-1353,-1352,-1351,-1350,-1349,-1348,-1347,-1346,-1345,-1344,-1343,-1342,-1341,-1340,-1339,-1338,-1337,-1336,-1335,-1334,-1333,-1332,-1331,-1330,-1329,-1328,-1327,-1326,-1325,-1324,-1323,-1322,-1321,-1320,-1319,-1318,-1317,-1316,-1315,-1314,-1313,-1312,-1311,-1310,-1309,-1308,-1307,-1306,-1305,-1304,-1303,-1302,-1301,-1300,-1299,-1298,-1297,-1296,-1295,-1294,-1293,-1292,-1291,-1290,-1289,-1288,-1287,-1286,-1285,-1284,-1283,-1282,-1281,-1280,-1279,-1278,-1277,-1276,-1275,-1274,-1273,-1272,-1271,-1270,-1269,-1268,-1267,-1266,-1265,-1264,-1263,-1262,-1261,-1260,-1259,-1258,-1257,-1256,-1255,-1254,-1253,-1252,-1251,-1250,-1249,-1248,-1247,-1246,-1245,-1244,-1243,-1242,-1241,-1240,-1239,-1238,-1237,-1236,-1235,-1234,-1233,-1232,-1231,-1230,-1229,-1228,-1227,-1226,-1225,-1224,-1223,-1222,-1221,-1220,-1219,-1218,-1217,-1216,-1215,-1214,-1213,-1212,-1211,-1210,-1209,-1208,-1207,-1206,-1205,-1204,-1203,-1202,-1201,-1200,-1199,-1198,-1197,-1196,-1195,-1194,-1193,-1192,-1191,-1190,-1189,-1188,-1187,-1186,-1185,-1184,-1183,-1182,-1181,-1180,-1179,-1178,-1177,-1176,-1175,-1174,-1173,-1172,-1171,-1170,-1169,-1168,-1167,-1166,-1165,-1164,-1163,-1162,-1161,-1160,-1159,-1158,-1157,-1156,-1155,-1154,-1153,-1152,-1151,-1150,-1149,-1148,-1147,-1146,-1145,-1144,-1143,-1142,-1141,-1140,-1139,-1138,-1137,-1136,-1135,-1134,-1133,-1132,-1131,-1130,-1129,-1128,-1127,-1126,-1125,-1124,-1123,-1122,-1121,-1120,-1119,-1118,-1117,-1116,-1115,-1114,-1113,-1112,-1111,-1110,-1109,-1108,-1107,-1106,-1105,-1104,-1103,-1102,-1101,-1100,-1099,-1098,-1097,-1096,-1095,-1094,-1093,-1092,-1091,-1090,-1089,-1088,-1087,-1086,-1085,-1084,-1083,-1082,-1081,-1080,-1079,-1078,-1077,-1076,-1075,-1074,-1073,-1072,-1071,-1070,-1069,-1068,-1067,-1066,-1065,-1064,-1063,-1062,-1061,-1060,-1059,-1058,-1057,-1056,-1055,-1054,-1053,-1052,-1051,-1050,-1049,-1048,-1047,-1046,-1045,-1044,-1043,-1042,-1041,-1040,-1039,-1038,-1037,-1036,-1035,-1034,-1033,-1032,-1031,-1030,-1029,-1028,-1027,-1026,-1025,-1024,-1023,-1022,-1021,-1020,-1019,-1018,-1017,-1016,-1015,-1014,-1013,-1012,-1011,-1010,-1009,-1008,-1007,-1006,-1005,-1004,-1003,-1002,-1001,-1000,-999,-998,-997,-996,-995,-994,-993,-992,-991,-990,-989,-988,-987,-986,-985,-984,-983,-982,-981,-980,-979,-978,-977,-976,-975,-974,-973,-972,-971,-970,-969,-968,-967,-966,-965,-964,-963,-962,-961,-960,-959,-958,-957,-956,-955,-954,-953,-952,-951,-950,-949,-948,-947,-946,-945,-944,-943,-942,-941,-940,-939,-938,-937,-936,-935,-934,-933,-932,-931,-930,-929,-928,-927,-926,-925,-924,-923,-922,-921,-920,-919,-918,-917,-916,-915,-914,-913,-912,-911,-910,-909,-908,-907,-906,-905,-904,-903,-902,-901,-900,-899,-898,-897,-896,-895,-894,-893,-892,-891,-890,-889,-888,-887,-886,-885,-884,-883,-882,-881,-880,-879,-878,-877,-876,-875,-874,-873,-872,-871,-870,-869,-868,-867,-866,-865,-864,-863,-862,-861,-860,-859,-858,-857,-856,-855,-854,-853,-852,-851,-850,-849,-848,-847,-846,-845,-844,-843,-842,-841,-840,-839,-838,-837,-836,-835,-834,-833,-832,-831,-830,-829,-828,-827,-826,-825,-824,-823,-822,-821,-820,-819,-818,-817,-816,-815,-814,-813,-812,-811,-810,-809,-808,-807,-806,-805,-804,-803,-802,-801,-800,-799,-798,-797,-796,-795,-794,-793,-792,-791,-790,-789,-788,-787,-786,-785,-784,-783,-782,-781,-780,-779,-778,-777,-776,-775,-774,-773,-772,-771,-770,-769,-768,-767,-766,-765,-764,-763,-762,-761,-760,-759,-758,-757,-756,-755,-754,-753,-752,-751,-750,-749,-748,-747,-746,-745,-744,-743,-742,-741,-740,-739,-738,-737,-736,-735,-734,-733,-732,-731,-730,-729,-728,-727,-726,-725,-724,-723,-722,-721,-720,-719,-718,-717,-716,-715,-714,-713,-712,-711,-710,-709,-708,-707,-706,-705,-704,-703,-702,-701,-700,-699,-698,-697,-696,-695,-694,-693,-692,-691,-690,-689,-688,-687,-686,-685,-684,-683,-682,-681,-680,-679,-678,-677,-676,-675,-674,-673,-672,-671,-670,-669,-668,-667,-666,-665,-664,-663,-662,-661,-660,-659,-658,-657,-656,-655,-654,-653,-652,-651,-650,-649,-648,-647,-646,-645,-644,-643,-642,-641,-640,-639,-638,-637,-636,-635,-634,-633,-632,-631,-630,-629,-628,-627,-626,-625,-624,-623,-622,-621,-620,-619,-618,-617,-616,-615,-614,-613,-612,-611,-610,-609,-608,-607,-606,-605,-604,-603,-602,-601,-600,-599,-598,-597,-596,-595,-594,-593,-592,-591,-590,-589,-588,-587,-586,-585,-584,-583,-582,-581,-580,-579,-578,-577,-576,-575,-574,-573,-572,-571,-570,-569,-568,-567,-566,-565,-564,-563,-562,-561,-560,-559,-558,-557,-556,-555,-554,-553,-552,-551,-550,-549,-548,-547,-546,-545,-544,-543,-542,-541,-540,-539,-538,-537,-536,-535,-534,-533,-532,-531,-530,-529,-528,-527,-526,-525,-524,-523,-522,-521,-520,-519,-518,-517,-516,-515,-514,-513,-512,-511,-510,-509,-508,-507,-506,-505,-504,-503,-502,-501,-500,-499,-498,-497,-496,-495,-494,-493,-492,-491,-490,-489,-488,-487,-486,-485,-484,-483,-482,-481,-480,-479,-478,-477,-476,-475,-474,-473,-472,-471,-470,-469,-468,-467,-466,-465,-464,-463,-462,-461,-460,-459,-458,-457,-456,-455,-454,-453,-452,-451,-450,-449,-448,-447,-446,-445,-444,-443,-442,-441,-440,-439,-438,-437,-436,-435,-434,-433,-432,-431,-430,-429,-428,-427,-426,-425,-424,-423,-422,-421,-420,-419,-418,-417,-416,-415,-414,-413,-412,-411,-410,-409,-408,-407,-406,-405,-404,-403,-402,-401,-400,-399,-398,-397,-396,-395,-394,-393,-392,-391,-390,-389,-388,-387,-386,-385,-384,-383,-382,-381,-380,-379,-378,-377,-376,-375,-374,-373,-372,-371,-370,-369,-368,-367,-366,-365,-364,-363,-362,-361,-360,-359,-358,-357,-356,-355,-354,-353,-352,-351,-350,-349,-348,-347,-346,-345,-344,-343,-342,-341,-340,-339,-338,-337,-336,-335,-334,-333,-332,-331,-330,-329,-328,-327,-326,-325,-324,-323,-322,-321,-320,-319,-318,-317,-316,-315,-314,-313,-312,-311,-310,-309,-308,-307,-306,-305,-304,-303,-302,-301,-300,-299,-298,-297,-296,-295,-294,-293,-292,-291,-290,-289,-288,-287,-286,-285,-284,-283,-282,-281,-280,-279,-278,-277,-276,-275,-274,-273,-272,-271,-270,-269,-268,-267,-266,-265,-264,-263,-262,-261,-260,-259,-258,-257,-256,-255,-254,-253,-252,-251,-250,-249,-248,-247,-246,-245,-244,-243,-242,-241,-240,-239,-238,-237,-236,-235,-234,-233,-232,-231,-230,-229,-228,-227,-226,-225,-224,-223,-222,-221,-220,-219,-218,-217,-216,-215,-214,-213,-212,-211,-210,-209,-208,-207,-206,-205,-204,-203,-202,-201,-200,-199,-198,-197,-196,-195,-194,-193,-192,-191,-190,-189,-188,-187,-186,-185,-184,-183,-182,-181,-180,-179,-178,-177,-176,-175,-174,-173,-172,-171,-170,-169,-168,-167,-166,-165,-164,-163,-162,-161,-160,-159,-158,-157,-156,-155,-154,-153,-152,-151,-150,-149,-148,-147,-146,-145,-144,-143,-142,-141,-140,-139,-138,-137,-136,-135,-134,-133,-132,-131,-130,-129,-128,-127,-126,-125,-124,-123,-122,-121,-120,-119,-118,-117,-116,-115,-114,-113,-112,-111,-110,-109,-108,-107,-106,-105,-104,-103,-102,-101,-100,-99,-98,-97,-96,-95,-94,-93,-92,-91,-90,-89,-88,-87,-86,-85,-84,-83,-82,-81,-80,-79,-78,-77,-76,-75,-74,-73,-72,-71,-70,-69,-68,-67,-66,-65,-64,-63,-62,-61,-60,-59,-58,-57,-56,-55,-54,-53,-52,-51,-50,-49,-48,-47,-46,-45,-44,-43,-42,-41,-40,-39,-38,-37,-36,-35,-34,-33,-32,-31,-30,-29,-28,-27,-26,-25,-24,-23,-22,-21,-20,-19,-18,-17,-16,-15,-14,-13,-12,-11,-10,-10,-9,-8,-7,-6,-5,-4,-3,-2,-1,0
1.43210679198411e-09,5.72287098295748e-10,6.23248437463554e-10,-7.7233538084204e-11,-9.70332811224893e-10,-1.55912657616671e-10,2.10923182696443e-10,1.98747934937639e-10,-7.88006558922623e-10,1.57222195256502e-10,-3.66161188790782e-10,-6.58026129892201e-10,2.40522771499368e-10,6.29350640344879e-10,3.59790721390868e-10,4.13256160080075e-12,8.08594274680234e-10,-5.13507696131401e-10,2.90050422802269e-10,-8.64124627569039e-11,7.22907523752491e-10,1.09551438659529e-09,-2.8883595988573e-10,1.27814029046679e-09,7.28040054238397e-11,8.06173657376717e-10,2.73107561679307e-11,-1.40763756538511e-10,-4.00120657782453e-10,8.70104040336395e-10,5.52383353906543e-10,1.94038287562139e-10,-4.51340262192884e-10,-3.93391099398362e-10,-4.51352789855779e-10,2.78447591410534e-10,4.5109165592462e-10,9.89122763391874e-10,-5.32091133149375e-10,-1.35276218461709e-10,4.50536138516952e-11,-1.64508387740005e-10,4.89822350950746e-10,-5.12716384579717e-10,3.4060609242804e-10,-6.10789407950419e-10,-7.46512199521377e-11,8.52224611888109e-10,-5.09046855330836e-10,6.52403717087102e-10,1.64511062540325e-10,1.41981932245865e-10,-7.07459437482987e-10,-2.66531400427536e-10,-9.03908592149744e-11,-5.15592335710966e-11,6.17263606927766e-10,-6.85435007126395e-11,6.65558266874897e-10,-2.97364510181321e-11,-2.2756141773479e-10,6.90062353721446e-10,2.9426432911672e-10,-7.15267669700264e-12,1.11635592887694e-11,-9.53578581670627e-11,-4.37187437622066e-10,4.48564154382403e-10,-6.87992551369108e-10,-3.65341634863636e-10,-4.59251932788422e-11,-2.77307229330016e-10,-1.0888002614601e-09,-9.44282165301656e-11,3.88092991020549e-10,3.33413324091553e-10,6.25733818684154e-10,5.83806533985399e-10,1.46967496890764e-10,6.26395102269297e-11,-3.99819089311313e-10,-7.7609616138512e-10,-1.25579289300202e-09,-4.01315338978626e-10,6.49589509158945e-10,3.00158322930732e-10,3.61651534570603e-10,2.77859557035458e-12,2.06128596358365e-12,2.92359471714626e-10,9.5435871434545e-10,6.30744488220143e-10,-4.55376357062372e-10,-3.06460155206338e-10,2.70494549427623e-10,6.0867126252991e-11,-1.22511348826031e-10,-3.16678238647392e-10,-3.77122939901754e-10,6.49085956640346e-10,5.59220984694573e-10,3.10323063762362e-10,-1.18356189166635e-10,3.43159837976487e-10,5.11758211787696e-10,-1.77492668875507e-10,1.33695967678983e-10,-2.60656008507368e-11,-9.96816822822332e-10,4.77996883069094e-10,1.39145361440613e-10,4.69411366645319e-10,-5.40436800641719e-10,-2.27267812540867e-10,-3.92124280692393e-10,1.49119185505998e-10,-4.2105618888512e-10,-4.00181340233183e-10,-1.65610264045487e-10,7.36859637674546e-10,-7.93280056948789e-10,-5.78371380021624e-11,-4.96467160223186e-10,2.23513799514991e-10,2.59241228003186e-10,1.92798877237975e-10,7.00244818612365e-10,1.3759954981712e-10,2.10770372585023e-10,2.17178209638743e-10,9.65098782675507e-10,-8.67195547633007e-11,-4.05543639424377e-10,-1.6481345411548e-10,6.65279685474718e-11,-1.15047033399978e-10,-5.41278320057059e-10,-2.85760636839254e-10,3.84845543410304e-10,3.16752128444493e-11,8.67673982861369e-10,-2.8868073835959e-10,-2.76063170875345e-10,-6.81981073022995e-10,-6.80310720997396e-11,5.26508206359229e-10,-5.88901617098027e-11,1.50956299107101e-10,-9.44939316050863e-11,2.73125671719541e-10,3.18026190670033e-10,-6.91794054963887e-10,5.5986672090803e-10,-4.81333485415488e-10,8.61387529793807e-10,2.4943539382164e-10,1.20498392918179e-10,6.00757171589085e-10,-7.26184678548476e-10,-8.33213073600029e-11,-4.95566057904666e-10,1.07536537079997e-09,3.03811990497841e-10,3.85647656581931e-10,-1.98559491389348e-10,-1.23355445913494e-10,5.1800943480388e-10,-5.17940606919688e-10,-2.58028489429505e-10,-9.98048577289087e-11,-2.60840872394183e-10,-3.27466829855896e-10,-2.87420625040268e-10,2.44951747351994e-10,-7.18774657659423e-10,7.81359883150522e-10,1.79419175598238e-10,-8.55046808344435e-10,1.15768991649059e-10,3.05024648745587e-10,9.86934304502032e-10,-5.74078236763165e-10,-1.21947949339831e-10,2.27557258545202e-10,-4.73104799475026e-10,-1.70996379813298e-10,1.72468693008971e-09,-5.28472191784438e-10,6.26502401272406e-11,1.93501161686629e-10,-6.21357071726536e-10,-2.96039589091099e-10,-4.94777677185666e-10,-2.11509917608991e-10,3.86829808723701e-10,-3.72089017695471e-10,2.90568235941548e-10,-9.27421534415963e-11,6.07065781933262e-10,-1.0127191541423e-09,-1.66922425312913e-10,-1.35714290711259e-10,1.58237798164494e-10,2.1663409854427e-10,7.35170427811444e-11,-2.01207292633168e-10,-6.80712631624704e-10,-3.23597830598167e-10,6.4311525229593e-10,-8.60618107349642e-10,2.12622199183741e-10,-5.95003955142133e-10,5.60651091780533e-10,8.48476782481289e-10,-1.07725232950757e-09,-3.5366299398901e-10,9.50998720965564e-10,4.9228130712849e-10,3.41855062931601e-11,-4.33113828329929e-10,3.08464372805504e-10,-2.95421488957507e-10,2.7118877982126e-10,5.58211348658852e-10,-5.10728657808538e-11,-1.75601773357308e-10,3.85612832575305e-10,2.4984476596651e-10,-3.61440333418988e-10,-3.79604411570589e-10,-4.26432830715703e-10,3.96963319518265e-10,-2.97677533720618e-10,5.76804428472729e-10,-2.53215135848287e-10,1.49223879848918e-10,6.81556051997049e-11,-6.89355954541586e-10,6.58781141738217e-10,1.02476175446701e-09,-1.29241767570452e-10,-2.02291702513233e-10,1.87078894512824e-10,-8.17691259300294e-10,-3.53279386879198e-10,3.66052964213815e-11,7.41280750823067e-10,-3.82091293142319e-10,-3.10999139627929e-10,3.49284990303364e-11,-4.10799467817547e-10,6.11393220684474e-11,7.64468529589838e-10,8.98269591019287e-10,5.62401967042365e-10,1.01103884879577e-09,-1.20490450824418e-09,-2.79998382994879e-10,-1.10828798907307e-09,-2.5364175620865e-10,-2.81192646214241e-10,-6.34639315029387e-10,9.35269345162564e-11,-5.64685742295081e-13,5.61009537874993e-10,-1.12484837074557e-09,6.21912318969698e-10,-6.29911237439019e-11,-4.89133567229584e-10,5.90836300306702e-12,3.32473858680934e-10,-1.68621400598267e-10,-1.07380120777389e-10,-8.85200872947481e-11,3.62194599198676e-10,-5.57616580645112e-10,-6.60699607041634e-10,-4.66605533005457e-10,4.60157735187687e-10,2.06186267281242e-10,-2.05005238485642e-10,6.42921887689791e-10,5.28941279193345e-10,1.90643939027268e-10,3.58152673217372e-10,-1.24654155289542e-10,2.34019453110595e-10,1.59878514407186e-10,-4.55492028134631e-10,2.66230442978616e-10,-5.18680287011124e-10,-4.00886246924898e-10,-8.61926508994429e-11,-3.65034703695823e-10,-1.94434905081842e-10,-1.04091600882397e-10,-3.48704626986067e-10,8.57114295212249e-10,-6.9491137286111e-10,-7.42978148105091e-10,-3.42036671475382e-10,4.38415565419167e-10,-6.78439530223422e-11,-3.32789454289694e-10,-3.38628080701578e-10,1.24038018801496e-10,-9.97403678345851e-10,6.71675238336663e-11,-1.26586699605385e-09,-4.11940406257904e-10,-5.67714174745152e-10,8.75127400034734e-10,-4.62448615723723e-10,1.18643079315393e-09,-5.72614424956977e-10,1.64402288476736e-10,-1.81812174487747e-10,-4.27754502318613e-10,-1.26925037340924e-10,1.85204793135065e-10,5.11442006699046e-11,-2.94946237591536e-10,6.63741857574981e-11,-5.29295916050192e-11,1.30977483471411e-10,1.22411619285443e-10,-1.4700913875784e-10,-9.14725619709205e-10,-1.13582126919202e-09,-3.93939544550964e-10,2.51882849438831e-10,3.96411059501752e-10,-1.04344846862091e-09,5.85396036067072e-10,-2.86133018368446e-10,2.77656043123484e-10,-1.65222182413381e-10,5.17818722425182e-10,-6.05306741524767e-10,-2.15519279544088e-10,1.08093411511072e-09,5.85603288181284e-10,1.67109680117993e-10,-5.56285070882165e-10,-5.93458350831118e-10,1.09991258227219e-09,-7.8190273176929e-10,-3.78930742379226e-10,8.46208473492495e-10,2.51083509267015e-10,2.04784337060668e-10,-6.87881820120567e-10,-2.48548609117437e-10,-9.81897700046805e-10,9.87101650937061e-11,1.64210804323614e-10,2.53043561442544e-10,3.67345776249444e-10,-5.23439703402534e-10,-3.10596888063347e-10,1.90840138777831e-10,7.79598512843244e-11,4.76554717075337e-10,5.75836837564757e-10,-2.08786120290563e-10,-4.90202438393413e-10,-2.67139931453851e-10,1.06905370289559e-11,2.13755553048916e-10,3.60132567632009e-10,5.35141984497735e-10,1.75001023658283e-11,-4.86834487737233e-10,-4.54146385345817e-10,-2.25108192773834e-11,2.5757998992314e-10,2.33739995647158e-10,-2.77061239730608e-10,1.1401522224363e-10,5.62628933301275e-10,5.18819541083425e-10,-4.05686103310627e-11,-7.00259723010473e-10,1.16456383143408e-09,1.61456124790349e-10,1.22854171479648e-10,2.92213432613347e-10,2.22050088525049e-10,-2.86778163565304e-10,-5.612077960519e-10,-3.10842554523121e-11,-5.86160705179331e-10,6.73650668122155e-10,1.33250089850767e-11,-4.96204838817733e-10,-1.27783952105974e-10,4.97932091125436e-10,1.67245181144651e-12,-4.81782839161433e-10,2.82598981959487e-11,1.23829516929262e-09,1.32932736006014e-09,3.70165842530554e-10,-4.03579310258963e-10,1.27625770336948e-10,-8.78984609918504e-10,3.36793630118014e-10,1.01114549232565e-10,-2.92780575536984e-10,-1.79565300768484e-11,-1.09249276662769e-09,3.3706740352717e-10,5.46884283868467e-10,6.9536371608422e-10,1.61794122640719e-10,-5.62534834332735e-10,8.68201679013035e-10,7.16231801088773e-12,-9.2306018894384e-10,6.67659657770858e-10,2.03844636086306e-10,1.90357263345131e-10,7.96991116306762e-11,3.24453082039025e-10,5.01485568045408e-10,1.03234923653236e-10,-3.5748468385686e-10,-7.31499940079366e-10,3.60950291329845e-10,5.07340196906063e-10,-5.82590886211804e-10,8.309148137976e-11,5.43895082896748e-10,2.97818557556541e-10,-1.31566706526621e-11,-1.98840758919635e-10,6.07215519570557e-10,-4.82122548240651e-10,-3.70754751991182e-11,2.09143155646599e-10,9.19879548264015e-10,-3.71007766012912e-10,2.5433113746962e-10,-3.54369409346626e-10,-1.28539115343103e-09,-7.56478351397356e-10,5.47807028096324e-10,5.43948275492022e-10,-6.95661203822853e-11,2.77102249174113e-10,-1.74067684971702e-10,-1.2341702879339e-09,5.49966856415623e-10,-1.41228307475877e-10,7.68529274621774e-10,-1.12300277395861e-10,-6.00937091769563e-10,-5.46657746230514e-10,-9.82716499110881e-10,-2.15425369542235e-10,1.57616698292401e-10,-4.92725358374474e-10,-2.99693408184807e-10,5.2737827308419e-10,9.20884183551467e-10,1.86495735024409e-10,-4.04889203169047e-10,-9.20376707031182e-10,7.28133662036666e-11,-6.83113195423847e-10,9.3961958537455e-11,4.34010769231987e-10,-4.91857210873914e-10,2.37245004749204e-10,3.58569491504844e-10,-1.17645583639863e-09,7.90009635793446e-10,4.02024952491683e-10,1.66826128921584e-10,-5.08473727895664e-10,-3.35663105567545e-10,4.02841644624407e-10,-3.08752213245752e-10,4.31840629837153e-11,7.3194759192852e-11,2.05150326477197e-10,1.82461462314732e-10,-2.81406363370149e-10,-2.67487227822835e-10,-1.72523006538172e-10,-1.85808547840314e-10,-5.39184646935437e-10,-3.50177686745406e-10,-4.95452172090155e-10,-1.96300684253669e-10,5.4925202091375e-10,9.22957840173855e-10,-5.19905947937237e-10,5.05519777999522e-10,-1.33595098261697e-10,-3.74442710467726e-10,1.78188258734515e-10,4.22721362848949e-10,5.31793982131893e-10,7.444210291133e-11,1.07612847606909e-09,-6.90683249688943e-11,4.41787282780954e-10,-1.1854178862106e-10,-1.52878114579766e-10,-2.22230414543045e-10,1.2963976909486e-09,-4.3376548255614e-10,2.54756294819625e-11,-2.15768377880359e-10,3.43578586170038e-10,-2.60176381461146e-10,8.79781217833117e-11,8.52675644730618e-10,3.13033557469044e-10,-1.86679947080193e-10,2.59843345372894e-10,-4.68169486505197e-10,3.50765026630992e-10,-9.97269744517448e-11,5.54090299075237e-10,-1.94729227131241e-11,-1.80321444465574e-10,2.10469832081925e-10,6.86158503552965e-10,7.5737788126984e-11,3.02079947462235e-10,-1.05374020506349e-10,-5.74178604347537e-10,1.56446187046874e-10,8.00836266544962e-11,-1.69419377974959e-10,2.47067260538492e-10,2.81804288011866e-10,-1.15285684954189e-10,-8.56949309282412e-11,1.84726046439409e-10,-2.79781427094344e-11,5.92445524312696e-11,2.27627982967871e-10,2.41233913837361e-10,5.23072636974981e-11,-1.8551509673012e-10,-7.07322014953902e-11,1.46487716721052e-10,2.83492301915941e-10,6.57081510354726e-11,2.90170282379812e-10,3.89574779638977e-10,-1.71469759066263e-10,-5.04849411895208e-10,-1.68838042554143e-10,5.15759077993587e-10,-6.87430526719898e-10,-1.57903847638563e-10,2.74710675390546e-10,6.40237680811703e-10,4.80301815320442e-10,-2.16488794359126e-10,1.37710255773002e-10,-4.90425155311738e-11,1.86880012061288e-10,-3.68178238737392e-10,6.13932073646471e-10,5.69107124996247e-11,3.07153556839253e-10,5.63220620980288e-10,-1.42876615652176e-10,-8.75634579178993e-11,1.86782947486285e-10,6.28691949105713e-10,8.8663562546082e-10,6.75822907216303e-10,6.41082376710849e-10,-1.3369454740254e-10,1.95373967590622e-11,1.70663618162832e-10,6.87920257751969e-11,-1.28054972848294e-09,-1.1131807347881e-09,2.07279339308772e-10,4.68579378108407e-10,9.14903976625677e-11,-3.49155162366403e-12,3.96088179727429e-10,6.37590067838473e-11,-1.1867395010406e-11,-3.64010222663653e-10,1.67558725423788e-10,2.13736865233744e-10,-1.41088547652677e-09,1.14110022410783e-10,-6.45207682972605e-10,4.47640210100669e-10,9.77104549249006e-10,-5.22207953111043e-10,5.38098466431348e-11,1.0453613521818e-09,-4.41481097623894e-10,-2.92978397947091e-10,-5.72277660029952e-10,-4.64795152455842e-10,-6.43981636777578e-10,1.76247901947829e-10,8.60453101238884e-12,-3.29567214571348e-10,5.01598604724336e-10,-5.34372105154524e-11,4.55448136944254e-10,3.12173269734607e-10,5.7877791468426e-10,-9.37643790742012e-10,4.1551810363453e-10,-2.04884413279845e-11,-1.83832074393446e-10,-7.92558313245216e-10,5.87329185120911e-10,-4.34240386260614e-10,-2.57042301619453e-10,-4.5406066644544e-10,9.04771020257838e-11,-3.19984288362808e-10,4.86558338748472e-11,-1.69999631911167e-10,-1.42455284328105e-10,-1.70507188230632e-10,-6.82688966850075e-10,-2.59165660002249e-10,7.64135321247876e-10,1.13055574087443e-09,-3.94759503139822e-10,-3.35551400776347e-10,8.97669400344777e-10,-2.57702332368405e-10,3.18598409449832e-10,-1.15954383667442e-10,7.44458090088524e-10,2.54605422034541e-10,-9.8865720242031e-11,-1.48328085394293e-10,-4.34243187127589e-10,3.72069195892607e-10,3.82604381845248e-10,4.1503399104596e-10,4.98604259450384e-10,-8.66731188096159e-11,-6.53937666322522e-11,-2.42965997050046e-11,5.73208246798954e-10,-3.73630823836067e-10,-6.0525119383459e-11,-2.02663934605909e-10,-1.75650761016638e-10,-9.84257180459007e-10,1.37423189557922e-10,8.24300725451646e-11,-1.6242061726377e-09,1.38094583529561e-09,8.31617747225605e-10,-2.76957511554643e-10,2.2862742755802e-10,2.20588957828903e-10,-9.46608187263992e-10,-8.15304857931934e-10,-7.96419358632645e-10,-5.83731714151468e-10,-1.74453118969121e-12,-7.72943784635487e-10,2.96750492734475e-10,-1.78535974680429e-10,-2.58282538932471e-10,4.83090319681484e-10,2.58455358102998e-10,-3.63082383369945e-10,-9.22294479658626e-11,-5.52865502261339e-10,-6.91612291607838e-10,7.38100180021257e-10,-5.68880875492707e-10,-1.25170956816088e-11,-1.13982123383522e-11,-2.39910385068091e-10,-3.24929445357729e-10,-3.21787162901533e-10,8.34655268709822e-10,-1.89027246334997e-11,3.96118007854605e-10,-1.59344535330985e-10,9.00011748492431e-11,2.78011969408626e-10,7.97833633285822e-11,8.46904560030263e-11,-2.36563154190618e-10,-4.36867079984002e-10,2.01844790765996e-10,1.97684304637165e-11,8.49543687139237e-10,-1.77506500520206e-10,-4.52989610560725e-11,-1.09780977394967e-09,1.0741317509572e-11,-5.05087608596636e-10,9.44464594301982e-11,7.1602937659165e-10,8.16469934159239e-10,8.87620799753093e-10,-9.27392354392983e-10,1.15980938987933e-10,-2.15119207279313e-10,5.38008101687939e-10,4.11533098001165e-11,2.6768335897513e-10,-6.33663325245598e-10,-1.01136281687276e-10,-3.07130303434574e-10,4.44760026921696e-10,4.52505054314367e-10,-8.23452549496358e-10,-4.23251148021578e-10,5.35865641354815e-10,-5.97323376883482e-10,-5.59652693713479e-10,4.96974059697987e-10,-2.09611384311735e-10,-6.20124163177948e-10,5.82347787800694e-10,7.33559887010416e-10,2.78576441425703e-10,-1.09071325552865e-09,-1.87367436819185e-10,3.10055228328042e-10,3.45049532869914e-10,-4.52582587734225e-10,-6.85835441936607e-11,3.66747192163562e-10,-2.43296892873255e-10,6.84994903567118e-10,-3.63251734183633e-10,-4.76105197409372e-10,-1.97412938099513e-10,-1.57239802846533e-10,4.91623179268156e-10,-5.20330652978512e-10,1.27732632515329e-09,-3.37671086516966e-10,2.14694085157123e-10,5.18018884599021e-10,4.86274578020571e-10,3.47323624730308e-10,9.86148369374019e-10,1.90533711712411e-11,4.15076298089361e-10,4.36732496491001e-10,3.81992823454091e-10,3.62929257775744e-10,3.98364080080512e-10,6.35644184622407e-10,-3.77681898827586e-11,7.41745462092448e-10,-6.69360914562275e-10,2.24046615009633e-10,3.90515496858286e-10,1.98685773828557e-10,-9.37989652548758e-11,7.97891629656025e-10,-6.59557877330431e-10,-1.32508972421749e-10,1.47172985028771e-09,3.99075872710896e-10,7.88670027554307e-10,9.71421889588383e-11,1.40491787935947e-10,8.29073577067187e-11,-8.37269423841588e-10,6.39646338042324e-10,5.42253935728767e-10,-2.15429854150185e-10,-8.72131923719723e-10,-7.02260499717175e-10,-3.50599775358324e-10,6.18537349260055e-10,8.86522383285444e-11,3.13579343260836e-10,-5.42884054081543e-10,-1.49945630022102e-10,-8.65893785480567e-10,1.12490134501396e-09,9.97693363354662e-10,5.67979782076143e-10,6.32962505564506e-11,8.04627375488415e-10,-8.58043026004809e-10,-3.08410792483152e-10,2.06030618016969e-10,-3.78344323029775e-11,-4.80968292532175e-11,6.59342829197609e-10,-2.00071755414552e-10,7.95799118477971e-11,1.05477886483198e-09,2.49589065415719e-10,6.24808176730929e-10,-9.98514901479565e-10,3.50304817413558e-10,2.48546915182741e-10,3.27623696784095e-10,7.9847928700565e-10,-6.72703927902986e-10,2.78911525951571e-10,-2.15490118553439e-10,2.75910819186331e-10,2.1146819267352e-10,6.52791100701709e-10,8.44415212457296e-10,1.24783864345226e-10,7.06321343498532e-10,7.46932004688179e-10,7.20406607427035e-10,-9.06060721911101e-13,4.67820142125357e-10,2.01936848204641e-10,-5.34696865364758e-10,7.49618048476869e-10,1.16914518761009e-10,6.82728996626273e-10,5.82418469526555e-10,-1.05866995089768e-10,2.26353477668578e-10,-1.12382330783719e-09,2.32788950225038e-10,1.65410366744818e-10,-7.83655302576992e-10,6.54499248074106e-10,-6.53155547988776e-10,-8.05064785041021e-11,-4.26272232181912e-10,1.54079147637954e-11,-3.28340219528164e-10,-2.14314509715006e-11,-2.57001404660882e-11,5.58219126689963e-10,6.46336229648442e-10,9.4899086994443e-10,-7.10273525867625e-10,-5.17831898794866e-10,-5.25148891344506e-10,-8.01215731955991e-10,-5.89408649797689e-10,7.80260918603251e-11,7.45503562073748e-10,-1.30152111760035e-11,2.97126248386428e-11,6.10579354924985e-10,3.03468471066868e-10,-7.1936143665674e-10,-3.05509583843722e-10,-5.76944907282461e-10,-8.94145775347827e-11,-3.72711392963834e-10,2.62620764962427e-10,3.23973646984482e-10,1.02778618102662e-10,2.27072368098968e-10,3.67101948155054e-10,-1.09721252307948e-10,1.05905596011319e-09,-1.94491596997389e-10,5.40176170738605e-10,-8.91997981055427e-11,2.03833023041652e-10,1.42074815512581e-10,-7.80569211234746e-11,2.65239853938623e-10,9.53943434915152e-10,-1.53991890396257e-10,-8.36893982414144e-10,-5.14789916669282e-10,4.27837602131147e-10,1.00208622399333e-09,6.15504559605152e-10,-2.47496748573368e-10,-7.5560830465883e-11,3.20107151268584e-11,6.03465313829966e-10,3.63450560210097e-10,-4.22013871149194e-10,7.48174918796295e-10,-1.18904063987593e-09,1.09777902776174e-10,-9.38902987005832e-10,1.73344277111074e-10,5.2506883736064e-10,-1.40658577194216e-10,-4.34777972395077e-11,-2.28806231072402e-10,2.12390325194222e-10,-4.32002733151193e-10,4.81835151632971e-10,7.8144714450702e-11,-3.95179842088518e-12,-1.48681581463933e-10,-3.98182014924135e-10,-3.21649099545354e-10,-1.81251469975205e-10,2.60842187428112e-10,1.37478960969801e-10,4.27333054337878e-11,7.85282254033743e-11,-1.16374528134808e-10,4.17696436647498e-10,-3.09383648481979e-10,6.38984793664762e-11,2.7555731662101e-10,9.01865855724339e-11,1.66069398345446e-10,-9.76581747577694e-11,1.10852594870933e-09,4.57593822143933e-11,-3.6810104457826e-10,-3.09159756247441e-11,-7.75694011587811e-10,-3.07824736325265e-10,-1.78925323088159e-11,-6.05564089086705e-11,-3.2562284343781e-10,7.31798593858887e-10,-1.22752833502547e-09,1.70622558802422e-10,5.24954084945879e-10,-4.62310357489234e-10,-7.13777095666912e-10,-5.13683578620665e-11,-2.17810995915916e-10,1.07115918354713e-09,5.87784004113238e-11,3.60560777407058e-10,2.83263785713548e-10,-1.01041279247876e-09,-7.04128907099611e-10,7.71031062046744e-10,-2.14178204710851e-10,-8.40576204452415e-10,8.52021270018852e-10,-2.17963221360771e-10,-2.52939033625729e-10,1.5851573332122e-10,-2.56382225742326e-10,-4.55996818616818e-10,1.33556234931453e-10,5.79457349369452e-11,2.401979588516e-10,5.15961264975062e-10,1.97672947888996e-10,6.47027025296895e-10,-5.32480054257755e-10,-5.02400263136231e-10,-1.7224562068087e-10,8.50595764462107e-11,3.56763569837058e-10,8.76845895410436e-11,7.180402249479e-10,-8.32232437260492e-10,-6.65829877800314e-10,2.8182866255186e-10,6.73876985035189e-11,-9.2491396658254e-11,-6.35260220875825e-10,9.62891185132326e-11,2.14551621290904e-10,2.14842542357756e-10,-9.40565261935848e-10,1.16811663667369e-10,-1.20515531244738e-10,-1.62418617998058e-10,1.93342751798648e-10,1.65719519272079e-10,-6.74979498605035e-12,-6.23704158408304e-10,-1.66740036521954e-11,8.53832446354817e-11,7.4901760786079e-11,-4.24561170584117e-10,-4.50107309921411e-10,-8.85273431537551e-11,-6.65763113906352e-10,-7.64695593059711e-10,2.98248083189486e-10,1.88883322416434e-10,8.99727145221359e-10,3.36062429757538e-10,-4.50745045575714e-10,-1.26469971983822e-10,7.07250517579583e-10,8.57892161890707e-10,9.07511261269217e-10,2.6702410691223e-10,-7.19181852101502e-11,1.14971333361323e-11,1.0553258943591e-09,1.39653987301511e-10,-8.19613684065976e-10,-1.03138053363739e-09,7.93861759129406e-10,3.39372849219563e-12,-6.8318332520518e-10,2.94001312160469e-10,2.12032010705792e-11,-4.4140351031175e-10,-1.58168993591432e-10,-4.68221066965504e-10,4.7194524747206e-10,-5.41312196416022e-10,7.89974727370147e-10,6.45201528740427e-10,2.45970297471249e-10,-4.82491771417153e-10,2.39470902403496e-10,-7.84310442005401e-11,7.56928228756802e-10,1.02396030262837e-10,4.48264583072829e-10,1.1617994205585e-10,2.34371144059808e-10,-7.80817681246047e-10,9.53067721476643e-11,-2.88880730380873e-10,1.20119807032675e-10,-6.3243521434154e-10,-2.85154919071468e-10,2.10139978206817e-10,-2.94771788902572e-10,4.20373631019056e-10,4.46309055611347e-10,9.86878533844397e-11,7.42311768225655e-10,1.39793114554245e-10,-1.38491022264797e-09,5.91973103387363e-11,6.28317597041504e-10,5.95880936285167e-10,-2.18654960995333e-10,3.72186193369412e-10,-2.03142584324406e-10,-6.52351180010653e-10,-4.46102176432075e-10,-1.68385975613621e-09,3.33842403754041e-10,-1.00785829136369e-10,-1.69478215123083e-09,-1.03051937468857e-10,-3.60054608363334e-10,-5.29001224066644e-10,-1.36013698912894e-11,-4.47168963544914e-10,-3.95000427195688e-10,3.34366840262011e-10,-3.25411338163557e-10,-9.33380839921762e-10,7.89110528776189e-10,5.36150219628856e-10,1.34950440432086e-09,1.24887851396536e-10,-5.14932312798187e-10,-6.05720611209507e-10,-3.65299438318833e-11,5.88701163212663e-10,-4.8771559741102e-10,8.03499802157299e-10,-5.9856110322725e-10,1.10124875324764e-09,-8.32030274555967e-11,4.86976190607242e-10,-5.16993635409837e-11,-8.27849484401526e-11,4.49514881467597e-10,5.38479490070041e-10,2.89204144571117e-10,-3.83309123594039e-10,1.69747334189861e-10,-1.45150132864339e-10,-2.40059707823679e-10,-3.97188756760732e-10,-5.87839953597381e-10,1.27439516661533e-12,-3.46773644296199e-10,-2.80980545245602e-10,4.44708640270751e-10,-2.45711894047199e-10,6.65042322727461e-10,-2.18152289318895e-11,7.91461228327691e-11,-7.46645125637751e-11,2.74439443682537e-10,-9.79126825054966e-10,2.58651825775339e-10,1.20359184006836e-10,-1.73086159317224e-11,1.44289743921526e-10,-2.43930778787368e-10,-3.36579646019338e-11,3.52476654025834e-10,-8.9187819377571e-11,-7.58718496655235e-10,-2.25418469432525e-10,5.77332639942218e-10,-9.12113315655767e-10,-8.37459700138383e-11,-7.22607154912634e-10,6.00223092789914e-10,8.93933071783607e-11,-7.46694000817846e-10,-2.92389333980999e-10,-9.17844232446702e-10,-7.98318782260301e-11,-1.9455763280674e-10,4.44846387036169e-10,7.51963920463169e-10,-5.08775469981353e-10,3.16293681301586e-10,8.08190341359083e-10,2.66665319015903e-10,-3.98794691644671e-10,8.01617296962883e-11,-5.0301595198724e-10,-6.14837625801308e-10,8.11793124793403e-10,2.29117130297293e-10,-3.89893833075943e-10,6.64763078885847e-11,3.11493949036436e-11,2.08872920367923e-10,-3.27272748190836e-10,-1.37512423404218e-10,-1.1957737294354e-10,2.54713534606282e-10,-2.7449815443957e-10,2.33058293185941e-10,-3.24447452294313e-11,-3.30573880071658e-10,7.13975758671753e-10,5.95288208916838e-10,-3.42591998947052e-10,3.33073010723503e-10,2.94442763122563e-10,-6.30093826327437e-10,-1.39104157712547e-10,-1.73030563448797e-10,1.20341465832572e-10,-1.0683177120816e-09,-5.00144100079779e-11,2.02865305014659e-10,-8.34571726194884e-10,-3.29217434690473e-10,9.02160956259512e-10,-4.08063339393831e-10,5.01032231819348e-10,-5.69548917519568e-10,-1.80798168859572e-10,6.43783964600957e-10,3.27894990478736e-11,-4.34281313027724e-10,1.6057556602147e-10,2.83170849138117e-10,-3.82711672602533e-10,-7.7832818724366e-10,1.06185409992985e-10,-1.37291898020138e-10,3.57089318312991e-13,2.23520639357963e-10,5.1749237583058e-10,-7.10585734812032e-10,-6.84588551517928e-10,-6.8963287618166e-10,1.08876443242356e-09,3.0169502526204e-10,3.67732795645256e-10,-1.47244098801435e-10,-1.22482109684353e-10,-7.73523920271849e-10,-5.28896497460421e-10,1.07266582381468e-10,3.27777478269888e-10,-3.98791944814251e-10,3.9732647295544e-10,-1.2813413765719e-10,1.40695717565496e-09,-2.86238625006878e-11,-1.09975673976327e-10,1.4626898817935e-10,1.31507626925036e-10,-4.39149613242336e-10,-8.29462812261303e-10,1.29023042265992e-10,-5.33526270421137e-10,-1.18543587062754e-09,6.22832771356719e-10,5.14385108256442e-10,5.71240366032732e-10,-1.14530293452024e-09,-3.8493204147155e-10,-3.5716972513337e-10,2.6979356382455e-10,-7.0604319950581e-12,-5.01459877791953e-10,4.3281889328126e-10,-2.91194836998441e-10,3.30026481207775e-10,2.08615959731551e-11,-3.33882499611606e-10,-1.19720737459913e-09,-2.05909037047723e-10,5.12478841153515e-11,-3.55727485924902e-11,-3.36485143144196e-10,-4.79700148971459e-10,4.0539436589566e-10,-2.82802337462424e-10,-2.56671244610802e-10,1.32288901442238e-10,2.68098106330417e-10,9.30457043288573e-10,5.82304392924982e-10,8.25685256624845e-10,1.40830191475446e-10,3.0704222100807e-10,-4.75342389281356e-11,4.32609184781946e-10,2.05410988502936e-10,1.6061640635226e-10,2.1128179458496e-10,8.31935342708869e-10,-5.78343972477647e-10,1.07131394162857e-10,3.4550290751234e-10,-3.88366803509359e-10,-8.15950989902964e-10,-3.12616341159354e-10,6.83033195082204e-10,7.13191604695966e-10,-2.71010415375223e-10,-3.0381910504749e-10,-4.9879401477687e-10,-1.02468146435101e-09,-2.4910705709708e-10,-1.07115176818211e-09,1.30104963538735e-10,6.20087500350849e-10,-3.6008994371856e-10,2.04002787691874e-10,-4.85806775296124e-10,2.38474909813987e-10,-7.60002020518595e-10,-1.02092771905766e-09,-1.02540422546587e-10,-4.43825486405436e-12,2.49015793815602e-10,3.45683241851544e-10,3.45228648675072e-10,-5.22252900995479e-10,-3.37017102616051e-10,-2.44589775029975e-10,-9.91246597157216e-11,2.10165713509196e-10,1.19714087204442e-09,2.25928795512537e-10,-7.99353336801448e-10,-3.10001564109297e-10,-3.7562900035695e-10,8.58650211912056e-11,-1.90908263924924e-10,-1.13811211549544e-10,8.28061024942915e-11,-1.00937551029048e-10,1.72528945857634e-10,-6.45798883182385e-11,1.26458973107996e-10,-4.11832285804381e-10,2.19628616843128e-10,3.65818200417458e-10,1.10874060433381e-09,-6.50557289085804e-10,-4.46216856713214e-10,-7.40550561840503e-11,-3.15993871806416e-10,3.02689743562279e-10,3.68697232929461e-10,2.49640482271977e-10,-5.48305266301318e-10,8.39942929566233e-11,4.91567040826041e-11,-1.88857220627288e-10,6.42242712433561e-11,5.31394288151475e-10,4.0432767947542e-11,-1.03230188595755e-09,3.48962127711955e-10,2.29573034285784e-11,-2.91709891686927e-10,9.05255559579546e-10,-1.16970844252288e-10,7.67812364946819e-10,-9.93224989823729e-11,-3.57847996885962e-10,-4.51688973731864e-10,4.4243052395023e-10,-3.90550188046914e-12,6.86155289237005e-11,2.46324017854771e-10,1.6614552591803e-10,3.4095909932271e-10,-7.13865217468224e-10,5.4171708593683e-10,-2.853647111833e-10,-1.09646521349076e-09,6.38910293763639e-10,4.31429461715459e-10,-1.20304647701315e-10,-6.16820097000426e-10,-7.16106464046357e-10,1.17001324999884e-10,-1.26620754761009e-10,-2.68539597989525e-10,-2.91882464950299e-10,-7.38334412034651e-10,-1.9540462970336e-10,-7.01993430617447e-10,-7.72421537757238e-10,-1.56054304036442e-10,-8.3213907629973e-10,3.77934587893837e-10,-1.41765341118456e-10,-2.80027611176166e-10,9.41051563764576e-10,-3.66013148734992e-10,9.71855736393289e-10,-4.18342360610971e-10,4.05795928880477e-11,-2.24151617920759e-10,-9.96057481697184e-10,1.68736785286547e-11,-9.01668089528438e-10,1.24670412404267e-10,-1.96940866290302e-10,9.67517752157996e-11,-1.03679388109493e-10,-6.25632570616815e-10,-1.72301239622947e-10,3.67837382202132e-10,-5.32004936919091e-10,-3.32910195840958e-10,-9.59337207802524e-10,-6.98441644571286e-10,-1.27552825868502e-11,-6.10240224032792e-10,9.15350614321793e-11,-6.71514157264341e-10,-3.33012887358369e-10,7.17784902314479e-10,-6.62020197820712e-10,-7.14371848496565e-11,6.92983413785944e-10,2.80994790168222e-10,6.74145759733669e-10,-6.62721418281906e-10,3.39092104905321e-10,2.40012526518108e-10,-5.80865776880623e-10,2.02694995461342e-10,-4.13533255887598e-10,2.66002620751043e-10,1.11290461360792e-10,-4.15851590321234e-10,-3.49070256942477e-10,6.55494061567078e-10,-5.05703308199788e-11,-2.44856626815478e-10,2.65999015734729e-12,2.28812009494111e-10,-1.17056809033889e-10,-2.15775015933182e-10,3.86638701053889e-11,-1.01111176712345e-10,9.54750572742016e-11,6.56141669779804e-10,7.33806515014577e-10,-3.27116931900511e-10,-3.0897263630027e-10,3.92197309490247e-10,-1.18409952451288e-10,8.50090311919523e-10,9.82562770735044e-10,6.44973037926026e-11,-4.28729907736445e-10,-8.09284382522768e-11,-4.73013753630686e-10,-7.52308242545491e-10,3.14083131185843e-10,2.60244842047987e-10,-3.58502289037903e-10,3.8538674796192e-10,4.76088167966294e-10,-2.9713973440247e-10,1.21254074717373e-09,6.73110799191802e-10,2.70791099636247e-10,-5.07156497709678e-10,1.15885954330255e-09,-3.37148613223995e-10,6.17770826187e-10,9.47244790332362e-10,2.51064790047733e-11,1.43618558701884e-10,-1.5454041803918e-10,-2.82068267512137e-10,-9.37785710756245e-10,-2.4333577365259e-10,5.89454207466815e-10,-4.39112786552919e-10,-2.17179529440011e-10,8.3793991412323e-11,-5.93377192460546e-10,1.82854075675852e-10,-4.13493717911456e-10,-4.64480734559576e-10,1.12666629218671e-10,1.55627227562184e-10,1.99322735995616e-10,4.04048508490144e-10,2.25598516824961e-11,-4.87767138079587e-10,4.73406477421614e-11,-2.99140376256466e-10,-5.75381113795045e-11,-5.92323688324773e-10,-8.07977613137806e-13,-3.62471884969968e-13,-3.78195557402333e-10,-4.62679514446335e-10,-2.21128609192661e-10,1.97310100009068e-10,8.29208643708038e-11,-3.89258441319385e-10,1.28763509437158e-09,6.56318180464494e-11,-1.14135403808261e-10,-3.30988011186184e-10,4.06168029987203e-10,2.33193667322287e-10,-2.2577216384005e-10,-2.56714023173286e-10,6.6436892069966e-10,2.51198998527547e-10,-3.59946448795785e-10,3.39532999878259e-10,1.78147766520926e-10,-5.03118360772545e-10,-1.00211309602074e-09,-3.87042778290299e-10,3.21660599030404e-10,6.28450393239974e-10,-4.48640165638491e-10,5.17584397957666e-10,-5.01952311296448e-10,-4.94001105807745e-10,9.86641697320862e-10,-1.83781772025411e-10,1.3857856338422e-10,2.26359143704499e-10,1.13572567892818e-10,5.25649496190659e-10,-1.45414336666872e-11,-3.30006043597243e-10,6.22217454270013e-10,9.60564590542405e-13,4.80745676028947e-10,-2.67877669428952e-10,1.53437349347634e-10,-3.60190766717922e-10,1.88139158207575e-10,1.16578897570934e-09,-2.05124608062248e-10,-1.05326998804561e-10,-8.59204954004242e-11,3.69349230271247e-10,1.16446233893328e-09,8.92381754720123e-10,1.06411252747874e-09,9.04825210521084e-10,-3.81114191499148e-10,1.34330843340881e-09,8.15941222327369e-10
