v,0.25
Patm,100000
g,9.81
r,500
G,10^10.37
rho,2100
mu,10^4.25
rc,22
 
M,10^5.26
sigma,0.25
 
tilt_erupt,1.8932nrad
 
-1086,-1085,-1084,-1083,-1082,-1081,-1080,-1079,-1078,-1077,-1076,-1075,-1074,-1073,-1072,-1071,-1070,-1069,-1068,-1067,-1066,-1065,-1064,-1063,-1062,-1061,-1060,-1059,-1058,-1057,-1056,-1055,-1054,-1053,-1052,-1051,-1050,-1049,-1048,-1047,-1046,-1045,-1044,-1043,-1042,-1041,-1040,-1039,-1038,-1037,-1036,-1035,-1034,-1033,-1032,-1031,-1030,-1029,-1028,-1027,-1026,-1025,-1024,-1023,-1022,-1021,-1020,-1019,-1018,-1017,-1016,-1015,-1014,-1013,-1012,-1011,-1010,-1009,-1008,-1007,-1006,-1005,-1004,-1003,-1002,-1001,-1000,-999,-998,-997,-996,-995,-994,-993,-992,-991,-990,-989,-988,-987,-986,-985,-984,-983,-982,-981,-980,-979,-978,-977,-976,-975,-974,-973,-972,-971,-970,-969,-968,-967,-966,-965,-964,-963,-962,-961,-960,-959,-958,-957,-956,-955,-954,-953,-952,-951,-950,-949,-948,-947,-946,-945,-944,-943,-942,-941,-940,-939,-938,-937,-936,-935,-934,-933,-932,-931,-930,-929,-928,-927,-926,-925,-924,-923,-922,-921,-920,-919,-918,-917,-916,-915,-914,-913,-912,-911,-910,-909,-908,-907,-906,-905,-904,-903,-902,-901,-900,-899,-898,-897,-896,-895,-894,-893,-892,-891,-890,-889,-888,-887,-886,-885,-884,-883,-882,-881,-880,-879,-878,-877,-876,-875,-874,-873,-872,-871,-870,-869,-868,-867,-866,-865,-864,-863,-862,-861,-860,-859,-858,-857,-856,-855,-854,-853,-852,-851,-850,-849,-848,-847,-846,-845,-844,-843,-842,-841,-840,-839,-838,-837,-836,-835,-834,-833,-832,-831,-830,-829,-828,-827,-826,-825,-824,-823,-822,-821,-820,-819,-818,-817,-816,-815,-814,-813,-812,-811,-810,-809,-808,-807,-806,-805,-804,-803,-802,-801,-800,-799,-798,-797,-796,-795,-794,-793,-792,-791,-790,-789,-788,-787,-786,-785,-784,-783,-782,-781,-780,-779,-778,-777,-776,-775,-774,-773,-772,-771,-770,-769,-768,-767,-766,-765,-764,-763,-762,-761,-760,-759,-758,-757,-756,-755,-754,-753,-752,-751,-750,-749,-748,-747,-746,-745,-744,-743,-742,-741,-740,-739,-738,-737,-736,-735,-734,-733,-732,-731,-730,-729,-728,-727,-726,-725,-724,-723,-722,-721,-720,-719,-718,-717,-716,-715,-714,-713,-712,-711,-710,-709,-708,-707,-706,-705,-704,-703,-702,-701,-700,-699,-698,-697,-696,-695,-694,-693,-692,-691,-690,-689,-688,-687,-686,-685,-684,-683,-682,-681,-680,-679,-678,-677,-676,-675,-674,-673,-672,-671,-670,-669,-668,-667,-666,-665,-664,-663,-662,-661,-660,-659,-658,-657,-656,-655,-654,-653,-652,-651,-650,-649,-648,-647,-646,-645,-644,-643,-642,-641,-640,-639,-638,-637,-636,-635,-634,-633,-632,-631,-630,-629,-628,-627,-626,-625,-624,-623,-622,-621,-620,-619,-618,-617,-616,-615,-614,-613,-612,-611,-610,-609,-608,-607,-606,-605,-604,-603,-602,-601,-600,-599,-598,-597,-596,-595,-594,-593,-592,-591,-590,-589,-588,-587,-586,-585,-584,-583,-582,-581,-580,-579,-578,-577,-576,-575,-574,-573,-572,-571,-570,-569,-568,-567,-566,-565,-564,-563,-562,-561,-560,-559,-558,-557,-556,-555,-554,-553,-552,-551,-550,-549,-548,-547,-546,-545,-544,-543,-542,-541,-540,-539,-538,-537,-536,-535,-534,-533,-532,-531,-530,-529,-528,-527,-526,-525,-524,-523,-522,-521,-520,-519,-518,-517,-516,-515,-514,-513,-512,-511,-510,-509,-508,-507,-506,-505,-504,-503,-502,-501,-500,-499,-498,-497,-496,-495,-494,-493,-492,-491,-490,-489,-488,-487,-486,-485,-484,-483,-482,-481,-480,-479,-478,-477,-476,-475,-474,-473,-472,-471,-470,-469,-468,-467,-466,-465,-464,-463,-462,-461,-460,-459,-458,-457,-456,-455,-454,-453,-452,-451,-450,-449,-448,-447,-446,-445,-444,-443,-442,-441,-440,-439,-438,-437,-436,-435,-434,-433,-432,-431,-430,-429,-428,-427,-426,-425,-424,-423,-422,-421,-420,-419,-418,-417,-416,-415,-414,-413,-412,-411,-410,-409,-408,-407,-406,-405,-404,-403,-402,-401,-400,-399,-398,-397,-396,-395,-394,-393,-392,-391,-390,-389,-388,-387,-386,-385,-384,-383,-382,-381,-380,-379,-378,-377,-376,-375,-374,-373,-372,-371,-370,-369,-368,-367,-366,-365,-364,-363,-362,-361,-360,-359,-358,-357,-356,-355,-354,-353,-352,-351,-350,-349,-348,-347,-346,-345,-344,-343,-342,-341,-340,-339,-338,-337,-336,-335,-334,-333,-332,-331,-330,-329,-328,-327,-326,-325,-324,-323,-322,-321,-320,-319,-318,-317,-316,-315,-314,-313,-312,-311,-310,-309,-308,-307,-306,-305,-304,-303,-302,-301,-300,-299,-298,-297,-296,-295,-294,-293,-292,-291,-290,-289,-288,-287,-286,-285,-284,-283,-282,-281,-280,-279,-278,-277,-276,-275,-274,-273,-272,-271,-270,-269,-268,-267,-266,-265,-264,-263,-262,-261,-260,-259,-258,-257,-256,-255,-254,-253,-252,-251,-250,-249,-248,-247,-246,-245,-244,-243,-242,-241,-240,-239,-238,-237,-236,-235,-234,-233,-232,-231,-230,-229,-228,-227,-226,-225,-224,-223,-222,-221,-220,-219,-218,-217,-216,-215,-214,-213,-212,-211,-210,-209,-208,-207,-206,-205,-204,-203,-202,-201,-200,-199,-198,-197,-196,-195,-194,-193,-192,-191,-190,-189,-188,-187,-186,-185,-184,-183,-182,-181,-180,-179,-178,-177,-176,-175,-174,-173,-172,-171,-170,-169,-168,-167,-166,-165,-164,-163,-162,-161,-160,-159,-158,-157,-156,-155,-154,-153,-152,-151,-150,-149,-148,-147,-146,-145,-144,-143,-142,-141,-140,-139,-138,-137,-136,-135,-134,-133,-132,-131,-130,-129,-128,-127,-126,-125,-124,-123,-122,-121,-120,-119,-118,-117,-116,-115,-114,-113,-112,-111,-110,-109,-108,-107,-106,-105,-104,-103,-102,-101,-100,-99,-98,-97,-96,-95,-94,-93,-92,-91,-90,-89,-88,-87,-86,-85,-84,-83,-82,-81,-80,-79,-78,-77,-76,-75,-74,-73,-72,-71,-70,-69,-68,-67,-66,-65,-64,-63,-62,-61,-60,-59,-58,-57,-56,-55,-54,-53,-52,-51,-50,-49,-48,-47,-46,-45,-44,-43,-42,-41,-40,-39,-38,-37,-36,-35,-34,-33,-32,-31,-30,-29,-28,-27,-26,-25,-24,-23,-22,-21,-20,-19,-18,-17,-16,-15,-14,-14,-13,-12,-11,-10,-9,-8,-7,-6,-5,-4,-3,-2,-1,0
-3.70537671847967e-11,2.80179166622436e-10,-2.11055322297174e-10,2.61047863386922e-10,-4.41925939747642e-10,-1.64207181882976e-10,2.94486227613989e-10,-1.44520326576833e-10,3.2649026185831e-11,-2.68827470778199e-10,-2.22918457325175e-10,1.89513939063445e-10,8.37880637940138e-11,3.33131902194747e-10,3.33314458531531e-10,-7.39441808302434e-12,-1.27188214242577e-10,5.15257607432113e-10,2.17081423463496e-10,-7.1134833154432e-11,-9.97610470229623e-11,-4.26146601203673e-11,-3.32739998219751e-10,-4.7248908377308e-10,3.17376327554789e-10,-1.77124558863939e-10,1.22201442781146e-10,2.53302128134569e-10,-1.04521506136747e-10,-1.05951749255034e-10,3.14949774787461e-10,-4.76388588424084e-10,3.83486258329942e-10,8.61771045540293e-11,-7.06147554900971e-11,3.08215282279921e-10,4.27371856400494e-11,-1.33876010550642e-10,-1.81995510914104e-10,2.71088077988202e-10,1.66447894706771e-11,-2.56983858169381e-10,-6.4595235028078e-11,-5.72316857882559e-10,9.06474192287379e-11,1.87179524989545e-10,2.09013481719983e-10,3.81254135764277e-11,1.38954018787339e-10,-3.83755983104687e-10,-9.62524791746767e-11,1.60176894484699e-12,8.57451866142238e-11,-3.77051168201469e-10,-8.96016539282977e-11,-2.45264403818103e-11,2.98920578453e-11,-4.13845078446818e-10,-1.51732558326662e-10,-6.92416471925051e-10,1.378360884026e-10,3.49465943559334e-10,1.38142653278279e-10,-2.22721806592961e-10,-2.46357530525329e-10,4.24431009655855e-10,-3.21131482420214e-10,-6.71012528894533e-10,-1.75592969270859e-10,1.4886730889558e-10,1.219661923615e-10,8.13494915308345e-11,-2.78636519798585e-10,-2.07441459309935e-11,2.27390822638827e-11,-2.39230182514273e-10,-1.59536244559737e-10,2.7781733016169e-10,-3.55173059781898e-10,-2.24605981096612e-10,-2.34427789787247e-11,4.61659494644365e-12,3.20103803548729e-10,4.6942532839068e-10,1.65047269029003e-10,3.37184728771753e-11,-2.43191487173699e-10,9.31067712557532e-11,-1.27283509167101e-10,-9.20697303890446e-11,-2.98409140271952e-10,2.71914629844605e-10,-2.43727067933744e-10,-8.37099622706119e-11,-3.58220938724487e-11,-3.94220157767648e-10,4.47091694869946e-10,2.26090420576121e-10,-2.35301852941151e-10,-1.74591075049088e-11,-9.44321581805558e-11,7.28740916807137e-12,2.64093295299128e-11,-6.51485037237964e-10,-2.02541682645664e-10,-1.27277211907209e-10,-4.12567426524376e-10,-2.00043813022547e-10,-4.52720480665186e-10,7.49631984301318e-11,1.93229925907038e-10,2.22493741741513e-10,1.15275294205085e-10,5.10508631386578e-10,2.21865659046162e-10,-9.72151140066055e-11,3.20365796368118e-10,-1.3468160333546e-10,1.90610787839199e-11,-1.29936434899444e-10,-2.50418654919587e-10,-6.36771582538791e-11,-1.17045949766967e-10,8.40358562847558e-11,-1.66464203504223e-10,-1.44147686626974e-10,-5.67358707178124e-11,-2.62936808126629e-10,2.37964999890237e-10,6.16892497778493e-10,2.66944325228788e-10,1.63191797517395e-10,4.42352387628353e-10,-2.04327851930727e-10,1.59526880089587e-10,5.68676202931697e-10,2.77023570159424e-10,-1.96810766612608e-10,3.12632469660561e-10,-2.12684559321585e-10,-1.15401790036283e-10,-4.60843614587911e-11,-2.00132298304079e-10,2.1076973121721e-11,1.30505145674542e-10,-1.48536027355075e-11,-3.4367814290569e-10,2.25765786329686e-10,-3.90177553632763e-10,-4.06932163767548e-10,3.00019327118399e-10,-2.13215733893699e-10,-1.05871853146482e-10,-1.69222721755155e-10,-1.73624959517744e-10,-5.20193120570382e-11,3.1571317214529e-10,2.69201351480322e-10,4.22358155646883e-12,2.7783298276631e-10,-7.69123852756408e-11,-4.74379248795086e-10,1.28763283281532e-10,-1.78425665481995e-10,-1.03735486049877e-10,-3.18581725158699e-10,3.48161966796936e-10,6.46881949553308e-11,1.61616820699653e-10,-3.94655997190135e-10,4.27008872517954e-11,3.47148314238388e-10,-5.77006100683442e-11,3.61102257787697e-10,-2.23056266920036e-11,-5.75356478600708e-11,-2.40987918513721e-11,5.21907127559078e-11,-7.20639393326759e-11,2.59989539316073e-10,-3.31181227711201e-10,4.68407414301928e-11,1.69743185902623e-10,-1.08425831974738e-10,-3.54806779519987e-10,-1.40855263260319e-10,-3.36922149587418e-10,2.59351120125267e-11,-2.27761451836697e-10,3.02158210802606e-11,-2.67478672357335e-10,3.7308022465691e-11,2.86269461579625e-10,1.32282098419311e-10,1.08665950641438e-10,-2.42988701292817e-10,3.18312506568738e-11,-1.21989163026675e-10,-6.17131620704889e-11,1.38528622994473e-10,2.16703293580425e-10,1.45429487663455e-10,6.4950237035043e-10,3.88532515617675e-11,-1.66982929567643e-10,2.45521393824661e-11,-3.48233344833195e-12,3.22881863461131e-10,9.3618258572307e-11,3.92312017853615e-10,-5.58712711987728e-10,9.23711318656243e-11,-3.21293285945037e-10,-1.90298487349416e-10,-6.07135047386782e-11,-1.42784524282642e-10,-5.1620508747833e-10,3.46039572445021e-10,-3.76354639126503e-11,-1.0755533674543e-10,-4.17079147284664e-10,2.27561069128098e-10,1.7480439556254e-10,2.64149866150115e-10,3.9322351788318e-11,-5.65102809797797e-10,1.07342432757707e-11,-1.77111497518119e-10,4.36848135607998e-10,1.90143994965542e-10,1.10334573231199e-10,1.42549825222359e-10,7.327490849153e-11,2.84046524625283e-10,-7.82341779473124e-11,-1.3298051163261e-10,-5.26956972293206e-11,-2.40583942480747e-10,-2.68595245628096e-10,-2.52692065406664e-10,7.728501782187e-12,2.6943930855e-11,-1.57083478507654e-10,6.30364978349537e-11,3.5887640643738e-10,-1.17438596481356e-10,2.26045622383732e-10,-2.34970669628594e-10,-3.0685262958972e-10,-2.69518226602982e-11,1.34601621196499e-10,-2.23385721146642e-10,-3.32407671415459e-10,5.06240579475464e-10,-6.4026929037101e-10,2.82622959161265e-10,3.06937917265913e-10,-1.64440644179943e-10,-2.22214932596547e-10,1.1234102091208e-10,-1.29988643276745e-10,2.98388236908068e-10,-3.2340934192576e-10,-1.32705962497338e-11,-2.93237748630395e-10,-1.05478442874054e-10,-3.74368032848246e-12,-1.60700323061533e-10,1.30727549101579e-10,3.30705571133839e-10,-2.41380591490606e-10,-2.7818678993681e-10,1.12101138996585e-10,1.79400850755867e-10,6.02122668585105e-11,-2.31228870067961e-10,1.43364921459081e-10,6.72359573624712e-11,-1.24467306545464e-10,-3.70712320474064e-10,-1.83750808877777e-10,3.27747868361342e-10,-2.57228445681334e-10,3.1047925447726e-11,1.88834472045176e-10,4.59019481962132e-10,2.06509285184135e-10,-8.95448989087479e-11,-1.84283489175221e-11,-1.73975223650489e-10,3.63258954793415e-10,-1.91670542640531e-10,1.97425021155615e-10,-6.43871997493374e-11,-8.96113294788335e-11,-1.73943130632064e-10,-4.15761967924948e-10,-3.05310185817491e-10,5.87875342405839e-11,-1.84427570111461e-10,-1.1456877190969e-10,2.29237335728857e-10,9.93134483643257e-11,-5.87432374968393e-10,-1.59223469879691e-11,-1.22118526303784e-10,-2.32767111630731e-10,2.59812291190126e-10,2.07982233418375e-10,2.17609201330097e-10,-3.07627792776669e-10,-3.05138470726919e-10,-6.65219075853445e-12,3.68154447491491e-10,-2.06511064214739e-10,6.54440724828013e-11,1.75191009957673e-10,8.96752909703684e-11,2.20144625880664e-10,-3.06376040072361e-11,-1.07754396254618e-10,2.03825644881766e-10,7.10858051674282e-10,2.2444320135435e-11,-2.5625607572981e-10,-1.63692000107909e-10,5.45081800018127e-10,1.56751618351724e-10,-2.07672158181888e-10,1.48586490130377e-10,-1.95909243233748e-10,-1.19380346083761e-10,-2.32085109210809e-10,-2.18605391054516e-10,-1.77614718132868e-10,-1.55821360542441e-10,2.90722133493896e-10,2.59340899037694e-10,-2.66595979207988e-10,-2.072426874648e-10,1.55553883567358e-10,-2.97325423072258e-10,3.24699400035778e-10,-1.97990858465711e-10,1.71779267133787e-10,-9.94063924977287e-12,2.25313875091285e-10,-8.98918414223915e-11,-1.51983665682841e-10,-2.61600304571228e-10,1.25490077059241e-10,-5.06252606282606e-11,2.01029155076987e-10,1.02579007702535e-11,1.2477052425167e-10,2.60421259147361e-10,6.09014066975178e-11,3.25952955339367e-10,2.53112526641477e-10,-1.11261125637996e-10,1.31424238324889e-10,1.27922377885113e-10,3.35309635945768e-11,1.4046075543542e-10,1.37072067429915e-10,2.12693786600184e-10,-8.40591901893369e-12,-1.37685315595317e-11,-2.62677559221969e-10,2.28669645319643e-10,3.99976451717006e-11,-3.50826619177367e-10,1.46694140818679e-10,-2.85046271856752e-10,2.24334135483268e-10,2.21620460705307e-10,-6.94287395136774e-11,-4.53836764486629e-10,1.00160583021193e-10,1.70673289768155e-10,-2.50576689626821e-10,3.30124982295639e-11,-1.46571603861055e-10,-4.85100668221632e-10,-2.47577963644542e-10,-5.15735379800882e-11,1.3387801442834e-10,-8.07268800474759e-11,7.77601440591253e-12,-1.19024904754438e-10,-2.41999602418363e-11,9.00352355962861e-12,8.95076280601894e-11,-4.06169372316807e-10,-1.4732467075001e-11,3.47198442085275e-11,1.76401947954695e-10,1.07813602443583e-10,8.95841416989041e-11,4.7000192112413e-10,1.2450160097339e-10,3.37950244798882e-11,-1.02927154041683e-10,3.94485037786765e-11,2.04576359867969e-10,-2.34774937851515e-11,1.2941999645479e-10,-3.37385684837967e-11,5.74506576572699e-10,1.41237342465177e-10,-3.14905232108649e-10,-3.45520886078401e-10,-2.90602706545483e-10,2.65519688704042e-10,2.10594960518928e-10,-3.14098657301504e-10,7.46549930299882e-11,2.08175199108623e-10,-4.83103256569786e-10,-5.2880623174485e-11,1.62882192021979e-10,2.38757953433062e-10,-1.3494285369912e-10,-2.44251655240568e-11,1.31710079629334e-10,1.14944472306065e-10,1.64261241504954e-10,4.26629770211117e-10,-2.4704878591406e-10,-2.52901024833173e-10,9.52611769588325e-11,-1.07943611076711e-11,-1.99160601993008e-11,2.49361095423868e-10,2.35499771315471e-10,-4.34003391246034e-11,-3.41843542882544e-10,6.91891104054912e-11,3.24659695321605e-11,1.18481585620574e-10,-1.35179789468076e-10,8.38389044059078e-11,-6.60754463030134e-11,1.1269517869339e-10,1.23370585573835e-10,1.4224836512173e-10,2.76256264155941e-10,-6.21508744200645e-11,1.16806033576772e-10,-1.28664074953832e-10,-2.94888827438539e-10,1.19973654381711e-10,4.59115993345627e-10,4.71972782730569e-11,6.63136621916368e-11,-1.5572169751177e-10,1.70859724950055e-10,2.14593220339079e-10,5.2342105266202e-11,-4.31659293227868e-10,-1.79270305339443e-10,2.49511747057821e-10,9.82949709122408e-11,-3.28776661389961e-10,4.7528645924646e-10,8.99213105509324e-12,-3.49073859335525e-10,1.31659025601246e-11,1.80008071230378e-10,4.89689426393243e-11,1.06231399699664e-10,1.92803510559402e-10,-1.2860031819976e-10,5.06404803417058e-10,-2.06993927996541e-10,-4.80539787995003e-11,2.10045052535622e-10,1.63907225579176e-10,-4.61044768974659e-10,2.1394300421099e-10,-1.91488261488313e-10,5.27211288189224e-11,-3.53660734901437e-10,5.25272954001987e-10,8.68460912035617e-11,1.58957302170769e-10,-4.92395383269356e-11,4.64823196258869e-10,-6.52958698598125e-10,3.46368772260172e-10,-8.15619200928261e-11,5.23876786986885e-10,-2.91972281845352e-10,2.94457689349042e-10,-2.42525691085873e-11,2.23910503034267e-10,3.08108829420596e-10,3.14826878639132e-10,-1.31460677904891e-10,-7.65031417073772e-11,2.93580196657402e-10,7.95272347562332e-11,2.76975648608746e-10,2.6472431133611e-10,3.59122569168491e-11,-5.2958099416723e-11,-1.20918232107799e-10,2.95052774039259e-10,-5.91787441250353e-11,2.16552721835591e-11,2.63357441402566e-10,2.48233291088543e-10,1.03667970075691e-10,1.27754323559502e-10,-2.30733897702997e-10,-1.25320985216623e-10,2.51138464554208e-10,-1.07705793576259e-10,1.59774290797333e-13,2.69927050646398e-10,2.88088325521357e-10,-3.43573375039533e-10,-4.86470959722912e-11,-2.63943713756375e-11,-1.16649222526087e-10,-1.67117198443203e-10,8.50847102834847e-11,8.24625703897143e-11,-7.04611411517394e-11,2.164940646543e-10,-1.91612406158608e-10,-2.14598859467705e-10,1.95703158447602e-10,2.81563269665127e-11,-1.10639822547888e-10,-3.54703910671437e-11,-1.23542760030739e-11,-1.3531304880945e-10,-1.73431937729587e-10,5.21377562125008e-11,6.65968688944831e-10,1.51652171459439e-10,-3.04516579242642e-10,2.39313689504962e-11,-1.72235295598622e-10,-2.2167254227767e-10,8.05772721579866e-11,1.13510824901493e-10,-5.38989601683154e-11,6.69505782601832e-11,-2.65418291233757e-10,-4.64083230247551e-10,-9.18448961714266e-11,9.21354935568196e-11,2.45486583232042e-11,-1.55496269980264e-10,1.57119160078877e-12,1.96490518817034e-10,6.32705370641911e-11,-2.27311411838428e-11,6.49414864384428e-10,-4.28778564337871e-10,-4.58868244501269e-10,-4.59629689496854e-10,-4.21638026427536e-10,-6.71484586213609e-11,1.20779090447838e-10,1.23650681297004e-10,4.33896640618444e-11,7.14299250609984e-11,-4.52214364220427e-11,-2.20233849938788e-10,3.34530221403392e-10,1.19210596827877e-10,2.91698475036687e-10,3.49368476886359e-10,5.67477872526601e-11,3.43989896921773e-10,-4.76002866844296e-10,-3.54566152898717e-11,-2.70262431426092e-10,-8.21955665061101e-11,-1.62815948398623e-10,-2.37559862338765e-11,-8.8639569808518e-11,-9.88716484525166e-11,-9.75569162307732e-11,3.0055501792198e-10,4.42649255043322e-10,4.07705149475949e-10,2.15214841607575e-10,1.17448100313065e-10,9.43957124899199e-11,2.63945266773817e-10,-1.52294275265736e-10,-6.78104447312822e-11,5.8387401718839e-11,7.92076334771362e-10,1.88651674923683e-10,1.95377598574288e-10,1.08020658485848e-10,3.5492781590133e-11,1.78570785837527e-11,-1.57491855741655e-10,8.81631161870632e-11,3.14584986466263e-10,-2.69103407909488e-11,2.9408438245502e-10,-1.88004247902537e-10,3.18169448791628e-10,-5.41357370686872e-11,-3.86639489899281e-10,-1.35823293537584e-10,-6.82514052808721e-12,-1.45358825715778e-10,7.36239761567324e-12,-1.51837617819348e-10,1.63215846230015e-10,-1.30237882850855e-10,-1.63334833398715e-10,-7.28056598692445e-11,-7.90699843864249e-11,9.04355370590689e-11,-8.50541366201212e-11,8.893315817013e-11,9.66297540796187e-11,-1.94246853110688e-10,-2.14666639223543e-10,-1.43019699056868e-10,3.42297279644691e-10,-1.08231263080473e-10,-2.33609499181542e-10,1.40988574389174e-10,-1.47634480342917e-10,1.78910427474524e-10,-5.64923827444045e-11,3.70060356020735e-10,1.52413918762307e-10,3.94262317373226e-10,-3.09115221631898e-10,-5.76953712445005e-10,-1.60977862195443e-10,-4.23827937687284e-11,-1.71063649467924e-10,4.91493096666426e-11,2.36597473082929e-10,1.92714159085714e-10,2.04584296321961e-10,-8.86952320050406e-11,-2.70642955297568e-10,-1.0914956812755e-10,2.46208923550911e-10,-2.2873475484924e-10,2.02714919362374e-12,2.45409865808766e-10,-8.658237793955e-11,3.82796124418906e-11,8.95347851420137e-11,2.08124486069158e-10,1.85337614594434e-11,-2.54893915718237e-10,8.9459445854206e-12,-2.04262791274566e-10,-1.33924121257767e-10,8.57972233638182e-12,-4.57309704550741e-11,-2.29134040804314e-10,-2.96386127997413e-10,-2.18115707053076e-10,9.02507380391602e-11,5.12432567103543e-10,-7.32022532869157e-11,5.01872518430599e-10,1.60649215162776e-10,-3.66126460017177e-10,-1.26770564978882e-10,-1.93191944366716e-10,-3.03989772976756e-10,4.09183991383638e-11,-1.92072745182002e-12,1.54802140402731e-10,-1.86907593233044e-10,-1.97574251154573e-10,-2.27793403849037e-11,-4.63672529976141e-10,3.16652397680563e-10,-9.40852934708515e-11,5.2754242157525e-11,1.32419156550045e-10,3.02251869538074e-10,1.92969526705382e-10,2.4445355284177e-10,4.20534388310485e-10,-2.7784227646809e-11,2.75266973477781e-10,1.34722551766949e-10,3.40839099065484e-10,-4.26037132600045e-10,-1.22770643222514e-11,-3.20371121983716e-10,3.34187030501602e-10,-2.59500298225716e-10,4.2749430382166e-10,-9.62574616471847e-11,-2.11149810525269e-11,1.76282890212017e-10,-1.91312262205573e-10,-1.14476384670796e-10,-3.02044953134758e-10,4.714036373997e-11,1.31762930389548e-11,-2.42785204787342e-10,-1.54390203820814e-10,-1.45568166317462e-10,1.14673014725539e-11,-2.42371122181244e-10,2.68356290291726e-10,3.2186163870506e-10,-2.49408357932719e-10,-1.77618738323171e-10,1.60053528088214e-10,-1.65683204012541e-10,-1.99386747257664e-10,-1.60394604363547e-10,-1.18170233132873e-10,3.70044051968781e-11,-2.26766937293735e-10,-1.55651169061578e-10,-5.18239819525104e-11,-2.75519419336897e-10,-4.46170117749424e-10,1.10752881792188e-10,1.85502076319678e-10,1.48772371452915e-10,-1.00456655752159e-10,3.00677715788865e-10,2.291871782114e-10,-2.9982269176763e-10,2.08417081776762e-10,-3.18826040433077e-10,-2.69744140380222e-10,-1.27167186578949e-10,-3.58312614665268e-10,2.67683980182568e-10,1.35856290616546e-10,2.49271829118566e-11,1.94129374446627e-10,-9.38629055870976e-11,8.54982183820295e-11,2.31559752767313e-10,-3.49628556958325e-11,-1.29767679035509e-10,-1.45740336254532e-10,2.53139048197182e-10,2.56140152957222e-10,4.55349347835113e-10,-1.4302324946881e-10,4.93544578198691e-10,-2.96298479462006e-10,4.00680546552306e-11,4.55736461154395e-10,-1.51929224932429e-10,4.91205515747315e-11,2.74793414603757e-10,6.52592586426708e-10,-3.41366700806406e-10,-3.97772960005083e-10,-2.30430576361571e-10,-2.05400957959487e-10,1.32363353372625e-10,1.01618364661619e-11,-2.40600830503218e-10,2.53824781052415e-10,-1.06299048909674e-10,-2.05488057530866e-10,7.13598434624596e-11,2.26405954876533e-10,2.79821208459518e-11,-5.57321917204283e-13,-1.16468560183512e-10,-1.52606788712331e-10,1.25055981906512e-10,4.10543862790272e-10,5.95840682215712e-11,-1.12594533435891e-10,1.63514203662746e-10,-1.62730560008086e-10,9.94887075064116e-11,2.20636201707698e-10,-2.3282034399875e-10,2.4452599236958e-10,1.11354262008008e-10,-1.58685941676294e-11,1.22965383848207e-10,1.30434558167742e-10,-9.44117940432931e-12,1.03220026228811e-10,4.28021024341569e-10,-9.83459342739122e-11,-2.26868441365862e-10,4.38642942047764e-10,6.54120049822639e-11,-2.06192711997938e-11,2.01761597785699e-10,2.49920938719189e-10,-1.10035478197655e-10,2.15581887211513e-10,-2.72865131148822e-11,2.09060507303229e-10,-2.87232551390352e-10,-4.04681023354764e-10,5.6426048765847e-10,-9.14152571767737e-11,3.89968920422573e-10,-7.42450802898783e-10,-5.17207723184941e-10,9.75948270902208e-11,4.85163508680958e-10,3.25909696565551e-10,8.74145876740478e-11,5.89852949512515e-11,3.75464410554214e-10,4.84269023637348e-10,8.35864864549254e-11,4.09236966685439e-10,-2.90315665172928e-10,-1.51787055481555e-10,1.59812897113299e-10,2.23999859194921e-10,-6.01097821326465e-10,-3.43055681112251e-10,-1.62392689506575e-10,1.32985959869439e-10,8.06567675724904e-11,2.12478036161929e-10,-3.10064321473415e-10,3.5611523750787e-10,2.87109625454408e-10,9.13559093399855e-11,-3.76496806503554e-10,-1.72262679751843e-10,9.09253835506664e-11,4.76596092952847e-11,-8.88682807065723e-11,6.83199268750454e-10,3.25164652211214e-10,-3.11705039712468e-10,3.65106098087742e-10,-3.6348031586699e-10,4.11525701169824e-11,-1.85806470912161e-10,2.38971783337022e-10,-3.46813636718411e-10,1.94985209438636e-10,-2.14918054321528e-10,-2.20726342017288e-10,3.47247673164801e-10,-9.34115937248922e-11,1.6189971496585e-10,1.11695212882803e-10,2.46747828988159e-10,2.82405850377888e-10,-1.46553722293996e-10,-2.51103100050437e-10,-1.60274661971163e-11,1.36699502193961e-10,-1.66231666163422e-10,-5.47789653942175e-10,3.94836657723841e-10,-3.16776709302615e-10,3.17556631854012e-10,-3.75106805584265e-10,6.58732274703074e-11,-4.06122725274447e-10,3.4199158242233e-10,-1.9379419672326e-10,-7.0120727170108e-11,1.40662559403381e-10,-2.49473239680288e-10,-1.39356896363827e-10,1.1498985021953e-10,-4.33897799618109e-11,7.94447883543902e-11,-2.16383991102839e-10,2.2782601339852e-10,2.36808332585031e-11,-1.95977745081397e-10,3.23624994473314e-10,2.39924975730452e-10,2.59956357456394e-10,1.92249994853462e-10,1.36069377958702e-10,2.35570146432746e-10,5.19089471907794e-10,3.66513591573606e-11,1.4704138062326e-10,3.52366959160046e-11,1.28060317070814e-10,-1.51990310862652e-11,-3.28656633395011e-10,1.83620714327079e-10,7.31348406510948e-11,-3.67491491455995e-10,-2.62430549286094e-10,-7.58032428633014e-11,-3.53477836072445e-10,9.55438526117235e-11,-1.07020170087169e-10,-3.26948001024976e-10,3.42973075332447e-10,2.26342400763731e-10,-1.14185496990002e-10,-6.42958191265526e-11,-3.66774812571251e-10,4.04878589740907e-10,-5.82725435912794e-11,-8.63997784663869e-11,-5.30406662774128e-10,-6.00715716244446e-10,1.0053186368641e-10,-8.56398184332929e-11,-2.13867980722474e-10,7.70203155755214e-11,-3.78595977937632e-10,3.49670725704957e-10,-1.52637563430221e-10,1.27095000755435e-10,4.37505139892448e-10,2.67051869859624e-10,1.61767089607802e-10,2.82253172273079e-10,-1.10385308688344e-10,-4.17409399865278e-10,4.36598266430659e-10,-3.33363750124029e-10,-7.58986347762436e-11,-3.88310778932091e-10,-1.64702989892186e-10,-2.78595423134689e-10,5.09625875828571e-10,2.82291274310872e-11,-3.18832185013927e-12,-1.31379793153206e-12,-1.15883620279656e-10,-9.65503402539689e-11,1.00918956743322e-10,-9.86329453758715e-11,-9.92049661510944e-11,-1.09691218921861e-10,2.5263415307785e-10,2.00958362479824e-10,-9.96885059934584e-11,1.35478367424908e-11,7.97908078195191e-13,3.55479068474247e-10,9.15620161341323e-11,2.18640278527087e-11,6.56318233243123e-11,-8.30982945869665e-12,-1.60106020266855e-10,-1.90867591236723e-11,-3.68237266868587e-10,1.2463704689521e-10,-1.36932229833347e-10,-1.22839957728053e-10,-1.69050644328059e-10,-3.94711096091329e-11,-2.73088746259003e-10,-8.57428844852978e-11,-2.99358046061187e-10,-3.57612525206479e-10,-1.08439091255603e-10,-5.0904843822429e-10,5.25055624460635e-10,-1.31075870721733e-10,4.3706454463449e-11,1.70225457844758e-10,-1.24849254815305e-10,-2.95198176130619e-11,2.95331471782882e-10,-2.79786050246122e-10,-3.77557683354652e-10,-4.83382835738467e-10,-8.18160030470435e-11,7.7425277825176e-11,1.03622450277728e-10,1.6537851150377e-10,4.47924305916861e-10,-1.76315878878022e-10,7.05723221087187e-11,4.00784056973888e-10,1.47703127987172e-10,-4.39632012685337e-10,1.10370305312366e-10,4.23286730451876e-10,-1.26567242152294e-10,1.20958167768232e-10,-1.85598139883737e-10,2.08054753355451e-10,3.09734156130531e-10,1.65674377528881e-10,-3.09457395651468e-10,-3.59622222759956e-10,1.45300381780402e-10,1.51315268533283e-10,1.23160189353662e-10,-5.00616327596948e-12,7.65950457288742e-11,2.51981222328608e-11,-3.23353574460173e-11,6.36751016154662e-11,1.20137959261519e-10,1.83534361775557e-10,2.36195818098824e-10,-1.41968263655497e-11,-1.48328279351709e-10,7.9774263245351e-11,-8.53880990509441e-11,-5.19512444496563e-10,9.92030305864442e-11,-1.74207382855074e-10,-5.4977692121328e-11,-8.53853440447726e-11,3.95297154854011e-10,-2.46164289872195e-10,4.92145547818942e-10,-2.41932671101084e-10,2.24419104895352e-10,-5.08583342642715e-10,2.96718291643125e-10,-1.01657476671944e-10,3.42470059751469e-10,-3.85573307947246e-10,-6.35457899745394e-10,-3.27245629835908e-10,3.56051103809675e-10,7.7700007253303e-11,1.91803007097461e-10,-1.65395890595112e-10,-1.6994257277389e-10,1.72157893230708e-10,6.48238013343327e-10,3.31885092078524e-10,5.04782716146657e-11,2.35456746720923e-10,2.3713817944668e-10,8.50372028454094e-11,7.43361185151537e-10,1.50386511834153e-10,4.66021882069742e-10,3.55710000452507e-10,-5.00748495654022e-11,2.34781992794216e-10,5.45963715951177e-10,4.11250145907718e-10,-2.06717795067678e-10,4.08630753869475e-10,9.25941886831605e-11,-1.64971041316455e-11,1.24636119700666e-11,-5.85052804931905e-11,-6.51811753327011e-11,-4.15594726273652e-11,-3.63574030598458e-10,7.79253192004463e-11,-7.18195578002323e-11,3.31691815022215e-12,3.7681211970164e-10,-4.42330328527674e-10,4.66479212885574e-10,1.54407270383227e-10,3.40132386325293e-10,-2.15026960794029e-11,-3.25920447546961e-11,-1.87567116813506e-11,-6.38282353543925e-12,1.77291597425755e-10,3.92367702965511e-10,1.84090675024433e-10,7.01369577298116e-10,5.8411813982782e-10,6.57405489335119e-10,5.6467091546221e-10,9.38376477650921e-10,1.04096217451095e-09,2.00242139695495e-09,1.50502369754327e-09,2.22530753382615e-09
