v,0.25
Patm,100000
g,9.81
r,500
G,10^10.37
rho,2100
mu,10^4.25
rc,22
 
M,10^6.01
sigma,0.25
 
tilt_erupt,12.5766nrad
 
-1361,-1360,-1359,-1358,-1357,-1356,-1355,-1354,-1353,-1352,-1351,-1350,-1349,-1348,-1347,-1346,-1345,-1344,-1343,-1342,-1341,-1340,-1339,-1338,-1337,-1336,-1335,-1334,-1333,-1332,-1331,-1330,-1329,-1328,-1327,-1326,-1325,-1324,-1323,-1322,-1321,-1320,-1319,-1318,-1317,-1316,-1315,-1314,-1313,-1312,-1311,-1310,-1309,-1308,-1307,-1306,-1305,-1304,-1303,-1302,-1301,-1300,-1299,-1298,-1297,-1296,-1295,-1294,-1293,-1292,-1291,-1290,-1289,-1288,-1287,-1286,-1285,-1284,-1283,-1282,-1281,-1280,-1279,-1278,-1277,-1276,-1275,-1274,-1273,-1272,-1271,-1270,-1269,-1268,-1267,-1266,-1265,-1264,-1263,-1262,-1261,-1260,-1259,-1258,-1257,-1256,-1255,-1254,-1253,-1252,-1251,-1250,-1249,-1248,-1247,-1246,-1245,-1244,-1243,-1242,-1241,-1240,-1239,-1238,-1237,-1236,-1235,-1234,-1233,-1232,-1231,-1230,-1229,-1228,-1227,-1226,-1225,-1224,-1223,-1222,-1221,-1220,-1219,-1218,-1217,-1216,-1215,-1214,-1213,-1212,-1211,-1210,-1209,-1208,-1207,-1206,-1205,-1204,-1203,-1202,-1201,-1200,-1199,-1198,-1197,-1196,-1195,-1194,-1193,-1192,-1191,-1190,-1189,-1188,-1187,-1186,-1185,-1184,-1183,-1182,-1181,-1180,-1179,-1178,-1177,-1176,-1175,-1174,-1173,-1172,-1171,-1170,-1169,-1168,-1167,-1166,-1165,-1164,-1163,-1162,-1161,-1160,-1159,-1158,-1157,-1156,-1155,-1154,-1153,-1152,-1151,-1150,-1149,-1148,-1147,-1146,-1145,-1144,-1143,-1142,-1141,-1140,-1139,-1138,-1137,-1136,-1135,-1134,-1133,-1132,-1131,-1130,-1129,-1128,-1127,-1126,-1125,-1124,-1123,-1122,-1121,-1120,-1119,-1118,-1117,-1116,-1115,-1114,-1113,-1112,-1111,-1110,-1109,-1108,-1107,-1106,-1105,-1104,-1103,-1102,-1101,-1100,-1099,-1098,-1097,-1096,-1095,-1094,-1093,-1092,-1091,-1090,-1089,-1088,-1087,-1086,-1085,-1084,-1083,-1082,-1081,-1080,-1079,-1078,-1077,-1076,-1075,-1074,-1073,-1072,-1071,-1070,-1069,-1068,-1067,-1066,-1065,-1064,-1063,-1062,-1061,-1060,-1059,-1058,-1057,-1056,-1055,-1054,-1053,-1052,-1051,-1050,-1049,-1048,-1047,-1046,-1045,-1044,-1043,-1042,-1041,-1040,-1039,-1038,-1037,-1036,-1035,-1034,-1033,-1032,-1031,-1030,-1029,-1028,-1027,-1026,-1025,-1024,-1023,-1022,-1021,-1020,-1019,-1018,-1017,-1016,-1015,-1014,-1013,-1012,-1011,-1010,-1009,-1008,-1007,-1006,-1005,-1004,-1003,-1002,-1001,-1000,-999,-998,-997,-996,-995,-994,-993,-992,-991,-990,-989,-988,-987,-986,-985,-984,-983,-982,-981,-980,-979,-978,-977,-976,-975,-974,-973,-972,-971,-970,-969,-968,-967,-966,-965,-964,-963,-962,-961,-960,-959,-958,-957,-956,-955,-954,-953,-952,-951,-950,-949,-948,-947,-946,-945,-944,-943,-942,-941,-940,-939,-938,-937,-936,-935,-934,-933,-932,-931,-930,-929,-928,-927,-926,-925,-924,-923,-922,-921,-920,-919,-918,-917,-916,-915,-914,-913,-912,-911,-910,-909,-908,-907,-906,-905,-904,-903,-902,-901,-900,-899,-898,-897,-896,-895,-894,-893,-892,-891,-890,-889,-888,-887,-886,-885,-884,-883,-882,-881,-880,-879,-878,-877,-876,-875,-874,-873,-872,-871,-870,-869,-868,-867,-866,-865,-864,-863,-862,-861,-860,-859,-858,-857,-856,-855,-854,-853,-852,-851,-850,-849,-848,-847,-846,-845,-844,-843,-842,-841,-840,-839,-838,-837,-836,-835,-834,-833,-832,-831,-830,-829,-828,-827,-826,-825,-824,-823,-822,-821,-820,-819,-818,-817,-816,-815,-814,-813,-812,-811,-810,-809,-808,-807,-806,-805,-804,-803,-802,-801,-800,-799,-798,-797,-796,-795,-794,-793,-792,-791,-790,-789,-788,-787,-786,-785,-784,-783,-782,-781,-780,-779,-778,-777,-776,-775,-774,-773,-772,-771,-770,-769,-768,-767,-766,-765,-764,-763,-762,-761,-760,-759,-758,-757,-756,-755,-754,-753,-752,-751,-750,-749,-748,-747,-746,-745,-744,-743,-742,-741,-740,-739,-738,-737,-736,-735,-734,-733,-732,-731,-730,-729,-728,-727,-726,-725,-724,-723,-722,-721,-720,-719,-718,-717,-716,-715,-714,-713,-712,-711,-710,-709,-708,-707,-706,-705,-704,-703,-702,-701,-700,-699,-698,-697,-696,-695,-694,-693,-692,-691,-690,-689,-688,-687,-686,-685,-684,-683,-682,-681,-680,-679,-678,-677,-676,-675,-674,-673,-672,-671,-670,-669,-668,-667,-666,-665,-664,-663,-662,-661,-660,-659,-658,-657,-656,-655,-654,-653,-652,-651,-650,-649,-648,-647,-646,-645,-644,-643,-642,-641,-640,-639,-638,-637,-636,-635,-634,-633,-632,-631,-630,-629,-628,-627,-626,-625,-624,-623,-622,-621,-620,-619,-618,-617,-616,-615,-614,-613,-612,-611,-610,-609,-608,-607,-606,-605,-604,-603,-602,-601,-600,-599,-598,-597,-596,-595,-594,-593,-592,-591,-590,-589,-588,-587,-586,-585,-584,-583,-582,-581,-580,-579,-578,-577,-576,-575,-574,-573,-572,-571,-570,-569,-568,-567,-566,-565,-564,-563,-562,-561,-560,-559,-558,-557,-556,-555,-554,-553,-552,-551,-550,-549,-548,-547,-546,-545,-544,-543,-542,-541,-540,-539,-538,-537,-536,-535,-534,-533,-532,-531,-530,-529,-528,-527,-526,-525,-524,-523,-522,-521,-520,-519,-518,-517,-516,-515,-514,-513,-512,-511,-510,-509,-508,-507,-506,-505,-504,-503,-502,-501,-500,-499,-498,-497,-496,-495,-494,-493,-492,-491,-490,-489,-488,-487,-486,-485,-484,-483,-482,-481,-480,-479,-478,-477,-476,-475,-474,-473,-472,-471,-470,-469,-468,-467,-466,-465,-464,-463,-462,-461,-460,-459,-458,-457,-456,-455,-454,-453,-452,-451,-450,-449,-448,-447,-446,-445,-444,-443,-442,-441,-440,-439,-438,-437,-436,-435,-434,-433,-432,-431,-430,-429,-428,-427,-426,-425,-424,-423,-422,-421,-420,-419,-418,-417,-416,-415,-414,-413,-412,-411,-410,-409,-408,-407,-406,-405,-404,-403,-402,-401,-400,-399,-398,-397,-396,-395,-394,-393,-392,-391,-390,-389,-388,-387,-386,-385,-384,-383,-382,-381,-380,-379,-378,-377,-376,-375,-374,-373,-372,-371,-370,-369,-368,-367,-366,-365,-364,-363,-362,-361,-360,-359,-358,-357,-356,-355,-354,-353,-352,-351,-350,-349,-348,-347,-346,-345,-344,-343,-342,-341,-340,-339,-338,-337,-336,-335,-334,-333,-332,-331,-330,-329,-328,-327,-326,-325,-324,-323,-322,-321,-320,-319,-318,-317,-316,-315,-314,-313,-312,-311,-310,-309,-308,-307,-306,-305,-304,-303,-302,-301,-300,-299,-298,-297,-296,-295,-294,-293,-292,-291,-290,-289,-288,-287,-286,-285,-284,-283,-282,-281,-280,-279,-278,-277,-276,-275,-274,-273,-272,-271,-270,-269,-268,-267,-266,-265,-264,-263,-262,-261,-260,-259,-258,-257,-256,-255,-254,-253,-252,-251,-250,-249,-248,-247,-246,-245,-244,-243,-242,-241,-240,-239,-238,-237,-236,-235,-234,-233,-232,-231,-230,-229,-228,-227,-226,-225,-224,-223,-222,-221,-220,-219,-218,-217,-216,-215,-214,-213,-212,-211,-210,-209,-208,-207,-206,-205,-204,-203,-202,-201,-200,-199,-198,-197,-196,-195,-194,-193,-192,-191,-190,-189,-188,-187,-186,-185,-184,-183,-182,-181,-180,-179,-178,-177,-176,-175,-174,-173,-172,-171,-170,-169,-168,-167,-166,-165,-164,-163,-162,-161,-160,-159,-158,-157,-156,-155,-154,-153,-152,-151,-150,-149,-148,-147,-146,-145,-144,-143,-142,-141,-140,-139,-138,-137,-136,-135,-134,-133,-132,-131,-130,-129,-128,-127,-126,-125,-124,-123,-122,-121,-120,-119,-118,-117,-116,-115,-114,-113,-112,-111,-110,-109,-108,-107,-106,-105,-104,-103,-102,-101,-100,-99,-98,-97,-96,-96,-95,-94,-93,-92,-91,-90,-89,-88,-87,-86,-85,-84,-83,-82,-81,-80,-79,-78,-77,-76,-75,-74,-73,-72,-71,-70,-69,-68,-67,-66,-65,-64,-63,-62,-61,-60,-59,-58,-57,-56,-55,-54,-53,-52,-51,-50,-49,-48,-47,-46,-45,-44,-43,-42,-41,-40,-39,-38,-37,-36,-35,-34,-33,-32,-31,-30,-29,-28,-27,-26,-25,-24,-23,-22,-21,-20,-19,-18,-17,-16,-15,-14,-13,-12,-11,-10,-9,-8,-7,-6,-5,-4,-3,-2,-1,0
-1.95837668608812e-10,2.39881093709685e-10,4.49295566797617e-11,3.19257057732908e-10,-2.25175475536679e-10,-3.30786573016164e-10,-8.72765644723905e-11,-1.53326061274892e-10,7.3471400141668e-11,-1.80045167806351e-10,-7.91156818923486e-11,2.31617229043628e-10,-9.64224438493825e-10,-2.6568286298495e-11,-3.68336077903743e-11,-4.01715092335899e-10,-2.70750568216192e-10,8.16928717575132e-11,-6.64400851566692e-11,3.54192026669002e-10,-7.67034057045334e-11,1.69393327608898e-10,-5.92113696471657e-10,-5.12899301273145e-10,7.48430875193524e-11,4.98016899847174e-11,-1.91807100922074e-10,2.31473544892729e-10,1.28674120208309e-10,1.53029252495187e-10,-7.60687122247342e-11,-8.13863722379792e-11,-2.83762741996104e-10,-5.83833016265804e-10,6.93664061677229e-11,-3.56091438267966e-10,-1.20719558812054e-10,-4.9876030754577e-10,5.6092343691061e-10,2.90747749604341e-10,-8.56752532472514e-11,3.4604331475369e-11,-2.00381377310747e-10,-1.8096450594613e-10,-5.90923045749168e-11,-2.08429382119395e-11,3.21851044296695e-10,6.73507988348391e-12,-2.21678891099289e-10,-3.26685265924034e-11,-6.86858883062176e-12,3.30941036537703e-10,3.82665315007935e-11,-2.8144313839269e-10,6.28503855187803e-13,-5.63316454969837e-10,-2.89966537420092e-10,1.27332144428986e-10,-1.37115171992583e-10,-1.72284007630162e-10,3.23307556484881e-10,3.25160175582465e-10,1.54781726731157e-10,-1.84776095046542e-10,1.94737158559895e-10,2.69521906768061e-10,1.71262041602103e-10,1.16198421822391e-10,-5.33153447252968e-12,-3.75301493367209e-11,5.46320464977935e-11,2.44352660132506e-10,-2.79511327132926e-10,-2.21377899799632e-10,3.49129429647979e-10,2.14387536290743e-10,1.77653295965315e-10,2.61124970636045e-10,1.49305970091832e-10,6.41780213499359e-10,5.1453451768631e-10,1.27925533679663e-10,8.3947994393292e-11,1.88726770334666e-10,1.03763057941057e-10,4.35449812609736e-10,1.74829910679239e-10,2.37191846391072e-11,-2.74693419068852e-10,2.23284698230815e-10,5.90771377224034e-10,3.80969894498777e-11,2.89930501753644e-10,2.3161128832662e-10,-1.74643975640043e-10,2.29797632212353e-10,6.38135348688514e-11,1.43277946165399e-10,-8.23268967370224e-11,9.46858209495508e-11,2.35927001066517e-10,-2.15540836522628e-10,-6.02349411383419e-11,-2.04547036580631e-10,-9.03566779592899e-11,6.71948480570285e-11,-2.9414470651296e-10,-4.24338442329037e-10,-1.49938902777555e-11,-2.56323713688164e-10,-3.87312833017753e-10,-1.69424599632378e-10,2.58711911793115e-10,-4.34214341455475e-10,9.58295075936492e-11,2.75480930948426e-10,3.32955733042151e-10,-1.26648735675991e-10,2.67261125423187e-10,2.19744052810684e-11,-6.77402083960311e-10,-2.41396343136736e-10,-3.79206276336601e-10,1.44624327247463e-11,4.18086312911647e-10,-9.15163531202104e-11,-3.45049724715552e-11,1.93188543254194e-10,-4.08999470509914e-11,-1.27096980258929e-10,7.8656626698841e-11,-1.96050114554721e-10,-6.23666042667578e-11,2.53719414266127e-10,-3.11486916334061e-11,6.16594587144106e-11,-5.02399064933828e-10,-5.33288355195217e-10,3.95880350052217e-11,5.83375199977527e-11,4.80137120687192e-10,3.74903453492317e-10,-1.66036665701132e-10,4.09508863574614e-11,2.15139585830072e-10,3.64732588711372e-10,-5.85044364735152e-11,-1.45521355206278e-10,4.68068831428806e-10,4.75355848704107e-11,-3.70023293362379e-11,4.82517611812586e-10,-4.85087760667401e-11,9.31734763361821e-11,-4.17964262350835e-10,-1.7923537365864e-10,-2.37718301679773e-10,-2.50990726615551e-10,-1.75236125075847e-11,-2.84045866762334e-10,-8.06945844023317e-11,6.26782794472935e-11,-8.38760304982935e-11,-2.62257941301196e-10,2.81257355532013e-10,-2.27137637086379e-11,9.30025060130449e-11,-1.07701820702478e-10,3.4154850788153e-10,1.0039582737491e-10,1.84481664121488e-10,-3.76026723356645e-10,1.36361020532138e-10,-3.77828571912505e-10,3.13882270867244e-11,1.55747130698308e-10,-3.49668300068386e-10,1.97086615218806e-10,-2.39371002361956e-10,-1.52531052286747e-10,-1.85757988978716e-10,5.05139938001582e-10,3.39418508301901e-10,-2.16124761357349e-10,2.13566650514873e-10,-3.70678335108111e-11,2.58971872383659e-10,-2.18165199977682e-10,2.87346153505809e-10,8.8952534999467e-11,3.94331897450991e-10,-2.79870028022062e-10,3.19311656324936e-10,4.87035813884907e-10,-6.09181787913801e-11,5.4942715050575e-10,-1.99688043957995e-10,2.17622911994519e-11,-1.65547188492902e-10,1.60200183497937e-10,-2.7796073186794e-10,2.12105054476834e-10,-1.41066173354551e-11,6.34715105949824e-11,-3.48556666912355e-10,-3.12873482761871e-10,-2.94053119227283e-10,-2.42656054407056e-10,-3.63054588006284e-10,-4.94888001684739e-10,-4.4442334348889e-10,-2.34205793399281e-10,1.625341819395e-10,3.13872659942336e-10,-4.26121211176765e-10,3.60430905110397e-10,-3.34725612030558e-10,7.02146162553101e-11,1.24784234441989e-10,3.70875994534997e-10,2.66200984410217e-10,2.29277099503828e-10,-6.38341071393269e-11,1.93975666386758e-10,3.48562020813146e-10,4.00385385572418e-10,4.85479764615972e-11,-3.63338765854016e-10,-2.11544666622085e-10,1.22991816287634e-10,1.23517556848378e-10,1.16794619672786e-10,-2.0679751814771e-10,7.88057870212904e-11,1.7504333800884e-10,3.36226522322062e-10,3.66755447415971e-10,2.34234389435605e-10,1.19568293040305e-10,2.77534649881783e-10,2.07890363921685e-10,1.71731833659181e-10,-1.3575916321002e-10,-3.72064105936022e-10,-3.48588042789953e-10,8.66938126925625e-11,2.61745713133287e-10,-3.38481952250231e-10,-2.15349158297895e-10,-8.26918494532086e-11,2.56393947855792e-10,3.16683499021936e-10,2.22561320993566e-10,-4.24238101384502e-10,-2.66131998134873e-10,3.11330748477253e-11,-1.50488457585681e-10,-7.01579432089047e-10,-1.31954554712296e-10,-4.58297838934629e-10,1.05690985244051e-10,-3.79267388950347e-10,2.03116992175505e-10,-5.43816067999768e-11,3.77510580860039e-10,2.60548878053906e-10,-2.51578711159238e-10,-1.30815010904833e-10,1.40293755319492e-11,4.05509172921229e-10,-5.54199281798323e-11,-2.51480887499135e-10,-8.18962497235324e-11,1.16919789501537e-11,2.50102824163301e-10,-2.40699240896281e-10,-1.42540658078842e-10,-1.8535438473054e-10,-3.86141045482137e-11,5.22464304779127e-10,-2.06102489637643e-10,7.67472249173383e-11,-1.80247734047308e-10,1.5061419016568e-10,2.03040898910206e-10,-2.47437632671234e-10,-7.89541217459774e-12,2.01625203535514e-11,-7.76259511859405e-11,-2.36720717099549e-10,-1.51282795898478e-10,-1.31637056530014e-10,4.11378358155172e-10,-2.6663202080039e-10,-6.61521136814422e-10,6.3078136868831e-12,-6.31658268499093e-11,5.25893773992944e-11,1.21059787899701e-10,-3.48189491933272e-12,-2.90038531165613e-10,2.66387985178179e-11,1.52045347340923e-10,-1.11448219950593e-11,-4.88032491290709e-11,-1.93005185533785e-11,2.09224722103659e-10,-5.75299756145629e-11,-4.35183955801457e-10,1.93745053168298e-10,-4.42526493777132e-11,3.90176137066477e-10,-7.04759163291525e-12,4.10564359290112e-11,-2.20374826369592e-10,5.63547838834251e-10,1.63302816832331e-10,1.72329496301775e-10,1.04078551790337e-11,-2.8845217802958e-10,2.21035105195093e-11,-3.21095592553929e-10,8.10309779625586e-11,-8.39523511873758e-11,-3.42971123731375e-10,3.01413174641032e-10,-2.47003434681801e-10,2.30491842591042e-10,9.06726210536274e-11,-3.4041550409388e-12,3.3870407514788e-11,-3.24762697715256e-10,5.50339418120895e-11,5.81901810763706e-10,7.23516645859719e-11,1.96069967628195e-10,-2.31540444353628e-10,-1.16221067188431e-10,-2.56393085623638e-10,-9.121480265349e-11,1.06883035745569e-10,-5.27627456507583e-11,9.47342059401924e-11,1.97098787869664e-10,2.51337033647879e-10,1.8420344207277e-10,-1.18526223638475e-11,-2.16619969330701e-10,2.41116829148634e-10,1.23746416591169e-10,-2.90169427640809e-11,-6.08635798648941e-11,-4.06306422043533e-10,-2.45817162683833e-11,1.25766607139525e-11,-8.13524073777648e-11,1.14110696533846e-10,2.59611754288792e-11,-2.37948924417381e-10,-8.38438896398547e-11,-2.21322719497495e-10,7.50934554213495e-11,-1.08175708412582e-10,-1.0617626215933e-10,1.8907239077862e-10,-6.39563006758393e-10,-6.28738458584084e-11,-1.4626480835517e-11,-1.50400587437446e-10,-3.99188009044684e-11,-1.44405752324313e-10,-2.54840568701618e-10,8.61966948225253e-11,-4.45116225686983e-10,2.8620391786566e-10,7.52351161505487e-10,-3.58532456799495e-11,3.04199975521798e-10,-1.70916351713067e-10,-5.76997330762717e-10,-3.6274768944682e-11,1.13277512705562e-10,-2.5218761812906e-10,-3.36312306121381e-10,1.76063231346516e-12,2.10702627897241e-10,2.41885525975823e-10,1.47617148857224e-10,1.25657707940099e-11,1.4861984294701e-10,-1.78973482429504e-10,2.1558520326134e-10,-4.10324801990016e-11,1.57908290201e-10,6.36221547799685e-11,6.6095971767572e-11,5.39031111481e-11,-5.70660986219039e-11,8.48730566333298e-12,-2.64713638781343e-10,5.33665697533673e-11,-3.1570409280139e-10,5.78905077261066e-11,-2.7223494336966e-10,-2.57853748387971e-10,-8.28785704090012e-11,-1.03133385740989e-11,-6.80364153588152e-11,3.96939944818133e-10,2.64211263937879e-10,2.24683822807553e-10,2.6926732865778e-10,1.558440031385e-10,4.05731251580284e-10,1.46910797091645e-10,1.23764411283913e-10,1.97186906638659e-10,-2.78633919248251e-10,7.20111033318242e-11,-7.11288471157689e-10,-1.34766636023252e-10,-7.27333677473466e-11,4.27459537893683e-11,1.08850988225091e-10,-4.0369863183764e-10,1.2403105133548e-11,-8.95539386885604e-11,1.30320094497529e-10,2.37583734966671e-10,-2.06207252006567e-10,8.22208137582338e-12,-1.58348339712952e-10,3.18283064009305e-10,2.00432026616337e-10,-2.9329788978533e-10,9.74323714585268e-11,1.894158001924e-10,1.60294123098417e-10,7.94588054834933e-10,1.92276572637568e-10,-6.91301770363267e-11,6.6891018161648e-11,7.80993983141582e-11,-1.48454565288001e-10,1.01370250928477e-10,2.89445384589353e-10,1.43635968507094e-10,-6.16787959638068e-11,3.12467814786164e-10,2.54844240175169e-10,1.30715771401601e-10,1.54756473646609e-10,1.33561440051101e-10,-3.61014307360621e-10,2.29986534171566e-10,4.75907193003951e-10,2.92313312316536e-10,2.58840844875215e-10,-7.02498916647725e-11,-1.29054643359924e-10,-3.2485765616853e-10,2.59015573436112e-12,4.89444186100137e-10,2.76409013422231e-10,3.64147904493726e-10,3.17287799482295e-10,5.1695946118251e-10,-2.42774641035426e-10,-6.70023645995578e-11,8.03655258296032e-11,3.66803220727739e-11,2.47761183173415e-10,-1.66019403235586e-10,3.24918112159732e-10,2.05708959539533e-10,-2.68982155792734e-10,-1.93895814571896e-10,-2.6628052644891e-10,-2.01871202785821e-10,1.22882255796551e-10,2.42740302073784e-11,4.20972668325984e-11,2.3414431865678e-10,-1.58920432312046e-10,-1.19278619647432e-10,-1.38135515472759e-10,-1.69578997208339e-10,-6.1365949230609e-11,1.95114094808644e-10,2.06639362837825e-10,-5.90390382449423e-11,-2.39785782006928e-10,-1.09679466463898e-10,1.39344435013427e-10,-3.26946608725798e-10,-6.05113893632394e-11,-2.02776257015145e-10,-3.52387147914247e-10,3.56808636628982e-10,8.24834768098414e-12,-7.71095380430083e-11,-2.14579507133854e-10,-2.2490371112073e-10,4.16221686117456e-10,8.91643769784767e-11,6.57312427579383e-11,-4.90874651052799e-10,2.07042794411888e-10,1.49202901788941e-10,-6.35367550609071e-10,9.02326191674676e-11,-1.38266195789556e-10,-2.26275782658184e-10,-2.71862341984815e-10,3.90228050188964e-10,5.08988802978312e-10,5.16484187164384e-11,-1.31560083174587e-10,-5.27714465759313e-11,1.25346959348996e-10,3.05751543269044e-10,-4.21411615725889e-11,3.3163419811978e-10,-2.26878418251001e-10,-1.04123982388622e-10,-5.57765750197633e-11,-3.38558367393292e-10,2.05395692271394e-10,-2.65127161399119e-10,-2.97989010241444e-10,-9.89352397723496e-11,4.95053900487633e-11,-1.97876269933857e-11,1.22622368695146e-10,-3.00123576787976e-10,-1.47145678298678e-10,4.6548639204416e-10,2.92668648081029e-10,-3.78454625486423e-10,-2.16870652925269e-10,-1.2324018914906e-10,-5.73663684053496e-11,1.20177303868883e-10,1.62238393380109e-10,-3.25844524294354e-10,-4.55419590569467e-11,1.47333378277334e-10,2.36305833313437e-10,5.0411343281719e-10,-7.86249488714168e-11,1.17874060575165e-10,1.93608464174658e-10,5.78997365815506e-11,-1.14075262755864e-10,-8.13108845596036e-11,1.02893541736322e-10,2.95355808865033e-10,-1.31791790202204e-10,-5.72208194901178e-11,-1.93049102141757e-10,-1.5954661760617e-10,2.32852401860152e-10,5.90980454043407e-10,-1.52292216558622e-11,-3.15467375932811e-11,-2.95290787235242e-10,3.13038651171278e-11,-4.37482988308273e-10,3.5330458695524e-12,-2.68680371334683e-10,-2.36945217818357e-10,-2.98719185176364e-11,5.138645524848e-10,1.6456921906864e-10,-2.58959602497184e-10,4.03749196972238e-10,-4.25615239175579e-11,3.81265277028057e-10,-7.10967693437694e-11,9.17143600083248e-11,7.36938972814027e-11,-1.69802581994494e-10,2.80902093431252e-10,5.85422142420819e-11,-1.79809061562218e-10,-1.00641580230206e-10,8.90583621946284e-11,9.2224180601934e-11,-1.36442396487929e-10,4.21948240551428e-10,2.43740689860664e-10,2.76922000393758e-10,-2.72797961876211e-10,-3.30959203600794e-11,-3.31618573453193e-10,1.28369474938945e-10,-4.93500428988133e-10,1.17215860352542e-10,-4.35872376802515e-12,4.30588135272375e-11,-1.89412072504347e-10,-9.06613474287227e-11,-2.05336613414916e-10,2.59445082458903e-10,-1.92437528664169e-10,4.74940739763097e-10,2.87149972332484e-10,-1.90159744341241e-10,2.66964209005016e-10,1.01232108747069e-10,4.71822280487216e-10,-2.9668884500096e-10,7.48925586742663e-11,4.65319624766015e-10,-1.37997050082872e-10,-6.08325460561934e-10,7.38305732869251e-11,1.44875100457719e-10,2.35850363497929e-10,-6.95186377129364e-11,-3.0421061579885e-10,-4.3576207246369e-10,-1.76154563269762e-10,-2.69980814546009e-10,9.39619671523532e-11,2.98013603110023e-10,7.49744173703073e-11,-3.53561934621583e-10,-4.02943573963561e-11,-6.40026116571673e-11,-3.3526236904113e-11,-1.50573984211714e-10,1.06824540823731e-10,3.49245739788868e-10,-1.33118772577978e-10,2.8506860561416e-11,1.68471462942915e-10,-4.28767706519734e-10,-3.09737362816399e-10,9.91783880004741e-12,-1.71327302139585e-10,1.27934630594948e-10,-1.04257080835542e-10,-3.12747871866403e-10,-1.67290002659852e-10,8.55522276762547e-12,-1.08708887760845e-10,4.35444568855643e-10,5.77056792265327e-11,-9.40584683114946e-11,-8.76803673975397e-11,2.97490105687202e-10,6.89256905278527e-10,-1.2153449404395e-10,-5.71161558646812e-11,3.92375642570576e-10,1.23376819015466e-10,-2.81740945418593e-10,5.80902766025234e-11,9.00661595655563e-11,7.98836146657855e-11,-2.07136836230975e-10,-1.3953975580187e-10,5.93847212394848e-10,3.3297657903091e-10,-1.11030539345522e-10,-1.24442383690539e-11,-1.25657970219257e-10,1.37457468223511e-10,-1.04963929400684e-10,1.23789811176145e-10,4.9124226423682e-11,1.42462396083889e-10,-2.77773771476992e-10,-4.63652010163632e-10,2.64513316649056e-10,-3.02844562563297e-10,-7.98977843168582e-11,4.86461069990684e-10,1.78806538528532e-10,1.65807919122633e-10,-5.0387354583523e-11,-1.51944232795097e-10,-9.23585931963586e-11,1.53243524814076e-10,-9.40543310705584e-11,-4.49903302716705e-10,-1.63902188462299e-10,-3.78967622201713e-10,2.89311970776964e-10,2.12458048474257e-10,-2.6582199786617e-10,4.67494292679973e-10,5.27790576627362e-11,9.76494064098781e-11,-1.20021860747197e-12,8.80656508724977e-11,4.32612086611249e-10,-3.28444015044753e-10,-1.83066185764031e-10,-3.39442532296081e-10,-2.32439895089385e-11,4.64393163597383e-10,-4.46062936293641e-10,2.16601466388713e-11,-2.65558114910109e-10,-2.34774025460399e-11,-1.59995564407459e-10,-7.8996519114763e-11,1.08106093579269e-10,-7.17505309859402e-11,4.43894939760006e-10,4.93639098479096e-10,-4.19597296069578e-10,2.14200886068203e-10,1.22676083422368e-10,1.04001981179901e-10,-4.17054163254593e-11,-1.22982881931334e-10,8.49827031703996e-11,-2.42238287187295e-10,4.63286263107903e-10,-3.79187803732175e-10,9.47095568919963e-11,2.22845716146298e-10,-1.84992033392831e-10,6.26864225253089e-11,2.83681200320168e-10,8.38989935582716e-12,-1.71500100379675e-10,1.42985541272134e-10,-5.63659991645658e-12,3.33143964830587e-11,1.82570465263598e-10,2.26781740004742e-11,9.1145755702658e-11,1.86620431136518e-10,-8.09211022202268e-11,1.83314960731639e-10,-1.26752358549315e-10,3.47506188405847e-11,-1.11999044149042e-11,-8.01315009679423e-11,2.99690547742934e-10,-7.36831158835115e-11,-3.4471105065211e-11,2.57782022951859e-10,5.74359021496058e-11,-2.14884919480505e-10,2.37797458437624e-10,2.51841134236201e-10,2.49537659198727e-10,2.54272693608437e-10,5.442841643433e-10,2.90794860490902e-10,-5.19994250762343e-11,9.97049856167109e-11,3.62762698159409e-10,-8.32518867746509e-11,1.67792451916919e-10,3.38978696537127e-10,-6.07679702638535e-11,4.05483740474902e-11,-3.1105026457848e-10,-7.6064550550232e-11,4.74919215549551e-11,-3.68513350850328e-10,-3.21278853786177e-10,-1.65890752311987e-10,4.6862706286369e-10,2.08045421841879e-10,-1.46227411665751e-10,3.74322955020848e-10,-1.48307148491473e-10,2.23914659536668e-10,4.93544083783203e-10,-1.79557225459925e-10,-1.73308164233962e-10,-2.23700035763498e-10,2.40052019099814e-10,-2.09408192646285e-11,1.71756266829903e-10,-7.69572263063408e-11,9.54846808578958e-11,6.88162311003445e-11,-2.33774216993017e-11,1.01308779066722e-10,-4.06110915933552e-10,-9.69941112505543e-11,3.08928563698818e-10,-3.91133939823908e-10,1.5216492264061e-11,5.83006014222529e-11,-3.66641458870462e-10,-1.7640252228796e-10,1.67575837286287e-10,-1.00173536691479e-10,-3.74174257786416e-10,-2.51274997945437e-10,-1.23924080480399e-12,1.10418658800154e-10,-4.75309087844619e-11,4.58334151903385e-11,2.99869176370355e-10,2.00350292070584e-10,-1.69778593152137e-10,-9.38691840505035e-11,1.98501372454289e-10,1.62721432415573e-10,-4.54442188421723e-11,-2.83070350366039e-10,6.19758692513185e-10,6.85538484169567e-11,-5.56499388270619e-10,3.40052857196419e-10,-4.65423912452057e-11,1.29149542619429e-10,-1.17063055674449e-10,-4.4119505465609e-10,1.12827519820537e-10,-2.96868410514747e-10,1.31621487941577e-10,-3.52133083484189e-10,2.66139339143563e-10,9.01211346814641e-12,-6.92185278101904e-12,1.07878691021871e-10,-8.01829407046516e-12,1.39367492142588e-10,-1.98909754064727e-10,3.26691298221155e-10,-1.73551025405613e-10,1.04143865275353e-10,-1.66230101795318e-10,3.4955717302581e-12,-1.1427266671349e-10,-1.06044258106657e-10,4.12936543321016e-10,-1.45455183255034e-10,-9.18312937550087e-13,-4.13903206601943e-11,-4.41552068068383e-10,2.05561608990912e-10,1.23382371439784e-10,-3.55416582384641e-11,2.69832204139103e-10,-1.49975041029528e-10,2.39507947089264e-11,5.23663716016058e-10,-3.1620868047403e-11,2.69225866240723e-11,6.59874164773856e-11,9.35242995728872e-11,-5.0685906045385e-10,1.90601463305248e-10,2.67088126776099e-10,1.96585972223018e-10,2.05049385794777e-11,-2.94182593297445e-10,4.3967929674652e-11,2.71450624269657e-10,-1.86301077194899e-10,-1.03925519610588e-10,3.09266145300679e-10,-4.70499905112766e-10,6.40515511123753e-10,-2.58306456450905e-10,1.37886962181613e-10,-5.34356348169362e-11,4.58306300026835e-10,1.38027297127851e-10,9.88257129112385e-11,4.54772407876464e-10,-3.65029444931478e-10,-1.49506556993562e-10,1.7713021515934e-10,3.28481015657986e-12,-5.28252759605337e-11,3.28912359262654e-10,-6.78700191471079e-10,-2.17672624761943e-10,-2.86293936880885e-10,-3.55998287928863e-10,-3.00574809233005e-10,-2.29215480410606e-10,-1.66013667853026e-10,1.25706734357502e-10,1.07790069309966e-10,8.09984803182457e-11,-3.66646097411506e-10,3.64371059782088e-10,9.19657277512343e-11,3.0956625624474e-11,1.90688644333361e-10,-5.03436671355586e-11,2.53906418000337e-10,2.07589633997983e-10,3.7752465331927e-10,6.9242014800897e-11,-5.90707135116972e-11,-4.035990276272e-11,-5.69911069777923e-11,-1.71934546316342e-10,1.04492883268946e-10,8.38670567729861e-11,-3.5751056752901e-10,-4.71502883443129e-11,3.70718497419132e-10,-2.61973265629186e-10,2.76629200129675e-10,2.64710418979147e-10,-6.19936383635089e-12,-3.21418310572717e-10,1.38195775410622e-10,-1.92088932585139e-10,1.10824023393302e-10,5.19899673295299e-10,-1.38145764554532e-10,-2.78026314614258e-10,-6.59106327921568e-11,1.68706900398012e-12,1.01426202023348e-10,-2.29791787807002e-10,3.73443034094575e-12,2.27434137909665e-10,5.44562641934408e-11,-2.33762705350762e-10,-2.64889233014207e-11,1.15487047079609e-10,-3.69640923914919e-10,-4.87238563624534e-10,3.26352338469033e-11,-2.82289276614185e-10,1.74449710565623e-10,-4.90885534324074e-10,1.89726938855754e-10,-4.78474336330658e-10,-2.61617874295996e-10,-2.24439438512806e-10,-2.80020527568093e-11,6.72334202156692e-11,2.78454662497868e-11,-6.46026461812859e-10,-2.42464860521784e-10,-2.84593088418335e-10,3.49500729787444e-10,-2.59988086160248e-10,-5.02612327104764e-10,-1.25101520772955e-10,9.929407332881e-11,-2.41813372127794e-10,-7.28368454899118e-11,8.17651767288e-11,1.73449160749e-10,-2.08581637270509e-10,2.27661749762382e-10,-4.05289186061214e-11,-2.40770770847986e-10,-3.25646169659242e-10,-2.92437374813714e-11,-4.05447400080789e-11,3.14843973186659e-10,-7.31708043736988e-11,-1.58185076365306e-11,-1.44227175951198e-10,2.5817576088623e-12,3.70172843446154e-10,2.06154514071748e-10,-9.03968345342841e-11,1.59990317794655e-10,1.0316283537027e-10,-1.69123608314283e-10,-3.09343743301761e-10,-4.85177406826205e-10,-9.55135630814118e-11,3.04436339899452e-11,-7.3878187587197e-11,-3.9123702875587e-10,-3.69358716514183e-10,1.44920385218749e-10,-1.38926934176825e-10,-2.71872217123937e-10,-2.58383131492977e-10,-2.41207643385155e-10,1.26541477377608e-11,-5.63394195317982e-11,2.34732094200535e-10,-1.40171748879921e-10,-3.68369634699342e-11,2.05675174308793e-10,2.83976281316608e-10,-3.3590259127459e-13,1.00154035989743e-10,-4.23031187909953e-10,1.31908767917619e-10,-1.22340093559471e-10,3.00482265496444e-11,-3.09182303818431e-10,2.51100204048493e-10,-3.34343415080149e-10,-1.9898910894918e-11,1.77799934321218e-11,4.12706049990567e-10,-8.01885597324776e-11,-1.80607762162008e-10,9.37195594747343e-11,1.6307456588931e-11,3.30200981174886e-11,-2.00927804495139e-10,2.10325585408855e-12,6.48526662055588e-11,1.52302051021815e-10,-1.9785185400477e-10,-3.72333909302855e-11,2.32229683384793e-10,1.36711166307297e-10,2.79388276368281e-10,-2.60262045846947e-11,-2.29520148008507e-10,-6.04353030556472e-11,-1.87310250044614e-10,-1.97948291974562e-10,1.91448385535425e-10,-3.65719111502462e-10,-2.66149488589272e-10,-2.89063589647159e-10,4.75071404488841e-10,-2.96979433435542e-10,-5.31189924879638e-10,-6.04828625838666e-11,2.40309990626312e-11,-2.23579466792047e-10,-3.1966131757522e-10,-1.28561098246697e-10,3.02764367270711e-10,-8.34013918873591e-11,-3.51051049886906e-10,-1.54074685098045e-10,3.25486767132892e-10,4.99710270905026e-10,8.52947641080521e-11,-2.07076808293974e-10,-9.03659093804976e-11,-2.27443401798546e-11,-1.24328225709086e-11,1.93666869522206e-10,-1.37767573116033e-10,1.65852464499534e-11,1.67396897180835e-10,3.2123353304566e-10,6.22208265697251e-11,-5.41932580875749e-10,-1.67814568770727e-10,-4.25836723364722e-11,1.95078502609384e-10,-1.69780223259916e-10,4.26654796035101e-10,-1.46588802058245e-11,-7.04709708136697e-11,-2.80767463746396e-10,-1.18565678059175e-10,-8.83057441862108e-11,5.25196819233037e-10,-2.66190168494299e-10,1.61785888048251e-10,-5.77504853711975e-10,6.38567265374279e-11,1.42418385458719e-10,1.18584673253364e-10,8.4299094079159e-11,-6.69738018554855e-11,3.33350686416468e-10,-1.94060583568451e-11,-1.57300635942914e-10,1.76266514178968e-10,9.48313992112378e-11,-2.23442795411578e-10,-8.11724387231699e-11,-3.99709724326195e-10,-1.85361698761537e-10,4.73734825638264e-11,-4.4853533098024e-10,-2.16762269624573e-10,1.23655300629421e-10,-1.23937251295537e-11,1.00820151481588e-10,-3.93929526373117e-11,1.68259107356906e-10,-1.98864585157966e-10,3.05957005098178e-10,1.88806724207366e-10,-2.57827987740228e-10,-1.92370181474418e-10,1.52142308312023e-11,-7.24810380696437e-11,-5.40282129858845e-11,2.66361432292329e-10,5.1781488869506e-10,-1.03911281663857e-10,-1.54211204301388e-10,4.80003836150733e-10,-3.38387698685041e-10,-2.8687058961947e-10,-7.57769367987654e-12,3.27229488632441e-11,4.84347020345745e-10,-1.84044243900474e-10,-1.96182541052365e-13,-2.33279936896623e-10,-1.88370227857328e-10,4.45795082961557e-11,-5.34328331842496e-10,-3.74531897147607e-10,-2.6389371875733e-10,2.03001069044721e-10,7.48187189404803e-11,-2.24056587520606e-10,3.74092176561616e-10,1.09531164797591e-10,-1.17335649950363e-10,1.38329671674718e-10,6.03285902480123e-11,1.25101080505431e-10,9.83636848901566e-11,4.30672909705935e-11,-7.15754724736729e-12,1.35832715354111e-10,3.04094564283476e-10,8.07362903708724e-11,1.61612675561997e-11,4.43077394008521e-11,5.54362145276779e-12,-8.72107118193479e-11,-2.83127720100233e-10,-8.28837047195662e-11,7.9985636176077e-11,-4.17080139895675e-10,2.2490861033878e-11,1.10460514373935e-10,1.52363888265005e-10,1.4888569273852e-10,-2.11871037463914e-10,7.44318489575455e-11,-7.22175243854987e-11,1.1523951037422e-11,5.23488260218262e-10,-5.01819045597918e-11,2.2234337067796e-10,3.27859266301329e-10,4.23349034251504e-10,-5.11507008375387e-13,-5.29328821307568e-11,2.00104202110799e-10,-1.70187709834354e-10,-2.49596183479333e-11,-2.90787872210078e-10,-3.20148651575423e-10,-2.05328553137254e-10,-3.56717137424576e-10,2.80159899288043e-11,-2.20797827077633e-10,1.23434888735563e-10,-6.61876520708946e-11,-4.81729988274331e-11,2.61208778978032e-10,1.89157916529239e-11,-1.42735076318059e-10,1.91516798543176e-10,7.05219845471007e-11,-1.39001184355496e-10,-2.59014669488716e-10,-1.69290621184155e-10,-8.09421717658304e-11,-4.34732699835371e-11,-2.14389749042068e-10,-3.2613143287862e-10,1.65715504130509e-10,1.40237363774267e-11,-7.41875537438134e-11,8.40329048991652e-11,-1.66278488185859e-10,1.92530913578533e-10,-5.01867813464027e-10,-1.2905573612819e-10,-2.87242085958188e-10,-1.00970459249023e-11,2.92173083454407e-10,-2.4161294937788e-10,-6.82913278965512e-11,-9.51371580935607e-11,2.24628684441361e-10,-8.25924945295034e-11,1.65372879620461e-10,-1.08969562358392e-10,-1.69828832056031e-10,1.54874438371542e-10,1.3878297602089e-10,1.14470507730427e-10,-2.66786524084019e-10,1.50853710701477e-10,-1.17302682348773e-10,-9.51980581379881e-11,-1.51893019314704e-10,-5.78223935547049e-11,-4.40493088039892e-10,-4.96769000681155e-10,-5.66347359614629e-10,4.71319729642205e-11,-3.16687524213085e-10,3.5810294170238e-10,2.91819163024757e-10,-2.91928580992415e-10,-7.55373615095174e-11,3.56237270960879e-10,2.04977165903389e-10,5.16863439946734e-11,9.15427218962662e-11,-3.78354188118672e-10,2.29078331920007e-10,-3.63465435120548e-10,-4.52931801596267e-11,-2.75772407059333e-11,4.92533821143598e-10,4.78765977377039e-10,3.06872185293361e-11,3.70057044048603e-11,3.47725351891944e-10,2.32207640412847e-10,-1.2389414197602e-10,6.39165360740956e-10,6.0666746811293e-10,2.86338423077316e-10,5.80829569850398e-11,1.1598318400694e-10,1.89987490988398e-11,1.07602420022582e-10,-3.59671737641813e-11,-4.87042942876528e-10,8.43264334654348e-11,-6.10156802714763e-11,-5.44904493148513e-11,1.61160176180493e-11,3.24794719212027e-10,1.31047743017304e-10,-1.86618373084723e-11,-3.9016919985818e-10,-1.8706480726396e-10,6.35474010661076e-10,-1.28734860308444e-10,1.15943711124962e-10,2.91637982087042e-10,2.34872213417264e-10,8.49529702909866e-12,-2.19711044892216e-10,4.24372118658512e-10,1.70778109812942e-10,-1.36345984311039e-10,-8.09019527546345e-11,2.57689831781014e-10,1.11456106499095e-10,-2.28576352471278e-10,-3.72631277521218e-10,-7.47601857724628e-11,2.89040361232573e-10,1.15452056061997e-10,5.62967198830657e-11,-1.4680194553613e-10,-6.20278732398048e-11,-2.7042344694296e-10,-7.6986727956048e-11,6.18976596844764e-11,1.11218630632136e-10,-3.38933346207722e-10,3.90767772905177e-10,-1.57759577251413e-10,2.10287403973797e-10,-3.2125360516294e-10,-2.74561171401741e-11,-2.65615171051767e-10,2.28854540943474e-11,-3.04416425290389e-10,-2.28723719642077e-10,-1.4181933574793e-10,-2.61181923425813e-10,-2.10193434027128e-10,5.41845887222649e-10,-3.36072584949398e-10,-1.18751783280884e-10,6.96841194931156e-11,8.86787978302984e-11,-2.38264533089699e-11,-1.04855172998375e-10,4.74128351721323e-11,-1.32448085214732e-10,-2.99982785931892e-10,-1.97855662906018e-10,-1.66716732759131e-10,-8.71742646722088e-11,-2.21303516635466e-11,-1.667878767186e-10,-6.23610715047289e-11,-3.03279171127628e-10,1.84840813342906e-10,1.76590601146726e-11,1.09669667733193e-10,2.1607870193856e-10,-5.8653369747688e-11,9.70325803491914e-11,2.96398632119113e-11,3.91328081896959e-10,2.85570662014463e-10,3.25588623205067e-10,3.91805597195846e-10,2.22082778926445e-10,-7.87821310849497e-11,1.42646464204908e-10,4.00443041386207e-10,1.44307918252863e-10,1.33504393937675e-10,4.1407265730748e-10,2.06769793359828e-10,4.14826762935219e-10,5.64200320111063e-10,5.43897943584401e-10,9.75314261652922e-10,8.91308706006515e-10,1.15582892343276e-09,3.01849414856559e-10,8.45211715868526e-10,9.15870731069048e-10,1.36878764335137e-09,1.27559261316698e-09,1.14861148624998e-09,1.56463630914839e-09,1.25461202889976e-09,1.90017768040412e-09,1.62356186192879e-09,2.14670132007729e-09,2.2237858882379e-09,2.16209624538151e-09,2.16042414949237e-09,2.75401067563055e-09,3.10011740209365e-09,2.69566350057048e-09,3.32606122500948e-09,3.65720362017062e-09,3.70726775857474e-09,3.61783595002053e-09,4.25997229674838e-09,4.88203718130378e-09,4.50792825802994e-09,5.29050336423605e-09,5.89819210698082e-09,6.17076633721336e-09,6.40565993633676e-09,7.33490097115428e-09,7.90146344466808e-09,8.67160958797531e-09,9.59140444272202e-09,9.82862840980841e-09,1.11979195567882e-08,1.21776596129162e-08,1.27548877251472e-08
