v,0.25
Patm,100000
g,9.81
r,500
G,10^10.37
rho,2100
mu,10^4.25
rc,22
 
M,10^5.49
sigma,0.25
 
tilt_erupt,3.8572nrad
 
-1031,-1030,-1029,-1028,-1027,-1026,-1025,-1024,-1023,-1022,-1021,-1020,-1019,-1018,-1017,-1016,-1015,-1014,-1013,-1012,-1011,-1010,-1009,-1008,-1007,-1006,-1005,-1004,-1003,-1002,-1001,-1000,-999,-998,-997,-996,-995,-994,-993,-992,-991,-990,-989,-988,-987,-986,-985,-984,-983,-982,-981,-980,-979,-978,-977,-976,-975,-974,-973,-972,-971,-970,-969,-968,-967,-966,-965,-964,-963,-962,-961,-960,-959,-958,-957,-956,-955,-954,-953,-952,-951,-950,-949,-948,-947,-946,-945,-944,-943,-942,-941,-940,-939,-938,-937,-936,-935,-934,-933,-932,-931,-930,-929,-928,-927,-926,-925,-924,-923,-922,-921,-920,-919,-918,-917,-916,-915,-914,-913,-912,-911,-910,-909,-908,-907,-906,-905,-904,-903,-902,-901,-900,-899,-898,-897,-896,-895,-894,-893,-892,-891,-890,-889,-888,-887,-886,-885,-884,-883,-882,-881,-880,-879,-878,-877,-876,-875,-874,-873,-872,-871,-870,-869,-868,-867,-866,-865,-864,-863,-862,-861,-860,-859,-858,-857,-856,-855,-854,-853,-852,-851,-850,-849,-848,-847,-846,-845,-844,-843,-842,-841,-840,-839,-838,-837,-836,-835,-834,-833,-832,-831,-830,-829,-828,-827,-826,-825,-824,-823,-822,-821,-820,-819,-818,-817,-816,-815,-814,-813,-812,-811,-810,-809,-808,-807,-806,-805,-804,-803,-802,-801,-800,-799,-798,-797,-796,-795,-794,-793,-792,-791,-790,-789,-788,-787,-786,-785,-784,-783,-782,-781,-780,-779,-778,-777,-776,-775,-774,-773,-772,-771,-770,-769,-768,-767,-766,-765,-764,-763,-762,-761,-760,-759,-758,-757,-756,-755,-754,-753,-752,-751,-750,-749,-748,-747,-746,-745,-744,-743,-742,-741,-740,-739,-738,-737,-736,-735,-734,-733,-732,-731,-730,-729,-728,-727,-726,-725,-724,-723,-722,-721,-720,-719,-718,-717,-716,-715,-714,-713,-712,-711,-710,-709,-708,-707,-706,-705,-704,-703,-702,-701,-700,-699,-698,-697,-696,-695,-694,-693,-692,-691,-690,-689,-688,-687,-686,-685,-684,-683,-682,-681,-680,-679,-678,-677,-676,-675,-674,-673,-672,-671,-670,-669,-668,-667,-666,-665,-664,-663,-662,-661,-660,-659,-658,-657,-656,-655,-654,-653,-652,-651,-650,-649,-648,-647,-646,-645,-644,-643,-642,-641,-640,-639,-638,-637,-636,-635,-634,-633,-632,-631,-630,-629,-628,-627,-626,-625,-624,-623,-622,-621,-620,-619,-618,-617,-616,-615,-614,-613,-612,-611,-610,-609,-608,-607,-606,-605,-604,-603,-602,-601,-600,-599,-598,-597,-596,-595,-594,-593,-592,-591,-590,-589,-588,-587,-586,-585,-584,-583,-582,-581,-580,-579,-578,-577,-576,-575,-574,-573,-572,-571,-570,-569,-568,-567,-566,-565,-564,-563,-562,-561,-560,-559,-558,-557,-556,-555,-554,-553,-552,-551,-550,-549,-548,-547,-546,-545,-544,-543,-542,-541,-540,-539,-538,-537,-536,-535,-534,-533,-532,-531,-530,-529,-528,-527,-526,-525,-524,-523,-522,-521,-520,-519,-518,-517,-516,-515,-514,-513,-512,-511,-510,-509,-508,-507,-506,-505,-504,-503,-502,-501,-500,-499,-498,-497,-496,-495,-494,-493,-492,-491,-490,-489,-488,-487,-486,-485,-484,-483,-482,-481,-480,-479,-478,-477,-476,-475,-474,-473,-472,-471,-470,-469,-468,-467,-466,-465,-464,-463,-462,-461,-460,-459,-458,-457,-456,-455,-454,-453,-452,-451,-450,-449,-448,-447,-446,-445,-444,-443,-442,-441,-440,-439,-438,-437,-436,-435,-434,-433,-432,-431,-430,-429,-428,-427,-426,-425,-424,-423,-422,-421,-420,-419,-418,-417,-416,-415,-414,-413,-412,-411,-410,-409,-408,-407,-406,-405,-404,-403,-402,-401,-400,-399,-398,-397,-396,-395,-394,-393,-392,-391,-390,-389,-388,-387,-386,-385,-384,-383,-382,-381,-380,-379,-378,-377,-376,-375,-374,-373,-372,-371,-370,-369,-368,-367,-366,-365,-364,-363,-362,-361,-360,-359,-358,-357,-356,-355,-354,-353,-352,-351,-350,-349,-348,-347,-346,-345,-344,-343,-342,-341,-340,-339,-338,-337,-336,-335,-334,-333,-332,-331,-330,-329,-328,-327,-326,-325,-324,-323,-322,-321,-320,-319,-318,-317,-316,-315,-314,-313,-312,-311,-310,-309,-308,-307,-306,-305,-304,-303,-302,-301,-300,-299,-298,-297,-296,-295,-294,-293,-292,-291,-290,-289,-288,-287,-286,-285,-284,-283,-282,-281,-280,-279,-278,-277,-276,-275,-274,-273,-272,-271,-270,-269,-268,-267,-266,-265,-264,-263,-262,-261,-260,-259,-258,-257,-256,-255,-254,-253,-252,-251,-250,-249,-248,-247,-246,-245,-244,-243,-242,-241,-240,-239,-238,-237,-236,-235,-234,-233,-232,-231,-230,-229,-228,-227,-226,-225,-224,-223,-222,-221,-220,-219,-218,-217,-216,-215,-214,-213,-212,-211,-210,-209,-208,-207,-206,-205,-204,-203,-202,-201,-200,-199,-198,-197,-196,-195,-194,-193,-192,-191,-190,-189,-188,-187,-186,-185,-184,-183,-182,-181,-180,-179,-178,-177,-176,-175,-174,-173,-172,-171,-170,-169,-168,-167,-166,-165,-164,-163,-162,-161,-160,-159,-158,-157,-156,-155,-154,-153,-152,-151,-150,-149,-148,-147,-146,-145,-144,-143,-142,-141,-140,-139,-138,-137,-136,-135,-134,-133,-132,-131,-130,-129,-128,-127,-126,-125,-124,-123,-122,-121,-120,-119,-118,-117,-116,-115,-114,-113,-112,-111,-110,-109,-108,-107,-106,-105,-104,-103,-102,-101,-100,-99,-98,-97,-96,-95,-94,-93,-92,-91,-90,-89,-88,-87,-86,-85,-84,-83,-82,-81,-80,-79,-78,-77,-76,-75,-74,-73,-72,-71,-70,-69,-68,-67,-66,-65,-64,-63,-62,-61,-60,-59,-58,-57,-56,-55,-54,-53,-52,-51,-50,-49,-48,-47,-46,-45,-44,-43,-42,-41,-40,-39,-38,-37,-36,-35,-34,-33,-32,-31,-30,-29,-28,-27,-26,-25,-25,-24,-23,-22,-21,-20,-19,-18,-17,-16,-15,-14,-13,-12,-11,-10,-9,-8,-7,-6,-5,-4,-3,-2,-1,0
1.35934646577504e-10,1.20862328076789e-10,1.42640143117254e-10,8.92815404341614e-11,-2.28428876641939e-10,1.16003264968334e-10,-1.05895930728449e-10,-2.00560382564207e-10,3.202846789974e-10,2.01514863062314e-10,-2.77416114608422e-10,-7.19287653541107e-12,1.68209371520148e-11,1.90429174964429e-10,-1.39529526277854e-10,-3.13882311018399e-10,4.08174716368371e-11,-2.0111717274002e-11,2.52636093568258e-10,1.63305025847901e-10,1.29928526403923e-10,3.08855080123757e-10,5.55123197014234e-10,3.27395583996205e-10,-3.47893187289317e-10,1.05608981495857e-10,4.13882934356326e-10,-1.15533644791504e-10,3.4104981710152e-10,-3.78429486966741e-11,1.14207740673887e-10,2.10410460846778e-10,-1.46909139438463e-11,-6.17872011254449e-11,5.11401642907746e-10,3.69653024366059e-11,5.08992172505842e-10,2.3276564043873e-10,-7.58791655480602e-11,6.34308025885344e-10,-3.88043164754365e-11,-1.25258925493894e-10,-1.51945619697268e-11,-4.13147809636881e-10,-1.61678191117516e-10,-3.48586647699208e-11,-2.72142210674084e-10,-4.68344349972785e-10,1.58305487039573e-10,2.46955682752344e-11,2.66954866779796e-10,4.69237799177821e-11,-2.39907461704371e-10,1.8106655972387e-11,-1.58542620690381e-10,-3.30976466429679e-10,3.33759728317675e-10,-9.56499925094998e-11,-4.50863591244348e-10,-1.0160938504116e-10,3.94745237141809e-10,3.43799670412296e-10,5.27114474221e-11,-1.01711804010254e-10,-1.89911712690669e-10,-2.09382828369281e-10,-2.77246557118482e-10,-2.5349264535626e-10,-1.91904895476211e-10,3.63577431924919e-10,-2.17629086378292e-10,-1.23924852475936e-10,2.58461130354109e-10,4.72800929702224e-10,1.01742130812827e-10,-2.35325579761169e-10,-1.46355701401284e-10,-1.68809410063582e-10,2.20445628851705e-10,-1.98893198639439e-10,-1.31052642155027e-10,-8.07452980144354e-11,2.32999412396838e-10,-4.14772695856992e-10,-2.61244737734516e-10,3.90403256421568e-10,-1.78757279570499e-10,3.25460338719593e-10,1.06582046509892e-10,3.16477834316897e-10,2.92678214629659e-10,2.07248456652528e-10,1.65448888762752e-10,-5.54936756865611e-12,-3.4076032095638e-10,-3.61809343275607e-10,1.05530305975183e-10,2.43663685894211e-10,1.04029759244835e-10,8.58084197642951e-11,-2.25193664674331e-10,-9.57568129774148e-11,7.3138243770773e-11,2.089846368253e-10,4.72534028258939e-10,-1.13506648102315e-10,1.79715174058823e-10,-2.66908946452712e-11,-2.28852826088163e-10,2.11285630641509e-10,2.57382953894229e-12,1.79892062590497e-10,-9.65422733624366e-11,-3.9548553053804e-10,1.24986389529982e-10,5.30254527940968e-11,-3.63915270574814e-10,5.04419477082564e-10,1.66309742768616e-11,-2.81293098052502e-10,-2.24703205392736e-10,-4.15456496777248e-11,-1.16812298758623e-10,4.44487087291463e-11,9.48780394104925e-11,2.48985509814764e-10,1.54286049464487e-10,1.28597202088125e-11,-2.90373374428333e-10,-7.98572567028487e-11,-2.16687389153168e-10,2.95181576934776e-10,-6.42259905848181e-10,1.43669445149814e-10,-1.10348648775863e-10,-1.60395492861999e-10,-1.00501974992785e-10,-2.30767564612426e-10,-7.72852462170339e-11,2.6271994921905e-10,-9.99786181889402e-11,2.9432406005481e-10,-2.27064037382409e-10,-1.43671851892827e-10,-8.07194501236452e-11,-4.9856746223922e-10,9.16214590921522e-11,3.41957364986424e-10,1.52973993063824e-10,-3.00751254441318e-10,-3.04092716191703e-10,1.74144961398312e-11,-1.109826042924e-10,3.62524367867965e-11,3.10230147974788e-10,-1.91728436967565e-10,-2.66658756637929e-10,-2.32415404522287e-10,-1.55489597542818e-10,9.91312113159667e-11,1.58852374159898e-10,-1.76756337930584e-10,2.46228347833346e-10,-2.27383270726891e-10,-3.37382828305307e-10,-2.56910635288854e-10,2.01048738619267e-10,-1.45148164550832e-11,-1.30180150676239e-10,-1.15923974206353e-10,-9.1768992802266e-11,4.71220263899497e-11,1.17302369381253e-10,-2.57744134694787e-10,-2.23355410406604e-10,-3.04061320302254e-10,-4.65788260227747e-10,-3.2325378314913e-10,-2.45278061869007e-10,-1.01206478371962e-10,-3.33163175416286e-11,1.85354624019048e-10,2.39505416143516e-10,3.86722075604225e-10,-3.19704932572306e-11,3.60158812445206e-10,3.49656773041174e-10,-7.26873657228393e-11,-3.13677475595324e-10,5.29333218332914e-10,-5.17029228890813e-10,6.79436009881987e-10,3.16250742007756e-10,-5.0633291816303e-10,-1.59758015669357e-10,-5.22782129754287e-11,-1.27603943715975e-10,-4.20909731272147e-10,1.47570694638882e-10,-8.87347626670459e-11,-2.58790717752222e-10,1.37642751872863e-11,9.26775713562537e-11,3.32690727911678e-11,3.14378062252081e-10,2.18355790591287e-10,5.58010645890091e-10,1.30819370484974e-10,-1.49220330977526e-10,-2.39588333119028e-10,2.40841401246162e-11,-7.75928968053226e-11,4.69607735053742e-11,-4.67841458434843e-10,4.60552625869591e-10,-7.03675369112496e-10,2.59462549377109e-10,3.93947719114673e-11,1.32548035891946e-10,3.58422119381661e-10,-6.8922186186023e-11,2.34998096144825e-10,-4.19448586642186e-10,-2.39287226208823e-10,-1.64740575235344e-11,-7.81450994013257e-11,-6.20580798068546e-10,4.51188067905851e-11,-1.0918835011656e-10,-8.92518637950742e-11,-2.10043314726434e-10,-7.340927879769e-11,-9.47864773199369e-11,4.04203960148422e-10,-3.38906537279242e-10,1.00420447352983e-10,5.58102619311803e-10,-3.52152284526529e-11,1.17582992515555e-10,1.23918603489989e-11,-1.31875087350274e-10,8.760063845378e-12,2.2045643800659e-10,3.98813156203954e-10,-1.92216155043414e-10,1.44569891733163e-10,-2.68802835943639e-10,-1.60505013329409e-10,2.32373600235376e-10,-8.07747297583669e-10,4.38001734348438e-11,-4.69144012694562e-10,4.22257307368726e-10,6.09286616756002e-11,-3.61145488179839e-10,-2.59151594802816e-10,2.90591185144464e-10,-3.15257853474737e-10,7.36396888757084e-11,-4.84031981451714e-11,2.70835906482791e-11,1.21992236026716e-10,-2.09599732116775e-10,-5.19123845438699e-11,1.1429636994657e-10,-4.34743773288516e-11,2.51972830953572e-10,-2.14332685053457e-10,2.48083953464321e-10,2.61552157714503e-10,-4.1787077107951e-10,-4.52305698604621e-11,2.06490571945397e-12,-1.48375886470064e-10,1.33870036910776e-10,-1.88398969131702e-10,-6.109838367951e-10,-2.55452310228597e-10,6.41693794145566e-10,2.85505689080984e-10,4.91695619871266e-10,5.43123754591826e-11,3.62423498032565e-10,4.43460275354159e-10,1.0495361066579e-10,2.07258314012045e-10,-2.46896675301192e-10,4.12201622241565e-10,2.41872457359867e-10,-3.32664857928424e-10,4.27665753422693e-11,1.52587657317239e-10,-7.24239092880887e-11,-2.4510196125954e-10,-2.98174543247232e-10,-2.03829095997199e-10,1.88206451067315e-10,2.97115253644714e-10,-3.21837611484566e-10,-1.73519712035604e-10,3.39833667978974e-11,4.00400159352354e-10,4.30038755021101e-10,2.75708658223623e-10,3.35077486355195e-10,2.13506650515453e-10,1.72259724162082e-11,-2.34937887479155e-10,3.34917383318704e-10,9.22211759812124e-11,-2.55200706816617e-10,-2.69032437746298e-10,-4.07137767366609e-10,-7.76727083117738e-11,3.54000722406745e-10,-1.79669623383208e-10,3.07830195481831e-10,2.66218779641857e-10,4.69058151473183e-11,4.43260398766457e-11,-4.78511888166649e-11,5.37765533134967e-11,8.30241554736932e-11,2.26945995528858e-11,8.78494876215922e-12,-4.77277679286256e-11,5.16193283252876e-11,3.21076879072826e-10,-4.44474197607155e-11,-2.42999099486486e-10,1.34799865404833e-10,-1.30586721119496e-10,3.06019517013477e-10,3.73378352130958e-10,3.3032648126391e-10,-1.88746078094408e-10,2.56244947975822e-10,-4.22316664139781e-11,-2.1254797049987e-11,1.17343739168945e-10,1.5550645401816e-12,-3.88521587790666e-10,4.61018035519846e-10,-2.69880197393012e-10,4.24284077821091e-10,2.48701717860883e-10,1.81019294842732e-10,4.09468678503502e-10,1.83678477897252e-10,-3.38679370203985e-11,-3.55699794091998e-10,-4.06647512455755e-10,5.4842180325772e-11,7.80321370663265e-11,2.40606518151198e-10,-1.16473422206421e-10,6.69305607337326e-11,2.49565601476222e-10,-5.79194326842708e-11,-1.53106526472051e-10,2.59454290541844e-10,-3.51392694500959e-11,3.18916126472443e-10,-4.64491821399802e-10,-9.88784849745866e-11,-9.35896861966101e-11,-6.01290953765429e-10,5.85088340411414e-10,-6.5286923156416e-11,-7.135624025703e-11,1.54470028947173e-11,4.13586619840495e-10,6.08978589734113e-10,-1.02035197656534e-10,2.44275510878982e-11,4.80461237077224e-11,-1.20344282325521e-11,-2.28448599586911e-10,-2.53716103615407e-11,-1.74457344168727e-10,2.68474439241569e-10,-7.66178770024708e-11,-2.35706486435039e-10,3.42423148362814e-10,-5.60373822282227e-10,-4.55811766576321e-10,1.70192903932934e-10,-4.32224171604868e-10,-1.24030213357703e-10,2.22451822019282e-10,-1.50633187101864e-10,-1.28404864842615e-10,2.44908668174678e-10,3.09833374413608e-10,-5.40576876690829e-10,1.36822718479407e-10,2.63174276150822e-10,-1.24413134654149e-11,-2.31486232140147e-10,1.51114164036804e-10,1.36307976136235e-10,7.9870192774065e-11,-3.07994835649685e-10,-1.02801798746908e-11,1.17912014112083e-10,1.9061551837157e-10,-1.61163934472446e-10,-3.10049060248484e-10,-1.5061672224029e-10,-3.25238204247107e-10,-2.19555177225313e-11,4.54702304971417e-11,2.87670122511806e-10,2.05051680968755e-11,-1.70748250932356e-11,-3.11783983080182e-10,-1.5784105567027e-10,-3.75024324655313e-11,-5.28253165793303e-11,-3.87984849067409e-10,4.24722720592891e-10,4.12900915787156e-11,9.91091014920845e-11,-6.40702720543214e-11,-1.1411591214045e-10,-1.14007939639958e-10,-1.12499516923975e-10,4.0187688153798e-10,3.9781439297445e-11,-2.87700984644483e-10,-3.46405535861461e-10,9.66154192010248e-11,3.26386926296056e-10,2.06559963593832e-10,1.70771055508567e-10,3.00933423302273e-10,-4.76279588572303e-11,-4.45402586979648e-10,6.27610053671297e-11,8.19969331776013e-11,-1.41291150721964e-10,-1.69005796719641e-10,5.05383188666682e-10,-3.7405643202564e-11,-9.01077004754261e-11,2.39669987021292e-10,-3.4800180933224e-10,-4.44127828129688e-10,5.73477635147592e-11,2.20148990261341e-10,2.4512733017013e-10,-3.6934247878816e-10,-1.48934405568328e-10,2.75950717103397e-10,-1.46767115974413e-10,1.63835776086743e-11,1.58429845393286e-10,-8.68485462386349e-11,-2.11962774733024e-11,1.41086386942914e-10,-3.56332531661458e-10,1.62992775304033e-10,-1.47708141354152e-10,3.2190454870998e-10,4.28208470197506e-13,3.02270167640616e-10,-5.51002986151353e-12,-4.48936357648552e-10,-7.28326402593415e-11,1.22500424097493e-10,3.30474699384776e-10,9.23022648017265e-11,-3.1283726748435e-11,-3.02475558603658e-11,-7.97966942110384e-11,-5.7704784537271e-10,8.7378173464042e-11,2.1381968480498e-10,1.27777791266591e-10,2.34651041369683e-11,-6.95874863865745e-11,-1.05673683862332e-10,1.00587360323405e-10,-2.880081448863e-12,1.38383707420396e-10,1.66010463507772e-10,-2.41195721119194e-10,1.72401558639933e-10,3.68504423258221e-10,-6.75809036042153e-11,-1.12546434612936e-10,-5.65617928925784e-11,1.546138405707e-11,-3.63643152647765e-10,-8.01171757991606e-11,-4.64507716279928e-11,1.93520189047583e-10,2.40025025034361e-10,2.13946933983797e-10,2.99606495338879e-10,1.95782465089047e-10,-4.15443489802168e-10,-2.92623298292462e-10,4.5964273736716e-10,-3.42265819940219e-10,-4.60523488089551e-10,-1.55323515685321e-10,3.50315799742491e-10,-7.28804436943439e-11,1.80807057373588e-10,4.69548546745987e-12,3.87923352896429e-10,6.69132609627299e-11,-2.82624634164433e-10,-8.2462024778289e-11,1.65419270613881e-10,-3.13262366177435e-10,1.0138162674089e-10,-2.4488976648324e-10,1.28796830780469e-10,1.27359333318938e-10,-1.25160654992766e-10,3.73241496761695e-10,-9.65036317417378e-11,-4.99225871134618e-10,4.63434546652978e-11,3.94098608522281e-10,3.04551382993903e-10,2.7231911633835e-10,-1.53027578729665e-10,-2.8236681846004e-10,4.24532922690758e-11,2.36933284063191e-10,9.41511793978352e-11,2.14315801035653e-10,-1.10611610308111e-10,2.42691542467952e-10,9.18783612401538e-11,1.09667929418449e-10,-3.12272656067111e-10,9.71354512613672e-11,-6.68886566584807e-12,-4.81943802192612e-10,2.05896311670394e-10,1.7938737065282e-10,-7.23113446945079e-11,-1.0830495269482e-10,-5.21361971227216e-10,-9.40119742504804e-12,-2.30887162977231e-11,1.53108114268445e-11,-1.54611491646279e-12,2.06577359028082e-11,-1.95575452593735e-10,-2.84159127110373e-10,-2.8941012996149e-10,-2.94209573714475e-10,1.88511929584639e-10,1.04923802989875e-10,1.01897499063838e-10,-5.65984083090178e-10,1.59993746508084e-10,1.1769865407095e-10,-8.95707634231343e-10,-2.5447648842507e-10,-1.76797344654132e-10,-5.60340175626569e-11,3.15917015815835e-10,5.85364269188947e-11,8.73503416276375e-11,-8.11737945160477e-11,2.26604900664923e-10,-4.59804906281065e-11,-1.86370112974246e-10,2.6719091112327e-10,-4.99629929904449e-11,5.31568947853704e-11,4.07982703298479e-10,5.83065353812671e-10,3.22492333171865e-11,3.08335732774619e-10,2.58196882003103e-10,-8.24506582178566e-12,-1.10291348205694e-11,5.19511028994824e-10,-6.08009097085586e-10,-3.3312771254452e-10,-2.05722483333289e-10,1.09008571675775e-10,-6.18395609176119e-10,-3.17367934752159e-10,-3.4129275903818e-10,-5.37161522535566e-11,2.14422911533993e-10,-2.78451391718662e-10,-9.3674147102376e-11,5.25047114558161e-10,3.91481788851193e-11,2.87494774843794e-12,-1.03516169712322e-10,1.04457436354367e-11,1.59449515437868e-10,1.90858304679474e-10,-1.48082493612199e-10,2.15726516964236e-10,9.5149568032603e-11,-3.12712172478363e-10,-6.25400789370664e-11,2.92228119667118e-10,3.10947922263685e-10,-1.58082891500453e-11,3.95428125931699e-11,2.10042269823347e-10,-3.73192818757921e-10,-2.6326033571593e-11,2.76980421891255e-10,-2.30668637678842e-10,-3.59291762059832e-11,3.46642991529966e-10,-9.72181468918711e-11,-1.44902339186017e-10,-5.23607093567944e-10,3.06814121440741e-10,6.32305344222915e-11,-1.91207318525975e-10,-1.49401489011456e-10,-1.61233136259771e-10,1.46311488551894e-10,-3.02378298106572e-11,3.03032404394592e-10,-2.41849160338022e-10,-3.27933044521082e-10,1.89203150603351e-11,7.50384297074104e-11,1.13475151251675e-10,-9.7436970930551e-11,-3.39220868541616e-10,-1.87930237672233e-10,-3.07711116384021e-10,-4.70906927966756e-10,2.7054229170207e-11,-1.21174472717419e-10,-3.87121866485709e-10,-3.45844365399861e-11,-2.80206593796544e-10,-9.14203089489026e-11,-5.4759507710451e-11,-2.27755740044253e-10,1.09427627815646e-10,4.24223691975439e-10,-8.89155761852187e-11,1.5499383193814e-11,2.63865291647848e-10,1.10810474224407e-10,-2.14185989271171e-10,3.66492620283426e-10,-2.58237725514696e-10,1.68319455637024e-10,-1.0112631794899e-11,-2.86097471393942e-10,-3.0323339574912e-11,3.37531763011378e-10,-4.64416698206848e-10,-2.10735781644568e-10,-8.55307305975801e-11,-2.91513113766526e-10,-1.66310052027756e-10,1.7667024475246e-10,-2.5512879961419e-10,-1.89485416815003e-10,-1.06338554722322e-10,2.7102088152343e-10,3.03037809060876e-10,1.48643245939312e-11,2.1548308644337e-10,-1.65534055787546e-10,6.88905739642928e-11,-1.07324165965193e-10,9.39549494543473e-11,3.17921931830976e-10,-4.27823237628052e-10,1.80316619361518e-10,1.02182482676745e-10,3.29945038387067e-11,-2.11947469601428e-10,1.36053626718123e-10,1.81628560712676e-10,5.71883326523875e-10,-2.6746212453321e-10,1.82565528631401e-10,-2.24537013021592e-10,-7.54110012414802e-11,-2.08131258261481e-11,-1.36543151971956e-10,-1.97232150612528e-10,-1.25834194377992e-10,3.55428208083853e-10,-3.28538430282197e-10,-3.29203868657097e-10,-7.57610288754416e-11,6.65618575334529e-10,-9.975375956643e-11,-4.62842806830881e-10,1.31885398356818e-11,2.83352005591292e-10,6.63169366956738e-10,3.52390882066593e-11,1.5218835084368e-10,-9.49882045349062e-11,4.68839624932862e-10,3.23088947178087e-10,9.95606213964668e-11,-1.20319906758969e-10,-2.50753057492421e-10,1.08816010770719e-10,-1.14207780534225e-10,-2.48050045729705e-10,1.56264071775663e-11,-3.4496953335765e-10,2.53467097506823e-10,-1.06602250815686e-10,-1.85560399446575e-10,9.60002993337218e-11,-1.19431130249107e-10,-1.69567590075739e-10,1.78967501459269e-10,8.070413459864e-10,9.75066500432453e-12,-2.90714414927969e-10,-1.56193048755028e-10,1.21324930994307e-10,2.43566651910019e-10,6.22743178571501e-12,8.72889952353726e-11,-1.23998995227265e-10,-2.68463388695263e-10,3.15165326815997e-10,-5.03740063606273e-10,1.05231400187349e-10,9.64241016256272e-11,-1.57712184084347e-11,-3.47974198811179e-10,2.43571463657148e-10,1.2208352524784e-10,-7.79251375706533e-11,-1.19563460756042e-11,-2.58738165913666e-11,1.47184969679925e-10,7.81569058879433e-11,1.36888949926206e-10,1.6379658204946e-10,-1.6786019035181e-10,-7.83974206778367e-10,1.6281011049017e-10,-1.25090852925666e-10,3.95117705560678e-10,4.1696486361695e-10,-2.11128310445927e-10,-8.06153235223971e-11,-1.36755540519281e-10,2.27470893925801e-10,1.64966367159552e-10,1.64006168231297e-10,-1.81701878128012e-12,-3.30161525309101e-10,3.97864556995364e-11,-2.20418765086242e-10,-1.81943535065186e-12,-1.68684983533472e-10,-1.91860284925967e-10,-3.44894491305059e-12,-7.53738843579808e-11,-2.03913211451309e-12,3.00483001558614e-11,-1.37906718316536e-10,3.81001096253818e-10,-2.60125272695088e-10,-1.45567894163903e-10,5.48944125225726e-10,1.58728359091013e-10,-1.57544109883499e-10,-2.24984777579415e-10,1.5853792963569e-10,-1.0264583485314e-10,-1.74841308194777e-10,1.07667064140281e-10,-6.17306660603315e-10,3.31522226299264e-11,-2.7777115287161e-10,-2.69799120174824e-10,1.15713707574073e-10,-1.31029145891554e-10,2.6733383583129e-10,-1.13553876184822e-10,4.09091029349454e-10,-8.36521451937737e-11,-1.52395139193467e-10,-1.77274391156419e-10,5.88229990726405e-10,-1.42650696072318e-10,-3.38899787072908e-11,1.43724052360328e-10,1.19226061772973e-10,-2.86600332895563e-10,-7.77120477314306e-11,1.51096534879168e-10,2.33809259538706e-10,4.39665414249353e-10,5.13914528853884e-10,8.95775661172679e-11,-2.56354508892266e-10,-3.70149196835082e-11,-5.57340436126684e-11,-1.68696485299674e-10,-2.55306725870223e-10,7.83748678037004e-11,7.74063864917948e-11,-4.75518929901402e-10,-3.50552943365213e-10,-6.61707303797487e-12,1.09321829415072e-10,2.41830846302269e-10,-6.26898017711354e-11,3.72053048243298e-11,3.78246340894312e-12,3.25569423990283e-11,3.43692029129958e-10,-4.15018450651407e-11,-2.03835051539239e-10,-2.83584541600078e-10,-1.60288476289918e-10,-9.64595676455787e-11,7.88215529684129e-11,2.01040063252728e-10,-4.27412975663105e-10,-1.16211416220824e-10,-9.44686403459703e-11,-2.11383247394145e-10,-9.51241990575765e-11,-3.22657673058243e-11,3.38574241507375e-10,1.67230930905305e-10,4.20752889465298e-10,3.78570260507539e-10,1.69397579762855e-10,-3.501882175378e-10,2.8753035113688e-10,-1.70544199457872e-11,2.00885343803235e-10,2.682980775522e-10,-1.84836853663287e-12,1.46402135822827e-10,2.7161625498491e-13,7.17408593506522e-11,-2.62881287102504e-10,-8.43831723379496e-11,-4.1200413599068e-10,1.13104293340223e-10,2.20281198769167e-10,2.76108170325001e-10,-9.13811665454042e-11,6.041557482168e-10,-2.60438458756709e-10,-4.07618218236688e-11,-5.20003314354899e-10,-1.28910209221121e-10,2.32089136755786e-10,1.34329815205403e-10,1.31652994440436e-10,1.1008410317422e-10,-8.17893782515675e-11,-7.13264450248585e-10,1.98961349079462e-10,2.04105629530674e-10,1.00813666424809e-10,-4.10122093757717e-10,1.39247100405755e-10,-2.12268630148766e-11,-2.28017642995934e-10,-3.1160994907003e-10,-4.80881876538813e-10,8.924551476905e-11,-8.86818380680026e-11,1.67019487251156e-10,-6.68646143969915e-11,-2.19720011039303e-10,-2.63234171057266e-10,-4.16976318656235e-10,-2.01744257109247e-10,2.153532804013e-10,-2.99576029553713e-10,2.9672781463877e-10,3.63371083833173e-11,9.98731477389124e-11,-1.23762986316732e-10,-1.52477411690764e-10,8.06871313794063e-11,1.14117139152259e-10,-2.68558507553714e-10,-3.49112734858092e-10,1.71251637860731e-10,-7.88401860063569e-11,-2.45486011657782e-10,1.24403610013433e-11,-5.14571272342009e-10,-9.53206299043859e-11,-2.72673818473607e-10,-5.98556481118953e-10,7.45909689854435e-12,9.78732655283393e-11,-2.01931508551131e-10,2.50756823726346e-10,4.05435707565339e-12,-2.90363424579638e-11,1.66532841224024e-10,-1.06427002838925e-10,8.1541823508387e-10,3.92591306868005e-10,-1.99002359750803e-10,-1.30352292948174e-11,1.01085798971999e-10,-1.91367388624881e-10,-2.09612393851882e-10,-2.25241145565711e-11,-3.84265941161644e-11,5.45049252169572e-10,8.62943022624775e-11,2.66424053317138e-10,1.98330381950188e-12,-6.94081164823053e-10,1.82218741030268e-10,-1.48821479701195e-10,5.96091773034049e-11,1.4286021601253e-12,-3.87501866073291e-10,-2.56397338745126e-10,-1.79775065235366e-10,2.83345267554338e-10,-1.70748684343504e-10,-1.59439770663667e-10,2.52749588941359e-10,-4.44752602828393e-11,-1.349721423009e-10,-7.66947878981104e-11,4.2984923897291e-11,5.64452625621391e-10,1.15614121906461e-11,-5.32894062941888e-10,-2.99438960645467e-10,-2.02434980436111e-10,2.03799749983522e-10,-5.64839038952174e-12,6.27806570078875e-11,-3.06191816491793e-10,-3.94355226410475e-10,3.66379722908679e-10,-1.37017823802766e-10,-3.40218643835685e-11,1.55880092576154e-10,-2.25018213201534e-10,6.15830139849258e-10,2.10400947262694e-10,-1.99981250248312e-10,-3.94006751525725e-11,-9.60465707599321e-11,1.48254129785959e-10,-3.48629707055477e-10,3.97495931568803e-10,3.74715758191423e-11,2.40892809019958e-10,2.25881450321701e-10,-1.31410529963818e-10,3.21179109060227e-10,-3.20048460793097e-10,-6.35016373969877e-11,-4.40160223565746e-11,2.57819008553361e-10,-6.16610374941716e-10,-5.65835160505079e-11,1.86906131068631e-10,-1.80480421803082e-10,5.27886066261484e-11,-2.84825289210185e-10,-2.78381243049356e-11,1.68879856144007e-11,1.79665481733214e-10,-9.0912927042377e-11,-2.01183561207222e-10,2.59647929297991e-10,2.84567694204742e-11,3.64064855909476e-10,1.75744312861437e-10,-4.21310143599774e-10,-2.03297034261233e-10,-5.80756886051899e-10,-1.00861435532845e-10,3.66373587927963e-10,-4.22838876119867e-11,-4.6847542658403e-10,3.02995743490785e-10,-4.08975887928817e-11,1.85341932186785e-10,-1.34975958235502e-10,2.79704592514288e-10,8.79474055995074e-12,4.40973196681641e-10,-2.94294548293618e-10,1.29062182525355e-10,-4.14975234805914e-11,6.15184878944474e-11,1.68534933318523e-10,6.47313529243783e-10,1.60752977004543e-10,4.58827727685177e-10,4.10013727696786e-10,4.61176337726231e-10,9.85396367165264e-10,1.2376553535302e-09,1.24876168257379e-09,5.92470365899609e-10,1.27685843454762e-09,1.2878647833617e-09,1.41918082761715e-09,1.29190251842817e-09,2.25534965605064e-09,1.85157230861606e-09,2.24508199503008e-09,2.83170265633587e-09,3.15438784286706e-09,2.70751061289378e-09,3.30641459856826e-09,3.32400668342476e-09,3.85043618197125e-09
