v,0.25
Patm,100000
g,9.81
r,500
G,10^10.37
rho,2100
mu,10^4.25
rc,22
 
M,10^5.28
sigma,0.25
 
tilt_erupt,1.8716nrad
 
-1313,-1312,-1311,-1310,-1309,-1308,-1307,-1306,-1305,-1304,-1303,-1302,-1301,-1300,-1299,-1298,-1297,-1296,-1295,-1294,-1293,-1292,-1291,-1290,-1289,-1288,-1287,-1286,-1285,-1284,-1283,-1282,-1281,-1280,-1279,-1278,-1277,-1276,-1275,-1274,-1273,-1272,-1271,-1270,-1269,-1268,-1267,-1266,-1265,-1264,-1263,-1262,-1261,-1260,-1259,-1258,-1257,-1256,-1255,-1254,-1253,-1252,-1251,-1250,-1249,-1248,-1247,-1246,-1245,-1244,-1243,-1242,-1241,-1240,-1239,-1238,-1237,-1236,-1235,-1234,-1233,-1232,-1231,-1230,-1229,-1228,-1227,-1226,-1225,-1224,-1223,-1222,-1221,-1220,-1219,-1218,-1217,-1216,-1215,-1214,-1213,-1212,-1211,-1210,-1209,-1208,-1207,-1206,-1205,-1204,-1203,-1202,-1201,-1200,-1199,-1198,-1197,-1196,-1195,-1194,-1193,-1192,-1191,-1190,-1189,-1188,-1187,-1186,-1185,-1184,-1183,-1182,-1181,-1180,-1179,-1178,-1177,-1176,-1175,-1174,-1173,-1172,-1171,-1170,-1169,-1168,-1167,-1166,-1165,-1164,-1163,-1162,-1161,-1160,-1159,-1158,-1157,-1156,-1155,-1154,-1153,-1152,-1151,-1150,-1149,-1148,-1147,-1146,-1145,-1144,-1143,-1142,-1141,-1140,-1139,-1138,-1137,-1136,-1135,-1134,-1133,-1132,-1131,-1130,-1129,-1128,-1127,-1126,-1125,-1124,-1123,-1122,-1121,-1120,-1119,-1118,-1117,-1116,-1115,-1114,-1113,-1112,-1111,-1110,-1109,-1108,-1107,-1106,-1105,-1104,-1103,-1102,-1101,-1100,-1099,-1098,-1097,-1096,-1095,-1094,-1093,-1092,-1091,-1090,-1089,-1088,-1087,-1086,-1085,-1084,-1083,-1082,-1081,-1080,-1079,-1078,-1077,-1076,-1075,-1074,-1073,-1072,-1071,-1070,-1069,-1068,-1067,-1066,-1065,-1064,-1063,-1062,-1061,-1060,-1059,-1058,-1057,-1056,-1055,-1054,-1053,-1052,-1051,-1050,-1049,-1048,-1047,-1046,-1045,-1044,-1043,-1042,-1041,-1040,-1039,-1038,-1037,-1036,-1035,-1034,-1033,-1032,-1031,-1030,-1029,-1028,-1027,-1026,-1025,-1024,-1023,-1022,-1021,-1020,-1019,-1018,-1017,-1016,-1015,-1014,-1013,-1012,-1011,-1010,-1009,-1008,-1007,-1006,-1005,-1004,-1003,-1002,-1001,-1000,-999,-998,-997,-996,-995,-994,-993,-992,-991,-990,-989,-988,-987,-986,-985,-984,-983,-982,-981,-980,-979,-978,-977,-976,-975,-974,-973,-972,-971,-970,-969,-968,-967,-966,-965,-964,-963,-962,-961,-960,-959,-958,-957,-956,-955,-954,-953,-952,-951,-950,-949,-948,-947,-946,-945,-944,-943,-942,-941,-940,-939,-938,-937,-936,-935,-934,-933,-932,-931,-930,-929,-928,-927,-926,-925,-924,-923,-922,-921,-920,-919,-918,-917,-916,-915,-914,-913,-912,-911,-910,-909,-908,-907,-906,-905,-904,-903,-902,-901,-900,-899,-898,-897,-896,-895,-894,-893,-892,-891,-890,-889,-888,-887,-886,-885,-884,-883,-882,-881,-880,-879,-878,-877,-876,-875,-874,-873,-872,-871,-870,-869,-868,-867,-866,-865,-864,-863,-862,-861,-860,-859,-858,-857,-856,-855,-854,-853,-852,-851,-850,-849,-848,-847,-846,-845,-844,-843,-842,-841,-840,-839,-838,-837,-836,-835,-834,-833,-832,-831,-830,-829,-828,-827,-826,-825,-824,-823,-822,-821,-820,-819,-818,-817,-816,-815,-814,-813,-812,-811,-810,-809,-808,-807,-806,-805,-804,-803,-802,-801,-800,-799,-798,-797,-796,-795,-794,-793,-792,-791,-790,-789,-788,-787,-786,-785,-784,-783,-782,-781,-780,-779,-778,-777,-776,-775,-774,-773,-772,-771,-770,-769,-768,-767,-766,-765,-764,-763,-762,-761,-760,-759,-758,-757,-756,-755,-754,-753,-752,-751,-750,-749,-748,-747,-746,-745,-744,-743,-742,-741,-740,-739,-738,-737,-736,-735,-734,-733,-732,-731,-730,-729,-728,-727,-726,-725,-724,-723,-722,-721,-720,-719,-718,-717,-716,-715,-714,-713,-712,-711,-710,-709,-708,-707,-706,-705,-704,-703,-702,-701,-700,-699,-698,-697,-696,-695,-694,-693,-692,-691,-690,-689,-688,-687,-686,-685,-684,-683,-682,-681,-680,-679,-678,-677,-676,-675,-674,-673,-672,-671,-670,-669,-668,-667,-666,-665,-664,-663,-662,-661,-660,-659,-658,-657,-656,-655,-654,-653,-652,-651,-650,-649,-648,-647,-646,-645,-644,-643,-642,-641,-640,-639,-638,-637,-636,-635,-634,-633,-632,-631,-630,-629,-628,-627,-626,-625,-624,-623,-622,-621,-620,-619,-618,-617,-616,-615,-614,-613,-612,-611,-610,-609,-608,-607,-606,-605,-604,-603,-602,-601,-600,-599,-598,-597,-596,-595,-594,-593,-592,-591,-590,-589,-588,-587,-586,-585,-584,-583,-582,-581,-580,-579,-578,-577,-576,-575,-574,-573,-572,-571,-570,-569,-568,-567,-566,-565,-564,-563,-562,-561,-560,-559,-558,-557,-556,-555,-554,-553,-552,-551,-550,-549,-548,-547,-546,-545,-544,-543,-542,-541,-540,-539,-538,-537,-536,-535,-534,-533,-532,-531,-530,-529,-528,-527,-526,-525,-524,-523,-522,-521,-520,-519,-518,-517,-516,-515,-514,-513,-512,-511,-510,-509,-508,-507,-506,-505,-504,-503,-502,-501,-500,-499,-498,-497,-496,-495,-494,-493,-492,-491,-490,-489,-488,-487,-486,-485,-484,-483,-482,-481,-480,-479,-478,-477,-476,-475,-474,-473,-472,-471,-470,-469,-468,-467,-466,-465,-464,-463,-462,-461,-460,-459,-458,-457,-456,-455,-454,-453,-452,-451,-450,-449,-448,-447,-446,-445,-444,-443,-442,-441,-440,-439,-438,-437,-436,-435,-434,-433,-432,-431,-430,-429,-428,-427,-426,-425,-424,-423,-422,-421,-420,-419,-418,-417,-416,-415,-414,-413,-412,-411,-410,-409,-408,-407,-406,-405,-404,-403,-402,-401,-400,-399,-398,-397,-396,-395,-394,-393,-392,-391,-390,-389,-388,-387,-386,-385,-384,-383,-382,-381,-380,-379,-378,-377,-376,-375,-374,-373,-372,-371,-370,-369,-368,-367,-366,-365,-364,-363,-362,-361,-360,-359,-358,-357,-356,-355,-354,-353,-352,-351,-350,-349,-348,-347,-346,-345,-344,-343,-342,-341,-340,-339,-338,-337,-336,-335,-334,-333,-332,-331,-330,-329,-328,-327,-326,-325,-324,-323,-322,-321,-320,-319,-318,-317,-316,-315,-314,-313,-312,-311,-310,-309,-308,-307,-306,-305,-304,-303,-302,-301,-300,-299,-298,-297,-296,-295,-294,-293,-292,-291,-290,-289,-288,-287,-286,-285,-284,-283,-282,-281,-280,-279,-278,-277,-276,-275,-274,-273,-272,-271,-270,-269,-268,-267,-266,-265,-264,-263,-262,-261,-260,-259,-258,-257,-256,-255,-254,-253,-252,-251,-250,-249,-248,-247,-246,-245,-244,-243,-242,-241,-240,-239,-238,-237,-236,-235,-234,-233,-232,-231,-230,-229,-228,-227,-226,-225,-224,-223,-222,-221,-220,-219,-218,-217,-216,-215,-214,-213,-212,-211,-210,-209,-208,-207,-206,-205,-204,-203,-202,-201,-200,-199,-198,-197,-196,-195,-194,-193,-192,-191,-190,-189,-188,-187,-186,-185,-184,-183,-182,-181,-180,-179,-178,-177,-176,-175,-174,-173,-172,-171,-170,-169,-168,-167,-166,-165,-164,-163,-162,-161,-160,-159,-158,-157,-156,-155,-154,-153,-152,-151,-150,-149,-148,-147,-146,-145,-144,-143,-142,-141,-140,-139,-138,-137,-136,-135,-134,-133,-132,-131,-130,-129,-128,-127,-126,-125,-124,-123,-122,-121,-120,-119,-118,-117,-116,-115,-114,-113,-112,-111,-110,-109,-108,-107,-106,-105,-104,-103,-102,-101,-100,-99,-98,-97,-96,-95,-94,-93,-92,-91,-90,-89,-88,-87,-86,-85,-84,-83,-82,-81,-80,-79,-78,-77,-76,-75,-74,-73,-72,-71,-70,-69,-68,-67,-66,-65,-64,-63,-62,-61,-60,-59,-58,-57,-56,-55,-54,-53,-52,-51,-50,-49,-48,-47,-46,-45,-44,-43,-42,-41,-40,-39,-38,-37,-36,-35,-34,-33,-32,-31,-30,-29,-28,-27,-26,-25,-24,-23,-22,-21,-20,-19,-18,-17,-16,-15,-14,-14,-13,-12,-11,-10,-9,-8,-7,-6,-5,-4,-3,-2,-1,0
6.89623448461292e-11,3.74596718039607e-10,-3.35115612945663e-10,1.85622723798669e-10,-5.04650183214182e-10,2.68066669509363e-10,1.40204012241609e-10,2.38684038820287e-10,1.10926535836256e-10,-4.52159544089923e-10,-1.19527735358819e-10,3.30056081281539e-10,1.89567475164888e-10,2.39403866929006e-11,-7.0479101739108e-11,-3.88344903124227e-10,-6.64261049778125e-11,-3.40468706420364e-10,-1.37731921615579e-10,4.19174118012489e-12,-7.59905536581221e-11,3.75764519537869e-13,2.35756327747858e-10,-3.01352216752082e-10,-1.17696406910082e-10,3.14294086827021e-11,7.83148742378557e-12,-3.13377988424928e-10,-3.56151992206056e-10,2.58906160885085e-11,-3.24610472720097e-10,-2.69822921796541e-11,1.5187205038544e-10,-1.1495536509418e-10,-1.19890270993924e-10,1.10904316299362e-10,2.98490832264946e-10,-1.30012459120033e-10,4.48408257938907e-11,1.23599060778749e-10,-3.80891524014842e-10,-3.06157677096353e-10,-4.60605641493476e-10,-1.8438619796316e-10,5.21439073370837e-11,4.12877897167616e-10,-2.22894683137275e-10,-1.10980495993966e-10,-2.7417388704248e-10,-1.48408255797176e-10,-3.08352296515786e-10,2.34844450043423e-10,-6.00799981299053e-10,-1.93246538089852e-10,1.78960315877101e-10,1.38699889812446e-10,-2.07921892852345e-10,-1.30713545491858e-10,2.23452950807184e-10,3.83006773258973e-11,-4.98452752519712e-10,-6.96769048670661e-11,-3.03924413275952e-11,-9.42890136633305e-11,-1.27456519109374e-10,5.03060208180702e-10,-2.06129694714289e-10,-2.65047339131868e-11,1.72718933752301e-10,-1.92769630559664e-11,-1.23217300642945e-10,-8.15419207478412e-12,-2.46299217903304e-10,6.02963608543124e-10,-3.55043815891472e-10,-4.48883566574085e-10,-2.37738161341458e-11,-1.56519604953898e-10,6.4350633471707e-10,3.37843324253077e-10,-6.71321360624815e-12,9.73767827837658e-11,-3.59929609135313e-11,2.19642738262134e-11,-1.437428752464e-10,1.52414699951259e-10,2.46749328618896e-11,-1.47018034401978e-10,1.97844824743537e-10,-9.50278820560177e-11,-1.60806277565472e-10,2.50079625586164e-10,1.75955632472009e-10,-4.62011124151192e-11,-1.11140945406402e-10,-6.59050347528258e-10,9.56634453320447e-11,2.51780379050979e-10,-8.30408780428173e-11,4.21646698324106e-10,-2.65181060249767e-10,-8.06245095405293e-11,-2.7891647209327e-10,1.45290804528544e-10,-1.95602774926288e-10,5.52083921577721e-11,-2.50877887386388e-10,2.55480866587475e-10,-1.57165841358293e-10,-9.9205673771264e-11,2.6146400169431e-10,7.05363614302193e-11,-1.83458747447514e-10,3.23208350233527e-11,-6.91983581570571e-10,-1.61679163215549e-10,1.83757714833787e-10,9.31309149309545e-12,-5.37452171194304e-11,4.10720658751788e-10,2.32071335795966e-10,-2.7064220353635e-10,2.93854599376779e-10,6.05531066515094e-10,-9.08719554244382e-11,-3.20462505772149e-10,6.91998575632752e-12,1.95374967363844e-10,-5.25433232659345e-12,7.24788811615952e-11,-3.09892479174822e-10,4.4403170821479e-10,-1.10106229282155e-10,-4.86268762797015e-11,3.26849154866112e-10,-1.27005888403448e-10,-2.66742472309564e-10,-3.26834747297904e-10,6.5578315932186e-11,1.81677275304583e-10,2.20806554890095e-10,7.42787013247663e-11,4.15700739980123e-10,1.71550544553041e-10,-1.56932432551429e-10,1.11074424812352e-10,2.63653921397942e-10,-1.55385292354717e-10,-3.88225344520534e-10,-2.78578222803226e-10,-4.0515787797175e-10,-5.12821029984772e-10,2.88377321992951e-10,-8.4225652772719e-12,3.27321736537898e-10,-7.41101143109943e-11,-4.42575790134748e-10,3.58193929851375e-10,-1.45324565528024e-10,2.46850201667527e-10,1.9360838537831e-10,-1.87622928097634e-11,-4.91749750740199e-10,2.91664341014472e-11,-1.56256725511721e-11,-5.63075435326015e-11,-3.53757738053967e-10,-2.57918496058975e-10,-3.03247776811436e-10,3.8427681641877e-11,1.78301360058036e-10,-2.23070350551789e-10,1.00807755974378e-10,-8.91138239131632e-11,1.34296479797602e-11,3.49504683335963e-10,-2.96674938715753e-11,-1.81655631429036e-11,-2.42904262969379e-10,5.00906999792586e-10,5.0271414811653e-11,2.29428145901071e-10,-2.58412872257886e-10,2.49742996411177e-10,-7.70618725601464e-11,-1.13051988905472e-10,-4.06706449462716e-11,-1.61493855116746e-10,-5.44341740149724e-11,-1.08246691033635e-11,-3.91575295201735e-10,-5.8571067413235e-11,-1.33367880988347e-10,-2.20176960267481e-10,-5.5798305747367e-11,-2.66278358825179e-11,5.61658087773324e-11,-2.34675829454368e-10,-1.62756252383877e-11,-2.61162695316165e-10,-5.48756740364868e-10,4.44220997951061e-11,-6.54126578286274e-11,1.52776678505941e-10,7.65289330247342e-11,1.63356683403044e-10,-4.5946514864962e-10,-1.28882261672931e-11,2.16034287190065e-10,3.1142694302398e-10,-5.20194068329445e-12,-1.09882817585814e-10,1.77232447347101e-10,-1.24127862336349e-10,8.71437995519534e-11,-2.33971891348632e-11,1.26466878503688e-10,-3.4266432383659e-10,-1.36459577447166e-10,2.23104988591683e-10,-1.97897495543186e-10,-5.19613131022281e-10,-5.01651872546339e-11,-2.45008077406323e-10,1.28829144868517e-10,-2.02181558919221e-10,-3.96049741021931e-10,-2.77802826120085e-11,-2.1160551306732e-10,1.94146905629738e-10,2.26779378688655e-10,-1.74793601540384e-10,1.64357405392821e-10,-1.01444359330219e-10,-2.51674489543562e-10,9.64220853095347e-11,-9.32859375372342e-12,-1.92376200216979e-10,1.86906791668142e-12,5.91907088812825e-10,-4.05945256217328e-10,-2.76803866496967e-10,-9.62502251609286e-11,3.01503100362965e-11,8.7090380104528e-11,-3.19638350896046e-10,-1.88555645251274e-11,2.24876786974956e-10,-1.14890363085301e-10,2.54831051598969e-10,4.50584801692995e-10,-2.2653092648572e-10,4.98510097453435e-10,9.14393504621304e-11,-4.01167523473318e-10,4.74884055369719e-10,1.0205982130929e-10,-1.68048289861052e-10,2.928321248286e-10,2.57827179035665e-10,-3.48904074691066e-10,-9.73774292070581e-11,-3.79797155763891e-10,-4.55241869660196e-10,-3.41347405611493e-10,1.06351239926272e-10,-2.67834637230777e-11,-2.20210514358088e-10,-2.27377654370907e-10,-4.43771113728295e-10,3.94315073842765e-10,-4.32083809795287e-11,3.25668835166614e-10,-2.17987624946686e-10,-1.22072013791188e-10,9.74021040349142e-11,3.65307360698755e-10,4.08474408469703e-10,-3.79261371474922e-10,5.26995174032833e-10,-7.15716806536604e-11,2.05424575702193e-10,-4.19975249653282e-12,-1.64119026272573e-10,-1.11985831544819e-10,-2.2034421140586e-10,1.50718758832611e-10,1.50824460133519e-10,1.83834539879138e-10,-9.70725375257852e-11,-2.53718443673773e-10,1.6401534766683e-10,-5.23069445693662e-10,2.15570821210634e-10,-1.16893009616202e-10,-3.41396680182889e-10,8.74577697105581e-11,-3.8976624770042e-10,-2.13106895953653e-10,4.49584709648743e-10,-3.77571450456758e-10,2.19227479938151e-10,3.44597126145858e-10,4.00991081635967e-10,3.51469137312239e-11,1.93584285040821e-10,-2.45696815793464e-10,1.38970998283524e-10,7.80804884314612e-11,4.03211737427877e-10,-1.15101441886163e-10,1.89018658890446e-10,1.29741106934216e-10,1.97190690157008e-10,2.80184840350835e-10,-3.71082586295952e-10,1.00108757002213e-10,-3.14939513905255e-10,6.6330306805537e-11,-2.07197755250703e-10,1.70623450436723e-10,-1.72012661788197e-10,2.72965503528966e-10,-1.78565953706629e-10,1.56505704361858e-10,4.97786829800139e-10,6.75383609559615e-11,4.25655240806031e-10,-1.06487763223689e-10,-8.02176488782783e-11,1.76491079426538e-10,9.36441095325871e-11,4.38125616304879e-10,4.88273411586667e-11,-2.06115107405429e-10,-6.46600565482445e-10,-7.1552360784524e-11,-1.2055519388261e-10,-4.59358433949285e-10,5.47465603208536e-11,6.81513191912959e-11,3.15594059455481e-11,-2.27290664475646e-11,-1.07442262177013e-11,2.36051498303951e-11,-1.43773127754518e-10,-2.49047085908367e-10,1.0152460209129e-10,-3.81461095922299e-10,2.92527349615862e-10,1.39412491184106e-10,-3.66067963468891e-10,1.76636099358965e-10,-9.08313873601369e-11,3.934912067811e-10,-3.15483814402313e-10,-1.5484006711417e-10,-2.40459073171224e-10,-2.90065601353953e-10,-2.61496808050006e-10,3.25322921309589e-10,-7.69435133646818e-11,-7.43376970464083e-11,-1.94847840801076e-10,-4.34816401008799e-11,1.97451528923383e-10,-1.95828772265042e-10,1.40720485912029e-10,2.38458063082054e-10,-2.1538187794724e-10,1.68535319612216e-10,2.19524807079536e-11,-3.53555277175412e-10,-1.86575438241084e-11,-1.33816927227707e-10,4.62856184444457e-10,-9.61788471814519e-11,1.20480485977232e-10,-1.4411303240925e-10,-2.70373232553944e-10,1.77924309685975e-10,-2.39486549310345e-10,8.7142512673542e-11,2.91904877302352e-10,5.53728390450903e-11,4.82592214573069e-11,-6.02330033089748e-11,3.67908328085207e-10,2.80693593687547e-10,-2.39923256846258e-10,-1.77883036695229e-10,-1.02458201988157e-10,-2.34505836941643e-10,2.12109436037053e-10,1.87325132505429e-10,3.30400189391683e-10,-2.60098759492706e-10,-5.42721749896941e-11,1.56942374084617e-10,3.12097980551287e-11,1.88241937217431e-10,3.97370975857088e-10,-1.54174031997631e-10,3.96749635945184e-11,-2.43749443830546e-10,9.56429076902393e-12,-1.2812433605445e-10,-1.60971925845213e-10,1.51335139936617e-10,-9.77503892060597e-11,1.24389400262259e-10,-5.15986295147314e-11,2.322105965486e-11,6.16875696437702e-11,-6.63244579102703e-11,5.6008593408017e-10,1.59512718584383e-10,-1.39990673595377e-10,5.90477799570036e-11,4.92107246132623e-10,5.25931106017644e-10,1.81459986503711e-10,-3.96559014835723e-11,-5.29969437918817e-11,7.46349725398635e-11,5.76173711653483e-11,3.7092346855879e-10,-9.36592067348376e-11,-3.17805105708462e-10,1.97092163255793e-10,7.76790845456125e-11,1.29774489448206e-10,-1.30391251509245e-10,-1.49128861062273e-10,1.06561685059923e-10,-3.33367069612698e-11,-2.74653511593223e-11,-2.39846226671744e-10,-2.39269254841321e-11,-4.0793382512565e-11,2.02302751486056e-10,1.03535967421861e-10,3.06851363181116e-10,1.00758776290728e-10,-7.41579887555323e-10,2.60574898673505e-10,-8.61529866542741e-11,-2.72357604369049e-10,-7.27304080077578e-11,-1.98476797553798e-10,-9.91876967765231e-11,-1.56369613724926e-10,-1.75662705801284e-10,1.52846342551052e-11,-4.62264662667223e-10,1.77878840161771e-10,-9.14599793596526e-11,-2.06430766455138e-10,2.54741039633545e-10,2.73876474587509e-10,1.24575477637778e-10,-3.49323872469305e-10,-1.01766458183261e-10,-1.96476564938996e-10,-1.97673971048723e-10,-4.23088547816188e-11,1.16069072033116e-10,-8.70134958583158e-11,-2.33015525009109e-10,3.10171950823215e-10,7.91198710580294e-11,-4.5311730559469e-10,4.35979279418698e-11,1.54320282121568e-10,6.54707600228619e-11,2.11949070517425e-10,-2.66248884253579e-10,4.2309535252621e-10,-1.41820166104298e-11,-2.26602227585099e-10,-1.73463792750387e-10,-1.90876829297275e-10,-3.22846682672398e-10,3.07416534269428e-10,-1.68041685707805e-11,-6.74183068695372e-11,7.81198824763216e-11,-2.94793348239453e-10,3.90011209510105e-10,3.16079519745532e-10,-4.30612257515362e-10,6.07543384583703e-11,9.15056570894037e-11,-2.55184211895469e-10,2.45992446839346e-10,-4.65475358748051e-10,4.32284155818999e-11,3.15869381063612e-10,-3.35748779684917e-10,1.54261807787087e-10,2.53484306666133e-11,6.28147115586103e-11,5.7575205318653e-11,2.35914265954935e-10,3.7342553161826e-10,2.98199937554113e-10,3.27955968939165e-10,1.62900750359392e-10,5.30238408976207e-11,8.73123601455359e-11,-2.0225107431449e-10,2.71773639148547e-11,-8.0831554714874e-11,-2.9606301962013e-10,-4.37186410581504e-11,6.79616003575646e-11,-2.79004917729239e-10,3.64682165116313e-10,6.03036919321926e-10,-1.79494776406918e-10,-1.18786176561979e-10,4.4070244569379e-10,3.84345473019233e-10,9.78890929017612e-12,-1.73143494812591e-10,-1.05803274380634e-10,-9.95406900995194e-11,3.97643229314755e-10,5.9545239473561e-10,-1.8311040294048e-10,2.09632756976781e-10,-4.23642641091368e-11,1.35235305453004e-10,-1.49655874855101e-10,-1.61861807413887e-10,-2.08113636394284e-10,-5.03396187025219e-10,8.06354837940313e-11,-3.59603696633176e-10,-7.18440470585468e-10,1.95459854638819e-11,3.74622446551286e-10,4.79222741261113e-10,-5.1365284520547e-10,-7.84004895787495e-11,2.36669698452004e-10,1.5411100414214e-10,2.83742235597767e-11,2.05003143120762e-11,-6.9169653760048e-11,3.25215054627033e-10,4.03254313895225e-10,-1.10118075222562e-10,-3.33700297953273e-10,1.95211166808026e-10,-1.73917464644168e-10,-5.77224935212519e-11,-4.49467109387825e-11,-1.76356216561727e-10,-7.41342009411471e-11,-1.44759263432081e-10,-5.30980114007378e-10,5.11852704974854e-10,-1.53819924221922e-10,1.15613055780537e-12,-1.27304543320791e-10,9.18702323191164e-11,9.07025368605514e-11,2.94343648484741e-10,-6.00446452703633e-11,-3.80691647305646e-10,-1.83067283765135e-10,-1.40762759563818e-10,-6.54641186650429e-10,-2.73506076951485e-10,2.71149023488904e-10,3.35918221304216e-11,1.70793519396684e-11,1.32603602079238e-10,1.9797709308841e-10,-3.39068980233894e-10,-2.69102840712023e-10,5.92730888494636e-10,2.28977510953169e-11,-3.8684694580296e-11,-1.83106220361583e-10,1.22291124889059e-10,3.79202034417722e-10,-2.66566510628646e-10,1.99693084704873e-10,-1.94784791888083e-10,-6.39666951034043e-11,-3.92036458824587e-11,3.25138134141903e-10,3.13373825139187e-11,-1.35580981651436e-10,-6.91054151065122e-11,2.12953907534457e-11,-3.01233974991617e-10,-1.26589123375888e-11,-2.70887904806117e-10,-2.68597666059658e-10,7.92067630248121e-11,-1.78614893734663e-10,4.66943219253784e-10,4.95590021512975e-10,-2.37916612929231e-10,5.30025313795945e-10,-1.91758092280676e-10,-2.73445950065878e-10,-3.33124047759288e-11,-9.58034869903552e-11,6.99989054790513e-11,3.52709706599293e-10,1.24522027253016e-11,7.46180849807979e-11,-2.19693939106802e-10,-2.38247824263455e-10,8.63608705957898e-11,-2.13674700459835e-10,4.0351689397628e-11,1.49029974074307e-10,-2.18969332913555e-10,-2.64777621993244e-10,-2.81664288658881e-10,-1.08974879898731e-10,2.07009118260705e-10,-1.8908986237608e-10,6.42335171404811e-10,5.28303145885172e-12,-5.64874514750707e-11,4.18835250526339e-10,-4.46304547370329e-11,-6.57590702397223e-11,-2.96743143960095e-11,2.35567160375175e-10,2.57869371208767e-10,4.22849509076711e-11,7.60208568005084e-11,9.7147940077216e-11,-2.79785213475494e-10,-5.04504299975272e-10,2.14666138560514e-10,-2.49724190371744e-10,6.12196075419412e-11,1.23265166373898e-10,-9.87595320826397e-11,-6.94348563997721e-10,-2.06499396340375e-10,-5.37685024160825e-10,1.70237438711099e-10,-2.74340381538435e-10,-3.08958009708996e-10,4.53122103758814e-10,-3.22305722237065e-10,4.32810759345275e-10,-9.56895437836973e-11,5.88585980190507e-11,3.5149381611065e-10,1.44382063644165e-10,2.06249002105169e-10,-9.72998573091992e-12,-8.6325681547744e-11,2.31289343234434e-11,8.82026159194303e-11,2.09501309038522e-10,1.83583430151037e-11,2.24600768251416e-10,-2.0359070013254e-10,9.19200826513126e-11,5.78749410849675e-11,3.29990876404755e-10,-1.63029197273696e-10,1.83423585738947e-10,1.10015643516213e-10,4.48634008901412e-10,-1.17310826701551e-10,-1.08350352590694e-10,1.52010462884227e-10,1.16783055629194e-10,2.29499569543594e-11,-2.46970633577384e-10,1.83460447716672e-10,2.46036484210003e-10,-1.10719089637536e-10,4.39723876449152e-10,-6.68883380841325e-10,2.3123199908687e-10,-1.93105827694937e-10,-2.57080392280181e-10,8.54809978436087e-12,4.95358076578858e-11,5.05802748960327e-10,3.02682733064502e-10,1.3881339340446e-10,-5.47459318407982e-11,-1.20609398080211e-10,-2.38696769636509e-10,2.85775578950614e-10,-3.97769193058157e-10,4.31507503660097e-10,-3.15333725283383e-10,-1.59047670455076e-10,-1.20928403436863e-10,7.27361053634672e-11,-4.17748035335912e-11,-6.28654163054239e-11,1.56084462845222e-10,-2.81681930739913e-10,-7.39185105639493e-11,1.3648847255141e-10,1.61744589465123e-12,-5.56374923019239e-12,3.65354365405386e-10,-7.95318728394486e-11,4.92644808364384e-10,5.6663246145783e-11,-4.8284913897542e-11,-1.71624291588071e-10,1.82766874804333e-10,2.73031129326814e-10,-1.79639663602143e-10,-5.43052950932659e-11,-2.38459377414968e-10,-1.92885819902488e-11,3.14683101587712e-11,8.17433152527589e-12,2.28654361014676e-10,-1.14975231186605e-10,1.95910953701487e-10,3.17519301339654e-11,-5.64512808743897e-12,2.34619571015714e-10,-1.13568575811605e-10,-2.12003968991343e-10,-7.07139029518897e-11,-9.84755162210955e-11,5.29118537151708e-11,6.38066484287888e-13,-9.42887538842897e-11,1.17184970382433e-10,3.03099750395875e-10,-1.81171449349467e-10,-7.62555643635505e-11,1.47491535739848e-11,-3.85717846666942e-10,2.07133406937402e-10,5.58192407070915e-12,2.28093021941153e-10,-1.14754011055355e-10,-2.98468167836926e-10,-1.16835423195743e-10,-1.43733318857883e-10,1.35917047275075e-10,-1.20865345646708e-10,-1.34299425023129e-10,2.84133481346605e-10,7.38732320847373e-11,1.28725411601588e-10,-3.53200964962326e-10,-8.30514161037473e-12,-2.436742372834e-10,-3.10574045858876e-10,-1.50551214402074e-10,-9.00007482450674e-11,3.8434739475766e-10,-9.09059801425035e-11,-2.3360024466485e-10,2.7238390517112e-10,-7.98305932071386e-11,-7.32528501462831e-11,-2.09467030217979e-10,-2.84128687542743e-10,-4.32310651268728e-12,3.74944247459902e-10,6.00209328730986e-11,2.70284783445929e-10,1.29757595196011e-10,-3.94992202357679e-10,1.14707179255348e-10,-1.61113972263028e-10,2.25289020269515e-10,-1.07281472354549e-10,-1.47045871413851e-10,-1.51136747877865e-12,-2.64937116227051e-11,3.74021458496379e-10,-1.00024961440444e-10,5.10378537914382e-11,-6.51573640507854e-11,7.17008342789022e-11,-1.29374740520547e-10,2.85504656698588e-10,9.8734865485366e-11,1.04554214739656e-10,-2.82710849398245e-10,2.54432370925772e-11,1.52260450052578e-11,5.69397260179517e-11,3.96823126214379e-10,-4.17201329875836e-10,8.60106841019891e-11,-1.12848028058106e-10,-1.56383829438261e-10,-2.09522343739595e-10,-4.56481060892998e-10,4.50458761712075e-10,1.04081387820309e-10,4.7008655253423e-11,3.35871633740054e-10,-6.29213248803334e-11,-2.1086760165359e-10,2.65408472923946e-12,1.42137634500465e-11,-9.01238996954369e-11,5.54872349235816e-10,-3.59388785447499e-10,-6.35535732277006e-11,-8.37208780587518e-11,2.19307237706144e-10,5.95084283587241e-10,4.05177037250264e-10,-7.69739311069383e-11,1.68049307445369e-10,-1.73412246351672e-10,1.15395737877869e-10,-4.59205441352562e-10,-2.125628615054e-11,2.6639394631204e-10,2.70775597018461e-10,-6.84892299699911e-10,6.90750330392716e-10,-8.03934563579198e-10,1.10597787781894e-10,-2.43899565477249e-10,-2.40789963815065e-10,2.79029684587813e-11,-3.76541299084535e-10,-3.96589393112729e-10,-3.1693708345295e-10,2.01577934989377e-10,5.14165724374356e-11,3.02664996907088e-10,1.75655105507923e-11,-1.3520597388585e-10,1.39156735640107e-10,-4.92881482779285e-10,5.59893458240518e-11,-3.13494461579895e-10,-2.8450645081015e-10,-5.47796320876056e-10,4.09794594825367e-10,4.51517867904896e-10,1.30306644392313e-10,4.45568147108471e-11,-2.00294241707839e-10,-2.90640040947086e-10,-2.88168441424622e-11,-1.77367283532445e-10,-2.35686650490946e-10,2.05551911960973e-10,-1.86653926324903e-10,-1.95359699999369e-10,-1.7063026019857e-10,1.23864931089153e-10,2.10012348133532e-10,-6.47853916940951e-10,1.86967413768648e-10,1.61153542307056e-10,2.50965481469678e-10,-4.52211427023886e-10,-2.14091895898643e-10,6.83699569639537e-10,-3.12442380351161e-10,-2.18811240339062e-10,2.48794887194906e-10,1.29309241126887e-10,-4.44480416896931e-10,4.80042124484655e-10,4.50627341616999e-10,-5.98148567121936e-11,-4.01463552241485e-11,9.15355088482268e-12,1.49836635480817e-10,-5.01501230151651e-10,1.69592303891892e-10,3.22536393068784e-10,-1.72191561561819e-10,-1.58061018294694e-10,-2.3997306815152e-10,-1.05916181196076e-10,-2.76842694216931e-10,-2.50515447319105e-10,-3.89334597641612e-10,9.1938421548739e-11,-8.86153577648698e-11,-1.97075887358315e-10,2.91947017666105e-10,-1.29739720021949e-10,-6.36433089949148e-11,-6.59301999986555e-11,2.31232085655367e-11,1.92850357536788e-10,1.82482173374548e-11,4.26282740682893e-10,-5.10563174478375e-10,2.35150579386722e-11,-1.93084036896937e-10,-4.69103019674189e-10,-4.75903200181733e-10,1.61197891249583e-11,5.37071395503162e-10,-6.72989688794833e-10,7.86580527385585e-11,1.12894135938172e-10,1.09579076958403e-10,-2.13812966954164e-10,-3.71349383705589e-11,-2.62766717545684e-10,-3.65593576110963e-10,2.51900967622791e-10,-1.28490735968205e-10,-1.14780060092904e-10,-4.62141442156261e-10,-2.87638147823419e-10,2.13022614714385e-11,1.73711262977945e-10,-2.96028988783827e-10,-7.54937868541275e-11,-1.34935805287226e-10,-3.50691156928273e-10,-3.71552920832119e-10,-2.34973044725919e-10,2.81730195189946e-10,5.14397317784874e-11,-5.52196385925749e-11,3.13571562432467e-10,-1.00292238272246e-10,1.44761511990628e-10,2.6338598092662e-11,-1.6872340293721e-10,2.15566990491187e-10,1.23899708425924e-12,-1.03882717625442e-10,-7.14365380856402e-11,-1.18284087581727e-10,3.36245238602147e-12,-1.96987954873404e-11,-3.60968500602399e-10,-2.06166272727203e-10,1.26361514075764e-10,1.5052438129112e-10,-6.38278714628367e-10,-1.52090025238927e-10,-2.48091293213061e-10,-1.53901994346944e-10,2.42701559827669e-10,9.6756993850354e-11,-2.26070026083431e-11,4.11064111996191e-10,-9.43291680055903e-11,-4.80000332134019e-11,-7.86658219089481e-11,4.18406324822116e-10,-2.87136690390854e-10,4.46389521922744e-10,1.43559266283562e-10,8.24622174113721e-11,-9.31521644480789e-11,-2.96285446425032e-12,1.95941969214049e-10,1.71580396939933e-10,-1.60815408640056e-10,-5.24342286417368e-11,2.10665962436327e-11,-1.61979714730281e-10,1.26424485869729e-10,-1.61020033002443e-10,1.43535279399305e-10,-7.1557340650761e-11,-2.04434937042178e-10,2.11656185703458e-10,1.40897433888763e-10,7.42102678120821e-11,1.73659402904971e-12,-1.87365186528005e-10,8.95147214562133e-11,8.99123382803022e-11,6.53305457821413e-12,6.13661369589669e-11,2.47019458090857e-10,6.07639614302181e-11,1.43536668972654e-10,-1.90765540213882e-10,4.19727813762698e-12,-9.95651280906736e-11,3.50902964263831e-10,-6.61211693891981e-11,-3.98037315888593e-11,-9.66931140946387e-11,-4.02976730027722e-11,9.65769806725403e-11,-1.56143062694886e-10,1.95239766200941e-10,-2.59655465082939e-10,-4.13904150161042e-11,-2.68544426497296e-10,-6.23478270942249e-10,-2.17640416941004e-10,-3.35104827971188e-10,-8.52731144127773e-11,3.18090614810798e-11,1.73960409812274e-10,-2.49987488617573e-10,-4.75495478573972e-10,2.04954836433482e-10,-9.43632571377123e-11,2.79663434412015e-10,-2.87508382811785e-10,-2.55669477762413e-10,1.08968471290643e-10,6.05642151620598e-11,-4.7099909261021e-11,1.25479341043185e-10,6.37349021903354e-11,2.38756122463729e-10,1.24586122874809e-10,2.9923998014009e-11,5.05054688159012e-11,4.1636080533746e-10,-4.86265970058412e-10,7.76435395171784e-11,-1.15180923462843e-10,-4.16819994394471e-10,-1.33124026267721e-10,8.92027758164991e-11,4.75050081816215e-11,-1.70520544551681e-11,-7.25798215183886e-12,3.71433004579922e-11,1.83853159633889e-10,-1.34953364171173e-11,2.91847397271657e-10,1.9366886375573e-10,-2.43081623119894e-10,4.20545518367083e-10,-4.47678792227537e-10,-3.41304740199474e-10,5.89236968354661e-10,2.83583082697479e-10,-2.46479670403603e-10,-4.90704213942263e-10,5.2943162732074e-10,4.64621901073808e-10,-9.0198552212253e-11,-1.93939323579689e-10,2.26646231364775e-10,-2.71773040762329e-10,2.18305111543835e-12,-2.54944508204654e-11,2.63459931616153e-10,-1.22611740450142e-10,1.3517208292516e-10,-1.04926895451194e-10,1.56250117350597e-10,1.91692524221788e-10,-1.73218357659893e-10,-2.03894358435354e-12,-3.73135725532557e-11,3.53657186247378e-11,6.01024864081553e-11,2.31134003444997e-10,-1.53703687793065e-10,-3.41287913031409e-10,2.55611297738118e-10,6.14153692256739e-11,2.63602271697276e-10,-1.2481152271565e-10,-2.68991700666757e-10,-1.61385122090334e-10,-2.97282775457829e-10,2.75413369540648e-10,-2.1823391590791e-10,-1.29111832607951e-10,6.28243456738024e-11,1.50412784807719e-10,-2.24089696196508e-10,-2.41422849886759e-12,5.9267389007871e-10,2.38942251550175e-10,8.4857785114529e-11,-9.03633726136167e-13,-6.29845982811887e-11,2.04354141130499e-10,3.75242365275626e-10,1.54712977126687e-10,6.37338726993071e-10,-9.15030366102798e-12,-3.00324621443926e-10,-2.79669551455687e-10,-2.09441819000334e-10,1.20993783086761e-10,3.46049351852975e-10,3.59851084156685e-10,-6.0221294745236e-11,3.95812423319777e-10,-2.33968448283675e-10,1.61660109700032e-10,-3.73086657058693e-11,-1.37617209192938e-10,3.90252068116501e-11,-7.5824320190464e-12,-1.05735019217683e-11,3.54738152094263e-10,-1.05405785509475e-11,-2.72925362658977e-10,-3.14559598725658e-10,1.18132271084254e-10,5.08988609510307e-10,1.86831784323687e-10,1.67522542087001e-10,3.00781133490411e-10,-6.38973277168571e-12,-1.87057732836619e-10,-2.38527347972236e-10,3.53673311158877e-11,2.83657410591479e-10,6.13066505843682e-10,-1.62986690055478e-10,-3.18015888446568e-10,8.10591987973345e-13,-1.66062981493884e-10,3.07968295692907e-10,-1.41674244144141e-10,-3.57587600533696e-10,2.0942197718391e-11,-5.01636624131382e-11,-4.28508319439321e-10,2.18744964741532e-10,6.04265368324775e-11,-3.94642003585685e-10,-3.97124144097502e-10,-2.58172034459264e-10,4.83034825992151e-10,-8.11638339275366e-11,-3.09106515098466e-10,4.47566068475601e-10,-3.68345678286267e-10,1.91298913326671e-10,-4.30389539981707e-10,2.41023812941278e-10,-4.62969874662404e-10,-3.64778673922479e-10,-2.23201420980753e-10,-2.10846910542515e-10,-1.29603293770419e-10,6.77789089164276e-11,-1.66190004298376e-10,3.22762578823266e-10,2.23496641897302e-10,-1.14668770301051e-10,1.27298019737811e-10,-3.63376162041729e-10,1.3860623684498e-10,-4.10385278895139e-11,8.04080904488716e-11,2.83711915363222e-10,3.5003923553219e-11,2.95692094364129e-10,4.31974640330365e-10,-2.61792972120854e-10,5.93585327979533e-11,-3.64595497459687e-11,4.25757791928105e-10,-1.09617343464686e-11,1.93887220513959e-10,4.38469373294267e-10,-1.33387210701822e-10,-5.14900758970347e-11,3.57598111243457e-10,5.39511370263575e-10,-1.74093697075338e-10,-6.00086650903568e-11,8.71407456685969e-11,2.88879551942978e-10,1.44421220810392e-10,7.94546730436656e-11,-1.54495232798923e-10,-1.66804350386226e-10,1.0359370252909e-10,-9.41448590173496e-11,6.39858203825456e-11,1.03410997676012e-10,-4.47913812152183e-10,1.14664161225982e-10,-3.25964040489449e-11,-1.74603142748475e-10,6.17718784168334e-11,-5.50512260185208e-11,-1.36244158495889e-11,-3.96424379331863e-10,-2.62504835344808e-10,-3.9608617513045e-10,1.47104225641351e-10,-5.61545577604024e-11,-4.0821431759399e-10,4.76480589348701e-10,-3.35247902033252e-10,-2.81970090421773e-10,-2.20871386222849e-10,3.92871636429882e-10,3.57572415547328e-10,2.03176075847549e-10,5.66075076043798e-10,-4.47754535924194e-11,3.5431013536388e-10,-2.44658456980218e-10,-1.41749551436276e-10,1.970718120995e-10,-5.27124895228658e-11,-7.4803004325414e-11,-4.88643765714954e-11,2.9603992726629e-10,1.8302947968148e-10,-4.18760928159816e-10,3.51093900647792e-10,1.05491919146818e-10,2.85822922651558e-10,1.21425346563103e-10,4.83082118435532e-11,3.42556416311567e-10,-6.36145778682323e-11,1.52734344077714e-10,2.54366365978307e-10,-5.20686237426577e-10,4.75813787299359e-11,-2.97775611815656e-10,-1.30258505097212e-10,2.22084167956128e-10,1.95574715872541e-10,1.27836847655866e-10,-1.09690733407988e-10,3.65123987097898e-10,2.05544790110754e-10,2.98907815582248e-10,1.41671032584629e-10,-9.61779237618409e-13,-3.34368955200156e-12,-3.04709157511693e-10,2.1864192665284e-10,5.85715907998188e-10,-1.71798629387832e-10,1.05983415889129e-10,-6.44157333439741e-11,-7.34373093120746e-11,1.97004819880185e-10,-3.23371206047968e-10,1.82085270669208e-10,-8.20434986601335e-12,2.49625118342325e-12,6.25402856108988e-11,-1.049658114933e-10,7.81500911463719e-11,-2.20854104061201e-10,5.40947858501141e-10,-1.58754817141249e-11,-2.51930153588933e-11,-3.68997324987098e-11,-2.01154480683459e-10,-3.74204594622559e-10,3.49488538102707e-10,4.46640737968978e-10,-6.86142943492082e-10,-2.52969658926982e-10,-1.09274187248044e-10,1.66793466781659e-10,-8.08293148736565e-11,2.7383608348191e-10,-1.96269231166652e-10,-7.35084641483892e-11,8.06667884383641e-11,-1.02438376825913e-11,-1.58746495537658e-10,1.04432145243886e-10,9.25606819545285e-11,-3.79451383880754e-11,7.82100328273388e-11,1.69399311837518e-10,1.36673607645118e-10,-1.21628078559409e-11,3.42982520306809e-10,-1.22926150262969e-10,9.73132185615635e-11,3.57749817074932e-11,1.31068128869844e-10,-4.06588437636939e-10,-1.6778665415827e-10,8.45271926424427e-11,1.38498665505862e-10,3.53594496015553e-11,6.90796115608944e-10,9.60262363480963e-11,2.94028132794068e-10,2.11796033954875e-10,1.99970062684483e-10,3.84639703602557e-10,3.47023215922887e-10,6.40319010236498e-10,7.52476985304992e-10,7.70539428318185e-10,1.2167585111956e-09,9.32694042615884e-10,1.77916105303956e-09,1.06521457559073e-09,1.70754393855818e-09
