v,0.25
Patm,100000
g,9.81
r,500
G,10^10.37
rho,2100
mu,10^4.25
rc,22
 
M,10^6.2
sigma,0.5
 
tilt_erupt,18.9725nrad
 
-1337,-1336,-1335,-1334,-1333,-1332,-1331,-1330,-1329,-1328,-1327,-1326,-1325,-1324,-1323,-1322,-1321,-1320,-1319,-1318,-1317,-1316,-1315,-1314,-1313,-1312,-1311,-1310,-1309,-1308,-1307,-1306,-1305,-1304,-1303,-1302,-1301,-1300,-1299,-1298,-1297,-1296,-1295,-1294,-1293,-1292,-1291,-1290,-1289,-1288,-1287,-1286,-1285,-1284,-1283,-1282,-1281,-1280,-1279,-1278,-1277,-1276,-1275,-1274,-1273,-1272,-1271,-1270,-1269,-1268,-1267,-1266,-1265,-1264,-1263,-1262,-1261,-1260,-1259,-1258,-1257,-1256,-1255,-1254,-1253,-1252,-1251,-1250,-1249,-1248,-1247,-1246,-1245,-1244,-1243,-1242,-1241,-1240,-1239,-1238,-1237,-1236,-1235,-1234,-1233,-1232,-1231,-1230,-1229,-1228,-1227,-1226,-1225,-1224,-1223,-1222,-1221,-1220,-1219,-1218,-1217,-1216,-1215,-1214,-1213,-1212,-1211,-1210,-1209,-1208,-1207,-1206,-1205,-1204,-1203,-1202,-1201,-1200,-1199,-1198,-1197,-1196,-1195,-1194,-1193,-1192,-1191,-1190,-1189,-1188,-1187,-1186,-1185,-1184,-1183,-1182,-1181,-1180,-1179,-1178,-1177,-1176,-1175,-1174,-1173,-1172,-1171,-1170,-1169,-1168,-1167,-1166,-1165,-1164,-1163,-1162,-1161,-1160,-1159,-1158,-1157,-1156,-1155,-1154,-1153,-1152,-1151,-1150,-1149,-1148,-1147,-1146,-1145,-1144,-1143,-1142,-1141,-1140,-1139,-1138,-1137,-1136,-1135,-1134,-1133,-1132,-1131,-1130,-1129,-1128,-1127,-1126,-1125,-1124,-1123,-1122,-1121,-1120,-1119,-1118,-1117,-1116,-1115,-1114,-1113,-1112,-1111,-1110,-1109,-1108,-1107,-1106,-1105,-1104,-1103,-1102,-1101,-1100,-1099,-1098,-1097,-1096,-1095,-1094,-1093,-1092,-1091,-1090,-1089,-1088,-1087,-1086,-1085,-1084,-1083,-1082,-1081,-1080,-1079,-1078,-1077,-1076,-1075,-1074,-1073,-1072,-1071,-1070,-1069,-1068,-1067,-1066,-1065,-1064,-1063,-1062,-1061,-1060,-1059,-1058,-1057,-1056,-1055,-1054,-1053,-1052,-1051,-1050,-1049,-1048,-1047,-1046,-1045,-1044,-1043,-1042,-1041,-1040,-1039,-1038,-1037,-1036,-1035,-1034,-1033,-1032,-1031,-1030,-1029,-1028,-1027,-1026,-1025,-1024,-1023,-1022,-1021,-1020,-1019,-1018,-1017,-1016,-1015,-1014,-1013,-1012,-1011,-1010,-1009,-1008,-1007,-1006,-1005,-1004,-1003,-1002,-1001,-1000,-999,-998,-997,-996,-995,-994,-993,-992,-991,-990,-989,-988,-987,-986,-985,-984,-983,-982,-981,-980,-979,-978,-977,-976,-975,-974,-973,-972,-971,-970,-969,-968,-967,-966,-965,-964,-963,-962,-961,-960,-959,-958,-957,-956,-955,-954,-953,-952,-951,-950,-949,-948,-947,-946,-945,-944,-943,-942,-941,-940,-939,-938,-937,-936,-935,-934,-933,-932,-931,-930,-929,-928,-927,-926,-925,-924,-923,-922,-921,-920,-919,-918,-917,-916,-915,-914,-913,-912,-911,-910,-909,-908,-907,-906,-905,-904,-903,-902,-901,-900,-899,-898,-897,-896,-895,-894,-893,-892,-891,-890,-889,-888,-887,-886,-885,-884,-883,-882,-881,-880,-879,-878,-877,-876,-875,-874,-873,-872,-871,-870,-869,-868,-867,-866,-865,-864,-863,-862,-861,-860,-859,-858,-857,-856,-855,-854,-853,-852,-851,-850,-849,-848,-847,-846,-845,-844,-843,-842,-841,-840,-839,-838,-837,-836,-835,-834,-833,-832,-831,-830,-829,-828,-827,-826,-825,-824,-823,-822,-821,-820,-819,-818,-817,-816,-815,-814,-813,-812,-811,-810,-809,-808,-807,-806,-805,-804,-803,-802,-801,-800,-799,-798,-797,-796,-795,-794,-793,-792,-791,-790,-789,-788,-787,-786,-785,-784,-783,-782,-781,-780,-779,-778,-777,-776,-775,-774,-773,-772,-771,-770,-769,-768,-767,-766,-765,-764,-763,-762,-761,-760,-759,-758,-757,-756,-755,-754,-753,-752,-751,-750,-749,-748,-747,-746,-745,-744,-743,-742,-741,-740,-739,-738,-737,-736,-735,-734,-733,-732,-731,-730,-729,-728,-727,-726,-725,-724,-723,-722,-721,-720,-719,-718,-717,-716,-715,-714,-713,-712,-711,-710,-709,-708,-707,-706,-705,-704,-703,-702,-701,-700,-699,-698,-697,-696,-695,-694,-693,-692,-691,-690,-689,-688,-687,-686,-685,-684,-683,-682,-681,-680,-679,-678,-677,-676,-675,-674,-673,-672,-671,-670,-669,-668,-667,-666,-665,-664,-663,-662,-661,-660,-659,-658,-657,-656,-655,-654,-653,-652,-651,-650,-649,-648,-647,-646,-645,-644,-643,-642,-641,-640,-639,-638,-637,-636,-635,-634,-633,-632,-631,-630,-629,-628,-627,-626,-625,-624,-623,-622,-621,-620,-619,-618,-617,-616,-615,-614,-613,-612,-611,-610,-609,-608,-607,-606,-605,-604,-603,-602,-601,-600,-599,-598,-597,-596,-595,-594,-593,-592,-591,-590,-589,-588,-587,-586,-585,-584,-583,-582,-581,-580,-579,-578,-577,-576,-575,-574,-573,-572,-571,-570,-569,-568,-567,-566,-565,-564,-563,-562,-561,-560,-559,-558,-557,-556,-555,-554,-553,-552,-551,-550,-549,-548,-547,-546,-545,-544,-543,-542,-541,-540,-539,-538,-537,-536,-535,-534,-533,-532,-531,-530,-529,-528,-527,-526,-525,-524,-523,-522,-521,-520,-519,-518,-517,-516,-515,-514,-513,-512,-511,-510,-509,-508,-507,-506,-505,-504,-503,-502,-501,-500,-499,-498,-497,-496,-495,-494,-493,-492,-491,-490,-489,-488,-487,-486,-485,-484,-483,-482,-481,-480,-479,-478,-477,-476,-475,-474,-473,-472,-471,-470,-469,-468,-467,-466,-465,-464,-463,-462,-461,-460,-459,-458,-457,-456,-455,-454,-453,-452,-451,-450,-449,-448,-447,-446,-445,-444,-443,-442,-441,-440,-439,-438,-437,-436,-435,-434,-433,-432,-431,-430,-429,-428,-427,-426,-425,-424,-423,-422,-421,-420,-419,-418,-417,-416,-415,-414,-413,-412,-411,-410,-409,-408,-407,-406,-405,-404,-403,-402,-401,-400,-399,-398,-397,-396,-395,-394,-393,-392,-391,-390,-389,-388,-387,-386,-385,-384,-383,-382,-381,-380,-379,-378,-377,-376,-375,-374,-373,-372,-371,-370,-369,-368,-367,-366,-365,-364,-363,-362,-361,-360,-359,-358,-357,-356,-355,-354,-353,-352,-351,-350,-349,-348,-347,-346,-345,-344,-343,-342,-341,-340,-339,-338,-337,-336,-335,-334,-333,-332,-331,-330,-329,-328,-327,-326,-325,-324,-323,-322,-321,-320,-319,-318,-317,-316,-315,-314,-313,-312,-311,-310,-309,-308,-307,-306,-305,-304,-303,-302,-301,-300,-299,-298,-297,-296,-295,-294,-293,-292,-291,-290,-289,-288,-287,-286,-285,-284,-283,-282,-281,-280,-279,-278,-277,-276,-275,-274,-273,-272,-271,-270,-269,-268,-267,-266,-265,-264,-263,-262,-261,-260,-259,-258,-257,-256,-255,-254,-253,-252,-251,-250,-249,-248,-247,-246,-245,-244,-243,-242,-241,-240,-239,-238,-237,-236,-235,-234,-233,-232,-231,-230,-229,-228,-227,-226,-225,-224,-223,-222,-221,-220,-219,-218,-217,-216,-215,-214,-213,-212,-211,-210,-209,-208,-207,-206,-205,-204,-203,-202,-201,-200,-199,-198,-197,-196,-195,-194,-193,-192,-191,-190,-189,-188,-187,-186,-185,-184,-183,-182,-181,-180,-179,-178,-177,-176,-175,-174,-173,-172,-171,-170,-169,-168,-167,-166,-165,-164,-163,-162,-161,-160,-159,-158,-157,-156,-155,-155,-154,-153,-152,-151,-150,-149,-148,-147,-146,-145,-144,-143,-142,-141,-140,-139,-138,-137,-136,-135,-134,-133,-132,-131,-130,-129,-128,-127,-126,-125,-124,-123,-122,-121,-120,-119,-118,-117,-116,-115,-114,-113,-112,-111,-110,-109,-108,-107,-106,-105,-104,-103,-102,-101,-100,-99,-98,-97,-96,-95,-94,-93,-92,-91,-90,-89,-88,-87,-86,-85,-84,-83,-82,-81,-80,-79,-78,-77,-76,-75,-74,-73,-72,-71,-70,-69,-68,-67,-66,-65,-64,-63,-62,-61,-60,-59,-58,-57,-56,-55,-54,-53,-52,-51,-50,-49,-48,-47,-46,-45,-44,-43,-42,-41,-40,-39,-38,-37,-36,-35,-34,-33,-32,-31,-30,-29,-28,-27,-26,-25,-24,-23,-22,-21,-20,-19,-18,-17,-16,-15,-14,-13,-12,-11,-10,-9,-8,-7,-6,-5,-4,-3,-2,-1,0
1.02201401899476e-09,2.48687034194474e-10,2.46718659649058e-10,8.51103807568065e-11,5.39943072424727e-10,-6.11344302175408e-10,-4.33600692059925e-10,4.72418872063726e-10,-1.72536872245438e-10,2.08632330398407e-10,-7.50717491725482e-10,1.26721396600853e-10,-4.02508097804171e-10,1.33386760958475e-10,-1.12045318992354e-09,5.98888355309692e-10,8.70479460553534e-11,1.18483098515577e-09,5.25999623492855e-10,-4.34874907383797e-10,-7.05382137947256e-10,-3.31476597411979e-10,-4.35121540462699e-10,-5.78211466930677e-11,-7.36116335547843e-10,-6.04793646388194e-10,4.12086504126072e-10,6.58157816168669e-11,2.48983562554209e-10,-6.80790548252075e-12,-1.21155393235685e-09,6.58433356321872e-12,3.28480119901615e-10,-2.1689962880632e-10,9.06182656850001e-10,9.17074928018805e-10,4.66655706692584e-10,9.85835830875883e-12,-6.66751872432318e-10,-5.72787192426314e-10,-3.22146328074145e-10,6.28335356693309e-10,2.03095759328073e-10,7.69796149990507e-10,-1.4740406354553e-10,1.55231179448769e-10,-2.58898346566999e-10,2.09591011863515e-10,-5.13310138937354e-10,3.83259096371385e-11,2.7388415162476e-10,5.69228727930045e-10,-5.92323288061056e-10,-4.05500464228345e-10,5.4214054596428e-10,-5.47583295013044e-10,6.91179446409882e-10,3.5377454716713e-10,-4.59851502152993e-10,-4.67157641172082e-11,1.36337313697685e-10,-1.54292773875493e-10,3.59087970130975e-10,5.21041834253061e-11,-6.33256295382485e-10,-6.95172402486265e-10,3.16967525611893e-11,-5.49907229798754e-11,-2.96258467500642e-10,-1.73655551236985e-10,-2.05621899754592e-10,4.69089077477951e-10,-1.70503530295677e-10,1.23228601982707e-09,6.48805402529089e-10,-5.0719148943178e-10,-6.0741501927337e-11,3.10856166949351e-10,-8.76653613065893e-10,-5.1789631207747e-10,-1.22238931451576e-09,-6.15123609139033e-11,-6.4758265340609e-10,1.24654755468462e-10,-2.48814011650345e-10,5.08018906710466e-10,7.3919651479113e-10,-8.10882810242412e-11,4.48285106221245e-10,8.29782228896461e-10,2.35683885699116e-11,-8.77033736341493e-11,-4.99572156555788e-10,-3.83143200956028e-10,3.25254728037623e-10,2.38580465568333e-10,-2.73797059084574e-10,-1.18381275490985e-10,1.49037873381068e-10,7.04075292441058e-10,-2.26669005728065e-10,-2.43959171603828e-10,-1.27489047233329e-09,1.26250486486036e-10,-3.03051858010722e-10,-1.03925681963129e-10,2.0347213122501e-10,-1.88859509955485e-10,-1.14641213656379e-10,-3.40982793450134e-10,3.16779756166269e-10,-3.01098602748916e-10,4.10257563492572e-10,-2.34233302001437e-10,-1.85740971067088e-11,-5.52896432614789e-10,-5.51977390972897e-10,6.5037884715148e-11,1.46214374210441e-10,-1.01871531715151e-10,3.9027582872976e-10,9.87569078576814e-12,3.63958863217726e-10,-1.24202826493717e-11,-1.29498332596849e-09,-4.21999529360107e-10,-2.0901312845479e-10,3.56645432545474e-10,-3.30648746084605e-11,-2.05722070879652e-10,-3.94135741851898e-11,3.88552239183424e-10,-4.8989568828558e-10,2.4877605537886e-10,-2.80550529212501e-10,3.609725977674e-10,8.84189366364355e-11,5.85003007751258e-10,1.61410140115924e-10,-1.65375099733827e-10,3.623258424431e-11,1.86350080526321e-10,-1.30566677880544e-10,-2.71709128242053e-10,-5.67459330150174e-10,-4.61228481905977e-10,-3.32221372437316e-10,-1.34664393157164e-09,-2.86665449041911e-10,1.99570392736947e-10,-1.14283336228047e-10,2.26746923611726e-10,9.19922676411351e-10,5.30597633185667e-12,6.23425319314648e-12,-4.2392732646321e-10,4.55261153997291e-10,2.28723390112637e-11,6.46421616391159e-11,-5.82050449658665e-10,6.60182292866993e-10,1.55712777960083e-10,-1.64123657270937e-10,-1.28264846993745e-10,6.25589111360315e-10,-4.81399540554786e-10,4.56345766844073e-10,-8.46051856024985e-10,-3.0355962696279e-10,7.74336987223573e-10,-9.41265464302347e-10,3.03701550464898e-10,-1.62273412653144e-10,-6.06910826111105e-10,-1.09605808376408e-10,-5.30480353361902e-11,-3.10243814192576e-10,8.37854286864307e-10,-4.29373497638851e-10,-4.97597453808914e-10,1.01328541082343e-09,-9.78234242769494e-10,-1.69914042452669e-10,-3.49162024117449e-10,4.46513556079623e-10,-1.23347245083703e-10,-2.054240020613e-10,-2.23474202911709e-10,3.67078358207586e-10,6.5918070406689e-10,3.32398800971734e-10,-2.23427732167842e-10,4.83308100250342e-10,-9.03395884550089e-10,-2.28529499713806e-10,6.31738241589348e-10,9.2948640484265e-11,2.43166352165862e-10,1.58525877712377e-10,8.29960371188398e-10,-7.17444746337198e-11,2.61120132217393e-10,-1.98161917139883e-10,-5.43832384332483e-10,1.30484333889113e-10,-1.65490341809494e-10,-4.79900710287619e-10,-5.44697189406175e-10,1.5229473266554e-10,-9.83270602603897e-10,-7.00869443681679e-10,-6.63067013979671e-11,-3.73653127357246e-10,1.20723033242992e-09,-3.77342105252291e-10,5.13523579807546e-10,-1.70443099395837e-10,4.03111037178872e-10,1.3131010160989e-10,-4.81172351704474e-10,-5.64083817439126e-10,-2.40207013058356e-10,3.03091038165269e-10,2.24847372458107e-11,-3.28094178941509e-10,-7.29572449554209e-11,-7.9808450830224e-10,4.08997893595861e-10,-1.6428494509241e-11,-1.98826920746018e-10,-7.20365532164294e-10,9.09037657981749e-11,1.88999085143214e-10,-9.72012920895574e-11,-7.63745034263188e-10,2.29246779411503e-10,9.95379404471273e-11,9.61848894116563e-10,-4.6795853990367e-10,-1.74993954915337e-10,5.08425298724478e-10,-7.19778481808738e-10,9.34456072048053e-10,-1.01336048459232e-10,-3.47454313326488e-10,-9.22290865218375e-10,2.49997356305359e-10,-1.57488016166502e-10,7.5615595905787e-10,1.01284017618664e-10,-8.17795924465102e-11,1.01960741321258e-11,-4.85325207460346e-10,-2.55898154647636e-10,-9.369249675503e-10,3.58816094676866e-10,-1.38199726026099e-10,1.27664553663233e-09,-3.02718157014679e-10,4.34894677123307e-10,1.87871139799736e-10,-5.16594667396677e-10,-1.85512364141536e-10,-1.29673837102129e-10,1.48984822753111e-10,1.30296610148198e-10,1.17604474897663e-10,1.76009762286431e-10,-3.49045181033193e-10,4.0815120964867e-10,-3.19813167682059e-10,4.42409051272215e-10,2.92075736171574e-10,-5.34297754913298e-11,-1.74843230150811e-10,-9.21244049255867e-11,-8.99029409303219e-11,2.02832087631174e-10,5.65752702645856e-10,1.73221718613958e-10,4.45672413248018e-11,4.92559617166177e-10,-3.83926692109682e-10,-1.95425943847781e-10,7.63166068839044e-10,3.3252968128934e-10,-4.18053990548539e-10,2.29802257048727e-10,3.60831747147572e-10,5.83787624830532e-10,2.45685335121719e-10,-4.63670131003869e-10,-3.18503133422289e-11,4.67678322258288e-10,9.72553939957911e-10,4.63644151996354e-10,-2.18204954606655e-10,2.94367472651493e-10,3.96509936824726e-10,6.04506019142869e-10,-5.0270887271225e-10,-3.41381034970459e-10,-5.91056368834955e-11,4.55787390015493e-10,-3.32240426355251e-10,-7.82036158952128e-10,2.19468908563033e-10,4.38744900305155e-10,-8.26362237639452e-11,-5.60874788595198e-10,1.11332478131738e-09,-1.08936185254931e-09,1.45503700742688e-10,8.23327051639971e-12,2.03353112131437e-10,-3.45234650395506e-10,-9.77126177944774e-11,3.6953848909484e-10,-8.68743595685589e-11,9.20350887674222e-11,-1.73935085474061e-10,-5.73437501489729e-11,6.91727852663711e-10,1.03499712760271e-09,-3.4754537696407e-10,-3.2489103402563e-10,-3.43944420353885e-10,1.48646103254179e-10,-2.06213330164017e-10,-1.35555421303645e-10,-2.28061408430004e-10,1.49231072325973e-10,1.25867304841154e-10,3.20205098281442e-10,-7.61134448704169e-11,-6.0680106605669e-10,1.33663757679086e-10,7.46943768230657e-10,-1.23279059433479e-10,6.01439339968281e-11,-3.67523578266664e-10,-6.59908217334683e-10,-7.66891652326594e-10,-6.78651618889303e-10,-4.51620859251671e-10,4.74184926689951e-10,-5.58830426223082e-10,3.89968862134888e-10,-1.69749233600105e-10,6.71593265935496e-10,-1.04466650876633e-09,-3.51866213903496e-10,7.58574848108423e-11,5.95894294138792e-10,3.50800324079678e-10,2.20869090696472e-10,2.0753193644753e-10,1.15755766966649e-09,3.29922005293017e-11,2.41525009560698e-10,-3.62164371803932e-10,-7.4632378139354e-10,-9.13090408775667e-11,3.96655294963986e-10,-3.62777213659439e-11,2.66064745977817e-10,-2.03008992700253e-10,-4.37747745062487e-10,-1.767032755478e-10,-3.28420827448502e-10,2.75212067794767e-11,-5.41895546822459e-10,-2.29830209927866e-13,-8.95593824531754e-11,2.70005116664022e-10,-2.99168820905464e-10,4.03415844566354e-10,-7.88137256848789e-12,5.11444909181608e-11,6.43816816513712e-10,9.05815188602814e-10,2.31074446441454e-11,2.3842243358618e-10,4.75105955476492e-10,-1.09715353242649e-09,1.36875242071175e-10,-2.12497995597354e-10,8.04649957091797e-11,-4.54605548363025e-10,1.04560583531551e-10,7.31135249705005e-10,6.26786076687739e-10,1.92588056876476e-10,-1.02558540024535e-10,3.01240007084325e-10,6.79608407956068e-10,-2.12044681728426e-10,-5.15668519051731e-10,8.14569299415364e-10,-1.84537268243147e-10,-1.458266702127e-10,-4.62901739864783e-10,1.46323597948809e-11,3.35887043123377e-10,7.95559324265524e-11,1.57839682676582e-10,-1.80913195372226e-10,-5.44769836168086e-10,2.04101994078734e-10,-7.53134527136723e-10,1.76847002699068e-10,5.45113379582119e-10,-5.32651230178455e-11,1.45882433201015e-10,2.96477479059225e-10,3.70988748983402e-10,1.33604062244501e-09,-6.58861213951181e-10,6.72573220745667e-10,-6.74496472627527e-10,-4.23805372624912e-10,3.55518256903544e-10,3.97158611450926e-10,5.42832499545778e-10,-2.9886598325278e-10,4.87054015585411e-10,-1.19783794208646e-09,9.79878125437342e-10,5.59965426588899e-10,-4.43954030519906e-10,2.33971010269834e-10,-4.13358409038449e-10,-3.42281339987879e-10,8.42454579938952e-10,4.90181720896748e-10,4.11982805975727e-10,-3.01989501548808e-10,-6.00833293173496e-10,-8.13594357149553e-11,5.32377652231744e-11,-4.64076820034942e-10,3.35947059444796e-10,-7.91477584282043e-10,-4.84075886484594e-11,9.88702640199646e-11,-4.35775761239536e-10,-2.72561705567778e-11,3.8236806863084e-10,3.08347893852259e-10,1.41257013840088e-10,1.56152151473456e-10,8.61045196091658e-10,3.65624712867683e-10,9.11925350769182e-10,1.54679268465248e-10,-2.96430132518621e-11,-9.68817321058518e-10,7.1295830184616e-11,4.38974246658056e-10,3.90219413931137e-10,2.29060439651826e-10,8.53233440230073e-10,3.1854071129526e-10,-7.69839253387828e-10,2.74500477159861e-10,3.66007255998542e-10,-4.52508640095315e-10,3.94352594927876e-12,6.38303684769956e-10,-2.53265462255839e-10,3.06100685689772e-10,-6.16039494641726e-10,-3.58281530849773e-10,-3.60804250597014e-10,2.09973676059201e-10,6.12114692842181e-10,-8.99165044403435e-10,8.43660392831018e-10,-2.58192088074351e-10,-6.68499862822873e-10,2.73654401351978e-10,7.1902318199765e-11,-1.01482006137051e-10,-3.51124631376502e-10,3.13673211581263e-10,-2.38404639638873e-10,8.10881363857489e-10,-4.95694340524881e-11,-8.20202177005996e-10,-4.96449780431578e-10,-8.39780922860565e-10,1.22468152946361e-09,3.02164375848902e-10,-3.15312226598224e-10,-4.08636830459972e-11,-7.61272627213561e-10,3.74359457437578e-10,-3.06122101051124e-10,-5.68089295547631e-10,5.43650399400717e-11,7.20518316575656e-10,-1.14857155237061e-10,4.4308988675094e-10,-1.41531489173123e-10,4.55255968872664e-10,-1.92450801184009e-10,-5.48658515878864e-10,-7.9935311360771e-11,-5.45139905263145e-10,1.56295762686459e-10,7.65616321830951e-11,-7.50937485918661e-10,-3.14924880462407e-10,-1.66842435469036e-10,-5.06413046270128e-12,-1.70541122847552e-10,2.89038123681916e-10,-5.41265291448279e-10,-2.88653658849264e-10,3.97032956843118e-12,9.61845168365619e-11,2.91556324625608e-10,-6.62355479704194e-10,-7.55105323135011e-10,7.48809079952344e-10,6.29839308759682e-10,7.18903346328198e-10,1.29460653081127e-09,-4.10767194398688e-10,9.41242636468208e-10,-8.86874851480847e-11,7.15736607229471e-11,-8.39422472313256e-10,5.84527806297635e-10,-7.53426604665133e-11,8.63643080836923e-10,6.27989870574567e-10,-2.78746118235857e-10,3.40307688211135e-10,-5.53158380416531e-10,1.70125907002163e-10,-1.61792192160542e-10,-7.35981968720741e-10,5.33766601164858e-10,3.08169002048023e-10,5.6653958987184e-10,-4.91856927732689e-10,-1.79874129575805e-10,-3.61424990781079e-10,9.88960313644519e-11,6.07907207740907e-10,7.12308398327999e-10,3.06428107203558e-10,8.4981618492764e-10,-2.3646041183268e-10,5.75576682690489e-11,-9.99118848733832e-10,-1.253309283939e-10,-7.94443544207856e-11,2.81488552804632e-10,1.66678869925242e-10,-1.73647726589945e-10,-2.59508294292834e-10,6.34511195941268e-10,-5.7710607320982e-11,7.22875535847989e-10,5.53464068324167e-10,5.72123563691178e-10,1.48617510010392e-10,-4.4125955755617e-10,1.06347778288902e-09,7.54905285922939e-11,-3.68199164249274e-10,6.87391434153539e-10,1.40961504458478e-10,7.91766637403558e-11,2.51796055973265e-10,4.84760062686462e-10,1.03180578478348e-09,1.87708114736471e-10,-4.68691915254757e-10,2.81247086158246e-11,-2.80375125869214e-10,-2.37229627109977e-10,-8.75484875967398e-10,-6.01161449173653e-10,-3.97202044020706e-10,-2.63232094311473e-10,4.36335186462946e-10,2.48615503244706e-10,1.22500069741299e-10,-9.17298784242553e-10,3.68869458106094e-10,1.03337090598913e-09,-1.21038207682796e-10,1.91073185503915e-10,-1.70973589951392e-09,2.43110345990276e-10,2.60107940753146e-10,-4.76644922428398e-10,-6.94434335809305e-12,-2.79364424737462e-10,-1.56019035971647e-10,1.77717443908222e-10,-4.60260608380276e-10,-4.02103601902729e-11,1.80808031446559e-10,1.0993091079718e-10,5.6697314709161e-10,6.57094129814809e-10,-1.32098984504841e-10,-4.15584256348618e-11,-3.85598114789243e-10,5.85365482049489e-10,-8.20939573413287e-11,5.55391366878538e-10,-2.2019713606016e-10,-4.27699688282255e-10,-2.10219643912717e-10,1.18936950376932e-09,1.40580692314382e-09,-6.24037995397917e-10,-4.71246911646142e-11,4.88042110366519e-10,4.14614022962434e-10,-1.79119959214751e-10,5.02157221007671e-10,6.29906025117884e-10,8.39795496106434e-10,3.42280310121943e-10,-8.15786075848636e-10,-6.73455875417345e-10,-1.08236829595467e-09,-1.29385151829402e-10,-4.27645158690795e-12,-4.21582754113998e-10,-5.38783574807704e-10,2.95497193488452e-11,2.61608677337026e-10,-1.28394625107413e-10,1.08651961091798e-10,-1.16459481058269e-09,1.01287147438372e-10,1.79214721602051e-11,-5.2946116548007e-12,-7.61255948805927e-11,1.08691110609807e-09,-1.03476284632218e-09,-6.12180220066924e-10,-5.88074188110882e-11,7.4233720871052e-10,-3.77166900354561e-10,-1.26857668703924e-10,-5.37926576605394e-11,-1.30697343267058e-10,-2.1190277265263e-10,5.70886680753878e-11,5.70868896821068e-10,6.09665876548947e-10,-1.30457902211998e-10,-1.05447420399157e-10,-2.5627237671755e-10,-3.08345919174584e-10,5.50240955614138e-11,-4.71193118532513e-10,8.41598707261364e-11,-5.75695091010926e-10,-6.85990130125781e-10,1.03946175288536e-10,7.4286265688238e-10,-7.0619001111034e-10,5.14080816228169e-11,-5.2118896424448e-10,-8.58252878433746e-10,-2.97365589765891e-10,1.49842623289789e-10,2.51672953987803e-10,-1.14528230755532e-10,4.55026642309289e-10,-1.19176151716979e-09,-6.79072937093362e-11,-2.90554926292059e-10,-1.56571221565862e-11,-8.4550574473696e-10,-1.49769605892184e-10,1.27557887761006e-10,-4.62643093253532e-10,2.80596189743623e-10,-4.48972271550358e-10,-1.72556215172263e-11,2.12152859351614e-10,-2.31920056269238e-10,-1.02550454412374e-09,-5.87123105467517e-10,3.85090202716875e-10,-9.23600763679076e-10,-4.39167383807781e-10,-4.8462126232045e-10,1.52821415682345e-10,-8.73576752812563e-11,-7.07490949409454e-10,4.90511896350406e-10,2.07139100775401e-10,-3.40524846599204e-10,4.51660895957209e-10,-1.35774985241237e-10,-3.17030912142474e-11,-7.40176208110757e-10,-2.50185757856049e-10,6.38627429171952e-10,2.71919946517557e-10,2.21053577987119e-11,4.25610917006157e-11,-3.14470643563278e-10,-2.94597220312012e-10,-4.68584778476547e-10,2.53528388267307e-10,-2.20929464066021e-10,2.97688225392077e-10,3.71461941348097e-10,-4.71276013253082e-10,-2.57799456421292e-10,3.3294899467896e-10,1.68348572941478e-11,-4.51756629805346e-10,1.21618978761765e-10,-1.02468561474157e-11,1.79172495997608e-10,-2.08826705363664e-10,-1.16133397929065e-09,-1.34051054830121e-10,7.15590015139001e-10,-3.83389184373526e-10,4.09262920083248e-10,-6.39177662523791e-10,-1.07140636764848e-09,3.69777758717499e-10,1.59282434786732e-10,1.77618820364679e-10,-7.31559187678369e-11,2.28401865265366e-10,-1.34664052754943e-10,-3.36988695305881e-11,3.69722699121036e-10,2.17381153471121e-10,5.91777116055816e-10,-1.86515172384006e-10,5.05361750654986e-10,-3.23931469380539e-11,7.55488074529785e-12,-1.0481616081315e-11,4.14114850080785e-10,-5.56017531362214e-11,1.47635960750837e-10,4.01802190219278e-10,-5.43822353461232e-11,-3.53496441695336e-10,4.99634936769978e-10,-7.79698045894978e-10,8.24834938698529e-10,3.2070893181143e-10,1.65976479220356e-10,3.13442055997365e-10,3.60969690413227e-10,7.14330118701474e-10,3.27758556399723e-10,-2.47485115877687e-10,1.11127544672546e-09,-3.91309431089797e-11,-3.02730545378143e-10,2.8281808586914e-11,-5.02176794576475e-10,4.41719453429874e-10,-4.16091046159836e-11,-2.3964100613215e-11,4.80893948631144e-10,7.81120575940389e-10,-7.25005859595249e-10,-4.04241125201233e-10,2.72191830698301e-10,-7.06172978537691e-11,-4.16672124704739e-10,-1.11728734576117e-10,3.88973893392009e-10,-1.68329729870397e-10,-2.3716646211419e-10,8.96880458073458e-10,5.78277099979407e-11,-1.74489256943813e-10,5.95428051355418e-10,2.80958941371734e-10,4.34436653969227e-11,-3.89799896624336e-10,2.20961705279704e-10,-3.02623268691147e-10,3.53323741313056e-10,-1.85209953949086e-10,6.57618444729419e-10,2.31517196803866e-10,3.67853616355026e-10,5.00875345006296e-10,-1.05036601284996e-10,-1.70845968095295e-10,3.93419839086648e-10,3.51913342723276e-10,1.42876575903176e-10,-3.36500501715936e-10,-4.52580860786721e-10,-1.80562844827259e-10,3.90107812365919e-10,-2.23132793229773e-10,-6.54871619492489e-10,4.42852256985486e-10,1.74400813597044e-10,1.25703972065969e-10,1.72837280026363e-10,-3.80141708602714e-12,-7.13391901806411e-10,2.58506565207601e-10,-3.72138404276987e-11,5.32110958245344e-10,-3.43524948293561e-10,-5.57402232986287e-10,-5.081559023808e-10,-4.55287515581248e-10,-1.78276972734935e-10,5.66371218748519e-10,4.6571022056536e-10,-1.02235821753e-09,1.90217269811056e-10,-4.58122548982736e-10,1.54701841093643e-10,8.55933576466551e-10,-9.9381342860552e-12,-4.54391889428512e-10,-3.56103997642469e-10,-2.08194553985755e-10,-1.00389780792173e-10,8.53744881184153e-10,3.12280467836318e-10,-2.01301173346617e-10,-9.47608518782307e-10,2.88523708096343e-10,2.12768298030357e-10,2.95000310185904e-10,-2.95248356597186e-10,-1.36434348618439e-10,6.84445374601223e-10,7.34757927633864e-11,8.4999400011641e-11,1.21456951627183e-09,2.25265837248856e-10,9.86099785909149e-11,-1.62970587882835e-10,5.18534692483505e-10,8.91383693527178e-10,5.13741013265841e-10,3.71769485695892e-10,-1.62888183086414e-10,3.25907758020101e-10,-1.18321656719485e-11,-6.06325639801931e-10,2.38625967648138e-10,5.66257024063601e-11,1.41849490270375e-10,-1.84923953293234e-10,7.70739888864544e-10,1.1928160494231e-09,-2.59272729364404e-10,3.2427717300549e-11,2.80718787434278e-10,-4.11125071525636e-11,3.18277924757085e-10,-6.57157632173953e-10,3.09725499292485e-10,1.53326789667611e-10,6.47524556277239e-10,3.35503768225605e-10,-1.11977570630566e-09,1.16591735556741e-10,5.10968911828394e-10,-3.62363939620768e-10,1.35495516411609e-10,7.831407824837e-11,-6.22660877717357e-10,4.07419544830474e-10,9.55246203018284e-10,-2.97287657919881e-10,7.73376693324779e-10,-1.49793846425092e-10,-4.19910807909993e-10,8.96615616289417e-10,-5.26237963684145e-10,9.01081674606462e-11,6.96164172644048e-10,-3.44097746489396e-10,3.1197895492848e-10,-5.74686645741173e-10,5.22908490014875e-10,3.56238232608262e-10,4.5768309254149e-10,1.04813800916149e-09,-5.44658675378913e-11,-1.10486393759532e-09,-5.30056576642105e-10,-6.49003666008967e-11,-9.17052793940859e-10,1.07826261486863e-10,-9.48998077783554e-10,3.40344824982229e-11,5.64209202977663e-10,2.12450793242758e-10,-3.43549666280764e-10,7.23125771467354e-11,-6.46672259612398e-10,-2.04647063035258e-10,-2.65905268553189e-10,4.42891541777694e-10,5.25053336747183e-10,-4.8765070005596e-10,7.41185350618745e-10,3.35246630500643e-10,-7.90477837623959e-10,4.59815855766552e-10,8.14781108117847e-10,-6.48631126840674e-11,4.95253741215721e-12,1.582601151227e-10,9.82562091526716e-10,3.81109295562053e-10,-8.14905740324085e-10,-2.58160841317651e-10,9.29314148783662e-11,2.45226412884295e-10,5.23199011320285e-11,6.66038212785685e-10,3.24997831887201e-10,-6.98333395897985e-10,-3.20409561462858e-10,4.25224384191823e-10,7.89036079427433e-11,7.59734512055844e-10,-6.14735813447155e-10,1.94385230595787e-10,-8.81123777964597e-10,2.06550923972525e-10,-3.22259386617301e-10,-1.24030228168034e-09,1.00344687669254e-09,6.97540690861895e-11,1.34724268863821e-10,-8.09656691597579e-11,-8.41818322160249e-11,-2.98080617094642e-10,-3.36189050074866e-10,8.03876567114552e-10,1.25038892158996e-10,-7.89342878369987e-10,-3.07219934131386e-11,4.61921240168544e-10,7.55062231436592e-10,-3.13182676657946e-10,8.50085862205676e-10,1.72121464497313e-10,-2.81804911719762e-10,6.11922040646495e-12,8.55193085680603e-11,-4.30189028169962e-10,3.44093294318342e-10,-6.81219594269451e-10,-4.76004997084064e-11,5.70035793568537e-11,5.52446108446398e-10,3.47176585589523e-10,5.46637035945415e-10,-2.95111142381373e-10,1.50824447901229e-10,5.86800305987318e-10,2.12581928152409e-10,-3.20210107755887e-10,1.53857612406598e-10,-7.78209673637166e-11,1.11327320437363e-10,-8.54877076604942e-11,-3.98073248668233e-10,-4.01929567861798e-10,6.54964004717575e-10,6.68919906784251e-10,-6.03504380358975e-10,6.58522457576192e-10,7.59251170869777e-11,-3.48693034829501e-11,8.08870555666493e-11,-2.0311601763051e-11,-5.62774112968836e-10,-5.86811016046013e-10,-3.34864338806148e-10,-5.05267248695547e-10,3.0288666917763e-10,6.65369433822945e-10,-1.13156203134694e-09,-5.25062626770181e-10,-4.62621786835047e-10,9.66437191334906e-11,2.09893444967699e-10,4.30443125165204e-10,-4.91775865755146e-10,6.22900058921296e-10,1.76814724052696e-11,-2.96183251846308e-10,2.77065116074683e-11,-6.54204879312245e-10,4.59821937023393e-10,-4.85276530663312e-10,-9.53534207475049e-10,1.25009964716156e-09,-4.55123403899025e-10,2.43161251623604e-11,6.86090937653081e-10,9.83360329871937e-10,3.42134995317225e-10,-7.66608885245184e-10,9.37384470534203e-11,4.87136869688174e-10,6.14282641974984e-11,2.88491270029908e-10,4.23911133721548e-10,-4.06281218891236e-11,-4.08097047155825e-10,1.08729101637585e-09,2.10720651174847e-10,3.83020204838336e-10,-3.99072471468263e-10,-7.20704154330806e-11,-2.02945619353196e-10,-4.56730748314619e-10,9.39030783942087e-10,7.59496422931719e-11,-9.93240339506446e-10,6.6104602192608e-10,1.85131905157678e-10,4.87420151509416e-10,-1.66434475609682e-10,5.94684242842343e-11,-4.11741446324289e-10,1.73768471759799e-10,3.74972378557274e-10,5.78183061609136e-10,1.43361145346036e-10,-1.45401212179069e-10,4.39359764231529e-11,1.57103172797063e-10,-9.89015596343291e-11,3.62282639848239e-10,9.74668821669811e-10,-7.44489506603149e-11,2.18361354632375e-10,-2.80537864181598e-10,-3.29965648753533e-11,-1.75535812357807e-11,-3.43163592531761e-10,-3.53799610401058e-10,-5.03404651802099e-10,1.13897124801308e-09,5.95483375052368e-10,-3.33978111895076e-10,5.40375590714761e-10,4.54048016223187e-11,6.71604815805718e-11,4.43446062087735e-10,-3.34050681726174e-10,3.66853870540213e-10,5.24182841756957e-11,2.5767663695362e-10,-2.32927434845321e-10,-8.78581586145695e-11,-2.13203210515821e-10,4.24135655985693e-11,-5.40649979249683e-10,1.19154537195679e-11,6.9884903798553e-10,-1.0581366441369e-10,-5.31743897370975e-10,-3.7405076440668e-10,-7.77255625923214e-10,1.87611933861867e-10,1.87589371047101e-10,-1.81515375407372e-10,8.37049630596154e-11,1.71501706647763e-10,-1.85031185895781e-10,-9.86110654343072e-10,-5.74271990240837e-10,-2.5479778556848e-10,-4.27597918718964e-10,-3.18293245282844e-10,-2.11095720053755e-10,-7.13145007515116e-11,-5.78013150148777e-10,2.12763368763157e-10,-4.3716760639653e-11,5.09135460927475e-11,-2.23813873165986e-10,-6.50962872240514e-10,-7.27433786580743e-10,4.00335188205776e-10,3.22670614692713e-11,-3.36203495298093e-10,1.22239239153761e-10,3.14902937997672e-10,4.94039476465924e-10,-8.20438302765445e-10,-2.02707992100416e-10,-1.79277892477159e-10,5.65457476539649e-10,9.73334443947517e-11,-2.54439373145165e-10,4.66340997756195e-11,-8.66747082983619e-10,4.73996160316395e-10,-3.93738539033582e-10,-1.31430890812965e-10,-3.79539788489585e-10,-4.66060827382425e-10,-2.06533533064518e-10,-7.5843465399946e-11,1.43558005711357e-10,1.21807008936099e-10,-1.44936334625028e-10,-4.44471877864604e-10,-5.91127260391553e-10,-3.67907639678491e-10,-2.34656816205144e-10,5.39104930472207e-10,1.29774239254599e-10,1.96839153305809e-10,-7.95622432466191e-11,1.64939480330696e-11,1.57449613587138e-10,6.01454105065209e-11,-4.19998343300566e-10,6.73415622148995e-11,-7.50885674485494e-10,-3.20948293131307e-12,3.99637207609732e-10,7.48698649663646e-10,9.13498848567372e-10,-4.48130233316283e-10,3.74736070809265e-10,1.49288506132693e-12,-7.08400033157417e-12,2.26675416717808e-10,3.46172566956843e-10,-6.012922113769e-10,2.41870866049643e-10,-5.38661282043435e-10,-2.15310449906239e-10,1.25156067508726e-09,-2.35735680194534e-10,2.51100247527652e-10,-2.28515698671316e-11,-6.13527691298321e-10,7.1303951741986e-11,-3.6270214149304e-10,-6.36839996945557e-10,-1.81584275745063e-10,6.44234629517985e-11,1.29519467971353e-10,-4.20331305548833e-10,-3.46000219570514e-10,-2.48830402869105e-10,-2.95483899967632e-10,9.42503993254856e-10,-5.83024077455823e-10,-5.97417995619436e-10,-2.80549545565904e-11,8.53286196306526e-10,-5.90447255937787e-11,-4.30971057606273e-10,5.73720526220338e-10,-1.06082314815551e-10,-1.50043026191779e-09,4.91049308402851e-10,6.02979212395624e-10,7.0895827769568e-11,9.78782854900935e-10,1.76934374121626e-10,6.35430486453826e-10,5.89430207663243e-10,1.88514955655704e-10,-1.93979813188136e-10,-2.75364398672666e-10,-1.2697770556362e-10,7.9868832238691e-11,-1.27775628266978e-10,6.82913215552122e-10,-7.08660267627426e-10,9.91093606784729e-11,-6.67560176551113e-10,-9.53508059793411e-10,-8.73440092258591e-10,-3.55707811841054e-10,-9.50944330980472e-11,7.29412513789993e-10,-7.81399392747945e-10,-2.82040874236141e-10,9.45836450997237e-11,-8.38630316768991e-10,-7.93425490687612e-10,-7.74604914264028e-10,-1.19012330709359e-09,-1.15673313256046e-09,-3.71961987151806e-10,8.27177547512848e-10,-5.07883508297355e-10,-3.15098453085272e-10,-1.67104188344141e-09,1.35928797098246e-10,-9.07722939283331e-10,-1.47718359804787e-09,-9.15417209722394e-11,-6.80426614373518e-10,-7.1763749489438e-10,-5.43767158267632e-10,-4.08762156907463e-10,-3.24041901224896e-10,-2.24465711305896e-09,-2.10731827379278e-09,-9.39922050850585e-11,-5.05981122041711e-10,-1.08955968006406e-09,-5.68033622655618e-10,7.03948746775555e-11,-7.7623234515028e-10,-1.36059914799756e-09,-4.55766333272344e-10,-7.83605626471815e-10,-8.87609576751072e-10,-1.86256344958802e-09,-1.17449654884846e-09,-1.10254985865809e-09,-1.99136909530563e-09,-1.70389806291857e-09,-7.84992161840494e-10,-1.24842473532418e-09,-1.14895420268494e-09,-5.12868126031847e-10,-6.26811486614144e-10,-1.24310068179319e-09,-1.11104203715898e-09,-6.70509984707836e-10,-1.32280602267183e-09,-8.08962704121774e-10,-7.82323481669462e-10,-7.84233589638579e-10,-1.59365841872246e-09,-1.98396881563222e-10,-1.09079479024183e-09,-8.99613860614266e-10,-9.40403757654373e-10,-2.21888144909865e-09,-1.03599806506907e-09,-9.21150061879683e-10,-1.4655401372057e-09,-9.6869957635932e-10,-2.09512611077884e-09,-1.44617067649045e-09,-1.07272571845958e-09,-2.16916399957041e-09,-1.20918531287114e-09,-1.10949379727433e-09,-1.20302784163155e-09,-1.12520039422902e-09,-4.62342019781828e-10,-1.42438767436301e-09,-1.2959194465151e-09,-5.04772943270741e-10,-1.05216627124251e-09,-1.22236462509854e-09,-5.92165551184839e-10,-3.20469715813304e-10,-1.09707870340024e-10,-1.92838837854251e-09,4.44459050947055e-10,1.24650493576773e-10,-1.32155294859267e-09,-1.04480798439663e-09,-5.32878327300514e-10,-9.12478809054713e-11,-8.36703611170185e-10,-5.79081143887508e-10,-1.96530020311875e-10,-1.35831301650107e-09,-9.82594388654169e-10,-1.57564150974015e-09,4.04116769221328e-10,-6.173114319815e-10,-5.29548728451682e-10,-6.76033312088727e-10,-3.19271104112652e-10,-3.17892838293453e-10,-1.90050367941005e-10,-3.90159693305451e-10,1.08766316409716e-09,6.71791037990059e-10,3.80941334779877e-10,7.828496830513e-10,1.36959126685199e-09,6.04528052033653e-10,1.06462324272475e-09,1.91061100294635e-09,1.0300817074833e-09,1.54596637305872e-09,2.15681773138719e-09,1.20516059843989e-09,2.12380283208169e-09,1.75610527137312e-09,2.68181714645864e-09,2.3641662838843e-09,4.14087869192655e-09,4.19519531287691e-09,4.22557207342105e-09,4.65674492211937e-09,5.86849220404412e-09,5.74948892889519e-09,5.57950075849696e-09,5.62021116707887e-09,7.79145866740498e-09,7.89638789055327e-09,8.97397189671005e-09,9.60062301021858e-09,1.10821105316307e-08,1.16369155788342e-08,1.29607146720258e-08,1.30847242489551e-08,1.37014592573309e-08,1.65242437226435e-08,1.69827300950234e-08,1.93571463464492e-08
