v,0.25
Patm,100000
g,9.81
r,500
G,10^10.37
rho,2100
mu,10^4.25
rc,22
 
M,10^6.01
sigma,0.5
 
tilt_erupt,12.5766nrad
 
-1431,-1430,-1429,-1428,-1427,-1426,-1425,-1424,-1423,-1422,-1421,-1420,-1419,-1418,-1417,-1416,-1415,-1414,-1413,-1412,-1411,-1410,-1409,-1408,-1407,-1406,-1405,-1404,-1403,-1402,-1401,-1400,-1399,-1398,-1397,-1396,-1395,-1394,-1393,-1392,-1391,-1390,-1389,-1388,-1387,-1386,-1385,-1384,-1383,-1382,-1381,-1380,-1379,-1378,-1377,-1376,-1375,-1374,-1373,-1372,-1371,-1370,-1369,-1368,-1367,-1366,-1365,-1364,-1363,-1362,-1361,-1360,-1359,-1358,-1357,-1356,-1355,-1354,-1353,-1352,-1351,-1350,-1349,-1348,-1347,-1346,-1345,-1344,-1343,-1342,-1341,-1340,-1339,-1338,-1337,-1336,-1335,-1334,-1333,-1332,-1331,-1330,-1329,-1328,-1327,-1326,-1325,-1324,-1323,-1322,-1321,-1320,-1319,-1318,-1317,-1316,-1315,-1314,-1313,-1312,-1311,-1310,-1309,-1308,-1307,-1306,-1305,-1304,-1303,-1302,-1301,-1300,-1299,-1298,-1297,-1296,-1295,-1294,-1293,-1292,-1291,-1290,-1289,-1288,-1287,-1286,-1285,-1284,-1283,-1282,-1281,-1280,-1279,-1278,-1277,-1276,-1275,-1274,-1273,-1272,-1271,-1270,-1269,-1268,-1267,-1266,-1265,-1264,-1263,-1262,-1261,-1260,-1259,-1258,-1257,-1256,-1255,-1254,-1253,-1252,-1251,-1250,-1249,-1248,-1247,-1246,-1245,-1244,-1243,-1242,-1241,-1240,-1239,-1238,-1237,-1236,-1235,-1234,-1233,-1232,-1231,-1230,-1229,-1228,-1227,-1226,-1225,-1224,-1223,-1222,-1221,-1220,-1219,-1218,-1217,-1216,-1215,-1214,-1213,-1212,-1211,-1210,-1209,-1208,-1207,-1206,-1205,-1204,-1203,-1202,-1201,-1200,-1199,-1198,-1197,-1196,-1195,-1194,-1193,-1192,-1191,-1190,-1189,-1188,-1187,-1186,-1185,-1184,-1183,-1182,-1181,-1180,-1179,-1178,-1177,-1176,-1175,-1174,-1173,-1172,-1171,-1170,-1169,-1168,-1167,-1166,-1165,-1164,-1163,-1162,-1161,-1160,-1159,-1158,-1157,-1156,-1155,-1154,-1153,-1152,-1151,-1150,-1149,-1148,-1147,-1146,-1145,-1144,-1143,-1142,-1141,-1140,-1139,-1138,-1137,-1136,-1135,-1134,-1133,-1132,-1131,-1130,-1129,-1128,-1127,-1126,-1125,-1124,-1123,-1122,-1121,-1120,-1119,-1118,-1117,-1116,-1115,-1114,-1113,-1112,-1111,-1110,-1109,-1108,-1107,-1106,-1105,-1104,-1103,-1102,-1101,-1100,-1099,-1098,-1097,-1096,-1095,-1094,-1093,-1092,-1091,-1090,-1089,-1088,-1087,-1086,-1085,-1084,-1083,-1082,-1081,-1080,-1079,-1078,-1077,-1076,-1075,-1074,-1073,-1072,-1071,-1070,-1069,-1068,-1067,-1066,-1065,-1064,-1063,-1062,-1061,-1060,-1059,-1058,-1057,-1056,-1055,-1054,-1053,-1052,-1051,-1050,-1049,-1048,-1047,-1046,-1045,-1044,-1043,-1042,-1041,-1040,-1039,-1038,-1037,-1036,-1035,-1034,-1033,-1032,-1031,-1030,-1029,-1028,-1027,-1026,-1025,-1024,-1023,-1022,-1021,-1020,-1019,-1018,-1017,-1016,-1015,-1014,-1013,-1012,-1011,-1010,-1009,-1008,-1007,-1006,-1005,-1004,-1003,-1002,-1001,-1000,-999,-998,-997,-996,-995,-994,-993,-992,-991,-990,-989,-988,-987,-986,-985,-984,-983,-982,-981,-980,-979,-978,-977,-976,-975,-974,-973,-972,-971,-970,-969,-968,-967,-966,-965,-964,-963,-962,-961,-960,-959,-958,-957,-956,-955,-954,-953,-952,-951,-950,-949,-948,-947,-946,-945,-944,-943,-942,-941,-940,-939,-938,-937,-936,-935,-934,-933,-932,-931,-930,-929,-928,-927,-926,-925,-924,-923,-922,-921,-920,-919,-918,-917,-916,-915,-914,-913,-912,-911,-910,-909,-908,-907,-906,-905,-904,-903,-902,-901,-900,-899,-898,-897,-896,-895,-894,-893,-892,-891,-890,-889,-888,-887,-886,-885,-884,-883,-882,-881,-880,-879,-878,-877,-876,-875,-874,-873,-872,-871,-870,-869,-868,-867,-866,-865,-864,-863,-862,-861,-860,-859,-858,-857,-856,-855,-854,-853,-852,-851,-850,-849,-848,-847,-846,-845,-844,-843,-842,-841,-840,-839,-838,-837,-836,-835,-834,-833,-832,-831,-830,-829,-828,-827,-826,-825,-824,-823,-822,-821,-820,-819,-818,-817,-816,-815,-814,-813,-812,-811,-810,-809,-808,-807,-806,-805,-804,-803,-802,-801,-800,-799,-798,-797,-796,-795,-794,-793,-792,-791,-790,-789,-788,-787,-786,-785,-784,-783,-782,-781,-780,-779,-778,-777,-776,-775,-774,-773,-772,-771,-770,-769,-768,-767,-766,-765,-764,-763,-762,-761,-760,-759,-758,-757,-756,-755,-754,-753,-752,-751,-750,-749,-748,-747,-746,-745,-744,-743,-742,-741,-740,-739,-738,-737,-736,-735,-734,-733,-732,-731,-730,-729,-728,-727,-726,-725,-724,-723,-722,-721,-720,-719,-718,-717,-716,-715,-714,-713,-712,-711,-710,-709,-708,-707,-706,-705,-704,-703,-702,-701,-700,-699,-698,-697,-696,-695,-694,-693,-692,-691,-690,-689,-688,-687,-686,-685,-684,-683,-682,-681,-680,-679,-678,-677,-676,-675,-674,-673,-672,-671,-670,-669,-668,-667,-666,-665,-664,-663,-662,-661,-660,-659,-658,-657,-656,-655,-654,-653,-652,-651,-650,-649,-648,-647,-646,-645,-644,-643,-642,-641,-640,-639,-638,-637,-636,-635,-634,-633,-632,-631,-630,-629,-628,-627,-626,-625,-624,-623,-622,-621,-620,-619,-618,-617,-616,-615,-614,-613,-612,-611,-610,-609,-608,-607,-606,-605,-604,-603,-602,-601,-600,-599,-598,-597,-596,-595,-594,-593,-592,-591,-590,-589,-588,-587,-586,-585,-584,-583,-582,-581,-580,-579,-578,-577,-576,-575,-574,-573,-572,-571,-570,-569,-568,-567,-566,-565,-564,-563,-562,-561,-560,-559,-558,-557,-556,-555,-554,-553,-552,-551,-550,-549,-548,-547,-546,-545,-544,-543,-542,-541,-540,-539,-538,-537,-536,-535,-534,-533,-532,-531,-530,-529,-528,-527,-526,-525,-524,-523,-522,-521,-520,-519,-518,-517,-516,-515,-514,-513,-512,-511,-510,-509,-508,-507,-506,-505,-504,-503,-502,-501,-500,-499,-498,-497,-496,-495,-494,-493,-492,-491,-490,-489,-488,-487,-486,-485,-484,-483,-482,-481,-480,-479,-478,-477,-476,-475,-474,-473,-472,-471,-470,-469,-468,-467,-466,-465,-464,-463,-462,-461,-460,-459,-458,-457,-456,-455,-454,-453,-452,-451,-450,-449,-448,-447,-446,-445,-444,-443,-442,-441,-440,-439,-438,-437,-436,-435,-434,-433,-432,-431,-430,-429,-428,-427,-426,-425,-424,-423,-422,-421,-420,-419,-418,-417,-416,-415,-414,-413,-412,-411,-410,-409,-408,-407,-406,-405,-404,-403,-402,-401,-400,-399,-398,-397,-396,-395,-394,-393,-392,-391,-390,-389,-388,-387,-386,-385,-384,-383,-382,-381,-380,-379,-378,-377,-376,-375,-374,-373,-372,-371,-370,-369,-368,-367,-366,-365,-364,-363,-362,-361,-360,-359,-358,-357,-356,-355,-354,-353,-352,-351,-350,-349,-348,-347,-346,-345,-344,-343,-342,-341,-340,-339,-338,-337,-336,-335,-334,-333,-332,-331,-330,-329,-328,-327,-326,-325,-324,-323,-322,-321,-320,-319,-318,-317,-316,-315,-314,-313,-312,-311,-310,-309,-308,-307,-306,-305,-304,-303,-302,-301,-300,-299,-298,-297,-296,-295,-294,-293,-292,-291,-290,-289,-288,-287,-286,-285,-284,-283,-282,-281,-280,-279,-278,-277,-276,-275,-274,-273,-272,-271,-270,-269,-268,-267,-266,-265,-264,-263,-262,-261,-260,-259,-258,-257,-256,-255,-254,-253,-252,-251,-250,-249,-248,-247,-246,-245,-244,-243,-242,-241,-240,-239,-238,-237,-236,-235,-234,-233,-232,-231,-230,-229,-228,-227,-226,-225,-224,-223,-222,-221,-220,-219,-218,-217,-216,-215,-214,-213,-212,-211,-210,-209,-208,-207,-206,-205,-204,-203,-202,-201,-200,-199,-198,-197,-196,-195,-194,-193,-192,-191,-190,-189,-188,-187,-186,-185,-184,-183,-182,-181,-180,-179,-178,-177,-176,-175,-174,-173,-172,-171,-170,-169,-168,-167,-166,-165,-164,-163,-162,-161,-160,-159,-158,-157,-156,-155,-154,-153,-152,-151,-150,-149,-148,-147,-146,-145,-144,-143,-142,-141,-140,-139,-138,-137,-136,-135,-134,-133,-132,-131,-130,-129,-128,-127,-126,-125,-124,-123,-122,-121,-120,-119,-118,-117,-116,-115,-114,-113,-112,-111,-110,-109,-108,-107,-106,-105,-104,-103,-102,-101,-100,-99,-98,-97,-96,-96,-95,-94,-93,-92,-91,-90,-89,-88,-87,-86,-85,-84,-83,-82,-81,-80,-79,-78,-77,-76,-75,-74,-73,-72,-71,-70,-69,-68,-67,-66,-65,-64,-63,-62,-61,-60,-59,-58,-57,-56,-55,-54,-53,-52,-51,-50,-49,-48,-47,-46,-45,-44,-43,-42,-41,-40,-39,-38,-37,-36,-35,-34,-33,-32,-31,-30,-29,-28,-27,-26,-25,-24,-23,-22,-21,-20,-19,-18,-17,-16,-15,-14,-13,-12,-11,-10,-9,-8,-7,-6,-5,-4,-3,-2,-1,0
-4.46598208692295e-10,-4.31943217703265e-10,1.15924615373183e-09,-9.61182723119578e-10,-3.84660920969905e-10,-1.20957984642957e-09,7.37890742863443e-10,2.45054439074528e-10,-1.62995205960069e-10,2.36962962776527e-10,-1.68753590670542e-10,-6.73452796626432e-10,-8.41935593665122e-10,2.5678485984884e-10,9.89052980228944e-11,1.49005597115505e-10,3.65833543090239e-10,1.51600699355098e-10,1.44777790759551e-10,-1.41914324769249e-10,-6.10106493349239e-10,-1.01094411804015e-09,4.24433100467805e-10,-2.93046117996733e-10,-2.62790121648912e-11,8.55473698625609e-10,-4.26851946132098e-10,1.50373249871792e-10,4.78906485108036e-10,1.26706881445101e-10,2.97646526829155e-10,-7.84863566920629e-10,2.19304806271808e-10,2.84720398262413e-11,-1.08765421646944e-10,3.72336118720507e-10,4.35037660042573e-10,5.35545054028242e-10,6.36691640062355e-10,-1.11596790642449e-09,-4.92476688669586e-10,-7.42315804697922e-11,1.92017778408917e-10,-6.23149478839463e-10,1.08247448196333e-10,2.73226394393227e-10,-2.37555182464757e-10,1.75804373976108e-10,5.44595500203792e-10,9.78399466985675e-10,1.14577261623024e-10,3.36537061479133e-10,-5.55064212609949e-10,3.42997731461523e-10,-6.15856385915337e-11,-1.2789369943738e-10,5.60372850974933e-10,-5.50681343639769e-10,2.2183395644142e-10,3.35733151450165e-10,2.61726422177007e-10,1.37778540415748e-10,-4.80916046068855e-10,-2.1494664597176e-10,3.84496403548691e-11,1.05357958266479e-10,1.05879141202342e-09,2.4083515784323e-10,8.94278106150274e-10,-1.88053037130334e-10,-1.2726908082252e-10,4.00289762439625e-10,-3.89357576226816e-10,6.93264672374164e-10,-1.86522477047787e-10,2.69423336401367e-10,-4.86612109702922e-10,5.48691202243997e-10,1.44355859673978e-10,-8.25241697378958e-10,-3.98172133371311e-10,-1.54876352049985e-10,4.60430342744087e-10,-3.64767714226221e-10,-2.48642783948376e-10,-6.01676709968197e-10,-1.11096490817162e-10,5.25080130730776e-10,1.02916048590532e-10,-2.54144400491463e-10,-7.01843027478176e-11,4.72249611811674e-10,-7.12092151236434e-11,9.66081514819675e-12,-2.68583247109901e-10,-2.59252178646159e-10,8.06225269348912e-10,4.83874447689347e-10,5.62653751706187e-10,-1.00875105826033e-10,-3.58646280271413e-10,-2.32077727104734e-10,-7.79877131737484e-10,7.68398382404255e-10,-2.85958238455539e-10,1.50483353521359e-10,-3.72076086543374e-10,6.70419072684556e-11,-1.78286021034817e-10,2.04638112740348e-10,-9.64695665710765e-11,-7.3560991215839e-12,-2.86408669679719e-10,-2.180840359544e-10,3.82125714828494e-10,9.16291342111956e-10,9.80300801561668e-10,-1.9819156014655e-11,-2.85786932244668e-10,-7.55444117731708e-10,2.07454506341211e-10,-2.57347271245331e-11,-1.05119987611331e-10,7.49234575383115e-10,-1.16466706964293e-11,5.21865160925067e-10,-2.14209871453341e-10,-5.25033270653988e-10,-3.15328858929998e-11,-5.31358560251895e-10,7.68668945585503e-11,3.82282364298848e-10,-2.24025233238433e-11,-6.7264284061425e-11,-8.55284092109257e-10,-4.48925215850424e-10,4.39608362724051e-10,-3.64578142261662e-10,2.37430162872261e-10,2.53121370230927e-10,2.5506206611382e-10,-2.32439287412972e-10,-3.64362437037533e-10,-8.21610766490928e-10,-1.40435204824052e-10,-6.29624101444988e-11,-3.75796449607162e-10,-8.99946530849171e-10,5.9654794161324e-10,1.20130026468481e-11,-4.14439077796259e-10,8.68512285996794e-10,-7.02607419923932e-10,6.21232613959174e-10,9.22425201177588e-10,4.46824157220212e-10,1.81722626648411e-10,-3.30200039363067e-10,-6.09955265693416e-11,-1.22837452451762e-10,5.47608219118345e-10,-4.22532482803155e-10,-1.00996219961078e-09,-3.13512141870804e-10,5.90237011414395e-10,3.06312245825438e-11,-1.36356152305068e-09,1.70457501389409e-10,-9.60146430435215e-10,-1.45237121766364e-09,3.36430564252734e-11,6.56318819880835e-12,6.22442021348956e-10,-1.30373828831863e-10,-4.93347251226704e-10,-3.18971531045526e-10,6.1495997777934e-11,1.60060090526708e-10,-3.47246111988228e-10,-6.77346966201779e-10,-7.56487070264349e-10,-4.18324494087955e-10,6.00703218166177e-10,1.56347093635527e-10,1.38986205415109e-10,-3.14052009566959e-10,1.98948602592363e-10,9.96360744403804e-10,-5.93226327037979e-10,8.92954446663245e-11,-3.12843625650796e-10,-9.94905448215288e-11,6.01566266068333e-10,-3.5553948194962e-10,-8.82667108994825e-10,3.28409109498243e-11,-6.38206685676606e-10,9.96988842871563e-10,-1.09512584490021e-10,3.64183032324694e-12,6.64440742692477e-10,5.62600639536204e-10,2.93853966596852e-11,-1.37878581606119e-10,2.53957787345173e-10,1.21294830539189e-09,-7.53116258999454e-11,2.5822295071492e-10,5.0590049458514e-11,-6.12026811425278e-10,-4.66158428367383e-11,-1.39051098925514e-11,6.84041599345879e-10,5.4579719620118e-10,-8.28012426333636e-10,-3.72417619180286e-10,1.01863870328379e-10,4.34450013203679e-10,7.20047929023103e-10,-1.85460466075602e-10,4.50540757628432e-10,-7.56786207683136e-10,-8.77844001247213e-10,2.86390924544354e-10,1.98889052513266e-10,-1.30838702650716e-09,-1.80469467065745e-10,-1.25304724160675e-10,-9.73218560156702e-11,1.02344470245085e-10,5.09109257949108e-10,-4.08121874034852e-10,5.35510914719907e-10,-8.12595805242303e-10,-9.4527402623113e-11,-3.04056847335734e-10,4.74794098288469e-10,-8.56553750590005e-11,-4.28075212004499e-10,3.82046733521378e-10,-7.87221867845659e-10,1.16219578336481e-09,-3.55677778101488e-10,6.16820002928303e-10,2.79829404587007e-10,5.81310463075835e-11,1.66363554515188e-10,2.3531761147363e-10,-3.27628254835922e-10,4.15408024264161e-10,-1.92752738990115e-10,-3.17687170778298e-12,1.4616990112713e-12,2.47218301767354e-10,-8.50752197998145e-10,-9.29289203927181e-10,9.01867092977452e-10,7.17243709077993e-11,2.87988273049938e-10,3.36387067566347e-10,-8.64600394002805e-11,5.77920310656401e-10,5.76048697586897e-10,3.75233485850663e-10,-2.53340409918477e-10,-1.05309055826366e-09,-5.20953070216241e-11,2.96015297230295e-10,6.4893637679197e-10,-1.98342670714665e-10,-2.13467150382747e-10,-9.12167490502758e-10,8.98943940201227e-10,-1.50170581677048e-10,7.94035056708313e-10,-1.63971808331132e-10,-2.76315799410831e-10,-4.9334566978554e-10,-1.09233162200777e-10,1.94526060255678e-10,-9.95084668948581e-10,4.70177656138897e-10,1.04185445280391e-09,4.0740962089205e-10,-1.55727813893142e-10,-1.46158791091784e-10,-1.03652479748829e-10,4.74250530748465e-10,3.16000320344062e-10,7.01086526722447e-10,-3.77827786967639e-10,-3.92765290339921e-13,-2.04274526384388e-10,3.20911760455567e-10,-8.7715542698572e-10,-7.04641146699168e-11,-7.15594185452815e-10,8.05320221720891e-10,5.62030211392898e-10,-2.3567832609858e-10,1.85442167112106e-10,-2.61685608054095e-10,3.46404679351075e-10,4.62928332087492e-10,-6.93690831042059e-10,-5.29401368477678e-10,-1.87086007281636e-10,-8.28255017662269e-12,-4.76515734640077e-11,5.02463411015729e-10,-3.06435629665724e-10,3.28870374173868e-10,4.78354404806313e-10,-7.6122584959753e-10,4.7051880568362e-10,-9.65275772689749e-11,1.40281395885676e-09,9.37952629557257e-10,5.42489525041852e-10,6.74802969752539e-10,-1.18650472169042e-10,-5.12701776352226e-10,-2.08869951384191e-10,-1.32894993061159e-10,-1.33307160444035e-10,3.25812250074885e-10,3.76661714369154e-10,3.31795152408136e-10,9.62292787217792e-10,-1.76120420394345e-11,1.0098259726366e-10,-4.03845080196789e-10,-2.44446312495347e-11,3.89287653694491e-10,4.79607805360974e-10,-6.65242242908799e-10,-3.80878441633234e-10,-8.48480792315601e-10,-5.3873241844645e-10,1.3950464894011e-10,-1.26652882331519e-09,4.7142656053537e-10,3.07688930869878e-10,-2.56041376080299e-10,1.99498003049625e-10,8.06221557764785e-10,-4.76004384274826e-10,-5.95713190900517e-10,2.95377463312417e-10,-1.80065780652855e-10,2.63677559182666e-10,-3.68785477445986e-10,-7.58532435366929e-11,3.16805573190491e-10,-4.82818094680873e-10,2.53584708550653e-10,2.55741165795266e-10,-4.49861724223815e-10,1.03464813662718e-09,1.55059418433266e-10,-7.49449840917716e-10,-4.25901026094023e-10,7.30485268275168e-11,-2.76060919044852e-10,-4.85622926009773e-10,3.50000227949121e-10,-1.17230385500242e-10,3.09475269322097e-10,-1.45464626532295e-10,-1.91719653753517e-11,6.89662212303918e-10,-4.37932403108836e-10,7.85715096304393e-10,-3.18170355428477e-10,-7.85577027647872e-10,5.63191051885829e-11,-6.06616010974628e-11,-1.83321768778512e-10,2.8545259378737e-10,4.43715733827872e-10,-5.15529827809875e-10,-1.27882218332217e-10,4.72008499962872e-10,-1.14556832076252e-10,5.91362862124674e-10,3.04850282336506e-12,6.91898213451959e-10,2.85180918312908e-10,-7.64379939068401e-11,6.25323893479954e-10,-6.83522080535203e-10,-2.15122367678703e-10,1.87154380295219e-10,-4.64098610400852e-10,-9.40411250400896e-12,-4.86579976839741e-10,-6.55103330552835e-11,-1.5180927164913e-10,4.02432035342437e-12,-6.16643424995355e-10,-8.68311577406419e-10,2.61133743938739e-10,4.56908439750824e-10,1.78286499454456e-10,5.66020720274612e-10,3.22041627348684e-10,-5.25958863134888e-10,3.18998257073304e-11,6.65749533195242e-10,3.17303343837656e-10,-6.87794815277926e-12,9.52269267071762e-10,-2.99074256281075e-11,-3.19957887473408e-10,-8.6652739621034e-10,-4.45953350647443e-10,4.789105107476e-10,-2.04575300688108e-10,-1.7722893726569e-10,1.69929305321802e-09,1.51412691982312e-10,-4.29511045104365e-10,1.02507965006227e-10,9.33289891051376e-10,5.9024956006785e-10,4.00178371324103e-10,5.22842593755224e-10,1.40265939888301e-10,-8.13613247315976e-10,-5.16481025582346e-11,2.91753810031543e-10,8.04184559137946e-11,-3.89376866347548e-10,-7.1866139517243e-11,2.57296080021184e-10,-4.06589290217789e-10,-3.96021767825724e-10,4.04183392998024e-10,-8.14042726931053e-10,7.43771254252786e-10,1.68996868156658e-11,-7.60637117518015e-10,-4.63139965579176e-10,7.0902888199737e-10,-8.74509198005371e-10,-6.46069670540835e-11,5.75685255961608e-10,4.12075955531152e-10,1.50759371901187e-10,-2.91518015286747e-11,2.53990499455017e-10,2.41753643286741e-10,-3.99285400093112e-10,-4.80496514158745e-10,3.11326651060905e-10,3.67141359861211e-10,3.84700358835762e-10,-1.93815481129242e-10,-4.62397859200165e-10,-2.9523336593064e-10,1.24708705209062e-10,-3.58881746377489e-10,3.52148743933725e-10,3.96036356372722e-10,7.06059281286314e-10,-8.94256047799007e-10,-7.42032210143033e-12,-2.97078147063074e-10,-3.83155291286122e-10,-2.88392205564349e-10,3.12482049038156e-10,3.1745857366578e-10,-3.83042163718771e-10,-3.29262644469108e-10,-5.87044422814848e-11,-6.15256532830259e-10,-3.64555552541339e-10,-6.21282857120647e-10,8.9552230261427e-10,8.11552388358913e-10,3.45978772233777e-10,-1.35915536225675e-09,-1.2708580753855e-10,-4.5157145292722e-10,-2.4747908251606e-10,-1.76414265713111e-10,6.71321971351201e-10,-7.11966127836849e-10,-2.62020901880132e-10,-6.10515737584175e-10,-4.88393221744571e-10,2.55600903740693e-10,6.72692862461444e-10,-2.33029672980385e-10,-8.21543993736644e-10,2.07861398963998e-10,-1.96750804371509e-10,3.31560571180265e-10,3.63245074706809e-10,-2.27814141157192e-10,1.05709566405712e-09,-4.38940655777397e-10,5.08187601401534e-10,-2.37517684734746e-10,-1.96106410588076e-10,-4.74052185715377e-10,3.99381727007151e-10,-3.4144335376517e-10,6.47716855478967e-10,-1.11627840831451e-10,8.72958098243114e-10,-3.52586665399572e-10,1.9252562969028e-10,1.55606611430661e-09,6.67491213989543e-10,-6.65102154280701e-10,-2.88539707957278e-10,-8.86588727940442e-10,-3.68240084542377e-10,-4.76353928929891e-10,-3.94680291090896e-10,2.33276642362035e-10,1.530461999995e-09,4.37584429778732e-10,-1.86659034852805e-10,-5.92810694413531e-11,-4.58643639500244e-10,-7.35055742048953e-10,9.80050689098119e-10,2.16440804382667e-10,2.18583371190896e-10,1.82090262654098e-10,3.98228348714357e-10,8.26845841459341e-10,-5.09890642752943e-10,6.86011433171912e-11,1.23593248592031e-10,5.41758879321977e-10,5.12717107579106e-10,2.89565574932905e-10,4.44541250239923e-10,3.80662145893807e-10,-6.14839520275517e-11,1.49084928613874e-10,6.61398801291021e-10,-1.43417077380511e-11,1.18951639333247e-09,-4.02581137950108e-10,-9.27134782692626e-10,6.84790505529615e-10,-6.95361665968784e-11,8.74926384440182e-10,-1.05997208413257e-11,6.50776578682184e-10,2.11825632099658e-10,2.41945701571753e-10,2.87840254646248e-11,1.0764871302709e-10,-1.71968500299371e-10,-1.00095265548901e-10,2.9059876131197e-10,1.45562971397371e-10,-2.89534042177528e-10,4.33935750736093e-10,-2.08971210918564e-11,-2.40421654875567e-10,-3.51784199535011e-11,-1.5853054382828e-09,4.83584566985819e-11,-5.85494972909905e-10,6.36847026349837e-10,-7.87281302981987e-10,2.23715292502209e-10,7.56669662298631e-10,-4.82080759211422e-10,7.02331102010518e-11,3.55580692824841e-10,-6.77938081581591e-11,-6.17495340177321e-11,-7.9337449065801e-10,1.33396287112333e-10,-1.69150785109806e-10,-8.52676834999664e-10,-2.68109326529706e-10,5.6332694784028e-10,7.48762466001201e-10,-1.48953071807005e-11,-1.6835228803304e-09,2.59192824390036e-11,6.20247537635737e-10,4.04722112060767e-10,3.1878561599471e-11,7.35104138339318e-10,1.00526558165045e-09,-7.47959581440849e-10,-4.19473413840367e-10,-1.73640292226358e-11,1.09858877338179e-09,2.61032716356573e-10,-6.72953085565999e-11,2.22260373036451e-10,-5.17638190176725e-10,5.46998936315699e-10,3.87146732325013e-10,2.79975046741254e-10,2.45608076837398e-10,-5.53071236152116e-10,5.53593252362432e-10,-5.05830682691509e-10,-2.24953632063925e-10,1.6642738201113e-09,-1.01118407520763e-09,-6.11462413241728e-10,-3.80833890652574e-10,-8.41245064085306e-10,-6.29197553749683e-10,-6.89230677244527e-10,6.59534240503196e-10,9.62193917182456e-12,1.63765078668491e-10,2.83598621308924e-10,1.57446937894061e-10,-3.17436066753157e-12,-1.81597690798671e-10,2.97857915451444e-10,5.37022727576452e-10,-2.33578587171083e-10,2.51144315148878e-10,2.15254933865196e-10,-3.38504848464189e-10,-1.77990486173185e-10,-2.49617455315717e-10,-3.06598198960025e-10,-4.52333005948119e-11,4.30110240440079e-10,6.99625618115024e-10,-4.36002321198692e-10,5.67007084945403e-10,8.91921120233017e-11,-8.21871010685251e-10,-1.86322487286679e-10,-2.08771339840734e-10,-1.83070149266394e-10,-5.5001890216708e-10,8.43238500660856e-10,1.54911815665097e-10,3.09526066227789e-10,1.30276456732155e-10,7.72772085520407e-12,6.09306477175223e-10,4.04125833643904e-10,1.37768276907948e-10,-1.45737639225771e-10,9.39011165986396e-11,-5.29534965614493e-10,-2.63514535338926e-10,1.54223366767228e-10,2.97876116993037e-10,-1.36513647751307e-10,-1.28599916829506e-10,7.003995108101e-10,-2.26226391035676e-10,1.6030792656388e-10,5.76154180610906e-11,4.6757782570973e-10,1.69130036831444e-10,2.29821495027693e-10,2.49915675508935e-10,5.2891995184128e-11,4.12995778841331e-10,-2.17167432866697e-10,-2.55541637554088e-10,5.14156020634002e-11,7.33291377931939e-10,1.92308003083876e-10,-5.05635910893818e-10,-1.29885338318488e-10,-6.58230905173363e-10,1.21798995873123e-09,7.70763817393012e-10,-4.30571395561218e-10,2.29753665775185e-10,-1.00238903607295e-09,-4.51157783127749e-10,-3.31251289679254e-10,-6.63411622671737e-10,7.43272688517681e-10,-2.97069934298429e-10,-2.18191226506473e-10,9.08015069540206e-11,1.53878161768286e-09,8.30457675470513e-10,-4.92404145440063e-10,3.84198712415426e-10,2.82109669296797e-10,-1.69526156998346e-10,-1.37843550062046e-10,5.59149405731164e-11,4.27084407278371e-10,1.36027533538566e-11,4.60373550504334e-10,-8.55104685878186e-11,-6.55001268734524e-10,-1.09652943034757e-10,-3.91104165690535e-10,7.44371055700864e-10,3.31531372195194e-10,-2.01404609454729e-10,2.1865971093231e-10,-1.14630435489659e-12,-2.239210616642e-10,1.78581872105312e-10,5.1900567037017e-10,-2.26337820960293e-10,-3.68633076180798e-10,6.14917337870522e-10,5.01636456006366e-10,-2.85656104285301e-10,-1.43062645207542e-09,3.12755855508711e-11,4.64834736640851e-10,-4.97055014878038e-10,-4.85618464412098e-10,-6.34720883041382e-10,8.91546004360865e-10,-2.83550100279173e-10,3.04477706123993e-10,-6.50744512988393e-10,-6.14573132241336e-10,-4.5086955935919e-10,6.46998322098709e-10,-5.57719579742911e-10,-8.07691732335464e-10,-6.63570614458508e-10,3.41513036262402e-10,2.55567208141745e-11,-3.21166165043722e-10,5.73930988380467e-10,-2.1555387950772e-10,2.47140152108427e-10,4.20508849848122e-10,-2.18778299891924e-10,4.38109327461793e-10,2.38900335289852e-10,-6.08289204409735e-11,2.97957763802615e-10,-7.66287567321564e-10,2.04719339698583e-10,4.52808404981019e-10,1.53644231326976e-10,-7.92921811598957e-10,-6.482728254072e-11,-8.38241728431133e-10,-5.6303396468599e-10,-2.09291594619946e-10,-1.71761894042692e-11,-2.79927598524608e-10,-9.04922301933899e-10,-1.41891905237486e-10,-1.22529883740808e-11,-6.03695314411493e-10,5.89853916035262e-10,-9.199916222599e-10,4.4624521197838e-10,4.87643316472612e-10,-3.18460977465127e-10,-1.3938671846359e-10,9.97434273087824e-10,-2.70429850477579e-10,-8.20498971435962e-11,4.89276035526712e-11,3.78869848211227e-10,-2.21993330127433e-10,1.61610508745157e-10,2.19682811509921e-10,4.57962764570489e-10,-4.52949657911561e-10,7.44554507221937e-11,-6.89563799818649e-11,-2.41796413522264e-10,-1.64047266561174e-10,-1.07494818827589e-10,6.90372450877602e-11,3.16903939504095e-10,-8.61190140697248e-11,5.18407029447232e-10,-3.66609196839457e-10,-6.44704555366579e-10,4.04430588095077e-10,6.45845844653301e-11,-2.31550236385159e-10,1.088535756572e-10,1.75856604574525e-10,-3.65305503469473e-10,3.09344064462236e-10,-1.00386524050094e-09,6.64706125235136e-10,-1.96146607289278e-10,9.97008834812179e-10,1.69054917787419e-10,3.50122675989227e-10,-2.25347175260626e-10,2.53163098122e-10,6.87138777042523e-10,-4.13646636207934e-10,1.44222731655511e-10,5.02587809217692e-11,-5.6973230323931e-10,-8.577810906367e-11,1.00428177139438e-10,1.03947320917335e-10,2.73541137062121e-10,3.72492538432432e-10,1.09995459721499e-10,4.95822899750109e-10,-3.21276053203939e-10,3.95442748670821e-10,-1.1415917261801e-09,6.57315332845824e-10,-7.28438503643719e-10,-4.04175613841907e-10,7.53005347454778e-10,4.10712340340419e-10,-5.16421527619818e-10,-1.45178078722998e-10,-3.08042247128762e-10,-5.18089106041575e-10,2.05911705591556e-10,3.00467867166864e-10,-3.46452471339246e-10,-5.38701590120048e-10,-3.38425378265919e-10,-4.16256246002138e-10,-2.71281434909566e-10,6.06064400837423e-10,2.39264425923508e-10,1.11891301431319e-09,-8.76956922649122e-10,-4.53914280817746e-10,-3.85175870607834e-10,7.42571698230228e-10,-1.05793253549241e-09,-3.03585224206619e-11,-2.11929825334619e-10,-4.6227652595591e-10,-5.82304446095858e-10,2.3830609317051e-10,-1.15882421115843e-09,8.95415840718641e-10,-1.15726052420664e-10,-7.64871078271941e-10,-2.14202319079846e-10,-6.40319770303716e-10,-3.5651199128202e-10,-1.05347024363546e-09,7.37099233937394e-10,-2.38591253617648e-10,-1.01546433910968e-10,-4.74175376110699e-10,8.68391010919214e-10,-3.01389316027006e-10,5.96418851615894e-12,-5.45642128123457e-11,-2.70234418868807e-10,6.27295768938471e-10,2.68307848575411e-10,-6.42114293997801e-10,1.03053064394176e-09,1.69882503277632e-10,-5.47865939522744e-11,5.90913862250199e-10,7.02735637736921e-10,3.34541949425815e-10,4.85890635905511e-10,-5.20470117319883e-10,-1.55873909432708e-10,-6.93191774726197e-10,-1.89714633317603e-11,-8.93777287267961e-11,4.38594279137657e-10,-4.0211074122002e-10,-2.5454695325411e-10,-2.98122502953187e-10,3.46343842467155e-10,3.16332907780507e-10,-7.32692502929116e-10,-2.5975262527042e-10,2.5883178355619e-10,5.85696296146587e-11,9.16630566715219e-11,4.53257538898994e-10,-6.7771869924609e-11,-1.29097401590652e-10,-9.43304721458607e-11,-8.8902006221359e-10,-1.13994897296402e-09,-2.09545434159202e-10,-4.30246934646898e-10,-1.17783219584716e-10,6.0187268688845e-10,-3.33680999500225e-10,-6.85738590962655e-10,2.96782916539196e-10,-6.05090387015265e-10,-5.88022177085204e-11,8.61382778829426e-10,-1.36844515666533e-11,-8.40059203978211e-10,-4.42914740328775e-10,-5.9449597669187e-10,8.68758164532259e-11,-4.49414838719123e-10,3.14049257675603e-11,-4.8150271789046e-10,-7.30688613516472e-11,-3.34042471601559e-10,6.68606069533028e-10,-8.81208053562431e-10,-2.55603557119602e-10,2.17794414126562e-10,1.58685208097174e-10,9.05295637995408e-10,-6.28808056411824e-10,-4.18332214350759e-10,4.97396043823427e-10,-5.96838285223763e-10,-4.53769689186647e-11,-9.59759898974184e-10,3.3057816548872e-10,-8.62209130544632e-10,3.86154930177901e-10,1.98060457846336e-10,3.41653168679935e-10,-7.55325468527492e-10,7.69282724316092e-11,3.73397181015248e-10,5.62513238902054e-10,5.07909117462815e-10,2.25697867625069e-11,2.2792666974327e-10,1.04943201590014e-09,1.46553011357671e-10,-3.30721705427452e-10,-2.80529378895757e-11,2.76529618566997e-11,9.70275369397949e-11,3.68439837712022e-10,5.84118691105857e-10,-2.40100376161359e-10,-4.23415606749608e-10,-2.8813121703548e-10,-9.37813132449125e-10,7.20386786644472e-11,-5.66090805146008e-10,1.97024230335697e-10,5.70456743945744e-10,-2.95641003711718e-12,-4.44396350418524e-11,2.11737068377044e-10,-8.58346570214966e-11,-7.09779251569985e-11,3.91938197830485e-11,-2.19101956343935e-10,4.00625278134256e-10,6.46023121503061e-11,-5.15472101602962e-10,-6.33481404422591e-10,-9.42510945031134e-10,-2.06309273424433e-11,-2.03783934634466e-10,6.83201065464183e-10,-1.64603001117011e-10,2.03603699106975e-10,-1.70830391146664e-10,-9.75872392323974e-10,-1.32816434252349e-10,3.60839496080716e-10,4.07226981603249e-10,1.7433744447767e-09,5.42306860020094e-10,2.88090359573522e-10,8.41625823918868e-10,-2.80192694128806e-10,-9.39058902927839e-10,-8.92393699356931e-10,1.20618639935028e-09,-1.9531164058705e-10,4.8904232279671e-10,3.79925331003944e-10,4.45911087589113e-10,-6.82807786702918e-10,-1.89485981944926e-10,1.11482496828613e-12,4.27351234513694e-10,-2.26329862257015e-10,-1.45638338177111e-10,2.9071831588295e-10,-3.31951053721134e-10,-2.61880949215009e-10,-3.880001009193e-11,8.77134875427434e-10,-1.42185698960477e-10,7.94313934150232e-10,5.46352229561329e-10,7.84406515166246e-11,-1.32359771794975e-09,6.11123992260316e-10,2.81851171732092e-10,1.06822809000871e-10,-9.20039681435293e-11,-7.12706925626648e-10,-6.0200604087667e-11,-6.18818795214566e-11,-4.48567127026622e-10,-9.19532685294355e-10,4.44680526246441e-10,-8.46084754277027e-10,3.07526283468687e-10,-4.57469706147794e-10,-4.33191680058568e-11,7.93559384684826e-10,-1.11567861235902e-09,7.5590163168539e-10,2.72048495185235e-10,4.97987275192513e-10,9.9939042969696e-11,-4.72993030215082e-10,5.13379228673283e-10,-4.23467696785287e-10,3.22535837075938e-10,-8.6499485433309e-10,-7.57177284527835e-10,1.21969664735704e-09,-8.99140659585816e-11,2.79782439752884e-10,1.56000738350761e-10,4.81381568165229e-10,8.59738070304393e-11,6.70040002111806e-10,1.84158231394407e-10,-6.91136583506367e-11,1.64085955684385e-10,1.33311990642958e-10,-1.37699329720276e-10,-2.18583112411754e-10,-4.05516184918089e-10,5.69656333439954e-10,2.66256144768944e-10,1.34117030114049e-10,-2.38815345323989e-10,-5.74010029603718e-10,-4.02798671762823e-10,4.50446461435167e-11,-3.37298890454743e-10,3.17504926825178e-10,8.90211059526491e-10,-7.37964885620489e-11,1.01966862689485e-10,-4.49667897869773e-10,4.28988224771296e-11,-1.10101985991899e-10,7.24162854214222e-10,-2.75182755211575e-10,-4.7421819376846e-10,5.31799820370329e-10,-3.1990809955286e-10,-7.08638618561038e-10,-7.8017560450169e-10,4.17473652738515e-10,6.24636334693789e-10,5.54277188424005e-10,3.43967652977665e-10,3.41188310141288e-11,3.60466123511033e-10,-8.069156315427e-10,-5.79935723073713e-10,-1.15907545033433e-10,-3.5471656050907e-10,5.25747980701503e-10,2.25355130537107e-10,-4.80447746627073e-10,6.12535832914435e-10,-8.35622140961553e-10,-2.87737804559027e-10,-3.35639594044468e-10,-7.52367546104221e-10,1.43057616315433e-09,1.32773067096719e-10,7.87395513593743e-10,-2.87018582290973e-10,1.97822018149512e-10,6.81834126060038e-10,7.57150792244011e-10,-3.32725325279552e-10,1.01038635452101e-09,-6.5976959651224e-11,-7.21022176982682e-10,4.53637463167612e-11,2.78271851265507e-10,-3.39310882246427e-10,-4.96181908410206e-10,1.6269135569102e-10,2.87149941343055e-11,-8.38190504147275e-10,7.47035369977976e-10,-7.57721637152776e-11,5.21351643310453e-12,-3.367045751769e-10,-4.15695770940659e-10,-1.90387098131237e-10,-1.34918858200902e-10,-1.61922666226486e-10,7.70329470845192e-11,1.46474148390355e-10,6.65688143542365e-10,2.88228271498101e-10,-3.79296633263935e-10,-2.19059738123336e-10,5.70643880276786e-10,6.32153893513218e-10,3.6591825299499e-10,9.9283143940499e-10,4.92586394427378e-10,-9.46011729982491e-11,3.51476193708579e-10,-6.01390256034772e-10,-2.43467093717384e-10,-3.49102189070867e-10,1.50906374967578e-10,1.17806372055643e-10,6.56007063895829e-10,-2.50897225408086e-10,-4.60537775489193e-10,8.84262365422324e-11,4.40555171860661e-10,1.63654872793396e-10,-3.45925415415906e-10,8.03170658791196e-10,9.56007567269219e-10,-1.4707149475255e-10,-1.10581086867211e-09,2.96237176751492e-10,1.56237603991419e-10,4.56027557646022e-10,-8.66144121555167e-11,-4.51782976555747e-10,-3.24552434659477e-10,-1.78909774584099e-10,4.52155869700841e-10,-1.82435350547319e-10,5.73421365565068e-10,5.88835890930988e-10,8.26014355412255e-10,-2.1749273181145e-10,3.93198256289257e-10,2.40259604274534e-10,7.70214127266102e-10,-8.00798704407232e-11,-8.08579916767404e-10,-8.63265137128599e-10,3.23905778738247e-10,7.82312112245773e-10,-4.39842549719591e-10,4.89420932573127e-10,1.46356534119546e-10,7.70738541223686e-10,-5.01716771941049e-10,1.37571877166765e-10,4.54184042355671e-10,2.71668139178947e-10,-2.91448805146063e-10,2.53241538318768e-10,1.31888254374521e-10,3.27762934062564e-10,7.62933759798144e-10,-1.77954709018021e-11,-6.88328699486152e-10,1.23545505468664e-10,-3.20961409323319e-10,7.28057747774128e-11,-5.5305955768373e-10,-2.54835706221582e-10,-3.7687820464782e-10,2.94761189308018e-11,3.49507172673682e-10,-2.85057886430962e-11,9.80325182811756e-10,2.58919208151911e-10,5.9748653558037e-10,-9.19578965144233e-10,-5.15725077088544e-11,-2.15185243259687e-10,-5.21466705461951e-10,2.13206070492925e-10,4.22492267431082e-10,-1.04188480107742e-10,7.01751042687473e-10,-4.46585477419909e-10,2.69461236903606e-10,1.71410483891301e-10,-7.57050299283716e-11,7.13078055826694e-10,-7.54431695679162e-10,1.29012369735784e-10,-1.70380999395927e-10,7.8109783137714e-10,-4.05182740724091e-10,1.29794100431551e-09,2.37630728230106e-10,-6.73591870414979e-10,-1.83995162789298e-10,1.27339988981833e-10,1.67990111663005e-10,6.55357398613393e-11,7.75785028040831e-10,-4.40642179759642e-10,-1.13012282411618e-10,1.3159753469335e-11,-5.55194044757516e-10,-3.4798184269483e-10,-1.14757657911831e-10,1.78055436772925e-10,-1.67896397480309e-10,-1.55962813546131e-10,-5.80195018649405e-11,5.86809564359893e-10,4.07423305820536e-10,-2.13137306807615e-10,-5.59347117941795e-10,4.83205191033076e-10,-1.18433088035169e-10,1.95757729913848e-10,-2.21957121039337e-10,-8.53463546364709e-11,5.87884534691535e-10,-8.88682627237884e-10,-3.5733597875866e-10,4.84564143994294e-10,-1.32179378173733e-10,3.56005668112868e-10,-4.06130845184632e-10,1.3177175493752e-10,1.21039396017684e-10,4.15999182400953e-11,-1.297430484529e-10,5.78909340105858e-10,6.01746828394013e-10,3.3595721502063e-10,-1.84268834037577e-10,4.50575038988436e-10,5.18074254260988e-10,1.01398778746058e-09,-3.60417333552095e-10,-7.33349794322664e-10,2.63056285184635e-10,-2.70129187712387e-10,-5.91111497110784e-10,-7.06193495524314e-10,9.76416828995742e-10,9.60391608892862e-10,-1.4694150704124e-10,6.82613182468838e-10,-5.68446631435064e-10,9.56731617445778e-12,1.60242135093824e-10,1.57830039825551e-10,-3.67918969855889e-10,-1.3892509651083e-10,-1.52560004880416e-10,3.36081627105455e-10,5.90797837499956e-11,-3.05485416464597e-10,-1.88792650080683e-10,2.1162115808643e-10,-6.93710725989274e-10,-9.81377502010053e-10,-2.09238264304879e-10,5.74569943721327e-10,-4.93730205284409e-10,-3.73431585654273e-10,-2.46437193195619e-11,3.16092746535867e-10,-8.24234392098347e-10,4.62484278801259e-10,5.6222299013368e-10,6.76828010915814e-11,-6.98990247068772e-10,-1.74602697117003e-10,-1.7167421374806e-10,-2.49301968199787e-10,-4.75690331881929e-10,-9.4435132343486e-10,-8.01678367763119e-12,-5.64846095596707e-10,-5.00188856428926e-10,-6.63777289249892e-10,-2.92210413984902e-10,7.05440393263386e-10,-4.73428053754108e-10,7.75463381839324e-10,-1.06164904168752e-09,-4.41430244690973e-10,9.91701445784688e-11,-3.32941261591508e-12,6.88934628324946e-10,-2.2501077587067e-10,-2.51297950952695e-10,2.79017227853505e-10,2.36749447834102e-11,6.84689059263952e-10,-8.59971761679527e-11,-5.85131922316256e-10,-8.66198015646766e-10,-5.76686384052239e-10,1.9768323761858e-10,-3.55357300069833e-10,4.59548499053072e-10,-6.34757314044744e-11,2.75334289220221e-10,7.45040045421453e-10,2.997325781603e-10,-1.58567318447028e-10,4.34215891966066e-10,-1.06795245829623e-09,5.53975589451805e-10,-2.33757854963145e-10,3.58125280400641e-10,3.91706795102472e-10,-1.04006575688018e-10,-2.17957324209573e-10,4.7068741178298e-10,3.5957972041945e-10,1.55216995570369e-10,2.14376391942184e-10,-1.54506956228699e-10,6.22780707169551e-10,4.74887473881131e-10,1.07628123044896e-09,6.37821523244174e-10,-6.73029381956321e-10,3.80683114961737e-10,-6.38601198371852e-10,-7.76480906356312e-10,1.16091615660506e-09,1.09525002413574e-09,-4.14508551781685e-10,-6.06631404010846e-10,-4.53588688468967e-10,-5.76736643795686e-10,-1.24962422561085e-10,8.45525899137756e-11,-1.94242648002247e-10,-3.79322422619281e-10,4.34569826489565e-10,8.2401627052649e-11,1.82241946097199e-10,-3.73783446217605e-10,7.70304852162927e-10,-1.65970638885818e-10,-8.9450908886831e-10,3.11909220324187e-10,-4.11901563999837e-10,-5.70401429268021e-10,-1.11494890234278e-09,2.17297641301842e-10,-1.66681971609226e-10,-1.49368549589506e-10,-4.011236085794e-10,-3.24906603296248e-10,9.07483977867145e-10,2.41712689463341e-10,9.93447127983392e-10,-4.66716397856055e-11,-1.06663489180825e-10,-2.48264918393241e-10,-1.36920851735297e-10,6.43194438875835e-10,1.11733573783189e-10,-1.01023630407618e-09,-4.00882945691022e-10,4.55126208703615e-11,-4.34405904359693e-10,-2.25677719899863e-10,-4.21365404669823e-10,-5.55584727008714e-10,3.78459144317847e-10,9.07997009450317e-10,-7.8010515265615e-10,3.21977137368694e-10,2.92284083795932e-11,1.06358524564923e-09,6.40224566211935e-10,2.52419265162417e-10,8.48245402309733e-11,1.25477572614328e-09,5.46540550273747e-10,1.35411270638904e-09,9.14835941122428e-10,1.17242965616387e-09,1.09080560007464e-09,1.0875028875103e-09,1.50491163355144e-09,8.25823965970157e-10,1.9631477418133e-09,2.00779080355351e-09,1.43471395538885e-09,1.27899857933983e-09,2.07885410754887e-09,1.6495504542496e-09,2.6592258352731e-09,3.6036327337147e-09,2.6122471098614e-09,3.24441647503775e-09,2.92807657322217e-09,2.9124077267934e-09,3.06027904736158e-09,3.49225995154515e-09,3.91690606345261e-09,3.82638189179574e-09,4.15844947675931e-09,4.8405376782451e-09,4.391451959062e-09,5.99864816470855e-09,5.94994491711213e-09,7.30351866658182e-09,6.78793777147354e-09,7.9231970603855e-09,8.40218048877632e-09,9.34176941154644e-09,9.23815886889471e-09,1.0515743230972e-08,1.16197236779394e-08,1.24827861827196e-08
