v,0.25
Patm,100000
g,9.81
r,500
G,10^10.37
rho,2100
mu,10^4.25
rc,22
 
M,10^6.14
sigma,0.5
 
tilt_erupt,16.0713nrad
 
-1290,-1289,-1288,-1287,-1286,-1285,-1284,-1283,-1282,-1281,-1280,-1279,-1278,-1277,-1276,-1275,-1274,-1273,-1272,-1271,-1270,-1269,-1268,-1267,-1266,-1265,-1264,-1263,-1262,-1261,-1260,-1259,-1258,-1257,-1256,-1255,-1254,-1253,-1252,-1251,-1250,-1249,-1248,-1247,-1246,-1245,-1244,-1243,-1242,-1241,-1240,-1239,-1238,-1237,-1236,-1235,-1234,-1233,-1232,-1231,-1230,-1229,-1228,-1227,-1226,-1225,-1224,-1223,-1222,-1221,-1220,-1219,-1218,-1217,-1216,-1215,-1214,-1213,-1212,-1211,-1210,-1209,-1208,-1207,-1206,-1205,-1204,-1203,-1202,-1201,-1200,-1199,-1198,-1197,-1196,-1195,-1194,-1193,-1192,-1191,-1190,-1189,-1188,-1187,-1186,-1185,-1184,-1183,-1182,-1181,-1180,-1179,-1178,-1177,-1176,-1175,-1174,-1173,-1172,-1171,-1170,-1169,-1168,-1167,-1166,-1165,-1164,-1163,-1162,-1161,-1160,-1159,-1158,-1157,-1156,-1155,-1154,-1153,-1152,-1151,-1150,-1149,-1148,-1147,-1146,-1145,-1144,-1143,-1142,-1141,-1140,-1139,-1138,-1137,-1136,-1135,-1134,-1133,-1132,-1131,-1130,-1129,-1128,-1127,-1126,-1125,-1124,-1123,-1122,-1121,-1120,-1119,-1118,-1117,-1116,-1115,-1114,-1113,-1112,-1111,-1110,-1109,-1108,-1107,-1106,-1105,-1104,-1103,-1102,-1101,-1100,-1099,-1098,-1097,-1096,-1095,-1094,-1093,-1092,-1091,-1090,-1089,-1088,-1087,-1086,-1085,-1084,-1083,-1082,-1081,-1080,-1079,-1078,-1077,-1076,-1075,-1074,-1073,-1072,-1071,-1070,-1069,-1068,-1067,-1066,-1065,-1064,-1063,-1062,-1061,-1060,-1059,-1058,-1057,-1056,-1055,-1054,-1053,-1052,-1051,-1050,-1049,-1048,-1047,-1046,-1045,-1044,-1043,-1042,-1041,-1040,-1039,-1038,-1037,-1036,-1035,-1034,-1033,-1032,-1031,-1030,-1029,-1028,-1027,-1026,-1025,-1024,-1023,-1022,-1021,-1020,-1019,-1018,-1017,-1016,-1015,-1014,-1013,-1012,-1011,-1010,-1009,-1008,-1007,-1006,-1005,-1004,-1003,-1002,-1001,-1000,-999,-998,-997,-996,-995,-994,-993,-992,-991,-990,-989,-988,-987,-986,-985,-984,-983,-982,-981,-980,-979,-978,-977,-976,-975,-974,-973,-972,-971,-970,-969,-968,-967,-966,-965,-964,-963,-962,-961,-960,-959,-958,-957,-956,-955,-954,-953,-952,-951,-950,-949,-948,-947,-946,-945,-944,-943,-942,-941,-940,-939,-938,-937,-936,-935,-934,-933,-932,-931,-930,-929,-928,-927,-926,-925,-924,-923,-922,-921,-920,-919,-918,-917,-916,-915,-914,-913,-912,-911,-910,-909,-908,-907,-906,-905,-904,-903,-902,-901,-900,-899,-898,-897,-896,-895,-894,-893,-892,-891,-890,-889,-888,-887,-886,-885,-884,-883,-882,-881,-880,-879,-878,-877,-876,-875,-874,-873,-872,-871,-870,-869,-868,-867,-866,-865,-864,-863,-862,-861,-860,-859,-858,-857,-856,-855,-854,-853,-852,-851,-850,-849,-848,-847,-846,-845,-844,-843,-842,-841,-840,-839,-838,-837,-836,-835,-834,-833,-832,-831,-830,-829,-828,-827,-826,-825,-824,-823,-822,-821,-820,-819,-818,-817,-816,-815,-814,-813,-812,-811,-810,-809,-808,-807,-806,-805,-804,-803,-802,-801,-800,-799,-798,-797,-796,-795,-794,-793,-792,-791,-790,-789,-788,-787,-786,-785,-784,-783,-782,-781,-780,-779,-778,-777,-776,-775,-774,-773,-772,-771,-770,-769,-768,-767,-766,-765,-764,-763,-762,-761,-760,-759,-758,-757,-756,-755,-754,-753,-752,-751,-750,-749,-748,-747,-746,-745,-744,-743,-742,-741,-740,-739,-738,-737,-736,-735,-734,-733,-732,-731,-730,-729,-728,-727,-726,-725,-724,-723,-722,-721,-720,-719,-718,-717,-716,-715,-714,-713,-712,-711,-710,-709,-708,-707,-706,-705,-704,-703,-702,-701,-700,-699,-698,-697,-696,-695,-694,-693,-692,-691,-690,-689,-688,-687,-686,-685,-684,-683,-682,-681,-680,-679,-678,-677,-676,-675,-674,-673,-672,-671,-670,-669,-668,-667,-666,-665,-664,-663,-662,-661,-660,-659,-658,-657,-656,-655,-654,-653,-652,-651,-650,-649,-648,-647,-646,-645,-644,-643,-642,-641,-640,-639,-638,-637,-636,-635,-634,-633,-632,-631,-630,-629,-628,-627,-626,-625,-624,-623,-622,-621,-620,-619,-618,-617,-616,-615,-614,-613,-612,-611,-610,-609,-608,-607,-606,-605,-604,-603,-602,-601,-600,-599,-598,-597,-596,-595,-594,-593,-592,-591,-590,-589,-588,-587,-586,-585,-584,-583,-582,-581,-580,-579,-578,-577,-576,-575,-574,-573,-572,-571,-570,-569,-568,-567,-566,-565,-564,-563,-562,-561,-560,-559,-558,-557,-556,-555,-554,-553,-552,-551,-550,-549,-548,-547,-546,-545,-544,-543,-542,-541,-540,-539,-538,-537,-536,-535,-534,-533,-532,-531,-530,-529,-528,-527,-526,-525,-524,-523,-522,-521,-520,-519,-518,-517,-516,-515,-514,-513,-512,-511,-510,-509,-508,-507,-506,-505,-504,-503,-502,-501,-500,-499,-498,-497,-496,-495,-494,-493,-492,-491,-490,-489,-488,-487,-486,-485,-484,-483,-482,-481,-480,-479,-478,-477,-476,-475,-474,-473,-472,-471,-470,-469,-468,-467,-466,-465,-464,-463,-462,-461,-460,-459,-458,-457,-456,-455,-454,-453,-452,-451,-450,-449,-448,-447,-446,-445,-444,-443,-442,-441,-440,-439,-438,-437,-436,-435,-434,-433,-432,-431,-430,-429,-428,-427,-426,-425,-424,-423,-422,-421,-420,-419,-418,-417,-416,-415,-414,-413,-412,-411,-410,-409,-408,-407,-406,-405,-404,-403,-402,-401,-400,-399,-398,-397,-396,-395,-394,-393,-392,-391,-390,-389,-388,-387,-386,-385,-384,-383,-382,-381,-380,-379,-378,-377,-376,-375,-374,-373,-372,-371,-370,-369,-368,-367,-366,-365,-364,-363,-362,-361,-360,-359,-358,-357,-356,-355,-354,-353,-352,-351,-350,-349,-348,-347,-346,-345,-344,-343,-342,-341,-340,-339,-338,-337,-336,-335,-334,-333,-332,-331,-330,-329,-328,-327,-326,-325,-324,-323,-322,-321,-320,-319,-318,-317,-316,-315,-314,-313,-312,-311,-310,-309,-308,-307,-306,-305,-304,-303,-302,-301,-300,-299,-298,-297,-296,-295,-294,-293,-292,-291,-290,-289,-288,-287,-286,-285,-284,-283,-282,-281,-280,-279,-278,-277,-276,-275,-274,-273,-272,-271,-270,-269,-268,-267,-266,-265,-264,-263,-262,-261,-260,-259,-258,-257,-256,-255,-254,-253,-252,-251,-250,-249,-248,-247,-246,-245,-244,-243,-242,-241,-240,-239,-238,-237,-236,-235,-234,-233,-232,-231,-230,-229,-228,-227,-226,-225,-224,-223,-222,-221,-220,-219,-218,-217,-216,-215,-214,-213,-212,-211,-210,-209,-208,-207,-206,-205,-204,-203,-202,-201,-200,-199,-198,-197,-196,-195,-194,-193,-192,-191,-190,-189,-188,-187,-186,-185,-184,-183,-182,-181,-180,-179,-178,-177,-176,-175,-174,-173,-172,-171,-170,-169,-168,-167,-166,-165,-164,-163,-162,-161,-160,-159,-158,-157,-156,-155,-154,-153,-152,-151,-150,-149,-148,-147,-146,-145,-144,-143,-142,-141,-140,-139,-138,-137,-136,-135,-134,-133,-133,-132,-131,-130,-129,-128,-127,-126,-125,-124,-123,-122,-121,-120,-119,-118,-117,-116,-115,-114,-113,-112,-111,-110,-109,-108,-107,-106,-105,-104,-103,-102,-101,-100,-99,-98,-97,-96,-95,-94,-93,-92,-91,-90,-89,-88,-87,-86,-85,-84,-83,-82,-81,-80,-79,-78,-77,-76,-75,-74,-73,-72,-71,-70,-69,-68,-67,-66,-65,-64,-63,-62,-61,-60,-59,-58,-57,-56,-55,-54,-53,-52,-51,-50,-49,-48,-47,-46,-45,-44,-43,-42,-41,-40,-39,-38,-37,-36,-35,-34,-33,-32,-31,-30,-29,-28,-27,-26,-25,-24,-23,-22,-21,-20,-19,-18,-17,-16,-15,-14,-13,-12,-11,-10,-9,-8,-7,-6,-5,-4,-3,-2,-1,0
-9.62053362701534e-11,-2.03341795168697e-10,7.38730455909743e-11,-6.27801616008275e-10,-2.54403771630434e-10,-3.39428295930454e-10,-2.78668019860545e-11,-3.64162557991074e-10,2.46622223887233e-10,-5.75967214292919e-10,4.51599819400533e-10,2.69577381155685e-10,-3.50111369757442e-11,2.98932668511485e-10,-6.80390547889614e-10,-8.11291678564419e-10,-6.0631612241261e-11,-1.16837297037806e-09,-1.23677258783203e-10,7.53754364058652e-10,8.26610447610771e-11,-4.51482921321558e-10,6.42462046017499e-10,3.73105175274182e-10,-6.6423007708805e-10,-5.46707695275645e-10,-6.61556956398119e-10,-3.07223189669267e-10,3.40535740742077e-10,9.21372077949352e-12,-5.08858223162247e-10,-2.54648648444362e-10,4.07490424687303e-10,-5.60510352666224e-10,-4.16591254626803e-10,-3.02823789257718e-10,2.87578857273044e-10,-3.77931542590335e-10,-3.92677589855888e-10,6.02551074800106e-10,3.8996745693101e-10,1.65708462319687e-10,1.18931542253681e-10,4.29072823125624e-10,-3.85666188465939e-10,1.82833746065746e-10,1.884852117702e-10,-1.75710643554019e-10,-6.18830262576004e-10,-1.36892089380163e-10,6.31777826730197e-10,-6.83671347501666e-11,-1.95833983673122e-10,-3.66183135202808e-10,-5.41424671734066e-10,-7.21738392064716e-10,-4.34875749919379e-10,3.74765318542288e-10,5.74675558746121e-11,-4.2062002268062e-10,1.80932323101965e-10,-7.89295182271668e-10,5.92335646228142e-10,1.0747369283449e-09,3.34014365336694e-10,-8.69845585474577e-10,2.11350926811075e-10,-6.7228556978818e-10,-6.26929215181109e-10,3.93908448188038e-10,1.6335207788022e-10,1.24059574100607e-10,3.53102911905479e-10,-2.8409906439904e-11,1.19527872316572e-10,-4.95326902260991e-10,6.02895048810668e-10,-1.89324267563144e-10,-3.14915723174178e-10,-9.1865851760262e-10,6.27821361248626e-10,1.52483659982952e-10,-3.11363886717763e-10,3.77471109083319e-10,6.08312716049159e-10,-2.03730478412955e-11,2.08681076999555e-10,-8.28949969747067e-10,2.9366165956694e-10,4.43424782964503e-10,-6.3284522371051e-10,-5.99134115103974e-10,-3.98016467236926e-10,-5.82955948375014e-10,1.96975114997154e-10,4.71204492523658e-10,4.19757997649999e-11,9.13760801978685e-12,-6.36662310551457e-10,1.37793135806116e-10,-9.81357156557612e-11,-5.73287556832929e-10,-7.86096124545908e-10,2.91356476301058e-10,-3.26270546558223e-10,4.05399070658052e-10,-1.87515132032167e-10,-1.64454769922296e-10,-4.14269341363738e-10,-7.26511497279083e-10,-1.85424367688174e-10,-4.70662716319728e-10,2.86498063126775e-10,4.11592621815005e-11,-6.43371033547779e-10,-2.13045923795201e-11,4.95052374863666e-10,1.32933258315788e-10,4.36394710849889e-10,2.47730571897972e-11,-4.9096940487869e-11,2.7643879904528e-10,-4.98132864527552e-10,4.0514621335881e-10,-1.56737579388275e-10,-1.12219342187884e-12,-2.38255802934675e-10,6.03836085388311e-10,5.76687188468392e-10,-9.04528496474323e-11,1.31398878186727e-10,-2.71751642976257e-10,-3.43214223267917e-10,1.32327591828546e-09,-2.87006876161782e-10,-2.75532605600947e-10,1.33586365722879e-11,-4.14428520641222e-10,1.46156645988095e-10,2.34734897184202e-10,1.8012392243074e-10,2.53792977880179e-10,-4.26240542097694e-11,6.3218372566671e-10,3.827594359274e-10,-1.18449459158822e-09,-7.40074331581286e-10,-4.26209788145241e-10,-1.18754689585974e-10,-1.40759953413643e-10,-2.46361615238826e-10,9.08357060461606e-10,-1.13580934693395e-09,-9.39527718386548e-10,-6.77240417404518e-11,-9.16110544970679e-10,3.02760719153058e-10,8.20686940539733e-10,-3.94638988309011e-10,1.62754539512922e-10,-1.87063812821162e-10,-9.97822355521395e-10,-2.99544076104827e-10,-2.31979492163512e-10,-2.30849276142798e-10,-4.29821504427575e-10,9.8629520249732e-10,1.26657522841329e-11,7.51504119901752e-11,-3.24864346370287e-10,4.08141056436338e-10,-6.7539283796758e-11,-6.51604551874828e-10,-6.62141124598123e-11,9.30116439981628e-10,-6.09114648940475e-10,3.16006219278598e-11,7.20785213807643e-10,-7.36249015367985e-11,5.24432025629902e-10,-1.38605727508936e-10,-3.15559112897134e-10,3.38165854007956e-10,-5.75601819692762e-10,9.98142883219521e-11,-2.04106962947978e-10,1.15937900869212e-10,2.5081525288647e-10,-4.60352875468787e-11,3.99062769682832e-10,-5.37473361962617e-12,3.45544006708035e-10,-6.02445351995967e-10,1.36794088530164e-10,-1.04955475187401e-09,-8.06265714415559e-11,-2.47372889011729e-10,2.13585481363736e-10,3.6323612078373e-10,-5.98206258007442e-10,-2.58910341531419e-10,-2.19240924196716e-10,3.76009813604743e-10,-7.77329663793387e-10,3.48932677678348e-10,-3.8161434204198e-10,-7.38404610715815e-10,5.72958207944674e-10,-4.48490995904195e-11,2.20912409473656e-11,-1.73813010667003e-10,5.4861648086816e-10,1.04796178815903e-09,1.04178694824929e-10,-8.93947933464903e-10,5.13603597580141e-10,4.5579861201223e-11,1.71222993862748e-10,-9.98949883795499e-10,2.3159700124608e-10,-4.80042493417842e-10,-3.48377835286515e-10,1.56101966971519e-10,-3.35685324150642e-10,6.46595554552252e-10,8.76287115108583e-12,4.78180153846181e-11,-6.31531068054509e-10,-3.14453925585759e-10,-4.33485049829019e-10,1.29191990127313e-10,4.83058011836589e-10,4.96237775645305e-10,4.97080410098234e-10,7.4290057627281e-10,-1.32957786168117e-10,-1.09225976473486e-09,-6.37754851678714e-10,3.64738132698946e-10,7.83845839463009e-10,7.21852688925982e-10,7.96316559913583e-10,6.70244109578941e-10,2.59341258379331e-10,-5.35131837114751e-10,-2.53982833262035e-10,-2.72239050928023e-10,6.16521410506613e-10,-5.57980561562159e-10,-1.61140389272328e-10,-5.58370021155509e-10,5.0741964449356e-10,-6.01623562914592e-10,-1.35047130619027e-10,9.62545071287235e-11,-8.66848128126081e-10,3.83566544244742e-10,1.97486528465724e-10,4.27576228643895e-10,-4.07904496446848e-10,7.79096594366224e-10,4.60659831567037e-12,-4.08563157646877e-10,5.84422964715896e-11,-2.37530017831522e-10,-7.85337147421823e-12,-6.35178458226744e-11,4.45890183731125e-10,4.62629286645267e-10,-5.19306036616632e-10,8.39933379681966e-10,9.41253478609667e-10,3.75248389114339e-10,5.79400692832278e-10,2.21035054767493e-10,-3.06680715760759e-10,-4.74521420237307e-10,2.64948307638997e-10,-5.59838553615892e-10,-1.82941364005895e-10,-5.36601275408446e-10,-2.16335161219128e-10,-4.58955889765113e-10,-6.21204560314924e-12,2.29692049516243e-10,-3.90368066748079e-10,-1.06482581631732e-10,8.84459396738265e-10,6.32981423439336e-10,3.10093691243031e-10,6.07265679417807e-10,-9.8023106016524e-10,7.41419115539204e-10,-7.02013821543225e-10,7.93274877826007e-10,-4.29091893458928e-10,-2.58053004648626e-10,-6.08028472364598e-10,4.14269741376626e-10,-9.29209424206284e-12,3.00657219330318e-10,7.72602827046459e-10,1.15908303134613e-09,1.8887334480764e-10,-1.18744636494372e-10,9.57226337569705e-10,9.07340796047454e-11,-6.5823506091454e-10,2.48552603993631e-10,1.77257223097614e-10,-1.44112288903025e-10,2.53717844635785e-10,-3.93353107650481e-10,3.14142297852602e-10,-1.91393411901253e-10,6.8612624419274e-10,-1.509744575168e-10,3.43313112431369e-10,-6.53061398757094e-10,-6.89600561374276e-10,-5.92840739534934e-10,3.03909401842469e-10,1.31992765572616e-10,6.92955919242005e-10,-3.56636658640324e-10,-4.93485667091916e-10,2.27644135911155e-10,-8.81892637523977e-10,-4.34852411598126e-10,1.16290272567803e-09,-7.33361931140105e-10,2.29118674583288e-10,-6.50003444652873e-10,-3.24373191450219e-10,9.86263125506545e-10,-1.08213950027508e-10,1.62985103855172e-10,-5.41938563713079e-10,-6.10471308387594e-10,-1.55010727365022e-10,-3.41230066744267e-10,-2.16704629793776e-10,-8.10355594327902e-11,6.29648208502971e-10,-1.25598043951701e-09,-2.37287332878159e-10,-5.62720014452362e-11,6.77845239279915e-10,4.70320458086278e-10,-4.40708000201993e-10,2.87103682556443e-10,-5.50939409153602e-11,3.47557967998286e-10,3.32061646791813e-10,-2.82338064411637e-11,1.28510417496181e-10,-3.92104658399022e-11,-1.1883411220886e-10,3.88715949045233e-10,5.44444770501392e-12,-2.20851539433672e-10,-1.00567722609556e-10,1.24000641756096e-10,1.2557026706295e-10,-4.70824004408313e-10,-5.28389715322242e-10,-4.84414122905652e-10,-3.80207049260725e-10,8.45148509668798e-10,4.55730172688987e-10,-1.64256817313691e-10,-2.33734603424215e-10,8.18854608872843e-10,-4.77978479676717e-10,1.54708304582342e-10,-2.14773689448728e-10,3.39846981048731e-10,-4.54719947159851e-10,-3.37982940281736e-10,-5.07736787791909e-10,3.9439936996542e-10,-1.65570549040806e-10,5.66651431449544e-10,2.19301740647215e-10,-3.84688474656006e-10,-2.05579907727122e-10,-2.86409794819386e-10,-4.22088106576461e-10,3.00224142057377e-10,6.17078668853698e-10,5.25808532812023e-10,4.30078992340859e-11,4.73026826420234e-10,-3.1847042739352e-10,-3.52875813024246e-10,-1.45769384851298e-10,1.07704010674503e-09,4.88630402078356e-10,2.87059868879401e-10,-5.22337370536632e-10,-1.67263836038209e-11,7.75979693616459e-10,-2.41572905814187e-10,6.77380054022414e-12,-3.56879959919941e-10,1.28854491450784e-09,-3.54004299232054e-10,1.32784559723188e-10,1.7717141589476e-10,1.9533590834122e-10,-1.73399122177082e-10,6.18446123763629e-10,5.62877488495211e-10,2.30180505462382e-10,4.06145925336014e-10,3.51575638404287e-10,8.21762471325893e-11,3.05246760145883e-10,5.96407781229629e-10,-3.46328593777166e-10,-1.37648649631754e-10,1.70805316255248e-10,-3.57811874948387e-10,1.62441899078798e-10,2.20694320663216e-10,6.94700336232891e-10,3.58147814089581e-10,-1.14711420350363e-10,-4.50254508148249e-10,-3.86243407373001e-10,-2.92540835969821e-10,3.66384197313843e-10,6.54236439675564e-10,5.74960910675461e-11,4.75670266249045e-10,-7.57669272004533e-10,3.76991351201447e-10,-4.26047814044871e-10,-2.1607630182374e-10,-1.07458562272446e-10,-6.62682993271388e-10,9.99335598738181e-11,1.11981827696959e-10,1.1938066423553e-09,3.15827603353991e-11,-6.22681510013216e-10,-1.8482809645206e-10,-3.86783418874195e-10,-4.30590079913759e-10,3.04339635383766e-10,-7.23583919592367e-10,-4.31987698150696e-10,-1.29361331377264e-10,9.70679751555482e-11,5.64053652114231e-11,-4.52659922473527e-10,1.24990248821864e-09,4.26959463819216e-10,-6.9002819098089e-10,6.16102921239029e-10,-6.40574774800397e-10,-1.1445198456853e-10,2.69194917043118e-10,-9.15516137458644e-11,-2.57552906938661e-10,-3.74566146089983e-10,1.15022562630481e-09,-6.98791687805319e-10,6.89645525942965e-11,1.25538331343907e-10,1.90788913513532e-10,2.69409252858371e-10,-2.0911058973755e-10,-4.50825293649432e-10,-1.34944157225182e-09,1.1661181295549e-10,-6.75481949784744e-10,2.66835243581932e-10,9.39268875192604e-11,-4.10002803998862e-10,2.11246460872081e-10,-8.39968788946965e-10,2.32450760394341e-10,-7.96181213605684e-10,-5.96044305185124e-10,3.657969818168e-10,-1.18006407825705e-11,2.74629126215198e-10,5.09648580188429e-10,2.70287369128014e-10,1.22459954489127e-10,-1.66265604356297e-11,-5.66271268260741e-11,6.88344960142245e-11,4.27098087752623e-10,1.00878761276012e-10,-1.93339419324644e-10,-1.37319425199572e-11,1.25404670178674e-10,-1.31970718354786e-10,5.98905694212695e-10,-4.10043642659662e-10,-1.90690826274378e-10,-7.18727926708677e-11,7.39610633401119e-10,-1.06160088578367e-09,3.95593641036153e-10,-8.44183657815071e-12,5.48299428758808e-10,1.47392226096438e-10,1.92044508514966e-10,6.37833662619046e-10,6.94278564313352e-10,9.23992228030846e-10,5.41059745054334e-10,-1.43212148897385e-10,1.64614335250725e-10,-7.4553018282043e-10,2.02735820126884e-10,4.31786829565005e-10,-8.2607790080854e-11,-1.33072901983366e-10,-3.89639772459245e-10,-1.87810930409751e-10,-5.22160933843907e-10,-7.70217504151252e-11,-5.91077037946844e-11,-5.51536082921388e-10,7.26760716925994e-10,8.31873854768842e-10,2.97012973995055e-10,-6.26207049361749e-10,7.51804274493474e-11,7.20253307743306e-10,-3.28860663521989e-10,6.03825087872366e-10,7.84536219117045e-10,4.56586116867759e-10,4.70008774294183e-10,1.50233866349633e-11,-8.69571371093892e-10,4.3041046649543e-10,-5.24372167428834e-10,-6.330607852499e-10,-1.4795158526529e-10,-1.08592197720046e-09,1.27120597723341e-10,8.61055361368221e-10,6.35707759291779e-10,-5.40622383266948e-10,8.09564246561084e-10,1.22173634556292e-10,4.98703716705998e-10,-2.22085222758917e-10,1.05943001550387e-09,-2.69469353010843e-10,-2.38394527599337e-10,-4.6690933767877e-10,-2.39300361849059e-10,-9.02943125039533e-10,-5.71295551223618e-10,4.48282119886789e-10,-2.54040676220548e-10,-6.23232903305716e-10,1.48499847516092e-10,-9.71991638504241e-10,5.05239072364598e-10,-3.33880255881559e-11,-8.33754606185285e-11,-1.31744448845588e-09,1.12075385856838e-09,-1.76931963164472e-10,4.74151910045425e-10,-3.75696649827514e-10,3.4575311147052e-10,-6.55245227161012e-10,8.11381324534374e-10,4.44560577853358e-10,-2.14650725410905e-10,-5.35114401134424e-10,-5.08878150319588e-10,2.86039477676421e-10,3.72466200506613e-11,-6.0135627960448e-13,-2.12063826623988e-10,-6.73189377500149e-10,-2.15741062182996e-10,4.21984730069706e-12,2.62472351739273e-10,-3.46146799737058e-10,2.76773028070952e-10,-1.27494278811785e-10,-1.92266464013236e-10,-5.5834398060921e-11,-4.38730962738976e-10,1.38270321090775e-10,-1.43364831587672e-10,8.6491952529716e-10,1.0252452377244e-09,1.63128873723997e-10,-5.34055521740399e-10,-1.98940119622501e-10,9.48222569444934e-10,-9.29009258517903e-10,3.43027136943229e-10,-5.71926815313169e-11,6.26823203574975e-10,-2.29145719075463e-10,4.12542621360569e-10,4.88559230639649e-10,1.15412966986224e-10,-2.29953552937784e-10,8.23925845825874e-10,-5.58993212402603e-10,7.07406992648545e-10,-2.1948203064819e-10,-4.60641702812134e-10,-4.06272964517045e-10,4.11025614006666e-10,7.02461718134977e-11,-8.79742852194635e-11,-4.33616066023881e-10,-2.40027250194286e-11,-4.12284594119377e-11,4.07826551245253e-10,-4.18695576306346e-10,-4.32663165911023e-10,-1.98178132715627e-10,-4.25149159984566e-10,-6.06538098722591e-10,6.30962367253544e-10,1.57063706335833e-10,-2.47009864603189e-11,-3.27893886191801e-10,-7.39379464405902e-10,-4.61174931633817e-10,-3.0339361639052e-10,2.05795886370042e-11,7.54001585798531e-10,-4.07155573611938e-10,-6.64995128405168e-11,-3.18933462348175e-10,3.23275661698209e-11,1.66724463482602e-10,3.54044431309603e-10,-1.02852299775742e-10,9.13683374772844e-11,2.16115947263524e-11,-6.48026676384205e-10,-4.45565004618528e-10,-7.33803302234729e-11,-2.74570632236602e-10,5.76235884062443e-10,-2.90605831222228e-10,1.1374171446336e-10,5.03210027437121e-11,-1.17073817159891e-10,-3.67022403190048e-10,1.57592922016989e-10,5.02472595807547e-10,6.37398622931967e-10,-2.22350893265958e-10,-4.45842512308219e-10,-4.43553858689364e-10,-6.11660677011564e-10,-3.92123579158801e-10,-8.37528903731163e-10,4.90375420739412e-11,-4.47215832665016e-10,6.09443016201037e-11,4.39966455075226e-10,-6.07216991027088e-11,4.52866747273922e-10,2.12711473970373e-10,-1.5829105879057e-10,-5.68366019959558e-10,7.47297741127236e-10,2.02673035487561e-10,-1.23963051530361e-09,1.01147703132393e-10,-3.19175954421077e-10,-2.48616975836778e-10,-5.38396810479177e-11,4.1866312651473e-11,4.83798451525442e-11,-2.30731181313119e-10,7.89770763142641e-10,3.18467026968513e-10,7.16699219334324e-11,5.73441261150573e-11,-3.35530073177235e-10,-9.07439719864013e-11,1.13029701231009e-10,7.04188310531263e-11,-6.31884545792125e-10,-3.76754257998367e-10,6.75740964202484e-10,6.54777458861667e-10,-8.75941821101375e-11,1.15465455342304e-10,6.45004845725342e-10,-3.64665552691827e-11,4.2283907163754e-10,-6.04427019851771e-11,-7.78558777899267e-10,-5.93572909676552e-10,6.72619132746073e-10,5.63839962973969e-11,-3.86029417260268e-10,2.0103482907587e-10,-5.14915990166533e-10,-1.74405853112728e-10,-1.91756629554529e-10,1.87783750319709e-10,1.57247387493667e-10,2.13643252334938e-10,2.59026647085214e-10,8.14159839155082e-10,-2.35155505926826e-10,-2.6942343657867e-10,-8.98142074869911e-11,3.70308387702667e-10,1.18416699920938e-09,-6.23038401471535e-10,1.54876954225615e-09,-3.08557531939012e-10,-3.48564722258698e-10,2.57209627746973e-10,-4.44606014746846e-10,9.54541681402761e-10,3.55795932837255e-11,3.35214497950499e-13,8.85670524598389e-10,-2.7322643494665e-10,1.95531996976391e-10,7.32398160217002e-10,-7.08166590872933e-11,-2.44396942300986e-10,5.39651121645655e-10,3.57620164050668e-10,2.53570168793919e-10,7.03890150198985e-11,1.63280880025209e-10,-8.55993681992363e-10,3.92188178382504e-10,-4.92019451455461e-10,-2.92667964611436e-10,4.30585895317578e-10,-5.27940961238316e-10,-7.84813222564584e-11,8.12526797159389e-10,-3.71783203262195e-10,-5.25436498862604e-10,7.71789228317834e-10,6.61357633147998e-11,6.52448992882643e-11,-3.4856659993735e-10,-3.63527403644931e-11,-4.27013973657885e-11,3.2871154383326e-11,-1.66000247171444e-10,-4.30815764224052e-10,7.71637215216345e-11,-4.7316555372151e-10,1.26741795672496e-10,1.3113642519228e-10,-6.04934154855644e-11,-7.16587891539874e-11,-2.64817982462692e-10,4.0043736348164e-10,-9.93573670211156e-11,5.08239346118773e-10,-8.54016664410159e-10,-2.35065116951876e-10,-1.18060562304562e-09,2.67762721108039e-10,-2.77837981601047e-10,-2.95285386854066e-10,-2.7489556718263e-10,1.0072277630495e-10,8.94512743207916e-11,-8.22004001998831e-10,-1.47260856233831e-09,-4.1786415059841e-10,-5.64863012522719e-10,-3.97890240952445e-10,4.45441370505018e-10,3.90544537344213e-10,-2.83459152693373e-10,-1.1353846180303e-10,7.05769384844284e-11,-8.79503367545605e-10,-1.84270412687496e-10,3.0655986868932e-10,-4.53647819761731e-10,2.70511074203973e-10,-7.58437078840085e-11,-5.42169159570772e-10,1.11238070105767e-10,2.98265540105651e-11,-2.11947403595553e-10,1.07059694680931e-10,5.44548606242623e-10,4.35971091848246e-11,3.5610761599626e-10,7.73106454855113e-11,-1.96805785598689e-10,5.1947312860284e-10,-2.19651492180256e-10,2.4987767956968e-10,-1.50766060471015e-10,5.28892041086024e-10,-2.22761690123592e-10,-1.4791636708511e-10,-9.11917262331014e-10,-3.892244498773e-10,-1.92020299892962e-10,4.71136855560786e-10,3.35859805696632e-10,7.38643023645341e-10,-8.62579685812308e-11,-2.60815745848404e-10,-8.98894240714557e-10,-9.9423842139177e-10,-2.76026033545366e-10,-4.00317685088601e-10,-4.57456611083131e-11,3.38214730877602e-10,-9.05978086084396e-10,-1.76979641788864e-10,6.01073220528783e-10,-4.56843798758166e-10,-2.27512476806385e-10,2.85316538005052e-11,5.22910500422313e-10,7.70699972115306e-10,-6.29311618116387e-10,2.5641791031007e-11,-1.35625802955615e-10,4.99796799768905e-10,-3.68633728510708e-10,8.01761140188004e-10,2.97491192598302e-10,-1.59843798170189e-10,8.40290457568623e-10,1.56144998283963e-10,-3.87051770839614e-10,1.34386716885722e-10,4.01333740160463e-10,-6.24953801869097e-12,4.04895980284055e-11,-8.65077321246857e-10,-4.91227387902254e-10,8.67834683091631e-10,-8.79443118610314e-11,6.5278177991978e-10,3.74294946553155e-10,-1.67128066057111e-09,-8.49930755644518e-10,-8.37758468706645e-10,-3.70553674838915e-10,-5.03221014353345e-10,-9.79558713750607e-11,1.16575512266432e-10,5.20342333295342e-10,-7.89965641452834e-10,2.10494323683405e-10,1.51976316977288e-10,4.05918663288751e-10,-4.36136511481659e-10,2.49135677875717e-10,-1.75599779763857e-10,5.53309735155298e-10,2.91628505632227e-10,-5.50287586393429e-11,1.14682322192236e-10,2.76291438294224e-10,6.93385825705517e-11,1.05420154403053e-10,-3.59307788093027e-10,-7.42499444416641e-10,7.77652216662003e-11,-2.15572999750179e-10,-4.15640829067383e-10,9.10514409300286e-12,4.3095645294961e-10,-7.95843709805702e-11,1.18315189466146e-10,8.12204796299172e-10,4.61625057171763e-10,3.31427247617067e-10,3.16753015482435e-10,-3.0513339283528e-11,-1.11793971976331e-10,-9.41879499850295e-10,5.80605050288192e-10,1.28380859357697e-09,9.04398325795964e-11,5.02493537094954e-10,-6.00420471343249e-10,1.8197560048743e-12,2.4826006086539e-11,-1.5210742019509e-10,5.93818859359681e-10,7.75882908130717e-10,6.00019050017285e-10,3.66206549892543e-10,-4.75399032221296e-11,-5.69013964077234e-10,9.05479821722304e-10,1.20925186321932e-10,9.75535320883427e-11,6.72711575424628e-10,-7.91653701292252e-11,-1.23904714863057e-10,-2.97633007973677e-10,8.44790824450689e-10,1.44502440563008e-10,-4.31060995665848e-10,2.32360977024939e-10,-8.34291005507566e-11,-7.07941100680656e-11,5.63410164184098e-10,9.14499130293794e-10,1.41877944827341e-10,7.57901976766629e-10,-4.51394043214778e-10,3.74842554347892e-10,5.88883041051477e-11,-2.11754711658759e-10,6.40688265654814e-10,4.73591032036521e-10,-4.53278045281186e-10,-6.42289047601155e-10,-2.96333668217305e-10,-8.46225795982882e-10,6.29349221378822e-10,3.83490414780846e-10,-5.17275340731204e-11,1.07890146754643e-10,-3.46476492760263e-10,1.97056323787518e-10,1.4456027032435e-10,-7.42259681071667e-10,-2.65371734829476e-10,-4.58567058874328e-11,1.56443476148248e-09,-2.60876994943134e-10,-8.00880124175899e-10,-2.07171077836034e-10,4.17585719729815e-10,-5.07453026515724e-11,4.21024189954306e-10,8.6229390064033e-10,3.87624230113427e-10,4.53989186634909e-10,-8.38960080413339e-10,-2.13951317433918e-10,-1.05828770478568e-09,-4.87989668752721e-11,2.90426054412913e-10,-9.28295003211138e-10,-8.36211549747108e-10,2.11016062204031e-10,4.11026277059154e-10,-2.33241598434923e-10,1.14942936764369e-09,1.07285593844962e-10,-4.9596735763692e-11,1.13094384114096e-09,-3.79521139198836e-10,6.79600694434183e-11,4.16174129701735e-10,5.70298105669301e-10,-2.1667212972713e-10,-5.74605365421635e-10,-9.49678708175662e-10,3.25514538924124e-10,-1.28711600644525e-10,5.98495006531501e-10,-2.91976990265928e-10,-2.06739976192269e-10,-5.19062280827029e-10,3.46127484670022e-10,-2.51841476273547e-10,-3.01959108217975e-10,1.25980316261212e-09,1.32596476987846e-11,6.53080160932705e-10,2.17966421375395e-10,3.00899385647157e-10,2.39267222188402e-10,1.04241749738114e-09,2.88611263476793e-10,-1.66055119447781e-10,-6.31009125283532e-11,4.59938761048809e-10,1.14055932799486e-09,-1.70866535227773e-10,1.2359417337612e-10,-1.18326525786086e-10,5.0811688741453e-10,-6.81879930772708e-10,-1.69666709086239e-10,3.9559668465054e-10,3.53183184636388e-10,3.71822913346247e-10,1.87894752764192e-10,-3.59382717921934e-10,-7.89449235857769e-10,2.46766596221723e-10,-3.09626555634213e-10,8.61750310567226e-10,-1.63034001365613e-10,-3.81718366429458e-10,-4.86068674762377e-10,8.04603327150316e-10,-2.82224184741589e-10,-4.16775747572065e-10,5.07554491531293e-10,-6.67902579238859e-10,1.62422848206103e-10,-4.60094257933938e-10,3.07789016024772e-10,1.0385192033281e-09,-8.30537976367432e-10,4.7905369867878e-10,8.75610464739191e-10,4.16023253403573e-10,2.66407742087495e-11,2.89944902432878e-10,-5.10315062385318e-10,-9.09993048501707e-10,5.60987762974352e-10,5.36265229002204e-11,-7.10340844558302e-10,-1.91154428824998e-10,-8.56036713477617e-10,1.27920256851697e-09,-9.43382801412833e-10,-4.92516395431111e-10,8.18527075569827e-10,-1.00055784848262e-09,2.61774068401874e-11,-2.4316752900511e-10,-4.83117611200796e-10,8.66113568482806e-10,-1.66455800133768e-10,2.33702859346108e-10,-1.09449574572294e-09,4.99278256519281e-10,2.91988279528055e-10,-5.39907635178226e-10,2.77876039403371e-10,-2.77443854108091e-10,6.77561519787238e-10,5.02726076429632e-11,-1.96633354994699e-10,1.00796089041225e-09,-5.83352088176312e-11,4.69656839847239e-10,1.92764827343027e-10,-4.65930366567994e-10,4.06496984894726e-10,3.53156233861455e-10,-4.82087212556599e-10,2.1081622157123e-10,-6.34885719816112e-10,-6.23328066623729e-10,-8.41399355512809e-10,-1.47901766886943e-10,5.88286332075887e-10,4.1338035042352e-11,-5.96207640191374e-10,5.01296269023329e-10,2.03606647031402e-10,-7.6595077134669e-10,-8.62413384979969e-11,2.71584504704079e-10,-9.90397198311712e-10,-5.9187748631283e-11,-3.90254296134192e-10,-8.7711726326537e-10,-4.44013644123903e-10,-5.79805243687325e-10,7.32942325216599e-10,-3.13555015550913e-10,-1.92653894175247e-10,1.12777756436437e-09,-7.82990961370608e-10,1.30955094130659e-10,4.34610914510199e-10,-5.98939261490149e-11,-1.27825824679594e-09,2.41260354465079e-10,-7.32469739737283e-11,-8.67245823216147e-10,-2.10623917786056e-10,2.64300949591793e-10,7.25022859626495e-10,-3.16681848790048e-10,3.49679379977105e-10,1.02080013198303e-09,-2.9883119894727e-10,-3.92368281642788e-10,-4.28404314056659e-10,-1.74353190000958e-10,1.43362410080388e-09,3.03179912174673e-10,5.62131306451819e-10,-8.70695967769599e-10,1.23149110639976e-10,-5.69978603425469e-10,-1.52475040080483e-10,1.0963853736731e-10,-5.58469189925053e-10,3.74536724853325e-10,4.62081217954957e-10,-9.18185154169249e-10,3.15829600380637e-11,-5.44131901842225e-10,-1.83472166652946e-10,5.80965010409527e-10,-4.87442800700818e-10,2.53146138287851e-11,-3.2203117591445e-10,1.05143013683104e-10,5.38288964873209e-10,5.86202194051601e-10,-3.55057576873102e-10,8.31826522044439e-11,1.81491069666385e-10,2.99353793895037e-10,1.24671342934718e-10,-3.68735750756577e-10,-1.2600137003053e-09,-6.41488861843106e-10,-1.90797855672135e-10,9.69922981767289e-10,-6.57887528958463e-12,8.29308935988218e-10,-5.14037224368655e-11,-6.94286929583084e-10,2.73747148293462e-10,-6.96341401357566e-10,5.0096133002247e-10,-2.35747909655126e-10,4.38176769318018e-10,-3.02664522325217e-10,-7.20537429600754e-10,-3.84413371258072e-10,1.23265399953296e-10,-4.2504449939196e-10,1.85177955417261e-10,-1.08968828338448e-10,7.24899855010482e-10,-5.63383927632304e-10,5.17761760380241e-10,-1.42693405876027e-11,5.90667383116211e-10,6.04000175026898e-10,8.15449542793633e-11,-2.55945032809184e-10,3.56769234828517e-10,-1.0805864927112e-09,-1.73749171634463e-10,9.88207673505904e-11,1.52888785203448e-10,2.78075564357842e-10,3.04073167298146e-11,-1.15129868929589e-09,-5.09093023608791e-10,-8.81439008577827e-10,-3.85976684514652e-10,-7.19254195931185e-10,1.19217994847367e-10,-2.93748688642881e-10,2.89456956307584e-10,-1.79557299997747e-09,1.38424442573185e-10,1.1360033280365e-11,-3.36270468820197e-10,1.65911005771992e-10,-1.68379154499873e-09,-9.85962403561791e-10,-6.6334194602214e-10,5.61155194052485e-11,-9.18321814021558e-10,-6.13287692263802e-10,-7.3458554561228e-10,-5.00018493982248e-10,2.75304853280016e-10,-2.22719997166482e-10,6.26851117976063e-10,-5.29971365732254e-12,-6.54661285057272e-10,-6.04041791385825e-10,-5.78172231615168e-10,-1.28612919149674e-09,-1.12921973538839e-09,-5.8980969492198e-10,-7.33334499162288e-10,-2.42431945292481e-10,-1.3277380195522e-09,-1.12708080079268e-10,-8.09175991715999e-10,-7.03929636449097e-10,-1.12059799473847e-09,-1.18794003266178e-09,-1.4476481005331e-09,-6.45666352444247e-10,-4.19872310088948e-10,-7.26696812615854e-10,-1.80166516418805e-09,-9.89316977527403e-10,-1.25394741453503e-09,-3.22413133907017e-10,-3.55111249667221e-10,-7.42270138367168e-10,-9.62489045745116e-10,-2.95884397622362e-10,-6.29328908086265e-10,-1.64424108502674e-10,-7.10283095513725e-10,-1.90316723054981e-10,-9.78499267807936e-10,-6.26987650359532e-10,-8.20942260249427e-10,-5.83691216936049e-10,-1.04033078992784e-09,-1.96574851654055e-10,-3.56009078976946e-10,-1.42671346086312e-09,-1.59628306084088e-10,-4.85108150260944e-10,-6.94247997456142e-10,-1.11171218632858e-09,-5.54505526691263e-10,-6.20400976867802e-10,-4.16504075868714e-10,-2.11706473310418e-10,-1.08040395338054e-09,-3.7078401987909e-10,-8.5436091038945e-10,-1.30573285473164e-09,-4.24537210195643e-10,-6.73672829098418e-10,-3.15810507818788e-10,-5.29815020330162e-10,3.90824323721256e-10,-1.30598825113863e-09,8.76620529451401e-10,-1.08658354760536e-09,6.05829813202855e-11,6.77808146774639e-10,-1.29180182902412e-10,5.74146372500423e-10,3.70391743437154e-10,1.21994313806397e-09,1.54261044327785e-09,1.00724655543659e-09,1.05441619847505e-09,5.54796095084825e-10,6.65965359725877e-10,2.56023633778465e-09,5.4138759791716e-10,1.77850096525117e-09,2.29949118335222e-09,3.22562146384506e-09,3.08547299544254e-09,2.32023689750612e-09,2.57739747141766e-09,3.42201510593606e-09,3.71704481018771e-09,3.10954908360484e-09,4.53401199654416e-09,4.60368963325967e-09,5.28645513730099e-09,4.37418249805444e-09,5.99269538818522e-09,5.47093791347308e-09,7.63797676617211e-09,7.67225319272184e-09,8.7834566935724e-09,8.81188150613875e-09,1.00446802301567e-08,1.09613383111626e-08,1.17108540145344e-08,1.21823790203315e-08,1.40646103068244e-08,1.44765821462131e-08,1.66417320868884e-08
