v,0.25
Patm,100000
g,9.81
r,500
G,10^10.37
rho,2100
mu,10^4.25
rc,22
 
M,10^5.49
sigma,0.1
 
tilt_erupt,3.8572nrad
 
-1266,-1265,-1264,-1263,-1262,-1261,-1260,-1259,-1258,-1257,-1256,-1255,-1254,-1253,-1252,-1251,-1250,-1249,-1248,-1247,-1246,-1245,-1244,-1243,-1242,-1241,-1240,-1239,-1238,-1237,-1236,-1235,-1234,-1233,-1232,-1231,-1230,-1229,-1228,-1227,-1226,-1225,-1224,-1223,-1222,-1221,-1220,-1219,-1218,-1217,-1216,-1215,-1214,-1213,-1212,-1211,-1210,-1209,-1208,-1207,-1206,-1205,-1204,-1203,-1202,-1201,-1200,-1199,-1198,-1197,-1196,-1195,-1194,-1193,-1192,-1191,-1190,-1189,-1188,-1187,-1186,-1185,-1184,-1183,-1182,-1181,-1180,-1179,-1178,-1177,-1176,-1175,-1174,-1173,-1172,-1171,-1170,-1169,-1168,-1167,-1166,-1165,-1164,-1163,-1162,-1161,-1160,-1159,-1158,-1157,-1156,-1155,-1154,-1153,-1152,-1151,-1150,-1149,-1148,-1147,-1146,-1145,-1144,-1143,-1142,-1141,-1140,-1139,-1138,-1137,-1136,-1135,-1134,-1133,-1132,-1131,-1130,-1129,-1128,-1127,-1126,-1125,-1124,-1123,-1122,-1121,-1120,-1119,-1118,-1117,-1116,-1115,-1114,-1113,-1112,-1111,-1110,-1109,-1108,-1107,-1106,-1105,-1104,-1103,-1102,-1101,-1100,-1099,-1098,-1097,-1096,-1095,-1094,-1093,-1092,-1091,-1090,-1089,-1088,-1087,-1086,-1085,-1084,-1083,-1082,-1081,-1080,-1079,-1078,-1077,-1076,-1075,-1074,-1073,-1072,-1071,-1070,-1069,-1068,-1067,-1066,-1065,-1064,-1063,-1062,-1061,-1060,-1059,-1058,-1057,-1056,-1055,-1054,-1053,-1052,-1051,-1050,-1049,-1048,-1047,-1046,-1045,-1044,-1043,-1042,-1041,-1040,-1039,-1038,-1037,-1036,-1035,-1034,-1033,-1032,-1031,-1030,-1029,-1028,-1027,-1026,-1025,-1024,-1023,-1022,-1021,-1020,-1019,-1018,-1017,-1016,-1015,-1014,-1013,-1012,-1011,-1010,-1009,-1008,-1007,-1006,-1005,-1004,-1003,-1002,-1001,-1000,-999,-998,-997,-996,-995,-994,-993,-992,-991,-990,-989,-988,-987,-986,-985,-984,-983,-982,-981,-980,-979,-978,-977,-976,-975,-974,-973,-972,-971,-970,-969,-968,-967,-966,-965,-964,-963,-962,-961,-960,-959,-958,-957,-956,-955,-954,-953,-952,-951,-950,-949,-948,-947,-946,-945,-944,-943,-942,-941,-940,-939,-938,-937,-936,-935,-934,-933,-932,-931,-930,-929,-928,-927,-926,-925,-924,-923,-922,-921,-920,-919,-918,-917,-916,-915,-914,-913,-912,-911,-910,-909,-908,-907,-906,-905,-904,-903,-902,-901,-900,-899,-898,-897,-896,-895,-894,-893,-892,-891,-890,-889,-888,-887,-886,-885,-884,-883,-882,-881,-880,-879,-878,-877,-876,-875,-874,-873,-872,-871,-870,-869,-868,-867,-866,-865,-864,-863,-862,-861,-860,-859,-858,-857,-856,-855,-854,-853,-852,-851,-850,-849,-848,-847,-846,-845,-844,-843,-842,-841,-840,-839,-838,-837,-836,-835,-834,-833,-832,-831,-830,-829,-828,-827,-826,-825,-824,-823,-822,-821,-820,-819,-818,-817,-816,-815,-814,-813,-812,-811,-810,-809,-808,-807,-806,-805,-804,-803,-802,-801,-800,-799,-798,-797,-796,-795,-794,-793,-792,-791,-790,-789,-788,-787,-786,-785,-784,-783,-782,-781,-780,-779,-778,-777,-776,-775,-774,-773,-772,-771,-770,-769,-768,-767,-766,-765,-764,-763,-762,-761,-760,-759,-758,-757,-756,-755,-754,-753,-752,-751,-750,-749,-748,-747,-746,-745,-744,-743,-742,-741,-740,-739,-738,-737,-736,-735,-734,-733,-732,-731,-730,-729,-728,-727,-726,-725,-724,-723,-722,-721,-720,-719,-718,-717,-716,-715,-714,-713,-712,-711,-710,-709,-708,-707,-706,-705,-704,-703,-702,-701,-700,-699,-698,-697,-696,-695,-694,-693,-692,-691,-690,-689,-688,-687,-686,-685,-684,-683,-682,-681,-680,-679,-678,-677,-676,-675,-674,-673,-672,-671,-670,-669,-668,-667,-666,-665,-664,-663,-662,-661,-660,-659,-658,-657,-656,-655,-654,-653,-652,-651,-650,-649,-648,-647,-646,-645,-644,-643,-642,-641,-640,-639,-638,-637,-636,-635,-634,-633,-632,-631,-630,-629,-628,-627,-626,-625,-624,-623,-622,-621,-620,-619,-618,-617,-616,-615,-614,-613,-612,-611,-610,-609,-608,-607,-606,-605,-604,-603,-602,-601,-600,-599,-598,-597,-596,-595,-594,-593,-592,-591,-590,-589,-588,-587,-586,-585,-584,-583,-582,-581,-580,-579,-578,-577,-576,-575,-574,-573,-572,-571,-570,-569,-568,-567,-566,-565,-564,-563,-562,-561,-560,-559,-558,-557,-556,-555,-554,-553,-552,-551,-550,-549,-548,-547,-546,-545,-544,-543,-542,-541,-540,-539,-538,-537,-536,-535,-534,-533,-532,-531,-530,-529,-528,-527,-526,-525,-524,-523,-522,-521,-520,-519,-518,-517,-516,-515,-514,-513,-512,-511,-510,-509,-508,-507,-506,-505,-504,-503,-502,-501,-500,-499,-498,-497,-496,-495,-494,-493,-492,-491,-490,-489,-488,-487,-486,-485,-484,-483,-482,-481,-480,-479,-478,-477,-476,-475,-474,-473,-472,-471,-470,-469,-468,-467,-466,-465,-464,-463,-462,-461,-460,-459,-458,-457,-456,-455,-454,-453,-452,-451,-450,-449,-448,-447,-446,-445,-444,-443,-442,-441,-440,-439,-438,-437,-436,-435,-434,-433,-432,-431,-430,-429,-428,-427,-426,-425,-424,-423,-422,-421,-420,-419,-418,-417,-416,-415,-414,-413,-412,-411,-410,-409,-408,-407,-406,-405,-404,-403,-402,-401,-400,-399,-398,-397,-396,-395,-394,-393,-392,-391,-390,-389,-388,-387,-386,-385,-384,-383,-382,-381,-380,-379,-378,-377,-376,-375,-374,-373,-372,-371,-370,-369,-368,-367,-366,-365,-364,-363,-362,-361,-360,-359,-358,-357,-356,-355,-354,-353,-352,-351,-350,-349,-348,-347,-346,-345,-344,-343,-342,-341,-340,-339,-338,-337,-336,-335,-334,-333,-332,-331,-330,-329,-328,-327,-326,-325,-324,-323,-322,-321,-320,-319,-318,-317,-316,-315,-314,-313,-312,-311,-310,-309,-308,-307,-306,-305,-304,-303,-302,-301,-300,-299,-298,-297,-296,-295,-294,-293,-292,-291,-290,-289,-288,-287,-286,-285,-284,-283,-282,-281,-280,-279,-278,-277,-276,-275,-274,-273,-272,-271,-270,-269,-268,-267,-266,-265,-264,-263,-262,-261,-260,-259,-258,-257,-256,-255,-254,-253,-252,-251,-250,-249,-248,-247,-246,-245,-244,-243,-242,-241,-240,-239,-238,-237,-236,-235,-234,-233,-232,-231,-230,-229,-228,-227,-226,-225,-224,-223,-222,-221,-220,-219,-218,-217,-216,-215,-214,-213,-212,-211,-210,-209,-208,-207,-206,-205,-204,-203,-202,-201,-200,-199,-198,-197,-196,-195,-194,-193,-192,-191,-190,-189,-188,-187,-186,-185,-184,-183,-182,-181,-180,-179,-178,-177,-176,-175,-174,-173,-172,-171,-170,-169,-168,-167,-166,-165,-164,-163,-162,-161,-160,-159,-158,-157,-156,-155,-154,-153,-152,-151,-150,-149,-148,-147,-146,-145,-144,-143,-142,-141,-140,-139,-138,-137,-136,-135,-134,-133,-132,-131,-130,-129,-128,-127,-126,-125,-124,-123,-122,-121,-120,-119,-118,-117,-116,-115,-114,-113,-112,-111,-110,-109,-108,-107,-106,-105,-104,-103,-102,-101,-100,-99,-98,-97,-96,-95,-94,-93,-92,-91,-90,-89,-88,-87,-86,-85,-84,-83,-82,-81,-80,-79,-78,-77,-76,-75,-74,-73,-72,-71,-70,-69,-68,-67,-66,-65,-64,-63,-62,-61,-60,-59,-58,-57,-56,-55,-54,-53,-52,-51,-50,-49,-48,-47,-46,-45,-44,-43,-42,-41,-40,-39,-38,-37,-36,-35,-34,-33,-32,-31,-30,-29,-28,-27,-26,-25,-25,-24,-23,-22,-21,-20,-19,-18,-17,-16,-15,-14,-13,-12,-11,-10,-9,-8,-7,-6,-5,-4,-3,-2,-1,0
2.99761315476221e-10,1.23220817371498e-10,-8.72716272888633e-12,-5.65942736337764e-11,-2.3377902747651e-11,-1.1374142796415e-10,-1.04736638904254e-10,-1.21631863178773e-10,3.26852486166542e-11,-1.25468418141924e-10,-7.43822363287045e-11,-1.33908673474774e-10,2.22872280200726e-10,3.76180737629302e-11,2.28830085628149e-11,-1.48324707214031e-10,5.51628347345693e-11,-5.37692897870901e-11,1.42785571449444e-10,-3.42194125529122e-11,3.53393233746649e-11,1.37903107470074e-10,1.92998164089986e-10,7.51224329030013e-11,-2.8902243329035e-12,-7.90660313395431e-11,5.82124518357045e-11,9.74602937864328e-11,-5.15738965948585e-11,-1.73495368664662e-10,-1.37532826963116e-10,7.63636047207135e-11,-1.07687091045794e-10,1.32321489741276e-10,4.59665936408357e-11,-9.43931820061077e-11,-1.45471365142945e-10,6.8401438579104e-11,-6.61715902312714e-11,1.64006959883677e-10,-9.27935961990343e-11,1.29196132959365e-10,2.06068444113903e-11,-5.18325649304729e-11,8.75035023932595e-11,5.55773094825153e-11,6.56401626900107e-11,-1.76631089818984e-10,-3.75846147837854e-11,6.29106850871631e-11,-4.31422053059008e-11,2.06090681025482e-10,-4.2653352971111e-11,3.66227674921747e-11,-1.75138712425553e-11,8.47906479856507e-11,-1.69802736600648e-11,5.51455959134372e-11,3.28590744692243e-11,1.28884397913781e-10,5.68617106104676e-11,1.09629395457183e-10,2.10941176307027e-11,1.10970063546574e-10,7.05936973317223e-11,1.53338885538479e-10,-1.15343556165738e-11,-4.95629682737578e-11,6.91658095228753e-12,-1.08225988406034e-10,-1.42198197820678e-10,-2.63004983817742e-10,2.83013010210518e-11,8.68174808098519e-11,8.22569986124098e-11,1.53631299078225e-10,1.59242150403624e-10,-1.10766588673278e-10,-1.07540705111328e-12,4.7806438731321e-11,2.25091316744367e-10,-9.44520059314749e-11,1.25090977290291e-11,7.12723378891349e-11,-3.30496653948277e-11,9.9894210009086e-11,-9.47067904770127e-11,2.36242976538926e-11,3.92290626870278e-11,2.94093026340496e-11,8.2457391358284e-11,1.99207694452744e-10,-1.33001015311758e-10,4.04830247925306e-11,5.54355145767611e-11,1.0296130420244e-12,1.41760543267841e-10,-9.76995544428864e-11,-4.72320201626356e-11,1.98916763609877e-10,7.89386200276445e-11,1.45662541323176e-10,-1.26521099243083e-10,-6.20403847037766e-12,1.38084438467796e-10,1.83597478229693e-10,4.60918603156078e-12,1.61279181287266e-10,-5.02708745740086e-11,1.70875527364938e-10,1.04554507139328e-10,-1.35512746295934e-10,2.3116290978229e-10,-1.88557208461177e-10,-7.08897720823505e-11,-2.2631639936871e-10,5.13030377403862e-11,-1.79016771412143e-10,3.11167184982163e-11,-1.374163330409e-10,4.00968455115385e-11,-5.79687440309418e-11,-2.15423849387426e-10,3.96232176083065e-11,3.07782105080533e-11,6.88052593612901e-11,5.87262873329742e-11,-1.92810989514742e-10,4.25518538599542e-11,-1.47412759285198e-10,-2.25804294414482e-10,3.13731513122386e-11,-1.54861725079631e-10,4.88809619386925e-11,-5.5158990192247e-11,4.48998565119916e-11,3.08680727200071e-11,-6.1616343374984e-11,-1.13257264144838e-10,5.00524739717045e-11,-1.37222900817298e-10,-4.07685077243478e-11,-8.55096331624131e-11,4.05078230675338e-11,5.61845107783074e-11,1.84699300875253e-10,1.05808376484356e-10,-1.00294021967297e-11,-1.61934625289339e-10,4.35426262149151e-14,-3.77788759292369e-11,-1.07626499013021e-11,1.0075117016012e-10,1.10663342698356e-10,-1.01155862756426e-10,5.32832947763167e-11,8.89634904705432e-11,-3.37386097978884e-12,-1.28013056006511e-10,-1.04148892618725e-10,5.33934814998418e-11,-9.73660264570518e-11,1.90873845489761e-10,7.63354845763337e-12,-6.85595821036731e-11,2.52052015130071e-11,-8.50398915965885e-11,-1.25871800327732e-10,-2.17352148649268e-11,1.86101113634798e-10,-1.25696918579738e-10,-9.39194925446258e-11,-3.92559669523236e-11,5.05993450680179e-11,3.76520027653301e-11,4.45424114303994e-11,-5.21773075772105e-12,8.68616795492508e-11,5.27228049023357e-11,-1.42232611559795e-10,-9.06525852742823e-11,5.5469342516929e-11,5.54667541806489e-11,-9.47539093487009e-12,-8.75564552499262e-11,-2.53609946657705e-11,-4.79737104976165e-11,9.88375263014578e-11,-2.50865277655734e-11,-1.67602284763958e-10,-3.58152461974266e-12,1.4039774823826e-10,7.58920545018195e-11,1.43560148758998e-10,-6.46321910211388e-11,3.56497999927977e-11,-1.16768311344317e-10,1.87611514505114e-10,-4.05181022594208e-11,1.23927509665876e-10,-4.78297096070943e-11,-4.47168712623366e-11,3.62151785319377e-11,2.76671503885704e-10,-1.81576243751308e-10,3.52661349010142e-11,-6.86177207505532e-11,1.48367195275618e-11,5.07284043149212e-11,-2.81612690273037e-11,-1.90015823689264e-10,1.49879448730361e-10,4.7084617723505e-11,7.88770966006147e-12,-1.17815068028866e-11,-1.10004885021489e-10,-2.26965544636792e-10,4.17833657748828e-11,7.79210404432221e-11,-1.5016682900482e-10,-2.69936553138954e-10,1.61220578576561e-12,-3.61881610181031e-11,3.82942911388161e-11,1.14860062242384e-10,7.11468940418613e-12,-5.3866477485273e-11,8.98796113106579e-11,-7.56354665908673e-12,2.1702237858878e-11,3.32075459039838e-11,7.33729613349781e-12,-3.70169846049501e-11,-4.43733377027634e-11,2.44463303176622e-12,7.87225054133018e-11,-9.09964197228365e-11,-4.99058539434883e-11,1.41075040630425e-10,-1.0351466885842e-10,-1.52291861437304e-10,3.19259586135812e-11,-1.54341409596139e-10,-2.05637550583897e-11,5.8110357796356e-11,1.52215621513415e-11,-1.21628727459131e-10,2.2042199253533e-11,1.71296001019343e-11,-5.58600673690119e-12,1.62961849363783e-10,4.42776317916647e-11,8.68923750436342e-11,1.08248687419233e-10,3.80716617726695e-11,7.87390664374207e-11,2.01419057240162e-11,6.89036920689208e-11,-3.53833155321026e-11,5.63080480141949e-11,1.82302957402239e-11,1.10779908380318e-11,-4.22563560313007e-11,-6.88622073543944e-11,1.52661223445862e-11,2.17381161175984e-11,-2.14804614231372e-11,-1.31835373955867e-10,1.41264441065407e-11,-1.26813621618946e-10,1.4472358349192e-10,8.21379823597936e-11,1.02293521717416e-10,2.24215569272483e-11,1.18995970938797e-12,-4.25013851965482e-11,-1.12123598861219e-10,1.92879515172426e-10,-7.24827823094384e-11,-1.30759310008715e-11,-1.81129774725567e-11,-1.41656447845817e-10,7.88365219560528e-11,-8.67301355840183e-12,6.51760303396584e-11,7.61844881158733e-11,-4.60316322430387e-11,-2.09301771885695e-11,-2.20576015568399e-10,5.40900769329569e-11,-1.53409283412425e-11,7.94230338955199e-11,-2.071862366047e-10,1.50888589652438e-10,-2.2965334471353e-11,-1.99327213673709e-10,-1.36721716302995e-10,-3.24657112403784e-11,-8.95696877751765e-12,4.01326036557555e-11,5.81859080081354e-11,-5.43876211714175e-11,1.04636571673091e-10,-1.67430073540637e-11,5.1178891044669e-11,7.64103433904375e-11,1.28974604404921e-10,4.31993237875403e-11,-3.70209467289702e-11,1.67017279322253e-10,2.38874739972733e-11,5.316403340555e-11,7.51193628288146e-11,1.70713525679953e-10,-6.59743181375217e-11,8.70378308674385e-11,-4.93160823647275e-11,-1.16023236559407e-11,8.39553176055209e-11,1.04688551201842e-11,-1.55946958513105e-11,-3.12189147108288e-10,1.86411011190651e-11,8.20817962773046e-11,-4.87715508696003e-11,-8.21117463685177e-12,-5.26929670744514e-11,1.16793182009975e-10,4.16382243205349e-11,-7.1184274052463e-11,-3.18203401179622e-13,1.36534617604116e-10,1.31970786339615e-10,6.50808388757114e-11,-9.58056640052915e-11,-6.54202252275594e-11,-5.03444560053547e-11,7.05638666407953e-12,6.15457850267823e-11,4.27061085156285e-11,9.46391774349036e-12,-4.81087521121732e-11,-1.32487483224512e-11,-6.37643771465963e-11,9.62979207041676e-11,1.99168438978665e-10,9.88574024312044e-11,-2.84192298274614e-11,1.17526237780716e-10,-5.62141634290175e-11,-1.69012284504955e-10,-1.23661120692169e-10,1.73174504496269e-13,1.00380958248944e-10,7.12812750126287e-11,-5.82601386018409e-11,-3.36205239788761e-10,-1.06660096291849e-10,-9.85791673982128e-11,1.28559082215279e-11,-8.04042407318557e-11,3.56546797657867e-12,6.14019936712293e-11,1.25662039033825e-10,4.75496935891803e-11,-7.87837811966089e-12,5.50001412036856e-11,2.53263722109845e-11,1.06371522000995e-10,-1.59469404181037e-10,7.54521646317745e-12,-9.45027668233662e-11,-5.69024198956138e-11,-4.591657037904e-11,1.98724906670022e-10,-5.7633876885343e-12,-1.01625822141816e-10,1.2179972564704e-10,-2.8730674710285e-11,-1.05319005810193e-10,3.15302266517122e-11,-5.21219607930323e-11,2.19165756747205e-10,-1.71664286485994e-10,7.49654824233182e-11,2.520819073968e-11,9.53219316238643e-11,-4.40857423220486e-11,-1.33700788591838e-10,-6.72518521108215e-11,-1.01288861735416e-12,5.41778566586299e-11,3.65313592820592e-11,-2.00819639821087e-10,9.39701964421447e-12,2.37744535203233e-11,1.31238426108851e-10,7.12423855593977e-11,6.97247021308014e-11,4.35808566638371e-12,-7.83841061221758e-11,6.0254416464702e-11,-4.22414284634839e-11,9.05159306151711e-12,-5.5740520258205e-11,-5.78752809694106e-11,-6.56855014987853e-11,3.11277812159946e-11,2.03158950493936e-10,-3.61388752124069e-11,-1.40539920002983e-10,-7.4446547510092e-11,-5.30864423265798e-11,7.37383157466674e-11,4.8996766821847e-13,-1.16694282307025e-11,1.5714024299941e-11,7.63852979774698e-12,-8.31608267067345e-11,-3.78222206332297e-11,-2.61804340848015e-10,-3.60171864910581e-11,9.24711455331203e-11,-1.30579670557567e-11,6.34948653295439e-11,8.18360068892622e-12,-5.83958892939476e-12,9.1872220245398e-11,2.12876886228557e-11,4.68693153227792e-11,6.02481536537164e-11,2.27918858217347e-12,1.67292129527885e-11,-5.00308724165032e-11,1.97511215888312e-10,-7.24188043003765e-11,-3.51615200063434e-11,-1.489396662382e-10,1.27238711638924e-10,-1.21187854933793e-10,-1.23813407758772e-10,1.86952864520964e-11,2.18640764629447e-11,8.58704990182842e-11,8.70489094158784e-11,6.47402626035717e-11,-4.68445585860246e-11,-5.51545652276326e-11,-2.77852871511226e-11,-2.62420504073833e-10,-1.03540837675557e-10,-8.81084561201285e-11,3.04803017955135e-12,1.47836204343486e-10,-1.65662049712432e-11,-1.33937338641974e-10,3.35322010985334e-11,-3.6441157765977e-11,-9.76508005953625e-11,-8.9024771589877e-11,-1.36319420955502e-11,1.04046407406362e-10,-1.09211478702039e-10,7.45781293337471e-11,-1.90690286348498e-10,6.54775495745599e-11,-9.41738014881151e-11,-7.19897062972597e-11,-9.49333891642142e-12,-8.8686751902962e-11,-5.06071859370803e-11,-7.12914810258087e-11,-5.78413718991294e-11,2.7911720096607e-10,-1.5267163073449e-10,1.63540763333673e-10,7.60786741162046e-11,-1.98086320762435e-11,-1.79852893022375e-12,3.39965703932342e-11,1.87157806141588e-10,-3.70692333074435e-11,-3.60662777765438e-11,-4.67125461040433e-11,5.76624974335623e-11,1.12879551967361e-10,3.27052581828557e-11,4.87474612632979e-11,5.16126275111421e-11,-4.09119722529448e-11,-2.61745143304094e-11,9.95493176263434e-11,3.06641079648599e-11,1.74423483751408e-10,3.97862852592069e-11,-5.61095286300059e-11,3.90177084599783e-11,-1.36331807845306e-11,4.27742672880531e-11,-5.25370719537594e-12,1.24286019069835e-10,-5.19718308995765e-11,-2.1610825941248e-11,7.9877397814592e-11,1.37035972692987e-10,-8.96376394429925e-11,1.06470742595592e-10,6.14717776794639e-12,-1.26276864018991e-10,1.41247328283611e-10,-3.70357937557083e-11,6.64151801083565e-11,2.2524066762351e-11,3.0621511081268e-12,-1.22032260422908e-10,2.10806898555618e-10,-1.22536314947478e-10,-2.39055403205201e-11,8.82323990030966e-11,-1.19915215499754e-11,1.64037160990916e-11,-9.13541805886288e-11,1.69171788800438e-11,3.20434789972815e-11,1.50964286166677e-10,-3.19886405227313e-11,-1.00510839077793e-11,-2.83930205429046e-11,6.86420355551738e-11,1.63017519558812e-10,-2.61240744699648e-11,-3.35979800408455e-11,-8.66040777463986e-11,-9.16006929154289e-12,8.9821244170306e-12,7.48835917998378e-11,1.96158219058648e-10,-4.45363810062132e-11,-4.18597336415767e-11,-1.390891129562e-11,2.60085772110042e-11,1.69712386579504e-10,1.10006166763717e-10,-1.08076956377756e-10,2.94154965805047e-11,5.0399920202831e-11,6.04126892970636e-11,2.09388505942562e-11,5.32186086351389e-11,1.62820466781877e-11,-4.88898799292566e-11,-1.63867058477559e-10,-4.78230646506092e-12,1.88755284798508e-11,-5.88660849221125e-11,-4.50527232097513e-11,-3.65586581732753e-12,-2.80406362442018e-11,2.11410777367378e-11,-1.02504021058539e-10,1.22602508058457e-10,-1.09406318946735e-10,-5.85244822222374e-11,6.28143345645354e-11,-1.70201781358332e-10,-2.54677248217959e-10,4.71522905134585e-11,7.83697026560071e-12,1.00736935594807e-10,-3.30956702319312e-11,-4.92155030831399e-11,-4.06842344305494e-11,-7.23173059008742e-11,-1.77533751168147e-10,-9.08826776632586e-11,-2.28995479635593e-10,-8.40583742944617e-12,-3.90801064584909e-11,-5.12154908169137e-11,-1.38124000242046e-12,1.82732769635759e-10,1.07993135387196e-10,1.19222102485256e-10,9.5001079946761e-11,-1.16294005765567e-10,5.96335615931558e-11,-7.11952998085817e-12,1.20312273141473e-10,4.17576678518075e-11,-9.92863659070361e-11,-5.61895759558596e-11,-6.76267198857473e-11,9.47871035949258e-11,1.0382449987232e-10,1.62641224525303e-12,5.16835338212479e-12,-7.99186793370714e-11,1.19228688972432e-10,-3.94131973016905e-11,5.85979327624611e-11,3.82385183610333e-11,-1.3632933782958e-10,6.44391699651148e-11,7.22641583266638e-11,-2.79295321479209e-11,-2.58176399082783e-11,-1.05512602952048e-10,-2.28408221086283e-12,1.23265969322654e-10,6.52170233006948e-11,-1.40699724001434e-10,2.24016119531169e-11,-2.98225624491729e-11,1.53329614861845e-10,9.39555561086872e-11,3.47311829623202e-11,6.09324569945425e-12,1.79356007043287e-10,-1.43835802451429e-10,2.86471705244657e-11,1.83458682388209e-11,3.80964877564606e-11,-1.39409663155366e-10,4.30547801767921e-12,-2.50554816538243e-11,-1.45789356682706e-10,-1.93485752670465e-11,-4.46641321820356e-12,2.19744339080449e-11,-3.12556600583302e-11,-1.6824595784991e-11,-1.53539808514669e-10,4.87876277192617e-11,1.65341438341044e-11,1.6550455711072e-10,-6.01048022822068e-11,-2.16695962174745e-10,-1.3612173067272e-10,1.23768621643509e-10,-1.33533605921237e-10,4.44355343167645e-11,3.99410380268416e-12,1.32714829618007e-10,8.37732996484961e-11,1.49938353617828e-10,5.98300468309138e-11,3.11456347025386e-11,1.23085191841791e-10,-3.04454869503217e-11,3.62952263609122e-10,-7.91949109209683e-12,6.14635842211019e-11,4.94596429681841e-11,8.49285596380798e-11,-6.412504716672e-11,-3.29679405628608e-11,-6.94805401102339e-11,-6.85772575389414e-11,-1.30941799380455e-10,1.20856768081387e-10,1.72549870179182e-10,5.12452861951647e-11,7.15832434566759e-11,1.08249730166428e-10,-3.53823425453876e-11,-1.3790651515237e-12,9.56433565586366e-11,2.81805012139914e-11,2.149406062637e-10,-6.91357377594868e-11,-5.62103345820084e-11,7.37899603353282e-11,-8.00450357680267e-11,8.72182227442139e-11,-4.18646095488532e-11,-3.55669493450742e-11,-9.65850203777421e-12,2.77854337892857e-11,1.01202647990947e-10,-3.86224198532572e-11,-1.65416927117277e-10,4.36619688106143e-11,-1.47349655586295e-10,1.05621085077184e-10,2.60818384721221e-11,2.2758688507959e-10,2.094024555553e-10,5.97436546052223e-11,6.55575620238271e-11,2.02163258215035e-10,3.67917727210624e-11,6.19876484494522e-13,-7.40029459031494e-11,1.00083616699915e-10,-1.0207021285248e-10,5.69067348391454e-11,-2.30072571313683e-11,-1.1993135369211e-10,-4.4504205176393e-11,-9.50846114362722e-11,1.97684179242076e-10,-3.72269817250566e-11,-5.17540288155353e-11,-5.03732838410391e-12,-5.59350947267111e-11,1.01555921831135e-10,-7.59225369873876e-11,-1.0006395083722e-10,-5.89120005787703e-11,1.71542147761595e-10,1.10940594206387e-10,-1.63678449403941e-10,1.01534348362257e-10,-9.07599542554357e-11,-1.25406105347393e-10,8.81725787248542e-11,-1.41538767752972e-10,6.48507503899125e-12,-2.55186464151775e-12,1.67384149246743e-10,-9.13053687969271e-11,1.06921809956793e-10,-2.83086423574417e-11,-3.23379602819029e-11,8.83430877010079e-11,5.9582371678692e-11,-8.607705487262e-12,1.64437676846314e-11,-5.93353537913185e-11,8.59407390147058e-12,1.40005923560965e-10,-2.2981847556047e-10,2.73341685372231e-10,3.5407391092584e-11,-1.00930245964044e-10,-6.93571058663656e-11,-1.30109820814223e-10,1.85291189734438e-11,3.7856545958166e-11,-6.0758472003144e-11,-1.07680244896161e-10,8.59778863144096e-11,-2.51765880888939e-11,-1.13301070649299e-10,-6.33342749834195e-11,3.55697102076636e-11,1.342030045645e-10,5.19703537081676e-11,4.00869422285836e-11,4.80211766101898e-11,-5.27080191423477e-11,1.20886357038252e-10,-4.57584935344261e-11,-8.24902165148552e-11,-4.69233453447298e-11,-5.99068117561245e-11,-6.84575966003116e-11,6.73583749987664e-11,1.03023048486684e-10,1.4498940280158e-10,3.7953379099165e-11,-3.22675113242945e-11,8.64287554548837e-11,2.46876241365978e-11,-4.86034422442456e-11,1.30991961840652e-10,-2.60374166203593e-12,-8.52929053641413e-11,-1.91152921930102e-10,7.02453183349114e-11,1.24074435836198e-10,-2.0751938475594e-10,2.96780339846126e-11,-2.39670895955936e-10,-1.03770177182539e-10,-1.03834083239178e-10,-1.20170784323222e-10,4.07048181172447e-12,4.29070923214749e-11,9.12451288722734e-11,1.77431799138597e-10,4.07234848156813e-11,-1.69718961884372e-11,-9.90519122797489e-11,-2.39463265280744e-11,-9.01761390453588e-11,1.68807958719884e-11,-5.02304704606665e-12,1.15633676503747e-11,-9.01008241944943e-11,-2.97801026026762e-11,-8.22480200774351e-11,1.0265405390663e-12,6.0008267982974e-11,-2.23777301124484e-10,-1.47441572274865e-11,7.8274768749174e-11,1.31693144316829e-10,5.61307682257302e-11,3.1756372558008e-11,1.65063521822031e-11,-2.6767810599991e-10,-1.54495037631835e-10,9.31974257796993e-11,6.85213981591051e-11,-1.13457520250132e-10,1.60242004946446e-10,1.34464981201364e-10,6.755004993769e-12,-4.44352855315224e-11,-6.7553013909629e-11,3.04020628709539e-11,-1.56312074282531e-10,7.12842104903587e-11,1.26351271285931e-10,2.90306818665225e-11,1.269769356083e-10,-1.20543088468714e-10,4.66238690174656e-12,-1.34710265471079e-11,-7.19711572162275e-11,-4.20931902611997e-11,-1.25532056712575e-11,-7.74785798238085e-11,3.60771134142738e-11,-2.22825021229206e-11,-1.01028471311332e-10,-4.55103765480982e-11,2.2686277749915e-11,-4.19720518778385e-11,-5.31387514649359e-12,-4.57590560921921e-11,6.7796021859255e-11,6.8551884687902e-11,1.27593963692877e-11,-1.95446935914092e-12,-4.01429517388541e-11,8.20677508236798e-11,1.8602888418053e-10,8.37636223254981e-11,-4.5120394230429e-11,6.99449191208599e-11,1.52949900653269e-10,-6.04110400657363e-11,-1.89571238353101e-11,2.99277626735648e-11,1.22957258926934e-10,-1.32983404574934e-10,1.46920413143918e-11,1.55084085469273e-10,6.36426683450177e-11,-1.234926555732e-10,5.49984804071101e-11,-5.6629172856512e-11,1.14084433528902e-10,-7.55404452063631e-11,-1.86773125264368e-10,3.2480946439782e-11,-1.5078300044115e-10,-1.08101128754534e-10,-2.831519636574e-11,-2.21907272651067e-12,-1.90601098242665e-10,3.03504245239335e-11,1.68680666070176e-11,3.10712223353955e-11,-1.97079607486148e-10,3.89931515753021e-11,6.72874844108897e-11,1.22929383179244e-11,4.88605899919815e-11,1.3742872201194e-10,5.37780672928763e-11,-1.56808017881348e-10,1.1508305680408e-10,4.86650526991614e-11,7.52131115433456e-11,1.011149492144e-10,9.4839616443929e-11,4.4781443148989e-11,-2.45122012735887e-10,6.65387680120592e-11,8.92701292028468e-11,-1.37117973693863e-10,3.25522024230481e-11,1.36674967675766e-10,-1.2972436578559e-10,1.23139544647158e-10,-7.83283811580055e-11,-2.63322539681699e-11,-7.26550228743398e-11,1.60185107481249e-10,-1.15179805869793e-10,-2.04371244285319e-11,2.6316096850482e-10,-1.23842137156445e-10,1.12197544601082e-11,2.56885909350704e-11,1.15222049785135e-10,-5.77510812804187e-11,1.76731878843232e-12,-2.48582803196424e-11,-3.8064302213212e-11,8.98855638138451e-11,1.98197424338373e-10,-3.7981517090873e-11,-1.29424759536841e-11,4.17596343557498e-11,-7.31673992240521e-14,-6.36380786322195e-11,4.96312033120805e-11,1.50885810476374e-11,2.12673771045559e-10,-1.53573733482974e-12,5.15396637521804e-11,-4.12326675071349e-11,-1.71167942444945e-11,-4.17218336486772e-11,-6.68743983173633e-11,-9.14691278333414e-11,3.05886451667836e-11,1.10160529447787e-10,-4.64581063307953e-11,5.03922099599803e-11,-1.31511136107389e-10,-4.03606860924199e-11,-1.63189903081219e-10,7.07671948004899e-11,5.21214375411842e-11,9.82643305288389e-11,-5.86466350281014e-11,7.19249135062275e-11,5.11392883745897e-11,-1.3649305380217e-10,-8.15249496893786e-11,1.50389342061246e-10,-1.73757819923552e-11,7.48410335811324e-11,-1.84150791897341e-10,3.0863463846577e-11,2.35895743026684e-11,-1.12771172994061e-11,-6.93361583815088e-11,-3.29127701016283e-10,2.8592250513901e-11,1.38438586344367e-11,1.1759824727731e-10,2.96881141012646e-10,-1.6098600037989e-10,6.59763972903121e-11,-3.95406884226562e-11,4.79398588665868e-11,-2.16882271125374e-12,-8.24800390719528e-11,6.75343611480518e-11,-1.47932705189128e-10,-9.53507068295645e-11,-3.59364071185445e-11,-1.13192457021938e-12,1.37778393188122e-10,-6.63013446486381e-11,-1.24744200790946e-10,1.45117139475339e-10,7.9018734798554e-11,-5.98718643932897e-12,3.6144870104191e-11,-3.83693578306208e-11,-2.34697583335662e-11,-1.03608475256981e-11,-1.72633906256295e-11,5.02174136734917e-11,1.01037049126778e-10,-1.49244249927298e-11,7.39670418823892e-11,-3.78554953838005e-11,-3.00699276397428e-11,-1.28313263632392e-10,1.277095191611e-10,2.37419263965396e-11,3.66694137838811e-11,-1.40234697950879e-10,1.17813773190218e-10,-5.66033980701888e-11,4.072744317002e-11,7.46447481854433e-11,1.32370680681702e-11,-4.03895181383497e-11,1.89181413129717e-10,1.00852468033084e-10,6.39801165065248e-12,-9.44457390261548e-12,2.68212031866147e-11,1.05471427096432e-10,1.13010730401498e-10,1.37113728816415e-10,5.57279517506011e-11,-7.28027003874207e-11,4.10303546479915e-11,-3.92983713721522e-11,2.96375325452442e-11,-4.73366792548951e-12,1.41373259723705e-10,-2.31561340455677e-10,5.36969859542024e-11,-1.71697331501858e-10,-2.54637747638012e-11,1.52686548093128e-10,1.58525219675824e-10,1.99829994937608e-10,-1.31569453729738e-10,-3.03658468722984e-11,9.2383814848384e-11,1.63783230351108e-10,-3.89815299200758e-11,3.32367208700749e-11,3.8476557149382e-12,2.08725760864442e-10,2.30988951339925e-11,-1.59597544516937e-11,-5.64167219974497e-11,-7.62947098971473e-11,-1.78118094102854e-10,-1.56580373122167e-11,1.47877092802815e-10,9.71731127921656e-11,1.13632151516357e-10,-8.73435926215189e-11,-1.09795984577088e-11,2.93091906143984e-12,-1.36402021621211e-10,-1.06187171409184e-11,7.23513141349022e-11,-1.8551346116744e-10,5.14807419499061e-11,1.70151524816806e-11,-1.51351825583921e-10,1.18786474851363e-11,-1.45329216884499e-10,2.92847654865294e-11,1.765145284995e-10,-7.13811619339554e-11,6.3954206620934e-11,-2.59549160224074e-11,-1.22707615563037e-10,-6.65231657201105e-11,8.8119776143088e-11,-9.32596353302415e-11,-2.28221532107752e-11,-9.41261407360778e-11,2.85228078108244e-11,9.84596823880663e-11,1.09302154703533e-11,5.49912698035434e-11,7.96144959566865e-11,-1.50079396722092e-11,9.65282299412283e-12,1.86835998647135e-10,-5.40672159869699e-11,2.94514433671448e-11,6.52151295903727e-11,2.03934078610444e-10,4.3352257094956e-11,1.13819063917142e-10,1.92842478263561e-10,-1.0202725884419e-10,1.55840809971268e-10,2.25716033498286e-11,-5.34561597622407e-11,1.06916288477076e-10,5.24074108690401e-11,-3.60200754446259e-11,-1.01324614010907e-10,1.36868339329031e-11,-4.63745826768556e-11,-8.78258307810621e-12,-4.25505492108544e-11,5.81502664549314e-11,7.90598499473972e-11,-4.08719080469033e-12,4.96472820520042e-11,4.23176691602827e-11,-1.98280605618248e-10,1.95971925006422e-10,3.09760674933059e-10,-4.10937458423399e-12,-1.23414743516741e-10,-2.04016662736502e-10,1.39225954497854e-11,-5.33018627702565e-11,-9.83817310610483e-11,-3.23902250850239e-11,-8.20641423559523e-11,2.32174107183204e-10,-2.40481670331135e-11,1.25243241879053e-10,9.61322463052189e-11,-3.97353091668804e-11,6.03467380505753e-12,-1.14094291689229e-10,-1.90694062014888e-10,-1.2087734144144e-10,1.18194945571365e-10,-7.62921523765711e-12,-9.08503105617816e-11,7.83374814826883e-11,8.52125675698687e-11,8.65551746090534e-11,1.87086354243292e-10,1.58630761933799e-11,1.93994969704357e-11,5.08515384848936e-11,-3.65859017327877e-10,5.46227710522045e-11,-9.20384650468004e-11,-1.43993836103476e-10,-6.40646691777487e-11,4.1834135359615e-11,7.25275303785994e-12,-1.47326631476001e-10,-1.62500277798394e-11,2.76937764479572e-11,-6.40683684474795e-11,5.72006926465525e-11,-1.01546310268188e-10,1.74071132942301e-10,-2.0094879187828e-10,6.95506061121371e-11,3.15888692124611e-11,1.29347074803418e-10,-1.5157160568942e-10,7.2050251076704e-11,-1.54144382569624e-10,1.0090182738294e-10,2.04152995845597e-10,6.43136342013126e-11,6.01985189781217e-12,-5.00757354826194e-11,-2.28622708353467e-11,6.57500644173864e-11,-9.00823724067344e-11,-3.58507546961779e-11,-2.06721928851621e-10,-1.66390001314468e-10,1.90405736838784e-10,-7.88786191660168e-11,1.18958272068387e-10,2.39746223278597e-10,8.14171617125606e-11,7.65597400035959e-11,-5.66473209640133e-11,8.90645008089693e-11,8.75050794395975e-11,-2.00914511382637e-10,8.38337596036441e-12,-6.24076170786948e-11,-2.09357124076843e-11,2.97080165903511e-11,2.95448650392598e-10,-3.09654841009314e-11,-4.89263361068089e-11,-1.1549481367842e-10,2.46847657652367e-11,8.91510864846685e-11,1.49530186233262e-10,-1.65683591497632e-11,-1.20085179538202e-11,-3.98148320135122e-12,-4.2126836809132e-11,-1.21616414881628e-10,9.92830278896713e-11,1.02741530516559e-10,1.6356088994189e-10,-3.78780139780381e-11,-4.87174420055045e-11,1.71982016689797e-10,-1.34755038200091e-11,-7.79560446628559e-11,3.64151247094208e-11,-3.60276362088038e-11,-1.01570258407504e-10,-1.30272933623143e-10,1.50071057540861e-10,4.03565353726842e-11,-2.03401269523277e-10,-1.0297757444812e-11,5.64946979116228e-12,2.72544888768673e-11,3.38714638427376e-11,4.61196197388102e-11,4.40216766464838e-11,5.41735942751717e-11,-3.83879125305607e-11,1.61565874031396e-11,-7.21660713491838e-11,-1.46566996785814e-10,6.65943125854832e-11,-7.41527210405906e-11,-1.0133442670392e-10,9.50829887805198e-11,-9.86864213000363e-12,-7.24637709341339e-11,-1.6713649889717e-11,3.73860893988028e-11,6.25916050109026e-11,-1.92173786351351e-10,-1.08716321163128e-10,-2.51109470123693e-11,-1.19976623796457e-11,-3.33777069312469e-11,-9.14954632935505e-11,-6.56499963204637e-11,9.78969784385871e-12,-1.0402762714474e-10,-1.34683816865734e-10,4.75163502129587e-12,-6.24863845608734e-11,1.37472473338222e-10,-5.9782046794181e-11,1.02186222623906e-10,1.08768135955205e-10,-6.79307913644273e-11,5.3168104431514e-11,3.14286133547978e-11,-1.26900283846837e-10,9.02175891464224e-11,2.45699045620577e-11,-4.16020273672209e-11,4.75224762287127e-12,-3.55724079534474e-11,8.94560967584264e-11,2.12751447252912e-11,-1.44350267547493e-10,-6.44883791951497e-11,6.62469944889475e-11,-1.91329590224019e-10,-2.87989325644949e-11,9.00365746178776e-11,-7.42201369182715e-11,-1.08216830537774e-10,-8.33133989606267e-11,-2.84264978536153e-11,5.87959621262097e-11,-5.88496929614561e-11,1.13664838521204e-10,3.8224648019279e-11,2.96796137059319e-10,1.11218914189807e-10,3.61668093859186e-10,4.73227027609521e-10,5.66217551442299e-10,5.83825999012157e-10,9.64359589092022e-10,9.14121425797316e-10,1.06970592099877e-09,1.16984774709566e-09,1.33580966088967e-09,1.33077755745149e-09,1.60066519860441e-09,1.52024860337423e-09,1.854227643147e-09,2.00700859303353e-09,2.26067103898046e-09,2.42541786183898e-09,2.68295061337116e-09,2.94967681690944e-09,3.2100458770047e-09,3.64766340166114e-09,3.91998209916739e-09
