v,0.25
Patm,100000
g,9.81
r,500
G,10^10.37
rho,2100
mu,10^4.25
rc,22
 
M,10^6.2
sigma,0.25
 
tilt_erupt,18.9725nrad
 
-1005,-1004,-1003,-1002,-1001,-1000,-999,-998,-997,-996,-995,-994,-993,-992,-991,-990,-989,-988,-987,-986,-985,-984,-983,-982,-981,-980,-979,-978,-977,-976,-975,-974,-973,-972,-971,-970,-969,-968,-967,-966,-965,-964,-963,-962,-961,-960,-959,-958,-957,-956,-955,-954,-953,-952,-951,-950,-949,-948,-947,-946,-945,-944,-943,-942,-941,-940,-939,-938,-937,-936,-935,-934,-933,-932,-931,-930,-929,-928,-927,-926,-925,-924,-923,-922,-921,-920,-919,-918,-917,-916,-915,-914,-913,-912,-911,-910,-909,-908,-907,-906,-905,-904,-903,-902,-901,-900,-899,-898,-897,-896,-895,-894,-893,-892,-891,-890,-889,-888,-887,-886,-885,-884,-883,-882,-881,-880,-879,-878,-877,-876,-875,-874,-873,-872,-871,-870,-869,-868,-867,-866,-865,-864,-863,-862,-861,-860,-859,-858,-857,-856,-855,-854,-853,-852,-851,-850,-849,-848,-847,-846,-845,-844,-843,-842,-841,-840,-839,-838,-837,-836,-835,-834,-833,-832,-831,-830,-829,-828,-827,-826,-825,-824,-823,-822,-821,-820,-819,-818,-817,-816,-815,-814,-813,-812,-811,-810,-809,-808,-807,-806,-805,-804,-803,-802,-801,-800,-799,-798,-797,-796,-795,-794,-793,-792,-791,-790,-789,-788,-787,-786,-785,-784,-783,-782,-781,-780,-779,-778,-777,-776,-775,-774,-773,-772,-771,-770,-769,-768,-767,-766,-765,-764,-763,-762,-761,-760,-759,-758,-757,-756,-755,-754,-753,-752,-751,-750,-749,-748,-747,-746,-745,-744,-743,-742,-741,-740,-739,-738,-737,-736,-735,-734,-733,-732,-731,-730,-729,-728,-727,-726,-725,-724,-723,-722,-721,-720,-719,-718,-717,-716,-715,-714,-713,-712,-711,-710,-709,-708,-707,-706,-705,-704,-703,-702,-701,-700,-699,-698,-697,-696,-695,-694,-693,-692,-691,-690,-689,-688,-687,-686,-685,-684,-683,-682,-681,-680,-679,-678,-677,-676,-675,-674,-673,-672,-671,-670,-669,-668,-667,-666,-665,-664,-663,-662,-661,-660,-659,-658,-657,-656,-655,-654,-653,-652,-651,-650,-649,-648,-647,-646,-645,-644,-643,-642,-641,-640,-639,-638,-637,-636,-635,-634,-633,-632,-631,-630,-629,-628,-627,-626,-625,-624,-623,-622,-621,-620,-619,-618,-617,-616,-615,-614,-613,-612,-611,-610,-609,-608,-607,-606,-605,-604,-603,-602,-601,-600,-599,-598,-597,-596,-595,-594,-593,-592,-591,-590,-589,-588,-587,-586,-585,-584,-583,-582,-581,-580,-579,-578,-577,-576,-575,-574,-573,-572,-571,-570,-569,-568,-567,-566,-565,-564,-563,-562,-561,-560,-559,-558,-557,-556,-555,-554,-553,-552,-551,-550,-549,-548,-547,-546,-545,-544,-543,-542,-541,-540,-539,-538,-537,-536,-535,-534,-533,-532,-531,-530,-529,-528,-527,-526,-525,-524,-523,-522,-521,-520,-519,-518,-517,-516,-515,-514,-513,-512,-511,-510,-509,-508,-507,-506,-505,-504,-503,-502,-501,-500,-499,-498,-497,-496,-495,-494,-493,-492,-491,-490,-489,-488,-487,-486,-485,-484,-483,-482,-481,-480,-479,-478,-477,-476,-475,-474,-473,-472,-471,-470,-469,-468,-467,-466,-465,-464,-463,-462,-461,-460,-459,-458,-457,-456,-455,-454,-453,-452,-451,-450,-449,-448,-447,-446,-445,-444,-443,-442,-441,-440,-439,-438,-437,-436,-435,-434,-433,-432,-431,-430,-429,-428,-427,-426,-425,-424,-423,-422,-421,-420,-419,-418,-417,-416,-415,-414,-413,-412,-411,-410,-409,-408,-407,-406,-405,-404,-403,-402,-401,-400,-399,-398,-397,-396,-395,-394,-393,-392,-391,-390,-389,-388,-387,-386,-385,-384,-383,-382,-381,-380,-379,-378,-377,-376,-375,-374,-373,-372,-371,-370,-369,-368,-367,-366,-365,-364,-363,-362,-361,-360,-359,-358,-357,-356,-355,-354,-353,-352,-351,-350,-349,-348,-347,-346,-345,-344,-343,-342,-341,-340,-339,-338,-337,-336,-335,-334,-333,-332,-331,-330,-329,-328,-327,-326,-325,-324,-323,-322,-321,-320,-319,-318,-317,-316,-315,-314,-313,-312,-311,-310,-309,-308,-307,-306,-305,-304,-303,-302,-301,-300,-299,-298,-297,-296,-295,-294,-293,-292,-291,-290,-289,-288,-287,-286,-285,-284,-283,-282,-281,-280,-279,-278,-277,-276,-275,-274,-273,-272,-271,-270,-269,-268,-267,-266,-265,-264,-263,-262,-261,-260,-259,-258,-257,-256,-255,-254,-253,-252,-251,-250,-249,-248,-247,-246,-245,-244,-243,-242,-241,-240,-239,-238,-237,-236,-235,-234,-233,-232,-231,-230,-229,-228,-227,-226,-225,-224,-223,-222,-221,-220,-219,-218,-217,-216,-215,-214,-213,-212,-211,-210,-209,-208,-207,-206,-205,-204,-203,-202,-201,-200,-199,-198,-197,-196,-195,-194,-193,-192,-191,-190,-189,-188,-187,-186,-185,-184,-183,-182,-181,-180,-179,-178,-177,-176,-175,-174,-173,-172,-171,-170,-169,-168,-167,-166,-165,-164,-163,-162,-161,-160,-159,-158,-157,-156,-155,-155,-154,-153,-152,-151,-150,-149,-148,-147,-146,-145,-144,-143,-142,-141,-140,-139,-138,-137,-136,-135,-134,-133,-132,-131,-130,-129,-128,-127,-126,-125,-124,-123,-122,-121,-120,-119,-118,-117,-116,-115,-114,-113,-112,-111,-110,-109,-108,-107,-106,-105,-104,-103,-102,-101,-100,-99,-98,-97,-96,-95,-94,-93,-92,-91,-90,-89,-88,-87,-86,-85,-84,-83,-82,-81,-80,-79,-78,-77,-76,-75,-74,-73,-72,-71,-70,-69,-68,-67,-66,-65,-64,-63,-62,-61,-60,-59,-58,-57,-56,-55,-54,-53,-52,-51,-50,-49,-48,-47,-46,-45,-44,-43,-42,-41,-40,-39,-38,-37,-36,-35,-34,-33,-32,-31,-30,-29,-28,-27,-26,-25,-24,-23,-22,-21,-20,-19,-18,-17,-16,-15,-14,-13,-12,-11,-10,-9,-8,-7,-6,-5,-4,-3,-2,-1,0
-3.34550398485721e-10,1.32826595780881e-10,3.32902150756155e-10,4.33267762383659e-10,3.45534204446402e-10,-1.02630813979005e-10,-3.15463626935811e-10,-3.36320800683406e-10,-9.52862757074315e-11,-4.73786517006299e-10,-9.89919156407918e-11,5.35066662296476e-10,-2.9332947428174e-10,3.09145864111759e-12,2.61372201960755e-10,-5.00618932363984e-11,-2.02676747627971e-10,4.04877351049004e-10,-3.06471122529821e-11,1.4250615109474e-10,3.11371496858928e-11,-3.61110508725094e-11,-5.60016838768422e-11,1.19858040938247e-10,-5.82276941274396e-11,-1.18168383135111e-10,-5.20261953483824e-10,-2.09704733441938e-11,1.84014494868777e-11,3.69206776235291e-10,-1.00978752004921e-10,-9.60030920998162e-11,-2.09408513218615e-10,3.2697212647189e-10,-1.66093730942465e-10,3.60805202016127e-10,-4.86629823436358e-11,-3.17697716902897e-10,4.09900320879439e-11,1.20893034932994e-11,-4.65266255870478e-10,-1.17450653409025e-10,1.15226717960121e-10,1.2822378446808e-10,-2.27001634293932e-10,2.90589076900634e-10,-1.3935325661289e-10,3.59570859966332e-10,-1.53963048278642e-10,-5.83966279412487e-11,-1.77415923776033e-10,-1.58405525140456e-10,-6.48780195562528e-11,-1.52057406904095e-10,1.4943539658799e-10,-5.09248560933349e-10,1.41264080008045e-11,-2.14426775815907e-10,2.4951114966186e-10,9.23494630191477e-11,1.39678645848928e-10,1.02249394542149e-10,-1.37004226040211e-10,-2.34407005088257e-10,-3.56796124421118e-10,-2.65542383678871e-10,-6.52482037058702e-10,-1.13132440448242e-11,1.20468722428361e-10,-1.17603593783959e-10,4.43129593459117e-10,4.23360121149051e-10,3.53630038761849e-10,-1.10672508263201e-10,8.70319274054243e-12,-4.03638858062457e-10,-6.17281201752721e-10,4.4707231510722e-10,2.00957095000153e-11,-1.04390363614408e-10,-3.5035211841496e-11,-3.50887837091329e-10,-8.58007985597609e-11,-3.93890250089559e-10,1.31693621703082e-11,-1.01265656974811e-10,5.22859699036007e-10,-4.53879400010057e-10,9.47379140296557e-11,9.82889401667701e-11,-3.67256455898851e-12,2.4589295577555e-10,2.67447018263664e-10,3.13369619563859e-10,2.15132643045065e-10,-2.07588453597807e-10,-6.30303041878236e-11,-2.42449879005296e-10,-2.88315033820984e-10,-1.22567252309212e-10,1.39714456205262e-10,8.84473497736675e-11,-1.04358173404383e-10,3.10069774586703e-10,1.65890021387641e-10,4.26500589905327e-10,-1.93911307566253e-10,1.04457184800216e-10,7.22143184537459e-11,1.41150952950747e-10,-5.88031737599155e-11,-1.60491110110024e-11,-2.87048104260576e-10,5.12163581843396e-11,2.62662955428637e-11,3.97063144077391e-10,-1.37596498844647e-10,1.03412668974175e-10,-1.51233834752723e-10,2.59500085923824e-10,2.57761289082684e-10,-4.73922657211331e-10,1.2399453418433e-10,1.47783988716809e-10,1.1071961977003e-10,-8.27017148938986e-11,2.19729461795829e-10,1.75649504151902e-10,-2.01569910957989e-11,5.08643283783269e-10,-8.05280118025228e-11,-4.30682175290941e-10,6.20789421697535e-11,-6.21109983722933e-10,-1.16157597735403e-10,2.50461473000762e-10,-7.1065192690707e-11,9.73444689812368e-11,4.73533562124052e-10,1.59409112482953e-10,2.73095810111947e-10,-9.48099224957789e-11,3.74998756767815e-10,-1.68347495673135e-10,-3.32363124264558e-10,4.51189962524229e-10,-7.17341218959023e-11,3.09422823011934e-10,-2.59664420259906e-11,-3.92708492254326e-10,-2.66882195921661e-10,-4.49397619774838e-10,1.23836647488991e-10,-1.05777031537924e-10,9.41334104278898e-11,8.57662088328396e-11,1.49177444688277e-10,-1.96404530752456e-10,-4.56344311562674e-10,-1.94907786692543e-10,5.8261884346116e-10,-1.663833286214e-12,-1.68594969559027e-11,-3.01878129339377e-10,-8.54607044383965e-11,2.48821303214634e-11,-1.05024586254536e-10,-5.00476940300699e-11,2.83962686429385e-10,-7.26372457634203e-11,-2.74409015122761e-10,-7.0006206856391e-11,2.26297824604127e-10,2.37476045734297e-10,1.40153313815501e-10,1.78856270390093e-10,1.69512664657359e-10,-1.90173250007871e-10,1.89371336758035e-10,-3.24593242086778e-11,-2.57798009172652e-10,-1.85541873263067e-11,2.71779542135072e-10,1.09976587668349e-10,-3.19195521321065e-10,1.92177874997127e-10,-5.7840186424651e-11,-1.9055937810614e-10,1.8709858743069e-10,-3.70946457680758e-10,3.4717443081959e-10,-2.77468590478886e-10,-1.15806204315238e-10,5.48753622002415e-11,3.11586286066001e-10,1.11664227281145e-10,1.8193998673184e-10,-2.65957760384073e-10,1.54309385408094e-11,8.3269055074622e-12,-6.03636526658431e-11,-1.20234804950662e-10,1.08750382610651e-10,-1.34315156120471e-10,-8.81750592459629e-11,2.92869967475333e-10,-2.61179730194251e-10,8.97667173152774e-11,4.91862975004776e-10,-1.75252181859463e-10,2.08577790938068e-11,-1.80841663124999e-10,-2.10019578036046e-10,2.03693333925082e-11,8.4548307994574e-11,-2.93322741736365e-10,3.49417205940711e-10,-1.28867727784672e-10,-1.55629679847558e-10,7.98144636194411e-11,-3.84919601251207e-10,-3.09214081890609e-10,-2.93342298715849e-10,2.87065091735609e-10,-1.49321556348252e-11,3.94564116871e-11,-2.49162332644839e-10,5.64375019643896e-12,-5.66652064135535e-11,-1.09572043521252e-10,9.52228370765982e-11,1.02809753586493e-10,-1.51383196174407e-10,2.42230029251945e-11,2.33784889902578e-10,7.09472516088632e-11,-1.63658665691659e-10,1.03524990687921e-10,2.16812224376849e-11,1.95922738133597e-10,7.18860233053907e-11,-1.16443925056692e-10,2.33838618586582e-10,-1.88639071307222e-10,6.11162931190314e-10,2.33137494844342e-10,-2.69100576415503e-10,3.58805811488765e-10,2.9762428722377e-12,-9.9684893777419e-11,-3.76998423018412e-11,-3.64223874585807e-10,-3.18276840647442e-10,-5.72690501852405e-12,-4.2119440220852e-10,3.26221282693367e-10,-2.82174012816406e-10,-1.00734233318382e-10,-2.98113327216601e-11,-2.73600074053252e-11,-1.53124544260627e-10,6.33757088766812e-11,1.51806088808239e-10,1.45393143218107e-10,3.03374267400199e-11,-2.32243231519014e-10,-2.07968664432171e-10,-1.91783824941615e-10,2.40296321918227e-10,4.18263130205142e-10,1.27056276422682e-10,-2.14004475508323e-11,-4.18481995233699e-10,-4.44951464304451e-11,-1.75321125703931e-10,7.76818632765254e-11,6.67299434406551e-11,2.14966962456867e-10,-2.87802689098101e-10,-1.37283613982014e-10,-3.25450479922554e-11,-9.92555301972135e-11,2.4526437568507e-10,3.32747377582732e-10,-5.03684129044707e-10,-9.79451460047181e-11,-3.87878142795135e-10,4.23420341701542e-10,-2.2319228260868e-10,1.56228066356251e-10,-3.97851188438458e-10,9.78478420589762e-11,1.63534506616016e-10,4.23306659299028e-10,2.01042536348911e-10,4.87834617477978e-10,-4.06483545791625e-11,-1.52286364811451e-10,6.03893665132627e-12,-4.79233455101437e-11,1.15933947025302e-10,1.08805816381174e-10,-6.35277489770668e-11,-3.22792036003564e-10,2.44895195183334e-10,-2.48915481255894e-12,-2.10527821392809e-12,2.85910876527187e-10,5.96655236095516e-12,-7.46208565803197e-11,5.12459325894043e-11,-2.36495175156597e-10,-1.32767714920129e-10,2.82403615507651e-11,-7.79329655759079e-12,5.99159894489577e-10,-1.35096195839448e-10,4.93053904911481e-10,-2.34265564322407e-10,-1.35062053869609e-10,-1.69210276710833e-10,-8.82947585621481e-11,1.69817837844765e-10,1.41069808941665e-10,3.24299604310322e-10,2.0127407737547e-10,5.64391894375786e-10,1.3581208432612e-10,1.89541414282307e-10,-2.33504089650225e-10,9.80813449534339e-12,-3.9501900910562e-10,-5.03526783957008e-10,-1.17095937077988e-11,-1.21955890451804e-10,2.28187683963428e-10,1.83482292561265e-10,-5.68748134782655e-10,-4.34809018709742e-10,-1.21920171821403e-11,-5.19518660357583e-10,3.74660483557164e-10,-5.11477014993591e-11,3.19677323915256e-10,-2.15940168323493e-10,9.60343565457232e-11,-3.14976202166092e-11,-4.17709493232007e-12,-3.15514816940137e-10,-1.98994755079539e-10,8.13105065150591e-11,1.68103344675415e-10,2.54021211193366e-11,9.9908711658361e-11,-1.77378711208678e-10,-1.57134790223071e-10,-1.72064714838901e-10,4.61152423632218e-10,-1.96021470888269e-10,-1.93314884325216e-10,-7.90168921441417e-11,-1.94775367466003e-10,-7.45278164060429e-12,-7.25779039679293e-11,1.59744749375177e-10,-3.8634755681778e-10,-1.56382300824215e-10,3.85119133246826e-10,-3.36845053970101e-10,2.56932830839654e-10,-2.91721558912069e-10,4.02419076720744e-10,5.82490129504692e-10,2.32847171245198e-10,1.54213808670453e-10,5.72168021390276e-10,2.42527239186196e-10,-2.0820932584914e-10,-2.10872719266239e-10,-1.72857436959155e-11,4.2806384097955e-10,3.01054922943877e-10,-5.78518638369069e-11,1.43508795844536e-10,-2.34639114183574e-10,-3.36686544624182e-10,5.57924320317899e-11,2.69374423791764e-10,1.09531923927635e-11,-5.89850352522632e-10,2.7998127881726e-10,5.46027771017478e-11,-1.25888584821178e-10,-9.77697954837882e-12,9.06926455553169e-11,4.92257497251191e-12,2.26279093931082e-10,2.52651084539236e-10,-9.24550621117416e-12,3.58602215683183e-10,-5.44688603085784e-10,4.22044044213115e-10,-1.37524375424747e-10,-1.09126473235636e-10,-2.49413344292018e-10,5.68351660290228e-12,1.59604549454934e-11,4.42924016304889e-10,-3.99584805159921e-10,-8.0991703327208e-11,1.46046976874331e-10,-5.02494951513201e-11,-2.41515433102911e-10,-5.49883642471467e-11,3.36976085453391e-13,1.81761660553427e-10,-2.27602380286174e-11,9.8575433904304e-12,8.60321977782703e-11,-9.7865017597049e-11,-2.45540083751197e-11,-1.34642645369012e-10,1.55239564552873e-10,-3.99317080941375e-11,-3.40377530122962e-10,4.33201684707726e-10,-2.11324544253621e-10,8.73947208347069e-11,4.82350459539582e-10,-4.72055124645053e-10,3.38726017162619e-10,-2.82965791063933e-10,2.60377091440709e-10,-2.03763010649186e-11,-2.44299862601154e-10,7.83560388128669e-11,-5.6733047836204e-12,-2.14410516457463e-10,-3.24920826622618e-10,5.67182939811167e-10,3.42269938911264e-10,3.2448808534538e-10,-3.88479109628513e-10,-1.83941096022954e-10,-1.64213469158618e-10,-2.28067466546644e-10,-2.15834571538817e-10,-1.72314984715331e-11,3.25414511222402e-11,-1.59318920183007e-10,-4.10017459941123e-11,-1.89641176592862e-10,1.74736501461185e-10,-4.34884166397166e-11,1.91815440693546e-10,1.59952572668589e-10,1.49997932268442e-10,2.88950244651132e-13,1.76267319719295e-10,1.12081914899539e-10,5.4038949151662e-10,3.95621964952422e-10,1.87592526473935e-10,4.90258298521284e-10,8.90986500927936e-11,-7.8052961161926e-11,1.01663047523054e-10,4.07828310626841e-10,-1.44398382837479e-10,-1.26780611924264e-10,-2.18625321230666e-10,1.47726137746574e-10,3.91689141594739e-10,9.02098478203672e-11,1.08106781942977e-10,2.32988959216614e-10,2.42363136724256e-10,-2.27919729725328e-10,-2.59068710491755e-10,-7.47877591543067e-11,-1.52877524334211e-10,5.51988821466909e-11,3.69334267271662e-10,7.31267664113867e-11,1.37510743436644e-10,8.85332107595825e-11,-3.09255233174477e-11,-3.91451759999453e-10,8.34340119229748e-11,2.83093011862469e-10,3.62851271107432e-11,1.46417634511947e-10,1.74748471972679e-10,-9.5279568958156e-11,-3.27426953567666e-10,1.98655452919384e-11,-4.77437018577265e-10,1.52594916556445e-10,1.91123587915617e-10,-1.55496298429919e-10,-1.23399063532791e-10,9.31995492685082e-11,3.99636919656793e-10,-2.74667679023738e-10,-1.65831046100436e-11,1.19299629531301e-10,-2.36870553359068e-11,-2.95338709801648e-11,1.6962595224447e-10,-1.09819237363269e-11,1.4869634188672e-10,-2.73374604254144e-10,-2.33337517982067e-10,-4.08674766153195e-11,2.39354593722858e-10,-6.89824133766098e-11,-1.5868400947507e-10,4.75226699417907e-10,-5.37199261948306e-11,-1.24526750125185e-10,1.24251686713735e-10,-3.40912262601153e-11,-2.50072333497334e-10,7.5285828355834e-11,-9.00472325993958e-11,2.41292516275464e-11,-2.22638801822493e-10,-8.96879126068206e-11,-5.46362413801848e-10,-3.118898619694e-10,2.73064373574729e-10,4.22263130505537e-10,1.48218957140213e-10,1.51619255114336e-10,3.27775634438463e-10,-5.3595032769653e-11,2.80182060398759e-10,6.77637337778725e-11,3.9937632242908e-11,-4.05382113545448e-10,-3.5603072957524e-10,1.98005440059114e-10,4.34735641799555e-10,-2.63200035276591e-10,-1.31344750418582e-10,-4.09183826789416e-10,2.3113852205842e-10,2.5703490256847e-10,-1.98873706857252e-10,2.84953592844517e-10,-1.93709567233845e-10,-2.54948782229113e-10,-8.47009196764611e-12,-1.55058061054363e-10,5.16647101629608e-10,-3.03379580093748e-10,-4.2736180942487e-11,5.71972491047429e-10,-2.47675591557606e-10,-5.47495098515929e-10,5.0454408056788e-10,4.16069263290623e-11,-2.24884121983589e-10,-4.09361053791844e-10,1.78824448529826e-10,3.39795161440112e-10,-2.66378891615786e-10,2.25894512132825e-10,-3.58441859239971e-11,4.59249731539267e-11,-7.31057885524491e-11,1.18997200181931e-10,-6.82756604944191e-11,2.67595227407536e-10,-4.80211750196195e-10,-3.75946659690764e-10,-4.28467463813099e-12,-1.76979582897007e-10,-2.99918533814386e-10,3.41460197976098e-11,1.55146789025015e-10,-1.12354064298325e-10,2.07779073247189e-11,-1.25798143809219e-10,6.61659664866748e-11,-2.8856813419562e-10,-9.10134478811089e-11,3.95013371071277e-10,-2.1345662479939e-10,-3.07407294087286e-10,-1.02639877239938e-10,5.53880972037568e-10,-1.91532544528876e-11,4.72114084853551e-11,-2.32386379426607e-10,-7.65415934205252e-10,-1.3849001389901e-10,-1.92291289817145e-11,2.66454223584809e-10,-3.66122374089459e-10,2.54717691533288e-10,1.50233197125751e-10,-1.677718002758e-10,-8.34294824734462e-12,-4.74079958580976e-10,7.60686892737395e-11,4.6662935217929e-11,-5.89748305824883e-10,3.58457109594652e-10,-8.43940257889952e-11,1.88461778216176e-10,-1.22945449452497e-10,2.78838958513615e-10,-2.29850121975531e-10,1.76401493546099e-10,3.07834852611604e-11,6.18840677239537e-11,-2.52213581487958e-10,-9.32665208344948e-11,-3.14994486854092e-10,2.04493218719273e-10,1.65188075312371e-10,-4.92140266126538e-10,-2.37198720184112e-10,-3.54760582579746e-10,1.2700276245505e-10,-1.35871605889614e-10,1.78848626008596e-10,1.35189954205845e-10,-1.55858216048864e-11,2.50016240108112e-10,-2.55350678692514e-10,-3.39790990659849e-10,4.03503279757987e-11,5.58325754855349e-11,1.27897080488057e-10,-1.13739932648434e-10,-1.16171520562675e-10,-3.17575836644558e-10,-2.30397672227962e-10,6.3784768268588e-10,-2.84735944704536e-10,-8.52477565447824e-11,1.83880031482456e-11,2.07954704478308e-10,-2.28063371119836e-11,1.05106661182914e-10,-6.40505946287593e-11,-5.61207778278521e-10,2.87128622560222e-11,4.72641177858672e-10,1.4734772029274e-11,5.65455009432358e-11,-2.34999359279239e-10,-4.52216733371076e-10,-4.60120272840323e-10,6.93001493787308e-11,-9.69476612893403e-11,-2.10249706046608e-10,1.32987023909107e-10,-5.74758103059249e-11,3.65062487253343e-10,3.20123000052082e-10,4.30866318108789e-11,3.82248665926652e-11,6.17045716098951e-12,4.86601787418908e-10,-1.46210617344849e-10,-1.24392838838091e-10,2.35733215209634e-10,-4.44553602036451e-10,-3.89360452244959e-10,-1.31510233191837e-10,-6.47231633964059e-10,1.9653935591585e-10,-1.91252620725647e-10,-2.71090407457599e-10,1.05940575526269e-10,4.2173612876893e-10,2.18163153487329e-10,2.45535087075579e-10,8.78130577778416e-12,3.85224069191777e-10,-1.87700032143551e-10,9.57025131116315e-11,2.22909817339747e-10,-4.1879256247374e-10,-2.38339627127679e-10,-1.82586314563038e-10,-3.83897574480506e-10,-1.32489808543482e-10,-2.37330815341893e-10,1.56556922520606e-10,3.40807287263875e-10,-1.3905071292369e-10,1.18996538823971e-10,4.93294730609851e-12,3.25780928828589e-10,2.44667818614888e-11,1.8243238514913e-10,-1.20431814644934e-11,3.52950543612297e-10,2.21561110814746e-10,2.55256015335077e-10,3.73486351731387e-10,-2.42281859239518e-10,-2.63160951080359e-10,-2.38787048881946e-10,-2.93646939593893e-10,-2.6238250661419e-10,1.70040119304342e-10,6.41893995203453e-11,5.48789710774537e-11,-1.38458520131437e-10,-2.54791643931312e-10,-6.0414666550476e-11,1.21263782991768e-10,3.23113818521429e-10,-5.43439435261748e-11,-3.97010198920228e-10,1.33868862535008e-10,-1.14590827822487e-10,1.5444099653059e-10,-4.1291946198313e-10,-3.52120415585131e-10,2.32187401990768e-10,3.07332004748122e-10,-1.44358602468944e-10,1.27440014957844e-10,-3.80379882386893e-10,3.10079034298362e-10,1.5692366257492e-10,-3.08666766421836e-10,-3.00339945681488e-10,-1.22119318799819e-11,2.30271428040211e-10,-1.77635650428375e-10,-4.98721332517105e-10,4.68174898632121e-10,-2.08586527555667e-10,-2.53912546665426e-10,2.35881242471461e-11,1.26749159425907e-10,-6.19600950795937e-10,1.12708743868147e-10,-7.00325739003448e-11,3.62724976741062e-10,3.09892090628249e-11,-4.62429361454041e-10,3.59233810776656e-10,9.88753954879149e-12,4.46433956413495e-10,4.18812766959628e-12,-1.17438861956041e-10,9.14418006932102e-11,2.26500703713439e-10,2.01226706439066e-10,2.64378266170934e-10,-9.76246866281322e-11,-4.00127582805903e-10,3.97909438676259e-10,8.44318586637226e-11,-1.97889928037442e-10,9.56780284098183e-11,-2.93176416100292e-10,-1.81085527374707e-10,1.38725462444897e-10,-1.46954791521345e-11,5.63767445210597e-10,-1.50083394629731e-10,3.3625438914459e-10,-1.00985468767856e-10,-2.65601502039051e-10,-1.73428027567116e-11,-3.35128295206527e-10,1.23257112056502e-10,3.83002239112496e-10,-2.23189192298331e-10,2.83379038374945e-10,2.66298468880567e-10,-3.66876133932549e-10,-1.23662078971972e-10,-4.9138152800619e-10,1.99907570114228e-10,1.00966164849868e-10,1.97508760872265e-10,1.72976836415155e-10,-2.02615570191423e-10,-8.36877436448544e-10,-5.16382502523263e-11,3.77434552384464e-10,1.64293042235319e-10,-3.93205580341917e-11,-3.00910095334504e-10,-1.79817031722252e-10,-5.60912816356845e-11,-4.36312134176038e-10,7.01003148244521e-11,-2.76213564648459e-11,-1.71508018861755e-10,-3.94062781029758e-11,2.44954962179694e-10,-2.26257308504874e-10,3.80438315858387e-11,-4.97588428869471e-11,-1.81132097076236e-11,-2.62925579378049e-10,2.00980115957203e-10,8.54838045147865e-12,-1.43238185260665e-10,3.12982710200357e-10,-9.85947244760793e-11,-2.3062913533697e-10,5.28283213737725e-10,-3.019437094685e-10,-2.78452094104812e-11,-1.71395534432229e-10,1.81905379533877e-10,2.80437403023204e-10,-7.84606647302483e-11,-4.6372425122287e-11,4.2565819910995e-10,-1.5396972479195e-10,1.43474377675537e-10,2.15442461328124e-10,-9.22596310364357e-11,-6.26035540484521e-11,4.45629990917105e-11,-1.95005854255235e-10,5.53949858645865e-12,2.76168393556428e-10,8.16531244485703e-11,-1.80494115196696e-10,1.26698140156481e-11,3.46220827617854e-10,1.52064671746181e-10,-3.03611683621529e-10,1.04348567798362e-11,-1.87029785874058e-10,7.10691330594243e-11,-1.76808975003999e-10,4.67097645047036e-11,6.94767760510621e-10,2.04365648177914e-10,5.4030716288371e-11,2.00753295312564e-10,1.8533324125586e-10,-2.89783171205578e-10,7.51744719568375e-11,3.4438629709389e-11,6.14241153110813e-10,2.72693522630926e-10,-2.15578768496504e-10,3.87583439041518e-11,4.43424889925583e-10,-1.25948915455682e-10,6.83012164069604e-11,-1.81823433512919e-11,-3.61161596616016e-10,-1.96144563458559e-10,-2.27375090017582e-10,1.34594780707861e-10,9.07846848001699e-11,-6.32457478481462e-11,-8.93120832272639e-10,-6.21154492650435e-10,-3.50272932096912e-10,-1.03201970194321e-10,-3.93362274231443e-10,-4.3537767729366e-10,-3.50874887023474e-10,-2.95404679959587e-10,-1.14298795139458e-10,-7.47128889266043e-10,-3.70976743656253e-10,-6.99687689559488e-10,-4.11409981791974e-10,1.71652815724991e-11,-1.574664668462e-10,-7.35914558612985e-10,-6.01779958351368e-10,-1.72458024282389e-10,-2.65546388209628e-10,-4.98480916825302e-10,-3.55573607631466e-10,2.79700571500466e-10,-5.37833944591699e-10,-1.86230030268592e-10,-7.50907535727668e-10,-6.95840757570256e-11,-1.14163735854887e-09,-3.64748187221437e-10,-6.04359099918172e-10,-4.06653080483016e-10,7.97265100215764e-11,-7.03582537435682e-10,-5.44956796148281e-10,-3.62563783425878e-10,-8.10006113732008e-10,-7.08302462019853e-10,-9.74594735255825e-10,-1.08402743310592e-09,-3.95107751435896e-10,-6.8783427057995e-10,-4.23196704970417e-10,-4.57801632267977e-10,-9.12789572258168e-10,-5.99443716509563e-10,-3.72129913061033e-10,-1.01161861976612e-09,-8.57252100491219e-10,-1.24715993412139e-09,-8.28203099634403e-10,-1.17197292278728e-09,-9.35287395106414e-10,-4.9391086374901e-10,-8.17867057662712e-10,-1.4035977921541e-09,-8.99019500035341e-10,-9.15848432598128e-10,-5.69089869656422e-10,-8.46687060431409e-10,-1.31587646455646e-09,-7.66141104255018e-10,-1.20470808659477e-09,-1.46853355417453e-09,-9.72689327152686e-10,-6.94396355099546e-10,-7.87228735500866e-10,-1.37418242431754e-09,-1.2988996874851e-09,-9.26140237892512e-10,-7.9292921305097e-10,-1.30369279936292e-09,-1.35852884266418e-09,-1.23577403011848e-09,-8.79150380506461e-10,-1.22762265791575e-09,-1.39466911717243e-09,-1.0018443507598e-09,-1.30287983464603e-09,-1.25771262013028e-09,-1.49562467852458e-09,-1.20413383980788e-09,-9.5058817178508e-10,-8.29573112662569e-10,-9.75846829549061e-10,-1.19802813151483e-09,-9.26850615441627e-10,-8.47307908709055e-10,-1.2105008313616e-09,-1.4426754513925e-09,-6.01807200141442e-10,-9.08033174796656e-10,-6.75773471125536e-10,-5.87322472951387e-10,-6.37095255581919e-10,-1.00630920907414e-09,-7.26836917128596e-10,-5.35842459693244e-10,-9.22905942486472e-10,-8.62362420380783e-10,-9.7927851484626e-10,-5.94784851983152e-10,-1.29637653494598e-10,-7.20606099529496e-10,-4.22678961909889e-10,-4.10699032159714e-10,-1.95501913282562e-10,1.46811635774501e-10,2.49856414582293e-10,-1.89082681390018e-10,7.41588906354636e-10,1.49411005997914e-10,2.33203059864131e-10,4.54862191121082e-10,5.35506033057968e-10,8.7864149789661e-10,1.54793483416199e-09,1.26121979658834e-09,1.52179762796551e-09,2.12850708566468e-09,2.30049679727831e-09,2.01774455695834e-09,2.86337132367614e-09,2.9872708230615e-09,3.4985277366702e-09,3.1938581618013e-09,3.83004778788598e-09,3.97002973954778e-09,4.24051123557625e-09,5.15401764417379e-09,5.54147939934555e-09,6.11585032643231e-09,6.56544453526221e-09,7.31042885682429e-09,8.0234788129182e-09,8.29208260240848e-09,9.66530018142973e-09,1.05854107901055e-08,1.11091849421181e-08,1.23005459478462e-08,1.36309426045048e-08,1.48974957732641e-08,1.63223007458377e-08,1.70518261684218e-08,1.92320158737682e-08
