v,0.25
Patm,100000
g,9.81
r,500
G,10^10.37
rho,2100
mu,10^4.25
rc,22
 
M,10^5.49
sigma,0.5
 
tilt_erupt,3.8572nrad
 
-1051,-1050,-1049,-1048,-1047,-1046,-1045,-1044,-1043,-1042,-1041,-1040,-1039,-1038,-1037,-1036,-1035,-1034,-1033,-1032,-1031,-1030,-1029,-1028,-1027,-1026,-1025,-1024,-1023,-1022,-1021,-1020,-1019,-1018,-1017,-1016,-1015,-1014,-1013,-1012,-1011,-1010,-1009,-1008,-1007,-1006,-1005,-1004,-1003,-1002,-1001,-1000,-999,-998,-997,-996,-995,-994,-993,-992,-991,-990,-989,-988,-987,-986,-985,-984,-983,-982,-981,-980,-979,-978,-977,-976,-975,-974,-973,-972,-971,-970,-969,-968,-967,-966,-965,-964,-963,-962,-961,-960,-959,-958,-957,-956,-955,-954,-953,-952,-951,-950,-949,-948,-947,-946,-945,-944,-943,-942,-941,-940,-939,-938,-937,-936,-935,-934,-933,-932,-931,-930,-929,-928,-927,-926,-925,-924,-923,-922,-921,-920,-919,-918,-917,-916,-915,-914,-913,-912,-911,-910,-909,-908,-907,-906,-905,-904,-903,-902,-901,-900,-899,-898,-897,-896,-895,-894,-893,-892,-891,-890,-889,-888,-887,-886,-885,-884,-883,-882,-881,-880,-879,-878,-877,-876,-875,-874,-873,-872,-871,-870,-869,-868,-867,-866,-865,-864,-863,-862,-861,-860,-859,-858,-857,-856,-855,-854,-853,-852,-851,-850,-849,-848,-847,-846,-845,-844,-843,-842,-841,-840,-839,-838,-837,-836,-835,-834,-833,-832,-831,-830,-829,-828,-827,-826,-825,-824,-823,-822,-821,-820,-819,-818,-817,-816,-815,-814,-813,-812,-811,-810,-809,-808,-807,-806,-805,-804,-803,-802,-801,-800,-799,-798,-797,-796,-795,-794,-793,-792,-791,-790,-789,-788,-787,-786,-785,-784,-783,-782,-781,-780,-779,-778,-777,-776,-775,-774,-773,-772,-771,-770,-769,-768,-767,-766,-765,-764,-763,-762,-761,-760,-759,-758,-757,-756,-755,-754,-753,-752,-751,-750,-749,-748,-747,-746,-745,-744,-743,-742,-741,-740,-739,-738,-737,-736,-735,-734,-733,-732,-731,-730,-729,-728,-727,-726,-725,-724,-723,-722,-721,-720,-719,-718,-717,-716,-715,-714,-713,-712,-711,-710,-709,-708,-707,-706,-705,-704,-703,-702,-701,-700,-699,-698,-697,-696,-695,-694,-693,-692,-691,-690,-689,-688,-687,-686,-685,-684,-683,-682,-681,-680,-679,-678,-677,-676,-675,-674,-673,-672,-671,-670,-669,-668,-667,-666,-665,-664,-663,-662,-661,-660,-659,-658,-657,-656,-655,-654,-653,-652,-651,-650,-649,-648,-647,-646,-645,-644,-643,-642,-641,-640,-639,-638,-637,-636,-635,-634,-633,-632,-631,-630,-629,-628,-627,-626,-625,-624,-623,-622,-621,-620,-619,-618,-617,-616,-615,-614,-613,-612,-611,-610,-609,-608,-607,-606,-605,-604,-603,-602,-601,-600,-599,-598,-597,-596,-595,-594,-593,-592,-591,-590,-589,-588,-587,-586,-585,-584,-583,-582,-581,-580,-579,-578,-577,-576,-575,-574,-573,-572,-571,-570,-569,-568,-567,-566,-565,-564,-563,-562,-561,-560,-559,-558,-557,-556,-555,-554,-553,-552,-551,-550,-549,-548,-547,-546,-545,-544,-543,-542,-541,-540,-539,-538,-537,-536,-535,-534,-533,-532,-531,-530,-529,-528,-527,-526,-525,-524,-523,-522,-521,-520,-519,-518,-517,-516,-515,-514,-513,-512,-511,-510,-509,-508,-507,-506,-505,-504,-503,-502,-501,-500,-499,-498,-497,-496,-495,-494,-493,-492,-491,-490,-489,-488,-487,-486,-485,-484,-483,-482,-481,-480,-479,-478,-477,-476,-475,-474,-473,-472,-471,-470,-469,-468,-467,-466,-465,-464,-463,-462,-461,-460,-459,-458,-457,-456,-455,-454,-453,-452,-451,-450,-449,-448,-447,-446,-445,-444,-443,-442,-441,-440,-439,-438,-437,-436,-435,-434,-433,-432,-431,-430,-429,-428,-427,-426,-425,-424,-423,-422,-421,-420,-419,-418,-417,-416,-415,-414,-413,-412,-411,-410,-409,-408,-407,-406,-405,-404,-403,-402,-401,-400,-399,-398,-397,-396,-395,-394,-393,-392,-391,-390,-389,-388,-387,-386,-385,-384,-383,-382,-381,-380,-379,-378,-377,-376,-375,-374,-373,-372,-371,-370,-369,-368,-367,-366,-365,-364,-363,-362,-361,-360,-359,-358,-357,-356,-355,-354,-353,-352,-351,-350,-349,-348,-347,-346,-345,-344,-343,-342,-341,-340,-339,-338,-337,-336,-335,-334,-333,-332,-331,-330,-329,-328,-327,-326,-325,-324,-323,-322,-321,-320,-319,-318,-317,-316,-315,-314,-313,-312,-311,-310,-309,-308,-307,-306,-305,-304,-303,-302,-301,-300,-299,-298,-297,-296,-295,-294,-293,-292,-291,-290,-289,-288,-287,-286,-285,-284,-283,-282,-281,-280,-279,-278,-277,-276,-275,-274,-273,-272,-271,-270,-269,-268,-267,-266,-265,-264,-263,-262,-261,-260,-259,-258,-257,-256,-255,-254,-253,-252,-251,-250,-249,-248,-247,-246,-245,-244,-243,-242,-241,-240,-239,-238,-237,-236,-235,-234,-233,-232,-231,-230,-229,-228,-227,-226,-225,-224,-223,-222,-221,-220,-219,-218,-217,-216,-215,-214,-213,-212,-211,-210,-209,-208,-207,-206,-205,-204,-203,-202,-201,-200,-199,-198,-197,-196,-195,-194,-193,-192,-191,-190,-189,-188,-187,-186,-185,-184,-183,-182,-181,-180,-179,-178,-177,-176,-175,-174,-173,-172,-171,-170,-169,-168,-167,-166,-165,-164,-163,-162,-161,-160,-159,-158,-157,-156,-155,-154,-153,-152,-151,-150,-149,-148,-147,-146,-145,-144,-143,-142,-141,-140,-139,-138,-137,-136,-135,-134,-133,-132,-131,-130,-129,-128,-127,-126,-125,-124,-123,-122,-121,-120,-119,-118,-117,-116,-115,-114,-113,-112,-111,-110,-109,-108,-107,-106,-105,-104,-103,-102,-101,-100,-99,-98,-97,-96,-95,-94,-93,-92,-91,-90,-89,-88,-87,-86,-85,-84,-83,-82,-81,-80,-79,-78,-77,-76,-75,-74,-73,-72,-71,-70,-69,-68,-67,-66,-65,-64,-63,-62,-61,-60,-59,-58,-57,-56,-55,-54,-53,-52,-51,-50,-49,-48,-47,-46,-45,-44,-43,-42,-41,-40,-39,-38,-37,-36,-35,-34,-33,-32,-31,-30,-29,-28,-27,-26,-25,-25,-24,-23,-22,-21,-20,-19,-18,-17,-16,-15,-14,-13,-12,-11,-10,-9,-8,-7,-6,-5,-4,-3,-2,-1,0
8.66919549349631e-10,1.25157132530014e-10,4.51491902330181e-10,4.13049997016189e-10,-1.34982444407366e-11,2.127159411123e-10,2.7389363225802e-10,-9.21824638619007e-11,1.10611316020199e-10,-4.86685155619462e-10,2.66720395789271e-10,-4.97648503087533e-10,-2.56675505803663e-10,3.6682667503128e-10,6.88208391031599e-10,1.24032300958537e-10,-2.91679451978671e-10,2.94257196402641e-10,-2.39140654286156e-12,4.32643460519723e-11,5.8349473841631e-10,-1.28669143319097e-09,2.65280408420424e-10,-4.38203199612854e-10,1.60554547690837e-10,3.61097415504203e-10,-7.49674214465276e-10,-2.26024918954348e-12,-4.99867434617919e-11,-5.38280761745585e-10,3.14250505318849e-10,4.15155648215691e-11,-4.62885264379096e-10,-6.05929587448263e-10,-8.5521738936875e-10,4.70892548764604e-11,-1.32366124714134e-10,-1.286912693366e-10,3.5151323048665e-10,2.89443138125784e-12,-3.64035847528793e-10,-2.59697643613594e-10,2.55582384016013e-11,-2.37736922292087e-11,-1.08511887175363e-10,4.36762827095165e-10,-5.32893320392547e-10,-5.63706540203356e-10,-7.55514442074243e-10,-1.86066581413215e-11,-3.29180342086324e-10,9.6113982739926e-11,-6.41969861509342e-10,2.56134007492501e-10,8.73431004201543e-10,-2.08624014115758e-10,-1.32705066565412e-09,-1.40093902814921e-09,6.77571677843811e-10,1.18183626114988e-10,9.62043890656306e-10,2.33830543504587e-10,1.08729339952385e-10,-3.02687314690684e-10,-7.80199088699463e-11,-7.65706547258329e-10,-1.32082057594399e-10,-3.65143068156626e-10,8.16006137605249e-11,2.09038863024117e-10,2.43895380995206e-11,-1.66013137617242e-10,-4.25681184627675e-10,7.11279656121592e-10,-9.9293917011098e-10,-3.39197241190258e-11,-1.35841753339137e-10,8.80355320530359e-10,2.64567548078551e-10,4.4977526509861e-10,-3.94302682106951e-10,1.03726070173981e-10,5.83421568414697e-10,1.09871030487264e-10,-5.17252967619178e-10,-8.26404956841422e-10,3.32796029107519e-10,-1.15037832230374e-10,-1.53470168589237e-12,-4.15225754194014e-12,9.22689552097893e-12,-3.13317124525003e-10,4.93978922863144e-10,6.90526224950892e-10,3.99502794205502e-10,6.36580239586737e-11,-4.9916979559044e-10,3.43785462028791e-10,8.41170255856329e-10,-5.09976458154499e-10,5.39566770027473e-10,-6.16678151553272e-10,9.15429224337143e-10,-6.72654048604542e-10,6.24824929131461e-10,-5.86548819269684e-11,4.62300880850476e-11,5.33009520666224e-10,-1.9670978657938e-10,-2.08854172455042e-10,-3.15522339722228e-10,6.56109377208694e-10,-1.46088779837968e-10,-1.05137910184767e-09,-1.34338124532908e-10,-2.11592250465325e-11,1.71997644003277e-10,2.33806025437461e-10,4.73172058358329e-10,4.60652936629059e-10,1.06709237172868e-10,-5.9877676472165e-10,1.50099881353369e-10,7.01787843243726e-10,-3.94267227609546e-10,6.58959856330444e-11,-7.68209057010428e-10,-1.84603240457489e-10,-3.23613395151342e-10,-1.16726990718224e-10,-3.51404221556266e-11,-5.47051098344496e-11,-4.49734411275992e-10,7.81442963016339e-10,-8.18790282424904e-10,2.5187596441484e-10,6.32897656644935e-10,3.15651159560677e-10,1.83082576992097e-10,1.39092599132418e-09,7.05192586575676e-11,-2.92882819229998e-10,-6.56456772854643e-10,2.74065444725782e-10,1.73716953436531e-10,4.67382964167953e-10,-1.88556074404954e-10,1.1261895182517e-10,1.9765307983356e-10,-1.84729470221284e-10,-4.0423181257359e-10,-3.08683475229344e-12,2.45043960782356e-10,-1.23765094275392e-10,-3.60855209658311e-10,-3.32359964336081e-10,-5.28744642859266e-11,2.53999153751829e-10,-8.7036074250856e-10,-1.51963748024331e-10,-1.99890976958289e-10,-2.39001849731817e-10,-3.63852256971918e-10,-1.98204270243618e-10,-6.72491594237553e-10,7.74217664782801e-10,-5.65798468410076e-10,-7.69452196408673e-10,2.53497817908953e-10,8.51324921093759e-11,5.76644985467878e-10,9.47082112724745e-10,-1.61420972884692e-10,-6.7658803964035e-10,4.17779704206939e-10,-1.72268798585042e-10,9.30342472505575e-10,-8.97055374760697e-10,2.544018843316e-10,3.58161181856896e-10,-1.21134177086967e-10,2.16707422785012e-10,4.07903459097727e-10,-6.33119485919573e-10,7.19060277798351e-10,-1.15413014816848e-09,-7.5216304920477e-10,5.12633549187316e-10,-5.36956674054627e-10,4.33406318534913e-12,-2.0049370286879e-11,7.51500239723913e-11,-3.43123155966169e-10,-3.49956059121942e-10,-1.07336072854867e-09,8.4897279717662e-10,1.40094861311725e-10,9.22269431315945e-10,1.96766037870492e-10,8.10061299819664e-10,1.35163438116762e-11,-5.2526756267997e-10,-4.64170437496977e-10,-3.77291445574673e-10,8.08426759638897e-10,3.13079715236704e-10,-1.57924963782888e-10,2.11781594891068e-10,4.93037137409373e-11,2.12966866080941e-10,4.70483868564492e-10,3.77111328469482e-10,3.80911800922754e-10,1.78086187015188e-10,6.51411859450585e-10,6.5216036430678e-10,-1.01554256934082e-09,7.65048896524452e-10,-5.09687813581496e-10,-6.35459051793549e-10,9.72272650605807e-10,2.95270464831013e-10,1.13146974324282e-10,1.92306122294163e-10,2.01194512663638e-10,-2.37309371403484e-10,-1.6234778678701e-10,7.68543102384824e-10,-5.36232394176974e-10,6.56516951196987e-11,1.13066194657894e-09,3.80471768161056e-10,2.2360057540815e-10,4.90263268235565e-10,7.97391485518675e-11,-2.04262784364845e-10,-4.1586851829465e-10,-1.40014077678306e-09,-4.69697219323932e-10,-4.89878471828488e-10,-7.75655498627826e-10,7.53538018637053e-11,-9.65550466410241e-11,1.47506938266286e-09,-4.26017833658307e-10,-4.64615662569224e-10,-1.5710839533222e-10,-4.28267197115161e-10,2.4928805626308e-10,-4.42923187995169e-12,-8.21255445172704e-10,-5.07614687678038e-10,9.46731779172053e-10,4.13057841912199e-10,-2.24299149722192e-10,6.64452504223376e-10,-5.09401383451586e-10,-7.87419598364944e-10,5.41150237451503e-11,-2.04219469269764e-10,-5.73414798091871e-10,6.56759290505324e-10,-4.70211377567656e-10,1.29478256190526e-10,-5.59568540414989e-10,-2.9645417905962e-10,-6.15220447195727e-10,-2.85288403083934e-10,-9.53044828251633e-11,4.62268261397281e-10,-3.40578582554751e-10,-6.8759170893808e-10,1.9852242171147e-10,-3.00045968231587e-10,-2.11162177422774e-10,1.45696188048287e-10,-7.72614267960605e-12,-1.52970074028026e-10,-3.5003285162315e-10,9.00243660342574e-11,9.62962538686452e-10,1.51800083364306e-10,-4.45932661354014e-10,-1.33094557549708e-10,1.9975792902129e-10,2.61140630580191e-10,-8.61316583719993e-10,4.6299852988493e-11,2.67085838605749e-10,5.01168215086505e-11,-1.38605599382765e-09,7.66913529216788e-10,-4.49712366762525e-10,-2.3437402197064e-10,2.5806935856542e-11,-2.12064757950305e-10,6.77118350730112e-11,-3.23970831785831e-10,1.77062901480085e-10,-1.61221113569056e-10,7.35687567463357e-10,4.87255251313174e-10,-5.17285368859516e-10,4.77808945751756e-10,-2.5974072545479e-10,6.08394888930886e-10,-9.72913933530901e-10,1.13668139048558e-10,-1.69549199566797e-10,1.01740570091822e-09,-6.03979931311186e-11,1.22851583121613e-10,2.90612816879145e-10,-1.37712824041348e-10,6.84706496264778e-10,2.54804897624443e-10,-6.82936111814428e-10,-2.11460518418052e-10,-4.90331435823905e-10,2.01071161156785e-10,4.26976871945857e-10,8.62328477095098e-11,2.34785086842959e-10,-4.46950215533572e-10,3.13186555782699e-11,-2.71882672960122e-10,-3.13920006484176e-10,-3.85478489961832e-10,4.90019171232681e-10,7.14811053766318e-10,3.84481764620773e-10,4.61239989334173e-11,1.17465851186376e-10,-1.12576486884481e-09,-3.94763270529871e-10,-1.0087483231299e-09,2.32325210343702e-10,-5.80348586073071e-10,-2.03143752669483e-12,1.41694672717631e-09,1.15516365433961e-10,6.78474046323494e-10,7.19133666810099e-10,1.28453857800327e-09,-3.43772911710063e-10,-4.9697210782622e-10,3.85403308101172e-10,-1.7416083690215e-09,1.8203474326731e-10,-1.4352607459764e-10,-4.33318805929392e-11,-4.45020446230695e-10,1.19029520359955e-09,-3.66394412099742e-10,-2.81702910058698e-10,-5.38151592270407e-10,2.81307425753787e-10,-7.19244265420571e-11,-3.26720344137754e-10,5.40410723486946e-11,1.6007510402749e-10,8.52700542957571e-10,9.4027866845882e-11,1.90283242197436e-10,5.62316197420904e-10,-3.97392546601582e-10,5.97703746350197e-10,3.39249888721765e-11,4.02528886618461e-10,-2.86656528405128e-10,1.35340781219592e-10,-1.831635027935e-10,-2.88178690952031e-10,7.14988704988472e-10,3.33875250809786e-10,-8.50805381126901e-10,-8.52228683929897e-10,-4.30141467004641e-10,-1.52443115625829e-10,6.97741594659265e-10,-3.74562525072212e-11,-2.72435568070131e-10,1.08341778809191e-09,7.10159183709928e-10,4.69146842019146e-10,-7.06391998096772e-10,-1.12230952320511e-09,2.56829436899257e-10,6.4260104934698e-10,-6.23765636914057e-10,3.19667724422958e-10,-4.99472607534094e-10,-3.65426091466543e-10,4.01625850039698e-10,3.06423539289205e-10,-5.29112930324756e-10,4.43293311212104e-10,-4.88015930063454e-10,-3.27557183042498e-10,-8.07205390414265e-10,-5.22151647392733e-10,-8.24298771549733e-10,9.89975729509908e-10,2.78385488815719e-10,2.04305246946832e-10,-2.90014474705176e-10,6.93562616867109e-10,2.73386917283131e-10,-8.59922611223093e-11,-4.59963634890757e-10,-8.78872159545332e-10,1.28882792364132e-10,-3.60339123902175e-10,-6.7763350362023e-10,5.84194750137245e-10,7.96559918903547e-10,2.03020362826909e-11,7.21463858313548e-10,3.2827979648944e-10,9.00471338406945e-10,-1.81704048210114e-10,4.73116749156161e-10,-4.65624830318872e-10,1.63674630783073e-10,-1.09107082899891e-10,-9.4525911140423e-11,-1.22032393838553e-10,3.14563191659377e-10,4.12041410089905e-11,-1.10020403798471e-09,5.43129488734874e-11,8.08897812964758e-11,-4.05979896081945e-10,1.35597798691109e-10,-8.54546790642237e-11,4.4765148193562e-10,-5.05588978920997e-10,6.58734897904549e-10,-4.82856932467837e-10,-1.17855045855069e-10,-3.27782086328059e-10,-1.81535368983809e-10,-7.67491206968432e-10,3.63653074579189e-10,-2.24312173980738e-10,-4.09318700247298e-10,5.42836019558316e-10,-9.39800070643226e-10,1.72095301154948e-10,4.66315352585737e-10,5.99362446561503e-10,-3.17001002783855e-10,2.29857365801204e-12,-2.3083525439613e-10,-1.81492267575504e-10,-5.90860890374686e-10,-7.35975598495677e-10,-6.37816644670533e-10,4.20898771568904e-10,4.06136463203166e-10,1.38642106469897e-10,-2.32225906550802e-11,-1.89700602776358e-10,1.15225504632867e-09,-6.69835542246184e-11,-7.52858370485531e-10,9.13086864027868e-11,-3.9297937354396e-10,-7.38362197232557e-10,-7.13073378073808e-11,3.39926940903795e-11,3.0273336669746e-10,-4.88817235250776e-10,1.23550082502452e-11,-2.54372992848297e-10,7.65548714435362e-10,-7.01029813801451e-10,1.69529303824937e-10,-5.18638606917153e-10,2.3709336006865e-10,-7.47325694173506e-11,4.18358508742199e-10,-1.39760989708141e-10,-1.65990844425389e-10,6.1148693564239e-10,-4.63097317262428e-10,9.15934408212958e-10,-4.13427300254204e-10,-2.24452345326866e-10,1.4150814122111e-10,3.67894938236959e-10,-2.04634877037972e-11,-2.44890228320231e-10,5.62871966207604e-10,-6.06357953482641e-10,-1.07884351356496e-09,2.90234976584004e-10,2.41801130188875e-10,3.06706040768181e-10,3.90745739973989e-10,7.46915519377212e-11,-8.00082162565471e-10,1.42876624551947e-10,-4.00273035217095e-10,3.74906886402822e-10,4.11791948643956e-10,-2.70276339488017e-10,-6.36081652711376e-11,-2.64606970579566e-10,1.17863868465844e-09,-2.88455493670204e-10,-1.8723122887955e-10,-5.75115026349681e-11,-1.54164351748197e-11,1.02741085426879e-10,-9.84288077772543e-10,6.60387063428438e-10,2.71080902660267e-10,7.34221580795252e-10,7.86362090756875e-11,4.9936813185472e-11,-2.14292776261224e-10,-2.1830072143727e-11,1.05941227202372e-10,-3.8146733027467e-11,2.7991201363757e-10,-2.98831713460294e-10,2.10544310119424e-10,3.64428360524931e-10,-4.5897879605622e-10,4.02304283681376e-10,1.58533312285275e-10,7.57561193126258e-10,-1.12172095137513e-10,9.22431131050268e-10,4.69736689677543e-10,4.41438386424468e-10,-3.15035589740748e-10,1.38446865661787e-10,-1.00025817609588e-10,-9.21595377189266e-11,6.24762829569084e-10,-4.95843104715989e-10,4.09739748066219e-10,1.86220230316065e-10,-5.29777768842148e-10,5.48246210267219e-10,-2.2493216053877e-10,3.87422008219976e-10,7.48611575769131e-10,-3.26270385438936e-10,-4.97416575028358e-10,3.61723973240087e-10,7.05359494564805e-10,1.0529308848604e-09,3.5376377893418e-10,1.09034241853996e-09,2.03284042847186e-10,-5.89100904567571e-10,5.87939097999245e-10,-1.27970374077879e-10,-9.705141956695e-10,-3.63703850234763e-10,-1.00747963210602e-09,-3.23603448337499e-10,1.66324425286876e-10,3.62935326030879e-10,-1.98696325593828e-10,7.04109922669042e-11,4.23995519220968e-10,6.54507156913879e-10,-1.2346063923925e-10,-2.06401257889549e-10,2.39601521055626e-10,3.77751356760921e-10,4.39631620938606e-10,4.02183916813862e-10,-8.26026028674089e-11,-9.22034741926786e-10,2.51307753586132e-11,-9.55796062919056e-11,-1.12527163927203e-10,-4.04665286059298e-11,-1.03717221880979e-10,-7.51114703254603e-10,2.94029725139389e-10,1.18040991959428e-10,4.26021492940357e-10,-3.42883347199408e-10,4.96636630104395e-10,-7.20926543200938e-11,-1.45557286620194e-10,4.01293779533087e-11,6.83103791507777e-10,3.63180098363265e-10,-4.22731255169111e-11,-7.54552039811295e-10,-9.78809364331983e-10,-4.32419242124904e-10,5.5242251823299e-10,9.33900892853371e-10,5.60687336781499e-10,-8.0539322739137e-10,6.26811922281392e-10,-1.6814751377127e-10,-2.55522666598758e-10,1.47423026015548e-09,4.16348704607323e-10,-4.9416077304348e-10,-2.7640425927762e-10,1.20553725446832e-10,6.13976973680592e-11,-6.05626978531035e-11,5.67292272131011e-11,4.9402877810901e-10,7.15173420921988e-11,6.49577605580143e-11,-1.92858624490585e-10,1.80467698861939e-10,-1.97486681691804e-10,-5.11438728972915e-10,-8.22832107183414e-12,-1.06311692002668e-11,-2.87819213864109e-10,4.7374430870283e-10,-4.10119791699273e-10,-2.6173203258822e-10,2.20408451386446e-11,-3.59493373126298e-10,-7.61201324944824e-10,-6.88450927544939e-10,-3.10072126093873e-10,5.6950057687488e-11,2.14905067801601e-10,-4.63344574869173e-11,9.82248062314567e-11,-2.05818258649631e-10,4.09365429851042e-10,7.95232631113284e-11,1.89168498312469e-10,-2.14090369747637e-10,-1.07317891966679e-09,-3.41091164610606e-11,-4.83208954029843e-10,-1.55402571573639e-10,-1.63518885960075e-10,2.33663845539769e-11,3.93634839182492e-10,-6.08470683856878e-10,2.97228738907758e-11,6.25949347245266e-10,4.99369060502374e-10,6.28982151710995e-10,-5.63622056278417e-10,-8.85138594238192e-10,2.98628642278625e-11,9.15165211451513e-11,1.94673534141765e-10,-1.53942002117379e-09,5.06519035964659e-10,-6.03828251594935e-10,1.12403196422545e-10,-6.78115668583894e-10,-4.91673988257164e-10,-4.51076225615476e-10,-1.69921561624008e-10,2.77478754392932e-10,-7.1028050332356e-10,2.78155051816622e-10,-2.82817451016032e-10,1.25540987068807e-09,6.61522053482815e-10,-1.04674789385085e-10,1.2352937200612e-10,1.46018077540535e-10,5.82225225156761e-11,-1.84668681329228e-10,6.84177690089024e-10,-8.26987475336727e-10,2.03907015352544e-11,8.82685301716538e-10,1.17329413094115e-09,-3.38404280330663e-10,-2.93674852728135e-10,3.41095939344776e-10,6.74538733771015e-10,6.15674379919797e-10,-1.89965929127652e-10,-6.44446684698884e-10,-1.07852559812074e-09,1.58693521795537e-10,-7.16965247716329e-10,-1.14581909388829e-09,6.57039429195544e-10,5.79155696533667e-10,-8.45679659499823e-10,6.18713450175858e-10,-1.87004806810375e-10,9.91847970699686e-11,-7.39388525057077e-11,7.35558582160275e-10,-1.92066431987537e-10,-4.32460375246048e-10,-2.93677468298323e-10,-4.40095619273988e-10,-3.08703396335777e-10,-1.08166395662547e-11,-8.73826208377891e-10,-4.31911706949635e-10,-8.9548317578445e-10,6.52702498195663e-10,3.36289520218343e-10,-1.60732528288123e-10,3.93898808529576e-10,7.15865108609404e-11,-8.93218401864731e-12,2.2426818673029e-10,6.79910086916773e-10,-5.9757770173587e-10,-5.22133578190316e-10,1.3165608471664e-10,-2.79908341629619e-10,-1.10444051760045e-09,-2.78868960657388e-10,-5.36634959322915e-10,-1.83421282150523e-10,-6.34254500076329e-11,-4.37405806616474e-10,-1.82224990761944e-10,-6.24114310685889e-11,-2.99649419596131e-11,-5.13120221171101e-10,-3.43640694700155e-10,3.33702534429572e-10,3.50471255110208e-10,2.90037046266207e-11,5.35195657905893e-10,7.12292360643914e-10,3.33367589863569e-10,8.72669314811238e-11,1.91885609513462e-10,-6.76362093846038e-10,-9.46278671624337e-10,-3.41019209976132e-10,-9.57191315709344e-10,1.77489881133907e-10,3.11360322497607e-10,-3.94624644384314e-10,2.55767081600397e-10,-7.656323547948e-11,-5.73550364430502e-10,8.97509205074586e-10,-4.35776224374772e-10,9.68525759301666e-11,-6.54007758865144e-11,1.64381875666503e-10,-2.05957417119928e-10,4.34446507156279e-10,-1.62491275211059e-09,4.35977394323382e-10,8.84009682586666e-11,2.15287919773441e-10,-5.05750515960849e-10,8.07497520222688e-10,2.19955270721013e-10,3.22051088836834e-10,-6.61527160145837e-10,-2.05591161673755e-10,-3.58391820849051e-10,4.17852394866299e-10,4.63975619136911e-10,7.88618933182036e-10,-3.11466642562473e-10,-3.82699368954181e-10,1.92982585429274e-10,-2.9022113943732e-10,-8.07793409128877e-12,-7.66670545839326e-10,-3.64461587268586e-10,-1.0919116805966e-10,-1.11756582069337e-10,-9.74832613967324e-11,-3.79354872787399e-10,-2.35457174571594e-10,4.89207425100204e-10,-8.86835239185557e-11,3.41434227703374e-10,7.8793681634698e-10,-9.92269130444964e-11,-3.62792947395516e-10,4.71569546581903e-11,-4.18918894552631e-10,-1.69658759525819e-10,-9.74266717056955e-11,2.29369989398584e-10,-3.1796914795563e-10,-8.18620461264686e-10,2.66652063494772e-10,-7.16432567597748e-10,4.99879928010523e-10,6.65607387439001e-10,7.79245226909346e-10,-5.84274170318759e-10,1.877142619328e-10,-2.37280367937275e-10,-1.29481483867034e-10,3.418637707749e-10,4.32820101732824e-10,-3.10150956383599e-10,3.36445342481454e-10,-5.29148993185241e-10,-1.87429026219372e-10,-1.72038329398208e-10,-5.04229272464047e-10,8.1387902697861e-10,7.65106672271031e-11,-4.16156335428124e-10,2.3912517683186e-10,-9.73531356538684e-11,3.20515812560545e-10,1.62169123083256e-10,-5.87036640848366e-10,-2.65605626314923e-10,2.87602125074802e-10,-1.77218212510356e-10,2.36631074135712e-10,-6.65704190362302e-10,1.63074063995602e-11,-7.06134531400916e-10,-2.24640518116519e-10,-2.18591788634521e-10,3.67441206331758e-10,-8.13255360219197e-11,1.42616424706968e-10,9.53105970776535e-11,-3.90234894583639e-10,-5.37348884668402e-10,1.32248766264812e-10,9.63273986267955e-10,-1.12511803433993e-09,2.21614578440028e-10,2.72397127735749e-10,2.45179383132109e-10,2.70584107181699e-11,2.01534035898612e-10,1.94506641492666e-10,7.54816192066339e-12,-3.33941341659804e-12,-5.63822107433961e-11,-7.98526597746645e-11,5.49784589778037e-11,3.0059255634846e-11,9.82292316183346e-10,2.28196936716934e-11,-4.38378626464274e-10,1.48552171562588e-10,-5.11795791280913e-10,-5.36130123833506e-11,-4.985856266324e-11,-9.06766792406631e-10,2.70521830745782e-10,-9.00530761845042e-11,1.069665400835e-10,-2.93188909681661e-10,3.31323193753137e-10,4.3215151034061e-10,-6.16687751761177e-10,-4.68103837035437e-11,5.17315362347761e-10,-1.94962151208846e-10,6.46284147710049e-10,-2.65657893905197e-10,-1.17159300618031e-09,8.74660940938881e-10,5.08912483775145e-10,-1.53195097232553e-10,2.55490241799923e-10,-5.62248940091036e-10,-1.68670996911817e-10,5.08051380764284e-10,-8.72026076865245e-10,3.20736343313737e-12,4.9097047981542e-10,-6.65092618941953e-10,-1.25808320257896e-10,3.07501452074542e-11,9.15834607208178e-10,-1.52376563131725e-10,2.82606508097681e-10,-7.09468907218425e-10,-1.62458526161647e-10,4.34852768329388e-10,3.43524562488311e-10,-3.47667916051907e-10,6.71316224213815e-10,-1.44064468699708e-10,5.70711338002507e-11,-1.14049500026595e-10,-4.47672560653446e-10,6.71213507557772e-11,7.77344992790512e-11,-1.3461401702571e-10,-2.89581055148594e-10,-4.9538111319441e-11,1.10093549715125e-09,4.24880965059587e-11,-6.21375374267164e-10,2.32188823498869e-10,3.72977298550395e-11,-1.34905227039714e-09,-3.95652734296473e-10,2.94379310370107e-10,3.78384092307736e-10,6.62706630819334e-10,1.50177020940474e-10,-5.98387006070271e-10,-9.5021757155392e-10,7.111482162498e-11,-1.77019781764839e-10,-6.78847758280849e-10,-1.01538724670211e-10,3.99359131908215e-10,-9.61438531262502e-13,1.74214823060604e-10,-3.80914951406832e-10,-3.91163663442738e-10,-1.01756543943048e-09,-3.52755364570204e-10,8.46049771217925e-11,-6.92444901901626e-10,-5.43841960482126e-10,-3.00716713130659e-10,7.16551040526825e-10,-5.47104357756708e-10,-4.64775338303551e-10,-1.0085625568034e-10,-4.92691764281189e-10,-2.25287914064188e-10,8.0026543419743e-10,-1.4295929855573e-10,1.27346066585622e-10,4.97634272103465e-10,2.96816233776641e-10,4.12789467772964e-12,-6.93111963107911e-13,-8.2363506038702e-10,-4.10724267807424e-10,-5.85613480671296e-10,-1.97217429252847e-10,-6.72131122802868e-10,-1.25961075588171e-10,-8.47345849806413e-10,-2.52016732239394e-10,-7.85855301861813e-11,-7.46636577004497e-10,1.36179808505246e-10,-1.69529024344032e-10,5.09451480666553e-10,6.1831906501025e-10,-2.42660969561639e-10,-4.59452956866856e-10,-2.100955427743e-10,-7.66319389024914e-11,-4.44192418348338e-10,3.48069218990496e-10,-8.03155200108558e-10,4.08598990918377e-10,-1.38372985815627e-10,3.13907313082862e-10,2.05478191298074e-10,-1.34779017126111e-10,-5.65121237479735e-10,2.3911712500218e-10,-7.62276930799262e-10,-1.80474145329294e-10,-5.10179494589665e-10,-5.48888230167861e-10,7.17677005015987e-10,-1.035052507954e-09,-1.28504969632372e-10,4.19517167571792e-10,-2.34301595389121e-10,5.12384117228415e-10,-4.32373456895074e-10,-4.16987434873833e-10,3.93852962656292e-10,2.51548202322943e-10,9.54090701991969e-10,-6.13587359459815e-10,-7.19557573297491e-11,3.13128634631832e-10,-9.03698709326065e-10,-3.23048846340982e-10,1.66509248018881e-11,3.24935723894861e-10,-8.60631212797389e-10,9.54289634062883e-10,1.36004646520606e-09,-9.46823082417336e-10,2.1778842684475e-11,1.92887026048153e-10,-6.1753161982142e-10,9.46855711488432e-10,1.89954434361307e-10,-6.89162379233094e-10,3.53021612343618e-10,-3.0207142691049e-10,2.58527259436333e-10,1.00567103533431e-10,-2.15740979533285e-10,-8.42506067229736e-10,4.69718904530989e-10,9.31915495677953e-11,1.65761638266132e-10,3.24961225919263e-10,1.71588734667e-10,-2.11425919485878e-10,-2.11175328335483e-10,-5.73861209729921e-10,-1.92619682957739e-10,9.18681969042356e-10,-3.68986693092861e-10,-8.22737077997775e-10,7.41885860082112e-10,-2.86378424500812e-10,2.15462256248989e-10,-3.81195816814069e-11,-5.92917729558369e-10,5.85348958851441e-10,-5.13386711253446e-11,-1.26832739918795e-10,6.40401221540153e-10,5.40860855371845e-10,2.42453637669772e-10,1.66790900736875e-09,7.34147664118921e-10,1.11556625361849e-09,2.15854811522528e-10,4.4938232542798e-10,-1.28312694302e-10,1.71504319947892e-09,1.36623873622244e-09,1.40750905922716e-09,1.19834775229706e-09,2.48259564238875e-09,1.21101543233996e-09,2.48323351530352e-09,2.37385038803476e-09,2.23612892062052e-09,3.03414164636129e-09,3.06128224265193e-09,3.79241666679112e-09,2.77304151115175e-09
