v,0.25
Patm,100000
g,9.81
r,500
G,10^10.37
rho,2100
mu,10^4.25
rc,22
 
M,10^6.14
sigma,0.1
 
tilt_erupt,16.0713nrad
 
-1007,-1006,-1005,-1004,-1003,-1002,-1001,-1000,-999,-998,-997,-996,-995,-994,-993,-992,-991,-990,-989,-988,-987,-986,-985,-984,-983,-982,-981,-980,-979,-978,-977,-976,-975,-974,-973,-972,-971,-970,-969,-968,-967,-966,-965,-964,-963,-962,-961,-960,-959,-958,-957,-956,-955,-954,-953,-952,-951,-950,-949,-948,-947,-946,-945,-944,-943,-942,-941,-940,-939,-938,-937,-936,-935,-934,-933,-932,-931,-930,-929,-928,-927,-926,-925,-924,-923,-922,-921,-920,-919,-918,-917,-916,-915,-914,-913,-912,-911,-910,-909,-908,-907,-906,-905,-904,-903,-902,-901,-900,-899,-898,-897,-896,-895,-894,-893,-892,-891,-890,-889,-888,-887,-886,-885,-884,-883,-882,-881,-880,-879,-878,-877,-876,-875,-874,-873,-872,-871,-870,-869,-868,-867,-866,-865,-864,-863,-862,-861,-860,-859,-858,-857,-856,-855,-854,-853,-852,-851,-850,-849,-848,-847,-846,-845,-844,-843,-842,-841,-840,-839,-838,-837,-836,-835,-834,-833,-832,-831,-830,-829,-828,-827,-826,-825,-824,-823,-822,-821,-820,-819,-818,-817,-816,-815,-814,-813,-812,-811,-810,-809,-808,-807,-806,-805,-804,-803,-802,-801,-800,-799,-798,-797,-796,-795,-794,-793,-792,-791,-790,-789,-788,-787,-786,-785,-784,-783,-782,-781,-780,-779,-778,-777,-776,-775,-774,-773,-772,-771,-770,-769,-768,-767,-766,-765,-764,-763,-762,-761,-760,-759,-758,-757,-756,-755,-754,-753,-752,-751,-750,-749,-748,-747,-746,-745,-744,-743,-742,-741,-740,-739,-738,-737,-736,-735,-734,-733,-732,-731,-730,-729,-728,-727,-726,-725,-724,-723,-722,-721,-720,-719,-718,-717,-716,-715,-714,-713,-712,-711,-710,-709,-708,-707,-706,-705,-704,-703,-702,-701,-700,-699,-698,-697,-696,-695,-694,-693,-692,-691,-690,-689,-688,-687,-686,-685,-684,-683,-682,-681,-680,-679,-678,-677,-676,-675,-674,-673,-672,-671,-670,-669,-668,-667,-666,-665,-664,-663,-662,-661,-660,-659,-658,-657,-656,-655,-654,-653,-652,-651,-650,-649,-648,-647,-646,-645,-644,-643,-642,-641,-640,-639,-638,-637,-636,-635,-634,-633,-632,-631,-630,-629,-628,-627,-626,-625,-624,-623,-622,-621,-620,-619,-618,-617,-616,-615,-614,-613,-612,-611,-610,-609,-608,-607,-606,-605,-604,-603,-602,-601,-600,-599,-598,-597,-596,-595,-594,-593,-592,-591,-590,-589,-588,-587,-586,-585,-584,-583,-582,-581,-580,-579,-578,-577,-576,-575,-574,-573,-572,-571,-570,-569,-568,-567,-566,-565,-564,-563,-562,-561,-560,-559,-558,-557,-556,-555,-554,-553,-552,-551,-550,-549,-548,-547,-546,-545,-544,-543,-542,-541,-540,-539,-538,-537,-536,-535,-534,-533,-532,-531,-530,-529,-528,-527,-526,-525,-524,-523,-522,-521,-520,-519,-518,-517,-516,-515,-514,-513,-512,-511,-510,-509,-508,-507,-506,-505,-504,-503,-502,-501,-500,-499,-498,-497,-496,-495,-494,-493,-492,-491,-490,-489,-488,-487,-486,-485,-484,-483,-482,-481,-480,-479,-478,-477,-476,-475,-474,-473,-472,-471,-470,-469,-468,-467,-466,-465,-464,-463,-462,-461,-460,-459,-458,-457,-456,-455,-454,-453,-452,-451,-450,-449,-448,-447,-446,-445,-444,-443,-442,-441,-440,-439,-438,-437,-436,-435,-434,-433,-432,-431,-430,-429,-428,-427,-426,-425,-424,-423,-422,-421,-420,-419,-418,-417,-416,-415,-414,-413,-412,-411,-410,-409,-408,-407,-406,-405,-404,-403,-402,-401,-400,-399,-398,-397,-396,-395,-394,-393,-392,-391,-390,-389,-388,-387,-386,-385,-384,-383,-382,-381,-380,-379,-378,-377,-376,-375,-374,-373,-372,-371,-370,-369,-368,-367,-366,-365,-364,-363,-362,-361,-360,-359,-358,-357,-356,-355,-354,-353,-352,-351,-350,-349,-348,-347,-346,-345,-344,-343,-342,-341,-340,-339,-338,-337,-336,-335,-334,-333,-332,-331,-330,-329,-328,-327,-326,-325,-324,-323,-322,-321,-320,-319,-318,-317,-316,-315,-314,-313,-312,-311,-310,-309,-308,-307,-306,-305,-304,-303,-302,-301,-300,-299,-298,-297,-296,-295,-294,-293,-292,-291,-290,-289,-288,-287,-286,-285,-284,-283,-282,-281,-280,-279,-278,-277,-276,-275,-274,-273,-272,-271,-270,-269,-268,-267,-266,-265,-264,-263,-262,-261,-260,-259,-258,-257,-256,-255,-254,-253,-252,-251,-250,-249,-248,-247,-246,-245,-244,-243,-242,-241,-240,-239,-238,-237,-236,-235,-234,-233,-232,-231,-230,-229,-228,-227,-226,-225,-224,-223,-222,-221,-220,-219,-218,-217,-216,-215,-214,-213,-212,-211,-210,-209,-208,-207,-206,-205,-204,-203,-202,-201,-200,-199,-198,-197,-196,-195,-194,-193,-192,-191,-190,-189,-188,-187,-186,-185,-184,-183,-182,-181,-180,-179,-178,-177,-176,-175,-174,-173,-172,-171,-170,-169,-168,-167,-166,-165,-164,-163,-162,-161,-160,-159,-158,-157,-156,-155,-154,-153,-152,-151,-150,-149,-148,-147,-146,-145,-144,-143,-142,-141,-140,-139,-138,-137,-136,-135,-134,-133,-133,-132,-131,-130,-129,-128,-127,-126,-125,-124,-123,-122,-121,-120,-119,-118,-117,-116,-115,-114,-113,-112,-111,-110,-109,-108,-107,-106,-105,-104,-103,-102,-101,-100,-99,-98,-97,-96,-95,-94,-93,-92,-91,-90,-89,-88,-87,-86,-85,-84,-83,-82,-81,-80,-79,-78,-77,-76,-75,-74,-73,-72,-71,-70,-69,-68,-67,-66,-65,-64,-63,-62,-61,-60,-59,-58,-57,-56,-55,-54,-53,-52,-51,-50,-49,-48,-47,-46,-45,-44,-43,-42,-41,-40,-39,-38,-37,-36,-35,-34,-33,-32,-31,-30,-29,-28,-27,-26,-25,-24,-23,-22,-21,-20,-19,-18,-17,-16,-15,-14,-13,-12,-11,-10,-9,-8,-7,-6,-5,-4,-3,-2,-1,0
1.00480912212908e-10,5.90207737497432e-11,1.19070659443176e-10,5.86432987637461e-11,-1.9237773432415e-11,-1.62560841778983e-10,-1.33102144336945e-10,-3.53937722946052e-11,9.52716025128272e-11,-2.13559142744405e-10,8.44465279284195e-12,-8.19555969224685e-12,8.13526356016949e-11,-9.19694905114084e-11,-2.33545603765084e-10,1.32840494923678e-11,1.38984146357133e-10,-7.71440321200753e-11,2.36609950424753e-11,9.4863549367836e-12,4.67845592708062e-11,-6.31273029422782e-11,-4.10083982573908e-11,1.83730395737072e-10,8.62301747739809e-11,-4.37204029061322e-12,-1.7959776909157e-10,1.24012053399116e-10,7.15506073571945e-11,9.89952726779631e-11,-2.69339519009033e-11,3.79969622486558e-11,1.5624321129875e-10,2.67418455090735e-11,2.28696759062631e-11,1.57327443373472e-10,5.76099687616441e-11,-1.2265880841213e-10,-6.46468317150384e-12,6.52509421839262e-11,5.9150702675703e-11,6.14632591172854e-11,-2.06523776103913e-11,-2.22275199798963e-11,-2.68440437674788e-12,-3.49868832516563e-11,1.76846635347215e-11,-6.20474023077317e-11,1.78761790303375e-11,-4.2046677065927e-11,1.82130352736075e-11,1.00128206369756e-10,-7.77340144799594e-11,-6.36855767857247e-11,5.59996703690165e-11,-5.24198822061007e-13,-9.65234296643811e-11,-1.36036171676691e-10,4.21181383066304e-11,2.08813456048986e-11,-8.6672334071269e-11,1.69793426180632e-11,-6.58421244609875e-11,-4.08424167676671e-11,1.62994114727265e-10,-5.84357600326156e-11,-1.9250632113003e-11,-1.40461738305591e-11,4.92114199272762e-12,-1.83411601752988e-10,1.40697113445472e-10,-7.75177004009234e-11,-2.52922184700409e-11,9.66848770655704e-12,-2.55611707890782e-12,8.32574707305005e-11,2.37365196318709e-11,2.29445108265736e-11,-1.22800997807924e-10,4.27467942720124e-11,-6.49320084015144e-11,-2.05778563801665e-11,-8.18320535063658e-11,1.92662958424261e-11,-1.36532962464648e-11,-1.27405815026814e-10,1.69672430999415e-10,-2.30299358060355e-11,8.56439316841154e-13,8.34383125496486e-11,-2.80926496635574e-11,2.90843249844113e-11,6.77901121030278e-11,4.59898529766222e-11,1.97739442684157e-10,-1.42353035358734e-10,1.007271303061e-11,6.68326987743359e-11,4.12869133230192e-11,5.05874397208115e-11,8.01694235640655e-11,-1.58319214910807e-10,7.43072269696072e-11,6.03009525363928e-11,-6.15277260017911e-11,-1.28238094423259e-10,1.62294258401879e-10,-1.62886143698875e-11,6.63090324729783e-11,-4.64214925858286e-11,5.23289553118128e-11,6.35852658357625e-11,-6.05533138979266e-11,-8.93924265627183e-12,7.66934867794633e-11,2.67213303708715e-11,-2.38237509942833e-10,-1.18408599157093e-10,-2.86818211682832e-10,7.39231549072644e-11,1.93165519963371e-11,-7.68109859875625e-11,-2.85448043576337e-10,-8.80247960444182e-11,-1.57276886738876e-11,5.86903260868737e-11,8.23166012463895e-11,-5.60456539165951e-12,6.82520301041175e-11,7.75052742112969e-11,-1.62389626644691e-10,5.66539020799886e-11,6.89339431531697e-11,8.24475558854623e-13,5.99139390358567e-11,-1.30555809702104e-10,7.2085092592564e-12,1.33664536644691e-11,-8.69067722110009e-12,1.54056199156991e-10,3.91842650187345e-11,-2.65436462316948e-11,9.50161727942644e-11,-9.3732539492354e-12,1.68502598127866e-12,-2.91341028256265e-11,1.23772779628943e-11,-2.14750554880427e-10,-4.39156244528031e-11,6.61355096581266e-12,-1.40816004539145e-10,-1.89060798057513e-10,1.75909999244544e-10,-6.59251865973558e-11,-4.31977557224745e-11,3.50717123600781e-11,-2.28338474249236e-10,1.0006136316085e-10,-1.80501301269063e-11,1.40724811479326e-10,8.41941146264824e-11,5.0301478703093e-11,1.45739946770084e-10,8.23578533641875e-11,-3.06440021185562e-10,4.09680545056426e-11,1.19384080491376e-11,6.23120340467424e-12,1.49423877713997e-11,2.47214189846402e-11,-3.90098118269422e-11,-1.45896965595183e-11,6.19878256787614e-11,7.40430412213678e-11,8.23351813407297e-12,2.3555757657375e-10,1.02817502043031e-10,9.04441037198476e-12,-1.05690791300985e-10,1.42486637855909e-10,-8.06911601106492e-11,1.65309559773355e-10,-1.03484844355829e-10,4.86960162871573e-11,-4.8288467117535e-11,-7.36972979558817e-11,-6.98376779562732e-11,7.97690367241764e-11,-1.41138276539086e-10,5.78339268706488e-11,2.0189986050456e-10,-1.88902410796725e-10,1.59986136000524e-10,8.88365133721222e-11,1.81695835593338e-11,-6.44877076257859e-11,-1.20616533887856e-11,6.78255740135002e-11,3.14988178656304e-11,6.50608206727629e-11,8.51577335531117e-11,2.4978503440874e-10,2.99181038508737e-11,4.92647560505683e-11,1.92313554339901e-11,-5.89315424216565e-11,-5.12950319126137e-11,2.13678227472419e-11,6.61986035038168e-11,-8.37536423964622e-11,6.3220004316709e-11,-4.93813946764094e-11,-5.64556271603574e-11,6.87490924158743e-11,2.53557784199482e-10,-4.02169135950733e-12,2.11038321221111e-10,7.01957550961386e-11,3.12624587704303e-11,8.73385991672114e-12,8.07238683492856e-11,-5.55480451726367e-11,1.09355130408539e-10,6.28509011132764e-11,-8.66291887639056e-11,-8.13558214218989e-11,4.08442474994573e-12,-1.88324437718916e-10,1.05472292817326e-11,1.3627625476965e-10,-9.16428150065825e-11,4.06128229582299e-10,2.13887090588145e-11,-5.37065584253289e-11,1.07267786048072e-10,-7.41639187254308e-11,-6.98206345682591e-11,1.22541529265713e-10,1.68864230779088e-11,-9.33506024430454e-11,-1.22457189883717e-10,3.99649158350244e-11,1.12091730336663e-11,-9.10212499854446e-11,-8.5090842534008e-11,-1.7986313049789e-11,-3.21568716185364e-11,-7.7421845423229e-11,6.28911419946873e-11,8.70676760196356e-11,-8.70612429961839e-11,-1.10680554327607e-11,-9.69268699895863e-11,-4.68312092915416e-11,1.90722662099415e-11,-1.03417919244284e-10,5.92957431586435e-11,-6.96764275476843e-11,-1.22564119939257e-11,3.17487243046038e-11,-1.5209180656376e-10,6.67698952079529e-11,2.12722158341012e-10,-2.95494599665405e-11,-2.46507964007513e-11,-1.96964171715189e-11,-6.06927398006261e-12,2.46253608006723e-12,3.18715963683298e-11,2.22136500268798e-11,1.71231573482429e-10,-4.54696792041248e-11,-1.40468730826834e-10,-1.74708173748679e-12,2.49854657762792e-11,2.14584066651986e-10,-7.16666382457998e-11,4.85772302730031e-11,-3.04950705897598e-11,-4.06762922946177e-11,3.17310587900667e-11,-1.20711347226802e-11,-1.57728178709856e-10,-8.64171618507329e-11,4.69425938941344e-11,1.16353003130419e-10,8.07009072986354e-11,1.46818189163822e-10,8.44235848350548e-11,1.16241529586233e-10,-6.63093237609124e-11,-4.57521805398364e-11,-1.16223967842571e-11,4.94356636378779e-11,5.6728416393223e-11,5.09826145811542e-11,2.8928706762911e-11,7.41797564227883e-11,8.92691647246723e-12,4.08659398562277e-11,1.53710652755654e-11,-1.28801719677271e-10,2.97735845402958e-11,-1.15510536803607e-10,-1.60773535747735e-10,8.64561450218148e-11,6.06018277458457e-11,-2.34280214314349e-11,-2.21311523061551e-10,1.69378009445286e-10,3.24819531874863e-11,1.98934004335084e-11,1.32726700053201e-11,-2.31828689156534e-11,-2.81441743247538e-11,1.17154056772102e-10,1.40077351022896e-10,7.99068609286177e-11,-1.35812723278565e-11,-8.19068943853427e-11,-8.34334187633947e-11,6.1190348592032e-11,2.14672783254145e-11,1.24362071772128e-10,-1.11928708005257e-11,4.5304477769191e-11,-6.64846131252556e-11,-6.63539202059672e-11,-2.90580053858535e-11,2.13819858632296e-10,-2.33996118633248e-11,-8.18659543617211e-11,-5.77053505144239e-11,-1.20668056785326e-10,-5.76887301071411e-11,9.09092732854677e-11,-7.69021172778104e-11,5.239585321651e-11,2.64637173144605e-11,2.75685367963131e-10,4.18346479259454e-11,9.9305618085708e-11,-3.12021069052483e-11,-7.31308938870022e-11,5.80237755488711e-12,-2.01599372599116e-10,-6.54305042420576e-11,1.50628489728592e-11,7.26488881257694e-11,-1.86362173939076e-10,-8.65446847759115e-11,-1.44481984691855e-10,4.45574294012618e-11,7.33385583697797e-11,4.80005441184375e-11,-5.62605653464465e-11,7.86861713097443e-11,-1.51386791378287e-10,-1.12277759015341e-10,4.79892942545192e-11,-1.01160383182036e-10,-1.35694757689487e-10,5.88108242793541e-11,7.10707730699864e-11,-2.20351124426739e-10,5.11695508415818e-11,7.70085962994284e-11,1.621862172995e-10,5.84428755955263e-11,-7.2936388347905e-11,5.084301870242e-11,-2.66961865498368e-10,-1.07014029509241e-10,-6.18189219218768e-12,-1.44199055960607e-10,1.81153585653639e-10,2.4466376911982e-11,5.71458390936765e-11,8.43087718930288e-12,-3.57136141700983e-11,-8.31392950823844e-11,1.85351074300241e-10,-3.11883883682598e-11,-6.88465602338571e-11,-4.62928051515156e-12,1.5673617008272e-10,-2.00005568080254e-11,-5.57323549640491e-11,1.65851462168328e-11,1.7690283950721e-10,1.30194715495803e-10,-2.15621803437573e-10,-1.9965308460487e-10,-1.44359968436984e-11,-5.37480472311259e-11,5.1080113391782e-12,1.2790479529997e-11,4.56117397425441e-11,-1.90040541947147e-11,6.67609879974052e-11,-2.42097959885781e-11,-2.16347170224135e-11,1.4210538436647e-10,-5.42722821461631e-12,-2.18063114986286e-11,8.71737402701761e-11,-2.86637646032815e-12,-3.13363351667007e-11,-1.58532196685876e-10,6.33455282323411e-11,1.37841610842489e-11,-4.00063252784823e-11,-1.47767156549818e-10,5.2485405516668e-11,1.04302309426075e-11,-3.49699953509187e-11,-1.84096778604717e-10,1.07466046579357e-10,-1.24927077125978e-10,6.39711224061791e-11,-7.06826504402082e-11,8.599394285764e-12,-1.69600922893152e-10,-1.30041444319844e-10,-6.20554483487958e-11,5.2064239807864e-11,-2.53432391364372e-10,1.53537761713753e-10,-1.30357148750809e-10,-2.92900419359573e-11,1.18460805824839e-10,8.72710512211765e-11,-6.54214905659574e-11,1.02087787735154e-11,-5.22475712087084e-11,-6.05619059956467e-11,1.34938482547727e-10,-1.75985018484226e-11,-5.02071885199441e-11,-8.26826336993821e-11,-1.15160206394963e-10,8.8906281408269e-11,1.59730613631597e-10,1.15152450562821e-10,-2.2027781323033e-11,-6.97635969106846e-11,-5.11573358257033e-11,-1.05180836694372e-11,1.07419847640196e-10,1.5353225378092e-11,-1.68522730447018e-10,1.24592386240612e-10,-1.66681884542965e-10,1.74052242258705e-10,9.02484008461311e-11,7.09236611347942e-11,-1.14119628443394e-11,3.07785876897026e-11,1.58917138069333e-10,1.48573202293101e-10,-1.16416712833364e-11,4.91995309998379e-12,6.84468023196171e-11,-9.77413959634545e-12,-2.50120536867037e-11,-6.30532754831217e-11,1.01065009551732e-10,-5.34589063004272e-11,-4.28823364179246e-11,-2.13250244654219e-10,-2.10444695467452e-10,6.95005318018045e-11,-1.50092803441225e-10,-1.86347487354449e-10,-6.50458622915921e-11,-1.41763454949916e-10,-2.89268057278451e-11,7.95369720630147e-11,1.27158966732469e-10,6.00100188716347e-11,8.96054638762104e-11,-1.46573173762839e-11,7.57433543594958e-11,-1.67755481195698e-10,-1.90580123137079e-10,2.09681108299723e-12,3.36808690344e-11,1.30588948678978e-10,8.93823851555934e-11,-2.39453432965266e-11,-3.97876523865243e-11,-6.42149372372145e-11,1.45891335999366e-10,5.20762641537206e-11,3.78358337311716e-11,1.38299787194798e-10,7.22701708514048e-11,-5.77535774303659e-11,4.36507715272905e-12,-6.03795405945371e-11,-8.48456560289841e-12,-1.90554989363296e-11,-1.12558513971099e-10,2.56140719325134e-10,-7.87893490628878e-11,1.73512021828776e-11,7.96666116180692e-11,2.67798496629981e-12,2.05697013204669e-10,-6.34778461938415e-12,1.90759638841875e-11,5.20645047920775e-11,-8.90816647742574e-12,-6.01055515516098e-11,-5.10199234756381e-11,4.35925142878973e-11,-4.448498390789e-11,7.68022464072742e-11,-8.04984653867072e-12,1.20997305095509e-10,-6.98527685810287e-11,7.64455263459009e-11,-1.65445778820613e-10,7.35469033175435e-11,-1.01996420825438e-10,6.20502376718909e-11,1.00328069952229e-10,-6.7860656367082e-11,1.05316215324976e-10,-6.77174013461673e-11,-1.4051848805844e-10,-9.49248620657217e-11,-4.76784690206193e-11,-6.39086200292265e-11,-1.57366945693169e-11,-1.41925380157489e-11,-2.25604818598522e-10,2.08523963106174e-10,7.05875954999866e-11,-4.35155307039784e-13,-6.77005362984296e-11,8.08958151903465e-12,-1.45597406362002e-10,-6.22521765950336e-11,-5.2018777947243e-11,1.77074533130742e-11,-2.12799313741525e-10,-1.82156544081215e-10,9.23995754736883e-12,1.46435726057157e-10,-2.85041752545107e-11,-2.11900644415256e-10,-1.02942429778676e-11,1.70110533918502e-11,-1.90933179252619e-10,-2.96853077416512e-11,1.57531840947344e-11,1.60806014862331e-10,-7.20903499954277e-11,2.49897180890723e-10,8.77361005491025e-12,-1.03013588851274e-10,-5.38150855713671e-11,6.4382723194959e-11,-1.82371592733962e-10,-7.25798517898528e-11,-3.49065290022675e-11,1.31357335323046e-11,2.35711664473982e-11,1.20824259826317e-10,8.99223612996511e-11,-7.74658359651073e-11,-8.5373843209841e-11,1.841909680015e-10,7.45753473569133e-11,-2.60510732993179e-11,2.77209793233565e-11,1.10917203849022e-10,-1.53794772303171e-10,3.63718155653773e-11,1.66816909786102e-10,6.44008489858661e-11,5.90216092767994e-11,-2.37882756150296e-10,2.39054532248621e-10,-8.14304753104026e-11,-1.48977987727489e-10,4.78186643786884e-11,7.06442375696905e-11,5.78964616431931e-12,-7.48995474608424e-11,-5.36519421049466e-11,-1.33042144640434e-10,-9.53048187842421e-11,-8.14939292618065e-11,2.61657528629854e-12,-1.58261297932576e-11,-1.95684531495507e-11,3.90886071171082e-12,2.04112183837044e-11,1.39072196290116e-11,5.40307015481088e-12,-8.17597011721937e-11,3.37144816775691e-11,8.49891641465894e-11,-6.60070438611315e-11,-2.90095845565702e-11,-2.36244697514709e-12,3.30905078883018e-12,1.50150013507903e-10,-1.46727703612871e-10,2.12442759811885e-12,7.85692230298725e-11,4.24362774343345e-11,1.46434705583463e-10,-1.1065100391668e-10,-7.69312354173414e-11,7.93325169199786e-12,-5.09108883089626e-11,-3.79261926452268e-11,-1.12185320233611e-10,-2.96301963005714e-11,-1.29797791255951e-11,2.71421178954638e-11,-2.41495202354108e-11,9.76184312765862e-11,3.94503350655643e-11,-4.71312412977645e-11,1.43170022882929e-10,-1.14448512915856e-10,-1.39722948888492e-10,-1.13143521750363e-10,1.04884485611635e-10,1.25009992687014e-10,-2.2356209604838e-11,-1.05602172884278e-10,3.03497188528418e-11,-1.64307774449508e-10,8.89071546459815e-11,1.73499527867375e-11,9.90981609014844e-11,-4.93420321181925e-12,2.70701929031565e-11,-4.87824905595623e-11,-1.00968003242561e-10,-4.20856753963323e-11,-7.54937868665932e-11,-7.84209059886295e-11,1.67413944795087e-12,-2.3384668355055e-12,-6.8251912370976e-11,1.03448729165841e-10,2.75494433437351e-11,-1.11155469981177e-10,-8.42217034681096e-11,2.70493424323674e-11,-2.56415045577853e-11,-1.48259623973106e-10,-9.0395420545577e-12,-1.28037553593926e-12,1.1031107996507e-10,5.36518004558829e-11,2.04336698463146e-11,-8.67796792159382e-11,1.87090699440807e-11,9.72956787819821e-11,8.921777134087e-13,1.10423263476727e-11,-1.69333961467618e-10,1.09713596363783e-10,-3.6984987334666e-11,-9.22491783855076e-11,-1.17581066489651e-10,-2.37737121112733e-11,-9.53479315754997e-12,4.00116734007158e-11,-8.83775060871674e-11,3.16709621460997e-11,-3.41383767996171e-11,-1.16048447308511e-10,9.83903125860639e-12,5.24282337599612e-11,1.51140439081699e-10,6.26139959237563e-11,-2.14868419840381e-10,-9.84477943254309e-11,1.99058260521071e-10,6.35839547807667e-11,-9.20564906959177e-11,1.20540511154729e-11,3.58873974652618e-11,1.08971547459773e-10,-2.63813478528836e-11,2.91498557672281e-11,1.31261777211868e-10,-9.09337110457037e-11,-1.13663754162831e-11,4.01719081884654e-11,-1.66814880015246e-10,-4.95021275691396e-11,6.84683360587055e-11,-2.44749678666026e-11,-1.10017236203644e-10,1.09819985983996e-10,7.7038930794909e-11,-6.78444102139712e-11,-8.50545340026791e-12,-7.32005129294592e-11,1.72607977507223e-11,-1.91237773927678e-10,2.20963532875514e-11,1.05027508077639e-10,-1.38331545282371e-10,1.57845816470771e-10,2.89735351858405e-11,1.78869982577997e-10,-1.7495449583221e-10,-1.56438468251144e-10,-4.4660673632567e-11,2.57054788016612e-11,-1.96197895563313e-11,-2.11166175833541e-10,-1.27304711812755e-10,-1.0141524591311e-10,8.01954166024387e-11,-2.57054159014683e-11,7.76430942851341e-11,-1.26363435185466e-10,-5.49617604785081e-11,1.52165345597962e-11,-1.33413343437414e-10,-5.91578600219669e-11,1.07045122614138e-10,1.82572873697095e-10,2.07213271903216e-10,-3.14677186190556e-11,-1.39136572323336e-10,-2.21065738679515e-11,5.36999053052802e-12,-1.85862302730057e-11,1.20103967445003e-10,-2.53921650559957e-10,-6.06637280871015e-11,-1.04434098115007e-10,9.3328502620594e-11,4.91870534873008e-11,-1.65576622513086e-11,1.98333191720719e-10,9.80352721119147e-11,-2.24431125870848e-11,-6.8345955187505e-11,3.66149050482238e-11,8.17434453204871e-11,2.3036030374806e-10,-3.31465390244452e-11,-4.56366110911888e-11,3.44589077537578e-11,1.21454953103901e-10,7.98510579047529e-11,3.16204597103829e-11,1.46506074884672e-10,-3.45667838252893e-11,7.07816237011255e-11,2.75506022957245e-10,2.51640739126218e-11,-5.02059382290436e-11,-5.743655857343e-11,1.32440378354661e-10,-2.26752369485212e-11,-1.28236328060562e-10,2.91863735542311e-11,-2.20795425670911e-11,-1.91219516911022e-10,-1.1376435343039e-10,-1.50936168526358e-10,-4.67253012327236e-11,-1.86542588683159e-10,-2.27837694501603e-11,-1.07293417847543e-10,-2.97471640841364e-10,-3.848697834712e-12,1.83651909121503e-10,-5.23775688866197e-11,3.05523472371455e-11,2.28304627196469e-10,-1.80658518224263e-11,-9.04838078194467e-11,3.68095761739901e-11,5.14113498240613e-11,-1.02484400572183e-10,-1.39813017500257e-10,-6.34704531008972e-12,4.75629638951954e-13,1.06981151724765e-10,3.51046399446044e-11,-1.13682954083896e-11,3.60474076956709e-11,-4.1363263997813e-11,1.31533762511381e-10,-8.78294608442961e-11,-4.7369885038447e-11,4.75219929544801e-12,7.18042587813105e-11,1.95412967543294e-11,-6.96151755116175e-12,6.61316095716654e-11,-9.14700920927859e-11,4.58334525543277e-11,-1.2486336350593e-10,9.80842512265733e-12,-1.1241421217763e-10,-6.60010407483076e-11,-2.41103416214617e-11,-5.89255130114908e-11,2.32508516049718e-11,-1.21912284260153e-10,-4.70993964381191e-11,7.28195603768764e-11,5.35318321925189e-12,1.3532733511708e-10,3.57030075456357e-11,3.6205492406683e-11,-1.24380272022351e-10,5.18301229641275e-11,2.24617954268827e-11,-1.4736870010616e-10,-5.29225943461891e-11,7.0190657011508e-11,-1.77466447968747e-11,1.07263614321734e-10,-5.42584202915217e-11,-2.2504929912887e-10,-1.43237916083572e-10,-6.53625439079515e-11,-1.29035228140723e-10,-2.60964802492086e-12,-1.02155409743611e-10,-1.0949895920201e-10,6.79310680022359e-11,-9.03422175742963e-11,2.13020349650561e-10,7.77027144864385e-11,3.02780934333707e-11,1.44533107778751e-10,-1.55799007144743e-10,1.03406446495007e-11,3.21566376218445e-11,7.58369920999518e-11,2.01313909948047e-10,-7.79717204656268e-12,-3.73099981454778e-11,4.79655392845687e-11,6.83404558217134e-12,1.24368832760208e-10,2.35002281986902e-10,1.26404769950492e-10,-1.40719965521197e-10,-2.13073028635869e-11,3.06170590575481e-11,-6.04086736431248e-11,2.60989280958039e-10,1.6630050331866e-10,-1.94747538831391e-11,4.26870522324527e-11,9.8678290154457e-11,2.30641356924705e-11,8.750354353621e-11,8.8643005206198e-11,-6.67983912573642e-11,-3.84449494464507e-13,-1.26131087642767e-10,2.54432987417013e-11,2.81401630034117e-11,1.51335725016484e-10,-2.55859187700417e-11,8.88818704496458e-11,2.64132406319014e-10,-7.75168699235837e-11,-1.4682469114331e-10,-1.83472499659084e-10,-1.6860315403558e-10,-3.04281244742206e-11,-1.98641344115476e-10,-2.62990206408593e-11,-9.4120313931493e-11,-4.2955334381355e-10,-1.9744848073218e-10,-1.92143214616654e-10,-8.08696652714582e-11,-2.42048059136557e-10,-7.70406472949888e-11,-1.98033194408967e-10,-2.47460215067393e-10,-1.91297689968024e-10,-3.56271555164354e-10,-1.47491713594557e-10,-1.39012661580438e-10,-1.56981371202628e-10,-3.75522607199918e-10,-4.60170030814358e-10,-2.36197702591875e-10,-3.19485799203939e-10,-5.08543917121159e-10,-4.4506264398311e-10,-3.24394142143623e-10,-2.37017766747463e-10,-3.89257422017375e-10,-6.04891536261487e-10,-3.95860874267857e-10,-5.20607820334583e-10,-5.48851902426427e-10,-4.71486856130201e-10,-6.16465329618241e-10,-6.80383588605742e-10,-6.80116889679253e-10,-5.45675691065818e-10,-7.66534436054542e-10,-6.47110145530605e-10,-6.87179378199301e-10,-5.56900751125004e-10,-5.55635041659392e-10,-8.83027845019479e-10,-6.95943287647348e-10,-6.35302629648814e-10,-6.43455933203563e-10,-6.02916890454682e-10,-7.58747551519882e-10,-6.38121660868374e-10,-6.05891703223731e-10,-6.86479120138311e-10,-8.24366323204167e-10,-7.30503087025789e-10,-8.75902614858445e-10,-7.07087210471151e-10,-7.05954518505827e-10,-8.094647280926e-10,-9.86770721537914e-10,-7.98622789183515e-10,-8.00688037957598e-10,-7.10812762523572e-10,-7.1906498128096e-10,-6.2777911645591e-10,-7.9604442450517e-10,-8.41850399531221e-10,-7.44245758980833e-10,-8.14229683233542e-10,-6.65170826471764e-10,-7.85893562920476e-10,-8.67897719372153e-10,-6.68246605287546e-10,-7.33799493924004e-10,-6.67935213942942e-10,-5.31020115616725e-10,-6.31689882547382e-10,-3.79652798341594e-10,-5.34909892873541e-10,-5.95818257797453e-10,-3.93898496291882e-10,-4.43517612774962e-10,-5.13552147534121e-10,-4.52176431595576e-10,-4.24702016684083e-10,-2.04175275684665e-10,-4.41071256275787e-10,-3.22262824238097e-10,1.59819465306951e-11,-1.42523367774106e-10,-1.49518192314187e-10,1.7589973655282e-11,1.34011852203103e-10,2.07129199877206e-10,2.79563436369425e-10,1.23008268594364e-10,4.07540517502946e-10,3.94945220847416e-10,6.32937537157807e-10,8.75342755411503e-10,9.25146863834767e-10,8.88181522983028e-10,1.17013365458427e-09,1.37814440183973e-09,1.32714186578431e-09,1.55256037497926e-09,1.78037282961639e-09,1.90742515278051e-09,2.2718967109448e-09,2.43159645072212e-09,2.4711669591564e-09,3.02687148818532e-09,3.20132623724117e-09,3.37768887082127e-09,3.846174334047e-09,4.45733063166346e-09,4.71569029972583e-09,4.86533816978501e-09,5.61121178784565e-09,5.93812965620918e-09,6.32614291974541e-09,7.04542206825985e-09,7.65297821182472e-09,8.24368860455563e-09,8.97114399294467e-09,9.62229495295911e-09,1.06114959729292e-08,1.14989896014967e-08,1.25413535581588e-08,1.36223156786508e-08,1.47657822104183e-08,1.59139417565108e-08
