v,0.25
Patm,100000
g,9.81
r,500
G,10^10.37
rho,2100
mu,10^4.25
rc,22
 
M,10^6.63
sigma,0.1
 
tilt_erupt,50.3215nrad
 
-1057,-1056,-1055,-1054,-1053,-1052,-1051,-1050,-1049,-1048,-1047,-1046,-1045,-1044,-1043,-1042,-1041,-1040,-1039,-1038,-1037,-1036,-1035,-1034,-1033,-1032,-1031,-1030,-1029,-1028,-1027,-1026,-1025,-1024,-1023,-1022,-1021,-1020,-1019,-1018,-1017,-1016,-1015,-1014,-1013,-1012,-1011,-1010,-1009,-1008,-1007,-1006,-1005,-1004,-1003,-1002,-1001,-1000,-999,-998,-997,-996,-995,-994,-993,-992,-991,-990,-989,-988,-987,-986,-985,-984,-983,-982,-981,-980,-979,-978,-977,-976,-975,-974,-973,-972,-971,-970,-969,-968,-967,-966,-965,-964,-963,-962,-961,-960,-959,-958,-957,-956,-955,-954,-953,-952,-951,-950,-949,-948,-947,-946,-945,-944,-943,-942,-941,-940,-939,-938,-937,-936,-935,-934,-933,-932,-931,-930,-929,-928,-927,-926,-925,-924,-923,-922,-921,-920,-919,-918,-917,-916,-915,-914,-913,-912,-911,-910,-909,-908,-907,-906,-905,-904,-903,-902,-901,-900,-899,-898,-897,-896,-895,-894,-893,-892,-891,-890,-889,-888,-887,-886,-885,-884,-883,-882,-881,-880,-879,-878,-877,-876,-875,-874,-873,-872,-871,-870,-869,-868,-867,-866,-865,-864,-863,-862,-861,-860,-859,-858,-857,-856,-855,-854,-853,-852,-851,-850,-849,-848,-847,-846,-845,-844,-843,-842,-841,-840,-839,-838,-837,-836,-835,-834,-833,-832,-831,-830,-829,-828,-827,-826,-825,-824,-823,-822,-821,-820,-819,-818,-817,-816,-815,-814,-813,-812,-811,-810,-809,-808,-807,-806,-805,-804,-803,-802,-801,-800,-799,-798,-797,-796,-795,-794,-793,-792,-791,-790,-789,-788,-787,-786,-785,-784,-783,-782,-781,-780,-779,-778,-777,-776,-775,-774,-773,-772,-771,-770,-769,-768,-767,-766,-765,-764,-763,-762,-761,-760,-759,-758,-757,-756,-755,-754,-753,-752,-751,-750,-749,-748,-747,-746,-745,-744,-743,-742,-741,-740,-739,-738,-737,-736,-735,-734,-733,-732,-731,-730,-729,-728,-727,-726,-725,-724,-723,-722,-721,-720,-719,-718,-717,-716,-715,-714,-713,-712,-711,-710,-709,-708,-707,-706,-705,-704,-703,-702,-701,-700,-699,-698,-697,-696,-695,-694,-693,-692,-691,-690,-689,-688,-687,-686,-685,-684,-683,-682,-681,-680,-679,-678,-677,-676,-675,-674,-673,-672,-671,-670,-669,-668,-667,-666,-665,-664,-663,-662,-661,-660,-659,-658,-657,-656,-655,-654,-653,-652,-651,-650,-649,-648,-647,-646,-645,-644,-643,-642,-641,-640,-639,-638,-637,-636,-635,-634,-633,-632,-631,-630,-629,-628,-627,-626,-625,-624,-623,-622,-621,-620,-619,-618,-617,-616,-615,-614,-613,-612,-611,-610,-609,-608,-607,-606,-605,-604,-603,-602,-601,-600,-599,-598,-597,-596,-595,-594,-593,-592,-591,-590,-589,-588,-587,-586,-585,-584,-583,-582,-581,-580,-579,-578,-577,-576,-575,-574,-573,-572,-571,-570,-569,-568,-567,-566,-565,-564,-563,-562,-561,-560,-559,-558,-557,-556,-555,-554,-553,-552,-551,-550,-549,-548,-547,-546,-545,-544,-543,-542,-541,-540,-539,-538,-537,-536,-535,-534,-533,-532,-531,-530,-529,-528,-527,-526,-525,-524,-523,-522,-521,-520,-519,-518,-517,-516,-515,-514,-513,-512,-511,-510,-509,-508,-507,-506,-505,-504,-503,-502,-501,-500,-499,-498,-497,-496,-495,-494,-493,-492,-491,-490,-489,-488,-487,-486,-485,-484,-483,-482,-481,-480,-479,-478,-477,-476,-475,-474,-473,-472,-471,-470,-469,-468,-467,-466,-465,-464,-463,-462,-461,-460,-459,-458,-457,-456,-455,-454,-453,-452,-451,-450,-449,-448,-447,-446,-445,-444,-444,-443,-442,-441,-440,-439,-438,-437,-436,-435,-434,-433,-432,-431,-430,-429,-428,-427,-426,-425,-424,-423,-422,-421,-420,-419,-418,-417,-416,-415,-414,-413,-412,-411,-410,-409,-408,-407,-406,-405,-404,-403,-402,-401,-400,-399,-398,-397,-396,-395,-394,-393,-392,-391,-390,-389,-388,-387,-386,-385,-384,-383,-382,-381,-380,-379,-378,-377,-376,-375,-374,-373,-372,-371,-370,-369,-368,-367,-366,-365,-364,-363,-362,-361,-360,-359,-358,-357,-356,-355,-354,-353,-352,-351,-350,-349,-348,-347,-346,-345,-344,-343,-342,-341,-340,-339,-338,-337,-336,-335,-334,-333,-332,-331,-330,-329,-328,-327,-326,-325,-324,-323,-322,-321,-320,-319,-318,-317,-316,-315,-314,-313,-312,-311,-310,-309,-308,-307,-306,-305,-304,-303,-302,-301,-300,-299,-298,-297,-296,-295,-294,-293,-292,-291,-290,-289,-288,-287,-286,-285,-284,-283,-282,-281,-280,-279,-278,-277,-276,-275,-274,-273,-272,-271,-270,-269,-268,-267,-266,-265,-264,-263,-262,-261,-260,-259,-258,-257,-256,-255,-254,-253,-252,-251,-250,-249,-248,-247,-246,-245,-244,-243,-242,-241,-240,-239,-238,-237,-236,-235,-234,-233,-232,-231,-230,-229,-228,-227,-226,-225,-224,-223,-222,-221,-220,-219,-218,-217,-216,-215,-214,-213,-212,-211,-210,-209,-208,-207,-206,-205,-204,-203,-202,-201,-200,-199,-198,-197,-196,-195,-194,-193,-192,-191,-190,-189,-188,-187,-186,-185,-184,-183,-182,-181,-180,-179,-178,-177,-176,-175,-174,-173,-172,-171,-170,-169,-168,-167,-166,-165,-164,-163,-162,-161,-160,-159,-158,-157,-156,-155,-154,-153,-152,-151,-150,-149,-148,-147,-146,-145,-144,-143,-142,-141,-140,-139,-138,-137,-136,-135,-134,-133,-132,-131,-130,-129,-128,-127,-126,-125,-124,-123,-122,-121,-120,-119,-118,-117,-116,-115,-114,-113,-112,-111,-110,-109,-108,-107,-106,-105,-104,-103,-102,-101,-100,-99,-98,-97,-96,-95,-94,-93,-92,-91,-90,-89,-88,-87,-86,-85,-84,-83,-82,-81,-80,-79,-78,-77,-76,-75,-74,-73,-72,-71,-70,-69,-68,-67,-66,-65,-64,-63,-62,-61,-60,-59,-58,-57,-56,-55,-54,-53,-52,-51,-50,-49,-48,-47,-46,-45,-44,-43,-42,-41,-40,-39,-38,-37,-36,-35,-34,-33,-32,-31,-30,-29,-28,-27,-26,-25,-24,-23,-22,-21,-20,-19,-18,-17,-16,-15,-14,-13,-12,-11,-10,-9,-8,-7,-6,-5,-4,-3,-2,-1,0
-1.54851796090025e-10,-1.80996574553723e-11,1.01401377790998e-10,-1.55006642210292e-10,-5.75043503066959e-11,1.14978286302857e-10,5.67029912559763e-11,-7.54649141370977e-11,2.57435089589366e-11,-6.14843342880407e-11,-3.87109220092851e-11,-5.11677834529412e-11,-5.06359709980687e-12,-7.51238583718685e-11,-1.31555241530455e-10,1.41232250303678e-10,6.10160479441911e-11,-2.05524158653797e-11,2.00803692449365e-12,-2.47963508274768e-11,4.05400097579441e-11,-1.99361928394988e-10,-4.27842368308989e-11,1.03506661083968e-11,2.61430133613468e-12,3.48329447124344e-11,-1.28564620286124e-10,-1.12038537310857e-10,-2.34639615036907e-10,1.39733021398653e-10,3.61033447590079e-11,2.4343538758937e-10,-3.09165381694375e-11,7.14512540200314e-11,-1.68618789815389e-10,9.86269838312047e-11,-5.9922216237367e-11,1.653683303031e-11,-6.08592943642871e-11,2.5932934502933e-11,-9.91869364997698e-11,2.15502935689973e-11,-3.2156562561487e-11,-6.14425425712909e-11,1.31838309224176e-10,-2.85359658362173e-11,7.39893675950721e-11,-1.97996278734372e-10,1.16076557944829e-11,-3.52793316708637e-11,2.24309033074021e-11,1.34500301894808e-10,-7.64758327458783e-11,-3.07301650256356e-11,4.17306157008787e-11,1.17573449662941e-10,-1.06181797800764e-10,1.25859780041846e-10,-2.83944986539032e-11,3.52767387964901e-11,-7.39876979640984e-11,-2.27735791833156e-11,2.11561803615602e-11,7.74056400040068e-11,-2.09305242890469e-10,7.42018794454615e-11,-2.71975732288303e-11,1.25152952812457e-10,6.30666425647611e-11,-2.48991173247943e-11,-1.71042541213381e-11,1.32420098879131e-11,-7.74680640094914e-11,-4.41211417792403e-11,-3.4295919468737e-11,-2.14154592330134e-11,1.32231416690249e-10,-1.58998343292933e-10,7.22540931031128e-13,3.17740119622492e-11,4.69554499853518e-11,1.05045208346572e-10,-4.00160037997928e-11,2.41065839280686e-11,-3.77021603246199e-11,1.04558633069567e-10,-1.18917591197114e-10,-4.76572353558802e-11,3.37887042990254e-11,-3.91917124503174e-11,-6.11717393549946e-11,-1.07496735490495e-10,-2.50153913019128e-11,-1.24582883616181e-10,1.01956222767642e-10,3.00813972058592e-10,1.13821879730933e-10,-3.50102830531495e-11,-1.1753971451435e-10,1.36652333481138e-11,1.00067201699391e-10,1.09026288559637e-10,8.72521555286424e-11,-3.77453409114614e-11,5.64729518431688e-11,-5.23517157214079e-11,-1.90475337538399e-10,-1.56659820853963e-11,-2.09146359102707e-10,-1.9036942372217e-10,1.59422775009175e-10,-1.37710182823303e-10,-7.8496111677338e-11,6.95402292748753e-12,-3.08958573980386e-11,5.49634205227097e-11,-1.08078889713077e-10,1.24103383402245e-10,1.63661246719741e-10,-4.34851036716083e-11,1.1794952896965e-11,-1.65692930229189e-11,2.0669347353876e-10,-3.06955132292798e-12,-5.01705855847692e-11,-8.918335383517e-11,6.59772365350591e-11,-8.05950789013724e-11,2.60771455084303e-11,-2.09933684314656e-10,-4.21791775856915e-11,3.78498651043039e-11,-8.26905823880975e-11,9.32426857323529e-11,8.08377188481934e-13,1.12564419796727e-10,-1.36074719013091e-10,1.48520570597761e-10,-1.6697096503519e-10,1.30559499797335e-12,-2.95604508313927e-10,1.52439763967302e-10,-2.02946302562407e-10,5.76050839547603e-11,6.73020778677654e-11,1.50788586836754e-10,-1.16835284131257e-10,-7.00092033446489e-11,8.28169307535279e-11,-4.88139524100986e-11,5.82649104262449e-11,2.06206543250469e-12,1.66168320108487e-10,6.82893746850767e-11,-4.79505247373462e-11,-3.5292362861841e-11,1.56693368168195e-10,-2.71381954909919e-11,-7.91117798117335e-11,1.38428093721384e-10,1.37224948143103e-10,-3.80092458283101e-11,6.39688957173201e-11,-3.29129506026662e-11,-1.75572307944081e-11,8.982729256487e-11,6.90337756781657e-11,3.80236653828318e-11,-1.98603919134759e-10,-1.4029730189472e-10,6.01931792020321e-11,1.82777072289314e-10,-9.94329055664305e-11,9.50890778322196e-11,1.23235029684207e-11,5.72603509360799e-12,4.18243085469987e-11,-8.97257857887674e-11,1.79046480252383e-10,-9.4961462052236e-12,-5.11084448383541e-11,-1.73976904451957e-10,-9.4964862058566e-11,1.99498552975765e-10,-3.92633277955399e-11,4.11320249845564e-11,-1.10800779103938e-10,-3.21764824483147e-11,7.70850732248559e-11,-6.97948389719633e-11,1.85745884834822e-10,1.29532822450728e-10,4.76838104089673e-11,1.08939973165781e-10,-1.37363595960577e-10,-4.40109188192086e-11,3.58610718215938e-11,5.35912451441844e-11,1.43951451396088e-10,4.37349078823757e-11,-1.29660634903686e-10,3.3800168658414e-11,-1.84526055373708e-11,-1.74738043566363e-11,-3.65331070779233e-11,-1.64914228154998e-10,1.61111177025613e-10,-6.30220638660709e-11,-2.36710435396526e-10,2.22630682509719e-10,-2.32732041853685e-10,-1.14611515151343e-11,-1.55923257798085e-10,-3.17354231080926e-11,-9.18093654786728e-12,1.62850207735724e-10,-9.35338088621529e-11,-5.79251938543063e-11,-1.10349930168347e-10,1.26114337087505e-10,4.39355510390718e-11,-3.67414560448154e-11,-4.81809906123098e-11,2.01909766840154e-11,-3.78798540387661e-12,-1.5979605929541e-10,-4.62698970744641e-11,-7.1108746521529e-11,-8.81547361014967e-11,-8.49889468058483e-11,6.8262813902373e-11,-9.07807844685878e-12,-3.87045553854327e-11,1.27388404268271e-10,-6.95357625421549e-12,-7.98958903042679e-11,2.64636318043978e-11,-1.23113907709569e-11,-9.12791637527201e-11,-6.11886152499681e-11,-7.18464871612676e-11,-6.7242054592473e-12,-1.70528170884238e-10,-7.6616974716727e-11,-1.36605807299658e-10,2.00975669279805e-10,5.95725925067385e-11,1.26731038361739e-10,1.90366111366095e-10,-8.8605533060632e-12,-6.46623956441098e-11,-2.06136406602448e-11,-6.80580087960746e-11,-3.7029456178272e-11,-6.1974272570959e-11,2.76829687670106e-11,1.73775768428276e-11,-1.17838450042824e-11,-9.97108061145125e-11,-6.88241373687067e-12,1.28317017177811e-10,-2.62238970477641e-11,7.94456614744991e-11,8.73570068225562e-11,2.60431505739359e-11,-3.23103954208875e-12,9.18424638098367e-11,-1.25014910663252e-10,-1.48229086842076e-10,6.49010093037111e-11,-1.38864301292462e-10,1.40461694290128e-10,-3.32585874868774e-11,-7.11371944212804e-11,-5.38124805486051e-11,2.05407378897902e-11,5.59931473219071e-11,1.35648730601436e-10,1.31334791457635e-10,2.09494147802225e-10,-5.56931880764343e-11,-2.49329068162667e-10,5.43863148525234e-11,1.96575507862828e-11,1.23193702542483e-12,9.63718635347518e-12,-3.67446328856566e-11,-6.86692531403273e-11,-8.89101997876254e-11,1.74112954167544e-11,8.38540148489599e-11,4.16289798887368e-12,-1.12926954351782e-11,1.53633269512242e-12,1.82062909868042e-10,4.00211801910802e-11,-4.84606536629142e-11,1.47310380357271e-10,-5.72567581043466e-11,9.47671497048435e-11,-2.97965796189338e-11,-5.57428800098742e-11,5.19971096154144e-11,1.63520163740253e-10,-2.91400750632413e-11,6.42742850471348e-11,-1.23863372393888e-10,-6.25153200785101e-11,6.32324625790094e-11,3.66865986743239e-11,-2.69168197395937e-11,-1.25882216169827e-10,7.00873206373595e-11,1.5720180274144e-10,-1.08487666939327e-10,1.96607584068801e-10,6.62273840290275e-11,2.15443019686655e-10,2.55615246362171e-11,-5.82854413673541e-11,-1.3410182703464e-10,1.71123567215419e-11,-1.72603130049355e-10,-1.11739248777064e-10,1.09593788974373e-10,5.95264610555442e-12,2.35420808573082e-11,-3.31236567395601e-11,1.0639219160081e-12,-2.658638591732e-11,-9.98598414582126e-11,-2.20525526634536e-10,1.61007420339294e-10,1.82597285155791e-11,3.55456623954937e-11,6.70714836652503e-11,1.85738686147699e-10,-1.75609198462275e-10,5.46839663200749e-11,6.91271472311748e-11,4.17220777474668e-11,3.92192593541092e-11,-2.44004170491692e-11,2.48552435416514e-10,-4.88229328359486e-11,1.07672641261828e-11,6.11967054881488e-11,6.81884539310471e-11,-6.31809302403634e-11,-1.51012051778394e-11,-1.31823246027834e-10,-4.65705665500701e-11,1.68447175869473e-10,1.14205333113694e-10,-2.41425267479106e-10,1.50400405504769e-10,4.76286515196787e-11,-9.00527026604848e-12,4.33618485073521e-11,1.24883993247763e-10,2.81707191592328e-11,-9.96116837130048e-11,-6.23995112213967e-11,1.43949536984565e-11,4.23685994894215e-11,4.7921556723624e-11,1.13947929886392e-10,-7.92004558891957e-11,-4.97773733526709e-12,1.07962926549483e-11,1.57359685789236e-10,-9.76000707145423e-11,-1.76061561049392e-10,4.51071712551723e-11,-7.95645342305944e-11,1.29152086234216e-10,-1.00802218467073e-10,-1.97065310103898e-10,1.42718567777795e-10,1.3728710074525e-10,-8.06422182576111e-11,2.43186226195109e-10,2.23436109355586e-11,-9.30726650676226e-11,9.3242740261623e-11,1.11876626533711e-10,9.7638025700521e-12,-1.43413223924518e-11,1.78307977399952e-10,1.2807092776774e-12,-6.71861287534005e-11,1.08553790196862e-10,-1.2022835572241e-10,1.55899023406618e-10,-7.98594126802002e-11,-1.66874493028189e-10,6.68371615835471e-11,-8.44195580556402e-11,7.74090570844898e-12,4.6012434017311e-11,1.23293103415036e-11,4.44165208296067e-11,-1.328028859203e-10,4.85928865941176e-11,1.43329186242707e-11,6.45116023539382e-12,-1.61586985225541e-11,-2.41633349912463e-11,9.37847061707193e-11,-7.64235164507647e-11,-4.3083538113862e-11,-7.24844182537949e-11,-3.21403975148704e-11,1.66938366080589e-11,-2.43400347629466e-10,7.45240366311824e-11,-4.28063533644686e-11,-7.14233297554861e-11,-8.02473386150473e-11,5.46895149446605e-11,1.08235075491199e-10,1.23454951015005e-10,-1.64033108063328e-10,7.8833627891316e-11,1.15784916951358e-10,-8.07311057775258e-12,-9.47637180543969e-11,1.9103494883552e-11,-4.37549763395725e-11,-9.45575444314948e-11,-7.17345172759572e-11,-2.05605277088499e-11,6.29177213937517e-11,7.02719361115041e-11,2.32855448297474e-10,-1.6280523104097e-10,-1.46329289259932e-11,1.11245638259845e-10,-7.77277717189984e-12,1.78307480870689e-10,5.85005649875898e-11,-3.65270775133633e-11,1.03280293504379e-10,-6.00572627277213e-11,-4.33505891290507e-11,9.60339382984926e-12,-4.20634153792114e-11,2.43728690996891e-12,2.56199243227416e-12,-6.43420278233919e-11,2.19838029318569e-11,-8.81308150196548e-11,2.06520529545491e-11,3.99996206268424e-11,-2.08687950667851e-10,-8.72762354790275e-11,2.16083512779317e-11,-7.26826748924442e-12,-1.34307103244526e-10,-7.48974598796121e-11,-9.37779872942408e-12,-1.33682994835726e-11,2.75453299390969e-11,-1.73373831977931e-10,-1.39664783221439e-10,1.66195404055291e-11,-5.18248723663801e-11,7.68740664067935e-12,2.71419977448529e-11,2.21693132161366e-11,3.21153351955654e-12,-4.08441340484489e-11,1.11219037359566e-10,9.67972252839469e-11,6.35418139834946e-11,-1.63922922721476e-10,1.11255402653901e-10,-1.03891216933817e-10,1.19593002354129e-11,1.055076839265e-10,1.69946116564546e-11,1.58552102651953e-11,1.32414694924265e-10,8.17798363715083e-11,2.5871274982302e-11,-2.91463956559562e-11,-1.22140794613049e-12,-4.0733782193912e-11,3.66015721737933e-11,8.79832203568862e-11,-4.90052359546173e-11,-1.82280881276176e-10,-5.1692122991926e-11,2.07102749248259e-11,-3.02445530887286e-11,2.0365045955828e-10,-1.37371734520816e-10,-3.70596436955804e-12,-5.01477514958382e-12,1.4225773185144e-10,-6.53447406539345e-11,-7.35730431338995e-11,-4.15100597858146e-11,1.12025131418338e-11,4.96336510870493e-11,2.29185907140973e-10,7.92696833436849e-11,2.07756606241796e-10,-9.29290073343653e-11,1.77842849778971e-11,-8.09728238964486e-11,-2.77092586160998e-12,-1.13836868395727e-10,1.26189422213139e-10,1.13710561508002e-10,7.25662931368658e-11,-8.61814866815782e-11,-5.52369525683948e-12,9.94840801201195e-12,2.80923305846833e-11,2.09612673741736e-11,2.08971368708112e-11,-4.23892142626831e-12,-7.5023852138434e-11,3.58660694858562e-12,1.45387380538296e-10,5.95738984014332e-11,5.57650518625721e-11,4.91827183045789e-11,-4.55452572163964e-11,4.74768768792087e-11,-1.57500317335489e-10,3.49378425989224e-10,7.53020146489883e-11,-1.33555728018631e-10,-1.75953211834507e-10,-1.09493359196756e-10,-6.56425526038288e-11,4.54420107564363e-11,-1.34545666941553e-11,-1.0428745691584e-11,1.31272864614161e-10,6.25380410997856e-12,-3.79044672120265e-11,1.79138488966623e-11,2.07983035071593e-10,3.13371777573191e-11,1.67501815390098e-10,1.25400224996496e-10,-4.51196102092773e-11,1.64921385178963e-10,-3.71467946981054e-11,1.14660025446182e-11,-2.45866808188647e-11,1.22044056505875e-10,-9.66143512127377e-11,-9.11962883710701e-11,-1.06090182473113e-10,2.65373817155712e-11,4.61405728939048e-11,9.76431630142361e-11,-1.04288314857752e-12,-1.59764743338707e-10,1.51147652769519e-12,2.53165303360871e-10,-4.58656801560691e-12,-6.92998701297737e-11,-2.7995287116262e-11,5.92865464314409e-11,6.17788466308193e-11,4.46682171040201e-11,-1.57157747777378e-11,5.63548628668749e-11,-1.28649877706437e-10,8.33837007769011e-12,-4.77741739340252e-11,-4.17034070249978e-12,-7.14277831249442e-13,2.04695618197747e-10,2.17544474548507e-10,-1.35404659593586e-10,2.69241044532827e-11,7.87244785146832e-11,-3.83864399931565e-11,4.20543995637676e-11,-1.99721745857306e-10,-1.01789434029172e-10,8.52059934774634e-11,-1.78144055700885e-11,8.39504768036826e-11,5.92325087788505e-11,-5.29800582287468e-11,-2.40638385750132e-10,-1.04132997706143e-10,1.16959746253267e-10,9.39099430422232e-11,-2.62943062693752e-10,7.54451781595115e-11,-3.92364320478914e-11,2.70517724552658e-11,1.94196072257667e-10,1.05194560068765e-10,-9.70592652554704e-12,8.45464631263785e-11,-4.08840543395377e-11,-7.80881834728152e-15,-6.06748915607294e-11,4.12101357116261e-11,2.91306176210235e-11,-5.09760782439391e-11,-9.69664659006754e-11,2.6284089314394e-11,1.1792403230658e-10,6.47826768864035e-11,-1.23703895320122e-10,-1.35546289021615e-10,1.41937787239203e-10,-4.72618441057412e-11,-1.10724752703941e-10,-4.36596588110109e-11,-2.21307393290521e-11,-4.27376655939477e-11,-2.37560786073683e-11,1.07245422545955e-10,-1.64158789876246e-10,-1.5891819662377e-10,6.20100307178586e-11,-2.91421711575508e-10,-6.88206840190787e-11,-1.31988052853549e-10,1.28085420894944e-11,-2.70105040174633e-10,-1.18840382749214e-10,4.14021124762581e-11,-2.02448593682044e-10,-1.11539186832601e-10,-2.23031912181218e-10,-2.45051075575044e-10,-1.98619505387341e-10,-2.7219460995654e-10,-2.50560968830463e-10,-1.98721156024381e-10,-7.26471258221783e-11,-1.05265552607009e-10,-3.38029461283169e-10,-2.74635031433198e-10,-2.58444735040777e-10,-1.68725972949962e-10,-4.01105826504258e-10,-2.6897632190326e-10,-2.25977286296049e-10,-3.55122070169944e-10,-3.68704649229195e-10,-2.50695063376018e-10,-2.8868832397464e-10,-1.7254150374586e-10,-3.0329432622647e-10,-2.39203773583211e-10,-3.81961634939204e-10,-5.08686129327784e-10,-2.73431693776455e-10,-2.7609117203843e-10,-4.10832490973728e-10,-4.63137862519109e-10,-5.7647954219476e-10,-5.07905078884223e-10,-3.6983112782637e-10,-4.76815236466447e-10,-3.72508882820517e-10,-5.15098838086004e-10,-4.54579384510421e-10,-6.13455353434464e-10,-4.65266180110806e-10,-5.0228520194191e-10,-4.93066957811691e-10,-5.88031997540523e-10,-4.55740973640812e-10,-4.76242108130284e-10,-5.87884803943019e-10,-5.80265496049109e-10,-5.04667477029731e-10,-6.71680877100567e-10,-5.36665452546197e-10,-3.68604956047931e-10,-5.45781079080086e-10,-6.16841833269703e-10,-6.74493827436161e-10,-4.99423636532282e-10,-7.71043316848659e-10,-7.02063063932649e-10,-5.32736485299378e-10,-6.79243799109504e-10,-5.92643272819348e-10,-8.00754744460291e-10,-6.25241805191067e-10,-8.36472416052561e-10,-7.30916273499314e-10,-7.30223545653442e-10,-6.27425917985582e-10,-7.96879529955884e-10,-9.66464559324619e-10,-8.48663391747442e-10,-9.22215203291615e-10,-8.21619944325683e-10,-8.2738554253521e-10,-8.68206896480515e-10,-8.4276402738041e-10,-8.94566785804068e-10,-9.88365006666107e-10,-9.53008066401086e-10,-8.4233357508088e-10,-9.16513529385739e-10,-9.47328378946442e-10,-8.6103572423489e-10,-9.69829947247358e-10,-1.06820839512071e-09,-1.09621225660959e-09,-1.08756220207399e-09,-1.27342394921799e-09,-1.07567504679531e-09,-9.15722325839369e-10,-1.06437337890198e-09,-9.87264802550451e-10,-1.23936685815116e-09,-1.24367898553162e-09,-9.76649116047005e-10,-1.08453617764604e-09,-1.18425065425497e-09,-1.10403144935923e-09,-1.19423251730005e-09,-1.26426527999207e-09,-1.29845793334136e-09,-1.37806860377025e-09,-1.41272162557121e-09,-1.03502975946169e-09,-1.24939418905057e-09,-1.15239248514688e-09,-1.18841868627313e-09,-1.3790549703074e-09,-1.32968962397252e-09,-1.17403266353287e-09,-1.16832474744637e-09,-1.12584023483449e-09,-1.3640062448885e-09,-1.52087791500415e-09,-1.32997448317648e-09,-1.41241171265446e-09,-1.19718944173983e-09,-1.35035762564943e-09,-1.35048493698764e-09,-1.41031794006714e-09,-1.38514616471057e-09,-1.42730587287178e-09,-1.43342444767788e-09,-1.52271013292597e-09,-1.64934524890462e-09,-1.53281779688454e-09,-1.62634115008229e-09,-1.46167261507284e-09,-1.60260940119982e-09,-1.83591718427643e-09,-1.45232989538529e-09,-1.63813481791246e-09,-1.75274049496115e-09,-1.55685346255515e-09,-1.72030486961238e-09,-1.72698139164686e-09,-1.69765017082832e-09,-1.89534912960644e-09,-2.004245689735e-09,-1.91482160246312e-09,-1.85482220989457e-09,-1.81385622215315e-09,-1.85602534146662e-09,-1.87839171342114e-09,-1.80058632473905e-09,-1.8991844471262e-09,-1.74428885880333e-09,-1.94265074545691e-09,-2.12129569661939e-09,-1.9167526876204e-09,-1.78056163280832e-09,-1.87564710205526e-09,-2.02096541989741e-09,-2.09986194465131e-09,-2.01100208657531e-09,-1.85032603919982e-09,-2.06526638580437e-09,-2.02868866418209e-09,-1.9582865886332e-09,-2.11795934260056e-09,-1.88110585034024e-09,-2.09579377436789e-09,-2.07706324612074e-09,-2.18821901487302e-09,-2.11069672629594e-09,-2.16293978556779e-09,-2.25673774850224e-09,-2.14796293715451e-09,-2.10957478102947e-09,-2.33297777732103e-09,-2.11050625542012e-09,-2.18751473810807e-09,-2.33458579725721e-09,-2.16895535193808e-09,-2.15853887621309e-09,-2.32750113135472e-09,-2.33530006038321e-09,-2.36286785679382e-09,-2.43371937780343e-09,-2.57798630236127e-09,-2.29766949605169e-09,-2.60366758555394e-09,-2.42780219717468e-09,-2.33416202689722e-09,-2.3745585414585e-09,-2.46461511338207e-09,-2.49848140451137e-09,-2.43055469125659e-09,-2.47675834762349e-09,-2.52446138300639e-09,-2.75292276866809e-09,-2.57375621214501e-09,-2.65957191329577e-09,-2.66581895381731e-09,-2.53054077189657e-09,-2.92277972945097e-09,-2.73433684733056e-09,-2.68395449113302e-09,-2.75172089304078e-09,-2.78646486178888e-09,-2.77928142790996e-09,-2.78890339110265e-09,-2.63006478389751e-09,-2.91870486411175e-09,-3.12043193150045e-09,-2.89189045192707e-09,-2.99579012696411e-09,-2.95298288015524e-09,-3.08563869623254e-09,-3.07578794335891e-09,-3.04969324749723e-09,-3.12137075958805e-09,-2.94082685220106e-09,-3.24043185607415e-09,-3.01097936404047e-09,-3.07919993630638e-09,-3.17513278933956e-09,-3.13922983006125e-09,-3.21571335198997e-09,-3.21842188341021e-09,-3.37643520102e-09,-3.22402910050189e-09,-3.27491283838644e-09,-3.25239231522851e-09,-3.45195972468319e-09,-3.20964108524084e-09,-3.15567758189525e-09,-3.54953415437213e-09,-3.40804695075336e-09,-3.31169340009379e-09,-3.56263058103605e-09,-3.46409995373042e-09,-3.68768109725914e-09,-3.75984868004808e-09,-3.597266866446e-09,-3.67804320185294e-09,-3.71545479013651e-09,-3.75377116423251e-09,-3.80524844423821e-09,-3.84133915982394e-09,-3.79905090876818e-09,-3.58511639050781e-09,-3.71499985916771e-09,-3.786936814733e-09,-3.83730257529834e-09,-3.97147879960458e-09,-3.81064091166381e-09,-3.96198610745342e-09,-3.83056594488427e-09,-3.9901520149884e-09,-4.128340888493e-09,-4.13472739628441e-09,-4.08036046404196e-09,-4.24646927333861e-09,-4.29494053868316e-09,-4.16376740307683e-09,-4.41432675972628e-09,-4.26885819673467e-09,-4.30274238395604e-09,-4.27925091096766e-09,-4.12912310392216e-09,-4.2319610147092e-09,-4.29589273904308e-09,-4.30075672943565e-09,-4.26729933201536e-09,-4.5461349699913e-09,-4.37982432231657e-09,-4.55121259137967e-09,-4.53241270007897e-09,-4.53420621911964e-09,-4.63658380199226e-09,-4.66445962220713e-09,-4.7531280945206e-09,-4.69274194210085e-09,-4.4930661474544e-09,-4.7915467192934e-09,-4.7593107816155e-09,-4.88223863913015e-09,-4.95801121872727e-09,-4.81215791392357e-09,-4.89392778776645e-09,-5.03744713706579e-09,-4.97342883906572e-09,-4.88468415816002e-09,-4.98279127735544e-09,-5.17305651527619e-09,-4.82722809631038e-09,-5.19700681200741e-09,-5.17742885908912e-09,-4.98197179235705e-09,-5.30830482942358e-09,-5.22336665012446e-09,-5.28395981497424e-09,-5.23395756735521e-09,-5.29283991138757e-09,-5.24602459138446e-09,-5.35739980609908e-09,-5.41709360034702e-09,-5.5163872037789e-09,-5.4502160474953e-09,-5.46661979522401e-09,-5.64039775613277e-09,-5.48841610272128e-09,-5.56352207537877e-09,-5.55914401247535e-09,-5.618607607662e-09,-5.72011375150492e-09,-5.56718957288857e-09,-5.78299380180329e-09,-5.84631945976434e-09,-5.81815017232098e-09,-5.85056833045405e-09,-6.14483012747819e-09,-5.91255747700144e-09,-5.96686819162383e-09,-5.81729651795402e-09,-5.90554104375999e-09,-5.98759215044801e-09,-5.95880580241906e-09,-5.9967867193619e-09,-6.03039141812934e-09,-6.16859086050744e-09,-6.11050137857007e-09,-6.12672788976876e-09,-6.07873248147787e-09,-6.22616369519867e-09,-6.35827482650756e-09,-6.18684092750215e-09,-6.28666680297564e-09,-6.27510647571109e-09,-6.1513420950952e-09,-6.41869531300574e-09,-6.28155108021335e-09,-6.50879331459318e-09,-6.33612175213301e-09,-6.44134235515896e-09,-6.41299298365477e-09,-6.47371742689962e-09,-6.45614759273608e-09,-6.46995674358679e-09,-6.55597984500871e-09,-6.32703433512438e-09,-6.54714000159287e-09,-6.4568968311392e-09,-6.62004196896869e-09,-6.37844137099832e-09,-6.57834542721027e-09,-6.59514198019857e-09,-6.32293023424072e-09,-6.75958600540706e-09,-6.52016066299784e-09,-6.56221521558612e-09,-6.52008417708066e-09,-6.62167836847087e-09,-6.54768084505149e-09,-6.39109596044465e-09,-6.47885172951182e-09,-6.47138270984292e-09,-6.51157480581127e-09,-6.34862373028637e-09,-6.33652576463624e-09,-6.19368296827707e-09,-6.18632586840225e-09,-6.13916286328318e-09,-6.06240706420499e-09,-6.37256036439417e-09,-6.27093392162232e-09,-6.04170028766264e-09,-5.83264950725959e-09,-5.94242268812044e-09,-5.80289557852211e-09,-5.83474588573319e-09,-5.55719762737015e-09,-5.73934279602543e-09,-5.58856377947546e-09,-5.31081680128373e-09,-5.2174351952263e-09,-5.02084558339026e-09,-5.13767957095002e-09,-4.80896922761206e-09,-4.71513900898978e-09,-4.57575378777136e-09,-4.35183547589613e-09,-4.29858963162574e-09,-4.03237979257379e-09,-3.75752355431264e-09,-3.69824122756622e-09,-3.55204043686131e-09,-3.28606517287017e-09,-2.90996798912551e-09,-2.86703817926778e-09,-2.51486731131981e-09,-2.088300882886e-09,-1.67157235702679e-09,-1.50316664897173e-09,-8.00055834011713e-10,-5.27160398037798e-10,-6.69758458206034e-11,5.40695522855506e-10,1.07193289583734e-09,1.3796755311648e-09,2.0946973235527e-09,2.96749480477271e-09,3.3434949421383e-09,4.09014522905713e-09,4.9562847845329e-09,5.81122500597117e-09,6.73060855006319e-09,7.5801504461958e-09,8.41526851944759e-09,9.83422604747876e-09,1.08458910761586e-08,1.23199171480215e-08,1.35825726355664e-08,1.51168449609388e-08,1.67666493921837e-08,1.83356825048275e-08,2.04408061306963e-08,2.24076943546906e-08,2.45467087347441e-08,2.70156781827833e-08,2.94858594777618e-08,3.23269464801345e-08,3.53202359109355e-08,3.85972009420726e-08,4.23328867852344e-08,4.60915729450582e-08,5.03684473186804e-08
