v,0.25
Patm,100000
g,9.81
r,500
G,10^10.37
rho,2100
mu,10^4.25
rc,22
 
M,10^5.26
sigma,0.1
 
tilt_erupt,1.8932nrad
 
-1379,-1378,-1377,-1376,-1375,-1374,-1373,-1372,-1371,-1370,-1369,-1368,-1367,-1366,-1365,-1364,-1363,-1362,-1361,-1360,-1359,-1358,-1357,-1356,-1355,-1354,-1353,-1352,-1351,-1350,-1349,-1348,-1347,-1346,-1345,-1344,-1343,-1342,-1341,-1340,-1339,-1338,-1337,-1336,-1335,-1334,-1333,-1332,-1331,-1330,-1329,-1328,-1327,-1326,-1325,-1324,-1323,-1322,-1321,-1320,-1319,-1318,-1317,-1316,-1315,-1314,-1313,-1312,-1311,-1310,-1309,-1308,-1307,-1306,-1305,-1304,-1303,-1302,-1301,-1300,-1299,-1298,-1297,-1296,-1295,-1294,-1293,-1292,-1291,-1290,-1289,-1288,-1287,-1286,-1285,-1284,-1283,-1282,-1281,-1280,-1279,-1278,-1277,-1276,-1275,-1274,-1273,-1272,-1271,-1270,-1269,-1268,-1267,-1266,-1265,-1264,-1263,-1262,-1261,-1260,-1259,-1258,-1257,-1256,-1255,-1254,-1253,-1252,-1251,-1250,-1249,-1248,-1247,-1246,-1245,-1244,-1243,-1242,-1241,-1240,-1239,-1238,-1237,-1236,-1235,-1234,-1233,-1232,-1231,-1230,-1229,-1228,-1227,-1226,-1225,-1224,-1223,-1222,-1221,-1220,-1219,-1218,-1217,-1216,-1215,-1214,-1213,-1212,-1211,-1210,-1209,-1208,-1207,-1206,-1205,-1204,-1203,-1202,-1201,-1200,-1199,-1198,-1197,-1196,-1195,-1194,-1193,-1192,-1191,-1190,-1189,-1188,-1187,-1186,-1185,-1184,-1183,-1182,-1181,-1180,-1179,-1178,-1177,-1176,-1175,-1174,-1173,-1172,-1171,-1170,-1169,-1168,-1167,-1166,-1165,-1164,-1163,-1162,-1161,-1160,-1159,-1158,-1157,-1156,-1155,-1154,-1153,-1152,-1151,-1150,-1149,-1148,-1147,-1146,-1145,-1144,-1143,-1142,-1141,-1140,-1139,-1138,-1137,-1136,-1135,-1134,-1133,-1132,-1131,-1130,-1129,-1128,-1127,-1126,-1125,-1124,-1123,-1122,-1121,-1120,-1119,-1118,-1117,-1116,-1115,-1114,-1113,-1112,-1111,-1110,-1109,-1108,-1107,-1106,-1105,-1104,-1103,-1102,-1101,-1100,-1099,-1098,-1097,-1096,-1095,-1094,-1093,-1092,-1091,-1090,-1089,-1088,-1087,-1086,-1085,-1084,-1083,-1082,-1081,-1080,-1079,-1078,-1077,-1076,-1075,-1074,-1073,-1072,-1071,-1070,-1069,-1068,-1067,-1066,-1065,-1064,-1063,-1062,-1061,-1060,-1059,-1058,-1057,-1056,-1055,-1054,-1053,-1052,-1051,-1050,-1049,-1048,-1047,-1046,-1045,-1044,-1043,-1042,-1041,-1040,-1039,-1038,-1037,-1036,-1035,-1034,-1033,-1032,-1031,-1030,-1029,-1028,-1027,-1026,-1025,-1024,-1023,-1022,-1021,-1020,-1019,-1018,-1017,-1016,-1015,-1014,-1013,-1012,-1011,-1010,-1009,-1008,-1007,-1006,-1005,-1004,-1003,-1002,-1001,-1000,-999,-998,-997,-996,-995,-994,-993,-992,-991,-990,-989,-988,-987,-986,-985,-984,-983,-982,-981,-980,-979,-978,-977,-976,-975,-974,-973,-972,-971,-970,-969,-968,-967,-966,-965,-964,-963,-962,-961,-960,-959,-958,-957,-956,-955,-954,-953,-952,-951,-950,-949,-948,-947,-946,-945,-944,-943,-942,-941,-940,-939,-938,-937,-936,-935,-934,-933,-932,-931,-930,-929,-928,-927,-926,-925,-924,-923,-922,-921,-920,-919,-918,-917,-916,-915,-914,-913,-912,-911,-910,-909,-908,-907,-906,-905,-904,-903,-902,-901,-900,-899,-898,-897,-896,-895,-894,-893,-892,-891,-890,-889,-888,-887,-886,-885,-884,-883,-882,-881,-880,-879,-878,-877,-876,-875,-874,-873,-872,-871,-870,-869,-868,-867,-866,-865,-864,-863,-862,-861,-860,-859,-858,-857,-856,-855,-854,-853,-852,-851,-850,-849,-848,-847,-846,-845,-844,-843,-842,-841,-840,-839,-838,-837,-836,-835,-834,-833,-832,-831,-830,-829,-828,-827,-826,-825,-824,-823,-822,-821,-820,-819,-818,-817,-816,-815,-814,-813,-812,-811,-810,-809,-808,-807,-806,-805,-804,-803,-802,-801,-800,-799,-798,-797,-796,-795,-794,-793,-792,-791,-790,-789,-788,-787,-786,-785,-784,-783,-782,-781,-780,-779,-778,-777,-776,-775,-774,-773,-772,-771,-770,-769,-768,-767,-766,-765,-764,-763,-762,-761,-760,-759,-758,-757,-756,-755,-754,-753,-752,-751,-750,-749,-748,-747,-746,-745,-744,-743,-742,-741,-740,-739,-738,-737,-736,-735,-734,-733,-732,-731,-730,-729,-728,-727,-726,-725,-724,-723,-722,-721,-720,-719,-718,-717,-716,-715,-714,-713,-712,-711,-710,-709,-708,-707,-706,-705,-704,-703,-702,-701,-700,-699,-698,-697,-696,-695,-694,-693,-692,-691,-690,-689,-688,-687,-686,-685,-684,-683,-682,-681,-680,-679,-678,-677,-676,-675,-674,-673,-672,-671,-670,-669,-668,-667,-666,-665,-664,-663,-662,-661,-660,-659,-658,-657,-656,-655,-654,-653,-652,-651,-650,-649,-648,-647,-646,-645,-644,-643,-642,-641,-640,-639,-638,-637,-636,-635,-634,-633,-632,-631,-630,-629,-628,-627,-626,-625,-624,-623,-622,-621,-620,-619,-618,-617,-616,-615,-614,-613,-612,-611,-610,-609,-608,-607,-606,-605,-604,-603,-602,-601,-600,-599,-598,-597,-596,-595,-594,-593,-592,-591,-590,-589,-588,-587,-586,-585,-584,-583,-582,-581,-580,-579,-578,-577,-576,-575,-574,-573,-572,-571,-570,-569,-568,-567,-566,-565,-564,-563,-562,-561,-560,-559,-558,-557,-556,-555,-554,-553,-552,-551,-550,-549,-548,-547,-546,-545,-544,-543,-542,-541,-540,-539,-538,-537,-536,-535,-534,-533,-532,-531,-530,-529,-528,-527,-526,-525,-524,-523,-522,-521,-520,-519,-518,-517,-516,-515,-514,-513,-512,-511,-510,-509,-508,-507,-506,-505,-504,-503,-502,-501,-500,-499,-498,-497,-496,-495,-494,-493,-492,-491,-490,-489,-488,-487,-486,-485,-484,-483,-482,-481,-480,-479,-478,-477,-476,-475,-474,-473,-472,-471,-470,-469,-468,-467,-466,-465,-464,-463,-462,-461,-460,-459,-458,-457,-456,-455,-454,-453,-452,-451,-450,-449,-448,-447,-446,-445,-444,-443,-442,-441,-440,-439,-438,-437,-436,-435,-434,-433,-432,-431,-430,-429,-428,-427,-426,-425,-424,-423,-422,-421,-420,-419,-418,-417,-416,-415,-414,-413,-412,-411,-410,-409,-408,-407,-406,-405,-404,-403,-402,-401,-400,-399,-398,-397,-396,-395,-394,-393,-392,-391,-390,-389,-388,-387,-386,-385,-384,-383,-382,-381,-380,-379,-378,-377,-376,-375,-374,-373,-372,-371,-370,-369,-368,-367,-366,-365,-364,-363,-362,-361,-360,-359,-358,-357,-356,-355,-354,-353,-352,-351,-350,-349,-348,-347,-346,-345,-344,-343,-342,-341,-340,-339,-338,-337,-336,-335,-334,-333,-332,-331,-330,-329,-328,-327,-326,-325,-324,-323,-322,-321,-320,-319,-318,-317,-316,-315,-314,-313,-312,-311,-310,-309,-308,-307,-306,-305,-304,-303,-302,-301,-300,-299,-298,-297,-296,-295,-294,-293,-292,-291,-290,-289,-288,-287,-286,-285,-284,-283,-282,-281,-280,-279,-278,-277,-276,-275,-274,-273,-272,-271,-270,-269,-268,-267,-266,-265,-264,-263,-262,-261,-260,-259,-258,-257,-256,-255,-254,-253,-252,-251,-250,-249,-248,-247,-246,-245,-244,-243,-242,-241,-240,-239,-238,-237,-236,-235,-234,-233,-232,-231,-230,-229,-228,-227,-226,-225,-224,-223,-222,-221,-220,-219,-218,-217,-216,-215,-214,-213,-212,-211,-210,-209,-208,-207,-206,-205,-204,-203,-202,-201,-200,-199,-198,-197,-196,-195,-194,-193,-192,-191,-190,-189,-188,-187,-186,-185,-184,-183,-182,-181,-180,-179,-178,-177,-176,-175,-174,-173,-172,-171,-170,-169,-168,-167,-166,-165,-164,-163,-162,-161,-160,-159,-158,-157,-156,-155,-154,-153,-152,-151,-150,-149,-148,-147,-146,-145,-144,-143,-142,-141,-140,-139,-138,-137,-136,-135,-134,-133,-132,-131,-130,-129,-128,-127,-126,-125,-124,-123,-122,-121,-120,-119,-118,-117,-116,-115,-114,-113,-112,-111,-110,-109,-108,-107,-106,-105,-104,-103,-102,-101,-100,-99,-98,-97,-96,-95,-94,-93,-92,-91,-90,-89,-88,-87,-86,-85,-84,-83,-82,-81,-80,-79,-78,-77,-76,-75,-74,-73,-72,-71,-70,-69,-68,-67,-66,-65,-64,-63,-62,-61,-60,-59,-58,-57,-56,-55,-54,-53,-52,-51,-50,-49,-48,-47,-46,-45,-44,-43,-42,-41,-40,-39,-38,-37,-36,-35,-34,-33,-32,-31,-30,-29,-28,-27,-26,-25,-24,-23,-22,-21,-20,-19,-18,-17,-16,-15,-14,-14,-13,-12,-11,-10,-9,-8,-7,-6,-5,-4,-3,-2,-1,0
1.18240808031413e-10,-5.52463529655079e-11,-6.54031823335349e-11,6.08830909066621e-11,5.50071215814767e-11,-3.72894645990386e-11,1.18312730816502e-11,3.2467381985216e-11,4.30637560748441e-11,-6.54253822656399e-11,-9.93977706429143e-11,1.41082677037396e-11,6.78113850809521e-11,2.32313213949826e-10,1.01244898003271e-10,-1.00001203241348e-10,5.41665964469396e-11,-1.51815476092664e-11,2.63070518486176e-11,1.28034118602044e-10,6.72983074756163e-11,8.29164941921779e-11,-1.74265252362426e-10,-7.36836953836153e-11,1.00778938691591e-10,-6.8086790909781e-11,-6.83295452848364e-11,-4.2345653057342e-11,1.02164559020984e-10,7.424591333709e-11,-4.68438469099797e-11,1.41850520674436e-10,-2.2774311916744e-11,1.23471700840569e-10,-1.18225529826496e-10,-9.53777250280693e-11,9.14247155204977e-11,-5.11087874182245e-11,-4.38840531392852e-11,6.74870477438438e-11,-2.28130463203624e-11,-3.44141301105977e-11,9.48026591108003e-11,-1.51611654172965e-11,-5.78906700540551e-11,3.29665835704494e-11,1.13445529544119e-10,1.4149014493545e-10,4.38602933950841e-12,-2.38084452667772e-10,-7.77873005973945e-11,6.0862745931369e-11,9.2468018107383e-11,-9.65045978510085e-11,8.52826408508186e-11,4.56525503600111e-11,-9.55819883251506e-12,7.69817393310289e-11,-6.13933030050254e-12,-1.61190135503486e-10,7.80584199602334e-11,-1.50224750804918e-10,-2.02575290590828e-12,-1.96046744773509e-10,-9.04631928242901e-11,2.12701985767386e-10,-6.49105069667619e-11,-1.93864360754176e-11,-1.29835445633538e-10,1.47779283299697e-11,1.14938039314529e-10,2.26894811556086e-10,1.31595001988654e-10,1.76520541468286e-11,4.49868217194633e-11,-7.91048656109956e-11,-1.38018795429533e-10,1.47067115028564e-10,9.36066617248028e-11,-7.62799623101343e-11,-4.73615048129705e-11,-8.23197703551065e-11,3.93476489814761e-11,-9.90488341778089e-11,1.90101150406279e-11,-2.94216363417818e-11,-3.33508593265607e-11,5.51757525956703e-11,-1.58522318628316e-10,9.68006441023947e-12,6.74890575781111e-12,5.21769497394676e-12,1.92604110203283e-10,-9.97834380966843e-11,2.29408008181737e-10,1.10027464605389e-11,1.47476036745873e-10,3.15232351314656e-11,-1.47260104066792e-10,-9.8618989323461e-11,-2.17318758231825e-11,-1.56948027256777e-12,-2.58939339967715e-11,1.2014917541226e-11,6.32300380450902e-11,-6.40988923074913e-11,-6.41031537908607e-11,2.26920040290113e-10,-5.3280905921249e-11,-1.17650439032261e-10,9.56021851142432e-11,-7.18913410296353e-11,-2.75001529410119e-12,2.58430264674571e-11,-1.64865808478085e-11,1.22578953412796e-10,-3.3591677056053e-10,-6.89772127871185e-11,-1.62709819436875e-10,2.91743951719271e-11,-6.47099287587295e-11,8.31099113551872e-12,-1.70735705324881e-10,2.96635598452364e-10,4.74367792089268e-11,-1.0080571737372e-10,9.92929884222129e-11,-2.37090404535423e-11,-1.40595207138309e-11,-2.05010328859402e-11,1.4538805754507e-10,-8.2307514103489e-11,7.14968696400564e-11,-5.64212795323926e-11,2.16933863526262e-11,-8.18831241686403e-11,-5.4670121179899e-11,1.21510456558786e-10,6.14357366232123e-11,-5.69458454858432e-11,-2.56862365666714e-11,-1.49910895915675e-10,8.78404982325043e-11,-9.78859211486309e-11,-2.39029939434837e-11,-7.56039163541977e-11,1.14169998888862e-11,7.02089876890154e-11,-2.96603445690206e-11,-8.12706006890344e-11,-2.25226129481635e-10,7.17468603511865e-11,9.41977779896823e-11,1.87320210042756e-10,-2.53891017843916e-11,1.13829085628301e-10,-1.84148134009891e-10,-5.30925025040921e-12,-5.94270916511638e-11,1.99973272781167e-10,-1.12549162001539e-10,-2.8543731364413e-11,8.66340044079405e-11,-1.0882268029206e-10,5.5468067953483e-11,1.49381765970896e-11,-2.24825252698301e-10,1.11365673511644e-10,5.04069120932311e-11,-2.14353123241398e-11,-1.07416476667836e-10,2.35407638015221e-12,-5.37806961595919e-11,-8.12405556224127e-11,1.06579878156166e-10,-2.14458527796192e-10,-7.77105066714644e-12,1.57151038932293e-10,1.13072815456389e-10,-1.91886767237071e-10,8.84475327681466e-11,9.73261368014839e-11,1.04795252089466e-10,8.42926248858326e-11,-8.52937108019574e-11,-6.17080100438283e-11,6.09148916541903e-11,9.71691041528689e-12,1.29384919154415e-11,-2.85691648498386e-11,3.82637477742977e-11,1.40608745879246e-10,-2.80397223416296e-12,-3.00292058207877e-11,1.28418022512618e-10,-5.67033115026789e-11,-9.08936223735763e-11,7.08108229773793e-11,2.28766990164332e-10,-9.01158060666985e-11,-3.27753721987383e-11,-8.53633510241701e-11,2.43043782013208e-11,1.36444077681243e-10,9.90861985237156e-11,3.078578484633e-11,-6.15051124537514e-11,-2.49535325389589e-12,-1.22159912896045e-10,-4.2696213955479e-11,-1.27550934483906e-10,-1.15084619731638e-10,2.42938712071221e-10,7.54800041008794e-11,1.09850950909618e-10,7.69277820615937e-12,6.93407098635007e-11,-5.47066326881185e-11,-8.12833159076559e-11,-7.73197254404771e-11,2.50150359698156e-11,3.20250705200664e-11,-1.78013399935034e-10,7.181277002274e-12,9.27676028106431e-11,2.68430823279975e-11,-3.38373627141534e-13,-3.49054381234493e-12,-1.32609321243607e-10,4.45814278995244e-12,1.61068987140091e-10,4.18422633783825e-11,-9.95462541551514e-11,1.32407915830948e-10,-4.23922257801787e-11,1.15880486716176e-10,-4.35585492072715e-11,-8.25110402299122e-11,-1.37103398441924e-11,1.06454006925737e-10,7.49401029400853e-11,-4.64400536248746e-11,-9.31881898284131e-11,-8.17756539114082e-11,-1.02954759754009e-10,-8.04966145163569e-12,1.658537251112e-10,-2.97473180378997e-11,6.2650249248008e-11,-5.91748241329942e-12,1.1141286130053e-10,-1.22410368220545e-10,-1.32475217043658e-10,-4.68099336964911e-12,-1.41659301394698e-11,-1.08658700419138e-11,7.38320453043105e-11,3.67371661547672e-11,-2.02627210078745e-12,1.63408908419876e-10,-4.0764879298622e-11,3.3560662767178e-11,2.14015107207335e-10,-1.02754750843756e-10,-1.0309589412358e-10,9.5610238935295e-12,9.47963256894358e-11,-7.96313945272769e-11,-1.57207232700034e-10,1.38354604304274e-11,9.66108418795883e-11,-8.20103797992628e-11,2.78522655466731e-11,8.30262312215111e-11,1.8489618155195e-11,1.16958006920677e-10,1.85761574209172e-11,-1.17145653552713e-10,-1.04155127613144e-11,-3.74730896971342e-11,-6.68734814027897e-11,2.52698531129065e-11,-1.45624304680722e-10,-1.37974024042337e-10,-1.11463898583787e-10,-1.08790838180978e-10,6.1747420759375e-11,-1.65611423257187e-10,-5.68173221039407e-11,-3.3125042464425e-10,3.25124127003623e-11,1.31971062400403e-10,-7.5073171865386e-11,-1.32126800859264e-10,-2.15790068563839e-10,4.84799774946167e-12,5.46484344368548e-11,-2.83266583473867e-12,6.53496401130582e-11,2.95740564545303e-11,3.37855778241073e-11,-1.23852953581834e-10,3.6787469704644e-14,-1.33314589783524e-10,-8.78114346869578e-11,2.54632145231498e-11,-6.28564357166426e-12,7.72401921622371e-11,-1.58796294616749e-11,2.12767237134497e-10,-4.42234650344706e-11,-8.38968639009104e-11,1.61853069963787e-10,5.65053492188019e-11,-5.03312159227922e-11,1.88175178138634e-10,2.65951091069954e-11,-2.81074621568308e-11,2.11313981423167e-10,-4.208711543244e-11,7.40744278955958e-11,-6.27661833881736e-11,2.05873912723395e-10,5.19529066910694e-11,-1.70987515929143e-10,-1.65772627988995e-10,1.7190575578176e-10,-1.17121336501386e-10,1.60968884391769e-12,3.71670247608045e-11,-7.74326832553228e-11,-1.91624352484549e-10,1.66056904277052e-10,-4.60348693177479e-11,-1.2489252837673e-11,-1.25706589532654e-10,-7.01931116998587e-11,9.59893083625697e-11,1.70433338182602e-10,-1.32645661074426e-11,-4.08638231733717e-11,-1.92312898644572e-10,3.11837663680605e-12,-3.37948177337734e-11,9.42054034894019e-11,1.43743813602584e-11,2.76942978838254e-10,3.56834237168695e-11,-5.56786592882157e-11,6.24079760324301e-11,-3.44191169224458e-13,-2.60804059454157e-10,-7.4996758027857e-11,-1.13587791559038e-10,-1.5887917279256e-10,3.76205374679624e-11,1.28068975898055e-10,2.65417573552843e-11,-2.42349318389366e-11,-1.65582367553144e-10,-1.18279776051139e-10,-8.16035925677843e-11,1.52994070391284e-11,5.64668038305252e-11,-2.19947660535043e-11,-1.102245439344e-10,1.67417502407666e-12,-4.58594702863766e-11,-5.45334641137341e-11,1.10734817879111e-11,-1.10274392969191e-10,1.01856663312998e-10,1.67091800071719e-10,7.14313596274133e-11,-7.30716095151536e-11,7.64149937050126e-11,2.75455945858519e-10,5.63302573937897e-11,-1.52008730427912e-11,3.54986252676678e-11,-7.26605138467651e-11,2.71978285392417e-11,-9.32730773996898e-11,-9.35282815950238e-11,1.06368553590982e-11,2.84960736817372e-11,-6.00054305397702e-11,4.44372684250383e-11,-1.68135101318191e-10,9.06007899383959e-11,-7.45546929149454e-12,1.11963856981457e-10,8.08252011422109e-11,1.36707570510281e-11,-1.6146604348082e-10,-1.77835386035405e-10,-1.43266497072001e-12,-5.94663553559218e-11,-3.88783038070091e-11,5.86874676336254e-11,-4.21478010723716e-11,1.82336862447567e-10,1.87366874469295e-10,2.3318276093484e-10,8.1412314882718e-11,-1.10691170767086e-10,-2.97753516590975e-11,-8.70968573091515e-11,-2.67313344611687e-11,-3.97163181925786e-12,-3.98749740384357e-12,7.23524378608274e-11,1.25368169682391e-10,4.64807083865338e-11,-8.09718314367199e-11,-1.41064747267569e-10,1.32113528486858e-10,8.40559796611863e-11,4.23045266287771e-11,5.84395842990926e-11,1.05261699080091e-10,-4.01007637688237e-11,-1.80519579818392e-10,-1.60004788522332e-10,1.83506059178728e-11,9.48482150821357e-11,-4.74656546326158e-11,-1.22541932087568e-10,7.25945211060144e-13,-4.97732669568739e-11,7.57002992184503e-12,1.03770545649425e-10,-3.15654138863719e-11,-2.5508245805751e-11,-1.99232331090343e-10,9.69040406365409e-11,-1.02394298616826e-10,1.13005213606381e-10,1.1327063144106e-10,-8.7186627088729e-11,1.57033912318876e-10,-1.58306113616742e-10,-2.18470002083284e-11,1.18369228607061e-10,6.60709820097932e-11,-9.00512998172089e-11,1.00273174326503e-10,-3.02724284138285e-10,7.67697919461852e-11,1.33400126707838e-10,-1.55202801657732e-10,-3.82202237542268e-11,-6.39141169273317e-11,-3.63238409164607e-11,-2.73480686953122e-11,-1.37697968412178e-10,4.27802832547378e-11,-2.19043895785666e-10,-1.09642208237551e-10,8.6726831655819e-11,2.63546277763167e-11,5.24270794801323e-11,2.5564131658242e-10,1.10128465867835e-10,3.62798981073962e-11,4.23487742117139e-11,4.63200034099756e-11,-3.29454893359678e-11,7.15451144781015e-11,-7.02988409955488e-12,7.06879962893035e-11,-1.70835522233195e-10,2.87749492640873e-11,-9.94795088811572e-11,3.82759506950753e-11,-1.40715654837344e-10,-1.25762380180797e-10,-1.51554711390421e-10,-4.20580282637378e-11,-6.4690556435041e-11,2.724939521661e-10,9.01846487012805e-11,7.033401664965e-11,-1.37790950590844e-10,-1.1276810449999e-10,2.20042743105851e-10,-4.07590106154766e-11,-9.88170604500303e-11,-2.37472904694243e-10,-1.96610183870723e-11,-1.63091650041914e-10,4.8138487001282e-11,-6.80532502430487e-11,-1.05031340031179e-10,7.37099919982505e-11,-1.94711980468244e-11,-3.78203857005516e-11,-3.57315731263038e-11,-3.85043070240212e-11,9.80975850598735e-11,-1.03539705867556e-12,-1.94691087421461e-10,-1.36591396077973e-10,2.89753439823568e-11,-1.61827762944663e-11,1.05495321409352e-11,1.39746436470036e-11,8.10670607716554e-11,6.04616572749551e-11,4.66914802686446e-11,-4.40083105012875e-11,-4.24460978904134e-11,-1.55085046715172e-10,-3.88420904657293e-11,4.81671845688524e-11,2.13910222058087e-10,-1.02527528083525e-11,-1.11367754759839e-11,-7.58380042058497e-11,-1.70823897388571e-10,9.37040414498988e-11,1.66094427671029e-11,8.02397438371099e-11,7.51854723857199e-11,6.07399479885943e-12,8.61609109524724e-11,5.79653572541821e-11,-1.28673429090765e-10,-6.50681064985716e-11,-1.42676912941243e-10,-7.82279643049524e-11,7.75371295223338e-11,6.10419625053238e-11,1.55867324768053e-10,-2.14550319145484e-10,4.90935089841211e-11,1.77979181211217e-10,-8.12655432415714e-11,2.47404649934079e-11,-1.40590730126657e-10,1.88614755126067e-10,-1.17348503568249e-10,8.22892298136991e-11,2.12168136911165e-12,9.29665275309781e-11,5.23062071294802e-11,9.23597803527257e-12,1.13264600199666e-10,1.72474072339408e-10,1.37142945615407e-10,1.20022962967391e-10,1.56815452982185e-10,-1.46787394258176e-10,-2.03760627997494e-11,1.51520401418821e-10,-1.70483032855003e-10,8.26030676948534e-12,-6.05766682815657e-11,-1.9049151078428e-10,8.44519775728097e-11,-5.38119012003404e-11,-4.51881173436267e-11,5.84656401782579e-12,-1.30715754291915e-11,-2.99673871585137e-11,1.23487858199247e-11,9.69601263234462e-11,-3.87113069880978e-11,1.05974172938003e-10,2.31693329658821e-11,7.79443233355798e-11,-6.306455508486e-11,9.95984056435628e-11,4.14328570018456e-11,-2.28768345507816e-11,2.58606216881335e-11,2.44866886834633e-10,5.74703992809433e-11,-7.42480155826773e-11,1.65957071553915e-10,5.01219551435371e-11,7.70302483828904e-12,4.49113355881185e-12,4.11763222163709e-11,1.55040568333204e-12,2.17392125855244e-10,-2.15935499592624e-10,2.19692537330979e-11,1.5911337741843e-11,-1.36602684284111e-11,-4.8660254448629e-11,-1.0879407600152e-10,6.67894248337006e-11,-8.57498170712458e-11,1.73468064623571e-10,-1.59096754621384e-10,-2.42517132316541e-11,7.42663003955946e-11,2.51859753916588e-11,-9.74571773396937e-11,-6.38771068244939e-11,-6.38716069577264e-12,-1.26868488908136e-10,-2.29185826234606e-10,1.3523543863849e-10,-3.03474821755234e-10,1.49574288502283e-10,-1.26412772807625e-10,-1.54119786168706e-10,3.56627905581136e-10,-1.64005850283451e-10,1.45116758528647e-11,-1.21763250569101e-11,-1.17089830465563e-10,-1.14733483198772e-10,-5.67243541152453e-11,4.6194731814556e-11,1.00952813295651e-11,-3.32528032943063e-11,1.56447194792103e-10,-3.73614305872075e-11,-8.31634764389182e-11,-2.15777170797694e-11,-1.31296633898486e-10,-1.08282171199501e-10,-4.50413240506676e-11,-1.26560845360903e-10,1.24228773125861e-10,-6.35328999504416e-11,7.19583558319447e-11,-8.70134316506198e-11,1.00186290985837e-10,1.63363122776986e-10,4.33489031237986e-11,-1.0923514666269e-10,1.024103041929e-10,-1.02556253227522e-11,3.16839663593645e-11,8.39683268509741e-11,1.36859886863687e-10,-5.15009829559994e-11,-7.16079324963321e-11,1.26461377280779e-10,-1.19663054439357e-10,-1.79458214250385e-10,-3.55625100294187e-11,-1.34752641057809e-10,-1.12258819445956e-10,5.72472726740306e-11,-1.33436561451775e-10,-1.06383759880688e-10,4.12111075852286e-11,3.07890567081351e-11,1.37492395784942e-10,-6.81640526422795e-11,-2.17926390508603e-10,-5.95894477092087e-11,-8.99386321034044e-11,-3.66858275383214e-11,3.28426748431242e-11,1.49837349521884e-10,-9.50225901946332e-11,-1.6261646984504e-11,6.40171497825679e-11,1.04975775749671e-11,6.6007829360062e-11,7.34943877713496e-11,-1.04353016276014e-10,1.98544436363866e-11,-3.77446297866032e-11,8.38777089545235e-12,9.50345121972439e-11,1.15040399442022e-10,8.09016830274844e-11,-1.05010527052605e-10,-1.94736170551969e-11,-1.12377616781101e-10,-8.24159568742634e-11,-8.04100748634183e-11,-8.90384474932697e-11,-1.38417362023529e-10,-4.36889039829183e-11,-1.17745203287627e-10,1.61696981751487e-10,-9.56446661608202e-12,1.27287488528912e-10,1.41130641532306e-10,-7.27575265439901e-11,8.3655175034966e-11,2.01152482462071e-10,9.12021835548248e-11,-1.25252810911712e-10,-1.94420215774542e-11,-3.59130845926259e-11,1.43635545716088e-10,2.779467070376e-11,6.96285277202716e-11,4.05647875949474e-11,1.93800935282968e-10,1.59548099064832e-11,-9.08448732117374e-11,2.18997317952856e-11,4.91605386246507e-11,-2.30200070229647e-11,1.0209260826232e-10,-1.12938999098377e-10,-1.11555367860151e-10,5.12354289133723e-11,7.60912537282821e-11,6.81575009250834e-12,-1.01698149542942e-10,2.20963471968775e-10,-6.35979511088043e-11,-6.27342744649068e-11,1.13503697631823e-11,-1.8362634812446e-10,-1.0500029908304e-11,-6.60916300946185e-11,6.77657321119786e-11,9.01169937671119e-11,-1.67264500851407e-10,-2.66523588718819e-11,8.26611149854762e-11,-6.39193377625237e-12,2.04690579478923e-10,-7.10799669026269e-11,-1.16423729511876e-10,5.37550658159764e-11,9.92476990181771e-11,-1.13722074853621e-10,-5.53612829851034e-11,-3.29154213624275e-11,6.25338693462514e-11,-7.28775284376094e-11,8.46742382961669e-11,3.57222730081367e-12,5.79961764574337e-11,-5.55654965409086e-11,2.40332066500207e-10,7.52628797497417e-11,1.6587335993879e-11,-5.85280656924945e-11,-2.72953928831925e-11,-1.68994634234337e-10,-6.6762861671884e-11,-1.66440232730845e-10,-2.92897222036893e-10,1.24546275633379e-10,-4.8208035003669e-11,-1.59055697391126e-12,5.38948131521541e-11,1.75398421412448e-10,-6.60899061551297e-11,-3.80508586742196e-12,1.10297191720505e-10,3.41188391610453e-11,1.53398018334819e-10,1.72392193889184e-10,1.19037662385268e-10,1.64169471123072e-10,-1.34108514970579e-10,2.05447876453606e-10,-1.84698312493639e-11,-5.77894607869674e-11,2.6760668858048e-11,-2.60148051690399e-11,-1.56970685855717e-10,9.63286918105335e-11,-6.67194000015175e-11,-3.42512148290203e-11,-1.09060163354827e-11,3.43848607062292e-11,-1.91220505343555e-11,1.05399440835799e-10,1.4686657977721e-10,-7.30915309773429e-11,7.17107728472266e-11,-6.03373844262039e-12,1.12990530661123e-10,9.25866289075375e-11,-9.30714307364326e-11,-5.51769975106254e-11,-6.97288207001133e-11,-7.51536533380476e-11,1.45144411056998e-10,-7.49182943049008e-11,-8.81411831658425e-11,-2.3494130470954e-11,7.7812044477008e-13,8.98254227886317e-12,5.74898084866527e-11,3.64062101241203e-11,8.18516956890862e-11,-1.58682245755291e-11,2.05476338861091e-10,-8.71594308947414e-11,1.23513195867328e-10,1.43414976726196e-10,3.28353645758157e-11,-2.64823504931951e-11,-4.52315314977458e-11,7.09619004435236e-11,-7.96064819281918e-11,1.94898405407401e-11,3.7707620716903e-11,5.85823915281123e-11,1.59143343078385e-10,1.12472754175068e-11,3.28474411649773e-11,5.59202142385821e-11,1.76312938731572e-10,-1.24722161193574e-10,3.88947612332285e-12,1.44807759787917e-10,8.15586730962555e-11,1.62210503162935e-11,-1.74607398759875e-11,-1.07019549311716e-10,2.04304063461399e-12,-2.53655069603571e-11,-5.56694930745059e-11,-6.07026557960702e-11,-5.72890922889339e-11,1.12414872868192e-10,5.19516211134268e-11,-6.04836506846014e-12,-4.51478160016111e-11,5.48463943084727e-11,-9.65074168129078e-11,-3.42850681042613e-11,-2.81393630062669e-10,-1.70548764387642e-10,-1.56777075015762e-10,-1.3855781308908e-10,-7.43146130475613e-11,-2.90271220132206e-11,1.56898474995316e-10,1.0543904470328e-10,1.46857495819292e-10,1.0448335197373e-10,-3.3267294785501e-11,-1.22033337982192e-11,3.42614080450379e-11,-1.15361108682294e-10,-9.0945979499267e-11,-4.23429254020617e-11,-1.65419499271105e-10,4.02245930499021e-11,2.63417908765409e-10,-5.84025854980682e-11,1.21204742656525e-10,-3.97636135358556e-11,-3.15995658799472e-11,1.33601915577985e-10,-3.48415977734991e-11,8.42248027976783e-11,8.62876406764173e-12,1.63128702301515e-10,3.36338252720735e-11,2.28169998588384e-11,3.73691730376896e-11,1.05848248748779e-10,-8.02981567451487e-11,-9.76409587003376e-12,6.91870576408045e-12,1.32795847585796e-10,1.12211783510055e-10,-9.1480288402945e-11,4.89037982450019e-12,-5.96749819115739e-11,-8.40769772460243e-11,-2.69993227898993e-11,-1.69594333649524e-10,1.9747811681215e-12,9.35239892330967e-11,-5.36314428270101e-11,-1.32416315740162e-10,2.71217279538713e-11,6.54121843861698e-11,5.3049661704395e-11,5.55034279184042e-11,1.70745811774216e-11,2.36239275761473e-11,-5.29096224939787e-11,-1.5274634356489e-10,8.27962060745239e-11,3.47198838468999e-11,-7.1788540821067e-11,5.09316085645915e-11,-2.72884135800391e-11,2.07193837179423e-10,2.21110248556679e-10,-1.98819288052158e-10,1.00596089046444e-10,5.67925601151539e-11,3.69819288563977e-11,4.91492929705142e-11,8.54640526397669e-11,-5.06597227012466e-11,3.1630528574772e-11,-1.77659338730505e-10,-5.3567788482656e-11,-4.90866338550762e-11,-8.77088552951402e-11,-7.39968176232749e-11,6.15624748769299e-11,-1.66700353355453e-10,-1.10275294113741e-10,2.30256852662926e-10,5.90011714493258e-11,-1.51233717832377e-10,1.31024795906197e-10,-7.51283019920887e-11,1.83812732514252e-10,-3.91075564120838e-11,-1.05637932793008e-10,2.29970093125916e-10,-3.03059491694832e-11,-1.50251786814564e-11,-4.96680696120053e-11,5.88115704722268e-11,1.38365443620826e-10,1.25036783054429e-10,4.37003587022382e-11,-1.50879763731137e-10,9.12253967700144e-11,-1.87804311641236e-11,8.3196610275665e-11,-4.47253857220332e-11,-1.03067128277189e-10,3.43593813183751e-11,-9.13460844685117e-12,-5.64492338212145e-11,-5.46822484193385e-11,1.58514298834222e-10,-3.46909878010339e-11,8.56111308753926e-11,4.78019715549619e-11,-8.175903494395e-11,-8.06559464515521e-11,-9.43133944168808e-11,-8.13911012223666e-11,-5.78136036642008e-11,-4.531389789138e-11,-2.57051785604239e-10,6.22303368566043e-11,2.06519240110536e-10,-2.36815354348672e-12,-6.11476579170523e-11,5.89996942682044e-11,1.47050779542242e-10,1.43014338435823e-10,8.94925773336187e-11,-2.23324113044501e-11,2.21446184481073e-11,5.77665266956152e-11,7.86559007738519e-11,-5.17099521652957e-11,-1.95718648987463e-11,-1.24593910583454e-10,-7.0477100936997e-11,2.01696491700311e-10,2.86212823885896e-11,-3.88239857676358e-11,-5.24526507537242e-11,-2.07574247884908e-10,1.04784062539283e-10,-2.02026549059155e-11,-8.33709349204824e-11,-3.48947536417139e-12,1.36902691909528e-11,3.61916221144889e-11,-4.79196661038548e-11,7.35359140534511e-11,9.35313821536009e-11,8.80135400443582e-11,-1.55994371009291e-10,1.63666682441209e-10,1.52269931883643e-10,-5.65778227393726e-11,2.8882583315356e-11,-4.11312248620925e-11,1.11157297998954e-10,-2.19638506629183e-11,7.90451630942398e-11,1.28020179346566e-10,-4.40471308361736e-12,8.38234729631405e-11,1.47733321893256e-10,-3.89182758048216e-11,9.11058333125259e-11,-1.35402135169212e-10,-9.14657344059705e-11,-1.05345391144834e-10,-4.86769964490132e-11,1.60487433890584e-10,4.28112505660208e-11,-3.05601383879617e-10,1.7339948762985e-10,-3.07977846849668e-11,3.85703144159254e-11,9.50488495579695e-12,-2.03236839293017e-10,3.02984839992223e-12,3.34868577107631e-12,7.50559016036186e-11,-1.80564407556762e-11,-6.15341700154538e-11,-4.5320349446447e-11,5.94299270580574e-12,2.12203128310935e-10,1.36527590590754e-10,2.78274616173007e-11,8.92675954840001e-11,-1.48745958743763e-11,3.66343365465763e-11,-7.76184711176901e-11,1.53388990075959e-10,1.01010131968667e-11,-2.97116106064092e-11,1.0580262211061e-10,1.6604468152123e-10,-2.41294123063664e-11,1.05966832663856e-10,-9.20147162492912e-11,-7.50888559641118e-11,-6.52978103097734e-11,-7.94523870458329e-11,5.80938785166593e-11,9.35877331252376e-11,-4.88239116260812e-12,-1.03701451868134e-11,-1.34154902986543e-11,9.99030877158472e-11,1.48302651756369e-10,-2.4689619183714e-11,1.01154603655853e-10,-5.21605591089324e-11,1.80779918171051e-10,4.3957951673561e-11,-1.27005906145831e-10,-6.66414761959551e-11,3.39504622572012e-11,1.96014533045576e-12,8.54942767357194e-11,-9.23677687262592e-12,-4.89738962877453e-11,1.44940292946386e-10,9.73662080417316e-13,9.63041107057263e-11,2.0537322591137e-10,1.40312225686352e-10,-1.43390552686406e-10,-1.05482076109988e-10,-2.72762285318106e-13,1.1934855434156e-10,-2.79715914643625e-11,-2.25082344123539e-10,-3.40809839926913e-11,1.14706484200662e-10,-1.5355803000904e-10,-1.58487812037057e-10,-1.36865041892073e-10,2.56243723924683e-11,1.35244394829842e-11,2.14316870060805e-10,9.06746756098294e-11,2.6558443310531e-11,-8.57113197245654e-12,2.62122390946029e-11,-4.88400979788786e-12,-8.29354613909321e-11,-1.9148476395178e-11,-9.12762949676365e-11,-2.60792105996691e-11,-1.28115245737566e-10,5.40927693066151e-11,9.32974706498711e-12,-2.60030466308683e-12,4.78562402309242e-11,1.14092973136706e-10,-3.85199063893516e-11,1.06667372566621e-10,-1.17550432333347e-10,-1.69361596210624e-10,-4.99546089633991e-11,-1.87001652621749e-10,-4.87603317261158e-11,1.72468279084239e-10,3.24741237390284e-11,3.44554783654428e-11,-8.06602739239591e-11,-1.63066670132675e-10,-4.52330458564728e-11,-2.30016290584409e-10,-1.31579801444284e-10,3.79394918332013e-12,-1.41886148136251e-10,-2.3714033955268e-10,-1.0592752170586e-10,1.62243769688575e-10,1.07170429005614e-10,4.62860970287869e-11,1.42395641151287e-10,6.62507789388433e-11,-8.04060858008813e-11,-8.17613129864639e-11,-8.18009205641958e-11,-1.81947647505167e-10,8.30922601554477e-11,-2.76188653933333e-12,3.20465677571993e-11,-1.66716396699082e-11,-2.42045985045822e-11,1.26991841419407e-10,8.76246615904783e-11,8.8495696080104e-11,-1.02475465226763e-10,6.35688633624096e-11,8.3716681220053e-11,6.5667389851871e-11,-7.16276018306578e-11,2.43842153142586e-11,-1.1147508255006e-10,-2.66305087026156e-11,8.96963557836589e-11,-4.2289133366459e-11,2.20403571146149e-11,1.17216062813056e-10,3.37433617037239e-11,-5.72307645895623e-12,1.36442251597571e-10,-5.84662771088848e-12,-1.10623478205069e-10,-2.20320963738818e-11,-3.8171667825032e-11,-4.30053653415315e-11,-5.61742078841511e-11,-8.31223111355226e-11,6.51637361244468e-11,3.32863484230401e-11,1.35845251845623e-11,9.46325508461059e-12,-7.93598843205575e-11,-8.65870231043182e-11,7.46660086904273e-11,-1.42527381434009e-10,-6.02993936212602e-11,-7.98486746033544e-11,1.13405119210762e-10,-1.32066185684609e-10,8.60773931012827e-11,-5.84834850006068e-11,-4.58202145112316e-11,8.75681649989546e-12,-6.84627969847006e-11,-1.26490367830891e-10,-2.57942317329527e-11,-7.59956825710233e-11,-5.40185792376017e-11,-1.2328508878562e-11,3.26043178132071e-11,-8.0579858271701e-11,-1.88038026249926e-10,-8.57258483805748e-11,-7.07360295987894e-11,-1.36825497908516e-10,2.97738918735239e-11,3.7282402727529e-11,-2.92400006733291e-11,1.76757242410836e-10,5.85037938224689e-11,-9.84603448178145e-11,-1.79907576942426e-10,5.52656657288185e-11,-7.26984351768716e-12,-5.5971376033826e-11,-9.07014666991949e-11,2.31970847597273e-11,3.01881683064424e-11,6.41486666962414e-11,1.6591625990622e-10,8.81059705052267e-11,-1.77446759749673e-11,1.81819251899359e-10,-1.14396400451192e-10,-1.14562751877905e-10,-1.62294490228694e-10,1.50898691899496e-10,-1.04359525671936e-10,-5.45102641056272e-12,6.68732599785516e-12,2.14035269448432e-10,6.18486652701706e-11,9.97413359131773e-11,2.15624036029283e-11,9.13339394042839e-11,1.48041224697754e-10,-2.22779997620925e-11,1.40239069467809e-10,6.50166352464261e-11,1.06156356421037e-11,-1.40607587960106e-11,-2.27263253607726e-11,-1.14768303705793e-10,9.80201218062889e-12,-5.98680267350552e-11,3.70073172840364e-11,5.92827612870916e-11,1.02612894486253e-11,6.50613273740917e-11,-1.05088329159315e-10,-1.28775377722356e-10,3.48686549221206e-11,3.8765332370082e-11,1.41076781923945e-10,-5.41340494125949e-11,1.70470027842132e-10,-3.8241306591362e-11,5.46961014988425e-11,-8.20548046900085e-11,1.13256442132765e-10,-1.10714991250542e-10,-6.17320131198531e-11,8.84467130511866e-11,-5.67859009505929e-11,7.11078501968125e-11,2.26460787966468e-10,8.0243358028895e-11,3.41227546597425e-11,1.51790405697731e-10,7.55026374724346e-11,1.08244820040154e-10,5.00944078957735e-11,-1.39443707778769e-10,1.73792474108269e-10,-1.38718784412348e-10,7.68484429304062e-12,1.08430146674053e-10,-1.14173909337034e-10,7.11799583676708e-11,-4.32269679326491e-12,-1.04550337076321e-10,2.5280969344851e-11,1.59465961050012e-11,1.01327652525516e-10,-1.16355485359658e-10,1.2501604919766e-10,5.02797382094732e-11,-6.55207007358974e-11,-8.08266337977384e-11,-1.81970957243439e-10,-9.07684183159582e-11,-7.28581113517199e-11,1.42256280484545e-10,1.25448819160773e-10,6.6053340861611e-11,1.53501248155492e-10,1.64342171873379e-12,-2.57196633349239e-10,6.1034136354714e-11,1.30068069055729e-10,-5.92169580200786e-11,6.01980173028776e-11,1.18910334329414e-10,5.34161240627577e-11,7.87345290042024e-11,-1.15047020105321e-10,-1.41693541103169e-10,-1.61018439496982e-11,-8.28455725444507e-12,5.51911783300383e-11,1.77133227367143e-10,-1.57201103755922e-10,2.77783330395791e-11,4.10130665654624e-11,1.86201807454227e-11,2.72938297227709e-11,9.98759930173128e-12,-5.433164353135e-11,4.23909380480376e-12,-5.33044694566975e-11,1.00616271534253e-10,3.01805852431703e-11,1.74393668863134e-10,-1.46946544892137e-10,9.23197539363123e-11,-6.91272479907294e-11,-1.44264351557941e-10,-3.87774931570591e-11,7.2385576942516e-12,-3.00523251874269e-11,1.4368918486465e-11,-8.72558468675411e-11,-6.8687462171594e-11,-7.46226687552177e-12,5.45139421817828e-11,5.44915857737648e-11,-6.72613100369564e-11,-4.52268156277534e-11,1.8713868819281e-10,2.4381407035616e-11,-1.62852137762919e-11,-1.15919290078e-10,-4.29535740422933e-11,-2.73522170688206e-12,1.2291307526624e-10,1.07464949962888e-10,5.47490687578837e-11,-1.02150402777351e-10,1.40719906025486e-10,9.2305549225135e-11,4.49701903755609e-11,1.31935200196463e-10,1.12625532546059e-10,-4.46024873301308e-12,-1.01044674070907e-10,-1.14982611795208e-10,7.91025402893028e-11,-5.95062945175871e-11,-1.3514531653152e-11,2.06006862458533e-11,9.08670179407132e-12,-3.06691110134043e-11,-8.33772468627612e-11,1.16229709750009e-11,2.48400462303914e-11,8.02891307610039e-11,-5.94525480450762e-11,-2.4481316311662e-11,1.02392959129543e-10,-1.60992188845812e-11,-4.38194873013823e-11,-1.30285905399643e-10,2.7007070864175e-11,-6.30585297511501e-11,-1.01589389579749e-10,1.51353315126041e-11,-2.0523323436427e-11,1.63142586953296e-10,-4.95325475421372e-11,-1.58726439321e-10,-1.30859049769495e-10,-1.45791549751369e-10,-8.86294557013332e-11,2.57337819690448e-11,3.29777532613008e-12,4.77982867626033e-11,1.35967094128523e-10,-6.40834102201584e-11,9.38872396093722e-11,-1.00018022046618e-11,1.31450428286851e-11,-5.49549884636821e-11,1.52039088193777e-10,-5.71851199107964e-11,5.73276172391604e-11,1.61488908367418e-10,1.31564086466262e-11,-1.63223041234315e-11,-1.24325742184551e-10,-1.62695361090664e-10,1.37739872437834e-11,1.67540108376781e-11,7.86191377243019e-11,1.93316809532907e-11,-8.67907483400321e-11,5.49464194348507e-11,3.76232741710567e-10,2.01726384098483e-10,3.14183720216037e-10,3.97552808360062e-10,7.19770445595111e-10,7.57753278653629e-10,7.38800711407967e-10,9.36477964032007e-10,1.03340955685946e-09,1.42496066478599e-09,1.46773937708654e-09,1.83994343244897e-09,1.78044396932226e-09
