v,0.25
Patm,100000
g,9.81
r,500
G,10^10.37
rho,2100
mu,10^4.25
rc,22
 
M,10^5.26
sigma,0.5
 
tilt_erupt,1.8932nrad
 
-1141,-1140,-1139,-1138,-1137,-1136,-1135,-1134,-1133,-1132,-1131,-1130,-1129,-1128,-1127,-1126,-1125,-1124,-1123,-1122,-1121,-1120,-1119,-1118,-1117,-1116,-1115,-1114,-1113,-1112,-1111,-1110,-1109,-1108,-1107,-1106,-1105,-1104,-1103,-1102,-1101,-1100,-1099,-1098,-1097,-1096,-1095,-1094,-1093,-1092,-1091,-1090,-1089,-1088,-1087,-1086,-1085,-1084,-1083,-1082,-1081,-1080,-1079,-1078,-1077,-1076,-1075,-1074,-1073,-1072,-1071,-1070,-1069,-1068,-1067,-1066,-1065,-1064,-1063,-1062,-1061,-1060,-1059,-1058,-1057,-1056,-1055,-1054,-1053,-1052,-1051,-1050,-1049,-1048,-1047,-1046,-1045,-1044,-1043,-1042,-1041,-1040,-1039,-1038,-1037,-1036,-1035,-1034,-1033,-1032,-1031,-1030,-1029,-1028,-1027,-1026,-1025,-1024,-1023,-1022,-1021,-1020,-1019,-1018,-1017,-1016,-1015,-1014,-1013,-1012,-1011,-1010,-1009,-1008,-1007,-1006,-1005,-1004,-1003,-1002,-1001,-1000,-999,-998,-997,-996,-995,-994,-993,-992,-991,-990,-989,-988,-987,-986,-985,-984,-983,-982,-981,-980,-979,-978,-977,-976,-975,-974,-973,-972,-971,-970,-969,-968,-967,-966,-965,-964,-963,-962,-961,-960,-959,-958,-957,-956,-955,-954,-953,-952,-951,-950,-949,-948,-947,-946,-945,-944,-943,-942,-941,-940,-939,-938,-937,-936,-935,-934,-933,-932,-931,-930,-929,-928,-927,-926,-925,-924,-923,-922,-921,-920,-919,-918,-917,-916,-915,-914,-913,-912,-911,-910,-909,-908,-907,-906,-905,-904,-903,-902,-901,-900,-899,-898,-897,-896,-895,-894,-893,-892,-891,-890,-889,-888,-887,-886,-885,-884,-883,-882,-881,-880,-879,-878,-877,-876,-875,-874,-873,-872,-871,-870,-869,-868,-867,-866,-865,-864,-863,-862,-861,-860,-859,-858,-857,-856,-855,-854,-853,-852,-851,-850,-849,-848,-847,-846,-845,-844,-843,-842,-841,-840,-839,-838,-837,-836,-835,-834,-833,-832,-831,-830,-829,-828,-827,-826,-825,-824,-823,-822,-821,-820,-819,-818,-817,-816,-815,-814,-813,-812,-811,-810,-809,-808,-807,-806,-805,-804,-803,-802,-801,-800,-799,-798,-797,-796,-795,-794,-793,-792,-791,-790,-789,-788,-787,-786,-785,-784,-783,-782,-781,-780,-779,-778,-777,-776,-775,-774,-773,-772,-771,-770,-769,-768,-767,-766,-765,-764,-763,-762,-761,-760,-759,-758,-757,-756,-755,-754,-753,-752,-751,-750,-749,-748,-747,-746,-745,-744,-743,-742,-741,-740,-739,-738,-737,-736,-735,-734,-733,-732,-731,-730,-729,-728,-727,-726,-725,-724,-723,-722,-721,-720,-719,-718,-717,-716,-715,-714,-713,-712,-711,-710,-709,-708,-707,-706,-705,-704,-703,-702,-701,-700,-699,-698,-697,-696,-695,-694,-693,-692,-691,-690,-689,-688,-687,-686,-685,-684,-683,-682,-681,-680,-679,-678,-677,-676,-675,-674,-673,-672,-671,-670,-669,-668,-667,-666,-665,-664,-663,-662,-661,-660,-659,-658,-657,-656,-655,-654,-653,-652,-651,-650,-649,-648,-647,-646,-645,-644,-643,-642,-641,-640,-639,-638,-637,-636,-635,-634,-633,-632,-631,-630,-629,-628,-627,-626,-625,-624,-623,-622,-621,-620,-619,-618,-617,-616,-615,-614,-613,-612,-611,-610,-609,-608,-607,-606,-605,-604,-603,-602,-601,-600,-599,-598,-597,-596,-595,-594,-593,-592,-591,-590,-589,-588,-587,-586,-585,-584,-583,-582,-581,-580,-579,-578,-577,-576,-575,-574,-573,-572,-571,-570,-569,-568,-567,-566,-565,-564,-563,-562,-561,-560,-559,-558,-557,-556,-555,-554,-553,-552,-551,-550,-549,-548,-547,-546,-545,-544,-543,-542,-541,-540,-539,-538,-537,-536,-535,-534,-533,-532,-531,-530,-529,-528,-527,-526,-525,-524,-523,-522,-521,-520,-519,-518,-517,-516,-515,-514,-513,-512,-511,-510,-509,-508,-507,-506,-505,-504,-503,-502,-501,-500,-499,-498,-497,-496,-495,-494,-493,-492,-491,-490,-489,-488,-487,-486,-485,-484,-483,-482,-481,-480,-479,-478,-477,-476,-475,-474,-473,-472,-471,-470,-469,-468,-467,-466,-465,-464,-463,-462,-461,-460,-459,-458,-457,-456,-455,-454,-453,-452,-451,-450,-449,-448,-447,-446,-445,-444,-443,-442,-441,-440,-439,-438,-437,-436,-435,-434,-433,-432,-431,-430,-429,-428,-427,-426,-425,-424,-423,-422,-421,-420,-419,-418,-417,-416,-415,-414,-413,-412,-411,-410,-409,-408,-407,-406,-405,-404,-403,-402,-401,-400,-399,-398,-397,-396,-395,-394,-393,-392,-391,-390,-389,-388,-387,-386,-385,-384,-383,-382,-381,-380,-379,-378,-377,-376,-375,-374,-373,-372,-371,-370,-369,-368,-367,-366,-365,-364,-363,-362,-361,-360,-359,-358,-357,-356,-355,-354,-353,-352,-351,-350,-349,-348,-347,-346,-345,-344,-343,-342,-341,-340,-339,-338,-337,-336,-335,-334,-333,-332,-331,-330,-329,-328,-327,-326,-325,-324,-323,-322,-321,-320,-319,-318,-317,-316,-315,-314,-313,-312,-311,-310,-309,-308,-307,-306,-305,-304,-303,-302,-301,-300,-299,-298,-297,-296,-295,-294,-293,-292,-291,-290,-289,-288,-287,-286,-285,-284,-283,-282,-281,-280,-279,-278,-277,-276,-275,-274,-273,-272,-271,-270,-269,-268,-267,-266,-265,-264,-263,-262,-261,-260,-259,-258,-257,-256,-255,-254,-253,-252,-251,-250,-249,-248,-247,-246,-245,-244,-243,-242,-241,-240,-239,-238,-237,-236,-235,-234,-233,-232,-231,-230,-229,-228,-227,-226,-225,-224,-223,-222,-221,-220,-219,-218,-217,-216,-215,-214,-213,-212,-211,-210,-209,-208,-207,-206,-205,-204,-203,-202,-201,-200,-199,-198,-197,-196,-195,-194,-193,-192,-191,-190,-189,-188,-187,-186,-185,-184,-183,-182,-181,-180,-179,-178,-177,-176,-175,-174,-173,-172,-171,-170,-169,-168,-167,-166,-165,-164,-163,-162,-161,-160,-159,-158,-157,-156,-155,-154,-153,-152,-151,-150,-149,-148,-147,-146,-145,-144,-143,-142,-141,-140,-139,-138,-137,-136,-135,-134,-133,-132,-131,-130,-129,-128,-127,-126,-125,-124,-123,-122,-121,-120,-119,-118,-117,-116,-115,-114,-113,-112,-111,-110,-109,-108,-107,-106,-105,-104,-103,-102,-101,-100,-99,-98,-97,-96,-95,-94,-93,-92,-91,-90,-89,-88,-87,-86,-85,-84,-83,-82,-81,-80,-79,-78,-77,-76,-75,-74,-73,-72,-71,-70,-69,-68,-67,-66,-65,-64,-63,-62,-61,-60,-59,-58,-57,-56,-55,-54,-53,-52,-51,-50,-49,-48,-47,-46,-45,-44,-43,-42,-41,-40,-39,-38,-37,-36,-35,-34,-33,-32,-31,-30,-29,-28,-27,-26,-25,-24,-23,-22,-21,-20,-19,-18,-17,-16,-15,-14,-14,-13,-12,-11,-10,-9,-8,-7,-6,-5,-4,-3,-2,-1,0
7.86986753405271e-10,-6.8249771172928e-10,5.29432346471768e-10,3.88711316345362e-10,8.39100592629705e-10,-4.36179326122456e-10,-8.50544228712203e-11,-3.69770601257082e-10,-6.4053470896014e-10,-2.42482558431045e-10,6.70913905129324e-10,3.57706045223895e-10,6.79691752291291e-10,-2.20687759248524e-10,9.39230660201561e-10,-7.46993634482309e-10,-3.66583552746916e-10,-1.09774648169689e-10,-5.20880436919711e-10,1.83083164872622e-09,-1.09098686582032e-10,-9.08631336271845e-10,-8.36637722500576e-10,4.8119913576457e-10,-4.08814152509614e-10,3.78385846317164e-10,-3.5056645107108e-10,-3.51618923704802e-10,-9.13456063404562e-11,4.32596264527909e-10,-3.3749207656332e-10,-4.37096960797529e-10,-3.0012611955056e-10,-6.8812621276943e-10,-6.33031779158413e-10,9.29750142401433e-10,5.38202270057143e-10,7.34483329383208e-11,4.06258186489519e-10,4.27944913323401e-10,2.93672384175714e-10,-6.02404085113017e-11,5.37568270142999e-10,5.99806431334676e-10,-8.09645141087312e-11,3.27502128852117e-10,-1.66334880741005e-10,5.21236578637503e-10,3.22584418633693e-10,7.36205663394759e-10,7.39509948841372e-10,3.09377591549458e-10,-8.67075579013038e-11,-3.74709680577981e-10,-4.96808141381816e-10,-5.19500066828341e-10,-1.92532529687704e-10,-6.82441822815962e-11,4.689360909486e-10,4.72123818085949e-10,5.06146737159569e-10,3.63832095004534e-10,-1.85992597168383e-10,-3.56142007459274e-10,-3.22220554858734e-10,-1.10233504142519e-09,-2.03563250928949e-10,-3.42014831517098e-10,7.21589044975326e-10,3.34797383334969e-10,2.81867554068345e-10,-8.40803957189816e-10,-1.24912240167705e-11,4.51787955498169e-10,-1.76073688917657e-10,4.58571055850274e-11,2.38365221045607e-10,1.93147663522807e-10,1.1291398457567e-09,9.61937897898327e-10,2.22213888311641e-10,1.98493633057305e-10,1.27081015630715e-10,-1.19743510562588e-10,4.74360025235554e-10,-4.24197574329342e-10,-2.48616097396895e-10,-3.39576712346983e-10,-4.08934437008923e-12,-7.99672970309973e-10,2.40193312518666e-10,-3.2788760111503e-10,-1.81693179105869e-10,-5.79054368593068e-10,3.13398870831824e-10,-4.87214526515123e-10,-2.23654580180762e-10,-8.87522588786389e-10,-1.51446295650351e-10,-3.79096082368024e-10,-6.97279848411839e-10,-3.4935060279377e-11,6.95905495855084e-10,-2.27717602491562e-11,-9.02250096472668e-11,-7.25783292227754e-10,7.30492800064291e-11,9.49183893896974e-11,3.59334590433492e-10,-1.96585198654124e-10,1.77434525042515e-11,5.62997775373163e-10,-8.11166978446261e-10,-1.84915307931077e-10,-3.03357224552206e-10,-1.46622846662557e-10,-7.15897982147626e-10,-8.26414623684858e-11,-6.43017372097055e-10,-8.32721758646799e-10,-3.54762667435589e-10,-5.69657462383088e-10,-1.71612298239813e-10,1.75494008544284e-10,1.81399967002524e-10,-1.38173840007713e-10,-1.08926755286091e-10,1.11273977940459e-09,1.2957245129552e-11,-9.71763233689241e-10,-1.21065757321409e-10,2.40992686267992e-10,3.56510798453664e-10,6.69944404157318e-12,1.09371139025509e-10,7.7544728872528e-10,3.92691440423233e-10,7.14603118391582e-10,-1.20903495797131e-10,6.23254713327072e-10,-2.60460610975411e-10,-5.33560318055113e-10,-5.77619404680249e-10,-4.04035243182733e-10,5.51475793095675e-10,-4.8997470807141e-10,5.60783866672293e-10,-3.56536267138097e-10,3.20242712413594e-10,-9.19747134218362e-10,-1.51939362404787e-10,5.99746165454119e-10,-3.12321660535621e-10,1.30192576238044e-10,3.3692740888453e-10,2.22657456156898e-10,5.6501850602951e-10,-8.68117317408868e-10,1.81903934014051e-10,-2.72456834026831e-10,-3.37768462974811e-10,-2.07950745059574e-10,-5.18049049281908e-10,7.81316899000025e-11,2.75008831856413e-10,3.17487837529373e-10,-5.02818447947627e-10,-1.20503407315073e-10,-6.74093063524816e-11,4.64123678988531e-10,1.51807518190484e-10,-1.08158734341131e-09,-3.92256611588164e-10,-3.85409459400539e-11,-3.3349806115635e-10,2.15607676068331e-10,-5.97303400679411e-10,-1.69754604624227e-10,9.46439875261741e-10,4.46837325521834e-10,4.5053045497141e-10,-4.37892946907803e-11,1.09306608128718e-09,-5.25939182677802e-12,-5.46819372177067e-10,-4.66507142004563e-10,-3.99511754992673e-10,5.5171378599427e-10,-3.68990023990913e-10,1.56827030258743e-10,-2.55430963461916e-10,5.85536454308564e-10,-3.65122882851348e-10,-1.18567157690224e-09,8.64875758369222e-12,2.2442631623184e-10,5.13426581653818e-11,-1.25308970360611e-09,-1.12688068470982e-10,-2.22483724966324e-10,7.26527144829869e-10,1.10338647787937e-09,5.45173410050034e-10,1.06392349552279e-09,3.03143403108104e-10,2.70012579669687e-10,-7.50344959237177e-10,-1.09542417919534e-09,1.02974976903956e-10,4.19480570401229e-10,3.20720191072986e-10,8.58698849229226e-10,-5.35282280326004e-10,-5.03479240808691e-11,4.001789360135e-10,4.93033746664826e-10,2.60165968889243e-10,-2.33926225682288e-12,1.08143045008465e-10,3.18825984366971e-10,-2.78484929534376e-10,5.17990718143748e-11,7.99541544759802e-11,4.65207085846631e-10,-2.04196774152928e-10,5.2442481651569e-10,-2.59201792209111e-10,1.83955563225545e-10,5.8106229116019e-10,6.62106824128479e-10,1.28620386527403e-10,-8.05681461301437e-10,-3.59693558670908e-10,4.81098627107916e-10,3.66629849560826e-10,-1.16176026922146e-10,7.4733240287397e-11,1.59751981412942e-10,-1.6099420936402e-10,5.65843315732485e-10,-5.40215512201743e-12,1.26609346470875e-09,1.11784310960419e-12,4.83208425887906e-11,-8.84922954448242e-10,8.26747562176798e-10,-8.29377073735084e-10,-2.79434955681209e-10,1.09253090047783e-09,-2.76765178070976e-10,-1.88717486152514e-11,-4.38545700922119e-10,1.56130018617732e-11,-2.86870247953601e-10,1.11880056944655e-09,3.20293414161349e-10,-9.13269314562029e-12,3.91902264967812e-10,-1.05640102053174e-09,-4.4276550818578e-10,1.3831884537388e-10,-2.49355477066245e-10,-1.71908989853635e-10,-4.22366601614923e-10,-2.80650695731117e-10,4.16478752210298e-10,2.44020066044323e-10,4.73317243127202e-10,-4.4150891322238e-10,-1.09694735856799e-10,5.24601349595038e-10,4.69318013862286e-10,-3.79361143680374e-10,8.02371719577228e-12,-2.77225664184981e-10,-1.31471949999442e-10,-3.61319595909807e-10,5.93200785389552e-10,-6.98834681367705e-10,-4.72322207205366e-10,-4.25066078118371e-10,4.14529917315946e-10,1.03268716739653e-10,7.4174759462909e-12,1.84795912964993e-10,2.03246740838088e-10,6.35449962526332e-11,-9.27849791834909e-10,1.00373679438653e-09,2.04269611571055e-11,3.00378703249349e-10,1.73477127522196e-09,4.13415452699309e-10,4.65864060792022e-10,-2.78447673627253e-10,-5.07958612772054e-10,-7.80711273934332e-10,-1.1402761729784e-10,-1.62572177281232e-10,-9.28171785055646e-11,5.91945587424487e-11,-9.59916814958028e-11,-2.56978909918117e-10,-1.32769267305144e-10,2.06830669753906e-10,3.85701304295208e-10,-6.17768474918922e-11,2.03883408139254e-10,-1.39388924095536e-10,8.48212314592531e-11,5.34858729137212e-10,-2.32642995180279e-10,-7.63162777217139e-10,1.34196785954322e-09,5.91831918430459e-10,2.58523077513022e-10,-1.22537897594256e-10,-5.94300837153093e-10,-2.71805848506005e-10,-8.03175352915587e-10,4.93284499427524e-10,8.90222384304966e-10,8.65523923088738e-11,-7.03862686046706e-10,-9.31225565465428e-11,-1.19461647081253e-11,3.23093405629375e-10,-1.19250382081006e-09,5.98270048558243e-10,4.26906928399184e-10,5.37865617247897e-10,-1.54194589071762e-10,6.62880895770008e-10,-8.32593475909264e-12,6.24910980074559e-10,7.79358564954392e-11,5.24184020218015e-10,1.5507497805902e-10,5.89356663422927e-10,-7.15758727507931e-10,-1.87422766615621e-10,1.03299907373312e-10,-4.46720220713201e-10,4.12906152145296e-10,-9.09537679027286e-10,4.81136218051474e-10,-6.77183481917295e-10,9.04157696987161e-12,3.69644904006702e-10,-3.80762625979692e-10,1.78152550813678e-10,8.075681592031e-11,3.2862042697983e-10,3.37682574998047e-10,4.86339866308389e-10,-7.88113925249608e-10,-4.59234633801789e-11,-3.3336340547762e-10,-1.12721451843346e-10,-1.30117135635929e-10,4.32204973789339e-11,-3.33498381284167e-10,-2.1191378568689e-10,2.77256689734389e-10,-5.64605696342937e-11,8.48590841232024e-10,-3.86793617195466e-10,-1.75378235654177e-10,-2.77158146495635e-10,-4.51207985638502e-10,8.30086445700427e-10,2.84921732563e-10,2.15026114153181e-10,4.85184102491177e-10,9.90793849181293e-10,1.24615797419233e-09,-3.84655867753848e-10,2.10691900744483e-11,-4.04616972062187e-10,-1.19872205294936e-09,-2.56472941227539e-10,-7.31232080470242e-11,-1.42720316132689e-10,7.32009700228566e-10,7.35786210561934e-10,-1.89615499677939e-10,-1.91050592669395e-10,4.00866423918326e-10,1.40655889542248e-10,1.43266529212899e-10,-5.99453272049713e-10,1.28363562492128e-09,-5.08187926113561e-10,6.66043341017646e-10,-4.1744082947651e-10,2.52838522895296e-10,1.3075370239851e-10,-1.20179504504559e-10,3.26125429723093e-10,2.57800568829639e-10,-6.08180030223295e-10,-1.04341243147972e-09,5.32614505085697e-10,4.05214543614348e-10,1.68414484941372e-10,-2.5449175104282e-10,3.55947134483187e-10,-2.27568373766889e-11,-6.26815651142063e-11,5.56863249574702e-10,3.34072332278206e-10,2.38886089961807e-10,-9.97681475863889e-10,-7.65776938465109e-10,-1.27962604423357e-10,3.65990804272715e-10,-7.16196703395113e-10,6.93907871508498e-10,4.54821995631056e-10,4.18078869798661e-10,-5.09084149835373e-10,-4.73254977390514e-10,-6.10018387331179e-11,7.02207306372419e-11,-2.33772735005094e-10,-1.12928120686746e-10,1.73453255895672e-10,-1.07376621738543e-09,2.76904575241843e-10,4.0946855604824e-10,1.50033922204547e-10,-4.11272505541819e-10,-1.64442714900101e-10,-3.43418516458594e-12,-2.6173635213249e-10,2.86919828342687e-10,6.23930720777304e-10,2.35146092389871e-10,-5.75964987674794e-10,4.94781502908922e-10,3.58676700346027e-10,-6.19805575040943e-10,-9.28442833502986e-10,-8.23009970962103e-11,1.74114224022754e-10,-1.57269872093889e-10,5.7506551061719e-11,-2.44189138455489e-10,5.63731347614646e-10,-1.60027040437164e-10,1.65458130953774e-10,5.04021789310595e-10,-1.88695524209962e-10,3.17091776786554e-10,-6.07951955056829e-10,-3.7231643930884e-10,-2.79326894089992e-10,2.16842469719617e-10,1.96908969452106e-10,1.9783265377504e-10,2.77198803863874e-10,-9.31154588995978e-11,1.04509246534327e-09,-3.54872085989242e-10,4.67105312256894e-10,-3.06164308581557e-10,5.97582523393046e-11,8.43621166748787e-10,1.386049963107e-09,1.27967712507239e-09,5.24338164252159e-10,3.89496650621269e-10,9.8148179363042e-10,-2.74789905556357e-10,-5.40531747840665e-11,-1.9012742699e-10,-2.42032050817159e-10,5.38486171371139e-10,-2.21327608803792e-10,4.22629336308587e-10,9.89658983387498e-10,3.28596312030936e-10,1.10636225809442e-09,6.67474303533541e-11,-2.19308854043816e-10,-6.61368379025574e-10,-6.71131324264506e-10,-2.23173033264306e-10,-1.56802328886665e-10,5.29964312400275e-10,-5.49926871573854e-10,-1.76442689007633e-10,7.35538710296275e-10,-3.73794806168414e-10,4.78567411262355e-10,2.9458753433072e-10,-6.29298427664175e-10,7.74518123884422e-11,3.08983142822125e-10,-5.49995572832854e-10,2.09233309712718e-10,9.61354903240583e-10,7.56802699329547e-11,5.02766862067944e-10,-1.35235440587076e-09,5.02291721320122e-10,-7.91538143625568e-10,-4.22886696891571e-10,4.95239602151308e-10,-5.25177970564206e-10,-5.79474706944843e-11,7.18586604833423e-11,6.12966202217768e-10,8.8457258413484e-10,-1.02569936581243e-10,1.02476761724731e-09,-4.04022662288488e-10,-4.58136222151228e-10,-2.49762641288746e-10,-2.62713389309038e-10,-1.44087010323461e-10,-2.79535322028356e-10,6.20231867272349e-10,1.13721594146039e-10,1.14624974422058e-09,-5.86873147998091e-11,1.28995303190499e-09,-4.96608905764461e-10,-3.48998462355288e-10,-8.76096977402849e-12,-1.17331632614237e-10,3.60154108362596e-11,1.35049975626728e-09,-2.2786050919632e-10,1.09322933171331e-09,-2.19526624925144e-10,3.88451724078514e-10,-1.64461447557885e-10,7.08776508593526e-12,-1.34909994233668e-09,-2.35204930173776e-13,-1.18797330204856e-09,-1.02181603439824e-10,-1.50382647372825e-09,-7.89636458864361e-11,1.04824088887815e-10,1.59386991120764e-11,7.48635889362205e-10,-1.81187404743786e-10,2.42034664014312e-11,-1.24211165874304e-09,2.6261873143636e-10,-5.10183728437615e-11,-2.75448464005478e-10,2.55930140596956e-10,-2.03574410560745e-09,-4.69984628178722e-10,-1.67330597827466e-10,7.75480835002139e-11,8.76312849576123e-10,-4.82656975973492e-10,-8.55186139611474e-10,4.3199296504968e-10,9.62538461590828e-10,-4.89177922113482e-11,4.2117563447803e-10,1.31560280769967e-09,-6.42949953307233e-11,4.86788453747738e-10,-4.96112405701868e-10,1.13451267797921e-10,1.04592577020398e-09,6.10472008251012e-10,-5.7155230209305e-10,3.99331529882632e-10,-1.91022555250752e-10,-8.01619618569735e-10,8.2965776100709e-11,5.22822362600906e-10,-3.60699008751023e-10,-1.51821685453068e-10,-7.30929206621235e-10,-4.08493727432671e-10,-1.08321426253068e-09,8.29387379075461e-11,1.12462573286429e-09,2.21951121124285e-10,-3.97312420318404e-10,-6.89548021999721e-12,2.53168657170547e-10,-6.64803773481203e-10,3.47047333041372e-10,6.46235778463746e-10,-9.1255420854232e-11,9.65814264511408e-10,5.0343899731383e-10,1.26205477728763e-09,2.13932099273427e-10,-6.89649985394657e-10,-1.57315327571422e-10,4.19787656822705e-10,6.26818500079662e-10,-4.17552401614662e-10,7.9567904148672e-11,3.05139437874325e-10,-1.85807972230659e-10,2.10300758033582e-10,-4.07639400132638e-10,1.48831911414738e-10,-3.32302772870216e-10,-5.08660663674335e-10,5.62450531090825e-10,-7.75684173183366e-11,-4.72393924607494e-12,-1.47887111602524e-10,-4.50925590100387e-10,4.20167882971741e-10,-1.374698497693e-09,4.50956353440938e-10,-9.11800176588227e-10,1.23942283567001e-10,-1.06840727994397e-10,-1.13904876273694e-11,-7.95656525616554e-10,-5.69998849764016e-10,-1.58230263650363e-10,-5.31025124298957e-10,2.75936700320631e-10,-2.19096027841536e-10,4.40978839343379e-10,1.36899816639938e-10,8.49342409595589e-10,-7.22180198313649e-10,7.61971877882148e-12,6.04661915087134e-11,-4.18513862571523e-10,-4.32445885238421e-10,3.2154761855887e-11,4.37495976079402e-10,1.2008334365243e-09,2.94815035996475e-10,-6.23347634982826e-10,3.87713794611557e-10,-1.00787817359879e-09,3.40650904890858e-10,2.47124625976961e-11,-3.06144264071929e-11,3.40031429216656e-11,8.45077874318147e-10,1.11833717356714e-09,-1.19029647574856e-10,-2.69672510304913e-10,1.14994834769315e-09,5.57741853102728e-10,3.10285468444433e-10,1.23061828835906e-10,1.79635717794928e-10,-4.49486262524948e-11,4.82479994180584e-11,-1.35880455457855e-10,1.47539353254894e-11,1.25833377896269e-10,2.6989158353244e-10,7.73448130395479e-10,-1.10118540237997e-10,-1.48151682947684e-09,-2.78404971547117e-10,-4.09622454124625e-11,2.74624819423187e-10,-8.05646118010548e-11,4.96597596745083e-10,-1.30150042114033e-11,-2.55742726520607e-10,-5.9599494728766e-10,-3.24171278552325e-10,5.33252039975248e-11,-1.95755406433665e-10,1.82113964797226e-11,6.1023290149967e-10,3.00135767699903e-10,1.7349362309731e-10,4.27137951924631e-10,3.2029091140366e-10,4.16259063822736e-10,-7.89752943855186e-11,5.5096576660407e-10,-4.7466117579018e-10,1.38255875038001e-11,1.03054429070711e-09,-2.76933954326714e-10,-7.71408438740254e-10,3.10238604879803e-10,4.43433339140354e-10,1.39756410152927e-11,2.73540008867806e-10,9.26179178127365e-10,1.90893340454997e-10,4.19839194142454e-10,-5.7317294645217e-10,2.81684473846459e-10,-1.06869525549483e-09,-6.9712061253793e-11,3.64888335896013e-10,-2.68768181295322e-10,-8.62210873856312e-10,-8.36562598837788e-10,4.17361895882583e-10,-5.65860483970159e-10,1.13138583974325e-11,2.38410725508253e-10,5.70890933995847e-10,6.09607112010511e-10,3.16682204724375e-10,-5.7243271642797e-10,1.3992510825559e-10,-1.52397570905611e-10,5.65330086869652e-11,-4.78632478776139e-11,-2.0441095944775e-10,-1.58407161401004e-10,-4.84330203941805e-10,-5.04450596635474e-10,-1.31836509015878e-09,3.24608544058709e-11,8.00598055978968e-10,1.23545983267101e-09,1.32724753234956e-10,-2.03808683410998e-10,-4.962945882645e-10,-7.27778242200811e-10,-6.75245260514544e-10,-3.08962055516522e-10,1.80083434013311e-10,-3.81781241008155e-10,2.97480719902345e-10,-2.76143838553943e-10,5.34593778849816e-10,-7.84772674287484e-10,-2.86360080917789e-10,3.88276439623214e-10,-6.86934364229972e-10,-7.16011727289396e-10,-4.68812648258008e-10,-1.15386650161822e-10,1.08915155336458e-09,-4.9264134206433e-10,-2.66662166715541e-10,5.13434840780998e-10,-4.79830862435766e-10,1.64419535123289e-10,-2.39367944652561e-10,-3.13782134097148e-10,4.55743819014153e-10,-8.99660146612803e-10,-6.18049259403492e-10,4.85705741103236e-10,-4.672060616518e-10,3.98808243256562e-10,-3.93476888085435e-10,2.57449595845659e-10,2.57717042886327e-10,6.8991346285718e-11,-4.25568796588516e-10,1.0107374144191e-10,8.03413743007569e-10,-2.09730249963837e-10,-3.59541155976675e-11,-1.58779668117578e-09,-9.75265653379712e-10,6.51849657203401e-11,2.60138945816008e-10,-1.0110766038177e-09,6.67674156158668e-10,-1.83870186062174e-10,3.12178677374705e-10,-5.14302491204196e-10,-6.7477229604833e-11,1.91683538472796e-10,2.1438260133679e-11,-1.64762006281344e-10,1.0004627640607e-10,3.56526024189633e-10,7.77894238974214e-10,3.2606690150156e-10,4.3098122351836e-10,3.63740789754456e-10,-5.49199861694303e-12,1.70993564829891e-10,5.17338759322446e-11,1.07425013871236e-09,-5.52604869308047e-11,9.44432449486901e-10,3.64644336364225e-10,-7.59659650042907e-10,-2.65675417556376e-10,-5.04273510480373e-10,4.3878092930181e-10,1.84251717185405e-10,4.28314014037037e-10,-3.36023552316487e-10,5.11624136881927e-11,-3.8191351461956e-10,4.415062587452e-10,3.61591187088132e-11,-8.12843798024168e-10,6.40369246566369e-11,7.35390923845674e-10,3.52984936187893e-10,4.54911772834665e-10,1.8114521621661e-11,-4.43032654588518e-10,1.61269335084944e-10,3.50394261916311e-10,8.0784273934189e-10,2.75634383649961e-10,1.54872526077615e-10,-8.37132166988247e-11,-2.72059863604191e-10,-8.57750321067539e-10,-3.0221722473174e-10,-9.89410086981505e-10,-5.11365505979325e-10,1.24968442313951e-10,3.9313538332899e-10,-2.57588284493266e-10,4.61558059911888e-10,-3.32079572961018e-10,4.36184160808874e-11,-2.51790425839559e-10,4.99903612310088e-11,-9.38996902492067e-10,7.55887107971703e-10,-6.98465832930056e-10,4.16862543098358e-10,-6.23608034567834e-10,4.25715890828546e-10,-6.28437060410524e-10,-7.44198080803064e-10,-5.95940905798491e-10,-5.39999492620939e-11,3.392986148836e-10,-3.33872771196974e-10,-2.72488284683769e-10,-2.43759414244187e-10,-5.84904868335243e-10,-6.68421217762934e-10,-1.33603481467659e-09,3.05655787489462e-10,-2.32410360851927e-10,-6.14331614258708e-10,-4.08400958624654e-10,-1.26712347911851e-09,-4.63858264342553e-10,6.47246310684146e-11,-5.16411359470664e-10,-8.057975857325e-10,1.25423179042899e-11,-4.78257844299028e-10,-2.02122217099178e-10,-5.88577309989857e-10,9.08306558099233e-10,2.65835133077299e-10,-6.12087412133745e-10,2.02461619274332e-11,5.75721163711229e-10,-4.51176821682866e-10,2.77395651804147e-10,2.93774063326936e-11,4.67763426904208e-10,-3.62075035605176e-10,-1.17899352169135e-10,-7.04469700567143e-11,-6.91036385437774e-11,2.57284547206518e-10,-4.53316389695775e-10,6.75086541578025e-10,1.42025877612255e-10,-3.56464054820554e-10,-7.26948685713867e-11,-3.21836060145689e-10,7.48324384461846e-10,-1.54143291184179e-10,3.80943293323225e-10,2.03338461242678e-10,1.37441077875576e-10,8.49785881487622e-10,4.98966216608505e-10,-1.46010610265055e-10,-7.12026054225204e-10,-6.6657456613199e-10,-4.12482533148263e-10,-2.48549959516782e-10,-6.05223238248047e-10,-3.57934896017589e-10,-9.37348512802368e-12,5.72210831892475e-10,2.80482458444705e-10,4.91073721034511e-10,-9.65550068359089e-10,3.15612087747772e-10,1.11748592719861e-09,-3.95226811020735e-10,2.2486906953753e-10,-8.73373814060838e-11,-2.31471840553555e-10,-8.86653967935207e-11,-4.88680362694772e-10,-6.50381061745783e-10,2.76002626335442e-10,-1.5681986359302e-10,7.0895614142023e-10,7.49003802953608e-10,-5.10548740556854e-10,1.79345736140587e-10,-1.04208579323702e-10,2.2825757064151e-10,8.58048168176409e-11,3.98097961666792e-10,1.75504167762806e-10,-4.01837650763699e-10,7.5393490638349e-10,1.21432986190341e-10,-1.66416745489474e-10,5.59199350251981e-10,1.53693324098408e-12,-5.40802655094316e-10,-3.05153385329039e-10,1.90999941185895e-10,-2.90630031350918e-10,1.23803508330828e-10,9.6712646806534e-10,-1.78047225221288e-10,-2.6550631051224e-10,-2.61804792917619e-10,-3.97706966202615e-10,-4.77184108637898e-10,7.44367022399745e-10,1.18676413681604e-10,-5.87361709973215e-10,4.82757089014398e-10,3.1471672441871e-10,1.5424742167102e-10,3.34580568984846e-10,-3.96111926058439e-10,1.66882272882571e-10,5.04068608996696e-10,1.86230387897991e-10,6.63424743878408e-10,-3.93559025873448e-10,-5.76693783007038e-10,2.2019204610993e-10,-9.55937081760633e-11,1.16752855519299e-10,-1.09038166594704e-10,1.09291857024143e-09,4.0587222975137e-11,2.98833913467236e-10,-1.11097491304244e-10,-4.11300885036125e-10,4.43980143677729e-10,-9.48221070588953e-10,1.43076722281263e-10,1.5389819861672e-10,-1.17767061447074e-10,1.42028124684512e-10,1.15978981255671e-09,3.23524523924636e-10,-8.13176045087257e-10,7.88081097205232e-10,1.96207455953771e-10,1.2013785529336e-10,7.21661231792883e-10,6.80086330237051e-11,-7.67881481665973e-10,4.1859953279833e-10,1.77630534837381e-10,-5.12382950649426e-11,-3.81760650203322e-10,-2.13784223314557e-10,-7.63494059740286e-10,-4.66959767918607e-10,3.26443825560254e-10,7.70494199060567e-10,2.14342894978582e-11,6.12874742470678e-10,-3.68884479203518e-10,-2.32317577623673e-10,6.99592321086148e-10,2.53853929311721e-10,-3.47091335339784e-11,-3.82698044602118e-10,-9.91067120673625e-11,6.56221982836683e-11,-3.17854155698883e-10,4.33074254990421e-10,-1.27723173740952e-10,2.22285079314216e-10,3.71383496731733e-12,-1.57381594591025e-10,6.63971959707912e-10,-9.07748090871755e-11,2.70154501833969e-10,-1.84618389014221e-10,1.27265592150312e-10,-6.43413422749077e-11,-9.80921683543589e-11,-6.91749287003166e-10,6.77822110555603e-10,2.8301698730416e-10,-4.23129312602493e-10,-3.935506140853e-10,2.42273731238915e-10,1.04595283666207e-09,9.10786135283667e-12,4.56043155654462e-10,-9.92509904058164e-11,6.52840417992709e-10,-2.35905669610548e-10,-5.6041996023941e-10,5.99826124183176e-10,3.62812172479916e-10,-5.7756767182371e-10,2.84319069112653e-10,-6.83588741373253e-10,6.62223233026392e-10,-3.95474880431165e-10,1.12023416732255e-09,-2.72188641802923e-10,-5.06132639449721e-10,-8.85909670986834e-10,-8.05928967978904e-11,6.92300136406967e-10,9.53496422531637e-11,3.44857915981327e-10,4.95264858497897e-10,-3.35326702186286e-10,-2.5238665277468e-12,-7.69352880087964e-10,4.49984512675482e-10,7.5679846222983e-10,-1.57174923261837e-10,3.40709113325102e-10,-7.8510924882404e-10,2.95407814508444e-10,9.93985029741731e-11,-1.73831049967897e-10,2.19516129371648e-10,-1.50213766621766e-10,-9.56301367342884e-10,4.87181240281077e-10,2.79642691052008e-11,3.19705433181759e-10,-6.37899344845685e-10,-1.39337857688222e-10,-2.11320183256143e-10,2.37850602679921e-10,-4.74730986833289e-10,6.16774928917943e-10,-2.00313392988137e-10,6.84017215064787e-11,-2.28076200587588e-10,6.29132376206977e-10,-7.11506829489468e-11,3.50962759902892e-11,1.09792814904596e-09,-3.88573238768169e-10,8.13178165668776e-10,3.20897030512638e-10,-1.07860253989794e-10,-4.5468516346539e-10,-4.03059910527228e-10,1.15001864784183e-10,-4.58170308948845e-10,-1.53229683140446e-10,3.29421362270852e-10,1.17179859983055e-09,-6.31436192165097e-10,2.08702797063646e-10,2.17489619517e-10,8.52534270598622e-10,1.47864415125516e-09,-3.41778769072219e-10,6.0519885532182e-10,5.51470347476086e-10,-7.45510590041081e-10,-7.67386266176019e-10,8.19135446708091e-11,-5.88927884979358e-10,2.04127743335858e-10,-1.56766144195789e-10,4.54499568323476e-10,-1.47395025126975e-10,4.17148185916071e-10,6.40377009926594e-10,3.58204707780797e-10,-3.03477449572592e-10,-4.62804678081571e-10,5.8337664962004e-10,-9.09050000235656e-10,-1.07235772729547e-10,5.66202706989953e-10,-9.65126858424431e-11,-2.16010110864112e-10,2.71738631459222e-10,2.72826108797717e-10,7.4531659059292e-11,2.5624893135596e-10,-4.53232514825829e-10,-1.19061783844298e-10,-3.02972692201742e-11,-1.30078062454806e-10,-3.78827755202655e-10,1.0013458960723e-10,-1.21227202475692e-10,-6.56247267835751e-10,-3.20983230736941e-10,-4.35144193432854e-10,-1.79626013484539e-10,-1.08052351788855e-11,6.94813643257654e-10,-2.72467032831551e-10,-1.38010025481193e-09,2.50457689215763e-10,-1.55231078068666e-10,3.24746642094353e-10,4.29127725246913e-10,6.86279707685966e-10,-1.95071916381093e-10,-7.02237838324066e-11,2.51609581406889e-10,3.83735168456335e-10,4.63664379460513e-10,-7.25429070409052e-11,9.98265395093045e-10,3.68800266138943e-10,-1.05074537987344e-10,9.45150651811149e-10,7.69496794215849e-10,8.8122479523625e-10,1.14703394406245e-09,1.92704421987535e-09,1.74929215821122e-09,1.88735285000308e-09
