v,0.25
Patm,100000
g,9.81
r,500
G,10^11.44
rho,2400
mu,10^4.55
rc,15
 
M,10^5.9
sigma,0.25
 
tilt_erupt,1.1529nrad
 
-1491,-1490,-1489,-1488,-1487,-1486,-1485,-1484,-1483,-1482,-1481,-1480,-1479,-1478,-1477,-1476,-1475,-1474,-1473,-1472,-1471,-1470,-1469,-1468,-1467,-1466,-1465,-1464,-1463,-1462,-1461,-1460,-1459,-1458,-1457,-1456,-1455,-1454,-1453,-1452,-1451,-1450,-1449,-1448,-1447,-1446,-1445,-1444,-1443,-1442,-1441,-1440,-1439,-1438,-1437,-1436,-1435,-1434,-1433,-1432,-1431,-1430,-1429,-1428,-1427,-1426,-1425,-1424,-1423,-1422,-1421,-1420,-1419,-1418,-1417,-1416,-1415,-1414,-1413,-1412,-1411,-1410,-1409,-1408,-1407,-1406,-1405,-1404,-1403,-1402,-1401,-1400,-1399,-1398,-1397,-1396,-1395,-1394,-1393,-1392,-1391,-1390,-1389,-1388,-1387,-1386,-1385,-1384,-1383,-1382,-1381,-1380,-1379,-1378,-1377,-1376,-1375,-1374,-1373,-1372,-1371,-1370,-1369,-1368,-1367,-1366,-1365,-1364,-1363,-1362,-1361,-1360,-1359,-1358,-1357,-1356,-1355,-1354,-1353,-1352,-1351,-1350,-1349,-1348,-1347,-1346,-1345,-1344,-1343,-1342,-1341,-1340,-1339,-1338,-1337,-1336,-1335,-1334,-1333,-1332,-1331,-1330,-1329,-1328,-1327,-1326,-1325,-1324,-1323,-1322,-1321,-1320,-1319,-1318,-1317,-1316,-1315,-1314,-1313,-1312,-1311,-1310,-1309,-1308,-1307,-1306,-1305,-1304,-1303,-1302,-1301,-1300,-1299,-1298,-1297,-1296,-1295,-1294,-1293,-1292,-1291,-1290,-1289,-1288,-1287,-1286,-1285,-1284,-1283,-1282,-1281,-1280,-1279,-1278,-1277,-1276,-1275,-1274,-1273,-1272,-1271,-1270,-1269,-1268,-1267,-1266,-1265,-1264,-1263,-1262,-1261,-1260,-1259,-1258,-1257,-1256,-1255,-1254,-1253,-1252,-1251,-1250,-1249,-1248,-1247,-1246,-1245,-1244,-1243,-1242,-1241,-1240,-1239,-1238,-1237,-1236,-1235,-1234,-1233,-1232,-1231,-1230,-1229,-1228,-1227,-1226,-1225,-1224,-1223,-1222,-1221,-1220,-1219,-1218,-1217,-1216,-1215,-1214,-1213,-1212,-1211,-1210,-1209,-1208,-1207,-1206,-1205,-1204,-1203,-1202,-1201,-1200,-1199,-1198,-1197,-1196,-1195,-1194,-1193,-1192,-1191,-1190,-1189,-1188,-1187,-1186,-1185,-1184,-1183,-1182,-1181,-1180,-1179,-1178,-1177,-1176,-1175,-1174,-1173,-1172,-1171,-1170,-1169,-1168,-1167,-1166,-1165,-1164,-1163,-1162,-1161,-1160,-1159,-1158,-1157,-1156,-1155,-1154,-1153,-1152,-1151,-1150,-1149,-1148,-1147,-1146,-1145,-1144,-1143,-1142,-1141,-1140,-1139,-1138,-1137,-1136,-1135,-1134,-1133,-1132,-1131,-1130,-1129,-1128,-1127,-1126,-1125,-1124,-1123,-1122,-1121,-1120,-1119,-1118,-1117,-1116,-1115,-1114,-1113,-1112,-1111,-1110,-1109,-1108,-1107,-1106,-1105,-1104,-1103,-1102,-1101,-1100,-1099,-1098,-1097,-1096,-1095,-1094,-1093,-1092,-1091,-1090,-1089,-1088,-1087,-1086,-1085,-1084,-1083,-1082,-1081,-1080,-1079,-1078,-1077,-1076,-1075,-1074,-1073,-1072,-1071,-1070,-1069,-1068,-1067,-1066,-1065,-1064,-1063,-1062,-1061,-1060,-1059,-1058,-1057,-1056,-1055,-1054,-1053,-1052,-1051,-1050,-1049,-1048,-1047,-1046,-1045,-1044,-1043,-1042,-1041,-1040,-1039,-1038,-1037,-1036,-1035,-1034,-1033,-1032,-1031,-1030,-1029,-1028,-1027,-1026,-1025,-1024,-1023,-1022,-1021,-1020,-1019,-1018,-1017,-1016,-1015,-1014,-1013,-1012,-1011,-1010,-1009,-1008,-1007,-1006,-1005,-1004,-1003,-1002,-1001,-1000,-999,-998,-997,-996,-995,-994,-993,-992,-991,-990,-989,-988,-987,-986,-985,-984,-983,-982,-981,-980,-979,-978,-977,-976,-975,-974,-973,-972,-971,-970,-969,-968,-967,-966,-965,-964,-963,-962,-961,-960,-959,-958,-957,-956,-955,-954,-953,-952,-951,-950,-949,-948,-947,-946,-945,-944,-943,-942,-941,-940,-939,-938,-937,-936,-935,-934,-933,-932,-931,-930,-929,-928,-927,-926,-925,-924,-923,-922,-921,-920,-919,-918,-917,-916,-915,-914,-913,-912,-911,-910,-909,-908,-907,-906,-905,-904,-903,-902,-901,-900,-899,-898,-897,-896,-895,-894,-893,-892,-891,-890,-889,-888,-887,-886,-885,-884,-883,-882,-881,-880,-879,-878,-877,-876,-875,-874,-873,-872,-871,-870,-869,-868,-867,-866,-865,-864,-863,-862,-861,-860,-859,-858,-857,-856,-855,-854,-853,-852,-851,-850,-849,-848,-847,-846,-845,-844,-843,-842,-841,-840,-839,-838,-837,-836,-835,-834,-833,-832,-831,-830,-829,-828,-827,-826,-825,-824,-823,-822,-821,-820,-819,-818,-817,-816,-815,-814,-813,-812,-811,-810,-809,-808,-807,-806,-805,-804,-803,-802,-801,-800,-799,-798,-797,-796,-795,-794,-793,-792,-791,-790,-789,-788,-787,-786,-785,-784,-783,-782,-781,-780,-779,-778,-777,-776,-775,-774,-773,-772,-771,-770,-769,-768,-767,-766,-765,-764,-763,-762,-761,-760,-759,-758,-757,-756,-755,-754,-753,-752,-751,-750,-749,-748,-747,-746,-745,-744,-743,-742,-741,-740,-739,-738,-737,-736,-735,-734,-733,-732,-731,-730,-729,-728,-727,-726,-725,-724,-723,-722,-721,-720,-719,-718,-717,-716,-715,-714,-713,-712,-711,-710,-709,-708,-707,-706,-705,-704,-703,-702,-701,-700,-699,-698,-697,-696,-695,-694,-693,-692,-691,-690,-689,-688,-687,-686,-685,-684,-683,-682,-681,-680,-679,-678,-677,-676,-675,-674,-673,-672,-671,-670,-669,-668,-667,-666,-665,-664,-663,-662,-661,-660,-659,-658,-657,-656,-655,-654,-653,-652,-651,-650,-649,-648,-647,-646,-645,-644,-643,-642,-641,-640,-639,-638,-637,-636,-635,-634,-633,-632,-631,-630,-629,-628,-627,-626,-625,-624,-623,-622,-621,-620,-619,-618,-617,-616,-615,-614,-613,-612,-611,-610,-609,-608,-607,-606,-605,-604,-603,-602,-601,-600,-599,-598,-597,-596,-595,-594,-593,-592,-591,-590,-589,-588,-587,-586,-586,-585,-584,-583,-582,-581,-580,-579,-578,-577,-576,-575,-574,-573,-572,-571,-570,-569,-568,-567,-566,-565,-564,-563,-562,-561,-560,-559,-558,-557,-556,-555,-554,-553,-552,-551,-550,-549,-548,-547,-546,-545,-544,-543,-542,-541,-540,-539,-538,-537,-536,-535,-534,-533,-532,-531,-530,-529,-528,-527,-526,-525,-524,-523,-522,-521,-520,-519,-518,-517,-516,-515,-514,-513,-512,-511,-510,-509,-508,-507,-506,-505,-504,-503,-502,-501,-500,-499,-498,-497,-496,-495,-494,-493,-492,-491,-490,-489,-488,-487,-486,-485,-484,-483,-482,-481,-480,-479,-478,-477,-476,-475,-474,-473,-472,-471,-470,-469,-468,-467,-466,-465,-464,-463,-462,-461,-460,-459,-458,-457,-456,-455,-454,-453,-452,-451,-450,-449,-448,-447,-446,-445,-444,-443,-442,-441,-440,-439,-438,-437,-436,-435,-434,-433,-432,-431,-430,-429,-428,-427,-426,-425,-424,-423,-422,-421,-420,-419,-418,-417,-416,-415,-414,-413,-412,-411,-410,-409,-408,-407,-406,-405,-404,-403,-402,-401,-400,-399,-398,-397,-396,-395,-394,-393,-392,-391,-390,-389,-388,-387,-386,-385,-384,-383,-382,-381,-380,-379,-378,-377,-376,-375,-374,-373,-372,-371,-370,-369,-368,-367,-366,-365,-364,-363,-362,-361,-360,-359,-358,-357,-356,-355,-354,-353,-352,-351,-350,-349,-348,-347,-346,-345,-344,-343,-342,-341,-340,-339,-338,-337,-336,-335,-334,-333,-332,-331,-330,-329,-328,-327,-326,-325,-324,-323,-322,-321,-320,-319,-318,-317,-316,-315,-314,-313,-312,-311,-310,-309,-308,-307,-306,-305,-304,-303,-302,-301,-300,-299,-298,-297,-296,-295,-294,-293,-292,-291,-290,-289,-288,-287,-286,-285,-284,-283,-282,-281,-280,-279,-278,-277,-276,-275,-274,-273,-272,-271,-270,-269,-268,-267,-266,-265,-264,-263,-262,-261,-260,-259,-258,-257,-256,-255,-254,-253,-252,-251,-250,-249,-248,-247,-246,-245,-244,-243,-242,-241,-240,-239,-238,-237,-236,-235,-234,-233,-232,-231,-230,-229,-228,-227,-226,-225,-224,-223,-222,-221,-220,-219,-218,-217,-216,-215,-214,-213,-212,-211,-210,-209,-208,-207,-206,-205,-204,-203,-202,-201,-200,-199,-198,-197,-196,-195,-194,-193,-192,-191,-190,-189,-188,-187,-186,-185,-184,-183,-182,-181,-180,-179,-178,-177,-176,-175,-174,-173,-172,-171,-170,-169,-168,-167,-166,-165,-164,-163,-162,-161,-160,-159,-158,-157,-156,-155,-154,-153,-152,-151,-150,-149,-148,-147,-146,-145,-144,-143,-142,-141,-140,-139,-138,-137,-136,-135,-134,-133,-132,-131,-130,-129,-128,-127,-126,-125,-124,-123,-122,-121,-120,-119,-118,-117,-116,-115,-114,-113,-112,-111,-110,-109,-108,-107,-106,-105,-104,-103,-102,-101,-100,-99,-98,-97,-96,-95,-94,-93,-92,-91,-90,-89,-88,-87,-86,-85,-84,-83,-82,-81,-80,-79,-78,-77,-76,-75,-74,-73,-72,-71,-70,-69,-68,-67,-66,-65,-64,-63,-62,-61,-60,-59,-58,-57,-56,-55,-54,-53,-52,-51,-50,-49,-48,-47,-46,-45,-44,-43,-42,-41,-40,-39,-38,-37,-36,-35,-34,-33,-32,-31,-30,-29,-28,-27,-26,-25,-24,-23,-22,-21,-20,-19,-18,-17,-16,-15,-14,-13,-12,-11,-10,-9,-8,-7,-6,-5,-4,-3,-2,-1,0
3.04914061510826e-11,-3.51874846841569e-10,1.90532793740818e-11,-3.17976079089886e-10,-1.11958518269234e-10,1.48272640135675e-10,3.46147472194784e-10,1.75838611849428e-10,1.06013392999429e-10,1.20288052415484e-10,3.95939731795326e-11,7.56243777986952e-11,-9.01810712477196e-11,2.52729418464549e-11,2.78547845446921e-10,2.43219047177583e-10,-2.87204466445281e-10,-2.38405276150274e-11,4.86152246766438e-10,6.64711867794931e-11,-1.31762001792264e-10,-3.80352651977244e-10,-3.20378517431306e-10,-1.75052990755177e-10,-2.97946440625315e-10,3.17457485149938e-10,1.48814151384361e-10,-1.41217883612017e-10,1.40085295442986e-10,3.82737905539541e-11,7.71985504499238e-11,1.37605554815096e-10,-8.876838462711e-12,3.32984215077536e-10,1.06443627428703e-10,6.1196167874527e-11,-1.73403352318347e-11,7.82763540710818e-11,-5.20610194845062e-11,4.76174352068177e-11,-3.89677657521292e-10,7.9031248188702e-11,1.13740968175296e-10,1.14653320877014e-11,-1.38691905603037e-10,5.61803354358017e-11,-2.5798478459531e-10,6.9656400248402e-11,-3.1343866955525e-11,-4.09057875592598e-10,1.37631768831264e-10,2.04714895829295e-10,-4.15172420676721e-11,-2.59306827157822e-10,-2.27037619759999e-10,-6.451794750412e-11,6.84302173530559e-11,-3.84012287339939e-11,-4.09510481283414e-11,-2.99944811762943e-11,2.95067233447305e-10,1.70747192915939e-10,1.91494419327717e-10,2.33519485644127e-10,7.28346432654493e-11,-6.36557184820847e-11,4.35549847714259e-10,-2.1285377352638e-10,2.15850418058612e-10,-2.63319411251707e-10,1.90296990572497e-10,-3.53089086303482e-10,-6.87013810200712e-11,6.19264559617662e-11,1.60469871187448e-10,-4.43114410663046e-10,-5.95633456074989e-10,2.11507195096842e-10,9.05853688734763e-11,9.44705282153401e-11,3.110836607846e-10,5.81401685673331e-11,1.7008743457663e-10,-2.0958085484859e-10,-5.50550320194445e-10,9.11627406567988e-10,-1.27708051517348e-10,-3.99378215044927e-10,-9.80131144420603e-12,6.83216065632321e-11,-2.58531681412243e-11,8.58467927388306e-11,-4.80450501290193e-11,2.23342706384192e-10,-4.1680498138586e-10,-4.05561528046855e-10,-3.91321022394271e-10,-5.25987482446332e-12,3.9210975563668e-10,1.74953343287823e-11,-3.07555609840508e-11,-2.71415111947652e-10,-3.77103837351063e-10,4.16888853403802e-10,-7.54920230559245e-11,-2.60017607599264e-10,3.38414740245843e-10,6.14740632147385e-10,-7.66590329577317e-11,-1.07235121348747e-10,-2.58184320415832e-10,6.17385544435201e-11,7.36896920849396e-11,-2.83228411817747e-10,-1.34356107686268e-10,5.89782298479461e-11,3.20448485791665e-10,5.97089649723028e-10,-9.6254556509588e-11,-1.11450031042921e-10,2.97679341402382e-11,-2.25616098785694e-10,3.97444585122715e-10,-8.48489723562335e-11,-9.31219373815351e-11,1.96163113093677e-10,-3.92052384093191e-10,-2.97387360665779e-10,-3.91476409908534e-10,-5.45752666493454e-10,-1.96305280939788e-10,3.46591363581282e-10,-6.69167558798086e-11,-2.98868422969236e-10,-2.21938502832507e-10,-1.53359939966799e-10,2.06867420485422e-10,3.29519298562652e-11,-1.67327469987846e-10,9.47438960765685e-11,-1.08956040856341e-10,-1.39951230369776e-12,-9.90203784192008e-11,3.65949764378154e-10,-7.80115198324088e-11,-2.0012479701979e-10,3.29156357103535e-10,-1.15571656993081e-10,1.62519472370649e-12,1.15808911637257e-10,1.30753683533299e-10,1.5344293914873e-10,1.21789154092572e-10,1.41887668438242e-10,-7.34297717758719e-10,1.28863067238219e-10,8.10128876729421e-11,9.22658705439087e-11,-3.68031833226737e-11,-3.83845889299153e-10,-3.49912840239946e-10,-2.09378671618261e-10,-3.67363445244993e-10,-1.07509328068962e-10,4.31173174277254e-10,7.81291959187847e-11,7.78383442616095e-12,-1.72750054705504e-10,2.04568132912221e-10,1.57503764437072e-10,-4.28296783432934e-10,2.72011823331901e-10,3.00950762014365e-10,1.90501030339689e-10,-1.90403402841253e-11,-8.33649444371046e-12,-4.20024677571938e-10,-2.85728700184514e-11,3.99121094821913e-10,-1.60770426835542e-11,3.84602073128246e-10,-4.82853404924856e-11,-6.67266970714679e-11,-2.68088471757702e-10,1.30888617790221e-10,1.3965506850628e-10,1.4763152788112e-10,-8.2325505292392e-11,-1.44252990680213e-10,-6.50618787990146e-10,-1.00920032095529e-10,1.63893389748353e-10,-1.22762963284561e-10,-2.67354862061587e-10,1.38809356728885e-10,2.60336379464971e-10,7.27794645409741e-11,2.83142876300506e-10,2.51093695286146e-10,2.86812434933368e-10,-3.17440855919749e-10,-1.57497281009005e-10,-3.62352232608828e-10,1.1048923846954e-10,-1.63324536391953e-11,1.21518413820142e-10,4.67921365366264e-10,-3.24921670530625e-10,5.86320544955302e-10,3.23897426121697e-10,-1.40915044117439e-10,2.07348238045425e-10,1.32570046111049e-10,6.46173800578501e-11,-3.06430646036251e-10,3.11105907576561e-10,4.22861740932922e-10,-2.90639908422823e-10,5.4926404291644e-10,-7.96666955010503e-11,1.91951766380276e-10,-4.34940596650987e-10,-4.70974117896063e-10,2.99898564346049e-10,9.23334358223355e-11,2.67225036490408e-10,6.57916164790648e-11,-3.58215047328646e-10,-9.34570347034954e-11,9.48776229339272e-12,3.31398783852392e-10,6.07228621988257e-11,-1.61849418450293e-10,-6.73082286391127e-12,1.95690757157662e-10,-4.14933197594988e-11,2.10448280683283e-10,1.59719431346701e-10,1.16228116443772e-10,-4.43979133208843e-10,-4.42296712915012e-11,-1.01722094589111e-10,3.02814631994891e-10,-1.72501555822482e-11,-2.53689937005707e-10,3.59407387153741e-12,-1.18745459880415e-10,2.32418947996484e-10,3.78700048240671e-10,1.08724350072467e-11,1.57534541388183e-10,-3.39484103379449e-10,1.44653336491335e-10,1.40095583479787e-10,3.5583895614984e-10,3.55840545973521e-10,1.39960973637125e-10,-1.56422022808486e-10,-4.25144337721483e-11,7.36094225082203e-11,4.29258987163808e-10,1.94022434128926e-10,-1.40233246905336e-10,4.03650389357903e-10,5.06531541582798e-12,3.9506366014869e-10,-3.58819471293036e-10,1.75875946139779e-10,-3.94598235320087e-10,-3.88015414422671e-10,-2.99899996564176e-10,3.08342400339058e-10,2.95745138229502e-10,3.39227161227756e-10,-9.13761732085296e-11,-1.38424004501302e-10,-2.00094103758828e-10,-1.36681498295852e-10,9.34216879170852e-11,4.54196286643507e-10,-1.29482493464619e-10,-3.10554437158928e-10,1.12502570499788e-10,4.92145839810079e-11,-1.91087599041165e-10,1.15754881901523e-10,3.57731419724632e-10,1.8772801143271e-10,-8.25713510478566e-10,-6.79364362288604e-11,-8.04839725479783e-11,2.79208682710187e-10,7.50146203562248e-11,-4.14234476151957e-11,-2.19232500809206e-10,1.74673413319248e-11,-9.69316012316591e-11,2.47403170517922e-11,1.66450281325454e-10,-4.93915495057961e-10,1.95021154780984e-10,1.84321725722779e-10,1.80551675682971e-10,-7.54647803324037e-11,5.27688616667465e-11,1.38527008792309e-10,2.39440752979982e-10,-3.66759279762471e-10,3.82794340035938e-10,-3.84704635491604e-10,9.20049117703818e-11,-4.24092033928789e-12,7.1571333174945e-10,4.50054572546335e-10,2.06062910548379e-11,-9.75652486877667e-11,9.17578587877633e-11,3.1625703882011e-10,-2.84909073281838e-10,-3.37935744219677e-10,3.24929226973729e-11,-1.02485650613603e-11,2.6528936177401e-10,-1.21938448582853e-10,-2.36474331592662e-10,2.11344387290784e-10,4.47752294958093e-11,-5.69438287083758e-11,-1.61949518135341e-10,3.3324583738666e-11,4.70304655290204e-10,-4.25976807431199e-11,-3.47204351272433e-10,-9.32804935230954e-11,4.43696084537756e-10,6.59084865150924e-11,8.478125716696e-11,-3.58514503894463e-10,4.5084894916178e-10,-3.66856093020291e-10,1.4876023320958e-10,-8.61110317695278e-11,2.50103238640009e-10,1.48469264499522e-10,2.19536660954111e-11,1.09366175666737e-10,-2.92428046299063e-10,1.91032311078008e-10,-1.92918589514445e-10,-2.35163170896102e-10,4.26717449683011e-11,-9.04000453853304e-12,-2.11651496103314e-10,1.22620188860856e-10,-4.8339657284987e-11,-2.21019995243968e-10,-1.91035646565921e-10,-8.87859351444987e-11,1.20233061650592e-10,1.17208299883075e-10,-2.32367901068616e-10,-2.57825361864623e-10,-2.99448451641548e-10,-1.7921620189566e-10,2.99343379797488e-10,1.93783839651869e-10,-2.20326500788549e-10,-6.13111039241088e-11,1.72816127906661e-10,3.675797813159e-10,7.87501652064224e-10,-3.28652353291094e-10,3.74318842634887e-10,-1.10913525353916e-10,-1.31207047140553e-11,-2.15442247611382e-10,8.21148602843132e-11,4.76533272898013e-10,-1.19159356921251e-10,2.87937701978356e-10,-7.55896163733778e-11,6.01180411932065e-11,5.46971485931537e-11,3.23906826829479e-11,-2.67641722810343e-10,4.30104634660472e-11,-5.2461732691878e-11,1.7544350547026e-10,5.69108388554679e-10,1.98377734220852e-10,-3.80547660145978e-10,9.76464713252447e-11,4.14275102450394e-13,1.63941514322641e-10,-8.28581019135034e-11,4.09707276017864e-10,3.08860611565306e-10,5.64185556614609e-10,1.6213087380635e-10,-2.51923221595065e-10,-2.37260994135427e-10,-2.74631634902944e-10,4.33136519089516e-10,-7.34934054505491e-11,-6.31220910834115e-10,2.40735248760664e-10,-4.50104037239149e-10,1.63432583908176e-10,-3.58876826797102e-10,-7.01108596336532e-11,3.2252446986227e-10,4.89723636858694e-11,4.06726550373394e-11,-1.59540286871776e-11,-4.95950725800028e-10,-1.28073709616496e-10,3.17039811798482e-10,1.27068191200394e-10,-2.05733865889357e-10,2.76949778628453e-10,-1.2210865481897e-10,-2.74459987717646e-10,-1.00718850213877e-10,-7.03545034863844e-11,4.6655941764678e-10,2.71645596309184e-10,-1.91515689099557e-11,2.80610619215686e-10,3.88135677521296e-11,-3.1958087725334e-10,3.5892283259371e-11,-1.57057662414214e-11,-5.15952717856011e-10,2.21296839796674e-10,1.06517535668636e-10,2.50819831390287e-10,2.05695953921439e-10,-1.84125152753821e-10,-2.32723942428456e-10,-4.93811601396209e-10,2.94671093508978e-10,-1.55205286237555e-10,5.4936351609303e-10,-5.97622635066514e-10,-1.99439759461838e-10,2.73936615058533e-10,-4.84795949206426e-11,-1.23871088345465e-10,-4.94230988705838e-10,-8.14878033502325e-11,3.91493692508482e-11,3.76434905523494e-10,2.82858690660968e-10,-3.58404490301435e-10,1.48676984213901e-10,4.18791056301558e-11,-4.70159604353185e-11,1.36383317768651e-10,-2.99137177560072e-10,-2.94790028933884e-10,1.25800012247785e-10,1.87479363082149e-10,2.01359987456741e-10,1.2680445782405e-10,-9.38540019320834e-11,4.40154568268927e-11,-2.02264528984984e-10,3.40817414520259e-10,-1.65498472773055e-10,-3.39183960332951e-11,1.00506661430308e-10,2.40291556601136e-10,1.41439327559826e-12,-1.85452676459647e-10,-1.59025305802816e-11,1.22631968299142e-10,2.01823301311714e-10,-1.63876126890966e-10,-1.90614048625857e-10,1.54540511038223e-10,-3.02719846198717e-10,-5.41425924002703e-11,2.55709288376067e-11,-1.73092095492249e-10,1.68136898025336e-10,4.05646913927557e-13,1.27985198452242e-10,1.3108517690591e-10,4.55252243467692e-10,3.19594555418284e-10,5.74458719985323e-11,3.05350607615891e-10,-9.34777486164357e-11,1.82820684915334e-10,1.80779691923759e-10,-6.51082744164283e-11,1.50344551785397e-10,8.23392019965132e-11,-2.27184280411823e-11,4.64569298388639e-11,1.11348067416036e-11,-3.04471543896686e-10,3.27992815987598e-11,1.55074349898055e-10,1.15797953817524e-10,-1.76701613169146e-10,1.86725027035144e-11,-3.07438290332302e-10,2.70352001477459e-10,3.47454055044526e-10,2.17669064404848e-10,-3.05454786940553e-11,-2.75513291422645e-10,-3.80098863384878e-11,-3.68183820361594e-10,7.76322579693338e-11,3.9814377909893e-11,2.65007459364458e-10,-2.84022550373127e-10,1.5998888976726e-10,3.03112039993477e-10,2.79437380070991e-10,1.09872486059222e-11,1.98542382347526e-11,2.90386391897723e-11,-6.199100436123e-12,-1.75524580692526e-10,4.48477057404094e-10,-7.15561974506318e-11,-2.81670595169712e-10,-1.91376634671169e-10,2.18755059222482e-10,-1.9246021193637e-10,2.84285579555357e-10,2.03304777767549e-10,8.90457243004142e-11,1.05719529670652e-10,-1.6964646218658e-10,3.37461538735493e-10,-4.68738804893076e-11,-2.67580963332263e-10,1.07103888789981e-10,8.70274077497414e-11,2.72466785204482e-11,-6.85691215081527e-11,9.4687436467316e-11,-1.17918082734479e-10,3.43360862665681e-10,1.03390500037983e-10,-1.4834166182364e-10,-1.31105236422131e-10,8.13548164412707e-11,-2.20685140359787e-10,-8.25568943075866e-11,1.15188158577105e-10,-3.56121960161635e-11,-1.36514082689522e-11,-2.12502948495322e-10,2.26480457118299e-10,-2.55181366949942e-10,-2.77910505795636e-10,1.8553210117447e-11,1.98041061357531e-10,2.24703756875845e-10,-4.42655057046922e-11,2.95202889698424e-10,-1.31110061137534e-11,5.47688071091748e-11,-9.52451110948945e-11,-9.34359964526611e-11,-1.77734663388766e-10,1.46715470440088e-10,6.77361764193232e-11,-3.21622766246731e-10,-1.28338686482417e-10,-2.26029851427988e-11,-5.04860049616409e-10,3.31385422384612e-10,6.78979624922691e-11,-1.163420811632e-10,-5.16070758226183e-10,2.61878428215525e-10,-2.92271763262863e-10,2.99818180759479e-11,-5.65542965805254e-10,1.79397784249949e-10,-2.52195716848502e-10,-1.31804535168781e-10,-5.8769739956961e-11,2.08066983495399e-10,2.37122023491198e-10,1.75748215560857e-12,3.34454583428048e-10,-3.76041796445152e-10,-1.13395146865385e-10,-5.0974760821923e-10,4.6910243243052e-10,-1.95698477957366e-10,1.02107548709607e-10,-2.33319146514142e-10,-2.75047802365903e-10,2.80847698370132e-10,-5.4036177098076e-12,4.39810901392681e-11,-5.72385642551155e-11,2.68046062983708e-10,1.18186810847552e-10,4.17234808466728e-11,-1.3392742026459e-10,3.17555430281541e-10,-3.76182716043701e-10,-2.79652553835004e-10,3.70282072408891e-11,-2.26179834190615e-10,-1.63698201847266e-10,-1.24486990598693e-10,9.00945566596824e-11,-2.19102922949861e-10,3.26326464708038e-10,-2.3693431568313e-10,4.40659026511257e-10,-6.06655878659487e-10,1.56673475659072e-10,-5.97787603788724e-10,-1.34492090636965e-10,-2.49472662320988e-10,3.65344514489711e-11,7.98092546434002e-11,-1.1017295333562e-10,6.02137284007724e-11,-4.56934503723459e-10,-6.26201303877712e-11,-1.45353139367922e-10,1.34263635940818e-10,-4.33742728268027e-10,-4.99068186501059e-10,-1.11187436495161e-10,-5.19453317683249e-10,8.87415606918038e-11,-3.62379989273616e-10,1.74280569612538e-10,-2.9937626929347e-10,8.27092946145746e-11,1.8643584805784e-10,1.73232563356457e-10,6.98315837074263e-11,-8.92669151167845e-11,-7.62056895744486e-11,-4.16731792799081e-10,7.93666414816433e-11,3.38254513005995e-11,2.3115095700682e-10,-1.95950753450011e-10,7.51772574307659e-11,-1.98614190873855e-10,-8.77238144477837e-11,-6.0793564569335e-10,1.73869099140721e-10,-5.72508403854287e-11,-2.99443985139013e-10,4.35544697356986e-10,-2.79330772522467e-12,9.71858364295544e-11,-1.14458432775377e-10,2.40710498940245e-10,2.01771774078987e-10,2.66453014566277e-10,9.19673443055261e-11,-7.75725908830654e-11,-4.54672212253824e-11,-2.74466500683736e-10,-1.67970053048798e-10,1.10685170514385e-10,-1.06099379762604e-10,3.914672190623e-11,-2.3601977310273e-10,3.22901391496709e-10,-2.443904335178e-11,3.17421996775698e-10,2.52155002893417e-10,-2.82769155438325e-11,3.05672285642101e-10,2.00555561542222e-10,-1.05496592392573e-10,-1.61100710996158e-10,1.43340489800566e-12,-1.74390864798704e-10,-1.13301991343759e-10,8.78613538242581e-11,-2.59434982589181e-10,-1.75213057751606e-11,-9.77831763724805e-11,1.31162586595691e-10,1.75516769788884e-11,-2.62510931517558e-10,-1.48132742135139e-10,-3.40151718180072e-10,-2.06243142837044e-10,2.21478544975982e-10,3.12245093296831e-12,2.03743398824559e-11,1.59691058550429e-10,6.47584008453113e-11,3.46906609253665e-10,-3.08636525066189e-10,-3.02008825418053e-10,2.38763136794367e-11,5.39576598320808e-11,-4.38283213624257e-10,-4.38885335848975e-11,-1.10727911594555e-10,-2.97527101663152e-10,1.88467544599624e-10,1.77633091152998e-10,-3.75003576756842e-11,4.72913139625656e-10,-2.78017202045088e-10,-8.91092662283091e-11,-1.88666370531845e-10,-1.4539353299658e-10,-1.37897227213566e-10,1.68111473502221e-10,-7.28174279210383e-11,-9.77629901291873e-11,1.48819631510096e-10,1.96853466665748e-10,3.80747199988773e-10,-3.31506931779791e-10,-4.62878027287907e-10,-3.00738154883362e-11,-6.23552870471195e-11,-2.37107378696023e-10,2.75632963941553e-10,1.71443709759275e-10,2.52445495594827e-10,-5.90356451692082e-10,-1.76675582205835e-10,-3.00519449348578e-10,-4.75370723084922e-10,3.20197547053992e-10,2.78788482815915e-10,2.40045599182332e-11,-1.31216548220978e-10,-3.3959695815395e-11,3.25012133574023e-11,-2.08601019581356e-10,-3.75941706282849e-10,-2.9393002056888e-10,6.20507064616917e-11,-1.9589014906173e-11,-1.66245493567071e-10,1.14905212118277e-10,5.84313624612576e-11,-1.08281338873627e-10,1.67314757255493e-10,-2.21353568195723e-10,-5.58331267731339e-11,-2.14304104335921e-10,5.75002257259355e-11,-4.84054135955856e-10,4.42208347954664e-10,3.26640651327932e-11,-2.09309898876921e-11,4.76889506362638e-11,-6.11024720629483e-12,-2.80908692148587e-11,-1.01527616289287e-10,2.23761945896741e-10,5.8536729159966e-11,5.37170902258736e-10,-2.03622985291733e-10,-1.37498832870011e-10,1.46013291100209e-11,-2.74243784695117e-10,2.73022250495496e-10,-1.22572703746448e-10,1.20728048503541e-12,-5.05358469507571e-10,6.34124690358434e-11,2.52382776031835e-10,3.56799950488507e-10,5.62726899093309e-11,2.13357018880194e-10,-3.38258870171709e-10,-1.40122542752061e-10,-7.63585816493227e-11,3.75603764648936e-10,5.9190635668735e-11,1.56141256872274e-10,-4.61418301434987e-10,4.92192806850441e-11,6.11097494690819e-11,2.90619230424379e-11,5.90934865968337e-10,-1.22817459234647e-10,1.01734067321305e-10,1.3757426539017e-10,-7.40607496398167e-10,1.68450424642708e-10,2.50701190908673e-10,-1.95722019643055e-11,-6.24129489024748e-11,6.52116482770901e-11,1.25223670215479e-10,2.5095070725082e-10,-3.59267715149079e-10,1.83381082286885e-10,-4.63741193626797e-11,-6.2874645863478e-10,-3.4996941326209e-10,1.08141296439712e-10,-2.88570007750942e-10,-7.48818830941015e-10,-8.13291386272524e-11,-2.68131204537696e-10,-2.1106347584647e-10,-3.62810017830941e-11,1.91762582257724e-10,-5.5676220275007e-11,-1.9316338826545e-10,-2.1010147529626e-10,1.15735222735996e-10,6.2190864308541e-11,-3.48728516559078e-10,-1.57960720220058e-11,1.48615857815194e-11,1.8766771256795e-10,2.61199364065362e-10,2.70144232455615e-11,-6.87043773947475e-11,6.28686305368025e-11,3.58775331052801e-10,4.26657077478436e-11,2.02932618273162e-10,3.75381040946868e-11,1.78362827405566e-10,1.71177740632151e-10,-3.96371175373211e-10,3.29091224343089e-10,-1.36748128094208e-10,2.31643463438789e-10,9.76292631592451e-11,-4.24921281503849e-10,1.30746918220206e-10,2.99280122496183e-10,1.27054668547975e-11,1.01997646157762e-11,3.00667500562102e-10,-1.03643342056495e-10,7.75534769295379e-10,1.03189342002084e-10,-5.55287752743449e-10,1.49556094565695e-11,-1.1840290979097e-10,-1.43300054466016e-10,2.14149598677202e-10,-4.78016738997873e-11,5.3739950570285e-10,1.04103999900552e-10,1.13824522875137e-10,2.14843082332591e-10,1.04999514397642e-10,-3.12577805177804e-10,-3.60643904140793e-10,3.25897989218368e-11,-5.50963320039806e-10,1.28051237178351e-10,1.65606128412007e-10,5.80967001137751e-12,4.26285364865561e-10,-5.79646265616006e-11,-1.93870952009899e-10,-5.35482794440355e-11,-1.69843306955863e-10,-3.46905204517484e-10,3.69366131191898e-10,2.56426930619111e-10,1.01036955852427e-10,2.03531691529667e-10,7.08083326739106e-11,2.49771950229493e-10,3.79987380284851e-10,-7.07512254340656e-11,-2.37186870966827e-10,-5.48166527293212e-11,-1.95744998514956e-10,2.64672901347436e-10,2.9577068488418e-10,-5.42218138555709e-10,-2.06297347072803e-10,-3.13856738771677e-10,-1.6289309744467e-10,-8.16016403758858e-11,2.93464652096961e-10,-4.06916063332786e-10,-1.9625587322943e-10,5.93480084733496e-11,9.02350529387573e-11,4.60532160824017e-11,4.05312373237959e-10,-3.16982443300889e-11,-1.0185796600351e-10,3.60145229658095e-10,-2.70189317405945e-10,-3.16124748468861e-11,1.04185243580351e-10,5.99305889633098e-10,4.95840189611771e-10,-2.64771564796448e-10,-4.13678458882183e-10,2.16357992988729e-10,-6.00447363384663e-11,1.641194240365e-10,1.97126596074533e-10,1.45805341091309e-10,-4.53946056780685e-10,-2.78472215918826e-10,3.94822477689661e-10,-4.47912834981601e-10,-1.11242029776045e-10,4.37656349248736e-10,2.26561021541163e-10,7.81402500006485e-11,-9.09429377457288e-11,-6.08773605263301e-10,-3.65866872853568e-10,3.01599052608335e-10,-1.59324452029632e-10,7.01748946299177e-11,3.04618817873481e-10,9.27860337439359e-11,-4.32209600397419e-10,3.82029658538696e-10,-6.65920587772233e-11,-1.14822073468314e-10,-1.07803639716727e-10,-6.64186368409202e-11,3.65128682157801e-10,-1.29636426970094e-10,-4.0668615733014e-10,-4.3419329079587e-10,-4.15175963458754e-10,1.19030739362747e-10,9.27250497104179e-11,-2.0683034408875e-10,1.68310570355027e-10,5.43578598605502e-11,4.39319269262767e-10,-3.98479551603283e-10,1.32558991360239e-10,8.31929753319286e-11,2.15074425593924e-10,3.70323584378342e-10,-8.66761077485357e-11,9.0846071962919e-11,9.34055951209617e-12,-2.50961021549291e-10,-4.99386222369379e-11,-2.16491486293777e-10,-2.47549092505987e-10,-9.68113536457364e-11,5.65892731366597e-10,2.08582648480151e-10,2.90011666764178e-11,-2.61856067512163e-10,-2.24568179195646e-10,8.49869004704327e-11,1.38979606154053e-10,-1.84147194398801e-10,-1.50260891588988e-10,2.36703699158672e-10,-4.25837091868217e-10,9.24635352947493e-11,-1.97917896321176e-10,-5.26780897147596e-10,-2.11808100679294e-10,-3.16327105534741e-11,3.82746100671523e-10,1.94994418771453e-10,-2.52412922532363e-10,-1.22761792765901e-10,8.24354174231766e-11,4.55266156781188e-10,-2.57010991385715e-10,-1.03963590723925e-10,-7.24161876766359e-11,2.51143634290072e-10,1.94165691618116e-10,-7.19388689770187e-11,1.94180059458045e-10,-3.58448469848194e-11,5.50261376421006e-10,-2.41655105321304e-10,6.7312481136281e-10,-6.79127933364443e-11,-2.36658711948611e-10,-2.97024174849842e-10,2.48447209327562e-10,-4.35128904151644e-10,-1.52523251242272e-10,-9.84649290762356e-11,3.6272438428843e-10,-3.31150530591228e-10,1.08826859801098e-12,-1.05877329226417e-10,-1.33991768360138e-11,5.50614625733981e-11,-9.57941967569735e-11,-3.11294338295247e-10,-1.26186745759824e-10,1.62249369939106e-10,-2.29507988595569e-10,7.83712902643585e-11,6.48237339146722e-11,-1.32603054929551e-10,1.71511322673197e-10,7.83110435098152e-11,1.51125131131647e-10,-1.27000130125299e-10,-2.3870958711765e-10,2.71909586437968e-11,9.01288162671407e-11,-1.39319939810656e-10,-1.73975265629821e-10,1.3239097909594e-10,8.61658137517168e-11,2.68733530984285e-11,8.42703000455359e-11,-3.1128817049855e-11,-3.53772174668678e-10,-1.34491033598824e-10,2.2977455518094e-10,3.74803268997586e-10,1.71099332059858e-10,-2.31598866442656e-11,3.38179100460705e-10,1.79757220426057e-11,1.73516269872582e-10,3.2767541929242e-10,-2.19862233695704e-10,-1.66422728427803e-10,2.91803086678029e-11,2.81654082691019e-13,-7.68231959522064e-11,2.01055953853785e-10,-4.0436074726877e-10,2.17136126860113e-10,1.44225616197773e-10,-1.20204032803931e-11,3.60106828907213e-11,1.28300468456461e-11,-1.45562670789216e-10,6.34332040523967e-11,1.82302929776936e-10,1.08332030793771e-10,1.29192226786882e-10,2.95883065265911e-10,1.18032729962183e-10,-4.17754631136815e-10,3.19153025785161e-10,5.15549523003659e-10,1.81071075102121e-10,9.86699366673285e-11,1.39591001894743e-10,1.72405301547943e-10,-1.12634042775895e-10,-9.48305095366355e-11,1.56745480650383e-11,-3.16692711578943e-11,-2.40053090521174e-10,-4.53830646417638e-10,1.32348370157813e-10,-5.38481749362863e-10,-2.72622434820432e-10,-1.06565919186203e-10,-1.48498496511453e-10,5.92125096429478e-10,6.92106521420453e-11,1.29161778930188e-10,-7.923222537051e-11,-2.75386579267637e-11,4.63590308803155e-10,1.3159550112829e-11,-3.84529800939204e-10,2.97414340866511e-10,-6.00723176351481e-10,7.50509780805774e-11,1.78145356980708e-10,1.87267603785217e-10,-4.7621028680352e-11,-6.57783372324858e-10,-3.95788128755808e-10,5.90672297966897e-11,-2.97592112607628e-10,-3.62610070399899e-10,-1.97139537389407e-10,5.76324307674045e-11,-4.54224693318616e-10,2.77921794406488e-10,-9.07365591012241e-11,-1.83549537248232e-10,-1.66401350550586e-11,-2.47110473904772e-11,8.46989928597353e-12,3.84080162139678e-10,-3.24373908810436e-10,-3.06850767452653e-10,-1.82347455160942e-10,-3.71990343738001e-11,-4.88712327908072e-10,-1.86940826600557e-10,3.44765183450834e-10,1.7732760869592e-10,4.23696000639536e-10,-6.30907838131835e-10,-1.12252086285616e-10,-2.40198977117241e-10,1.91820149497086e-10,-1.8356926049754e-11,1.14280985123863e-10,2.80974994414614e-10,-3.15013668096392e-10,1.07766423353822e-10,4.85881368600947e-11,-2.56009361682178e-10,2.64909901541672e-10,-1.52274650949893e-12,1.3316180417272e-10,-6.43841777822223e-10,1.13923690183619e-10,-1.60192193230104e-10,3.68855718071924e-10,2.14139107612073e-11,-1.24670625442235e-10,9.71963676776071e-11,2.84719067323744e-10,-2.02637947490429e-10,-4.01469294646205e-10,-4.88590548241258e-10,4.80423052601127e-10,-1.6063263847954e-10,-2.13589699219462e-10,7.66476961637037e-11,-6.85497350229633e-11,-1.06055987104012e-10,2.26417938582736e-10,-3.33961869850865e-10,-3.00643814574891e-10,-1.72175764936574e-10,-2.15135157192429e-10,7.67073402379103e-11,-4.37576471650006e-10,-2.99612631468632e-10,-2.07762977744011e-10,1.73139371761404e-10,-2.39573671479822e-10,1.37185150991476e-10,-3.45323812615671e-10,4.66824029667461e-10,1.15269860984232e-11,1.76092118780474e-10,-1.0108642285691e-10,-1.83327704628854e-10,-1.73710056044515e-11,-1.3715810854342e-10,1.02781202848338e-10,1.34948962755702e-11,-5.18010299057106e-10,1.30639517714445e-10,-2.05699454259846e-10,2.11282593734585e-11,-1.76322287050885e-10,5.72406159089734e-11,2.1727130215202e-10,-5.38573724665231e-10,-2.13132030759266e-11,5.47696066479516e-11,6.07540895675046e-11,2.94290228914954e-10,-3.99117704027483e-10,4.00109819768641e-10,5.98489077112166e-12,-2.69995556729868e-11,-4.22616664001076e-10,-4.24437505053971e-10,-1.11708454721507e-10,1.69310015139439e-10,-2.42551684315896e-10,2.05203519203562e-10,1.22954916106253e-10,-3.76901978054362e-10,8.09887612945728e-11,-8.98502646905658e-11,3.22412583810744e-10,-9.63263650896494e-11,-2.24670645811579e-10,-2.2233648628687e-10,-4.12045032926089e-10,3.13054258012964e-10,-2.62800140450964e-10,-5.7701182992385e-10,-1.18519513587429e-10,-1.75672886512556e-10,5.40263892548291e-11,1.36718370183558e-11,3.97481437611711e-10,-2.10146737555515e-10,-2.53676747742447e-10,2.17738355395189e-10,-2.96035736622818e-10,-3.09212087361299e-10,3.55411719622739e-10,-2.09583362086342e-10,1.13022036597219e-10,-2.65231929406143e-10,-1.18474651800217e-10,1.50286692069392e-10,-2.98769713131896e-10,2.34967150264816e-11,-3.00229709466229e-10,-2.54462369551351e-10,-1.56327052644099e-11,-6.47094242409447e-11,-1.85818584335997e-10,-4.61569232966736e-10,-6.05196151833904e-11,9.76959884916576e-11,-1.76514955366072e-10,-1.37013402808673e-10,-2.94851283601729e-10,-4.32856464485763e-10,-1.8799670329524e-10,-3.4794546458048e-11,-2.95762744743299e-10,2.59805950159005e-11,8.15634058188354e-11,3.26650919903103e-10,-1.67287434178388e-10,-1.22887440500664e-10,6.87295302853732e-11,-2.15601071818131e-10,2.67677532789994e-11,3.58431444494701e-10,-5.36943734828081e-10,-1.56084865677274e-10,-2.48202767608247e-10,-2.50853378132761e-10,-2.63596559479356e-10,-1.73227288990716e-10,6.63674011155385e-11,1.34546751487889e-10,-3.5109733426481e-10,-5.71397153720559e-11,-3.18554967184383e-10,1.57017984972817e-10,-4.70342713111253e-10,-1.19329049231079e-10,8.72273154402716e-11,-2.48762593402939e-10,2.78188818375769e-10,-4.42922362199889e-11,2.4410117560107e-10,-1.2115835847664e-10,-3.43791325384744e-10,-1.19822259237788e-10,3.24289235393376e-10,1.51065026330971e-10,2.90910412768259e-11,-3.23699304336e-10,-4.33410456189451e-11,1.52186796406262e-10,-2.58028655656769e-10,3.6730428855332e-11,-5.90523817033224e-10,-1.8601493815098e-10,3.3254231263217e-10,-3.1843545372984e-10,1.90606326134723e-10,9.36511495721731e-11,7.62445827437501e-11,-3.59162787646453e-10,-6.81598611230359e-12,-3.22694411939726e-11,1.46831235372973e-10,-2.50646911177822e-10,8.07119263896987e-11,6.70211434434865e-11,1.98657207740458e-10,-1.13685717634941e-10,-8.86712595390106e-11,2.30445794939456e-10,-1.20948371390024e-10,1.9218945123159e-10,-5.11137156581248e-11,-6.72422112887184e-10,4.10097403305803e-10,-3.64751693499681e-10,-1.41658571972119e-10,-5.33470635157563e-10,1.00225877885092e-10,1.87016353016497e-10,2.01033905983335e-10,1.96993851491603e-10,4.15192601177668e-11,-2.87354854240639e-10,2.68881141086845e-10,3.45432050812452e-10,1.47065815912773e-10,1.38632961872464e-10,-3.70746533864176e-10,-3.69384956811623e-11,-5.85278256651328e-10,3.59436043118089e-10,1.31324916763417e-10,-1.18000713965698e-10,2.3733318110683e-11,-2.75690296724333e-10,3.09174090435338e-11,2.65984789524817e-10,-8.38023816622981e-11,-2.19525107335262e-10,-2.33913849847977e-10,-1.7444025839885e-10,1.56828460222166e-10,-6.20844754014569e-10,-4.11078976141094e-10,-2.2460535886546e-11,-9.86091921134174e-11,1.52929187855151e-10,-2.52822074550166e-10,6.44246158515471e-11,-1.35891515271266e-10,-1.21311328131602e-10,-2.46207153402248e-10,-4.13225367708495e-11,-2.92982765007164e-10,-1.179644342805e-10,-1.58868216511242e-10,2.62997429011079e-10,5.06166580640936e-10,1.03875201405608e-10,1.42094612424246e-10,-6.43248393386068e-11,6.55537212244064e-11,-1.25836546596139e-11,1.61541258381735e-10,-8.28410656863968e-11,-6.93233428424141e-11,-1.30230138030284e-10,-4.9535251633828e-10,-2.89105461308541e-10,2.12979446207699e-11,-1.8923291863439e-10,-1.66911520082307e-10,-1.31779893358982e-10,-2.90120006602558e-10,-2.58845249901331e-10,3.29743074215063e-10,-5.81831882753319e-11,-1.09930750786339e-10,-3.87830888858587e-10,1.99517355826851e-11,-1.61282701438142e-10,-9.51659917240539e-12,-1.4952137079803e-10,-6.94838334067294e-12,-4.735987064293e-11,-4.73003709534741e-10,-1.26768809098997e-10,-5.16706732718923e-10,4.53441099460026e-10,1.94484796253641e-10,-2.7439962679941e-10,-1.90812270446989e-10,-1.78480015085331e-10,-3.46080487076999e-10,-1.47252888975422e-10,-1.90576681441786e-12,-8.59809851192126e-11,2.14684158248351e-11,9.59114636378095e-11,1.41854140192861e-10,-5.90562815766545e-11,-2.15406304789343e-10,2.93546412521512e-10,-2.62800272297843e-10,-3.40417852499637e-10,2.9592357828066e-10,-2.46746927581754e-10,2.17808203098556e-10,-1.72366956747578e-10,4.70030488525527e-10,1.04613681021221e-11,9.7515565124323e-11,1.3439774646471e-10,3.24064657442507e-10,-3.00755812771136e-10,-2.78421343837623e-10,-3.10548984630447e-12,-3.66333350967433e-10,1.47875695413611e-10,-1.43821501597428e-12,3.41087184563155e-10,2.44579773518196e-11,2.78731492448563e-10,3.71871818639633e-10,-3.47974903711773e-10,-1.14048826110697e-10,-2.97326114674566e-10,2.96281882571016e-10,4.29223193329045e-10,8.00607898329377e-12,2.82136586755927e-10,2.30887702480542e-10,-5.94741105115512e-11,-5.31041701687526e-10,-4.95056309893472e-11,-4.1199151620392e-10,1.38639182505772e-10,-7.04830646967523e-12,-7.71630027847383e-11,-2.14463514798203e-10,-1.61570916216761e-10,1.42344211076865e-10,4.25727897403815e-10,1.22082575942286e-10,-1.87632164677989e-10,1.37636965478107e-10,-7.72704748289645e-11,3.19868101419806e-10,6.2527770658288e-11,2.17300975690933e-10,-1.7994858654396e-11,-9.93032354095655e-11,2.34845575770785e-10,-2.73816867794887e-10,3.12990601676664e-10,-2.32873588697165e-10,4.2304639958595e-10,6.78686508374279e-10,3.2404678012459e-10,-4.85513171873841e-10,6.73933208650358e-10,-7.29388961735411e-11,2.71645454421335e-10,5.86258889562873e-11,-4.84405752757694e-11,1.64451830416746e-10,1.53777222081607e-10,-1.7756592701443e-10,3.27641987720792e-10,4.35443071655822e-10,8.37016274654996e-11,7.06040223642655e-11,5.07730789717973e-10,-1.84457920206032e-10,1.96818247128616e-10,4.60428900886882e-10,-1.84569635264561e-10,6.14748273665542e-10,3.66191987214088e-10,3.09976314583754e-10,1.29436693176957e-10,1.24658339716635e-10,-1.06082380486226e-11,5.57021199420505e-10,8.67720720648172e-10,6.69821801005766e-10,4.73866991201604e-10,6.04449097814006e-10,3.11877714208431e-10,4.52927655467215e-10,7.88600773340955e-10,4.82468895031722e-10,4.06993571453507e-10,7.20773233627901e-10,7.92346673128778e-10,6.284841946736e-10,4.59899315052614e-10,8.13311528731497e-10,3.99012412828124e-10,1.09398466443443e-09,1.26646066667883e-09,3.06327865481873e-10,9.45586187991188e-10,8.43789765303827e-10,9.71333252076136e-10,7.97317913752509e-10,7.92308098239734e-10,1.09666821652946e-09,9.60198540352246e-10,5.93927346427704e-10,9.43607468371835e-10
