v,0.25
Patm,100000
g,9.81
r,500
G,10^11.44
rho,2400
mu,10^4.55
rc,15
 
M,10^6.12
sigma,0.25
 
tilt_erupt,1.5821nrad
 
-1243,-1242,-1241,-1240,-1239,-1238,-1237,-1236,-1235,-1234,-1233,-1232,-1231,-1230,-1229,-1228,-1227,-1226,-1225,-1224,-1223,-1222,-1221,-1220,-1219,-1218,-1217,-1216,-1215,-1214,-1213,-1212,-1211,-1210,-1209,-1208,-1207,-1206,-1205,-1204,-1203,-1202,-1201,-1200,-1199,-1198,-1197,-1196,-1195,-1194,-1193,-1192,-1191,-1190,-1189,-1188,-1187,-1186,-1185,-1184,-1183,-1182,-1181,-1180,-1179,-1178,-1177,-1176,-1175,-1174,-1173,-1172,-1171,-1170,-1169,-1168,-1167,-1166,-1165,-1164,-1163,-1162,-1161,-1160,-1159,-1158,-1157,-1156,-1155,-1154,-1153,-1152,-1151,-1150,-1149,-1148,-1147,-1146,-1145,-1144,-1143,-1142,-1141,-1140,-1139,-1138,-1137,-1136,-1135,-1134,-1133,-1132,-1131,-1130,-1129,-1128,-1127,-1126,-1125,-1124,-1123,-1122,-1121,-1120,-1119,-1118,-1117,-1116,-1115,-1114,-1113,-1112,-1111,-1110,-1109,-1108,-1107,-1106,-1105,-1104,-1103,-1102,-1101,-1100,-1099,-1098,-1097,-1096,-1095,-1094,-1093,-1092,-1091,-1090,-1089,-1088,-1087,-1086,-1085,-1084,-1083,-1082,-1081,-1080,-1079,-1078,-1077,-1076,-1075,-1074,-1073,-1072,-1071,-1070,-1069,-1068,-1067,-1066,-1065,-1064,-1063,-1062,-1061,-1060,-1059,-1058,-1057,-1056,-1055,-1054,-1053,-1052,-1051,-1050,-1049,-1048,-1047,-1046,-1045,-1044,-1043,-1042,-1041,-1040,-1039,-1038,-1037,-1036,-1035,-1034,-1033,-1032,-1031,-1030,-1029,-1028,-1027,-1026,-1025,-1024,-1023,-1022,-1021,-1020,-1019,-1018,-1017,-1016,-1015,-1014,-1013,-1012,-1011,-1010,-1009,-1008,-1007,-1006,-1005,-1004,-1003,-1002,-1001,-1000,-999,-998,-997,-996,-995,-994,-994,-993,-992,-991,-990,-989,-988,-987,-986,-985,-984,-983,-982,-981,-980,-979,-978,-977,-976,-975,-974,-973,-972,-971,-970,-969,-968,-967,-966,-965,-964,-963,-962,-961,-960,-959,-958,-957,-956,-955,-954,-953,-952,-951,-950,-949,-948,-947,-946,-945,-944,-943,-942,-941,-940,-939,-938,-937,-936,-935,-934,-933,-932,-931,-930,-929,-928,-927,-926,-925,-924,-923,-922,-921,-920,-919,-918,-917,-916,-915,-914,-913,-912,-911,-910,-909,-908,-907,-906,-905,-904,-903,-902,-901,-900,-899,-898,-897,-896,-895,-894,-893,-892,-891,-890,-889,-888,-887,-886,-885,-884,-883,-882,-881,-880,-879,-878,-877,-876,-875,-874,-873,-872,-871,-870,-869,-868,-867,-866,-865,-864,-863,-862,-861,-860,-859,-858,-857,-856,-855,-854,-853,-852,-851,-850,-849,-848,-847,-846,-845,-844,-843,-842,-841,-840,-839,-838,-837,-836,-835,-834,-833,-832,-831,-830,-829,-828,-827,-826,-825,-824,-823,-822,-821,-820,-819,-818,-817,-816,-815,-814,-813,-812,-811,-810,-809,-808,-807,-806,-805,-804,-803,-802,-801,-800,-799,-798,-797,-796,-795,-794,-793,-792,-791,-790,-789,-788,-787,-786,-785,-784,-783,-782,-781,-780,-779,-778,-777,-776,-775,-774,-773,-772,-771,-770,-769,-768,-767,-766,-765,-764,-763,-762,-761,-760,-759,-758,-757,-756,-755,-754,-753,-752,-751,-750,-749,-748,-747,-746,-745,-744,-743,-742,-741,-740,-739,-738,-737,-736,-735,-734,-733,-732,-731,-730,-729,-728,-727,-726,-725,-724,-723,-722,-721,-720,-719,-718,-717,-716,-715,-714,-713,-712,-711,-710,-709,-708,-707,-706,-705,-704,-703,-702,-701,-700,-699,-698,-697,-696,-695,-694,-693,-692,-691,-690,-689,-688,-687,-686,-685,-684,-683,-682,-681,-680,-679,-678,-677,-676,-675,-674,-673,-672,-671,-670,-669,-668,-667,-666,-665,-664,-663,-662,-661,-660,-659,-658,-657,-656,-655,-654,-653,-652,-651,-650,-649,-648,-647,-646,-645,-644,-643,-642,-641,-640,-639,-638,-637,-636,-635,-634,-633,-632,-631,-630,-629,-628,-627,-626,-625,-624,-623,-622,-621,-620,-619,-618,-617,-616,-615,-614,-613,-612,-611,-610,-609,-608,-607,-606,-605,-604,-603,-602,-601,-600,-599,-598,-597,-596,-595,-594,-593,-592,-591,-590,-589,-588,-587,-586,-585,-584,-583,-582,-581,-580,-579,-578,-577,-576,-575,-574,-573,-572,-571,-570,-569,-568,-567,-566,-565,-564,-563,-562,-561,-560,-559,-558,-557,-556,-555,-554,-553,-552,-551,-550,-549,-548,-547,-546,-545,-544,-543,-542,-541,-540,-539,-538,-537,-536,-535,-534,-533,-532,-531,-530,-529,-528,-527,-526,-525,-524,-523,-522,-521,-520,-519,-518,-517,-516,-515,-514,-513,-512,-511,-510,-509,-508,-507,-506,-505,-504,-503,-502,-501,-500,-499,-498,-497,-496,-495,-494,-493,-492,-491,-490,-489,-488,-487,-486,-485,-484,-483,-482,-481,-480,-479,-478,-477,-476,-475,-474,-473,-472,-471,-470,-469,-468,-467,-466,-465,-464,-463,-462,-461,-460,-459,-458,-457,-456,-455,-454,-453,-452,-451,-450,-449,-448,-447,-446,-445,-444,-443,-442,-441,-440,-439,-438,-437,-436,-435,-434,-433,-432,-431,-430,-429,-428,-427,-426,-425,-424,-423,-422,-421,-420,-419,-418,-417,-416,-415,-414,-413,-412,-411,-410,-409,-408,-407,-406,-405,-404,-403,-402,-401,-400,-399,-398,-397,-396,-395,-394,-393,-392,-391,-390,-389,-388,-387,-386,-385,-384,-383,-382,-381,-380,-379,-378,-377,-376,-375,-374,-373,-372,-371,-370,-369,-368,-367,-366,-365,-364,-363,-362,-361,-360,-359,-358,-357,-356,-355,-354,-353,-352,-351,-350,-349,-348,-347,-346,-345,-344,-343,-342,-341,-340,-339,-338,-337,-336,-335,-334,-333,-332,-331,-330,-329,-328,-327,-326,-325,-324,-323,-322,-321,-320,-319,-318,-317,-316,-315,-314,-313,-312,-311,-310,-309,-308,-307,-306,-305,-304,-303,-302,-301,-300,-299,-298,-297,-296,-295,-294,-293,-292,-291,-290,-289,-288,-287,-286,-285,-284,-283,-282,-281,-280,-279,-278,-277,-276,-275,-274,-273,-272,-271,-270,-269,-268,-267,-266,-265,-264,-263,-262,-261,-260,-259,-258,-257,-256,-255,-254,-253,-252,-251,-250,-249,-248,-247,-246,-245,-244,-243,-242,-241,-240,-239,-238,-237,-236,-235,-234,-233,-232,-231,-230,-229,-228,-227,-226,-225,-224,-223,-222,-221,-220,-219,-218,-217,-216,-215,-214,-213,-212,-211,-210,-209,-208,-207,-206,-205,-204,-203,-202,-201,-200,-199,-198,-197,-196,-195,-194,-193,-192,-191,-190,-189,-188,-187,-186,-185,-184,-183,-182,-181,-180,-179,-178,-177,-176,-175,-174,-173,-172,-171,-170,-169,-168,-167,-166,-165,-164,-163,-162,-161,-160,-159,-158,-157,-156,-155,-154,-153,-152,-151,-150,-149,-148,-147,-146,-145,-144,-143,-142,-141,-140,-139,-138,-137,-136,-135,-134,-133,-132,-131,-130,-129,-128,-127,-126,-125,-124,-123,-122,-121,-120,-119,-118,-117,-116,-115,-114,-113,-112,-111,-110,-109,-108,-107,-106,-105,-104,-103,-102,-101,-100,-99,-98,-97,-96,-95,-94,-93,-92,-91,-90,-89,-88,-87,-86,-85,-84,-83,-82,-81,-80,-79,-78,-77,-76,-75,-74,-73,-72,-71,-70,-69,-68,-67,-66,-65,-64,-63,-62,-61,-60,-59,-58,-57,-56,-55,-54,-53,-52,-51,-50,-49,-48,-47,-46,-45,-44,-43,-42,-41,-40,-39,-38,-37,-36,-35,-34,-33,-32,-31,-30,-29,-28,-27,-26,-25,-24,-23,-22,-21,-20,-19,-18,-17,-16,-15,-14,-13,-12,-11,-10,-9,-8,-7,-6,-5,-4,-3,-2,-1,0
-3.51977544641168e-11,-6.36662562119064e-11,-8.47598655762292e-11,8.67082324885335e-11,-2.89975580748099e-12,1.27797142029547e-10,1.76116770162204e-10,-1.03535509627943e-10,-2.08545408424023e-10,-1.4266672706798e-10,1.36931978995759e-10,1.66472796263755e-11,2.72849481428103e-10,-1.88749612993697e-10,-2.47901568549146e-10,9.10917090722831e-11,2.58012265840552e-10,-6.09436822133143e-10,3.74929500105999e-10,-4.47527546751356e-11,-2.09291598860436e-10,7.35802927680789e-11,9.55795149439745e-12,3.344043940538e-11,-4.33516640824483e-10,-2.36063833661375e-10,-9.7674596393329e-11,-4.99788232838313e-10,-1.44563257306733e-11,-1.29381590385578e-10,-1.65985296823332e-10,-1.0993062609677e-10,2.25862084380501e-10,2.44072395302568e-10,6.339509318406e-11,-1.89302289257785e-10,-3.32549795872215e-10,-7.47701975813959e-11,-7.31777783154662e-11,-3.67045193814584e-10,-3.16273535297159e-10,-1.80415361761252e-10,-1.70453999526172e-10,1.63747820525444e-11,2.92099836171632e-10,-1.55119589018765e-10,2.32127443504601e-10,7.05788364230128e-11,1.56149000835725e-10,4.69793417060785e-10,1.01573012517239e-10,8.21263618757576e-11,2.63942683682873e-10,-2.08648326254555e-10,-1.85770514693217e-10,3.41894706217507e-10,-7.03277906779332e-11,-4.51677270500058e-10,-2.83704371575177e-10,4.67611546517861e-10,-4.97768806000041e-11,-3.27917322050515e-10,-4.4505542999376e-10,-5.09325715100109e-10,2.15300778341279e-10,2.06717146252094e-11,-1.40972327081137e-10,6.26041918143409e-12,1.82560783870491e-10,3.72378149177327e-10,-1.37835551047196e-10,6.69011859221834e-11,-1.8009659313926e-10,-6.31828293769104e-10,-1.31320850613083e-10,-7.64858370474925e-13,3.23998557375243e-10,-5.57509029602015e-12,1.59689473968589e-10,3.1098379293495e-11,9.66588117747152e-11,3.74689356705298e-10,-1.87729458166991e-11,2.80989926418895e-10,1.9338821965879e-10,-2.96211458618985e-10,-7.56895520455821e-11,2.5733629925554e-10,2.88102673282218e-10,1.76419503351407e-10,-2.72060275924869e-11,-1.3695277622528e-11,2.44239866346771e-10,-5.11283127015572e-13,1.27074721207642e-10,1.63809534324482e-10,-1.62779989329234e-10,2.12585562751744e-10,8.2149324115434e-11,-3.28887431065526e-10,9.34537562436685e-11,-2.1900895620365e-10,-3.68244705585977e-10,-4.5923477398679e-11,-9.59320179991801e-11,2.4768829290806e-10,-5.78982566387193e-10,-4.01432841870811e-10,1.74336737476021e-10,3.49348736061124e-10,-1.08375166050944e-10,-2.21453148083597e-10,1.27960937087376e-10,-2.90715964001276e-10,1.22651678867004e-10,2.24531173377937e-10,2.93405930568171e-10,-2.34352074019276e-10,3.50752654669261e-11,-3.93558124006884e-10,-4.87509620408937e-11,4.6054249837948e-10,2.16428439392342e-10,1.45874136823106e-10,4.23419492384944e-10,1.95329697075955e-10,4.4834366896152e-10,-1.02815586549447e-10,-2.84760607623898e-10,1.87113845383667e-11,-5.54341008191237e-11,-1.46083168582399e-10,-9.73017151304039e-11,-7.5644496920773e-11,2.7419313773398e-10,1.0322605115704e-10,-1.32456891017289e-11,4.70569520887574e-10,4.77561605718674e-10,8.16966948474118e-11,1.53008653717687e-10,3.88220349874364e-11,2.33580508376492e-10,1.68724770140746e-11,-2.65837243367559e-10,-1.75555784850612e-11,4.08234043000341e-10,4.07156979524413e-11,6.70946309153075e-11,-2.94976816022278e-10,4.63663504764244e-10,-2.89164730878594e-10,-1.45250038397102e-10,4.11271067737649e-11,-2.45352165906222e-11,-2.73595846630912e-10,9.29199790255564e-11,8.77257126860751e-11,-3.2799753118211e-10,1.18664402308617e-11,2.28794370012602e-10,-2.7349026602056e-10,-3.57334690931525e-11,-8.51427781438323e-11,5.29676248843332e-10,-3.45752395859764e-10,4.23303255278791e-10,6.34038842403172e-11,1.10503668910235e-10,1.1573202619596e-12,1.14278073433355e-10,2.22894589922294e-10,4.42431335752676e-10,-2.04121437089132e-10,5.88551243358174e-11,3.6839159246762e-11,3.11120739166357e-10,-1.03870981393286e-10,-1.04084182237367e-10,-2.52687613397837e-10,2.63195163421674e-10,-3.02935658754246e-10,-4.06014237962755e-11,7.44438266249534e-11,-1.16316979461297e-11,3.90943846756626e-11,-6.57833389933336e-11,-5.18011306766051e-10,1.89188579383956e-10,-5.96821669006112e-11,1.52040792350889e-10,5.30880260404593e-10,-2.47039716416587e-10,1.89958634518509e-10,8.54962163421341e-10,-1.55283024571441e-10,-2.48881536035099e-10,1.50716986411608e-10,2.28329407621781e-10,-9.26648205899768e-11,-4.87409576063686e-10,4.79036733192113e-10,2.21439115217391e-11,-1.18681065963953e-11,2.37430837490555e-10,-1.88170972382424e-10,2.63520490019543e-10,-2.93079660288359e-11,-2.50125010498755e-10,7.17611925947352e-11,-5.72255976286663e-11,5.64540279783353e-12,3.68837124024101e-12,-9.46626384016152e-11,-7.20872100285335e-10,-4.96915979210541e-10,-1.71015130507313e-10,1.29584901145977e-10,1.29503606250077e-10,5.87347683676789e-11,8.43841051596194e-11,-3.52813676721951e-10,3.40128717993689e-10,-9.89990705504106e-12,-1.2425381765888e-10,-9.58285909301137e-11,-1.58657075457399e-11,8.89859423293376e-11,1.08684128581664e-10,-2.26237305018061e-10,1.70166681877279e-10,-2.67811011904746e-11,-1.44073510726793e-10,-4.32071270660308e-11,-9.35928188038355e-11,3.8838912200658e-11,-4.76510994241185e-11,3.93665932471049e-10,-2.72217251433151e-10,7.41932090450308e-12,6.2727665906412e-10,-5.02163032051225e-11,4.18030972539648e-11,8.54209947973992e-11,1.52676551216743e-10,3.07790985479591e-10,2.87791041694873e-10,3.31757940966667e-10,-3.03074518972615e-10,-1.15858019179487e-11,-1.33473134539672e-10,4.87862308323913e-10,5.01738251169378e-10,-1.76440338408516e-10,-2.7089253429249e-10,-3.4793514710325e-10,1.61820388681998e-11,2.07272518898215e-11,-4.36151006182602e-11,2.1609263503938e-10,2.94320470540767e-10,3.44288479048807e-10,4.8726849343807e-10,5.16026474265548e-10,-2.21103702050886e-10,5.86217814230042e-11,3.02528735241342e-10,2.60271933878185e-10,4.00432541713278e-10,2.64831566366268e-10,-1.56490867234266e-10,4.66316964619001e-11,-1.02884322657398e-10,5.74253342525844e-10,3.21368855023912e-10,1.28478103625929e-10,-5.11444110248864e-11,-5.04572208143314e-10,-5.515442472575e-11,-1.52008932300926e-10,3.72994972031133e-10,3.60800351443496e-10,-5.40850027895556e-10,7.6920470286376e-11,4.52100232147074e-10,-2.4132199899738e-10,-1.85129225018642e-10,2.75766734512982e-10,-2.5216863278634e-10,1.27681289610375e-10,-9.74764263084396e-11,-2.64053719606748e-10,3.27818468955594e-10,1.96801586222313e-10,9.44634400124836e-11,-2.09283765194749e-10,1.24347045916089e-10,-1.32947959339893e-10,-1.36008288091821e-10,3.49419212652031e-10,-2.52281015365696e-10,-2.62973972664055e-11,-4.25422644923522e-10,-2.88924443250746e-10,-6.28195799151767e-11,-2.86553142327405e-10,1.04740820563352e-11,1.81939322000387e-10,-1.30453211565223e-10,4.8485881189232e-10,1.80878060913826e-10,-8.22228687076591e-11,1.73237919839803e-10,-1.59006625037432e-10,1.73073497449896e-10,-1.09754141008892e-10,2.79285693042652e-11,-2.34243794606515e-10,3.08455884339756e-11,1.21845682274514e-10,3.99467224252687e-10,8.20785214115099e-11,5.02283311172e-10,-3.94500186146934e-10,-1.44982491279865e-10,-2.35671309003279e-10,2.90406179340487e-10,-1.46894784604076e-10,-2.10881454327586e-10,-1.74848833284246e-10,-1.34883599004697e-10,-3.88010810486928e-11,-4.66338651522206e-10,8.71959347278208e-11,-2.00728400727274e-10,-9.99534578928008e-11,3.84383203292247e-10,-2.51737726192754e-10,-3.43429134633875e-10,-2.37313334862167e-10,-3.61467342369028e-10,-1.42595259242678e-10,2.2365554306682e-10,-2.21199146262297e-10,-1.86589595328908e-10,1.93422146396687e-11,-2.87681672361212e-10,-3.7708916736507e-11,6.19567325171299e-11,-4.79496459777134e-10,-1.5759446049952e-10,2.4270623415294e-10,-2.60305792090121e-10,-3.07134926810193e-11,-1.74182869659725e-10,-9.53489868837159e-11,-3.67214254195091e-10,3.52554918152662e-10,-7.06062270035807e-11,-3.19663883490956e-10,-3.06914625100168e-10,1.88836319044921e-10,7.96324044810297e-11,-1.75679918266549e-10,5.12203600015612e-11,2.92682252789792e-10,-4.74598782498724e-10,-3.98673161313042e-10,3.82451545877687e-10,-2.66192151999788e-10,-1.42020192772739e-10,2.71085596198418e-10,2.86828998660346e-10,-7.38811744278228e-11,-6.44563005602195e-10,3.16380406465117e-11,1.90702490988758e-10,3.19291172877673e-10,8.44417579967232e-11,-8.53906973949742e-11,4.23218129995572e-10,2.13179361308108e-11,-2.12116009721829e-10,1.26797448654268e-10,3.04143051655546e-10,-1.77775682878082e-10,-1.70759005543346e-10,-3.83379319934587e-11,2.87314820107563e-10,-3.99023277746209e-10,1.89103524867742e-11,1.39391438537583e-10,-1.03251656608805e-10,-2.85459049680462e-10,2.40857301752894e-10,2.48711975868787e-11,-2.52627418882366e-12,3.73019807879152e-11,-3.25072622307041e-11,1.56166976170822e-10,1.49397338699002e-10,-5.8599263237533e-11,4.13008258184679e-11,-1.19920944097605e-10,8.91982338571545e-11,8.1357412828849e-11,-7.32367925841507e-10,1.68114071307315e-10,-4.31719003900591e-10,1.34831113155621e-10,1.26166546111034e-10,2.37108547012889e-10,3.76242272448422e-10,2.14419894327574e-10,-6.76401449923238e-10,1.58719292356824e-11,-1.18763940275488e-10,7.97227729261573e-11,-5.97220553648972e-11,-1.47456204308054e-10,-3.11377582942656e-10,5.78573182139788e-11,6.28531848726954e-12,1.6145924344367e-10,-5.69968216929451e-11,-8.41802461564551e-12,-7.30563603416938e-11,3.42307822929719e-12,7.60500844967247e-11,-1.52722660882143e-10,-9.10129296970731e-11,2.11250790950249e-10,-1.02617313000819e-10,4.97200278592804e-10,-2.38259255901285e-10,8.05681269773826e-11,-9.26329832324806e-12,-1.51552988398949e-11,-3.44256633055158e-10,-4.47385639466581e-10,1.81711291544738e-11,-6.2288809689247e-11,1.81798319986012e-10,-1.53391567974487e-10,3.71285977521016e-11,-5.07918580769576e-11,3.73096295456772e-10,-1.8973026209391e-10,-2.21380588845214e-11,-1.98533896183598e-10,-2.12632517701791e-10,-2.02881223120032e-10,2.27048664158964e-10,-1.88209060839522e-10,-1.24151624138505e-10,-2.87671898291305e-10,2.18541690060944e-10,1.25771721819965e-10,2.29094711038729e-10,5.39872158091488e-11,-1.95884571701916e-10,-2.2807416207683e-10,-1.95376058456291e-10,1.84042798429892e-10,-2.67517693633788e-10,-4.73783299414691e-13,3.26522987536498e-10,2.28495868480362e-10,-7.62222740220164e-11,1.90085662947448e-10,2.47144002087531e-10,3.73807655756846e-10,-7.00593797103531e-11,-1.97391040436557e-10,1.84378182547301e-10,1.90081485808955e-10,1.635156926009e-10,-2.6852026665588e-10,-1.26244835722606e-10,-2.74138071225926e-10,-2.79645207901209e-10,3.52922896514614e-10,-3.88134983810961e-10,-2.73432565660826e-10,-1.46086461807303e-10,7.55449932337778e-11,1.72308939583556e-10,-2.15635143979335e-10,-1.54104527998881e-10,-3.91611920030833e-10,-2.60871208587151e-10,2.46473847897394e-11,-3.40390084769309e-10,3.16925667637058e-10,4.19232914428636e-10,-2.97025245259698e-10,2.2678889076696e-10,-3.16337540532291e-10,-1.74724841790257e-10,3.02840430814013e-10,5.53305769717873e-11,1.17886880947874e-10,2.46621864663965e-10,-4.60326826144842e-10,7.99678036569148e-11,-2.08828944082725e-11,-2.92491706714879e-10,2.24651695617991e-10,-2.52460775013419e-10,-1.74271133267614e-10,1.89716644172878e-10,-8.17242249934922e-12,-1.68337444154881e-10,-4.78109016968912e-11,-8.47291274585291e-11,1.51938837773141e-10,3.79626609381325e-10,-8.07389363053481e-11,-4.53561181661337e-10,-3.08385767042291e-10,4.44245155004336e-10,-4.07702949258337e-10,-3.00845558567893e-10,-1.39805133943702e-10,-9.43726359943892e-11,2.27238052858337e-11,1.06980417216984e-10,-7.72119697932336e-11,3.54372550103165e-10,-2.59273018521477e-10,3.71620659574942e-10,7.54802001030095e-11,-1.96424573504942e-11,-2.46228635085287e-10,1.505478592859e-11,4.59510857595981e-11,8.07394674692696e-11,1.03542119424935e-10,3.04263401897425e-11,3.36251083091469e-11,3.29919612567908e-10,-1.39637834651582e-10,-1.15708789192057e-10,-1.26519554836518e-10,-2.85521930635677e-10,-2.53034734798857e-10,1.25436948203344e-10,-1.54950546796138e-10,-2.84476386766624e-11,-2.52016034298955e-10,5.6163056160649e-11,2.79983261339737e-10,-2.56166917011059e-10,1.32616178809191e-10,3.99864387628662e-10,-1.70427674305889e-10,6.07738019689151e-10,-3.34484718550664e-13,4.19797606668864e-10,-6.14223570867319e-11,2.15325382365803e-10,-2.12600295543152e-10,4.21773470323994e-10,-1.54620906526159e-10,-7.49247116649367e-11,-3.16527074356034e-10,-1.16897024487826e-10,3.31188398619837e-11,-3.94393194860883e-10,-2.28614683514619e-10,-1.39408280909009e-10,-2.82690575634162e-10,-2.34483672459536e-10,-8.0517420755622e-11,7.32999201634716e-11,1.52536055805726e-10,-2.92589818442209e-10,-2.15980118024692e-10,-1.66475598905499e-10,-1.52659321215386e-10,6.14640106112217e-11,1.04660350062024e-11,6.31254978885095e-10,-2.66173024878704e-10,-1.59652585990182e-10,2.20725553809135e-10,-4.90845603325307e-10,-2.83521577121119e-10,-2.2580924872193e-10,-4.23927815982976e-10,-1.66588092804257e-10,-1.98287696045164e-11,-1.22625470649011e-10,9.4697583267007e-11,-3.54396182692409e-10,3.94580503304881e-10,5.42196511004622e-11,9.70148663110449e-11,-1.03446542860782e-10,2.07697112154987e-10,-5.31127367435926e-11,-1.17591089200073e-10,-3.86556981573853e-10,-7.06770247992697e-10,4.70864512644256e-10,-4.4515829965474e-10,-6.12055675269007e-11,-2.65389648189613e-10,2.21987617145976e-10,-4.59345756158505e-10,3.43484721152016e-10,-2.33999862583164e-10,-2.76348850436097e-10,2.58358595515864e-10,-2.85019124468258e-10,-2.01252894715795e-10,7.63803261835234e-11,6.49179381162451e-11,-3.02760032619137e-10,-1.81303788171164e-10,-9.30732573737583e-11,2.00220974665415e-10,-1.54238748655451e-10,-4.18462006634782e-11,-4.41642561927497e-11,-1.50194138665755e-10,-4.28117488237377e-11,2.36722092594954e-11,6.46422961099612e-11,1.11171273051843e-10,-1.25902610477531e-10,-1.9949758596422e-10,-8.96584855819406e-11,-4.14100965725896e-10,9.14404271884447e-13,1.16495427975391e-10,-5.31440467824057e-10,2.33561498180948e-11,8.48702321447919e-11,-1.67483266581608e-10,1.8566997704728e-10,-3.76438973578442e-10,2.07303361542402e-10,-2.69823992352756e-10,-3.68472844957293e-10,4.10210668521022e-10,-2.01907664316568e-10,1.30509675151948e-11,-4.28520665249834e-10,4.46087736838852e-11,-1.4029959161063e-10,-4.68417483837421e-10,-2.30437640639641e-10,2.77078650727193e-11,4.58961871670307e-10,-6.74495598407159e-11,2.1241557272638e-10,3.56060179151638e-11,-1.26578091774558e-10,-2.27479332800349e-10,2.17611426462184e-10,7.26050839790259e-11,-6.66766106404641e-11,-6.12942304600386e-11,-1.13098890616918e-10,4.18358707122956e-10,2.93787928041414e-10,2.86996999097204e-10,1.67190064225811e-10,-1.96355117175123e-10,-9.8433022347601e-12,1.52968542149908e-12,1.25538051283274e-11,-1.7293689757882e-10,-5.93178832932147e-10,-1.71855073681359e-10,-2.2012280842489e-10,-2.78258824166287e-10,-4.70090553485777e-11,-6.03235731288996e-11,1.23480248924178e-10,1.95410734999304e-10,5.76915670212128e-10,-2.10137487334937e-10,-3.40105935160757e-10,-1.08262565946037e-11,-3.76472134819838e-11,-1.08755744621971e-10,-2.00193717953292e-11,-2.5493419126465e-10,1.35556951594881e-11,-4.55887569684462e-10,9.80311083358429e-11,-2.2643294546115e-10,2.55720355658305e-10,-2.82078484294295e-11,9.44880538847605e-11,-5.10318654951438e-11,-1.73276220520485e-10,-9.5204927231195e-11,-4.35128626764177e-10,7.98642555152152e-11,-3.67815233663365e-10,-1.31887928679132e-10,3.69205084356152e-10,1.11667956783315e-10,2.47586398452181e-10,-1.92589390806964e-10,2.5808618929536e-10,-1.55519251574163e-10,-2.94853174279145e-10,-3.35018479999754e-10,-9.42059683852704e-11,-2.10944533388526e-10,2.7284524512649e-10,-1.41802172711378e-10,2.79362960699691e-10,2.0422449400695e-10,-1.51898103567205e-11,-4.35468441129624e-11,-3.12138815795299e-10,1.42622853332534e-10,8.96179821459235e-11,3.02219884828909e-11,-2.60240041933604e-10,1.19788124160097e-10,-2.49263670273605e-10,-1.77948548645627e-11,-1.37934230317833e-11,-1.14332751968982e-10,5.74370616587198e-11,-4.19064866813715e-11,2.00408534166604e-10,-1.97180132153257e-10,1.28579315019302e-10,-4.35023014847851e-10,-1.6153149773201e-10,1.81301022034456e-10,5.77318667932837e-11,2.98619124769183e-12,-9.57538134785231e-11,2.56589900117276e-11,4.22039745316425e-11,2.73529433773445e-10,-1.92137022282759e-10,-3.1219809443217e-11,9.06709882670631e-11,1.33069309037103e-10,-1.09231386611897e-10,-4.04268144256804e-10,1.78752219152291e-10,-1.95398442862116e-10,-4.74718111158554e-10,-3.70060398815794e-10,-1.19889324621135e-12,5.84510716477428e-10,-1.72801722617054e-10,1.48677971810663e-11,-1.47662723284196e-10,-2.07189256855663e-10,-3.56765776469924e-10,-3.10238905688778e-10,-4.31446844873435e-10,5.83381559639783e-11,2.74245525462257e-11,1.29693556515049e-10,3.59050275613842e-10,3.38527885080068e-10,-5.05042348547856e-10,-9.74497398780802e-11,-2.96203009236774e-10,-3.62460204882958e-10,5.60687472023222e-11,2.72679674754356e-10,-3.68846043370207e-10,1.93020652330525e-11,3.79330484944884e-11,-2.79827470277097e-10,-3.02473722933863e-11,-1.96304819185347e-10,-7.85616604256022e-12,-5.06123111724214e-11,-3.79188086400471e-10,3.48493034611097e-10,-3.20856326458863e-10,1.72517632191776e-10,-2.48819450470251e-10,3.33176700525762e-10,1.32011603104451e-10,-3.28926406111033e-10,8.1148900297093e-11,-1.52961846297503e-10,4.06205074727839e-10,3.40505139386757e-10,-2.82093589576986e-10,-1.05671428403734e-10,5.79152163523157e-10,-1.88401474364279e-10,-1.57807482367205e-10,2.53363702301913e-10,-2.32122085965451e-10,2.17953541720837e-10,-3.89298765406414e-11,2.76992949227316e-10,-3.92491881590428e-10,-1.7260341171499e-10,5.76045451568149e-11,-6.47588854675757e-10,-4.35686828140301e-10,-5.01721944374491e-10,-1.06362952815055e-10,-5.83791966791543e-11,2.00405035979356e-10,-2.38933658100554e-11,-6.84402435232007e-11,-3.29255238805687e-10,-5.45609871048943e-12,4.88015871562648e-10,2.42441156002697e-11,7.16227780532939e-12,1.99761452291508e-10,6.93390634871552e-11,2.99245798094841e-10,2.59523561099584e-10,-1.92654750709925e-10,-3.0041244565438e-10,-1.02522949356382e-10,-2.44486664885328e-10,-3.01249113628594e-10,-2.68197026539811e-10,-2.75355230191785e-12,1.799917023309e-10,-1.75759864464913e-10,-2.30240516747705e-10,-4.96949070417158e-10,1.49409720420797e-10,-2.64805773174727e-10,9.70009300090776e-11,1.03040275035216e-10,-1.76115278612457e-10,-1.81527066230171e-10,-1.90119471587305e-11,3.20572070214716e-10,1.71862992496651e-10,-5.78606443687245e-10,8.42377323341665e-12,-6.18179485467496e-11,1.33250043926613e-10,-6.58503735233381e-11,-1.07911645800636e-10,-1.65539540408539e-11,-1.45245973601712e-10,6.83199275045531e-11,-4.05014050619998e-10,-1.27395667699604e-10,2.63128531418867e-10,-2.24027444074807e-10,-1.40400075391051e-10,1.81096852082001e-11,1.26245840170294e-10,-2.4670205022784e-10,-9.02460793712541e-11,-5.00217397784418e-10,3.90464201963841e-11,-3.73135693324167e-10,-5.29508759436053e-10,-4.00496834420187e-11,3.77385919603102e-11,-5.14346164441508e-11,-2.32550364529385e-10,3.2369108063465e-11,-5.35677561851886e-10,-1.45306343094323e-10,-2.87614193833056e-10,-5.54016873355482e-10,4.86585806735372e-11,2.71870415181891e-10,7.09161031739916e-11,-2.87641363931495e-10,-3.71309253687064e-10,-7.38000740264672e-12,2.52014729849528e-10,-7.49785678650216e-11,4.86074770938233e-10,2.27725183770258e-10,-2.00711433238578e-10,-1.60516723054814e-10,-9.41988170391116e-11,2.93691337064679e-10,-2.87672386872879e-10,-5.32879798105288e-10,-3.78244805910992e-10,2.08877078820881e-10,1.13734820970031e-10,7.32414938970086e-11,4.23887410418882e-11,-2.12067578068219e-10,1.18451565444147e-10,1.74527171822575e-10,-2.22721439182374e-10,-1.70427527163345e-10,-3.11431708136619e-11,-4.89248521678554e-10,3.96544683092031e-10,-2.91076457780807e-10,2.00537741009863e-10,-1.68618908665367e-10,-1.36601470568528e-10,-4.52032806744803e-10,-4.7582081469174e-10,-2.68513061439091e-10,-1.34179407635082e-10,2.77377097433802e-11,-2.25084586881776e-10,1.14037766952321e-10,-5.50895650447401e-11,1.14711574291318e-10,-4.09121645518331e-11,-2.81000420642692e-10,3.18882317749888e-10,-2.76424314705914e-10,-3.05783117538211e-11,-2.3586075443105e-11,-2.00842534147009e-10,-4.05904993068753e-10,-4.49525700010614e-10,-3.57364118976951e-10,-2.78572602892992e-10,-8.52551867338006e-12,-2.09647191723013e-10,-2.32072729630369e-10,-4.78356318074457e-11,-3.1300766661859e-10,1.66612581233303e-11,-4.95123557241959e-10,3.52120304903965e-11,-1.30522869645398e-10,-9.443306710942e-11,1.31249926343473e-10,7.64254476630327e-11,-1.22056623934543e-10,-2.72203248186378e-10,-3.41251641651146e-10,-2.07872190016501e-10,2.4914503294885e-10,3.64413604244608e-12,9.48079043457868e-11,-3.4652678844243e-10,-2.26985546489988e-10,-5.70341348143012e-10,8.04316974188934e-11,-6.4918509388331e-10,-1.06006130893945e-10,-1.7509428420241e-10,-8.35093517240594e-11,-1.53497511783184e-10,-5.19878570160785e-11,-1.40468232240675e-11,-5.00841803853995e-10,-4.9132615652187e-10,-2.30049471805137e-11,-1.28106989603841e-10,-1.31376580236792e-10,-2.57357063016176e-10,-4.36099386067367e-11,-9.20466960951036e-11,-2.84122251953366e-10,2.22300738407777e-10,-3.82756530857471e-10,-2.1884896098642e-10,-4.33190520840614e-10,-1.96134850218475e-10,-7.63417550531921e-11,-1.53518036204563e-11,-4.1559154878042e-11,1.67168431284396e-10,-2.73638562731763e-10,-1.96552657998116e-10,-3.05713197857167e-10,1.90253341671932e-10,-3.90074314946927e-10,-5.79987927688386e-10,-7.1843953388234e-11,-1.33582549848807e-10,-5.30739262792698e-10,3.53602301281025e-10,3.46872907883933e-11,-3.83238587342856e-10,-5.15199239699983e-11,4.78643885185567e-11,-8.26153293113623e-11,-1.94496178841263e-10,5.52812966301934e-11,-2.77311651823129e-10,-1.7585397593365e-10,-2.72676862276345e-11,-2.99284563388513e-10,1.9667539415033e-10,-4.18919065804629e-11,-2.25205649171927e-10,-3.28884296060833e-10,-9.16711930570904e-11,6.15288709576947e-11,-2.3326157821803e-10,6.4035906015005e-10,7.68387916147221e-12,-6.85831226206275e-10,-1.46128129299085e-10,-3.15710868157946e-10,-1.25549917314955e-10,-2.12390573772164e-10,-1.35947076842127e-10,-3.88274464374213e-10,-3.47891439831247e-10,-2.66587021101566e-10,-7.92825640393426e-11,2.06039911376767e-10,1.34397098463626e-10,-1.92880714070784e-10,-1.3087330607708e-10,-2.0604665423008e-10,2.34063056778446e-10,-2.27800291976087e-10,-4.16217543746334e-10,-2.4181335420575e-10,-4.07812048705316e-10,1.2577560833484e-10,3.67431397850343e-11,1.26501221529015e-10,-4.47142135845652e-10,-4.33580266293958e-10,-6.17580508676425e-10,-3.78036988379708e-11,4.49419678917764e-10,-2.5266921415875e-10,-5.32278353077138e-10,-1.29369669003442e-10,-3.72776596342836e-11,-3.16215880436855e-10,-3.8453040479378e-10,-2.90863484555067e-10,-4.70901532450686e-10,-5.81567147607038e-10,-8.27070289859694e-11,-6.93574453153158e-12,1.15562147260747e-10,-2.27310358895865e-10,-1.97335132628799e-10,-2.97428865849432e-10,-2.97010180839439e-10,-5.47432311869116e-10,3.30063359587805e-11,-6.96917403638271e-10,-7.45038391468128e-11,5.47632052439625e-11,-9.41079112920959e-11,-6.42711105580128e-10,1.73734721098472e-10,-5.59556020979011e-11,-5.07294668686542e-10,-3.7301099277424e-10,1.4099117064051e-10,-2.44850933407123e-10,-3.34955668053087e-10,-1.87966063976317e-10,4.53035795866128e-10,1.12529735040691e-10,-1.40490735747541e-11,-4.47394623430071e-10,-5.36338056295023e-10,1.91527474953191e-10,1.1806293343879e-10,-2.30632087307603e-10,-4.74307488534279e-10,-7.10597615590896e-11,-5.49100289694459e-11,-1.86824515173647e-10,-1.20043039879974e-10,1.65774527229946e-12,2.71047295525614e-12,-2.50093175051073e-10,-4.15428470761486e-10,-2.41267688251933e-10,-1.89779647671352e-10,-4.68272808087882e-10,-2.88657263528618e-10,-6.88713672773475e-11,3.25237363901877e-10,8.31399160058665e-11,8.51717018861928e-12,-1.07486121622743e-10,-5.09840964524562e-10,-5.93707425529961e-10,-1.75507080933788e-10,-5.89053612306497e-10,-1.72832058271564e-10,-3.11959815407737e-10,-2.07674593512761e-10,-3.6959641681637e-11,-1.39904718102962e-10,-4.35096703324135e-10,-2.05520278295928e-10,1.05028471574754e-10,-2.86634972144283e-10,-3.08079300463115e-10,-1.50674101966284e-10,-7.84699480980091e-10,-1.30693018614775e-10,-9.98317035639855e-11,-1.41772675523275e-10,9.37648807419685e-11,1.65349323883202e-10,-4.17826231986466e-10,-2.86054016496797e-10,-2.86535471203327e-10,-5.34552521574838e-10,-4.79181565510375e-10,-1.301559566645e-10,-3.05762042817279e-10,-1.10833188229927e-10,-4.96591257203321e-10,2.09462966340554e-10,-3.97859843739798e-10,-4.04912617673629e-10,-2.24182804671862e-10,-4.47180687403815e-10,1.33214228666964e-11,5.97146326595857e-11,-2.09281526695627e-10,-1.58729308350338e-10,-4.99268710752557e-10,-1.98686446677067e-10,1.87841194001316e-10,5.80481834647863e-10,-3.12433122012476e-10,-1.62672020574239e-11,1.4648156549436e-10,5.01435962017969e-11,-2.60020679407175e-10,5.64590545172993e-11,-2.83074233957182e-10,3.77540568960209e-11,6.34165118260018e-11,-2.61484295120611e-10,-3.28092808050156e-10,-3.37592456820502e-10,-1.38935687931038e-10,7.45618439117789e-11,-9.87538228223103e-11,-8.64232688597221e-10,-6.82278609276924e-10,-3.5276509627423e-10,1.01365176165774e-10,-1.8821204389226e-10,-7.35502896954656e-11,-1.67553292944654e-10,3.486407910685e-10,6.65401739588364e-11,3.78207102442855e-10,-5.03385169526432e-12,3.60621722228223e-11,-3.88186084801472e-10,-1.11370798025762e-10,2.7278632768461e-11,-2.57253738604583e-10,7.80118115141952e-11,-5.97439935949819e-10,-8.33804575412196e-10,-1.73505055163562e-11,-5.74115545199835e-10,-1.14928424889963e-10,-9.62344265821762e-11,-8.51026833611227e-11,-1.40795898071665e-10,-4.7446615056997e-11,-1.19866358712595e-10,2.55553124222439e-10,2.5067878111099e-10,1.85064765437966e-10,1.50042105365694e-10,1.64611654501214e-11,-8.26900119944402e-11,1.24334535358109e-11,3.30381655111364e-10,1.96123719524901e-10,3.32949032994362e-10,3.48055439225753e-11,-1.9386600233815e-10,-4.4577672282202e-10,-1.94233511200017e-10,5.051549304849e-10,8.5026520596417e-11,-4.57195593568313e-10,6.3483752853616e-11,3.14005185858125e-10,-3.69003206622751e-11,2.30400587222487e-10,3.72099239469916e-10,1.28601938260089e-10,2.9027716548924e-10,-6.64699243613924e-12,2.45530928430895e-10,-2.84026185510064e-10,6.05744580116124e-10,-4.96330302948508e-11,1.88028303881233e-10,4.98329214241768e-10,1.69868182227559e-10,6.97783644164566e-10,6.99350619296951e-10,7.30805029664966e-10,1.26388997926693e-10,7.56711397583119e-10,2.90833063856565e-10,3.48299920966271e-10,2.68503963849222e-10,5.20889633631839e-10,6.49194421567855e-10,5.86762048743489e-10,3.8428627206462e-10,3.9556785893511e-10,7.20320495329902e-10,5.56275416454042e-10,6.66178559818023e-10,6.82943809559712e-10,4.97867296780515e-10,7.01485721263469e-10,9.25308098323565e-10,5.03596650380404e-10,1.14691998779475e-09,6.60523347725762e-10,8.36905242240545e-10,1.26320310790476e-09,9.45922624264084e-10,7.67311191496763e-10,1.45393490366564e-09,1.35015514666705e-09,1.23410791280401e-09,8.97810933344367e-10,9.8248363574782e-10,1.47980977613155e-09,1.54462643428853e-09,1.54517377182529e-09,1.64640957110575e-09,1.58323993878565e-09
