v,0.25
Patm,100000
g,9.81
r,500
G,10^11.44
rho,2400
mu,10^4.55
rc,15
 
M,10^5.91
sigma,0.5
 
tilt_erupt,1.2045nrad
 
-1221,-1220,-1219,-1218,-1217,-1216,-1215,-1214,-1213,-1212,-1211,-1210,-1209,-1208,-1207,-1206,-1205,-1204,-1203,-1202,-1201,-1200,-1199,-1198,-1197,-1196,-1195,-1194,-1193,-1192,-1191,-1190,-1189,-1188,-1187,-1186,-1185,-1184,-1183,-1182,-1181,-1180,-1179,-1178,-1177,-1176,-1175,-1174,-1173,-1172,-1171,-1170,-1169,-1168,-1167,-1166,-1165,-1164,-1163,-1162,-1161,-1160,-1159,-1158,-1157,-1156,-1155,-1154,-1153,-1152,-1151,-1150,-1149,-1148,-1147,-1146,-1145,-1144,-1143,-1142,-1141,-1140,-1139,-1138,-1137,-1136,-1135,-1134,-1133,-1132,-1131,-1130,-1129,-1128,-1127,-1126,-1125,-1124,-1123,-1122,-1121,-1120,-1119,-1118,-1117,-1116,-1115,-1114,-1113,-1112,-1111,-1110,-1109,-1108,-1107,-1106,-1105,-1104,-1103,-1102,-1101,-1100,-1099,-1098,-1097,-1096,-1095,-1094,-1093,-1092,-1091,-1090,-1089,-1088,-1087,-1086,-1085,-1084,-1083,-1082,-1081,-1080,-1079,-1078,-1077,-1076,-1075,-1074,-1073,-1072,-1071,-1070,-1069,-1068,-1067,-1066,-1065,-1064,-1063,-1062,-1061,-1060,-1059,-1058,-1057,-1056,-1055,-1054,-1053,-1052,-1051,-1050,-1049,-1048,-1047,-1046,-1045,-1044,-1043,-1042,-1041,-1040,-1039,-1038,-1037,-1036,-1035,-1034,-1033,-1032,-1031,-1030,-1029,-1028,-1027,-1026,-1025,-1024,-1023,-1022,-1021,-1020,-1019,-1018,-1017,-1016,-1015,-1014,-1013,-1012,-1011,-1010,-1009,-1008,-1007,-1006,-1005,-1004,-1003,-1002,-1001,-1000,-999,-998,-997,-996,-995,-994,-993,-992,-991,-990,-989,-988,-987,-986,-985,-984,-983,-982,-981,-980,-979,-978,-977,-976,-975,-974,-973,-972,-971,-970,-969,-968,-967,-966,-965,-964,-963,-962,-961,-960,-959,-958,-957,-956,-955,-954,-953,-952,-951,-950,-949,-948,-947,-946,-945,-944,-943,-942,-941,-940,-939,-938,-937,-936,-935,-934,-933,-932,-931,-930,-929,-928,-927,-926,-925,-924,-923,-922,-921,-920,-919,-918,-917,-916,-915,-914,-913,-912,-911,-910,-909,-908,-907,-906,-905,-904,-903,-902,-901,-900,-899,-898,-897,-896,-895,-894,-893,-892,-891,-890,-889,-888,-887,-886,-885,-884,-883,-882,-881,-880,-879,-878,-877,-876,-875,-874,-873,-872,-871,-870,-869,-868,-867,-866,-865,-864,-863,-862,-861,-860,-859,-858,-857,-856,-855,-854,-853,-852,-851,-850,-849,-848,-847,-846,-845,-844,-843,-842,-841,-840,-839,-838,-837,-836,-835,-834,-833,-832,-831,-830,-829,-828,-827,-826,-825,-824,-823,-822,-821,-820,-819,-818,-817,-816,-815,-814,-813,-812,-811,-810,-809,-808,-807,-806,-805,-804,-803,-802,-801,-800,-799,-798,-797,-796,-795,-794,-793,-792,-791,-790,-789,-788,-787,-786,-785,-784,-783,-782,-781,-780,-779,-778,-777,-776,-775,-774,-773,-772,-771,-770,-769,-768,-767,-766,-765,-764,-763,-762,-761,-760,-759,-758,-757,-756,-755,-754,-753,-752,-751,-750,-749,-748,-747,-746,-745,-744,-743,-742,-741,-740,-739,-738,-737,-736,-735,-734,-733,-732,-731,-730,-729,-728,-727,-726,-725,-724,-723,-722,-721,-720,-719,-718,-717,-716,-715,-714,-713,-712,-711,-710,-709,-708,-707,-706,-705,-704,-703,-702,-701,-700,-699,-698,-697,-696,-695,-694,-693,-692,-691,-690,-689,-688,-687,-686,-685,-684,-683,-682,-681,-680,-679,-678,-677,-676,-675,-674,-673,-672,-671,-670,-669,-668,-667,-666,-665,-664,-663,-662,-661,-660,-659,-658,-657,-656,-655,-654,-653,-652,-651,-650,-649,-648,-647,-646,-645,-644,-643,-642,-641,-640,-639,-638,-637,-636,-635,-634,-633,-632,-631,-630,-629,-628,-627,-626,-625,-624,-623,-622,-621,-620,-619,-618,-617,-616,-615,-614,-613,-612,-611,-610,-609,-608,-607,-606,-605,-604,-603,-602,-601,-601,-600,-599,-598,-597,-596,-595,-594,-593,-592,-591,-590,-589,-588,-587,-586,-585,-584,-583,-582,-581,-580,-579,-578,-577,-576,-575,-574,-573,-572,-571,-570,-569,-568,-567,-566,-565,-564,-563,-562,-561,-560,-559,-558,-557,-556,-555,-554,-553,-552,-551,-550,-549,-548,-547,-546,-545,-544,-543,-542,-541,-540,-539,-538,-537,-536,-535,-534,-533,-532,-531,-530,-529,-528,-527,-526,-525,-524,-523,-522,-521,-520,-519,-518,-517,-516,-515,-514,-513,-512,-511,-510,-509,-508,-507,-506,-505,-504,-503,-502,-501,-500,-499,-498,-497,-496,-495,-494,-493,-492,-491,-490,-489,-488,-487,-486,-485,-484,-483,-482,-481,-480,-479,-478,-477,-476,-475,-474,-473,-472,-471,-470,-469,-468,-467,-466,-465,-464,-463,-462,-461,-460,-459,-458,-457,-456,-455,-454,-453,-452,-451,-450,-449,-448,-447,-446,-445,-444,-443,-442,-441,-440,-439,-438,-437,-436,-435,-434,-433,-432,-431,-430,-429,-428,-427,-426,-425,-424,-423,-422,-421,-420,-419,-418,-417,-416,-415,-414,-413,-412,-411,-410,-409,-408,-407,-406,-405,-404,-403,-402,-401,-400,-399,-398,-397,-396,-395,-394,-393,-392,-391,-390,-389,-388,-387,-386,-385,-384,-383,-382,-381,-380,-379,-378,-377,-376,-375,-374,-373,-372,-371,-370,-369,-368,-367,-366,-365,-364,-363,-362,-361,-360,-359,-358,-357,-356,-355,-354,-353,-352,-351,-350,-349,-348,-347,-346,-345,-344,-343,-342,-341,-340,-339,-338,-337,-336,-335,-334,-333,-332,-331,-330,-329,-328,-327,-326,-325,-324,-323,-322,-321,-320,-319,-318,-317,-316,-315,-314,-313,-312,-311,-310,-309,-308,-307,-306,-305,-304,-303,-302,-301,-300,-299,-298,-297,-296,-295,-294,-293,-292,-291,-290,-289,-288,-287,-286,-285,-284,-283,-282,-281,-280,-279,-278,-277,-276,-275,-274,-273,-272,-271,-270,-269,-268,-267,-266,-265,-264,-263,-262,-261,-260,-259,-258,-257,-256,-255,-254,-253,-252,-251,-250,-249,-248,-247,-246,-245,-244,-243,-242,-241,-240,-239,-238,-237,-236,-235,-234,-233,-232,-231,-230,-229,-228,-227,-226,-225,-224,-223,-222,-221,-220,-219,-218,-217,-216,-215,-214,-213,-212,-211,-210,-209,-208,-207,-206,-205,-204,-203,-202,-201,-200,-199,-198,-197,-196,-195,-194,-193,-192,-191,-190,-189,-188,-187,-186,-185,-184,-183,-182,-181,-180,-179,-178,-177,-176,-175,-174,-173,-172,-171,-170,-169,-168,-167,-166,-165,-164,-163,-162,-161,-160,-159,-158,-157,-156,-155,-154,-153,-152,-151,-150,-149,-148,-147,-146,-145,-144,-143,-142,-141,-140,-139,-138,-137,-136,-135,-134,-133,-132,-131,-130,-129,-128,-127,-126,-125,-124,-123,-122,-121,-120,-119,-118,-117,-116,-115,-114,-113,-112,-111,-110,-109,-108,-107,-106,-105,-104,-103,-102,-101,-100,-99,-98,-97,-96,-95,-94,-93,-92,-91,-90,-89,-88,-87,-86,-85,-84,-83,-82,-81,-80,-79,-78,-77,-76,-75,-74,-73,-72,-71,-70,-69,-68,-67,-66,-65,-64,-63,-62,-61,-60,-59,-58,-57,-56,-55,-54,-53,-52,-51,-50,-49,-48,-47,-46,-45,-44,-43,-42,-41,-40,-39,-38,-37,-36,-35,-34,-33,-32,-31,-30,-29,-28,-27,-26,-25,-24,-23,-22,-21,-20,-19,-18,-17,-16,-15,-14,-13,-12,-11,-10,-9,-8,-7,-6,-5,-4,-3,-2,-1,0
3.22145905740653e-10,2.44100743815145e-10,-2.85866932152292e-10,-3.56787404694826e-10,3.2818217833526e-10,1.5807096052642e-10,-3.24453425846032e-10,4.58339502453587e-10,-6.20204535034958e-10,-1.89582292324238e-10,3.60364611974459e-10,-2.56133369755976e-11,-2.17011812225443e-10,2.94074713541054e-10,2.24256374839725e-10,7.66585084295302e-10,-5.86911881213115e-10,-1.9196881407462e-10,-1.16931272735283e-10,-9.75216579816751e-10,5.13582120981811e-11,-3.10092185749782e-10,-2.45321623264534e-10,-1.02109620122906e-09,-7.10373253710458e-11,2.15349073509377e-10,-4.56616447167104e-10,1.16379064660717e-10,3.89769657370692e-10,-1.31640238652347e-10,6.22845856185856e-10,-7.64930621056947e-10,-9.01701366331853e-10,2.15351963584277e-10,3.61062606667324e-10,7.18360047767026e-10,1.44226948027053e-10,-3.53810939146145e-10,-2.70409495349659e-10,1.80201850428676e-10,7.01102607673399e-10,3.9397156431323e-10,-2.8763690914567e-10,-4.2355988030452e-10,-1.83365127434064e-10,6.0099407999493e-10,-8.99428307857904e-10,2.72497145457913e-10,1.42559681303325e-10,1.94052986148878e-10,-3.40549436361628e-10,8.89218216491777e-10,-1.06924376112064e-09,1.81900214436813e-10,3.40414730846958e-10,1.24325580589938e-10,6.84920450946366e-10,9.21178952073122e-11,6.86981155499409e-10,-2.65274868299876e-11,-8.40799354026366e-10,-2.41805779767838e-10,-9.38862936012273e-11,-1.03114998738208e-10,-2.47682677689382e-10,1.0878997975299e-09,2.77467276157861e-10,4.77203504478179e-11,3.93061826332279e-10,4.69778442614969e-10,6.97560957499591e-11,3.64441196361484e-10,3.07720547855261e-10,-1.60158485919991e-10,-9.27067289875549e-10,9.29271836448854e-11,-2.37650338822441e-10,-6.14069709883069e-10,-1.16633357973822e-09,1.26777323081596e-09,3.80513354485815e-10,1.53356430031189e-10,7.70799233599086e-11,-5.59231491180969e-10,2.54806731818467e-10,-3.35552755302825e-10,5.08914823742643e-10,7.10564869003997e-10,-8.02185390155572e-10,6.36237064586653e-10,3.83899400262424e-10,-5.25013585507856e-10,-6.17851399183928e-12,6.80162867533509e-10,-8.34768433780854e-11,-4.75919592575481e-10,-5.34916636636789e-11,-2.05481335613122e-10,-1.85163623219295e-10,7.86970905939425e-10,2.92938423859892e-12,5.41746465441986e-10,4.53624925162736e-10,8.45114982077742e-10,-8.8677082009824e-12,1.19541049419241e-10,-7.89437777211341e-10,7.14710963238359e-10,1.88927020351527e-10,3.64231694987745e-10,5.39621527336748e-10,-3.87691510118043e-10,-1.73166879112666e-10,-2.294031939319e-10,-6.49152646145483e-11,2.11355286084598e-10,4.6783319548604e-10,-9.32174912758075e-11,1.03238997991788e-10,5.35737591740938e-10,-1.14583526801561e-10,3.05984424159789e-10,-6.02292541845025e-10,5.70081949661665e-10,5.93123752779823e-10,1.07172255805619e-09,-6.02231155632159e-10,4.06639517062339e-10,6.28199790912511e-10,1.03469621626076e-10,-4.28086346313744e-10,7.43712721896107e-10,8.26445814636163e-10,-1.32321173050672e-10,-3.72706776328257e-11,3.38637320013407e-12,-4.688821981087e-10,-3.86636363211864e-10,-2.28936723891364e-10,-1.97745649292578e-10,7.45756977744415e-10,-1.09559253018669e-10,-4.00815556808746e-10,-5.78848799889053e-10,-4.88325598146707e-10,8.75479502592782e-11,-5.06916817395811e-10,7.71473960400428e-10,-3.73275901394606e-11,-7.35229690336586e-10,-4.71045014647311e-10,-9.77518181340679e-10,6.32835184596971e-11,-1.26119028546383e-09,-4.56330723158389e-10,8.75618508985005e-10,-1.2943172765747e-09,7.09179072997228e-10,3.35351186147393e-10,7.21199084016686e-11,3.22642018556717e-10,-2.25394392690342e-11,1.43830904207578e-10,-2.89152657506424e-10,7.29581966936567e-10,-6.07953542682726e-10,3.54772347871793e-10,-4.01369657654978e-10,5.78471695434126e-10,3.48927152375387e-10,8.43303328039377e-10,2.65313552699734e-10,-5.15385031954385e-10,-3.1834177474321e-10,-3.45814835979773e-10,-3.79559531369952e-10,-2.22313525385689e-10,9.57424285252464e-10,4.87598925708768e-10,-1.76119159574519e-10,3.91208355501654e-10,4.08201301951498e-10,3.87679820546518e-10,-3.18522589296241e-10,7.44326695848836e-10,1.2071676949415e-10,-1.68718056787364e-10,3.25952387327639e-10,-1.39370936320359e-10,7.7507183749089e-10,-5.27339548695016e-10,5.45840756165608e-10,-5.01110779795434e-11,1.85245317539237e-10,5.74388227500138e-11,-4.82316472183826e-10,1.058081337942e-10,2.21742346381289e-10,5.72603578189591e-10,-7.16900583754066e-10,-3.73628205467106e-10,2.44704489530871e-10,5.94269610358666e-10,-5.79104114469856e-10,-6.27940396797919e-12,-5.47130210868198e-10,1.0718224355398e-10,-5.77218665416202e-10,2.30134700386417e-10,-1.50063207732305e-10,2.35498089064809e-10,1.35221913972127e-09,-3.98816509699799e-11,5.71749468635278e-10,4.60875038102115e-10,-9.24068249243627e-11,-9.99847605974327e-11,5.74158398669498e-12,-6.31416875520496e-11,2.43186181685226e-10,-1.88263751801776e-10,-3.35125753474186e-10,-4.62743883707181e-11,-4.56197188527493e-10,3.71909948849737e-10,-6.90968663850905e-10,-3.96211364954223e-10,-3.58197885988189e-10,-5.71360431376894e-10,-4.16986915572003e-10,-1.52085873476706e-10,-7.46400107812758e-10,-7.47367348607043e-10,3.38102723433904e-10,-3.63528188410045e-11,4.34872583240434e-10,2.60351614058096e-10,-2.13743757382134e-10,7.38171251745353e-10,1.58775027028737e-10,3.21813784432915e-10,-7.72712660235156e-10,-5.26326972997675e-10,-7.4504158157398e-10,-4.08594741337768e-10,9.16229185625392e-10,2.28097559858034e-10,3.29773571074516e-10,-1.16299124776259e-10,-5.96580054806106e-11,5.06811836425009e-10,-1.66955225183484e-10,-2.102570648682e-10,4.62974936818785e-10,-1.72290948732751e-10,1.05360439422409e-10,1.80875484668103e-10,-7.33274155510829e-10,-3.41181091749779e-10,-1.07084945531491e-09,2.79443204681369e-10,-3.27577725014619e-11,5.60252206855843e-10,3.76308052644112e-10,1.31925977363448e-10,3.41321762467689e-10,-4.87528770071279e-10,1.25099239716081e-09,2.13859916981385e-10,-1.59690517574517e-10,-4.49626509691073e-10,2.19893817977142e-11,4.20273189654186e-10,-9.19592753731134e-10,1.52464592670114e-10,5.072277278607e-10,6.58496946469998e-11,3.72030507653191e-10,9.51844463778949e-11,-3.82997277354495e-10,2.37694012189655e-10,6.10230231230377e-10,-9.10021285129744e-10,1.35413648912492e-10,-4.80676651443862e-10,-2.24478114687552e-10,-8.0065696894668e-10,-1.72585798582158e-10,-1.32656982659011e-10,-3.8407225176978e-10,8.54755247416973e-10,1.99436127197382e-10,9.27148362878138e-10,6.82141513998411e-10,-1.19654000584512e-09,7.23297877394095e-11,-7.42308562692691e-10,-6.60867662932781e-12,-9.03755340127999e-10,-5.32054298667481e-10,-8.07069822663257e-11,3.66475847646377e-10,-8.98179445921436e-10,-1.89583016471411e-10,8.2269412776812e-11,3.61904813770659e-10,9.90026244031547e-10,-1.74348891751855e-10,8.52852442374419e-10,-5.59687583582978e-10,1.21131143524264e-10,-1.38398451814046e-10,-1.78013928991405e-10,-3.56725058768838e-10,5.71948427463592e-10,-1.28330678366493e-10,-3.26217633434642e-10,-5.55926611702031e-11,7.27426058371563e-10,6.31931742713388e-11,-8.64011589865999e-12,4.09588679034693e-10,3.61864193318197e-10,-4.81983263265192e-10,7.4720264862942e-10,-3.4591493388381e-10,7.01407743859934e-11,-4.74331589611442e-10,-1.09230210420686e-10,-5.47367713178537e-10,-3.51705818257082e-11,-3.05324025634989e-10,3.08093245309901e-10,-1.25880163807504e-11,3.34390655753421e-10,9.42067339240811e-10,2.96152210357693e-10,4.76751633894526e-11,1.26334541472557e-10,-3.39024425451938e-10,1.2205946789791e-10,1.06324200652388e-09,5.06598249435558e-10,1.17282487660691e-09,7.0986957699529e-10,6.05350785619837e-10,3.03529992316576e-10,-3.53453255890727e-10,4.82330267878676e-10,-2.23792376014901e-10,4.99816123033379e-10,2.56901995115666e-10,4.16709110669726e-10,-6.33983151064441e-10,2.77201569087192e-10,-5.24876301939546e-10,-8.9114225788359e-10,-3.78228757298153e-10,4.14523236080682e-11,8.07892278941737e-10,-7.9677526253674e-12,-5.21402463953619e-10,6.18045150941013e-10,9.58749361035782e-10,2.03471407218238e-10,1.21463510416005e-09,-2.16152389152029e-10,-3.24140086234333e-10,1.0101769635841e-09,7.94363132852814e-10,7.40443062809651e-10,-9.32777598639354e-11,3.86546936633097e-10,3.77316878490206e-10,5.449149281557e-10,3.8313139516952e-10,4.07756513420896e-10,-9.44283288500901e-10,3.91709057646572e-10,-2.91996933325365e-10,-2.81945089505536e-10,-7.36395839789369e-11,-1.65403803808983e-10,5.48980548065116e-11,-4.69357007353665e-10,1.46245831004744e-10,-3.75901173479403e-10,-1.79097779795842e-10,1.1998452040173e-10,-1.83559707896975e-10,3.40730314300943e-10,-8.04737809521082e-11,4.97487487906861e-10,-7.88919885766833e-10,-7.25654057662083e-11,1.07980041320408e-10,-1.45560905302424e-10,-2.95888064631505e-10,-3.0063658569271e-10,3.62885473424128e-10,2.32882231947647e-10,-5.5088512428052e-10,7.70478025591412e-10,3.35878675807359e-10,-4.27476217465212e-10,-3.57385343858955e-10,2.81303874346796e-10,-5.21219412949296e-10,4.41785704524194e-10,7.77936588235385e-10,5.38843585645396e-10,-4.33763055427488e-10,1.06066452271819e-09,-1.13099863622562e-09,4.5941363989141e-10,1.83255144954025e-10,-2.18259138027191e-10,3.5598745597429e-10,8.13355887779099e-10,1.06105675740941e-09,-6.07242297412433e-11,5.40168957405542e-10,3.01776538336992e-10,-6.07461058701833e-10,-4.93786471476354e-10,-6.66972646848382e-10,3.17857281506987e-10,5.61432036307349e-11,-1.1486677115586e-09,-1.06099153301365e-09,-6.55968362030823e-10,5.1394059194921e-10,-2.5307261871737e-11,-1.6841559830524e-10,4.12900220006107e-10,1.09313751682941e-10,-7.14092837554805e-10,2.82336296970929e-10,-7.06036331182002e-10,1.52855371150769e-10,2.68930781131191e-10,-4.74312868161264e-10,8.56140823633731e-10,-4.1101785122748e-11,-4.1024344800953e-10,3.16589623900193e-10,2.0215998564962e-10,7.15845151785753e-10,-4.35663838022031e-10,-2.35700255585067e-10,-2.09329540806506e-10,-1.22840199686827e-09,-1.9749497661697e-11,-5.04648247474781e-10,6.52126774384739e-10,3.78334456162375e-10,-9.61502986544462e-10,7.39478017769098e-10,2.38098989070921e-10,9.90909166883727e-10,-3.80819986788528e-10,6.75472787860793e-10,8.79206559945963e-10,5.79458717237645e-10,-7.52621604567982e-10,-1.01369760023268e-09,9.26039800075577e-10,-7.48902076485477e-10,6.05202402367825e-10,8.57088416612533e-10,1.25214653194838e-12,-3.98258531607288e-10,6.73862395047918e-10,5.17969822122724e-10,-3.64907744596053e-10,-3.92197421718352e-10,1.95704788989113e-10,-7.98604412958431e-10,-2.84839841240984e-10,3.51779310410995e-11,-1.3413803683387e-10,1.73300282753645e-10,-6.61788813451248e-10,-6.15582388706493e-10,5.89727257060922e-10,7.68815406273949e-10,-2.90726177595716e-10,-1.68023171991775e-10,-5.31993764276353e-10,-1.53021236847862e-10,5.31818068709256e-10,2.71644248185155e-10,-1.7184400242379e-10,3.3221903723459e-11,-1.74132255639786e-10,7.15350988651361e-10,1.02580161825623e-09,-5.20823745315417e-10,7.11797685618559e-12,-5.01070399612681e-10,3.79283873059809e-10,-5.61615949269919e-10,-2.53597568901128e-10,-3.67894906961286e-10,1.26931977967827e-11,-4.20715684594142e-10,-4.70540710167933e-10,-1.00052404601526e-10,-5.60101251330536e-11,-5.64352166681622e-10,9.33524297903182e-10,-5.85948404487059e-10,-1.03602639556952e-09,5.56944233758816e-10,5.43272558336647e-10,-5.61939704206689e-11,-1.76452639338913e-11,-9.34450258020799e-10,2.80956853708399e-10,4.03874748540328e-10,3.98532215775788e-10,2.95439441511795e-10,-7.94118570640931e-10,1.22241981573943e-11,-5.75533122751941e-11,7.76125210832742e-11,5.48244888437227e-10,1.83808342643837e-10,-4.43140822033784e-10,-1.91040275765944e-10,1.11791897957956e-10,4.5501796123656e-10,-2.35842381517094e-11,-4.28250940510673e-10,5.52793615191194e-10,-4.96383611194006e-10,3.27504261018519e-10,1.22851285519514e-09,2.31843379589677e-10,-5.63729516891164e-10,-1.93338668139482e-10,8.41546197599676e-10,7.71421767138099e-11,2.59301369030435e-10,1.61211601218452e-09,5.28483148198146e-10,1.40323970845705e-10,-4.8915868436614e-10,-8.46861091106886e-10,5.26864228860317e-10,-3.44584545876654e-10,-1.4864141108276e-10,2.64365895887776e-10,3.4261149679793e-10,-3.20032550157187e-10,2.37238348565078e-10,3.30246535105091e-10,3.51503603876597e-10,-4.02125743463216e-12,6.05579322459231e-10,-1.8337407220436e-10,1.52036575702769e-10,-1.83647392258645e-10,-5.61114047172549e-10,-3.64740731266318e-10,-1.10160882670415e-11,2.04983838679369e-10,9.85073403457751e-10,4.4021178601664e-10,-2.85248526872386e-10,2.56032429104827e-10,2.76011090977845e-10,6.37507332684475e-10,3.39675620131475e-11,-1.12317723843603e-10,-3.64527202481796e-10,-5.85086158602151e-11,4.4449864971802e-10,-9.23643271075076e-10,-1.25307453612126e-10,7.53448880551261e-10,3.32895216885707e-10,-1.04867936455625e-10,-1.78359346641808e-10,-2.62597251111234e-10,1.85227574023469e-10,-3.46186632843103e-10,5.42808497524847e-10,6.2379261525288e-10,-4.36736369168184e-10,3.39938931533862e-10,9.88939095121438e-11,2.25561023635946e-10,-2.87403802715083e-10,-1.18826163092109e-10,9.00152723884649e-10,-4.30205924065269e-10,5.83387272574641e-10,-5.83006691624119e-10,-1.91608073663242e-10,7.04414295586768e-10,-7.04518837325129e-10,-9.32396239033621e-10,7.84317827101104e-10,2.93227095810778e-10,9.15037498432432e-10,-1.17126659869608e-12,-8.64230981198759e-10,1.38705508221867e-12,1.63295913114419e-10,1.02634609505393e-10,-3.4399152798919e-10,1.80091025846191e-10,3.83980015846705e-10,-2.02476086026504e-10,-5.80619107956715e-10,1.02941050693334e-10,-4.10585281807575e-10,-3.7860118495855e-10,1.25454072572904e-09,5.01906768989394e-10,-1.83051420874479e-10,-1.91427825647875e-10,-1.84590030434833e-10,-5.28508309467335e-10,6.38235340459376e-10,6.82482451736854e-12,-3.28836228738533e-10,1.60581950511322e-10,-3.26528871360393e-10,4.47407615410597e-10,-2.18209978254657e-10,6.7666167962077e-10,2.38597494925426e-11,1.61943220806554e-10,4.58842013839684e-10,4.64429326307494e-10,-4.28642554559428e-11,8.91996452916715e-10,2.29426349143781e-10,2.17017900036361e-10,-6.61717754819261e-10,-6.49420426915575e-10,3.89711108327499e-10,2.91409579776321e-10,-4.68820109363907e-10,-9.10237580312614e-11,-2.14733972752144e-11,2.97188509747451e-10,1.74843091999882e-10,2.09483614784549e-10,-4.47163526586176e-10,1.26416848959089e-10,-9.02256638129074e-10,1.19562484872716e-10,-4.34316345110234e-10,8.49066900117389e-11,-2.71641208596937e-10,-3.39970992877885e-10,4.6138990485434e-11,-1.89279249372201e-10,7.09564455352217e-10,-1.50345642257404e-10,-5.06650905323657e-10,1.9270713056743e-10,6.04225764678369e-11,1.84242026499285e-10,1.07392201466076e-09,-3.27193150127643e-10,1.22243804707972e-10,-2.98331566096778e-10,-7.43555785623858e-10,-2.70195877345923e-10,9.97368967657037e-10,-1.5889851395546e-10,7.56647685194627e-11,1.9853844621793e-10,-6.53042891348041e-10,-4.36638627916101e-10,-9.67768394584511e-10,2.64304588856363e-10,-5.78875277972222e-10,3.41600207187182e-10,4.20559899962416e-10,-7.09251325127716e-10,-3.01018479290035e-10,6.4663867686151e-10,-4.40556150019263e-10,5.15696274176173e-10,2.23239474052347e-10,-3.24296175090607e-11,-2.90577110859728e-10,1.97236204955031e-10,1.99756028641001e-10,-5.85393743597795e-10,-1.375185559115e-09,-2.94946891912985e-11,3.02011386199717e-10,-4.47032455163881e-10,-5.95475575266783e-10,2.71685658733889e-10,-8.30848306412534e-11,6.76035763798198e-10,-1.3191654257656e-10,-6.45335338301985e-10,9.51999681250503e-11,8.69926493629527e-11,6.84710804181453e-10,-1.10670170248695e-10,-2.63425452462898e-10,3.75787302008704e-10,-6.55394956948903e-10,-6.32017975863031e-10,-4.19944728652522e-10,2.13620086736309e-11,-3.886988011734e-10,-3.16164381459294e-10,-3.42922822545652e-10,1.41913112722879e-10,-1.88432010001663e-10,6.95796893433045e-10,1.03847343133653e-10,-1.31123379673988e-10,4.8464990550257e-10,9.82029827916543e-11,3.7142901707521e-10,3.74174943223396e-11,-1.45061261778079e-10,2.26812861843212e-10,-3.23088886651094e-10,4.7275621205366e-10,7.94701708154426e-11,4.83354571210673e-10,-7.06806185543626e-11,-1.44102779272523e-10,1.47759852401148e-10,-7.45340663698323e-10,6.30466347133276e-10,4.94025557478069e-10,-7.16786709680374e-10,-1.46396597194236e-10,-4.57903342391488e-10,-1.70904242054494e-10,1.55365088840025e-10,-1.02080498287481e-10,-9.00886979954239e-11,-5.12457249492165e-10,-1.03262641511892e-10,-1.06662033340846e-10,-5.05496869334333e-10,2.15747569562878e-10,1.00930040808074e-11,-2.25639395574761e-10,2.07143593258407e-10,-2.98587976271295e-10,-1.05344476800207e-09,-7.68757196652461e-11,-3.72141810437004e-10,-4.4285702071471e-10,-4.86787218676631e-10,2.35550672982048e-11,3.37080938278793e-10,6.88380209866399e-10,6.18165159389581e-10,3.43914304058845e-10,-1.47418510672781e-10,-1.98050272165742e-10,-3.34120331769466e-10,-4.61798252756668e-11,-6.7642858017844e-10,-3.95911423253931e-10,2.30801279878187e-10,-6.95282408916968e-11,5.02458047871333e-10,-7.65861382390375e-11,-5.35427352292304e-10,1.56747931652526e-10,-6.40192308896016e-11,-4.3800663685944e-11,4.48463501894378e-10,9.79212516502629e-11,-4.32945910338099e-10,-7.51072792488267e-10,1.32556291155351e-10,5.83185051678388e-10,-3.02002177341044e-10,5.32216533928173e-11,-2.74049768613985e-10,2.91212227409777e-10,2.95560992221203e-10,-1.88358670343891e-10,-1.88220564304191e-10,-1.35730367676183e-10,-8.38944919268516e-11,5.91414542727834e-10,-8.74469512826651e-10,2.86046532234417e-10,2.79246601391547e-10,-7.42234725356763e-10,-7.91770229058555e-10,4.21535421127803e-11,-3.34377148612956e-10,-5.78292185867804e-10,-3.26710321426858e-10,2.25231025836059e-10,6.83307527078373e-10,3.48743922544467e-10,-8.81677748747712e-10,2.53732143740828e-10,-2.9741930706147e-10,6.65972255210229e-11,-3.33597629689983e-10,-1.64199108725981e-10,3.10324626426539e-10,-3.64800371809258e-10,5.42072006150161e-10,-1.18162878853432e-10,4.05323828859058e-10,-4.95287066330642e-10,-2.122013543063e-10,-4.90942392228072e-10,-1.67414859872924e-10,-1.19327261484712e-10,1.4660770926665e-10,-1.11128588648251e-10,-7.36832552032862e-10,-4.98077461170671e-10,2.25648442309444e-10,6.70311076802881e-10,1.40477271722072e-11,2.64552485187636e-10,-1.39176072631218e-10,-4.29612789165399e-10,1.15636871394971e-10,-7.32942902331732e-10,2.1900541521349e-10,1.47645741655948e-10,-2.74975376722472e-10,3.61612612052011e-10,-6.11951624935215e-10,2.6294388852378e-10,7.70183074527575e-10,-8.61377635760657e-11,-6.81739116973454e-11,4.63447560232469e-10,-4.90960083597281e-10,-8.62060136881048e-11,-3.47435051510654e-10,1.49028254295997e-10,3.65275800733485e-11,-3.21639259812233e-10,-1.37718598125484e-10,-6.07488466386304e-11,-7.88722148393488e-11,8.90573290871798e-10,-1.04179613139191e-10,2.55251245381516e-11,-2.42086061614898e-10,-4.46400436928113e-10,2.36820533353374e-10,9.49342431607155e-11,-1.1101261564801e-09,5.96186425285087e-10,5.08351289519405e-10,6.64602586195806e-10,-3.2162635129093e-10,-4.01770926179667e-10,-3.60487664324936e-10,3.45576792260102e-10,1.25542121156278e-10,-4.35580555285227e-10,-1.0109031976716e-09,-1.09630370797246e-09,3.1953014089824e-10,4.04681912436058e-10,4.32160800741462e-11,1.84984538843588e-10,-3.19434592266209e-10,2.95224705682745e-10,-5.50742268636171e-10,5.84763616287589e-11,2.57081086126024e-10,1.11703070691034e-10,4.74118245791319e-10,-6.70798540543472e-10,-8.77129533030563e-10,-4.37645394375978e-11,-1.04036259394449e-10,-3.95701283649102e-10,-1.80389507628808e-10,-2.79748716587308e-10,6.73424191072325e-10,-1.15468059246952e-10,-1.11834261776463e-09,-1.03544574374832e-09,2.15325693847403e-10,-3.57895423338059e-10,-3.07768948606583e-10,-6.92511563029034e-10,1.02350520756078e-09,3.80330882565487e-10,6.41166061890439e-11,-5.65819503182845e-10,5.43564069328311e-10,5.59502442453188e-10,2.69649293396627e-10,5.7710879945375e-10,-6.68157833985329e-10,5.89594078561559e-10,-1.4094567622226e-10,-6.49303488295454e-10,-1.08422480611421e-10,-6.91711820102736e-10,-5.19273976959946e-10,3.74444721397874e-10,-7.23553395277525e-10,5.08416763682254e-12,-1.88761934897685e-10,-8.8518901335749e-11,3.78556927235674e-10,-2.17332229532896e-11,7.62267401457075e-10,-1.38361885532091e-10,-6.16992744224982e-10,-4.2889668447958e-10,4.29538964942455e-10,-1.60627871496162e-10,-5.40664154844091e-11,5.31657388585616e-10,-2.10032104918697e-10,2.50481354792654e-10,-1.17798714722734e-10,3.52663367572177e-10,-1.04443567082354e-09,-4.88868098462161e-10,-1.02455580848018e-09,-8.86492032303454e-11,-1.82011681527623e-10,2.41509793763403e-10,-7.37749343460908e-10,-1.22539874668014e-09,-4.63005715884093e-10,2.54666387956555e-10,5.02560056835914e-10,-4.45364423611394e-10,1.8360418937436e-10,-7.80818567876276e-10,3.27242695663497e-10,2.52901574988947e-10,4.11586264521234e-10,8.92073914061402e-10,6.90356949995513e-10,9.77239419358452e-11,-1.08661226196265e-10,-2.29245710942542e-10,1.86072013994269e-10,3.99740289954587e-10,6.31148898213483e-10,5.97677689368097e-10,-1.73534162340088e-10,-7.87837091281923e-11,6.728775414272e-11,5.38775878574017e-10,-2.34533812539537e-10,4.35714499659467e-10,-3.08686767767724e-12,-7.49108673140463e-10,4.68571491831829e-10,4.97893926533001e-10,-1.84663189067165e-10,-1.1042481882309e-10,-3.00686327185742e-10,-4.19267695192175e-11,2.59574340893518e-10,-5.83613187442001e-10,3.67665066350878e-10,5.00606989420898e-11,3.97184575370559e-10,3.25108913891138e-11,-1.17912500469158e-10,-6.92753900509278e-10,2.24091195798782e-11,-8.43970582558407e-10,-4.51253261266401e-12,-3.98520434311149e-10,-6.90568463501979e-10,-4.57682412940622e-10,1.32903159953279e-10,-2.79204569731083e-10,8.34770712703502e-12,5.20301723504307e-10,-9.68621975106183e-10,3.85875077051964e-10,-2.57164327044556e-10,-1.01948808025369e-09,2.14139766267393e-10,-1.65922010532437e-10,-5.86782192159914e-11,-4.74123003387834e-10,-1.07216899352131e-10,3.55785983145364e-10,2.16413384514604e-10,-2.85794823487578e-10,8.7937252863234e-10,2.14036944087974e-10,-1.83265206324854e-10,1.85794349806206e-10,-4.28075304293819e-10,-8.1006595041173e-10,4.15426552223601e-10,5.27069147261413e-11,1.42806815436397e-10,-1.56820611158164e-10,1.92943145078798e-10,1.35932673179429e-10,-5.61590459003687e-10,-8.4986127231139e-10,-7.14110623657063e-11,-2.30572488452474e-10,-4.30454086629845e-10,4.7688694549994e-10,-1.12460917956124e-09,8.17911886417864e-10,-1.40322933612598e-10,-1.61258942888375e-11,1.14096579304635e-09,-2.56460595615396e-10,1.16823874536734e-10,-4.14261416798906e-10,-3.87548173963904e-10,-3.13572254150822e-10,1.55791244832569e-10,-4.06644264373131e-10,5.5992230995284e-10,4.78079152031797e-10,-4.21320207587355e-10,6.54974533958593e-10,-2.66642577993282e-10,6.18721601770508e-11,-5.76459999438451e-10,-5.08515369687023e-10,-8.0477917541731e-10,-1.87921770342182e-11,-1.42933231124287e-09,-5.37992262123077e-10,-4.12349441821785e-10,-2.73276672178627e-10,-5.58340245038764e-11,-9.0759760555433e-11,-4.59887344429958e-10,-1.73078688620501e-10,-4.52871740925389e-11,7.38634773389603e-11,-4.27766072613863e-10,6.02958663270475e-13,7.38170120535553e-10,7.69457708299116e-10,-1.41604484019505e-10,2.83044184650949e-10,-4.25673148576005e-11,-1.37598447127633e-10,-1.54694437789893e-11,3.12500274859701e-10,-8.16286967929281e-10,-1.19542189226988e-09,1.06416703306089e-09,-6.82760589990369e-12,-5.43309173231359e-10,1.24353915151688e-10,-5.75034127317757e-10,-3.89536518530448e-10,-1.80435201044315e-10,-1.47309734021762e-10,4.2603204325019e-11,-6.64682435158155e-10,2.94516711236902e-10,-1.27345950328854e-10,6.80377825650785e-11,3.53286378411935e-10,1.21617018926658e-10,-1.58990770767678e-10,3.07993657984395e-10,1.48907210484891e-10,-5.76437403544234e-11,1.74733226312887e-10,-4.329792861142e-10,5.41314029498742e-10,1.73340410959221e-10,-1.81568445285375e-10,-5.11034643267177e-10,8.45121134415663e-12,-8.68812419402581e-10,-3.11031096422222e-10,-3.01899384795433e-10,-2.16134789336619e-10,4.87758212787193e-11,2.50391574520902e-10,-2.08177334026232e-10,-1.56458758026932e-10,3.68445227591499e-10,1.3880239925775e-10,2.46673264377458e-10,-8.63321966545164e-10,1.73461231714314e-10,1.03943374609208e-09,6.96994576398235e-10,-5.2565471967436e-10,3.41882958411927e-10,5.04429744048339e-10,-3.48262507317765e-10,1.72225926360448e-11,-5.04466298517318e-10,1.22445627926276e-12,-6.07888929298636e-11,-1.13503746385795e-09,4.22723502154785e-10,3.78324125732942e-11,2.25147622194858e-10,-1.67984463039579e-10,-1.08050929197165e-09,-4.86483705248059e-10,2.16849734498794e-10,-7.05015517111542e-10,-8.70703422893158e-10,5.50097857968062e-10,7.39639850872676e-10,-2.61227272823001e-10,3.41962810922243e-10,-4.58973101835632e-10,-1.66617729971862e-10,5.99727317675327e-10,-5.18948750424437e-12,7.12746065553734e-10,1.85170638226761e-10,-6.7919766752947e-11,-3.02961589147168e-10,-8.4587848382807e-11,6.43781326674296e-11,8.95649449665194e-10,2.41774227283571e-10,2.06185195450438e-10,-3.44508068868471e-10,-8.01589120433472e-10,-6.1644780043929e-10,3.07712745367038e-10,-1.79768135544319e-10,6.92086574834232e-11,-4.52209684373338e-10,-2.7980281782102e-10,-2.51735821067078e-10,1.276349207096e-09,5.82769524893246e-10,4.27747327733385e-10,-4.14782120923154e-10,3.55997129438507e-10,9.48695985009907e-10,2.35286214686244e-10,-5.8326806270009e-10,1.38969656128546e-09,-2.72232026224444e-11,5.38403964588321e-10,-4.91557143377727e-11,5.38946944612477e-10,-4.88064398374475e-10,4.15748971531866e-10,4.89519908719708e-11,5.25762336637998e-10,-2.89251628445127e-10,5.15671369252319e-11,-4.94465206036681e-10,1.05231925747579e-09,2.08673824240442e-12,1.79164570351398e-10,1.05646815602886e-09,3.89208486840819e-10,4.86533095939388e-10,1.03367756687227e-09,7.49187794008659e-10,-9.37432192136932e-10,7.3235419637618e-10,1.84530680266401e-10,-2.69666290676832e-10,1.52551865897304e-10,1.56967465365965e-10,4.0259203659362e-10,6.45552224586196e-11,2.35370167514073e-11,-1.30460140247279e-09,3.42159296876263e-10,-3.07922848674222e-10,1.74290154029005e-10,-2.1773089316215e-11,6.94589833077167e-10,-9.27094708949083e-12,6.35027007817494e-10,4.38550509548584e-10,-7.86521961664184e-10,5.83788910542818e-10,-3.22324838909983e-10,2.68213451974514e-10,9.1788292446785e-10,3.47401209050687e-10,1.91838548392558e-11,6.43518104778826e-10,1.49324984986863e-09,6.65752339822657e-11,7.86426811690778e-10,1.14376125204878e-09,2.52414883541345e-10,1.58112394588919e-10,9.03519725024186e-10,4.64739010408589e-10,9.35680449928607e-10,4.70100913295878e-10,1.0038976102784e-09,4.34365660145902e-10,6.93192603249416e-10,1.70168003650432e-09,1.06284648020478e-09,1.04261309812324e-09,1.08289329621784e-09,1.19000885974884e-09,1.04328513285168e-09
