v,0.25
Patm,100000
g,9.81
r,500
G,10^11.44
rho,2400
mu,10^4.55
rc,15
 
M,10^5.91
sigma,0.25
 
tilt_erupt,1.2045nrad
 
-1414,-1413,-1412,-1411,-1410,-1409,-1408,-1407,-1406,-1405,-1404,-1403,-1402,-1401,-1400,-1399,-1398,-1397,-1396,-1395,-1394,-1393,-1392,-1391,-1390,-1389,-1388,-1387,-1386,-1385,-1384,-1383,-1382,-1381,-1380,-1379,-1378,-1377,-1376,-1375,-1374,-1373,-1372,-1371,-1370,-1369,-1368,-1367,-1366,-1365,-1364,-1363,-1362,-1361,-1360,-1359,-1358,-1357,-1356,-1355,-1354,-1353,-1352,-1351,-1350,-1349,-1348,-1347,-1346,-1345,-1344,-1343,-1342,-1341,-1340,-1339,-1338,-1337,-1336,-1335,-1334,-1333,-1332,-1331,-1330,-1329,-1328,-1327,-1326,-1325,-1324,-1323,-1322,-1321,-1320,-1319,-1318,-1317,-1316,-1315,-1314,-1313,-1312,-1311,-1310,-1309,-1308,-1307,-1306,-1305,-1304,-1303,-1302,-1301,-1300,-1299,-1298,-1297,-1296,-1295,-1294,-1293,-1292,-1291,-1290,-1289,-1288,-1287,-1286,-1285,-1284,-1283,-1282,-1281,-1280,-1279,-1278,-1277,-1276,-1275,-1274,-1273,-1272,-1271,-1270,-1269,-1268,-1267,-1266,-1265,-1264,-1263,-1262,-1261,-1260,-1259,-1258,-1257,-1256,-1255,-1254,-1253,-1252,-1251,-1250,-1249,-1248,-1247,-1246,-1245,-1244,-1243,-1242,-1241,-1240,-1239,-1238,-1237,-1236,-1235,-1234,-1233,-1232,-1231,-1230,-1229,-1228,-1227,-1226,-1225,-1224,-1223,-1222,-1221,-1220,-1219,-1218,-1217,-1216,-1215,-1214,-1213,-1212,-1211,-1210,-1209,-1208,-1207,-1206,-1205,-1204,-1203,-1202,-1201,-1200,-1199,-1198,-1197,-1196,-1195,-1194,-1193,-1192,-1191,-1190,-1189,-1188,-1187,-1186,-1185,-1184,-1183,-1182,-1181,-1180,-1179,-1178,-1177,-1176,-1175,-1174,-1173,-1172,-1171,-1170,-1169,-1168,-1167,-1166,-1165,-1164,-1163,-1162,-1161,-1160,-1159,-1158,-1157,-1156,-1155,-1154,-1153,-1152,-1151,-1150,-1149,-1148,-1147,-1146,-1145,-1144,-1143,-1142,-1141,-1140,-1139,-1138,-1137,-1136,-1135,-1134,-1133,-1132,-1131,-1130,-1129,-1128,-1127,-1126,-1125,-1124,-1123,-1122,-1121,-1120,-1119,-1118,-1117,-1116,-1115,-1114,-1113,-1112,-1111,-1110,-1109,-1108,-1107,-1106,-1105,-1104,-1103,-1102,-1101,-1100,-1099,-1098,-1097,-1096,-1095,-1094,-1093,-1092,-1091,-1090,-1089,-1088,-1087,-1086,-1085,-1084,-1083,-1082,-1081,-1080,-1079,-1078,-1077,-1076,-1075,-1074,-1073,-1072,-1071,-1070,-1069,-1068,-1067,-1066,-1065,-1064,-1063,-1062,-1061,-1060,-1059,-1058,-1057,-1056,-1055,-1054,-1053,-1052,-1051,-1050,-1049,-1048,-1047,-1046,-1045,-1044,-1043,-1042,-1041,-1040,-1039,-1038,-1037,-1036,-1035,-1034,-1033,-1032,-1031,-1030,-1029,-1028,-1027,-1026,-1025,-1024,-1023,-1022,-1021,-1020,-1019,-1018,-1017,-1016,-1015,-1014,-1013,-1012,-1011,-1010,-1009,-1008,-1007,-1006,-1005,-1004,-1003,-1002,-1001,-1000,-999,-998,-997,-996,-995,-994,-993,-992,-991,-990,-989,-988,-987,-986,-985,-984,-983,-982,-981,-980,-979,-978,-977,-976,-975,-974,-973,-972,-971,-970,-969,-968,-967,-966,-965,-964,-963,-962,-961,-960,-959,-958,-957,-956,-955,-954,-953,-952,-951,-950,-949,-948,-947,-946,-945,-944,-943,-942,-941,-940,-939,-938,-937,-936,-935,-934,-933,-932,-931,-930,-929,-928,-927,-926,-925,-924,-923,-922,-921,-920,-919,-918,-917,-916,-915,-914,-913,-912,-911,-910,-909,-908,-907,-906,-905,-904,-903,-902,-901,-900,-899,-898,-897,-896,-895,-894,-893,-892,-891,-890,-889,-888,-887,-886,-885,-884,-883,-882,-881,-880,-879,-878,-877,-876,-875,-874,-873,-872,-871,-870,-869,-868,-867,-866,-865,-864,-863,-862,-861,-860,-859,-858,-857,-856,-855,-854,-853,-852,-851,-850,-849,-848,-847,-846,-845,-844,-843,-842,-841,-840,-839,-838,-837,-836,-835,-834,-833,-832,-831,-830,-829,-828,-827,-826,-825,-824,-823,-822,-821,-820,-819,-818,-817,-816,-815,-814,-813,-812,-811,-810,-809,-808,-807,-806,-805,-804,-803,-802,-801,-800,-799,-798,-797,-796,-795,-794,-793,-792,-791,-790,-789,-788,-787,-786,-785,-784,-783,-782,-781,-780,-779,-778,-777,-776,-775,-774,-773,-772,-771,-770,-769,-768,-767,-766,-765,-764,-763,-762,-761,-760,-759,-758,-757,-756,-755,-754,-753,-752,-751,-750,-749,-748,-747,-746,-745,-744,-743,-742,-741,-740,-739,-738,-737,-736,-735,-734,-733,-732,-731,-730,-729,-728,-727,-726,-725,-724,-723,-722,-721,-720,-719,-718,-717,-716,-715,-714,-713,-712,-711,-710,-709,-708,-707,-706,-705,-704,-703,-702,-701,-700,-699,-698,-697,-696,-695,-694,-693,-692,-691,-690,-689,-688,-687,-686,-685,-684,-683,-682,-681,-680,-679,-678,-677,-676,-675,-674,-673,-672,-671,-670,-669,-668,-667,-666,-665,-664,-663,-662,-661,-660,-659,-658,-657,-656,-655,-654,-653,-652,-651,-650,-649,-648,-647,-646,-645,-644,-643,-642,-641,-640,-639,-638,-637,-636,-635,-634,-633,-632,-631,-630,-629,-628,-627,-626,-625,-624,-623,-622,-621,-620,-619,-618,-617,-616,-615,-614,-613,-612,-611,-610,-609,-608,-607,-606,-605,-604,-603,-602,-601,-601,-600,-599,-598,-597,-596,-595,-594,-593,-592,-591,-590,-589,-588,-587,-586,-585,-584,-583,-582,-581,-580,-579,-578,-577,-576,-575,-574,-573,-572,-571,-570,-569,-568,-567,-566,-565,-564,-563,-562,-561,-560,-559,-558,-557,-556,-555,-554,-553,-552,-551,-550,-549,-548,-547,-546,-545,-544,-543,-542,-541,-540,-539,-538,-537,-536,-535,-534,-533,-532,-531,-530,-529,-528,-527,-526,-525,-524,-523,-522,-521,-520,-519,-518,-517,-516,-515,-514,-513,-512,-511,-510,-509,-508,-507,-506,-505,-504,-503,-502,-501,-500,-499,-498,-497,-496,-495,-494,-493,-492,-491,-490,-489,-488,-487,-486,-485,-484,-483,-482,-481,-480,-479,-478,-477,-476,-475,-474,-473,-472,-471,-470,-469,-468,-467,-466,-465,-464,-463,-462,-461,-460,-459,-458,-457,-456,-455,-454,-453,-452,-451,-450,-449,-448,-447,-446,-445,-444,-443,-442,-441,-440,-439,-438,-437,-436,-435,-434,-433,-432,-431,-430,-429,-428,-427,-426,-425,-424,-423,-422,-421,-420,-419,-418,-417,-416,-415,-414,-413,-412,-411,-410,-409,-408,-407,-406,-405,-404,-403,-402,-401,-400,-399,-398,-397,-396,-395,-394,-393,-392,-391,-390,-389,-388,-387,-386,-385,-384,-383,-382,-381,-380,-379,-378,-377,-376,-375,-374,-373,-372,-371,-370,-369,-368,-367,-366,-365,-364,-363,-362,-361,-360,-359,-358,-357,-356,-355,-354,-353,-352,-351,-350,-349,-348,-347,-346,-345,-344,-343,-342,-341,-340,-339,-338,-337,-336,-335,-334,-333,-332,-331,-330,-329,-328,-327,-326,-325,-324,-323,-322,-321,-320,-319,-318,-317,-316,-315,-314,-313,-312,-311,-310,-309,-308,-307,-306,-305,-304,-303,-302,-301,-300,-299,-298,-297,-296,-295,-294,-293,-292,-291,-290,-289,-288,-287,-286,-285,-284,-283,-282,-281,-280,-279,-278,-277,-276,-275,-274,-273,-272,-271,-270,-269,-268,-267,-266,-265,-264,-263,-262,-261,-260,-259,-258,-257,-256,-255,-254,-253,-252,-251,-250,-249,-248,-247,-246,-245,-244,-243,-242,-241,-240,-239,-238,-237,-236,-235,-234,-233,-232,-231,-230,-229,-228,-227,-226,-225,-224,-223,-222,-221,-220,-219,-218,-217,-216,-215,-214,-213,-212,-211,-210,-209,-208,-207,-206,-205,-204,-203,-202,-201,-200,-199,-198,-197,-196,-195,-194,-193,-192,-191,-190,-189,-188,-187,-186,-185,-184,-183,-182,-181,-180,-179,-178,-177,-176,-175,-174,-173,-172,-171,-170,-169,-168,-167,-166,-165,-164,-163,-162,-161,-160,-159,-158,-157,-156,-155,-154,-153,-152,-151,-150,-149,-148,-147,-146,-145,-144,-143,-142,-141,-140,-139,-138,-137,-136,-135,-134,-133,-132,-131,-130,-129,-128,-127,-126,-125,-124,-123,-122,-121,-120,-119,-118,-117,-116,-115,-114,-113,-112,-111,-110,-109,-108,-107,-106,-105,-104,-103,-102,-101,-100,-99,-98,-97,-96,-95,-94,-93,-92,-91,-90,-89,-88,-87,-86,-85,-84,-83,-82,-81,-80,-79,-78,-77,-76,-75,-74,-73,-72,-71,-70,-69,-68,-67,-66,-65,-64,-63,-62,-61,-60,-59,-58,-57,-56,-55,-54,-53,-52,-51,-50,-49,-48,-47,-46,-45,-44,-43,-42,-41,-40,-39,-38,-37,-36,-35,-34,-33,-32,-31,-30,-29,-28,-27,-26,-25,-24,-23,-22,-21,-20,-19,-18,-17,-16,-15,-14,-13,-12,-11,-10,-9,-8,-7,-6,-5,-4,-3,-2,-1,0
1.3208792257846e-10,5.02707791835589e-10,1.81291030194106e-10,-2.01469124254133e-10,1.21213837002924e-10,1.9143981982251e-10,3.14839075525526e-10,6.02384052848062e-10,-3.49421157172874e-10,1.2658986890865e-10,1.73565830200908e-10,1.49785585635339e-10,5.95811509814575e-11,1.95569784990121e-10,1.03903294008912e-10,2.31445052150103e-10,6.52465134747304e-11,-3.81720290347367e-11,2.82722375086686e-10,3.6476834552425e-10,-8.56918204679392e-11,2.30766073450657e-10,-2.37625237267657e-10,2.13135085940276e-11,5.0081460831055e-10,2.10825747635136e-10,-1.49753211166563e-10,1.06843230726534e-10,-2.90125232931616e-10,3.33605443795402e-10,3.23729881709083e-11,-2.6487883980556e-10,3.16500106182727e-10,-1.36207702642533e-10,-1.00124806174803e-10,-2.22525034780662e-11,3.78538525957557e-10,5.38765480890084e-11,2.11058223063506e-10,-2.10377986762797e-10,-3.98887818698466e-10,-8.43525765777652e-11,1.53300335826788e-11,-4.03933819708446e-11,-1.22518706132496e-10,1.339945297523e-10,5.38874921365428e-11,-7.0814133133062e-11,9.22346912727095e-12,-5.93399611921965e-11,3.28281244231358e-10,-3.48909862702561e-11,-1.76082192113e-10,2.71528665113344e-10,-1.34805681224374e-10,3.05199312386498e-12,-2.09306909502437e-10,6.14179709905832e-11,5.35499391730878e-11,-6.18504905922609e-11,1.50889552210126e-10,-2.72134556533451e-10,8.17034190759657e-11,7.34019846021161e-13,1.66799227318885e-10,-2.73476062383506e-11,8.92703150617685e-11,6.20259730959278e-12,-5.78055495458187e-10,-2.31787104834905e-11,1.65193038817484e-11,2.86170293808208e-10,6.67761418930465e-11,-1.00513639092594e-11,-6.05754180904702e-11,-3.23321910108449e-10,-4.85837261213744e-10,-1.67049526300071e-10,-9.97839064644562e-11,2.06931948031501e-10,-1.66730299410245e-10,2.9730520088153e-10,-3.38932150785413e-10,-3.56013074094821e-10,7.5645406333195e-13,1.83962734296678e-10,1.95650857942514e-10,-1.59977476693535e-10,4.40802806647892e-12,-1.5882510136302e-10,2.4073417350857e-11,3.30805956637457e-11,7.80921262990838e-11,-2.56833964350331e-10,-1.96627871972115e-10,2.36167187919418e-10,-3.32495494693993e-10,2.58155990683762e-10,-5.73046855505208e-10,-4.21256831867031e-10,1.07244222645732e-10,3.83016873716906e-10,-2.05381646036601e-10,1.54036897019425e-10,2.0319484748723e-10,2.13651353646746e-11,8.66678898739854e-11,-1.60843099704971e-10,-2.01770906329341e-10,-1.57375535193388e-10,4.53880144732764e-10,-4.16457002921277e-10,4.46175125506509e-10,-1.85976148194273e-10,-3.07786494861873e-10,9.75447442900411e-11,-6.69931351030979e-10,8.13813934250206e-11,2.77694330353981e-10,-1.77636194367847e-10,2.79184647664001e-10,-2.2344612640713e-11,2.91360739126188e-10,-2.29731361537579e-10,2.04265168630881e-10,-1.7652490769034e-11,-5.87252793953533e-11,-1.95430791986705e-10,4.48993668602014e-10,8.7681143291376e-11,-5.01173111956205e-10,-1.35167345554301e-10,-1.49684931823337e-10,-9.8112705734643e-11,-3.23869989348401e-11,-1.10970648554415e-11,-2.94475747846544e-10,2.86793474955287e-10,7.64431119645189e-11,1.60176652956801e-11,-3.78100032685492e-11,5.02898226519693e-11,2.85979463867405e-10,7.29368499987816e-11,-1.20645039206061e-10,7.13240747361757e-11,2.56986901923448e-10,1.4204000851744e-10,-1.25987177051935e-10,3.01904557984059e-10,-2.01821733234127e-10,7.09145800686187e-11,3.01811002191252e-10,1.88842024510283e-10,1.76401413823736e-10,1.44094836369591e-10,-3.67832399958282e-10,3.92427922162962e-10,-6.61284816906101e-11,-3.24782909234453e-10,-4.26033362724235e-10,-1.4582147151232e-10,-1.00567189054441e-10,3.24720849700382e-10,-1.81798607758518e-10,1.75076835029881e-10,-1.98478364094649e-10,2.15014307185301e-10,-2.58730855679706e-10,-3.23570774364854e-10,2.19877710577619e-10,1.87216663256223e-10,2.28032107266984e-11,2.68869566863077e-10,3.29946973985083e-10,-2.44264696689844e-10,2.43271476593703e-10,2.40883967743257e-10,-1.90390100587506e-10,-9.44272055711479e-11,8.03162693060553e-11,-6.43070872724049e-10,2.00654072149172e-10,-3.59939357878818e-10,4.9582813294428e-11,-2.56407511925609e-10,-1.20435183938408e-10,-2.75361340867203e-10,-3.71198743220915e-10,3.55448977749028e-10,-1.26353855610124e-10,9.73952049994679e-11,1.37736483281473e-10,-3.82145743082525e-10,-7.08964771069779e-10,-1.72079974549915e-10,2.48974471405548e-10,1.11788105316798e-10,1.98217058838419e-10,-2.61441975331955e-10,-7.22696172171339e-11,-2.98745368709931e-10,-1.93813117153356e-11,2.02900969720227e-10,3.0120976066347e-11,3.49888530266237e-10,-2.99904246410338e-10,-3.14102398230524e-10,2.73243084211052e-10,-3.12365762810316e-10,-2.46547312748863e-10,-5.42456757580085e-11,2.08652807825132e-10,3.48968616205336e-11,2.10641311198942e-10,1.85929578824449e-10,9.03106899266134e-11,-3.18279001077826e-10,-6.10653633646748e-11,5.60208959531473e-11,1.70727950261181e-10,5.61751193771617e-10,-1.04174177219148e-10,-2.23968395999805e-10,2.67046663212934e-10,4.80763751174951e-11,-2.14649435500339e-10,1.00865430299932e-10,-2.00377220847647e-10,-1.94435931181835e-10,2.79320744361182e-10,-1.97299710585831e-10,1.77759219360178e-10,6.5688939256877e-12,2.7615158862229e-10,-9.79727348748263e-11,2.3964080924473e-10,-1.91111148788373e-11,3.42112163054012e-10,-5.09727610223503e-10,-1.00666644023799e-11,1.88147120054687e-11,-3.70216039403513e-10,4.64956701451775e-11,-2.62532690147871e-10,-1.83036630237304e-10,4.11770660660369e-10,2.3463504606776e-11,-2.67447633659847e-10,-3.66609608064264e-10,2.45500530413749e-10,-1.30589390023376e-11,3.61062131593145e-11,1.25453245080847e-10,-8.92082325203744e-11,-2.08310286283167e-10,3.15320933853091e-10,-7.94403587439037e-11,2.55524741485043e-10,3.70076077691399e-10,2.07753653343214e-10,1.08710656815783e-10,1.42038092495403e-10,-2.62490713276763e-10,1.89871959331583e-11,-2.35032082691882e-11,2.38470726533328e-10,-2.32820130965165e-10,1.14708796426633e-10,-2.09967459573527e-10,9.28633580322613e-11,-3.47825627192049e-10,-2.35814528648405e-10,-2.34757040873507e-10,6.36795370709884e-11,-1.58847255054083e-10,1.33670770435509e-10,2.08815851788287e-10,4.23959520821386e-10,-8.55043196829493e-11,-1.20906964199871e-10,-6.82102653528936e-11,9.5396563114513e-11,9.12718949897115e-11,1.59727094059875e-10,3.59009350855267e-11,-3.70738919142552e-10,-2.36951040769205e-10,-1.19763066309482e-10,-5.53247532494885e-12,3.43762611816086e-10,-6.84087332668267e-11,-4.43989550564323e-10,-4.77309947186112e-10,4.39340259756885e-10,1.37234325902822e-10,-2.78227588989258e-10,2.23673043656137e-10,-4.43574116215071e-10,9.68011316844829e-11,5.39712039363645e-11,1.98191512957897e-10,-1.30748497044195e-10,3.18559357723686e-10,-2.49872784834792e-10,-3.47573273058678e-10,4.58835199676903e-10,-1.22088714423806e-10,-1.90225933307127e-10,-6.60684529900725e-11,2.26217097816893e-10,-5.46241439323593e-10,6.87131343968207e-11,-4.33124639421297e-10,-1.871856718273e-10,-5.90826797428613e-10,-2.69680494809456e-10,-1.67570322031791e-10,2.67407181785451e-10,-2.46493250681871e-10,-2.10920022792781e-10,1.07415710803498e-10,-1.08534216258685e-10,8.82298864223473e-11,6.98125967832842e-11,-3.87316306654586e-11,2.37819643086045e-10,1.19929924440778e-10,-2.52159404142586e-11,1.8008541435341e-10,-5.42624264328485e-11,-1.83194251732086e-10,1.02907729627208e-10,-2.22667568294584e-10,2.2333369232882e-10,7.69370022888795e-11,-2.20498745395086e-10,1.90495704785973e-10,4.57627830188003e-10,1.46794646010333e-10,9.0091707162793e-11,2.09506284300621e-10,-1.5784855580923e-10,5.9061272588702e-11,-2.66856283384065e-10,1.40826468340253e-10,1.9991349548512e-10,-1.18273891324905e-10,9.10208316687184e-11,1.98818794220664e-10,-6.89415206475888e-11,-7.79470557668988e-11,4.85256218586597e-10,-5.99595843655784e-10,-3.09568136157339e-10,2.69237306065764e-12,1.26024409453145e-10,-2.12479918369275e-11,-1.74869600431547e-10,5.40077563962938e-11,1.25997013327041e-10,2.9758297085642e-10,3.00170994658016e-10,-4.37906593628053e-10,4.82568082473702e-10,-2.2121486775002e-10,-2.679005236443e-12,-2.56079506147929e-10,-3.04130512640568e-10,2.07098147866993e-10,1.42703764210195e-10,9.81459115905808e-11,1.57979923773687e-10,9.27690290950441e-11,-2.27113120708162e-11,-1.84517576556627e-10,3.89753600701989e-10,2.45512137539878e-10,3.37006887797539e-10,-2.2993439177726e-11,-1.19574273032984e-10,-9.87787778969371e-11,-1.85294020281081e-10,-2.01086632169315e-10,1.9396906090333e-10,-1.02000084877024e-10,1.26124476404651e-10,-2.48884698189202e-10,-1.12181812443907e-10,8.91008386873698e-11,2.34251035517538e-10,2.09871252013405e-10,6.89647698723054e-10,3.98582328024308e-10,1.74059768473893e-10,-2.08525893776289e-10,-1.50844257295011e-10,1.71236105875488e-10,-1.55226429010259e-12,-1.04723456140234e-10,4.00829701845437e-11,-3.10444969742615e-10,1.45498234685868e-11,1.96265810804166e-11,3.89816304319711e-10,6.32013017910369e-10,-2.64680291055267e-10,1.95714909463799e-10,1.03476121188142e-10,-3.40547241816457e-10,4.89723904000537e-11,-1.87469135707712e-10,3.36660883256798e-10,2.16888802156135e-10,-1.93076591241381e-10,2.39693217297377e-10,-2.05245617197975e-10,6.53505177256649e-11,-2.18711063554642e-10,-9.41961640938669e-11,-1.41000113489656e-10,3.22678710347263e-10,-1.46637254065567e-10,5.46494942142403e-10,1.99968138021976e-10,3.14899076327068e-11,4.57655082310177e-11,-7.58706340787432e-11,5.80879002327658e-10,4.33055347714158e-10,-2.79080739533347e-10,9.23838500727599e-11,-1.8750868852986e-10,2.05716149028961e-10,-4.07382185609035e-11,4.83934519918916e-11,-1.25453994455466e-10,7.68663868055226e-11,3.55055332652958e-10,3.7468437135622e-10,2.58884957088134e-10,1.03720110340136e-10,-3.19799232558011e-11,2.02923327799653e-11,4.55978893430488e-10,-4.07866919932326e-10,-4.04854818971151e-10,-9.26074874331133e-11,-2.39905660803151e-10,1.39366289446911e-10,6.76737439287764e-11,-2.87333447759099e-10,-5.1408039791524e-10,2.16609787989121e-11,-1.5877317292664e-10,-3.06584016950114e-10,-3.7451065745073e-11,-4.1861003870209e-10,1.80660686132696e-10,1.63146830832541e-10,-6.04984660378457e-10,-7.2195874054277e-11,-3.40768746193184e-10,4.8921796422783e-11,1.7723548858655e-10,3.53718440482183e-10,-3.82291198788129e-10,1.62443324952145e-10,3.80956459969943e-10,-1.02514017899493e-10,9.61407451275071e-11,2.81929960306306e-11,2.14210340709301e-10,-8.67884673283709e-10,-6.56722720536619e-11,2.21503841222874e-10,4.64049514962021e-10,-9.41582520634496e-11,-2.18981491857613e-10,8.04322570288366e-11,-3.73412036856113e-11,-7.35823323924128e-11,-1.0470743951498e-10,-1.2416957752794e-10,3.42393074546177e-10,-6.79576944358068e-11,8.16308097317591e-11,-3.29879959915227e-10,2.67544348060907e-10,5.91018109746569e-11,8.75678745391661e-11,3.53055830824721e-10,7.34197540632133e-11,1.26904516086415e-10,-1.14725501138101e-11,7.4133474940248e-12,-9.31337824546999e-11,2.51618136705173e-10,2.08715091017544e-11,-1.5792585423476e-10,-6.14342899618562e-11,-3.12763368634157e-10,2.36778204782253e-12,-2.82277169849218e-10,1.64887969871468e-10,-5.1315456046536e-10,1.15840326008271e-10,-1.18131653472309e-10,-7.63297549506544e-11,-2.2541841137409e-11,9.76400073491838e-11,4.35615900131213e-11,-6.20522742031762e-11,-6.67328420487e-10,-7.81216296689276e-11,-3.33208713062365e-10,9.67515137101359e-11,2.96973858547019e-10,1.64384595280255e-10,-1.44399503719512e-10,-3.64685467234093e-10,-5.76149876843039e-10,8.01191405609435e-11,2.03731911024416e-10,-1.75268250245982e-10,-2.13431723019314e-10,1.53398778116954e-10,-2.75473563214615e-10,1.99354949547967e-10,-2.09240920639531e-10,-5.57249812532075e-11,1.10163260396924e-11,3.61018860430089e-10,-3.94026081502619e-10,-5.84074380068187e-10,1.51762402217279e-10,6.3342129648632e-11,-3.98774279015832e-10,-2.45159145355998e-10,-3.51657878927617e-11,1.7474905478027e-10,1.12064218653946e-10,1.79244962158819e-10,-1.72018561600493e-10,-1.41733916133871e-10,-8.14350451917056e-11,1.07636639619468e-10,-2.90808351670713e-11,2.96523583116246e-10,2.29626789808149e-10,1.8318438365364e-10,1.62112297271218e-11,1.14152882902655e-10,-8.01515345965698e-11,6.95104896483096e-11,-2.42810505701322e-10,3.76642752051598e-11,-2.82206428173274e-10,5.257311299987e-10,-2.88889615213428e-10,5.1357476242683e-10,-1.89746637630828e-10,-2.08243975269428e-11,1.73912659065372e-10,1.530531966093e-10,-4.44350483658635e-10,-1.37407577291852e-10,-3.24012524400716e-10,2.25168963671169e-10,2.51458404143363e-11,1.1968979711277e-10,8.83778901070661e-11,3.89743527061946e-11,2.00028784959023e-10,1.71220708961293e-10,3.30769635463462e-10,1.03422795080726e-10,7.87844704493076e-11,-2.11161757730008e-10,2.0447259283285e-10,-4.4944657837586e-11,1.54377288664868e-10,3.83358053049819e-10,4.26558893460655e-10,3.25307792450517e-11,-5.95674937463694e-11,-2.13366918645975e-10,1.34763932284312e-10,-4.76455825476559e-10,-4.83726440798267e-10,-3.29188920724776e-10,3.32595307282606e-11,3.49111244569612e-10,5.74693665258418e-12,-3.56149508516193e-10,-4.08471624843662e-11,-4.73534197423805e-11,-1.6294684008503e-11,3.46636660008283e-11,-1.34918418751186e-10,1.64148315641685e-10,1.76910530289711e-10,9.63316922394056e-11,-1.67080608446947e-10,1.86489709745149e-10,9.28255761437517e-11,-5.04940609629635e-11,-1.33361372860712e-10,-7.45574453294768e-11,5.16450963246355e-11,-9.66025562795755e-11,3.21347439313982e-11,5.70071650713044e-11,1.12821380923094e-10,3.50854237757411e-10,9.96559264159362e-11,5.51430688335137e-10,8.46059268552413e-11,-2.39853682438459e-10,2.34731753314966e-10,1.9290289896502e-10,-4.12015300102529e-11,-1.39593779597201e-10,-4.68285870422044e-10,-1.46540357962299e-10,1.77545908412979e-10,-2.02204596044247e-10,-2.52500372623371e-10,-2.65661636879026e-10,3.38945788277652e-10,-4.69970627897851e-10,-1.1663368997224e-10,-1.61892918687635e-10,1.21419298210116e-10,-1.87109344314081e-11,-5.53224687910917e-12,6.28199736117313e-11,7.49000502664191e-11,1.12563219917143e-10,-5.49255133547281e-11,3.71302604047127e-10,1.54142922124856e-10,-3.12277220232955e-12,5.24177987215153e-11,-2.60056562880966e-10,-3.02376503608007e-11,-1.49807602293443e-10,-3.24394588564254e-11,2.63018498641855e-10,7.71123935717339e-11,5.18463326025252e-11,2.13711725721829e-10,-3.31290785986547e-10,-2.81277490872691e-10,3.40618811873068e-10,-1.54699442129589e-10,2.00030103106112e-10,7.25984897566378e-11,-3.63162525483104e-10,-6.0447363804477e-10,3.65963805836598e-11,4.24974771912741e-11,-6.04196837702886e-12,5.58801963589418e-11,4.38998576498694e-11,1.3240213533491e-11,-4.75452159683165e-10,-1.78591966462864e-10,-1.63295171288697e-10,5.79205978419133e-10,5.3055942243748e-10,3.17138188718744e-10,-1.23843454633369e-10,2.16213346538759e-10,3.14608676593382e-10,9.32178247362914e-11,-1.13473720032281e-10,9.44089365795693e-11,4.40206525632807e-10,-2.40298848425365e-10,-1.98700470173394e-10,-2.78104852081801e-10,1.59032642863264e-10,3.58045551716087e-11,-4.01724908909899e-10,9.62369654310873e-11,-2.29750260849638e-10,-1.02657312029539e-10,-2.08664208493597e-10,-1.98892397755751e-10,-3.73967038587796e-10,-1.51306048257591e-10,2.08739775389085e-10,4.81601772180301e-11,1.53455570757866e-10,1.33819464158122e-10,-9.94299631491963e-11,2.68693062332125e-10,-9.3182455247185e-11,3.17925753638176e-11,-4.03227514755052e-10,-2.00943051630107e-10,-1.78428668653464e-10,1.1468142898149e-10,1.67895214410437e-10,-7.27744962065063e-12,4.30908151789382e-10,-3.49665695685028e-10,-3.44563254615245e-11,6.15649432046293e-11,2.07812348610422e-10,3.29618660010831e-10,-3.46959429817148e-10,-2.24803202746894e-10,1.01256062087913e-10,-7.52281447974265e-11,-1.85839830886616e-10,2.20857024157353e-10,5.39444111060608e-10,-9.13668293191589e-11,-1.34605837019366e-10,-3.33145265072465e-11,3.50077709034752e-11,-4.24177838972114e-10,1.6772805474221e-10,-1.34465905046874e-10,2.62529403448416e-10,-1.36401937792229e-10,-3.30439776019198e-10,2.33545275324436e-10,2.70029683662672e-10,3.85114296269259e-10,2.13769865584192e-10,-2.89517574231522e-12,-8.10356474052577e-11,-1.35762647320243e-10,-3.22485665186429e-10,-4.3906943798729e-11,-7.77849096105571e-11,2.26588478079764e-10,6.15781898287437e-11,-2.5974476638903e-12,1.43685867210705e-10,-4.61964052897425e-11,-3.80960893340925e-11,1.24772692720205e-10,3.65084687346743e-10,-1.52476472003593e-10,2.29182382497803e-10,-3.67965566775083e-10,-2.20013234519797e-10,-2.85623820211391e-10,1.37384059634922e-10,1.1832869026866e-10,3.7509152407782e-10,-3.30752671275876e-10,-4.17816419306196e-10,3.95173156556013e-10,2.52894341825078e-10,3.80046049402134e-11,-1.56356419225981e-10,-1.24590993790556e-10,1.40917062085836e-10,-6.38540305645608e-10,-7.01121927029883e-11,-1.56701719335597e-10,2.29702966932147e-12,-2.21045038761491e-10,-8.01459482849135e-11,4.01418627978848e-10,4.95855298887461e-11,-2.05612617947288e-10,-2.53427141339343e-10,-1.41031215135052e-11,1.98708309480645e-10,2.87793997747027e-10,-1.98733224608488e-10,1.18717869522958e-10,-1.40383237129283e-11,5.8291899404825e-11,5.74384011210989e-11,2.26977764279178e-10,-1.0093502515754e-10,-1.24072066457374e-10,3.27859457259609e-11,-7.23023550742727e-11,-1.08873042661039e-10,1.15300157414116e-10,-3.39728091765777e-11,-2.6650254704652e-11,-5.15907121163019e-10,-1.28162016835132e-10,-1.76496789286923e-10,2.05645815777244e-10,-3.69919559973329e-10,-8.55375988931933e-11,4.31499840885106e-10,-3.27760210131907e-10,6.28270192359606e-11,5.61335599156659e-10,1.25602784189354e-10,-2.24022012864142e-10,3.75464388598328e-10,8.43527931200549e-11,-3.87707786251442e-11,-1.10786572570994e-10,-3.82471872916565e-10,1.75200804061329e-10,2.61310987065406e-11,-3.01416188999434e-10,3.64913630131349e-11,-6.67038189173578e-11,-1.80968900832956e-10,3.33275343135802e-10,-3.40516316804549e-10,2.35833979128149e-10,-9.90874519945009e-12,2.41439379548758e-11,7.69231237874268e-11,-3.63010897887129e-10,-8.26747871509186e-11,3.09800842733844e-11,-2.32790538127728e-10,1.2094082360237e-10,1.37517492399318e-10,-1.25156566062034e-10,-1.18876324310175e-10,-2.61318084111232e-10,-3.70081220205875e-10,-2.00171673551654e-11,-3.29331890502231e-11,1.28358446964786e-10,1.28353071377631e-10,1.75996730273342e-10,4.19209084221678e-10,2.6306098438538e-11,-1.18337847594155e-10,-5.22130159988499e-10,1.8860708609304e-10,6.25093098621712e-11,5.70827917231121e-11,9.94610135218954e-11,-3.76220433896671e-11,-2.31064676168496e-10,-1.95772214152285e-10,2.65546268240212e-10,3.81877520628862e-10,-4.30449696938867e-11,-1.4752630671079e-10,1.24390262393207e-10,-1.8751286325708e-10,-6.28110669607602e-10,-1.0867216101632e-10,-1.92581057085312e-10,3.11140684263796e-11,-2.51947403016947e-10,3.15150887751984e-10,-2.96780838273104e-10,1.05036514463007e-10,6.8221727841452e-11,-9.7943245907427e-12,2.7364382876583e-10,-2.09564443682876e-10,1.24341644680964e-10,-2.46691529953673e-10,2.79628282660703e-10,1.81345806273996e-10,-4.96388733149953e-12,-1.44467845644058e-10,-5.72232514448811e-11,-1.01900925852545e-10,6.3982813604343e-10,7.12605584862512e-11,-1.77126795366796e-11,8.98198204502915e-11,3.24243320711114e-12,1.26523491974969e-10,1.11339784193133e-10,4.752250292969e-11,6.95538614917196e-12,-1.99001145855815e-11,-4.41236994006569e-10,-1.03967246771411e-10,-3.92986274084109e-11,-1.63629270857207e-10,2.53009367759396e-10,1.48224906019348e-10,3.0365470835204e-10,4.01153517006751e-11,4.60774075005604e-11,2.42350801160937e-10,1.61115533598952e-10,1.6044681049721e-10,-4.44170499675173e-10,-3.97070532559873e-10,-2.18984347991911e-10,-5.12735902157889e-11,-3.53082962877712e-10,1.20561129882813e-12,-5.06558388292668e-11,-8.14057847494112e-11,1.51842057985741e-10,-2.55588638183051e-10,-4.12911525082364e-13,1.05230748301035e-10,9.93591533118269e-11,-6.81453302039813e-11,-2.22494263097801e-10,-3.42610831460696e-10,1.14988085790751e-10,7.30351217255582e-11,-2.98714459711347e-10,-3.59370872782351e-10,5.55909614356839e-10,1.61612560538145e-11,-1.42352585549154e-10,-4.57602273364277e-10,5.14065447092523e-11,1.62899597839164e-10,3.70832202847393e-10,-1.54995265756687e-10,1.92084485315508e-10,-2.38684526624637e-10,-2.97978359733616e-10,-2.32844009672853e-10,-4.05726556376671e-10,1.58937641107913e-10,-2.88268060723116e-10,4.62466060579524e-10,-1.8628531051117e-10,-1.48683673142925e-10,1.76893860797891e-10,-2.89907608533398e-11,1.25718314246563e-10,-4.6160052645263e-10,-1.26973263684937e-10,-2.19046510956656e-10,-4.31851103671563e-11,-2.01953795283707e-10,1.94802443313001e-11,-6.74475419259189e-11,3.86487207427898e-11,-3.9466812154132e-10,1.42850193046417e-10,-1.57828547771093e-10,5.50861839993085e-11,-8.0546490813088e-11,-3.47006142293716e-10,-1.14219006703012e-10,-4.00597967425015e-10,-4.25418135553266e-10,-1.29754936284448e-10,-1.74156930157208e-10,-1.54821228476469e-10,2.53178551752413e-10,-3.52863023380353e-10,2.7578919285236e-10,-1.85747139497896e-10,-1.05209266473403e-10,-1.47060105270559e-10,-7.20646529362032e-11,-1.70241323733274e-10,1.94889451553075e-10,2.04066975172572e-10,-1.79672515940541e-10,-2.79923295376251e-10,-3.1763642174146e-10,-1.4253529053307e-10,-5.23639783898503e-11,-6.28820001128391e-11,-1.93375785558484e-10,-1.04872896347954e-10,-2.8764580359053e-10,1.27648182580673e-10,3.20393095099983e-10,4.76521135352239e-10,7.17906354298661e-11,-3.41080565469919e-11,5.36156020694536e-10,-4.45226380006993e-11,-6.18475796197935e-11,-1.67982741606198e-10,-5.19687234232279e-10,-1.99882142157127e-10,1.76859763787779e-10,-1.23455808209529e-10,2.13396949186961e-10,1.7363248535134e-10,4.58485390741477e-10,-3.1231734877872e-10,1.43950304472459e-10,-3.42505831256178e-10,2.84132894553756e-11,-1.03317920317906e-10,-2.70864828125147e-10,1.54530892238888e-10,-1.27595214493279e-10,-2.29091241596355e-10,2.44524682923153e-11,1.92772952990207e-10,2.47005933170267e-10,-5.15152059713852e-10,-3.40855897013414e-10,-1.59201120230584e-10,7.504948111015e-11,1.42542655860664e-10,-3.68163284380529e-10,2.82542847352948e-10,-3.65275222525408e-10,-4.18070895158811e-10,-2.04812429570729e-10,-2.30983272874115e-10,3.02271834890361e-10,1.54590487005867e-10,-2.89853296104258e-10,-2.18658163863189e-10,-4.21636245533098e-10,4.11541397304898e-10,1.46954346765959e-10,-3.33157356385916e-10,9.05862921520242e-11,1.41420557165495e-11,-2.88956313643999e-10,4.46445674892831e-11,1.0826508636605e-10,3.42934176144116e-11,-5.4151893574278e-11,-3.09403885020285e-11,3.66373526229867e-11,-3.549339664665e-11,-1.25506981266727e-10,5.57576628041061e-11,7.91478337692358e-10,-2.56251845234968e-10,-2.25680469006763e-10,3.7707749505064e-11,9.21202112998647e-12,-1.07684052116034e-10,-1.37601702245801e-10,1.20402785239917e-10,3.65326201843828e-11,-3.77112667491079e-10,7.03400924603076e-12,-4.20453225696199e-11,-1.18388832549199e-10,4.95725843125013e-10,9.83374314490362e-11,9.54722832354249e-11,6.77483745176902e-10,-1.52303646746686e-10,-1.23224878308428e-10,8.80278036980699e-11,-3.99372614710618e-11,7.07309911598814e-11,-9.63600617595072e-11,-4.48462296670192e-10,2.99135421892816e-11,-5.50890412867241e-10,-4.6874018295965e-10,-2.27858284293464e-11,-3.63221988559565e-10,-1.79988165554677e-11,-2.76991217715998e-11,3.75598807491531e-10,3.04674696855317e-10,3.89142074205584e-10,-2.14916835454325e-10,-8.86306814939948e-11,-3.67080910095637e-11,-2.10722601241714e-10,-2.7495159150918e-10,-6.18589026535916e-11,-1.14619692211594e-11,-2.96525193563045e-10,2.21617811562921e-10,-3.13370505856239e-11,2.5659800304241e-11,1.56668031879356e-10,-2.50796973435345e-10,-3.44047815232657e-10,-8.41365859104389e-11,1.03156760227741e-11,3.68751768799967e-12,-8.41625277269237e-11,2.26156423756796e-10,-1.41501764073072e-10,-2.60989504002476e-11,-1.62072856289832e-10,-4.71617181916241e-10,-1.20333583155451e-10,-8.1014056253748e-11,2.18257055282081e-10,-2.70494313914244e-10,9.20469660276087e-11,3.22834248623478e-10,-2.51403095454589e-10,-1.19720045455833e-10,-1.69828282889384e-12,-1.22146580476148e-10,-2.11948766609508e-10,-3.43202411649636e-10,-4.32619846413805e-10,-1.53153371578622e-10,3.15986339235977e-10,-3.18938839387081e-10,-1.02629076274676e-10,2.45690301162793e-10,2.2562728205014e-10,2.2550296581173e-10,2.04275644659329e-10,2.18132949149549e-11,-3.3468513745392e-10,-1.01934773816231e-10,-3.45836294036146e-10,-1.99248789183112e-10,-6.59418720334334e-11,1.46066336029983e-10,3.82826561205771e-10,-1.69665269133053e-10,2.92937464272467e-10,-1.63331680072132e-10,3.2062227111708e-11,-1.34499917619928e-10,-1.75356321548019e-10,2.12432973777188e-11,-4.48704483247922e-10,-2.69825719228963e-10,-3.27718114882548e-10,1.33188293827942e-10,1.61512859229994e-10,2.2408503436384e-11,7.93979027709525e-11,4.08380515274941e-10,-1.03124016280897e-10,4.10412905301151e-11,-3.36663083888381e-10,-9.53447872422233e-11,-8.95450207485487e-11,-1.40414069486731e-11,-2.21374238386516e-10,-1.57101356031977e-10,-3.64083345735104e-10,-1.21743177871601e-10,-1.33412092662403e-10,-2.33511817771401e-10,2.09909228215636e-10,2.3378357455984e-10,-1.07894842795194e-10,1.01856935569588e-10,3.38158136135837e-10,-1.48142529221739e-10,1.88618316425614e-10,2.97197599012477e-10,-5.87575768180259e-10,-2.50810073932478e-10,-4.06160358135994e-10,1.39303006481479e-10,-4.75175874114478e-10,1.68012332815201e-10,-3.36449056018681e-10,-3.10742769616311e-10,-2.795589187829e-11,-2.46945001068406e-11,4.3153149361023e-10,-7.83862496211737e-12,-7.38944227419506e-11,2.19825340324359e-11,9.47635276564822e-11,-1.60522030925689e-10,-4.54783770008275e-11,2.4066174592684e-10,-1.63848395976641e-10,2.26810834756389e-10,-3.72029057583692e-10,3.36625666328724e-10,-3.53763233339812e-10,2.47676473638442e-10,-5.38993885280319e-11,-1.46073964480243e-10,-6.00426476428493e-10,1.22571045679434e-10,-3.15954191365741e-10,-2.47486554427061e-10,1.06736387281414e-10,-1.33722607549016e-11,-4.29229595287007e-10,-1.98425703418696e-10,2.63996967909533e-11,-3.71482095347979e-10,2.31155599368562e-10,2.5810910422491e-10,-4.5659428485215e-12,-2.31151433106436e-10,-4.4771557433309e-10,1.89155459185844e-10,-1.91780091561568e-10,-2.63532871543678e-10,-1.06905096140732e-10,2.43784654309296e-10,-6.39984481320656e-10,-4.56206841209343e-10,-2.84154092755268e-10,5.89078496472349e-11,-2.42129510528197e-10,-2.10747310631641e-10,-3.00074224531264e-10,-5.40895000521035e-11,9.22454779476017e-11,1.74384597757193e-10,-2.1626643779743e-10,4.83297882324516e-11,-2.72510324692568e-10,-3.68218691733212e-10,1.51560401345036e-10,2.91904263953902e-10,-3.84793539221626e-10,1.3564155696712e-10,-2.44482067155735e-10,-1.19885189175516e-10,-6.02143900222336e-10,-7.06402828472087e-11,-1.89205895724362e-10,1.73223007643979e-10,-1.94055947871188e-10,-1.29143659450173e-11,2.08290987277048e-10,-1.76992314933896e-10,-4.95301038794255e-10,-3.01861861695455e-10,-5.94048306997477e-10,1.62281957170622e-10,-4.18179230942734e-10,1.9279157744953e-10,8.98935543861725e-11,1.12003836610424e-10,9.33707880890944e-11,-1.16671018081099e-10,-5.20911878594026e-10,-6.63192784157322e-11,-6.14821729819714e-12,-2.82228617837602e-10,-7.32038295479318e-11,3.74340877463859e-10,4.80810662897805e-11,1.46131925447764e-10,-1.00092832366328e-10,-1.18423028034609e-10,-4.35802402173244e-10,-8.9742336234176e-11,-1.06688685805442e-10,-7.71540548165336e-11,1.94118139532917e-10,-2.1430208641534e-10,9.939069725235e-12,3.85012079259116e-10,-4.53781218770239e-10,4.87568746850888e-10,-5.40778259890063e-11,2.06217897112998e-10,-3.75385151548557e-11,-2.35400628526239e-10,-9.41685646846249e-11,-5.8426467265167e-10,3.26965960843978e-10,-4.68436554054943e-10,-7.13973512186398e-10,6.38819859907143e-11,9.6405693218882e-11,-2.26950021247938e-10,1.86142714988452e-10,-1.44398186949221e-10,2.03869860345941e-10,8.37788780610699e-11,-9.10492881496039e-11,3.94636483224383e-10,2.16551970348817e-10,-1.02781441356876e-10,-3.53197103266393e-10,-3.15611240768326e-10,-5.40445213237814e-10,4.1600600424668e-11,-2.18763305934058e-10,-2.83233828159436e-10,2.15147022499138e-10,2.19310552466919e-11,-3.29148092482489e-10,3.03226005688953e-10,-1.90145371776432e-10,2.41705613596537e-11,-1.64119350187485e-11,-1.1467200537593e-10,2.29662259874774e-10,-2.67346617115205e-10,-1.95899183007484e-10,-2.14365008187987e-10,-3.90309690277998e-10,-2.32262775297022e-11,-2.13234358716631e-10,1.08907558326084e-10,-2.6621641784158e-10,6.95644781042735e-11,1.84608792383411e-10,2.09780033238561e-11,-2.03244726496493e-10,-1.35333012244849e-10,-6.19507622176326e-11,-1.89916190329681e-10,-1.08484336661118e-10,-2.09952240418958e-10,2.03443336039944e-10,2.01596185412522e-10,4.57206429312907e-10,-1.04965296589255e-10,7.93691760796695e-10,-6.93984435353779e-11,-2.51693680534442e-10,7.38907241757816e-11,-4.14173784983421e-11,2.42058110095489e-10,-5.83700654233837e-12,2.33613994266866e-10,8.73922495796319e-11,-2.81557908672368e-10,-3.17359369952815e-10,-1.87319093272425e-10,-4.3458730755272e-10,-1.81250041391564e-10,8.44568931055817e-11,-1.4054640543585e-10,5.90893316284543e-11,-2.82616438034782e-12,-1.43068081369789e-10,-4.11293633418035e-10,-2.76708342712113e-10,1.7000889968937e-10,-3.67116689161224e-10,1.61335695104658e-10,1.65532171658472e-10,3.52814238973902e-10,-2.52905872300184e-10,2.04872708389625e-10,2.22223236932687e-10,-1.63111157071036e-10,8.2836413131555e-11,4.99360815149125e-11,1.70025700866546e-10,-5.24624955204877e-11,1.39738870818578e-10,1.07441089252853e-10,2.10079749129641e-11,4.96270706481125e-10,-2.16627848975414e-10,7.98775713209284e-11,-3.55755351000668e-10,4.46381474180159e-10,-2.05654646011595e-10,1.3538508718745e-10,-2.82069292977896e-10,1.75682380583691e-10,6.74422697095073e-11,-3.58634416284385e-10,-7.42466006426618e-10,1.25210658176757e-10,-1.44788342069453e-10,1.11883855002668e-10,-1.04350862475079e-10,2.07676672434941e-10,3.62998312588813e-10,1.74459441523751e-11,1.20756896079445e-10,-3.01132134083402e-10,-1.98826898578466e-10,6.89838515119111e-10,1.61237017515769e-10,2.36270176982449e-10,3.19174109406728e-11,2.08668144584335e-10,4.09263053733838e-10,5.53046786254396e-10,3.73737997910886e-10,5.64787723148759e-10,1.05083171147948e-10,5.46661814760646e-11,7.0273375026833e-10,6.5495218335236e-10,-1.76374944700617e-10,3.87160895476041e-10,1.78731860561103e-10,1.89795305345884e-10,1.92634141936804e-10,3.73406885861079e-10,7.16761402704755e-10,4.50483612605585e-10,6.08944329322363e-10,3.51089101313644e-10,4.49332811330541e-10,3.39313742289313e-10,8.02133460595208e-10,5.70130683366044e-10,5.24181521225589e-10,6.99295029490816e-10,1.05532056778607e-09,6.40326053907883e-10,6.21950207751454e-10,1.05172366479835e-09,1.41129112529808e-09,8.049396960505e-10,5.2328561304332e-10,9.22175522185518e-10,8.52946241565043e-10,1.15836411503339e-09,1.18749456926701e-09,1.38612984446971e-09,1.41806031514111e-09,1.76021694389259e-09,1.27080205891316e-09
