v,0.25
Patm,100000
g,9.81
r,500
G,10^11.44
rho,2400
mu,10^4.55
rc,15
 
M,10^6.3
sigma,0.25
 
tilt_erupt,2.0125nrad
 
-1525,-1524,-1523,-1522,-1521,-1520,-1519,-1518,-1517,-1516,-1515,-1514,-1513,-1512,-1511,-1510,-1509,-1508,-1507,-1506,-1505,-1504,-1503,-1502,-1501,-1500,-1499,-1498,-1497,-1496,-1495,-1494,-1493,-1492,-1491,-1490,-1489,-1488,-1487,-1486,-1485,-1484,-1483,-1482,-1481,-1480,-1479,-1478,-1477,-1476,-1475,-1474,-1473,-1472,-1471,-1470,-1469,-1468,-1467,-1466,-1465,-1464,-1463,-1462,-1461,-1460,-1459,-1458,-1457,-1456,-1455,-1454,-1453,-1452,-1451,-1450,-1449,-1448,-1447,-1446,-1445,-1444,-1443,-1442,-1441,-1440,-1439,-1438,-1437,-1436,-1435,-1434,-1433,-1432,-1431,-1430,-1429,-1428,-1427,-1426,-1425,-1424,-1423,-1422,-1421,-1420,-1419,-1418,-1417,-1416,-1415,-1414,-1413,-1412,-1411,-1410,-1409,-1408,-1407,-1406,-1405,-1404,-1403,-1402,-1401,-1400,-1399,-1398,-1397,-1396,-1395,-1394,-1393,-1392,-1391,-1390,-1389,-1388,-1387,-1386,-1385,-1384,-1383,-1382,-1381,-1380,-1379,-1378,-1377,-1376,-1375,-1374,-1373,-1372,-1371,-1370,-1369,-1368,-1367,-1366,-1365,-1364,-1363,-1362,-1361,-1360,-1359,-1358,-1357,-1356,-1355,-1354,-1353,-1352,-1351,-1350,-1349,-1348,-1347,-1346,-1345,-1344,-1343,-1342,-1341,-1340,-1339,-1338,-1337,-1336,-1335,-1334,-1333,-1332,-1331,-1330,-1329,-1328,-1327,-1326,-1325,-1324,-1323,-1322,-1321,-1320,-1319,-1318,-1317,-1316,-1315,-1314,-1313,-1312,-1311,-1310,-1309,-1308,-1307,-1306,-1305,-1304,-1303,-1302,-1301,-1300,-1299,-1298,-1297,-1296,-1295,-1294,-1293,-1292,-1291,-1290,-1289,-1288,-1287,-1286,-1285,-1284,-1283,-1282,-1281,-1280,-1279,-1278,-1277,-1276,-1275,-1274,-1273,-1272,-1271,-1270,-1269,-1268,-1267,-1266,-1265,-1264,-1263,-1262,-1261,-1260,-1259,-1258,-1257,-1256,-1255,-1254,-1253,-1252,-1251,-1250,-1249,-1248,-1247,-1246,-1245,-1244,-1243,-1242,-1241,-1240,-1239,-1238,-1237,-1236,-1235,-1234,-1233,-1232,-1231,-1230,-1229,-1228,-1227,-1226,-1225,-1224,-1223,-1222,-1221,-1220,-1219,-1218,-1217,-1216,-1215,-1214,-1213,-1212,-1211,-1210,-1209,-1208,-1207,-1206,-1205,-1204,-1203,-1202,-1201,-1200,-1199,-1198,-1197,-1196,-1195,-1194,-1193,-1192,-1191,-1190,-1189,-1188,-1187,-1186,-1185,-1184,-1183,-1182,-1181,-1180,-1179,-1178,-1177,-1176,-1175,-1174,-1173,-1172,-1171,-1170,-1169,-1168,-1167,-1166,-1165,-1164,-1163,-1162,-1161,-1160,-1159,-1158,-1157,-1156,-1155,-1154,-1153,-1152,-1151,-1150,-1149,-1148,-1147,-1146,-1145,-1144,-1143,-1142,-1141,-1140,-1139,-1138,-1137,-1136,-1135,-1134,-1133,-1132,-1131,-1130,-1129,-1128,-1127,-1126,-1125,-1124,-1123,-1122,-1121,-1120,-1119,-1118,-1117,-1116,-1115,-1114,-1113,-1112,-1111,-1110,-1109,-1108,-1107,-1106,-1105,-1104,-1103,-1102,-1101,-1100,-1099,-1098,-1097,-1096,-1095,-1094,-1093,-1092,-1091,-1090,-1089,-1088,-1087,-1086,-1085,-1084,-1083,-1082,-1081,-1080,-1079,-1078,-1077,-1076,-1075,-1074,-1073,-1072,-1071,-1070,-1069,-1068,-1067,-1066,-1065,-1064,-1063,-1062,-1061,-1060,-1059,-1058,-1057,-1056,-1055,-1054,-1053,-1052,-1051,-1050,-1049,-1048,-1047,-1046,-1045,-1044,-1043,-1042,-1041,-1040,-1039,-1038,-1037,-1036,-1035,-1034,-1033,-1032,-1031,-1030,-1029,-1028,-1027,-1026,-1025,-1024,-1023,-1022,-1021,-1020,-1019,-1018,-1017,-1016,-1015,-1014,-1013,-1012,-1011,-1010,-1009,-1008,-1007,-1006,-1005,-1004,-1003,-1002,-1001,-1000,-999,-998,-997,-996,-995,-994,-993,-992,-991,-990,-989,-988,-987,-986,-985,-984,-983,-982,-981,-980,-979,-978,-977,-976,-975,-974,-973,-972,-971,-970,-969,-968,-967,-966,-965,-964,-963,-962,-961,-960,-959,-958,-957,-956,-955,-954,-953,-952,-951,-950,-949,-948,-947,-946,-945,-944,-943,-942,-941,-940,-939,-938,-937,-936,-935,-934,-933,-932,-931,-930,-929,-928,-927,-926,-925,-924,-923,-922,-921,-920,-919,-918,-917,-916,-915,-914,-913,-912,-911,-910,-909,-908,-907,-906,-905,-904,-903,-902,-901,-900,-899,-898,-897,-896,-895,-894,-893,-892,-891,-890,-889,-888,-887,-886,-885,-884,-883,-882,-881,-880,-879,-878,-877,-876,-875,-874,-873,-872,-871,-870,-869,-868,-867,-866,-865,-864,-863,-862,-861,-860,-859,-858,-857,-856,-855,-854,-853,-852,-851,-850,-849,-848,-847,-846,-845,-844,-843,-842,-841,-840,-839,-838,-837,-836,-835,-834,-833,-832,-831,-830,-829,-828,-827,-826,-825,-824,-823,-822,-821,-820,-819,-818,-817,-816,-815,-814,-813,-812,-811,-810,-809,-808,-807,-806,-805,-804,-803,-802,-801,-800,-799,-798,-797,-796,-795,-794,-793,-792,-791,-790,-789,-788,-787,-786,-785,-784,-783,-782,-781,-780,-779,-778,-777,-776,-775,-774,-773,-772,-771,-770,-769,-768,-767,-766,-765,-764,-763,-762,-761,-760,-759,-758,-757,-756,-755,-754,-753,-752,-751,-750,-749,-748,-747,-746,-745,-744,-743,-742,-741,-740,-739,-738,-737,-736,-735,-734,-733,-732,-731,-730,-729,-728,-727,-726,-725,-724,-723,-722,-721,-720,-719,-718,-717,-716,-715,-714,-713,-712,-711,-710,-709,-708,-707,-706,-705,-704,-703,-702,-701,-700,-699,-698,-697,-696,-695,-694,-693,-692,-691,-690,-689,-688,-687,-686,-685,-684,-683,-682,-681,-680,-679,-678,-677,-676,-675,-674,-673,-672,-671,-670,-669,-668,-667,-666,-665,-664,-663,-662,-661,-660,-659,-658,-657,-656,-655,-654,-653,-652,-651,-650,-649,-648,-647,-646,-645,-644,-643,-642,-641,-640,-639,-638,-637,-636,-635,-634,-633,-632,-631,-630,-629,-628,-627,-626,-625,-624,-623,-622,-621,-620,-619,-618,-617,-616,-615,-614,-613,-612,-611,-610,-609,-608,-607,-606,-605,-604,-603,-602,-601,-600,-599,-598,-597,-596,-595,-594,-593,-592,-591,-590,-589,-588,-587,-586,-585,-584,-583,-582,-581,-580,-579,-578,-577,-576,-575,-574,-573,-572,-571,-570,-569,-568,-567,-566,-565,-564,-563,-562,-561,-560,-559,-558,-557,-556,-555,-554,-553,-552,-551,-550,-549,-548,-547,-546,-545,-544,-543,-542,-541,-540,-539,-538,-537,-536,-535,-534,-533,-532,-531,-530,-529,-528,-527,-526,-525,-524,-523,-522,-521,-520,-519,-518,-517,-516,-515,-514,-513,-512,-511,-510,-509,-508,-507,-506,-505,-504,-503,-502,-501,-500,-499,-498,-497,-496,-495,-494,-493,-492,-491,-490,-489,-488,-487,-486,-485,-484,-483,-482,-481,-480,-479,-478,-477,-476,-475,-474,-473,-472,-471,-470,-469,-468,-467,-466,-465,-464,-463,-462,-461,-460,-459,-458,-457,-456,-455,-454,-453,-452,-451,-450,-449,-448,-447,-446,-445,-444,-443,-442,-441,-440,-439,-438,-437,-436,-435,-434,-433,-432,-431,-430,-429,-428,-427,-426,-425,-424,-423,-422,-421,-420,-419,-418,-417,-416,-415,-414,-413,-412,-411,-410,-409,-408,-407,-406,-405,-404,-403,-402,-401,-400,-399,-398,-397,-396,-395,-394,-393,-392,-391,-390,-389,-388,-387,-386,-385,-384,-383,-382,-381,-380,-379,-378,-377,-376,-375,-374,-373,-372,-371,-370,-369,-368,-367,-366,-365,-364,-363,-362,-361,-360,-359,-358,-357,-356,-355,-354,-353,-352,-351,-350,-349,-348,-347,-346,-345,-344,-343,-342,-341,-340,-339,-338,-337,-336,-335,-334,-333,-332,-331,-330,-329,-328,-327,-326,-325,-324,-323,-322,-321,-320,-319,-318,-317,-316,-315,-314,-313,-312,-311,-310,-309,-308,-307,-306,-305,-304,-303,-302,-301,-300,-299,-298,-297,-296,-295,-294,-293,-292,-291,-290,-289,-288,-287,-286,-285,-284,-283,-282,-281,-280,-279,-278,-277,-276,-275,-274,-273,-272,-271,-270,-269,-268,-267,-266,-265,-264,-263,-262,-261,-260,-259,-258,-257,-256,-255,-254,-253,-252,-251,-250,-249,-248,-247,-246,-245,-244,-243,-242,-241,-240,-239,-238,-237,-236,-235,-234,-233,-232,-231,-230,-229,-228,-227,-226,-225,-224,-223,-222,-221,-220,-219,-218,-217,-216,-215,-214,-213,-212,-211,-210,-209,-208,-207,-206,-205,-204,-203,-202,-201,-200,-199,-198,-197,-196,-195,-194,-193,-192,-191,-190,-189,-188,-187,-186,-185,-184,-183,-182,-181,-180,-179,-178,-177,-176,-175,-174,-173,-172,-171,-170,-169,-168,-167,-166,-165,-164,-163,-162,-161,-160,-159,-158,-157,-156,-155,-154,-153,-152,-151,-150,-149,-148,-147,-146,-145,-144,-143,-142,-141,-140,-139,-138,-137,-136,-135,-134,-133,-132,-131,-130,-129,-128,-127,-126,-125,-124,-123,-122,-121,-120,-119,-118,-117,-116,-115,-114,-113,-112,-111,-110,-109,-108,-107,-106,-105,-104,-103,-102,-101,-100,-99,-98,-97,-96,-95,-94,-93,-92,-91,-90,-89,-88,-87,-86,-85,-84,-83,-82,-81,-80,-79,-78,-77,-76,-75,-74,-73,-72,-71,-70,-69,-68,-67,-66,-65,-64,-63,-62,-61,-60,-59,-58,-57,-56,-55,-54,-53,-52,-51,-50,-49,-48,-47,-46,-45,-44,-43,-42,-41,-40,-39,-38,-37,-36,-35,-34,-33,-32,-31,-30,-29,-28,-27,-26,-25,-24,-23,-22,-21,-20,-19,-18,-17,-16,-15,-14,-13,-12,-11,-10,-9,-8,-7,-6,-5,-4,-3,-2,-1,0
-2.74320756783357e-10,1.47376897949992e-10,-4.06860703988267e-10,-6.82102725976545e-12,5.37583537790995e-11,3.24747089270734e-10,7.4248322108296e-11,-1.92249505219885e-10,4.67151566980065e-10,3.5078867412609e-10,1.2972551250788e-10,-1.73977839262134e-10,-2.89441710867963e-11,-4.17195504221114e-10,2.17879915175721e-10,-2.57000740242721e-10,8.28289745584898e-11,2.06415046807246e-10,2.15568411403586e-11,1.59570364290306e-10,-1.98217586942438e-10,2.67355867978182e-10,3.70187419960072e-11,8.39541926819977e-11,3.14531051030193e-10,5.48568198136686e-10,-2.38434470060544e-10,6.10795476315905e-11,6.17789389857819e-14,5.43523265948606e-11,4.8732745873273e-11,8.0933782067632e-12,-3.55243893900451e-10,-1.06818570439614e-10,1.98655718212236e-10,-9.51446797792374e-11,1.19859462314835e-10,1.73400667910372e-10,2.6282829769192e-10,-4.60353879524876e-11,-1.04529801109267e-10,-9.43342103144747e-11,-1.39823968814449e-12,4.20807795463476e-11,3.2514669817346e-10,9.22181352485295e-11,2.10016362492904e-10,-1.31478027674192e-10,-5.50288435280295e-11,3.4218350326245e-11,2.94717066729571e-11,1.17252886121641e-10,-4.48116175587876e-11,2.98124317134517e-10,2.53028657450477e-10,-5.31823965804651e-10,5.98413068404555e-11,6.72747919818267e-11,-1.17525278093705e-10,-2.77527436040576e-10,1.80214651046568e-10,3.97560863930686e-11,5.61462182956258e-11,-4.43295215340327e-10,-3.43296814305462e-10,-2.68636000778503e-10,3.52822431206242e-10,5.39552569547744e-10,7.28338017818381e-11,1.07186654222848e-10,-1.33746692973132e-10,-3.52188572650029e-10,4.96090973133998e-10,-4.06156166991402e-11,9.65362686591921e-11,-1.77381747101063e-10,5.39410177113078e-11,1.36894716931591e-10,5.65195948512537e-12,-5.40858666730837e-10,5.37982872393374e-11,7.38748905390962e-11,-1.35885543000025e-10,8.47784203176373e-11,-2.56820151693699e-10,2.55759307046004e-10,5.23952887568545e-11,-1.91124431348121e-10,2.23903460921369e-11,-1.45116958197839e-10,1.51101538145831e-10,2.6484979134431e-11,-2.29925828621649e-11,4.25539904817319e-10,2.68403005003759e-10,-2.5051847462006e-10,-5.24286348410936e-11,-2.53940125992914e-10,-1.12660120834476e-12,1.74572600683869e-10,4.32171287893723e-10,-2.81377532586027e-10,3.53416714310874e-11,-1.34635290456024e-10,-6.98476486699159e-11,-3.78845095074752e-10,1.30548966481355e-10,1.74258610657376e-10,-9.30008014851489e-11,1.56871226705788e-10,-1.97309385137542e-10,1.41807142693916e-10,-4.61582573479473e-11,2.13459332309305e-10,8.04850977146915e-11,-3.73943771443287e-10,-2.47886611728834e-10,1.6892571703489e-10,3.76849220714955e-11,7.8685283865688e-11,7.02688704133668e-10,-2.72679403290494e-10,2.11110824044136e-10,8.3687064031522e-11,-6.14395498876249e-11,1.45582276326925e-10,1.80509626904937e-11,-5.67687251540478e-11,7.14860505395166e-11,2.91966539072468e-10,1.6667207585983e-10,3.7520385243536e-10,3.63528590434336e-11,-1.39738057432343e-10,-1.09477389663039e-10,-4.16539709939212e-11,-4.76121032605134e-11,-2.49891572439891e-10,4.13090687479918e-10,-3.31577277151199e-10,1.27970671815246e-10,-3.65711884088899e-10,5.73777933373478e-10,-1.7584267413575e-11,-6.66612389909024e-11,-3.80403716352146e-10,4.79255198754183e-11,1.17006820604902e-10,-4.9321859577019e-10,-6.65402168464459e-11,1.02484600950306e-10,-7.62200349426915e-10,-6.25011280235289e-11,2.6929638640569e-10,1.90852473844813e-10,-3.18295907179479e-10,-8.53480639562135e-11,9.04318608834658e-11,-1.35514843915362e-10,-1.87513240697966e-10,3.85938839349397e-11,2.27222854591137e-10,3.14848578470056e-10,8.60104205035931e-12,1.64004886998862e-10,-1.91472860099801e-10,-3.89541684460595e-10,-4.00583885303589e-10,1.45140687662478e-10,2.16994764098504e-10,-2.86673799950573e-10,-5.16647235430093e-11,-1.2538446105631e-10,-8.02389417698876e-11,-1.92975675245263e-10,-3.8933318515437e-11,-1.29526812804866e-11,-2.05663558539768e-10,-6.62194735143236e-11,-6.24841538494352e-11,-2.18541467039917e-10,-1.48437108342617e-10,-6.52327685165828e-10,1.40635204404018e-11,5.88800025583999e-11,-7.94305448067014e-11,-3.86049500014506e-10,-4.00236905809299e-10,3.61793557889301e-11,-1.53945133373927e-10,5.77779577260548e-11,2.78614145866536e-10,3.92992519812069e-10,-1.6285094008019e-11,1.03837176618442e-10,2.19156442530251e-10,-4.99304783044995e-11,4.54957675896735e-10,2.59578116167075e-10,-3.28258083315417e-10,-3.15346069259019e-11,2.54600173263227e-13,-1.32594757676857e-10,1.96814764736951e-10,3.54320091864686e-11,-4.13252386708825e-10,1.84172674620594e-11,-2.99283941930329e-10,1.76439412229104e-10,1.24327986749415e-10,3.14534655042491e-11,-1.28468091553108e-10,1.26721963623585e-10,1.85184907599707e-10,-1.44997333462031e-10,-6.03580509723484e-10,-3.40974109976183e-10,-1.86136430972105e-10,-1.2234822639813e-10,3.88230781543427e-10,-3.18111935328367e-11,-3.27302667042955e-10,-5.42108147664659e-11,3.66913492669293e-11,-4.97237193377326e-10,4.77778061506271e-10,-1.8770821814811e-10,-6.97346816494228e-12,1.52414677054853e-10,1.26042520456488e-11,-7.16738636874698e-11,-5.45538532827145e-10,-5.42838238652011e-11,-1.46940244901228e-10,-7.90477504670454e-11,3.03699429856797e-10,5.56473907151164e-11,-7.69336303285163e-11,1.59014459066268e-10,3.73292260046449e-12,-2.04114475053864e-10,-6.40144168134864e-11,8.23419322889912e-11,1.16489218802722e-10,-1.28503369823112e-10,-1.88067464006815e-10,-6.45127009130352e-13,-3.91779518395466e-10,8.60637032930908e-11,1.29357417498964e-10,-1.43461093455865e-10,1.7597419390365e-11,-1.04539529558101e-10,7.0610675392567e-11,9.07253907669073e-11,-3.36158793937884e-10,-3.43172662264616e-10,-3.76473362994759e-10,-1.41088771264549e-10,-1.72923690000066e-10,-3.46407223317101e-10,-2.28206906198722e-10,3.33986582076498e-10,-2.6938975928786e-10,-3.91505433873097e-10,1.85730443632998e-10,-3.09742699757492e-11,-2.8690281285558e-11,2.71575997705994e-10,4.47252023750696e-12,7.91888903007072e-11,-2.68861951874245e-10,2.60047988528964e-11,-2.47258448543127e-10,4.6802021565563e-11,4.44008553842875e-10,1.24526369975155e-11,2.20624914953551e-10,-8.60755967853912e-11,3.00144394076391e-10,-1.92623937160369e-11,-2.93034499146283e-10,-1.19810027811824e-10,-3.71815008071457e-10,-1.95996582876634e-10,-2.77452525352783e-10,-1.30243367930582e-10,-2.47837601790305e-10,-1.52001578604352e-10,-8.18157898797996e-11,-1.89832816200363e-10,-2.12897313196935e-10,-3.12765209554566e-10,-1.13772701279352e-10,1.57660562541412e-10,-3.47304372184812e-10,-1.14274597300595e-10,2.48147812897944e-10,1.10091172619085e-10,-1.27717800606389e-10,1.11161198263633e-10,-1.79711596426794e-10,7.32059592808802e-13,-9.53604105761261e-11,-2.88742790234951e-10,-2.17206526902826e-11,-2.36793712690166e-10,6.88516767592658e-11,3.38556108912977e-10,-2.07290723513896e-10,3.14448128597468e-10,1.79282924681327e-10,2.43557730704266e-10,-9.01315862627345e-11,-1.62897917909581e-10,-3.20614930858573e-10,1.08268731082107e-10,-2.77822223977023e-10,-1.869678503804e-10,2.93861475327727e-10,-6.24633780804094e-10,-3.36386177866916e-10,2.17848608758831e-11,-4.93689709199897e-10,1.65176608445467e-10,2.57593475882211e-10,3.05876675655487e-10,-1.47331680981795e-10,2.28044383066522e-10,-8.18762682280801e-11,-2.56183553624894e-10,4.78782066967115e-11,-1.31785953675935e-10,3.09808816933526e-10,-2.78959462985114e-10,-1.7248805565276e-10,1.98358266389739e-10,5.54564268444802e-12,2.89935606198604e-10,-6.84636002064407e-11,2.00401664805087e-11,9.62384778284812e-11,4.37046866027469e-11,2.21279296117597e-10,-4.61492825295164e-10,1.54196481265362e-10,1.24538839481785e-11,2.48174234708499e-10,1.25937128422619e-10,6.86707754373192e-11,-5.16803719303333e-10,4.68290131587727e-11,-1.92633409169486e-10,-1.87944379965262e-10,-1.9591571555956e-10,5.52728013120459e-11,-5.921187641285e-11,-1.35584976073239e-10,-1.09186803119273e-10,2.41472577027766e-11,-3.32585316322517e-10,9.07625386121385e-11,4.14722185603681e-10,6.01566282535418e-12,-1.17895573248334e-10,-4.81969020215777e-10,-1.06868216298558e-11,-1.30953361878343e-11,8.97070678239087e-11,1.51024060701611e-10,9.082879760089e-11,-1.28507314827964e-10,6.92059044510192e-11,-1.56917331226508e-10,-2.62768104054105e-11,3.56233002672821e-11,-4.67110197793927e-11,2.29139436814032e-10,-5.26963506127426e-10,2.12134619113011e-12,-2.04040413745313e-10,4.5810061248418e-12,-1.14785097785965e-11,1.04341980405938e-10,-8.10568858899193e-11,-9.7485261947405e-11,5.76061640646444e-11,-3.20322435732789e-10,4.478990911157e-10,-3.05786156382018e-10,-1.21851584933607e-10,-6.82459955095793e-10,4.35922468148425e-10,-2.11842578567963e-10,-5.47508407995753e-10,-4.7623780513566e-10,-3.05277073982629e-10,8.32056175972098e-11,2.72771216622344e-10,-1.31579035495463e-10,-7.17359254200842e-11,-1.25535705714297e-10,-1.44897346552435e-10,2.5557440129704e-11,1.68795310444852e-10,-7.83989642163382e-11,-1.67873418456669e-10,3.4111028152199e-10,3.87551005823198e-11,1.1442103327468e-10,7.47549647919009e-11,-3.09753306017601e-10,-4.68852644194789e-10,-2.514142410019e-10,-2.84049607704699e-10,1.11730122193764e-10,-1.9888222564699e-10,2.29366225083756e-11,6.29968387753277e-11,1.84245925806566e-10,-5.94531423912943e-11,-1.43300832814509e-11,-3.25984915402776e-10,-1.7764105309597e-10,-8.2716633548074e-11,-2.20360092164438e-10,1.77795042108175e-10,-1.98562803401961e-10,1.09125989708166e-10,-8.35383615247016e-11,-1.03982424931402e-10,2.91753539164044e-10,1.13759160384665e-10,4.87641971301711e-11,-7.94200205277177e-11,3.80975064667811e-10,-4.67786943352572e-11,-1.72543388520188e-10,3.8810515678958e-10,1.94723941059682e-10,1.73313489607258e-10,-1.13612983582363e-10,7.33210539455483e-11,-5.48213280779188e-10,-1.35442585814301e-10,-2.60699555704644e-11,4.20034440633798e-11,-8.65398820578469e-11,-1.86386966599322e-10,-3.80954260573283e-10,-4.2088957464425e-10,-4.47023210204297e-10,5.61374491649715e-11,1.23297214375963e-10,-3.61650627642141e-11,3.14313514033114e-10,2.90983703816368e-10,-7.88388481338191e-10,2.40788892452448e-10,-2.49888979706321e-10,-1.16477147000711e-10,1.8443870647201e-10,-2.46619089392475e-11,-2.54048005680817e-11,2.33263978312162e-11,3.19488137571777e-10,-4.82563628329676e-11,-1.53051394163239e-10,2.44678728357948e-10,1.61639736477256e-10,1.20257609725597e-11,-6.16462297948095e-12,-5.76788224453843e-10,1.5179755342913e-12,4.02574052980158e-10,2.44549372276696e-10,-9.62059921332454e-11,5.34949772847473e-11,-2.29373129343711e-10,7.52333355200168e-12,1.95442968264245e-10,-2.7805708413106e-10,-1.08446875911878e-10,4.61071800555342e-10,-5.45408587617713e-10,-2.80409133416773e-10,1.2725034981275e-12,-1.50551440964027e-10,-6.96177199431078e-11,4.40173011053974e-10,7.19651103389283e-11,2.85880435835104e-10,1.29192807554754e-10,-7.32754030020434e-11,-8.67314512767266e-11,-1.13743751929663e-10,-1.01387167304144e-10,1.90450222667546e-10,2.03685890891781e-10,4.32351654993212e-10,2.10458441174256e-10,1.91167710895615e-10,2.33049710851288e-11,1.48992019052969e-10,-3.96765824956503e-10,-4.17719679318656e-10,1.6358693934715e-10,-2.24039347058937e-10,3.25815695138343e-10,-1.3979189697587e-11,1.45138249282933e-10,2.51925727171345e-10,3.75358002233996e-11,2.53502660484282e-11,-5.16264786040182e-10,2.98453886346873e-10,-1.20081565480073e-10,-2.91338218821975e-10,-1.18473997455662e-10,4.79640180945107e-10,6.66068366548165e-11,-4.30999847196088e-10,2.0860367761376e-10,1.42740554168439e-10,-2.2072812287126e-10,3.31621554261185e-10,1.13136157138748e-10,-1.30863114742676e-10,-5.92354674796305e-10,3.37006976098529e-10,1.97950148965388e-11,-2.48955017747457e-10,3.16095978073559e-10,-2.3064396289225e-10,1.25809936267773e-10,8.71185918550279e-11,-1.8661952203383e-10,-1.53095748368278e-10,-4.54516223621608e-10,2.05779826320255e-10,8.09395110062929e-11,-3.21107841723231e-10,1.19588271009122e-10,-3.13938041352604e-11,2.87803646764387e-10,4.53889135241666e-10,-3.59443817458933e-11,-4.45437664372645e-11,3.47539056066375e-10,-5.56745617610119e-11,-1.06594635730288e-10,7.10424593599613e-12,-4.08680361505918e-10,-4.29896246641073e-10,5.09914743794389e-10,-2.25031554866197e-10,-2.98094014450077e-10,-1.77889406522925e-10,-2.01760376695824e-10,3.17786376832525e-10,2.44995254743389e-10,-2.0070846197147e-10,-9.63363741233242e-11,7.91174516720511e-11,7.34026964222161e-11,-2.20277425432041e-10,7.70654476059221e-11,1.61360890976868e-10,4.65577112105873e-10,-3.80343791664742e-11,-1.65286959715018e-10,2.90930947445619e-10,-5.45271650559656e-11,5.00724135212062e-10,-4.27978501962018e-11,-3.50502017947945e-10,2.60213624638823e-10,-3.07031648912855e-10,-5.64632896833706e-11,7.74597563007297e-11,-1.21485553397629e-10,-2.83786633724932e-11,-2.72080171777655e-10,-3.54628365629307e-10,-3.93989321184488e-11,-2.07483852598043e-10,-2.78164401036268e-10,1.50494755529184e-10,1.64645775610576e-10,-2.53778560758208e-10,-4.74468071637213e-10,4.69312992250495e-11,4.7356905242501e-11,-2.16865374841995e-10,-1.38131879537413e-10,1.09821715917935e-10,-4.02130462327582e-10,-4.91648378345907e-10,-2.07288018334124e-10,-3.72781081098119e-10,3.18393807679266e-11,9.99672543892023e-11,-3.82375298973617e-11,-5.63284042935898e-11,-2.57390460642986e-10,2.12964426483041e-10,-1.31017046159727e-10,-3.58964846941325e-10,-6.51915258713011e-11,-3.1859788985274e-10,-7.89745680751165e-11,1.79801901159651e-10,-2.73221540376718e-10,-3.21074321005214e-10,-5.1864551320487e-11,1.17014696829367e-10,-5.67608127167856e-10,-2.43363102536029e-10,-4.81153070514215e-10,2.71873241551345e-10,1.45220750098472e-10,-4.54796978142406e-10,1.28743525766626e-10,-7.16385630153883e-11,8.43170959706203e-11,-2.34171943650032e-10,9.4149428484962e-11,-8.56043322569252e-10,-3.44406460644303e-10,-4.29025740427007e-10,1.11662353482164e-10,-2.29013241611623e-11,-9.69030271961468e-11,-4.83351038542347e-11,2.69829905857721e-10,6.12951117215078e-11,-6.62936800253431e-11,-6.83681283798139e-11,-3.30724665540787e-10,-2.58627205910457e-10,3.34772398768928e-10,-3.56080927107699e-10,-2.83070238946541e-10,-3.16560457811904e-10,-4.43045262683684e-10,7.86940995131641e-11,3.38052013214019e-10,5.07996591714071e-10,-2.79079896658248e-10,2.74186663098877e-10,2.32681268657835e-10,-2.01271321118745e-10,-7.57903956737993e-11,-3.79295817668974e-10,6.67605794160804e-11,-7.4751636664596e-11,-2.48605484204109e-10,-4.06295242518398e-11,-1.49704019820063e-10,5.41725368430131e-10,-3.65909571316934e-10,-2.32931257675685e-10,-1.94947017440188e-10,-3.3927354708443e-10,3.28331855430446e-10,-3.5325641647462e-11,2.12134777662814e-10,-3.72607929864243e-10,7.52386579611216e-11,3.51075290104088e-10,-1.75733260641801e-10,-9.85203146102392e-11,-1.83716780344583e-10,-1.44916121720917e-10,-3.39766183458343e-10,-1.79325389064729e-10,-3.21232986019033e-10,2.65525156074808e-11,-1.33601167858924e-10,-1.53710205691662e-10,-1.19580918018603e-10,1.23259372484984e-10,2.77979089888848e-10,-7.13755582930966e-11,3.79106020696163e-10,-4.73255081733897e-10,1.63613958766472e-10,-2.51805921932425e-10,1.76493394839475e-10,-1.2134715630606e-10,-2.3413190688836e-10,1.87527424513567e-10,-9.18846059844811e-11,6.87087411724115e-11,1.25307076421788e-10,-5.3025071524054e-10,-1.77596136700197e-10,-2.09748985511128e-10,-1.77976977307298e-10,2.25180781481491e-10,4.54116279204702e-10,6.22706130479638e-11,-1.31014240936813e-10,2.30997046462597e-10,-1.07198165189801e-10,-3.09776379223218e-11,1.23452226757334e-10,-1.32464807228692e-10,1.27251145230294e-10,-2.57842587963818e-10,-4.05440681311454e-10,-2.8570792603404e-10,1.65792596479394e-10,-2.09485555932752e-10,-2.3994404170674e-10,-2.53120816643833e-10,-1.92623108560316e-10,-4.95608692691681e-10,3.4815556132866e-10,-2.49963081276249e-10,1.52496685481522e-10,4.60480306386626e-10,3.25224439973611e-10,-2.49339124367256e-11,4.07497773212233e-11,2.37170874708669e-10,-6.60759352989599e-11,-9.09166079156668e-11,-1.30672906722204e-10,-2.04969933115415e-10,-4.87574448073666e-10,1.86428837647828e-10,3.43700914435314e-10,2.61675205676845e-10,-5.76394660229318e-10,1.871016746805e-10,-3.46833802000417e-10,-1.34382196587918e-10,3.27690570067539e-10,-6.73038340451449e-10,-7.44993071463921e-11,-2.19184759143617e-10,-1.87857521224697e-10,-1.22371572978005e-10,1.88729215780063e-10,-5.3698189580703e-10,-2.52980954449061e-11,6.79548863890758e-11,1.96486333071409e-10,2.9995710017982e-10,-3.20875591554656e-10,-3.03673035210191e-10,-3.75858392645237e-11,1.79842016921662e-10,-3.28058238418538e-10,-4.6603031288451e-11,-1.3685130218499e-11,-6.22450267361947e-11,-3.66949171580729e-10,-2.44193088353774e-10,-2.37123620184975e-11,2.64524717096424e-10,-3.64729361211317e-10,-2.25842082688379e-10,-3.90752070439382e-10,4.05879946416555e-11,2.13844133280834e-10,-1.28959239617839e-10,-2.69863123185392e-10,-2.44870637099952e-12,1.46994773025812e-10,-2.75782358432922e-10,-1.45051897427984e-10,-1.29578062227295e-10,5.59732586336192e-10,1.55270363579213e-10,-3.15796232491703e-11,9.58086907906078e-11,-2.60554583291718e-10,-2.91978023226606e-10,-2.76556278628964e-10,-4.75860923761504e-10,1.05029295343551e-10,-2.81387008946286e-10,4.26832500764457e-11,-2.5442065243364e-10,1.19600792832188e-10,-2.29982892948519e-10,1.02179612787045e-10,-5.72706825528103e-11,-8.52145562427388e-11,3.44436534853593e-11,-4.57552874996391e-11,-3.63418026717147e-10,2.37526884597156e-10,-1.83725334313719e-10,-2.78433179967319e-10,2.06054271523653e-10,6.93842001873281e-11,-1.09537650454294e-11,3.29620240340406e-10,-3.56640630613286e-11,1.4021220198726e-10,-2.0682290760614e-10,1.53814094496765e-10,2.74894221444803e-10,-3.23043407185953e-10,7.94533945453109e-11,-2.97100795669752e-10,1.30803259954127e-10,3.08606582318445e-10,5.37078145814543e-11,-3.41164275741228e-11,-3.43602739429638e-10,-4.63572928536812e-10,1.53096565371889e-10,1.18821486800653e-10,-7.59071231190527e-11,-7.37962024226839e-11,-1.1901981830842e-10,-1.66978511800747e-10,-6.50769449385293e-11,-2.4355626641083e-10,-1.70115034580516e-10,9.15981182180865e-11,3.97729373394002e-10,2.32591861016333e-10,-4.1613903710988e-10,5.23695281234688e-11,-1.93029139467051e-10,-2.04862403680541e-10,3.60843141259677e-10,4.71631653903231e-10,4.45437144993571e-11,-3.32273393077147e-10,1.36732877723974e-10,1.01417557764784e-10,6.32172504990763e-11,-6.35890696396646e-11,6.8413706362717e-11,-7.23082003412483e-11,-2.26856123968183e-10,-2.72258067982143e-10,-2.89693254843587e-10,2.53440340256821e-11,-3.04533589884562e-10,-7.09261052002621e-11,-5.99886151665021e-10,-3.43511030558061e-10,1.22110611283219e-10,-1.65091915863319e-10,4.92715814000644e-11,-4.84441985817983e-10,1.81641863281034e-10,-2.4359303855795e-10,2.42580512094685e-11,-4.44241521636502e-10,-3.98348179580113e-10,-4.11063367464171e-10,-2.26836841355694e-10,-1.02622204850886e-10,-1.84283020858652e-12,-2.09046543803495e-10,-3.34113917047707e-11,1.6406760075878e-10,-1.12640195450032e-10,1.40442423389743e-10,-2.08479582314193e-10,2.53796107964056e-11,-2.72722824830805e-12,-4.69199945959419e-10,-6.53018726320662e-10,-4.28660187251537e-10,1.51290494727585e-10,-2.271561427361e-10,-1.71542741067706e-10,-1.42736583368759e-10,-1.09457384815969e-10,-5.71493761122403e-11,2.68075943045827e-10,-4.67187867815876e-10,9.36890485080252e-11,1.22732974654937e-11,-3.40534149460253e-11,3.8123055945102e-11,2.20397279605726e-11,-2.56726755632159e-11,-2.07754399176203e-10,-4.80044665064402e-10,-4.63654418802702e-10,-4.84966642559575e-10,-2.90145861275811e-10,-4.73520801520979e-10,1.2871566740226e-10,1.43206585413727e-10,-1.76504325847126e-10,-2.24118821467903e-10,-3.79791305205607e-10,-5.17325035200445e-10,-1.46726178117001e-10,-1.66367822554867e-10,-1.05382759156661e-10,-1.85689807871001e-10,1.59713042311129e-10,-1.17380520694975e-11,-1.26632850006854e-10,2.80292570747788e-12,-1.32096940359116e-10,-1.08867695208051e-10,-2.6121701382587e-10,1.13064641482397e-10,-4.52514351124839e-11,-4.8180625514801e-10,-1.54339750511532e-10,-2.05313665866105e-10,-1.66363072141861e-11,-1.96501930141957e-10,-3.07308283373107e-10,2.9350506492039e-10,2.68437678311093e-10,-7.30145355155117e-10,-2.69956860974145e-10,-3.56623745652398e-10,-4.59786877878956e-10,5.79008675348554e-11,1.68532292936367e-10,-4.01015615951299e-11,-2.20190336869815e-10,-1.92270699416541e-10,-1.01018426289299e-10,-3.61634439720002e-10,-1.04307344136099e-10,-5.75853373719961e-12,-6.23078552883627e-10,-1.1911354420234e-10,2.57206176840074e-10,3.3285807869493e-10,-4.94691991327081e-10,-5.25529442121918e-11,2.15385189459702e-10,-1.40996409095708e-10,6.41296101260404e-12,-2.19467568143424e-10,2.71568959670343e-11,2.97439639638327e-11,-5.16104641126557e-10,1.21399946292243e-10,1.36589656779195e-10,-1.78043305163969e-10,-4.59729420438847e-10,4.00338092658765e-11,-1.4691286713593e-10,1.12696594834231e-10,-3.8952159407486e-10,-3.52690223349479e-10,2.2264160296688e-10,2.55985182699812e-10,-3.74298453259285e-10,-1.1304338483388e-10,-2.17633112916555e-10,1.13854031723541e-10,-2.43681971427068e-10,2.63013292294616e-10,-2.74277210609569e-11,-4.73824724332064e-10,2.51694516668088e-10,-3.30670213807714e-10,-3.39368081468117e-11,-3.15662457507277e-10,-1.62045334638219e-11,-1.48977846853946e-10,-2.72255647818653e-10,-8.92652509223792e-11,3.51925126968016e-10,-3.74213828099382e-11,-1.84252182263977e-10,-3.69347032438207e-10,3.70463180218746e-10,-5.1903432918633e-10,-2.74497214392544e-11,-5.14913955942914e-11,1.86618768832685e-10,-1.26967919275624e-10,2.64040520939148e-10,-2.86957470082904e-10,-3.99147161057804e-10,-1.09184818207259e-10,-1.20615100287964e-10,-3.80074994036323e-10,-7.92556723501488e-11,-1.90434426717795e-10,-1.64964230728972e-11,4.44851707119209e-12,2.19619222078834e-10,9.1510407662398e-11,2.22562443704586e-10,-3.36026089620951e-10,2.53788456644465e-10,-5.76343584092228e-11,-3.61820225428861e-10,1.63515223228947e-10,-1.83433909626896e-10,-4.04335101825584e-11,-3.61327833393084e-10,-1.38307439993787e-12,-4.03970998919978e-10,-1.86289575386148e-11,3.63135085754622e-11,-5.44342639250221e-11,-2.02008384712313e-10,-2.04929384468356e-11,1.27372064736732e-10,7.43735924112759e-11,-1.70353882226415e-10,-3.33344285128361e-10,-2.99972129687152e-10,-9.38862691520718e-11,-3.09214095377708e-10,5.78050351101173e-11,3.55388857389717e-10,2.99958148029891e-11,1.90344715150135e-11,-1.9927386692222e-10,-1.72379465347588e-10,1.47822983139854e-10,-4.9685247053529e-11,-1.66833902161626e-13,-3.95760854007374e-10,-1.66197384330687e-10,2.16543009928336e-10,-2.03741277996404e-10,-6.87254642122534e-11,-4.5838774165489e-11,-3.83447072420277e-10,-2.54808094021903e-10,-3.66682586416533e-10,-5.14619044471752e-10,1.76385374715577e-10,7.18565723582491e-11,-5.14862772058194e-11,3.41782951417287e-10,-5.51607672705303e-11,-2.81341586974842e-10,-1.21518095652658e-11,-1.16325701772049e-10,-3.2125328242503e-11,-3.36227938059803e-11,-7.20002627434472e-10,2.71683485448172e-10,1.09180899115291e-10,3.03692181340084e-11,-2.9423673867928e-10,-3.20145629611138e-10,-3.98542292884712e-10,-1.25853213368055e-10,-1.64723741479574e-10,4.26031968690166e-11,8.45617857878267e-11,9.86043263526186e-11,-4.37617067495494e-10,-4.47238729523589e-10,1.37293009274291e-10,-6.52464361919645e-10,-2.28602120007431e-10,-5.84260453038721e-11,-1.09224560382227e-10,-2.7780040166204e-10,-2.19095195852655e-10,-1.22129821402142e-10,1.31458794640834e-10,7.18397702926289e-11,-1.67096396663923e-10,-3.56975749804727e-10,-1.0574410096438e-10,2.51557137720174e-10,1.89224352721185e-10,-2.19567515833163e-10,-3.67204282268034e-11,-6.17016469709068e-11,2.80821269145346e-11,-4.57276163314991e-11,-1.87912481852539e-10,-1.7421299808837e-10,1.75859477644938e-10,-1.55920764490031e-10,-2.28660562043208e-10,-2.57275624818067e-10,-4.68966880112978e-10,-3.51623061933625e-11,-1.13361268172503e-11,2.84380147885929e-10,-2.15472566432017e-11,-7.97216217505822e-11,-4.36140386430269e-10,-2.03468926517083e-10,4.10165879459168e-11,-1.6532906539862e-10,-2.45753787952681e-10,3.07218144892044e-11,-1.07080595832564e-10,-1.98108641779364e-10,1.15474293419914e-11,-5.27886481373688e-11,-1.96702336089406e-10,4.13936108039026e-11,-2.12643767712775e-10,5.50784726080384e-11,2.05056901718809e-11,-3.24298566834094e-10,6.31054374893951e-11,-2.13907368532652e-10,-3.19870303983919e-10,-1.2724601840846e-10,-3.89211390685666e-11,-4.74032212148585e-10,-4.27568477377172e-10,-1.44016971006385e-10,-4.86636097888733e-11,-3.285884512212e-10,2.57703670804035e-11,-2.01438856114473e-10,-1.04637938958069e-10,-3.64046240432803e-10,4.77660603182417e-11,6.35719128674831e-11,-4.04504816634876e-10,-5.49064056889597e-10,-3.57888548032417e-10,5.32313662839156e-11,-5.06734721448829e-10,-1.63184350469228e-10,2.6437160513654e-10,-3.47954961536146e-10,-1.22490380275705e-10,1.46984495872728e-10,-3.25136942637339e-10,-2.75882193956008e-10,-2.41974318976985e-10,1.53545011168552e-11,-1.42699944099804e-10,-2.34619475493228e-10,-1.61488927943837e-10,1.00311649931404e-10,1.73706484270782e-10,-2.11716219659547e-10,-2.66427092207437e-10,-4.24635621296144e-10,-5.60047529857573e-10,-1.46972643754462e-10,-2.40040576860318e-10,-6.26996355623609e-10,-7.1752221804296e-10,-1.62388880954764e-10,-2.893463021498e-10,-1.01354947238333e-10,1.89761668653622e-11,1.17975145126944e-10,-4.61602890395007e-10,-4.88493440040071e-10,-5.4918489279183e-10,2.83307120820232e-10,-4.69713530545713e-10,1.41216642717985e-10,-4.07438529535149e-11,-4.23490217830904e-10,-1.11538353578543e-10,-1.59081399533609e-11,-2.97519647216506e-10,-5.50334915531833e-10,-2.22635208180363e-10,-3.11640756591766e-10,1.36067332039463e-10,-2.21748767055119e-10,-1.85957293294423e-10,-2.84992788015248e-10,-1.88997479799303e-10,-2.25042459006123e-10,-9.78540396411737e-11,-2.4530437049171e-10,1.55978862329765e-10,-2.65025075023298e-10,-3.65682338312142e-10,-3.58124250569178e-10,-4.40928766519102e-10,-5.86755374723285e-10,8.20438046930259e-11,-1.34650435673288e-10,-3.09098356192051e-10,2.21630976754585e-10,-3.08548459845165e-10,-2.57439917784473e-10,-1.83412101131396e-10,-1.10637461847841e-10,-3.04046218263247e-10,-2.68593745821769e-10,-7.33886114476073e-10,-4.60557613821238e-10,-9.05806824714968e-11,-3.08299020480431e-10,-3.09322388154972e-10,-1.40110779457782e-10,2.64056392952543e-10,1.07439956819199e-10,6.12711061586889e-11,2.02208331555009e-10,-2.41650851542586e-10,4.01456741416876e-12,-1.3196520031449e-10,-6.64285114092869e-11,-2.72754760366888e-10,-2.05961932822721e-10,-3.82953782578637e-10,-2.02752197901706e-10,7.68542215477519e-11,-3.96538029691182e-10,-5.72363788278194e-10,-3.21775254030876e-10,-4.57252470042295e-10,-7.01645667070877e-11,-7.83748936480814e-11,9.89561509125611e-11,4.21766802373463e-11,1.60940754715691e-10,-8.02297946341529e-10,-3.68946508316951e-10,-2.29009236277276e-10,-3.50152540348413e-12,-2.05339330844385e-10,6.99500954765494e-11,-3.05979750285763e-10,-5.32960546888085e-10,-1.45354753691247e-10,-4.5583134701303e-10,-9.28436807043643e-13,-5.53307879332253e-10,-2.0920321153354e-10,-7.68981522168678e-11,-3.28282798595541e-10,-2.50928190824183e-10,-2.36416820840282e-10,-2.14736577402185e-10,4.05326833766432e-11,-1.57403486381163e-10,-5.48627580231441e-10,2.0317782791052e-11,1.07762674162181e-10,-2.91663867645551e-10,-5.03201186816657e-10,-2.2957376589123e-10,-6.72302387632732e-10,-1.60667476874003e-10,-6.0210170590064e-11,-4.00033354022613e-10,-3.36110630676125e-10,-5.75615377398109e-10,-7.09078606322007e-10,-7.36663862565963e-11,-2.42525492174292e-10,-2.67470517601775e-11,-9.70907240010122e-11,-5.06000453090479e-10,-6.06129920859243e-10,-2.42235264407072e-10,1.47915118397999e-10,-3.42805358904551e-10,-4.38334215347944e-10,-8.04974795026549e-10,1.22312978942838e-10,-3.74184835272134e-10,-1.78319980795959e-10,-2.86204506186168e-10,2.11966347258366e-11,-9.85894831142648e-10,-5.98263395557205e-12,-4.28596413207257e-10,-6.35169845439599e-10,-2.74566842863298e-10,-1.64492854589367e-10,-4.11355118692064e-10,-1.77817575161413e-10,-9.25050711562945e-11,-5.04145993243801e-10,-5.48859123254774e-10,-2.27035601717818e-10,-5.1114291250298e-10,-2.2986139160078e-10,-4.67294304313661e-10,-4.93287316206931e-10,-7.57289220964074e-10,2.05023181825058e-10,-3.94930142032092e-10,-7.23580245124047e-10,-3.14344834032192e-10,-1.49631316291776e-10,-6.95754630822216e-10,-1.4853916286975e-10,-3.18038290825861e-10,-1.87672790360221e-11,-9.2100341459966e-10,7.0841506105521e-11,-6.54955150043099e-10,-5.55521238414271e-10,-1.84052810031493e-10,-5.94068842760464e-10,-6.23438413726937e-12,-5.01891638406386e-10,-9.1061940341003e-10,-3.48908970863057e-10,-3.88195275487714e-10,-5.95699228297489e-12,-6.34482295936075e-10,-4.57514284924293e-10,-4.99908692634863e-10,-6.40251629973389e-10,-1.96399576945094e-10,-1.02698971393483e-10,-4.44843896241567e-10,-4.52117564364855e-10,-2.29121014658682e-10,-5.6955478426952e-11,-1.81735862744035e-10,-6.04634649402394e-10,-3.58977501178644e-10,1.7113747703208e-10,-2.16234279112333e-10,-4.08666256508212e-10,-6.57957883772093e-10,-7.54859473758287e-10,-2.14462137071394e-10,-3.89596567638565e-10,-2.32925753503648e-10,-4.73869823191434e-10,-9.12921757033558e-10,3.37831913829775e-11,-3.71702388143031e-10,-1.53285657284969e-10,-2.23118370252942e-10,-4.37083395663264e-10,-2.32291880778532e-10,-3.42202530230699e-10,-7.87946657056521e-10,9.62593647642748e-11,-5.81971495327937e-10,-5.92030049355555e-10,-3.49985545913952e-10,-3.06695998313944e-10,-3.30279118984538e-10,6.23742663073787e-11,6.68196272705977e-11,-1.0007843871825e-10,4.39486829120471e-11,-1.80978180331777e-10,-5.81565732722664e-10,-3.46061594953158e-10,-8.14334889140088e-10,-4.09047716368218e-10,-4.14676537527649e-11,-3.72620607571331e-10,-4.805089041883e-10,-3.02105613410117e-10,-7.36353578431885e-11,-5.14493649199289e-10,1.72779589452821e-12,-4.91019557618368e-10,-2.98916847332482e-10,-6.2335260394585e-11,-1.56878702670293e-10,-3.23201410617659e-10,-4.51157437154657e-10,-3.34182695553777e-10,-1.40565873650937e-10,2.04948453279239e-10,-1.88700195982001e-10,-2.11235627953775e-10,-1.74584729307291e-10,-3.74939366708693e-10,-3.54218954631179e-10,-4.31753332500593e-10,1.6693301145722e-10,-2.83481041678048e-10,-4.50789937770898e-10,-3.25769613685359e-10,-3.02190124218462e-10,-1.39761990798215e-10,-2.19825002551737e-10,-2.62886584405134e-10,-4.74797233072609e-10,-3.22568015245296e-10,-3.642545900334e-12,-6.76282145185341e-10,-4.59926780059335e-11,-2.08741652476259e-11,-1.83739153923633e-10,-4.27393844977171e-10,-6.55258163958588e-11,-8.94738227868622e-11,-3.59136833744145e-10,-5.94568643067347e-10,-2.06933484996613e-10,-2.53355436014206e-10,-2.37245267463329e-10,-2.20577322136551e-10,-2.66551292389873e-11,-3.88322909304597e-10,1.92198048428135e-10,1.09766441714559e-10,-6.22919177964861e-10,-1.10030375740415e-10,-2.76788302356481e-10,1.08938536910939e-11,9.35593057596673e-11,-6.65592960550851e-11,-5.49167326641716e-10,1.66604187405856e-10,-2.02912131626851e-10,-4.3949297808237e-11,-9.7161676558341e-11,1.93260754291217e-10,-4.00467729014801e-10,-5.12547083165823e-10,-6.27172997052613e-10,-3.37846913550749e-11,-4.2861889449252e-10,-2.27016779171227e-10,-6.89937362830625e-10,-5.3062223226435e-10,-2.18808941384053e-10,-1.940506203214e-10,-3.28840609795201e-10,-2.8228984504134e-10,3.25155641037336e-12,-2.49155141632256e-11,-7.17287968091105e-10,-1.84292994838684e-10,1.59959977457868e-10,-4.47015844105678e-10,-5.31169680076325e-10,-4.93323240867029e-10,6.93666361282911e-10,-3.8522832186128e-10,3.56261343240244e-10,-4.26144209834525e-10,-2.2788699752963e-10,-2.22358669966627e-10,-1.05053031059681e-10,-3.56422752949492e-10,-7.34621381245015e-10,1.33669661727352e-10,-5.34209374701111e-10,-2.84276340116033e-10,-4.04146555407682e-10,-1.12222738645701e-10,-6.02557963173827e-11,-3.13873831769585e-11,5.09878716875424e-11,1.2161041279116e-10,-2.47180589154648e-10,-1.42871894711457e-11,-2.82187548786109e-10,1.86413428718308e-10,7.87968121044578e-11,2.42371440889388e-10,-5.3749559053863e-11,2.11627520913382e-10,2.83644167995904e-10,2.48218360809596e-11,4.89472408186525e-10,-1.2504750573406e-10,1.90824473665748e-10,2.30074994253283e-10,-3.392184907969e-11,1.95290816556309e-10,2.5651250034399e-10,1.43002006886181e-10,-5.28828105213524e-10,2.46744761005286e-10,5.34587138838104e-10,-2.17883663937599e-11,1.54864651565711e-10,-4.18779624178692e-10,8.91890038325897e-11,3.96470207804962e-11,-3.11355618720474e-10,5.39690374180575e-10,2.87518589351128e-10,2.12346755466628e-10,3.08702950746602e-10,2.95473922516708e-10,3.29133594134704e-10,5.3608580670677e-10,6.76013195083814e-10,5.61917504746635e-10,2.91527750922859e-10,6.45085315973516e-10,2.78669653791467e-10,8.83300703907324e-10,6.47832006129778e-10,6.66854434427475e-10,9.60935417956874e-10,9.81908670730713e-10,8.63316975942295e-10,4.84034812310851e-10,9.98677382991983e-10,5.64993344545381e-10,3.62513381807922e-10,5.95020920641943e-10,1.23643925405207e-09,1.24060273045455e-09,7.20012739497849e-10,8.27088153914951e-10,1.04677230819864e-09,1.17399203088764e-09,1.49829057822666e-09,1.4038566915833e-09,1.42363421493754e-09,1.11846213036648e-09,8.68342411093533e-10,1.25911323025611e-09,1.32646730007991e-09,1.22800334659402e-09,1.59747335069588e-09,1.50708634446313e-09,1.5732331731613e-09,1.77724255647094e-09,1.42587204037123e-09,2.02991677646558e-09
