v,0.25
Patm,100000
g,9.81
r,500
G,10^11.44
rho,2400
mu,10^4.55
rc,15
 
M,10^6.3
sigma,0.5
 
tilt_erupt,2.0125nrad
 
-1525,-1524,-1523,-1522,-1521,-1520,-1519,-1518,-1517,-1516,-1515,-1514,-1513,-1512,-1511,-1510,-1509,-1508,-1507,-1506,-1505,-1504,-1503,-1502,-1501,-1500,-1499,-1498,-1497,-1496,-1495,-1494,-1493,-1492,-1491,-1490,-1489,-1488,-1487,-1486,-1485,-1484,-1483,-1482,-1481,-1480,-1479,-1478,-1477,-1476,-1475,-1474,-1473,-1472,-1471,-1470,-1469,-1468,-1467,-1466,-1465,-1464,-1463,-1462,-1461,-1460,-1459,-1458,-1457,-1456,-1455,-1454,-1453,-1452,-1451,-1450,-1449,-1448,-1447,-1446,-1445,-1444,-1443,-1442,-1441,-1440,-1439,-1438,-1437,-1436,-1435,-1434,-1433,-1432,-1431,-1430,-1429,-1428,-1427,-1426,-1425,-1424,-1423,-1422,-1421,-1420,-1419,-1418,-1417,-1416,-1415,-1414,-1413,-1412,-1411,-1410,-1409,-1408,-1407,-1406,-1405,-1404,-1403,-1402,-1401,-1400,-1399,-1398,-1397,-1396,-1395,-1394,-1393,-1392,-1391,-1390,-1389,-1388,-1387,-1386,-1385,-1384,-1383,-1382,-1381,-1380,-1379,-1378,-1377,-1376,-1375,-1374,-1373,-1372,-1371,-1370,-1369,-1368,-1367,-1366,-1365,-1364,-1363,-1362,-1361,-1360,-1359,-1358,-1357,-1356,-1355,-1354,-1353,-1352,-1351,-1350,-1349,-1348,-1347,-1346,-1345,-1344,-1343,-1342,-1341,-1340,-1339,-1338,-1337,-1336,-1335,-1334,-1333,-1332,-1331,-1330,-1329,-1328,-1327,-1326,-1325,-1324,-1323,-1322,-1321,-1320,-1319,-1318,-1317,-1316,-1315,-1314,-1313,-1312,-1311,-1310,-1309,-1308,-1307,-1306,-1305,-1304,-1303,-1302,-1301,-1300,-1299,-1298,-1297,-1296,-1295,-1294,-1293,-1292,-1291,-1290,-1289,-1288,-1287,-1286,-1285,-1284,-1283,-1282,-1281,-1280,-1279,-1278,-1277,-1276,-1275,-1274,-1273,-1272,-1271,-1270,-1269,-1268,-1267,-1266,-1265,-1264,-1263,-1262,-1261,-1260,-1259,-1258,-1257,-1256,-1255,-1254,-1253,-1252,-1251,-1250,-1249,-1248,-1247,-1246,-1245,-1244,-1243,-1242,-1241,-1240,-1239,-1238,-1237,-1236,-1235,-1234,-1233,-1232,-1231,-1230,-1229,-1228,-1227,-1226,-1225,-1224,-1223,-1222,-1221,-1220,-1219,-1218,-1217,-1216,-1215,-1214,-1213,-1212,-1211,-1210,-1209,-1208,-1207,-1206,-1205,-1204,-1203,-1202,-1201,-1200,-1199,-1198,-1197,-1196,-1195,-1194,-1193,-1192,-1191,-1190,-1189,-1188,-1187,-1186,-1185,-1184,-1183,-1182,-1181,-1180,-1179,-1178,-1177,-1176,-1175,-1174,-1173,-1172,-1171,-1170,-1169,-1168,-1167,-1166,-1165,-1164,-1163,-1162,-1161,-1160,-1159,-1158,-1157,-1156,-1155,-1154,-1153,-1152,-1151,-1150,-1149,-1148,-1147,-1146,-1145,-1144,-1143,-1142,-1141,-1140,-1139,-1138,-1137,-1136,-1135,-1134,-1133,-1132,-1131,-1130,-1129,-1128,-1127,-1126,-1125,-1124,-1123,-1122,-1121,-1120,-1119,-1118,-1117,-1116,-1115,-1114,-1113,-1112,-1111,-1110,-1109,-1108,-1107,-1106,-1105,-1104,-1103,-1102,-1101,-1100,-1099,-1098,-1097,-1096,-1095,-1094,-1093,-1092,-1091,-1090,-1089,-1088,-1087,-1086,-1085,-1084,-1083,-1082,-1081,-1080,-1079,-1078,-1077,-1076,-1075,-1074,-1073,-1072,-1071,-1070,-1069,-1068,-1067,-1066,-1065,-1064,-1063,-1062,-1061,-1060,-1059,-1058,-1057,-1056,-1055,-1054,-1053,-1052,-1051,-1050,-1049,-1048,-1047,-1046,-1045,-1044,-1043,-1042,-1041,-1040,-1039,-1038,-1037,-1036,-1035,-1034,-1033,-1032,-1031,-1030,-1029,-1028,-1027,-1026,-1025,-1024,-1023,-1022,-1021,-1020,-1019,-1018,-1017,-1016,-1015,-1014,-1013,-1012,-1011,-1010,-1009,-1008,-1007,-1006,-1005,-1004,-1003,-1002,-1001,-1000,-999,-998,-997,-996,-995,-994,-993,-992,-991,-990,-989,-988,-987,-986,-985,-984,-983,-982,-981,-980,-979,-978,-977,-976,-975,-974,-973,-972,-971,-970,-969,-968,-967,-966,-965,-964,-963,-962,-961,-960,-959,-958,-957,-956,-955,-954,-953,-952,-951,-950,-949,-948,-947,-946,-945,-944,-943,-942,-941,-940,-939,-938,-937,-936,-935,-934,-933,-932,-931,-930,-929,-928,-927,-926,-925,-924,-923,-922,-921,-920,-919,-918,-917,-916,-915,-914,-913,-912,-911,-910,-909,-908,-907,-906,-905,-904,-903,-902,-901,-900,-899,-898,-897,-896,-895,-894,-893,-892,-891,-890,-889,-888,-887,-886,-885,-884,-883,-882,-881,-880,-879,-878,-877,-876,-875,-874,-873,-872,-871,-870,-869,-868,-867,-866,-865,-864,-863,-862,-861,-860,-859,-858,-857,-856,-855,-854,-853,-852,-851,-850,-849,-848,-847,-846,-845,-844,-843,-842,-841,-840,-839,-838,-837,-836,-835,-834,-833,-832,-831,-830,-829,-828,-827,-826,-825,-824,-823,-822,-821,-820,-819,-818,-817,-816,-815,-814,-813,-812,-811,-810,-809,-808,-807,-806,-805,-804,-803,-802,-801,-800,-799,-798,-797,-796,-795,-794,-793,-792,-791,-790,-789,-788,-787,-786,-785,-784,-783,-782,-781,-780,-779,-778,-777,-776,-775,-774,-773,-772,-771,-770,-769,-768,-767,-766,-765,-764,-763,-762,-761,-760,-759,-758,-757,-756,-755,-754,-753,-752,-751,-750,-749,-748,-747,-746,-745,-744,-743,-742,-741,-740,-739,-738,-737,-736,-735,-734,-733,-732,-731,-730,-729,-728,-727,-726,-725,-724,-723,-722,-721,-720,-719,-718,-717,-716,-715,-714,-713,-712,-711,-710,-709,-708,-707,-706,-705,-704,-703,-702,-701,-700,-699,-698,-697,-696,-695,-694,-693,-692,-691,-690,-689,-688,-687,-686,-685,-684,-683,-682,-681,-680,-679,-678,-677,-676,-675,-674,-673,-672,-671,-670,-669,-668,-667,-666,-665,-664,-663,-662,-661,-660,-659,-658,-657,-656,-655,-654,-653,-652,-651,-650,-649,-648,-647,-646,-645,-644,-643,-642,-641,-640,-639,-638,-637,-636,-635,-634,-633,-632,-631,-630,-629,-628,-627,-626,-625,-624,-623,-622,-621,-620,-619,-618,-617,-616,-615,-614,-613,-612,-611,-610,-609,-608,-607,-606,-605,-604,-603,-602,-601,-600,-599,-598,-597,-596,-595,-594,-593,-592,-591,-590,-589,-588,-587,-586,-585,-584,-583,-582,-581,-580,-579,-578,-577,-576,-575,-574,-573,-572,-571,-570,-569,-568,-567,-566,-565,-564,-563,-562,-561,-560,-559,-558,-557,-556,-555,-554,-553,-552,-551,-550,-549,-548,-547,-546,-545,-544,-543,-542,-541,-540,-539,-538,-537,-536,-535,-534,-533,-532,-531,-530,-529,-528,-527,-526,-525,-524,-523,-522,-521,-520,-519,-518,-517,-516,-515,-514,-513,-512,-511,-510,-509,-508,-507,-506,-505,-504,-503,-502,-501,-500,-499,-498,-497,-496,-495,-494,-493,-492,-491,-490,-489,-488,-487,-486,-485,-484,-483,-482,-481,-480,-479,-478,-477,-476,-475,-474,-473,-472,-471,-470,-469,-468,-467,-466,-465,-464,-463,-462,-461,-460,-459,-458,-457,-456,-455,-454,-453,-452,-451,-450,-449,-448,-447,-446,-445,-444,-443,-442,-441,-440,-439,-438,-437,-436,-435,-434,-433,-432,-431,-430,-429,-428,-427,-426,-425,-424,-423,-422,-421,-420,-419,-418,-417,-416,-415,-414,-413,-412,-411,-410,-409,-408,-407,-406,-405,-404,-403,-402,-401,-400,-399,-398,-397,-396,-395,-394,-393,-392,-391,-390,-389,-388,-387,-386,-385,-384,-383,-382,-381,-380,-379,-378,-377,-376,-375,-374,-373,-372,-371,-370,-369,-368,-367,-366,-365,-364,-363,-362,-361,-360,-359,-358,-357,-356,-355,-354,-353,-352,-351,-350,-349,-348,-347,-346,-345,-344,-343,-342,-341,-340,-339,-338,-337,-336,-335,-334,-333,-332,-331,-330,-329,-328,-327,-326,-325,-324,-323,-322,-321,-320,-319,-318,-317,-316,-315,-314,-313,-312,-311,-310,-309,-308,-307,-306,-305,-304,-303,-302,-301,-300,-299,-298,-297,-296,-295,-294,-293,-292,-291,-290,-289,-288,-287,-286,-285,-284,-283,-282,-281,-280,-279,-278,-277,-276,-275,-274,-273,-272,-271,-270,-269,-268,-267,-266,-265,-264,-263,-262,-261,-260,-259,-258,-257,-256,-255,-254,-253,-252,-251,-250,-249,-248,-247,-246,-245,-244,-243,-242,-241,-240,-239,-238,-237,-236,-235,-234,-233,-232,-231,-230,-229,-228,-227,-226,-225,-224,-223,-222,-221,-220,-219,-218,-217,-216,-215,-214,-213,-212,-211,-210,-209,-208,-207,-206,-205,-204,-203,-202,-201,-200,-199,-198,-197,-196,-195,-194,-193,-192,-191,-190,-189,-188,-187,-186,-185,-184,-183,-182,-181,-180,-179,-178,-177,-176,-175,-174,-173,-172,-171,-170,-169,-168,-167,-166,-165,-164,-163,-162,-161,-160,-159,-158,-157,-156,-155,-154,-153,-152,-151,-150,-149,-148,-147,-146,-145,-144,-143,-142,-141,-140,-139,-138,-137,-136,-135,-134,-133,-132,-131,-130,-129,-128,-127,-126,-125,-124,-123,-122,-121,-120,-119,-118,-117,-116,-115,-114,-113,-112,-111,-110,-109,-108,-107,-106,-105,-104,-103,-102,-101,-100,-99,-98,-97,-96,-95,-94,-93,-92,-91,-90,-89,-88,-87,-86,-85,-84,-83,-82,-81,-80,-79,-78,-77,-76,-75,-74,-73,-72,-71,-70,-69,-68,-67,-66,-65,-64,-63,-62,-61,-60,-59,-58,-57,-56,-55,-54,-53,-52,-51,-50,-49,-48,-47,-46,-45,-44,-43,-42,-41,-40,-39,-38,-37,-36,-35,-34,-33,-32,-31,-30,-29,-28,-27,-26,-25,-24,-23,-22,-21,-20,-19,-18,-17,-16,-15,-14,-13,-12,-11,-10,-9,-8,-7,-6,-5,-4,-3,-2,-1,0
-4.40358947269039e-11,5.58888948358102e-10,9.34760859968766e-10,4.80889080370651e-10,6.080340582486e-11,-5.07812117876629e-10,-2.7568934325785e-10,-9.56947336096813e-10,-7.33564167810747e-10,6.85986185501527e-10,-5.77898777854067e-11,6.91769797280145e-11,1.55958378745472e-10,-2.4863873491661e-10,5.48223458937469e-10,-3.48935769604776e-10,-1.03509879209211e-09,7.49545611559865e-10,-1.34121889594727e-10,4.35745747853917e-12,9.83429065214373e-10,1.62363139565501e-10,-7.01488316803507e-10,6.79608954183431e-10,-3.37876025393783e-10,9.05863494041257e-11,-4.25739859079692e-10,-5.9718329469846e-10,3.11668320398443e-10,-9.06528820190157e-10,-2.72833107170957e-10,-2.38780928847203e-10,-9.27029712890106e-10,2.70707361605336e-10,7.42165333856848e-10,3.94812577711076e-10,-1.33464911179065e-10,-4.25180865409921e-10,5.67185471687283e-10,-3.93671843697406e-10,1.1450673101185e-10,-7.32609444731416e-10,8.55958305791866e-10,3.13018022457527e-10,3.98811069872641e-10,4.21608809766017e-10,-3.72404819338452e-10,-6.31191461680112e-10,-3.46754735712528e-10,2.26431497091629e-10,2.96308686522091e-10,-5.41787472302902e-11,6.05012777495715e-10,6.29640973544922e-11,-3.59119803065036e-10,7.28621505922573e-10,3.7378508169698e-10,3.22608666921239e-10,6.04555150386698e-10,-2.45215455288794e-10,8.60846677429443e-10,3.42621225859812e-10,4.26325096771787e-10,-8.45192651173008e-12,-2.5482687453267e-11,7.49081417493132e-10,7.46058301721958e-11,-6.46031220547874e-10,-1.81137980283011e-10,6.98209772994427e-11,2.12526173955277e-10,4.91424392291639e-10,2.78684173967e-10,1.13800632022631e-09,-3.69108437011808e-10,1.07829353327807e-10,-6.30746550779376e-10,-8.43547992003134e-10,1.31160897992349e-09,-3.2040685825669e-10,-2.59003664693751e-10,8.65829102111569e-10,7.76015004611906e-11,9.12559428816099e-10,4.46806317108068e-10,3.73321423254438e-10,1.24254897958224e-09,-4.60218460996792e-10,-3.45175799791462e-10,9.00649868566445e-13,9.43584731068326e-11,9.22422407947402e-10,2.58067060816856e-10,-1.71543925840634e-10,6.50398053356747e-10,4.11378697580855e-10,-7.65500543763103e-10,1.9919502977736e-11,2.68509713521794e-10,-1.0418094416178e-10,-7.47928149322069e-10,4.37679939799303e-10,-3.13982141122503e-10,-7.05517372724425e-10,-6.90638215947915e-10,-1.47321480544126e-10,-8.01272821024939e-10,-1.28305389095974e-09,3.30275287156187e-10,-5.63767295839786e-11,3.15358415951683e-10,6.70083923523902e-10,1.39302929938427e-10,-5.41123463833517e-10,7.72325979113509e-10,3.05749369600566e-10,-6.43636832859146e-11,5.50854978762412e-10,9.08784781516895e-11,-1.94312187065532e-10,5.75773769078867e-10,-7.74986072821785e-10,-5.76839701919935e-10,3.23730317264599e-10,3.36566375479502e-11,8.32053185265465e-10,2.08263649439911e-10,-1.54043955063447e-11,1.81039322659854e-10,-4.98974582431195e-10,-8.55531553683018e-10,2.41086294500261e-10,3.30857420946738e-10,1.74254059860254e-10,5.30707216065305e-11,-6.03151864534649e-11,2.48840186846816e-10,1.20796942672274e-10,1.62564024420319e-10,-9.72986357180023e-11,1.55069967065868e-10,-2.93183667226783e-11,-7.20047202588124e-10,8.99551210983108e-11,-1.75530086255729e-10,-7.25053060956255e-10,2.94452767340567e-10,-3.79970113815786e-10,-2.21677251049819e-10,-1.91407352860682e-10,5.5807682301192e-10,-4.43268450195841e-10,1.66807097129729e-10,-2.66853137491976e-10,-6.46857251461828e-10,-9.93857738369369e-10,-4.38406996335536e-11,-2.53935943333985e-10,2.74598967081579e-10,3.24035904445658e-10,1.72897744275834e-09,-3.77862437096934e-10,-4.6282769580423e-10,3.51283843849817e-10,-1.08749721944008e-09,3.01875150288682e-10,-1.47278816167557e-09,-4.70902686376655e-10,-1.43593355506415e-09,4.67240963585355e-10,-4.57866441949351e-10,-3.04091550737495e-10,9.11626039229925e-11,-3.34489266253636e-10,1.04281524087278e-10,3.62304110454688e-10,-1.84325134491625e-10,1.42422806190067e-11,1.69691063292605e-10,1.36674708502024e-10,-3.39895227565179e-10,4.61511716697145e-10,4.3859132383608e-10,8.29569913167741e-10,-4.70378343202677e-10,-5.14634648203472e-10,4.70275659237149e-10,2.5708894322275e-10,-3.58823645676466e-10,2.04409981707644e-10,-1.08664506927889e-09,-5.89925823748242e-10,5.45022373765827e-10,4.30721523617833e-10,-6.2105317924392e-10,3.29135827146684e-10,5.77186122434566e-10,-9.80005598158678e-12,-8.46014236698006e-10,3.74704444094651e-10,5.85864328186637e-10,8.93885646687087e-10,5.37696962086421e-10,-3.33027040119898e-10,-3.85543709944815e-10,8.50454974241527e-10,3.25217628593292e-10,-3.44826951658451e-10,1.98040278407414e-10,-4.12535452550866e-10,6.11683502370862e-11,-4.80513343156187e-10,-6.22271926492057e-10,7.6284738808577e-10,-2.44033304046713e-10,2.47258706049409e-10,6.33591614697464e-11,7.20832487828369e-10,-6.14087506639684e-10,7.3186461221661e-11,2.8059035333617e-10,6.02237240332526e-10,9.05520228751503e-11,-1.21003363307708e-11,2.20787395965543e-10,2.80217874323453e-10,-1.787044772367e-10,1.08245462619345e-10,6.05504928952197e-10,-9.75920338357758e-10,7.59209082769338e-10,2.31941311613786e-10,-4.52229364652756e-11,3.9794014785847e-10,-1.20048621980975e-10,-3.38834338757079e-10,-8.10630704662719e-11,1.67857679796306e-10,6.97757599471148e-10,1.28014601172688e-10,4.36378115594639e-10,-6.21757311606017e-10,8.41703052309768e-11,-1.5103802614557e-10,1.56390035769416e-10,3.49937139012953e-10,6.04367872475299e-10,-1.90787442457988e-10,5.41250144176971e-10,-1.18770513508481e-09,1.22015289706523e-10,3.96011498647326e-10,7.49474243367705e-10,4.97798224240647e-10,2.92502925427954e-10,2.10858504832833e-10,-3.76440526036484e-11,-3.14120183184746e-10,1.92592035537587e-11,-3.15885383150832e-10,6.86129912081592e-10,5.58259520608985e-10,-6.08401216790624e-11,-1.39252469838341e-10,-4.6198396696916e-10,-8.87718715519086e-11,7.92699020285319e-10,-3.01225706521596e-10,-2.27797259006955e-10,-5.17381158506537e-11,-1.00667894917409e-10,6.84052895393927e-11,2.31232709224496e-10,-5.8279482637248e-10,-6.12831032046298e-10,-2.31603561096859e-10,-6.19471268839717e-10,1.27467026180382e-10,8.74140432533165e-10,2.67583753800977e-10,1.09537215029693e-09,1.14586915912692e-10,-3.78809129582908e-10,-1.85507303771723e-10,-7.92320165555221e-11,3.68457492252736e-10,-3.48832755731038e-10,-3.98585769679976e-10,1.11498549628672e-09,-5.19127220814447e-11,-8.37174515290106e-10,7.63731185667511e-10,1.84257011481893e-11,-2.49731158168897e-10,1.51945992713598e-10,-7.21190222734324e-10,8.31814290435036e-11,4.51965573218055e-10,9.31715086927956e-10,-7.76013572512671e-10,-7.74943372362356e-10,-4.45934164420709e-11,-4.73172715346583e-10,-9.18470239702966e-10,8.00185825627054e-10,5.71039988483854e-10,2.63427420945876e-10,9.11667530509597e-11,-1.05862098693221e-10,5.66973784240727e-11,1.08629900947838e-09,-2.73741533472104e-10,2.07610875558886e-10,4.55490400564501e-10,4.84092649303163e-10,-2.91140335815305e-10,1.17338792400905e-09,4.16897477302965e-10,-6.55758678251793e-10,-1.15816215459594e-09,-4.39422513203522e-10,-7.18674064739343e-10,-4.6227797978784e-10,-7.48814718984663e-10,-2.12482973524291e-10,4.83146750255009e-10,2.1955309018768e-10,1.66444792818051e-10,4.80242776814341e-10,5.83751868411873e-10,-2.68598458058765e-10,-8.19577886512421e-10,-2.5673565174953e-10,-8.60834134481551e-11,2.19615333815721e-10,-6.38207489979849e-10,-1.11803135284245e-09,-9.78719310981572e-10,-3.54734722173796e-10,7.72473336869087e-11,9.26672484762577e-10,-6.23377977668373e-10,-2.7468357436939e-10,7.13984065438061e-10,-9.3021960412237e-10,1.51046921183448e-10,2.67627850586036e-10,-5.30000007668296e-10,2.2964711706377e-10,1.727321455158e-10,-3.1345513391038e-11,-9.83101688755503e-10,1.54128119887381e-10,4.37036454856982e-10,2.0403784046061e-11,-3.99901206938775e-10,-1.82050158296554e-10,2.42792602215078e-10,7.41196746449332e-10,1.89753736297799e-10,-2.12436264702917e-10,-4.42202951169271e-10,5.24963300300306e-10,7.15473954032409e-10,-2.77650958606466e-10,2.69196743997512e-11,-4.29914375050265e-10,3.96769407854215e-10,-5.90942345174205e-10,-8.88483643131829e-11,1.33848960764577e-10,-5.29700635512652e-10,6.57253386461252e-10,4.4132553389716e-12,-1.14417198464381e-10,-1.36969679308669e-09,5.7024793765988e-10,2.74287025819935e-10,-1.8828419272541e-11,-5.67129553703761e-10,-7.64414427903144e-10,6.32039562814406e-10,1.0350775746786e-09,-7.19834702483148e-10,2.12124868342101e-10,-4.2153710367325e-10,6.48324959831232e-10,-5.28687225462499e-10,2.03752107547981e-10,-6.40003188231981e-12,-3.444555159447e-10,-3.2112152691419e-10,2.60515916718968e-11,-8.91154488830123e-11,-3.51460470999841e-10,-1.35937072525154e-09,4.73976364454688e-10,8.84020303616659e-11,-4.75395053666203e-10,6.69429530537436e-10,6.94966751907884e-10,5.30714196750995e-10,-1.24808766830194e-10,-1.90193634550203e-10,1.32865072414754e-10,3.13276763574952e-11,4.6488113903151e-10,3.8541445188462e-10,3.59768418517752e-10,-4.45189178094987e-10,-9.86704864237887e-10,-2.25207105015488e-10,1.90024880641117e-10,1.67897480376944e-10,7.05748175912096e-10,4.48001529709177e-11,-7.91472026864613e-10,2.10179575224738e-10,3.43536688379251e-10,2.01360522305394e-10,5.97073072504893e-10,-1.74327491412455e-10,-3.04502025743231e-10,-3.11851938757676e-10,2.6830543405947e-11,-3.48395336152892e-10,-1.6351755582557e-09,5.35041606397356e-10,-7.94676528756405e-10,2.25854018138558e-10,1.31381626059959e-09,5.84208476888637e-11,-4.38402754620998e-10,-2.28985893976171e-10,-3.29848131184913e-10,3.51591351945558e-10,5.66733147286103e-10,-9.30915891717328e-10,-2.43595248159082e-10,-7.5516279045414e-10,-6.4080190672655e-10,-7.89689685859911e-10,-1.61584619886548e-10,-1.58520932240337e-09,-5.49105695354033e-10,2.39722332481488e-10,2.8907703119377e-11,1.72334702965101e-10,6.04132529065695e-10,-1.45394193732185e-10,1.79012598122565e-10,2.25912130501475e-10,1.51103949036519e-10,5.93523804081919e-11,2.73557105694543e-10,-7.95699357024842e-11,4.67197317188345e-10,-4.96338092873736e-10,2.16129067710321e-11,3.19751686013722e-10,1.78126450078208e-10,4.32729721835825e-10,-2.95644232342838e-10,8.10961355390896e-11,-9.97805859293258e-10,3.21258519681005e-10,-2.90447063190214e-10,-6.33874896899277e-10,-7.92175050829462e-10,-2.58164338257016e-10,2.49380027674112e-10,-8.32886117977234e-10,-5.79924962315634e-10,-1.30603387777902e-09,-5.51485847189017e-10,-3.28832421462254e-10,-9.52575233398642e-11,-4.40707039840567e-10,-1.11688294667102e-09,-3.66443475609463e-10,1.35801515873714e-10,-2.28579239880754e-10,-1.19455748111055e-09,-4.57118005397504e-10,2.49712495337635e-10,-1.30676374203784e-10,8.04200901879512e-10,-1.61415206987539e-10,5.74588028585781e-11,-8.33316011450422e-10,-7.41082334013136e-12,2.04448229848728e-10,8.63791559513465e-10,-1.25314879051598e-10,-1.10494983603847e-10,-1.54747803565597e-10,-1.63389346112048e-11,-2.35265685626056e-10,-6.01205926025431e-10,2.58336790920432e-10,-5.10915557901821e-10,-3.78550472759195e-10,-5.97419036272379e-10,2.1029956683108e-10,2.41978293621783e-11,-6.37996094402419e-10,5.0444239496587e-10,3.2623474529498e-10,-8.41922960201134e-10,2.01800363475977e-10,1.08289426629601e-09,5.68640618096972e-10,-9.3099638618627e-10,-8.63242228136306e-10,-4.90593018370082e-10,2.36632095845516e-10,-4.76994425585088e-11,-1.27423291994367e-09,-7.39952297403747e-11,-1.01659468548864e-09,6.55358919558297e-10,-1.51137674469845e-10,3.51750557703028e-10,-7.36116125093658e-10,-3.01401699822509e-10,1.06557275058608e-10,2.3139261685157e-10,1.21390010683951e-09,-1.20341216759638e-10,1.82226130328956e-10,-2.71745257008035e-10,5.17024514366927e-10,-2.4159700524467e-11,-5.08813458663616e-10,2.88506432669978e-10,-8.65171016659101e-10,4.30554521433887e-10,-6.26759446949738e-10,-7.18663570526103e-10,5.93611834579116e-10,6.53657980187509e-10,-3.04253596714019e-10,7.99130179739679e-10,2.00144847569607e-10,-5.94269873963212e-10,-5.33084046592504e-10,2.60758950929093e-10,1.23481424965651e-10,8.65611877673349e-11,1.16581300646291e-10,3.13582698459988e-10,-2.458790170044e-11,1.05154657064114e-10,-3.4660500652645e-10,1.53877846224653e-10,6.70872228151824e-10,-1.07870835383123e-09,3.78439585417602e-10,9.2619297403051e-11,-2.36013438882628e-10,-1.48348671720056e-10,4.04121912070435e-10,6.43997976561909e-10,4.77327983587089e-10,-1.24862767779771e-10,1.15084209034236e-09,-2.89112255114442e-10,-6.88734583879419e-10,-7.89446867810245e-10,3.69887897385965e-10,4.76617873275454e-10,4.03840469885735e-10,-3.54459910758835e-10,-4.8491260020102e-10,-5.18833554067322e-10,4.23255856180901e-10,5.75469666305389e-10,6.23459551977228e-11,1.91336986922505e-10,-1.1476621924881e-09,-3.07684466406297e-10,-5.05439078002876e-10,-3.68730026589086e-11,-2.84166485385003e-10,-2.6126571480737e-11,-2.60791691345378e-10,-3.66378137556386e-10,1.20410089161956e-10,-3.90919059299193e-10,-4.08697876528579e-10,3.16828839110109e-10,-5.66836446237289e-10,7.47734045418456e-10,-6.63352517696234e-10,-2.60591684896234e-10,2.28005303742266e-10,-1.30410236804955e-10,-3.58995632886932e-11,1.70099250170072e-10,-7.01210931848003e-10,-5.17620165477842e-10,-7.24207781922083e-10,-1.46116728666945e-12,-6.01569267964709e-11,-3.73981701301482e-10,-3.77659710651903e-11,3.74201742161071e-10,-2.14038945928579e-10,1.95907338268085e-11,4.38426405891784e-10,4.18049835945792e-10,-9.80432768838768e-11,4.9403585058614e-10,6.90092464121844e-10,1.32964004210031e-10,-2.37553308681361e-10,3.75823026144252e-11,3.76364091605548e-10,-1.947978734484e-10,7.98095049964683e-10,-1.62350072765494e-11,2.44126764770021e-10,2.61569700565675e-10,5.16346024260352e-10,-1.78843143325722e-10,3.15270657908227e-10,-6.34623052188733e-10,-2.64467413910203e-10,2.12084381319791e-11,1.3489527050027e-11,-4.80230555608909e-10,1.14538147862175e-11,3.44128108581775e-10,3.28224184245177e-11,1.44772107033893e-10,4.09075683119152e-10,-1.19018050233456e-10,4.38093910814687e-10,-2.06682500126888e-10,6.7356404377819e-10,4.22389249694591e-10,4.85162669489518e-10,-4.4448818522619e-10,-3.67966368524503e-10,-2.66418681011313e-11,4.8055849912294e-10,-6.50240109873071e-11,-4.58011473377836e-10,-8.94539879975088e-10,-1.46481537862376e-10,2.18543383611607e-10,8.66973638043137e-10,-1.84001352858723e-10,6.07462786528434e-10,-2.77803940923508e-10,-1.20694402894431e-10,-1.27248516520222e-10,-1.68991606042152e-10,-4.92138832568622e-11,-4.70179909782945e-10,-8.50426568807958e-10,-6.42884690917868e-10,-6.30256058972484e-10,3.61677832095175e-10,-3.18316828997751e-11,-4.65337790724477e-10,1.06021247874705e-09,4.79163529307306e-10,-6.64413322454473e-10,-1.42239185035248e-10,3.1285835113012e-10,-1.98635874798342e-10,-5.13782839455691e-10,4.24625205920215e-10,-5.33880338146586e-10,-3.15890139136682e-10,2.71454910881501e-10,-3.53016180560862e-12,4.43175465090545e-10,-7.16411054572609e-10,3.20045373503741e-11,4.33044316601344e-11,-3.76599889760313e-10,-2.56976552558274e-11,-5.95852222041021e-10,9.99884868567882e-10,-1.19873212065998e-09,3.38298460181415e-11,-2.74017000938975e-10,-3.69469413384268e-10,-5.43937114798588e-10,-3.24023113419289e-10,-1.40293680652798e-10,2.81039192692866e-10,-1.51302234489595e-10,-6.65773070900016e-11,2.71796237723191e-10,1.1596374480629e-09,1.24928769797073e-11,-3.61648531235571e-10,-8.72517726786196e-10,-5.1018649395968e-10,6.14684137591038e-10,4.10898023039575e-10,-2.87414817709437e-10,-6.95708100663954e-10,3.79328633230038e-11,3.06370257825718e-10,-4.97360005201795e-11,5.40751038408456e-10,8.33775045012366e-11,3.71097936361735e-10,1.30178330707293e-11,-3.02611980767217e-10,4.36002802635222e-10,2.69764120204277e-10,1.64019715551235e-10,8.94904143562247e-11,1.13535529217661e-10,1.95376333545315e-10,-1.35664085074224e-10,-7.832160811269e-10,-1.64040686237621e-10,-4.68944896375347e-10,2.61194076347988e-10,3.00236185257861e-10,4.98272956202233e-10,-1.09844414478907e-09,-5.19916514396847e-10,-9.25240150330586e-11,-7.31677456379466e-10,-4.28417662461167e-10,6.61834962278795e-10,2.14147229701163e-10,-1.07970065031624e-10,-2.85279845550135e-10,5.22989223328031e-10,-6.61757628266793e-11,-8.2994356460639e-10,1.31586238458211e-09,-1.45437139659768e-09,-1.17192443527291e-10,5.59568097193503e-10,-2.67114092745418e-11,-1.32190469572186e-11,-7.2013657983095e-10,-1.64694512377376e-10,-2.22636292475577e-10,-4.40804329987346e-10,6.08762493456948e-10,5.67983243325185e-11,-7.16516351327409e-10,1.22533704644574e-10,-3.95994260093627e-10,-8.05876267960389e-10,9.98793675489511e-11,-5.14188621127169e-10,2.23375481927621e-10,-1.54297472650915e-10,4.04958836193755e-10,-6.96581702563802e-11,-1.00126053953273e-10,-3.90746453008274e-10,7.92746785522718e-10,-3.65817122883381e-10,-2.49728348064053e-10,7.23577358671715e-11,-6.71132349312835e-10,4.92403949728842e-10,-2.155659195102e-10,-8.33653262730085e-11,-1.2749870164322e-10,-2.85596941074692e-10,-2.6051790615611e-11,-8.11379033421193e-10,5.39502980525643e-10,-1.6061108706817e-10,3.08317797188276e-10,-2.5945864559236e-10,-1.52846981692282e-10,-2.2685905299444e-10,4.51633541866677e-10,-4.24672953674804e-10,3.37308371694984e-10,4.95387290848745e-10,-8.64441589434645e-10,-6.17694750789614e-10,-7.32693495951373e-10,1.5045761338108e-10,2.60230529796326e-10,-5.43118466615479e-10,-6.97371703275213e-11,5.33875703323774e-10,-7.44733580454969e-10,9.19696471089279e-10,7.39906956484471e-10,5.20254199816038e-10,2.71850048066477e-10,-2.96628825955828e-10,-6.18596706076701e-10,2.78642994071727e-10,8.03412664280745e-10,3.05340498097525e-11,-3.08522923026655e-10,-6.09500903320533e-10,-3.41155461846159e-10,-1.90985036189165e-10,2.80971321551173e-11,-1.33563236014294e-10,-1.0453309100792e-10,-4.87037837763963e-10,-5.32825189452555e-10,3.83799720300985e-10,4.65895772632583e-10,-3.56536215783852e-10,3.64094865909842e-10,4.84883024566827e-10,-8.64658582905047e-10,3.73330280315407e-10,-6.33315931760353e-10,-4.18583957556714e-10,-4.22867903670743e-10,-3.36830885573931e-10,3.19971838353395e-10,1.05586872913175e-12,6.1255702732808e-10,3.07414932647975e-10,-2.6217282956586e-10,-3.21223515686644e-10,8.92340313840677e-10,-1.37565440078921e-10,4.83131078288137e-10,-1.12631832455351e-09,-3.07584424570278e-10,-9.39134138469705e-10,5.4679606137565e-10,-7.34766062418073e-10,6.59150130119522e-10,2.37821708323978e-10,-3.92406810776748e-10,4.41777044831644e-10,-6.91506672074844e-10,-1.42418629626799e-10,-6.48867961855194e-10,2.56450400125084e-10,3.10359929237793e-10,-1.49797857667272e-09,5.20851889589714e-10,2.48521312904512e-10,-7.54048024777236e-10,-8.56863624640926e-10,1.64155793615261e-10,-9.2300717646608e-10,-3.35273673966835e-10,-5.13488120980729e-10,-7.04398864639771e-10,2.63834014760354e-12,-1.73480819885198e-11,-1.8560869165291e-10,-5.1911539677269e-10,2.78248076486357e-10,1.92388118985132e-10,3.3292183365349e-10,5.12655902680286e-10,-3.58303759734596e-10,-5.94115938499586e-12,-1.37086266867184e-10,5.74118451800316e-10,-7.33258992509994e-11,-6.60411199477152e-10,-1.12675530911152e-10,-3.07821980039042e-10,-1.1502283358472e-10,-1.1770036215465e-09,2.44637427062288e-10,-3.40042332500629e-10,3.38382286300311e-10,-1.21582518892748e-09,3.25767679600546e-11,-3.07634872459329e-10,4.77059241813323e-10,3.83802540108089e-10,-7.56644418146451e-10,-4.25023108697869e-10,-3.3700890260442e-10,-4.39721328235216e-10,-4.95595516528306e-10,6.93160441432369e-10,-7.43315307977624e-12,1.36598574089184e-10,3.51796313501087e-10,-1.53462421188745e-11,1.92237044472739e-11,-6.27008072784854e-10,1.94407379093754e-10,-2.38350053145773e-10,-8.65211103937747e-10,-1.05836871335509e-10,2.08413042010526e-10,-6.11125362544483e-10,-1.03918884345899e-09,-8.13172796515826e-10,-5.39555012654692e-10,1.56982260689791e-10,-2.11311921899133e-10,-3.73982866591906e-10,-1.46267969096603e-09,-2.25299447009823e-10,2.31484436402459e-10,-5.04243011981231e-10,-1.53197634737761e-10,-2.33730505864867e-10,-5.33789556216776e-10,-2.59680877542557e-10,-7.19098115315796e-11,-8.34064632980606e-10,-5.65601361958273e-10,-2.59049622212196e-10,-3.78799682430584e-10,-7.08560427387998e-11,2.26720000070286e-10,-3.68689685073959e-10,-3.49141465929957e-10,6.09693019452187e-11,1.1797601127552e-10,2.10690785696676e-10,-2.88860933821812e-10,3.20237747538883e-10,-7.74562855305837e-10,2.45437202818203e-10,5.75477404062101e-10,2.21207628571558e-11,8.08654167392331e-10,-2.07566723159266e-09,-1.27552649704231e-10,-4.59786672479257e-10,8.31701422952798e-10,6.46566606082925e-11,4.85146521201605e-10,-7.19899393129327e-10,-2.22727544235562e-10,5.60389194514422e-10,1.42192811498631e-10,-3.97850685048655e-10,2.56779705912311e-10,-4.53457696462707e-10,-1.62543873000877e-10,-1.26088437426994e-10,-1.00455851909717e-10,6.36302438219838e-11,-4.30156993802839e-10,6.72903176336181e-10,-1.08085303733502e-09,-8.27732623447635e-11,2.27227470170142e-10,-4.68332643991712e-10,-9.48189489681161e-10,3.83848664778156e-10,2.99815199330251e-10,5.31946708201043e-10,-3.11059087014111e-10,2.27404898365004e-10,9.29566185650603e-10,5.08907166584259e-10,9.54325281319627e-10,-1.31979882128397e-10,-5.0700570312191e-10,-9.6625718552086e-10,1.92931073738962e-11,3.95325087855853e-10,3.45052190355136e-10,4.89505272604805e-10,1.54384811113006e-10,-2.77096671716887e-10,-6.82391861136178e-10,-7.14751736801445e-10,3.31598982652866e-10,4.26052201320242e-10,7.52706958917985e-10,-4.58133586163087e-10,7.89586609535496e-10,-7.42942795137064e-10,3.64309793616822e-10,-5.64167927188392e-10,5.12826550539598e-10,2.1571029751099e-11,-3.59606812094386e-10,-5.11146300419846e-10,-6.00250170492999e-10,-5.93244637104875e-10,-2.70489927302834e-10,-4.64464450337599e-10,-6.56107558863625e-11,7.38578333207688e-10,-4.70497357114693e-10,-5.9005264789079e-11,-6.2848725917467e-10,-6.51895812464341e-10,-6.4121832564499e-10,3.11965432780003e-10,-4.29565920042735e-10,2.80872687414789e-10,1.84564563171218e-10,-1.33749617863145e-09,3.74174377459635e-10,2.19286775739496e-10,-5.25079860611103e-12,-7.92484989814197e-10,-9.51491847061054e-10,-1.24682444223023e-09,-7.07143951494569e-10,-3.57754596081459e-10,-2.22162417824777e-10,-3.56886333359401e-10,-8.99508057033092e-10,6.81861087573215e-10,6.64056559201171e-10,-3.95056102504899e-10,-3.03512959239916e-10,7.30934346539047e-10,-3.08848674829138e-10,-8.97378682892072e-10,5.86295898241371e-10,3.42592957505556e-10,-2.85409527931041e-11,7.38118102661102e-10,-7.47432340622247e-10,-7.20809657728668e-10,-9.90090368117566e-10,4.92857992157338e-10,9.1363408388087e-10,-5.27347359386665e-10,-6.32201128039201e-10,1.96476436626014e-10,-7.59063205512132e-10,-6.34634415114745e-10,7.68588516094167e-10,-1.44723729878699e-11,-1.20249517455126e-10,-2.62807874702808e-10,-2.20920223349253e-10,-1.28737246592722e-10,1.39889817940684e-10,2.21025482453336e-10,3.87736269762407e-10,-2.21542256518804e-10,-4.65730197642287e-10,2.6757627225669e-10,-6.27437131056264e-10,-5.65019989510046e-10,4.1038142879385e-12,1.92792453811605e-10,-2.95399273257903e-10,-3.71050076582722e-10,-1.79900541964267e-09,-1.19498796062633e-10,-2.61252102118088e-10,2.26715996707193e-10,-8.24587501563577e-10,6.06758801819267e-10,-1.2058033068192e-09,-5.84476655800641e-10,1.58112998658388e-10,1.38031613330903e-09,3.52829756473864e-10,1.98275144894542e-10,-9.87727620596547e-10,-3.2305279113093e-10,-3.87633916731951e-10,-3.4179180707641e-10,-5.7443972189108e-10,5.93698271182077e-11,-9.7069377479536e-10,2.43181421076775e-11,-1.23148290806031e-09,1.36497965522186e-10,2.40844703088886e-10,3.63448177026261e-11,-1.64151146145094e-10,-4.78595639114345e-10,5.43397295979191e-10,5.77065395955728e-10,4.90644618646531e-11,-1.15612451416136e-09,-8.69097000819895e-10,-4.85399383303035e-10,-5.78623013946759e-11,-4.30607955623701e-11,3.44054830654958e-10,6.87185274018492e-10,-1.05751140821934e-10,8.54772586968429e-11,3.38664207873708e-10,-6.75196480396492e-10,-2.49204341952154e-10,1.93922617677053e-10,-1.00103971022106e-09,-7.22076183343415e-10,-2.63840014011943e-10,-8.82718964215771e-10,-1.71851510137062e-10,2.57840981591951e-10,-8.90063997059108e-10,3.11337128864851e-10,5.74370897132939e-10,-6.90722061794199e-10,-4.70785898612626e-10,-3.23325639094286e-10,-4.24315846394413e-10,2.19153054748596e-10,1.30595095624532e-10,-2.55003596915271e-10,-1.47457713733863e-11,1.9026033426348e-10,-2.87202214542941e-10,-1.05818167768828e-10,-1.87720185971244e-12,-4.12868540562224e-10,1.93287071640912e-11,-1.07617281130019e-09,-5.43002215968352e-10,-6.7082044538614e-10,5.02459365621694e-11,-3.41219901139053e-10,7.10481863632166e-11,4.40159703935226e-10,-1.95895882192128e-10,-1.22496379188154e-09,-6.89067002737156e-10,-5.44450004951637e-10,-4.02897922407638e-10,3.24332145676111e-10,-1.71403517323271e-10,7.68728746217892e-11,-3.72085604001407e-10,-4.34829724527821e-10,-5.82456482991157e-10,1.52474980107083e-10,-4.1341375188457e-10,-4.35321152475772e-10,-1.46234485588008e-10,-5.12361931267807e-10,-2.74738329633172e-11,-1.49858835915375e-10,-4.72476612764021e-10,-1.86432702412235e-10,-1.2543246865529e-09,3.92681182479536e-10,5.14435150705833e-10,-3.01446708454136e-10,-5.53085533128053e-10,1.46683609595138e-10,4.96072351587429e-10,-5.20298504579385e-10,-1.07899124695393e-09,-2.75136218109898e-10,-8.07355937815271e-10,-1.51685184878853e-11,-7.27490901494587e-10,4.54625003005482e-10,-3.76543462189489e-10,-2.72970091207009e-11,-7.8633618873529e-10,-1.16583718927376e-10,-1.38199139447635e-10,3.72118454376826e-10,7.74580488872488e-10,-4.34011777305398e-10,3.061727024732e-10,-4.64098100074336e-10,-4.03983861430921e-10,-6.64620200234875e-10,2.44905732345818e-10,-3.81535597539337e-10,-9.91917863515151e-10,-1.89568916353637e-10,-5.31045707654614e-10,-1.87017531767244e-09,-3.34165202822291e-10,-5.73461194102168e-10,-4.03791535984805e-10,2.03443928226372e-10,1.42905268168066e-11,-3.69699518480712e-10,-2.98476610871741e-10,1.9231630013551e-10,-3.00659731894341e-10,6.50021713472507e-10,-2.5029087697929e-10,5.36390192510478e-10,-6.05494782777413e-10,-7.69761592224016e-10,-1.06585794695811e-09,3.47547174972785e-10,-2.38538463654934e-10,-6.34210422058757e-10,-4.30994147854019e-10,-8.3652080069345e-10,-5.53049643246688e-10,1.36105412570273e-10,-5.51829785033209e-10,2.09413045068357e-10,-2.11149525520546e-10,3.73846920698346e-10,-8.50907944314095e-10,-2.13992790089903e-10,-1.10837550839003e-09,5.97259465068967e-10,2.88688679587226e-10,-4.66988621152287e-10,-8.34592741698025e-11,-8.7329285622108e-10,-1.95920666965239e-10,-1.6214163873858e-09,2.23439859740631e-10,7.29484379007088e-12,-1.76406944700183e-10,4.94684689637391e-10,6.10172618529705e-10,-3.84143314280427e-10,-2.94158611514412e-10,-1.5468220812624e-09,-2.09308995214048e-10,-2.96524288691648e-10,-1.08559148179153e-09,6.89771836858446e-11,2.39474213623118e-10,-3.70648681092801e-10,-6.04230395010678e-10,-1.28047431082066e-10,-1.37013075652765e-09,-6.36042967114001e-10,-1.292302504274e-10,-1.44236005513361e-10,-6.34120921073522e-11,-2.61618630199753e-11,-3.83091566922279e-10,-1.63666270369918e-10,-4.61776398072919e-10,-7.75358263287587e-10,-1.06717912208974e-09,-4.90909375747718e-10,-8.49604957738758e-10,-5.16939821554849e-10,-8.9139505514268e-11,-4.99074635371718e-10,2.70987070842518e-10,-3.33052393179848e-10,-4.13503707049289e-10,1.02068589097482e-09,-4.23447495069595e-10,3.88989252451708e-12,-1.16544327172983e-10,-7.066165436952e-10,-5.55436435696565e-10,-8.97945717045611e-10,2.60328495591482e-10,-2.18867350055693e-10,-1.66026943342822e-09,2.32819693267201e-10,2.40655291363664e-10,7.61271107971219e-10,-4.43382055387896e-10,-2.13735226097787e-10,-6.29785653208257e-10,-1.793559390821e-10,1.60548312795357e-11,3.55474558895438e-10,-7.77645755783538e-10,-3.42795652431248e-10,-1.22447375879853e-10,-6.29564778938733e-10,1.24604915162559e-10,-2.81171738494597e-10,-5.84300266551048e-10,1.24820569692262e-10,5.42231805075833e-10,-4.47035401379602e-10,-2.29670080383309e-10,-1.65020704506915e-10,3.7282948213448e-10,-2.17619261073402e-10,3.44913161356023e-10,-4.82730587546623e-10,-1.83434138052174e-10,-1.12264949981212e-09,-8.46614221087143e-10,2.6050540947817e-10,-1.82519741624901e-10,-1.28328724445665e-09,-5.46999494023633e-10,-1.03576110878818e-09,1.06205143296803e-10,-8.92256864349616e-10,2.48503086849737e-10,3.53809846656786e-10,-6.22914300677446e-10,-2.51836794736854e-10,-3.68623602574991e-10,-3.09338519314078e-11,-6.06262247353589e-10,-7.13607485873798e-10,-5.38996988933301e-10,-6.10534343826724e-10,-9.09941612328154e-11,-8.47079944953291e-10,-3.5710571445233e-10,-7.21719898728431e-10,-2.15690180279629e-10,3.06997709596017e-10,-3.87254182489924e-10,-1.03024180004397e-09,-3.89205574816535e-10,2.22812072972568e-10,5.63582495070106e-10,-9.07133387060852e-11,-3.13642774341672e-10,-3.28426177409414e-10,-2.01280057232706e-10,-4.1166472871761e-10,6.51449585354896e-11,-4.85019503151983e-10,-2.64508411228214e-10,-4.76742061782712e-10,-5.02023895187816e-10,-1.07725460918728e-09,-3.89108197703603e-11,-1.96468653818791e-10,-5.71854964930741e-10,-7.09293088725219e-10,-7.24476307884525e-10,-1.82448749186907e-10,1.00645897311025e-11,-2.60708177512435e-10,-4.16614468030968e-10,-1.48673903774916e-10,-2.6085899187195e-10,-4.09346939208817e-10,-4.2118864094671e-10,-4.49227053031748e-10,1.8095606935737e-10,6.89278254653667e-10,-2.11895454198218e-10,-7.99093196196363e-10,1.35810690913036e-10,1.008023077385e-10,3.84059010195143e-11,-1.17048975064275e-10,-4.89711286321784e-10,-1.10218678410031e-09,-5.68644588568316e-10,2.13795331248321e-10,-8.71470543076331e-10,-2.42036363016344e-10,-6.23210236460159e-10,-4.11572446586292e-10,-1.27314395827424e-10,-3.52264838443213e-10,9.94873811021044e-10,-8.14641718182238e-10,-7.07203210063813e-10,-7.13645927292906e-10,-8.28918738829883e-10,-5.87642908827412e-10,-7.80656073936186e-10,-4.62386789000521e-10,6.10451874668632e-10,-4.60427799561888e-10,-1.15917522505674e-10,-5.99507430964238e-10,-4.58985222926433e-10,-1.436500609007e-11,-3.118213579093e-10,3.01758741644139e-10,-2.38554228792371e-10,-9.30735568307325e-10,3.24418862999673e-11,-1.1021913966448e-09,1.11626784948551e-09,-6.45215182080643e-10,1.58981518572706e-10,6.24081911080099e-10,-6.7364835017667e-10,-2.26148936369912e-10,-3.65476111061636e-10,6.17438784905859e-11,4.88369219048479e-10,-6.45970407380763e-10,1.43827829148772e-10,-5.05872345212443e-10,-4.14903478776295e-10,2.63335182788727e-10,-8.68976266975518e-11,-7.35172376343274e-11,-1.2317056185967e-09,-5.09532591021465e-10,-5.8126348676283e-10,-1.06531064079542e-09,-6.56967226767094e-10,-5.32853150285542e-10,8.83992713972205e-10,4.48166075156818e-10,-2.81439104415052e-11,-7.10630170887676e-10,-9.98481850692539e-10,-3.31748482598603e-10,-3.31882539574262e-10,-8.85133482424735e-10,-4.15033624853276e-10,-5.84463512581793e-10,-9.57298617709732e-11,9.08562320344017e-11,-4.43288345328834e-10,-1.73266207289409e-10,2.73286366149079e-10,-5.27618110712246e-11,-4.0355130294071e-10,-6.09175633914226e-11,-4.66576064763289e-10,-1.88576438754881e-10,3.61660161913733e-10,7.05551108745298e-11,3.57880279479698e-10,4.84444669896818e-10,3.94067697350152e-11,-6.09196099697506e-10,-3.22800901608181e-10,-5.06240079189552e-10,-1.70993454941534e-10,-4.43925716045557e-10,-3.09706307286704e-10,-5.41780698041148e-11,-2.38609748306326e-10,-6.65927205795337e-10,8.193492861676e-10,1.49460050815375e-10,-4.17182920681924e-10,-5.00690371378311e-10,-5.41732156100491e-10,-1.86296498784981e-10,-8.83383487628894e-11,-6.04517465449682e-10,-2.60058716204424e-10,-8.58564798783436e-10,-7.45770343822592e-11,4.24133180369984e-10,1.01653404974131e-11,-7.78545928113013e-10,-7.18735285851641e-10,1.04231954163249e-09,-1.94304751035894e-10,1.53359433260684e-10,1.43984001878588e-10,-3.40540681135713e-10,3.47607004072194e-10,-1.19413748438489e-10,5.2722731626623e-11,-4.80258509535403e-10,-1.97861380581606e-10,-6.35887682609119e-10,-5.85653877201529e-10,1.07081182456039e-09,3.65318658857853e-10,3.22202425660641e-10,3.28303783027432e-10,-4.95354961511225e-10,2.2953778975288e-10,-3.84098824115076e-10,5.08959294431163e-10,-4.12077837638483e-10,-5.32501584285087e-10,6.43437158178179e-10,4.29942767430054e-10,-2.56658642661893e-10,1.18832953903076e-10,-2.8228222774723e-10,-5.70018304046687e-10,2.98044621165128e-10,-1.39922465773156e-10,2.24388337839604e-10,-3.36833075053221e-10,-8.03460734633388e-12,4.46421666258449e-10,1.09704643802363e-10,9.81279639465759e-10,1.054783394023e-09,4.48978878272744e-10,4.41737551846692e-10,-9.16610535395829e-10,6.99488696661339e-10,6.1344709307692e-10,5.46204236130682e-11,-9.99827268372714e-11,1.0032335471215e-09,3.90172799530583e-10,1.1650387910702e-10,-3.27096028597892e-10,1.60891954328501e-09,-5.19863166537514e-10,4.35205771731671e-10,1.03089816962101e-09,1.02887628748196e-09,1.84645112058425e-09,1.48980651458389e-09,3.14426584443048e-10,1.57430929511664e-09,9.67268802895033e-10,5.56198458888308e-10,1.22445917586271e-09,1.92004750674989e-09,7.01257403843959e-10,1.89044354636353e-09,6.3011396841876e-10,1.0396505407529e-09,1.63824727103527e-09,6.66297366903611e-10,1.0246839315259e-09,1.21294593424086e-09,8.59626064245004e-10,1.59287647376423e-09,1.15550051586365e-09,1.46275725130832e-09,8.43889681458152e-10,1.70085843889566e-09,1.75672649960438e-09,1.63455244553102e-09
