v,0.25
Patm,100000
g,9.81
r,500
G,10^11.44
rho,2400
mu,10^4.55
rc,15
 
M,10^5.9
sigma,0.5
 
tilt_erupt,1.1529nrad
 
-1435,-1434,-1433,-1432,-1431,-1430,-1429,-1428,-1427,-1426,-1425,-1424,-1423,-1422,-1421,-1420,-1419,-1418,-1417,-1416,-1415,-1414,-1413,-1412,-1411,-1410,-1409,-1408,-1407,-1406,-1405,-1404,-1403,-1402,-1401,-1400,-1399,-1398,-1397,-1396,-1395,-1394,-1393,-1392,-1391,-1390,-1389,-1388,-1387,-1386,-1385,-1384,-1383,-1382,-1381,-1380,-1379,-1378,-1377,-1376,-1375,-1374,-1373,-1372,-1371,-1370,-1369,-1368,-1367,-1366,-1365,-1364,-1363,-1362,-1361,-1360,-1359,-1358,-1357,-1356,-1355,-1354,-1353,-1352,-1351,-1350,-1349,-1348,-1347,-1346,-1345,-1344,-1343,-1342,-1341,-1340,-1339,-1338,-1337,-1336,-1335,-1334,-1333,-1332,-1331,-1330,-1329,-1328,-1327,-1326,-1325,-1324,-1323,-1322,-1321,-1320,-1319,-1318,-1317,-1316,-1315,-1314,-1313,-1312,-1311,-1310,-1309,-1308,-1307,-1306,-1305,-1304,-1303,-1302,-1301,-1300,-1299,-1298,-1297,-1296,-1295,-1294,-1293,-1292,-1291,-1290,-1289,-1288,-1287,-1286,-1285,-1284,-1283,-1282,-1281,-1280,-1279,-1278,-1277,-1276,-1275,-1274,-1273,-1272,-1271,-1270,-1269,-1268,-1267,-1266,-1265,-1264,-1263,-1262,-1261,-1260,-1259,-1258,-1257,-1256,-1255,-1254,-1253,-1252,-1251,-1250,-1249,-1248,-1247,-1246,-1245,-1244,-1243,-1242,-1241,-1240,-1239,-1238,-1237,-1236,-1235,-1234,-1233,-1232,-1231,-1230,-1229,-1228,-1227,-1226,-1225,-1224,-1223,-1222,-1221,-1220,-1219,-1218,-1217,-1216,-1215,-1214,-1213,-1212,-1211,-1210,-1209,-1208,-1207,-1206,-1205,-1204,-1203,-1202,-1201,-1200,-1199,-1198,-1197,-1196,-1195,-1194,-1193,-1192,-1191,-1190,-1189,-1188,-1187,-1186,-1185,-1184,-1183,-1182,-1181,-1180,-1179,-1178,-1177,-1176,-1175,-1174,-1173,-1172,-1171,-1170,-1169,-1168,-1167,-1166,-1165,-1164,-1163,-1162,-1161,-1160,-1159,-1158,-1157,-1156,-1155,-1154,-1153,-1152,-1151,-1150,-1149,-1148,-1147,-1146,-1145,-1144,-1143,-1142,-1141,-1140,-1139,-1138,-1137,-1136,-1135,-1134,-1133,-1132,-1131,-1130,-1129,-1128,-1127,-1126,-1125,-1124,-1123,-1122,-1121,-1120,-1119,-1118,-1117,-1116,-1115,-1114,-1113,-1112,-1111,-1110,-1109,-1108,-1107,-1106,-1105,-1104,-1103,-1102,-1101,-1100,-1099,-1098,-1097,-1096,-1095,-1094,-1093,-1092,-1091,-1090,-1089,-1088,-1087,-1086,-1085,-1084,-1083,-1082,-1081,-1080,-1079,-1078,-1077,-1076,-1075,-1074,-1073,-1072,-1071,-1070,-1069,-1068,-1067,-1066,-1065,-1064,-1063,-1062,-1061,-1060,-1059,-1058,-1057,-1056,-1055,-1054,-1053,-1052,-1051,-1050,-1049,-1048,-1047,-1046,-1045,-1044,-1043,-1042,-1041,-1040,-1039,-1038,-1037,-1036,-1035,-1034,-1033,-1032,-1031,-1030,-1029,-1028,-1027,-1026,-1025,-1024,-1023,-1022,-1021,-1020,-1019,-1018,-1017,-1016,-1015,-1014,-1013,-1012,-1011,-1010,-1009,-1008,-1007,-1006,-1005,-1004,-1003,-1002,-1001,-1000,-999,-998,-997,-996,-995,-994,-993,-992,-991,-990,-989,-988,-987,-986,-985,-984,-983,-982,-981,-980,-979,-978,-977,-976,-975,-974,-973,-972,-971,-970,-969,-968,-967,-966,-965,-964,-963,-962,-961,-960,-959,-958,-957,-956,-955,-954,-953,-952,-951,-950,-949,-948,-947,-946,-945,-944,-943,-942,-941,-940,-939,-938,-937,-936,-935,-934,-933,-932,-931,-930,-929,-928,-927,-926,-925,-924,-923,-922,-921,-920,-919,-918,-917,-916,-915,-914,-913,-912,-911,-910,-909,-908,-907,-906,-905,-904,-903,-902,-901,-900,-899,-898,-897,-896,-895,-894,-893,-892,-891,-890,-889,-888,-887,-886,-885,-884,-883,-882,-881,-880,-879,-878,-877,-876,-875,-874,-873,-872,-871,-870,-869,-868,-867,-866,-865,-864,-863,-862,-861,-860,-859,-858,-857,-856,-855,-854,-853,-852,-851,-850,-849,-848,-847,-846,-845,-844,-843,-842,-841,-840,-839,-838,-837,-836,-835,-834,-833,-832,-831,-830,-829,-828,-827,-826,-825,-824,-823,-822,-821,-820,-819,-818,-817,-816,-815,-814,-813,-812,-811,-810,-809,-808,-807,-806,-805,-804,-803,-802,-801,-800,-799,-798,-797,-796,-795,-794,-793,-792,-791,-790,-789,-788,-787,-786,-785,-784,-783,-782,-781,-780,-779,-778,-777,-776,-775,-774,-773,-772,-771,-770,-769,-768,-767,-766,-765,-764,-763,-762,-761,-760,-759,-758,-757,-756,-755,-754,-753,-752,-751,-750,-749,-748,-747,-746,-745,-744,-743,-742,-741,-740,-739,-738,-737,-736,-735,-734,-733,-732,-731,-730,-729,-728,-727,-726,-725,-724,-723,-722,-721,-720,-719,-718,-717,-716,-715,-714,-713,-712,-711,-710,-709,-708,-707,-706,-705,-704,-703,-702,-701,-700,-699,-698,-697,-696,-695,-694,-693,-692,-691,-690,-689,-688,-687,-686,-685,-684,-683,-682,-681,-680,-679,-678,-677,-676,-675,-674,-673,-672,-671,-670,-669,-668,-667,-666,-665,-664,-663,-662,-661,-660,-659,-658,-657,-656,-655,-654,-653,-652,-651,-650,-649,-648,-647,-646,-645,-644,-643,-642,-641,-640,-639,-638,-637,-636,-635,-634,-633,-632,-631,-630,-629,-628,-627,-626,-625,-624,-623,-622,-621,-620,-619,-618,-617,-616,-615,-614,-613,-612,-611,-610,-609,-608,-607,-606,-605,-604,-603,-602,-601,-600,-599,-598,-597,-596,-595,-594,-593,-592,-591,-590,-589,-588,-587,-586,-586,-585,-584,-583,-582,-581,-580,-579,-578,-577,-576,-575,-574,-573,-572,-571,-570,-569,-568,-567,-566,-565,-564,-563,-562,-561,-560,-559,-558,-557,-556,-555,-554,-553,-552,-551,-550,-549,-548,-547,-546,-545,-544,-543,-542,-541,-540,-539,-538,-537,-536,-535,-534,-533,-532,-531,-530,-529,-528,-527,-526,-525,-524,-523,-522,-521,-520,-519,-518,-517,-516,-515,-514,-513,-512,-511,-510,-509,-508,-507,-506,-505,-504,-503,-502,-501,-500,-499,-498,-497,-496,-495,-494,-493,-492,-491,-490,-489,-488,-487,-486,-485,-484,-483,-482,-481,-480,-479,-478,-477,-476,-475,-474,-473,-472,-471,-470,-469,-468,-467,-466,-465,-464,-463,-462,-461,-460,-459,-458,-457,-456,-455,-454,-453,-452,-451,-450,-449,-448,-447,-446,-445,-444,-443,-442,-441,-440,-439,-438,-437,-436,-435,-434,-433,-432,-431,-430,-429,-428,-427,-426,-425,-424,-423,-422,-421,-420,-419,-418,-417,-416,-415,-414,-413,-412,-411,-410,-409,-408,-407,-406,-405,-404,-403,-402,-401,-400,-399,-398,-397,-396,-395,-394,-393,-392,-391,-390,-389,-388,-387,-386,-385,-384,-383,-382,-381,-380,-379,-378,-377,-376,-375,-374,-373,-372,-371,-370,-369,-368,-367,-366,-365,-364,-363,-362,-361,-360,-359,-358,-357,-356,-355,-354,-353,-352,-351,-350,-349,-348,-347,-346,-345,-344,-343,-342,-341,-340,-339,-338,-337,-336,-335,-334,-333,-332,-331,-330,-329,-328,-327,-326,-325,-324,-323,-322,-321,-320,-319,-318,-317,-316,-315,-314,-313,-312,-311,-310,-309,-308,-307,-306,-305,-304,-303,-302,-301,-300,-299,-298,-297,-296,-295,-294,-293,-292,-291,-290,-289,-288,-287,-286,-285,-284,-283,-282,-281,-280,-279,-278,-277,-276,-275,-274,-273,-272,-271,-270,-269,-268,-267,-266,-265,-264,-263,-262,-261,-260,-259,-258,-257,-256,-255,-254,-253,-252,-251,-250,-249,-248,-247,-246,-245,-244,-243,-242,-241,-240,-239,-238,-237,-236,-235,-234,-233,-232,-231,-230,-229,-228,-227,-226,-225,-224,-223,-222,-221,-220,-219,-218,-217,-216,-215,-214,-213,-212,-211,-210,-209,-208,-207,-206,-205,-204,-203,-202,-201,-200,-199,-198,-197,-196,-195,-194,-193,-192,-191,-190,-189,-188,-187,-186,-185,-184,-183,-182,-181,-180,-179,-178,-177,-176,-175,-174,-173,-172,-171,-170,-169,-168,-167,-166,-165,-164,-163,-162,-161,-160,-159,-158,-157,-156,-155,-154,-153,-152,-151,-150,-149,-148,-147,-146,-145,-144,-143,-142,-141,-140,-139,-138,-137,-136,-135,-134,-133,-132,-131,-130,-129,-128,-127,-126,-125,-124,-123,-122,-121,-120,-119,-118,-117,-116,-115,-114,-113,-112,-111,-110,-109,-108,-107,-106,-105,-104,-103,-102,-101,-100,-99,-98,-97,-96,-95,-94,-93,-92,-91,-90,-89,-88,-87,-86,-85,-84,-83,-82,-81,-80,-79,-78,-77,-76,-75,-74,-73,-72,-71,-70,-69,-68,-67,-66,-65,-64,-63,-62,-61,-60,-59,-58,-57,-56,-55,-54,-53,-52,-51,-50,-49,-48,-47,-46,-45,-44,-43,-42,-41,-40,-39,-38,-37,-36,-35,-34,-33,-32,-31,-30,-29,-28,-27,-26,-25,-24,-23,-22,-21,-20,-19,-18,-17,-16,-15,-14,-13,-12,-11,-10,-9,-8,-7,-6,-5,-4,-3,-2,-1,0
-4.89706437545875e-10,1.17717041035301e-09,-3.30538837938012e-10,3.25538683528085e-10,-7.74465583943072e-10,6.85378298061675e-10,-4.59941019327416e-10,-6.76208731542306e-10,-5.18787386183817e-11,-1.06456797318554e-09,9.06944692466267e-10,-2.3159805862048e-10,-7.00918962803698e-10,-2.15041901990364e-10,3.07464249849789e-10,-2.43277523321779e-10,2.29644616169521e-10,3.10711213835273e-10,-2.60676879804674e-10,3.26555692790918e-10,-4.53755066760636e-10,3.99055437782548e-10,-5.0347910990084e-10,-1.52285876716825e-10,-1.19798518718382e-10,7.89307732367638e-10,-2.94719378252094e-10,3.6893150766445e-10,5.20906854394562e-10,6.80981547397109e-10,-2.28708129908962e-10,1.37221963385342e-10,-1.79421984532873e-10,-9.1260071614099e-11,6.42227023057645e-11,7.48242208528912e-10,-2.83725890920443e-10,3.5661681131231e-10,2.3517309541781e-10,-2.14267457512504e-11,6.9071372706996e-10,1.26569451488216e-10,-3.85451064986773e-10,4.18550585468865e-10,8.93231845406498e-10,-4.1202649167402e-10,-4.17473079959893e-10,2.53993745870239e-10,-7.08078864666821e-11,-7.56771914669911e-12,8.09415323902056e-10,4.7594353029942e-10,-4.51942050686375e-10,1.95451646004346e-10,-6.45817116211859e-10,-4.97965927579658e-11,5.78900695176036e-10,-1.38391066004965e-11,-2.41394886669353e-10,-1.77478048827277e-10,-2.91896371537376e-10,-1.24121956442827e-10,1.18153340578574e-11,6.66698664149283e-11,-6.50527104307108e-11,2.22623131152706e-10,-2.78450712496148e-10,3.42524338827111e-10,2.97401431610852e-10,2.06073972115437e-10,-1.18296882169475e-09,-3.17677857068783e-10,-2.93657931599245e-10,2.05779002331656e-10,-2.35737331245583e-10,3.49524023641706e-10,-5.3011713031132e-11,-3.71762576008479e-10,5.46211358210922e-10,1.55375532625631e-10,6.88970479842621e-10,-8.62759610244468e-11,8.63058493888843e-11,-2.1645557453581e-10,-2.60413306844106e-10,-2.49301175454328e-10,3.35775478988384e-10,1.93736950195548e-10,2.6718722503957e-10,-4.52977019887854e-10,-2.71327295358027e-10,7.5989733921426e-10,-4.89721760379705e-10,4.98061385449498e-10,-2.00985709467285e-10,5.22323553600401e-10,-3.92212014728757e-10,-5.91707110536956e-10,-9.94241386393974e-10,-4.9661765406903e-10,2.42156668314531e-10,5.26633510246496e-11,2.90094861879288e-10,-3.27929181409464e-10,3.87010207778509e-10,-8.27744147307181e-11,-1.40009565554569e-10,1.87454451342724e-10,4.25533542240255e-10,-1.56254074241564e-10,-2.84994575373412e-10,2.1463281812402e-11,-7.12742105798739e-10,-1.63691225485542e-10,5.53818614877037e-10,8.15449427974423e-11,-3.86229026734691e-10,-2.86859597980885e-10,-7.88171128395303e-12,-1.04722182009362e-09,5.40790119122746e-10,7.51186652027867e-10,-1.45582475435895e-10,1.01005542231724e-10,7.25716209286119e-10,9.12518623822966e-10,-1.13596411849211e-09,1.25809353167258e-10,-5.15585177613093e-11,1.19715595993317e-11,-3.59069606553594e-10,8.16638031164488e-10,-1.11361828313471e-09,-6.01557196815451e-10,-3.18787732217566e-10,-5.39925220342555e-10,5.15667276168982e-10,5.68765889623405e-10,-3.03765260924544e-10,-3.24021363990677e-10,1.51055823589426e-10,8.18618682256418e-10,6.04762748147325e-10,6.79943999329845e-10,2.51038059296576e-10,-4.11282680476335e-11,5.00846733632998e-10,-4.57778936770563e-10,-1.12480615549238e-10,8.33850350964111e-10,2.50724085309645e-10,5.0249276069179e-10,-3.22448751984749e-10,-3.23823311148924e-12,8.31674592191048e-10,-5.2443212862148e-10,-2.45633176544631e-10,8.34272422271683e-10,-5.1563608795863e-10,-4.65290306500542e-10,-1.72539192865274e-10,-2.47344756074948e-10,7.2894475914064e-11,-3.31467333044224e-10,-1.01171620636282e-09,6.02553088555342e-10,1.16135548176067e-09,-5.59577070323714e-10,-1.54193081774606e-11,-8.55088057798657e-10,1.68776241834244e-10,-3.53646917942688e-12,-2.85472244047252e-10,-8.05271993107737e-10,-1.0434564803029e-09,3.22418424538195e-10,8.02797282325064e-10,-9.46287220074061e-10,-4.15426302922349e-10,-1.19352283567374e-10,3.80568242771024e-10,8.52098598735379e-10,-6.17702421403759e-10,5.57150423648941e-10,5.47723606126782e-10,1.69749663775866e-10,-2.58424654055576e-10,2.97372864379789e-11,6.67471664660925e-10,-6.313709430109e-11,-2.82129447867088e-10,6.4229782279611e-10,-4.11537400067714e-10,5.30135068456908e-11,-2.20512837357021e-11,6.26120853378361e-10,-3.27773278197792e-11,2.96219143286937e-10,4.66512676017613e-10,-9.63582491943193e-10,1.14698494043905e-10,-3.40618907550395e-10,7.04831190226224e-10,7.39061215035611e-10,5.59957684304607e-10,-4.18570269090831e-11,5.80585518399535e-10,1.79173753439098e-10,1.05598812432699e-09,-2.22794852608563e-10,3.08015946392703e-10,-1.25330018958257e-09,-1.91925751541077e-10,-8.1330079174118e-10,9.64210782670274e-11,-8.2211233879591e-11,-1.18646668529325e-10,2.68238714589341e-10,2.09299802282979e-10,-2.96798052300864e-10,6.76759405522803e-10,4.43860321069911e-10,-9.71027358276374e-10,6.95497021246761e-11,-1.99326578230296e-11,-3.26086257517712e-10,2.15585340061928e-10,1.82622881343965e-10,5.843974256309e-10,-4.11527441371743e-11,-3.69451397926717e-10,8.43919818291386e-11,-6.16736238397048e-10,-2.92225994937797e-10,-2.57489180716159e-10,-2.42539101620946e-10,-3.02723994640586e-10,-8.99566135352896e-10,-4.05079095135621e-10,6.55913837820026e-10,1.77820285428088e-10,-5.90697494419527e-10,1.39939583786844e-11,-3.37004882378787e-10,-2.39575165489035e-10,-7.08493449394242e-10,-3.55000678600539e-10,2.51165795958371e-10,-2.49155611321674e-10,-2.64776556245931e-10,5.6751394762373e-11,4.89940591674464e-12,-6.96358735552471e-10,-2.62422374247848e-11,1.14525316353595e-09,-8.37591264703665e-11,-4.12285699005897e-10,5.88124975495156e-10,-2.97995656865409e-10,-7.24542188138693e-10,4.10555448798821e-11,-8.27289579775016e-10,3.52706703383635e-10,-6.77305559994201e-11,5.2034354164512e-11,-3.50774535459503e-12,5.83755298034782e-10,5.29895495093988e-10,-1.12571084258118e-09,-1.47319018736737e-10,7.66492336799204e-10,3.57704453556442e-10,8.18171829085691e-10,-5.50781852414664e-10,1.00802213807494e-09,-2.34504185263345e-10,-1.70278281782381e-10,-3.3489533248059e-10,-6.40994468234514e-10,5.57617821501173e-12,7.61792454210114e-10,-1.61367342416413e-11,-1.98841570352677e-10,2.45637235741786e-10,2.42182387092806e-10,-3.15779674161983e-10,-6.87464869090254e-10,-4.51430452783997e-10,-3.02050399355019e-10,5.95353368502846e-11,4.16940082057408e-10,5.19119818079394e-10,-2.45252539196187e-10,-8.41948342797823e-11,-5.77249543740394e-10,4.16221402703473e-10,-1.85486155360409e-10,6.74440484638406e-10,-1.50316936753255e-11,-2.4171407815934e-10,-1.1116160486819e-10,-3.69354454466401e-10,2.00629699098656e-10,2.90031537536219e-10,-1.05054778519199e-09,-3.18610322472325e-10,-1.02123981660746e-09,-4.06604804793598e-10,4.35823177625314e-10,-1.8509152620834e-10,-2.58399456922857e-10,-8.44495992003904e-11,-4.23154801567197e-11,-4.71850912780787e-10,-3.46078956940925e-11,5.82601628196278e-10,-2.73880633602198e-11,6.41401358286188e-10,4.91940667085348e-10,9.95672140972443e-10,5.75557770887155e-10,1.44634679294226e-09,-4.45962378563089e-10,-5.48134668063914e-10,2.46578674836825e-10,9.17769539099663e-11,-9.59755006105419e-10,3.33118218674414e-10,-4.52112492606279e-10,-4.34735174899075e-10,6.05302088575568e-10,-4.06686471671995e-10,-1.72022249494398e-10,4.07261040500926e-10,-4.28003634251484e-10,2.43357852570794e-10,-6.81957706059117e-12,-2.34188397186486e-10,-1.1003483542861e-10,-6.18936191675392e-10,3.59673291737204e-10,3.10681299026143e-10,5.78060380915531e-10,-7.24922004296768e-10,1.50100242089184e-10,4.63258276816849e-10,5.05375878362376e-10,-2.97533127452859e-10,-4.28224381372921e-10,-7.71757162691375e-10,9.48449722105155e-11,-4.71085537089743e-10,-4.09507985031336e-10,6.40501415941376e-10,-4.79541420000414e-10,-4.01551972686028e-10,-1.83881621672389e-10,5.54530601006444e-10,1.61624425998271e-10,2.40916999196224e-10,-4.88946005316467e-10,-6.01227131972012e-10,-7.81313924876991e-10,-1.4215107185835e-11,-2.71116483951159e-11,6.03087504846978e-10,-2.57603680941358e-10,3.02711981107184e-11,2.72942369216567e-10,-2.52983762078729e-10,1.1268451034192e-11,-8.30836381766357e-10,3.53292212866693e-11,5.8815589537027e-10,-3.74144237943037e-10,-3.61617841635386e-10,-2.01289660912856e-10,3.35266489611107e-10,9.2439745676866e-10,-1.98603077323532e-11,-4.36542766144964e-10,-3.46314765898658e-10,-2.69015560081938e-10,-6.13845037548766e-11,1.29118491336653e-09,4.53454001392937e-10,-2.6078667548191e-10,4.12299110848749e-10,9.076016363686e-10,5.32761483837053e-10,4.48480907147887e-11,-3.14820223759149e-10,-5.87636630103451e-10,4.89546211448231e-10,3.28262876665844e-10,5.22531773558595e-10,4.3931547937424e-10,-3.34066943299756e-10,2.91184650591981e-11,-4.90815512800024e-10,-2.67106655657184e-10,-2.50153067385365e-10,2.32965014684984e-10,-3.72956127128395e-10,2.01242582629749e-10,6.44383018726481e-11,-2.67851243316237e-12,1.41506624943822e-10,-4.21718186659553e-10,6.33650479483964e-10,4.26182433005727e-11,2.25025865130931e-10,1.88245761562795e-10,6.24237412883546e-10,-2.2987030716983e-10,-3.61234528737333e-10,-3.19499760114479e-10,-4.02898003728401e-10,-3.92883469556734e-10,7.66009830662575e-11,3.61149508167164e-10,-3.16114461797991e-11,-1.23441799087216e-10,1.69460227039859e-10,3.36924698163014e-10,4.38166897364571e-10,-1.27661912445092e-09,-7.07712934114416e-10,-2.37455646495859e-13,-3.44457254075191e-10,7.97151282771171e-10,-5.74070185470551e-12,-2.08309846243653e-10,-1.31798747972439e-10,6.59912728327723e-10,6.36228095420116e-10,2.14761144036647e-10,3.03170729602593e-10,2.5337272370699e-10,-8.42878181818644e-10,-4.14989857888415e-10,-3.74259188056059e-10,-5.37661696535845e-10,9.47304230340013e-11,3.08365928608693e-10,1.64914058139691e-10,2.98048479919888e-10,-1.32701454209604e-10,-6.54878029376277e-11,1.21111407125923e-09,1.7390019334012e-10,4.09367065165753e-10,-3.6304499394416e-10,-3.59999754920196e-10,-3.17040635114785e-10,7.91845258029392e-10,-4.47170584934624e-10,-2.83172169901105e-10,-2.23256419750526e-10,-1.65073881875651e-10,7.95111776623375e-10,-6.13590920879603e-10,-2.56095205614493e-10,4.16986623136381e-10,-6.27880303102551e-10,2.03367426919821e-10,4.55809108949442e-10,1.4222670146588e-10,6.90471259285878e-10,1.56930421987361e-11,2.83723634451954e-11,3.87921307737599e-10,-1.65738487439413e-10,3.16068468477588e-10,-7.19615345218939e-10,-5.8150789876139e-11,-9.67688938695932e-10,-5.52543493969343e-10,5.23626980132052e-10,-1.26600234001769e-10,5.97639338486823e-11,-2.8809193698122e-10,-6.80047829523059e-10,-7.15666579268583e-10,5.89069969407472e-10,1.05539595693701e-10,-4.08400558784088e-10,3.52240939355871e-11,-1.73847909845276e-10,-1.2432561381658e-10,-4.00358734317045e-10,2.97320099279395e-10,-2.61339323464188e-11,-1.10073941456397e-09,3.5486968842904e-10,-2.17733447602879e-10,8.30097446714054e-11,-3.00599796926226e-10,-3.7327807220391e-10,-1.00866065201507e-11,-3.72882088287541e-10,-9.44808866167034e-13,2.03606827628093e-10,-5.42541235299777e-11,-4.28218602012861e-10,2.4632089311837e-10,-3.01352906838487e-10,1.12941115264954e-09,-2.73429464627471e-11,-3.15095908198072e-10,-3.13296578514805e-10,-1.24676188450743e-09,-1.10098819718039e-09,2.58793153346751e-10,5.81413842253707e-11,-2.71421473570896e-10,5.0830577420352e-10,2.99209118663006e-10,3.19839668880549e-10,-5.19636255573133e-10,4.55758352175524e-10,-8.50680532580124e-11,-1.32002834241789e-10,4.43098058351415e-10,8.86981942388264e-11,-5.12667448142187e-10,4.94422172406915e-10,3.57047578380925e-10,4.67525387275525e-10,4.0505134588235e-10,2.16644940804427e-11,-1.77635016601219e-10,8.36361867342453e-11,3.4083381607721e-10,2.76672469918552e-10,3.29814945065274e-10,-5.27538608160574e-10,-5.65214693707273e-10,-1.10683943831141e-09,3.34197644155409e-10,-3.90215346797641e-10,3.84537893879264e-10,-5.02151186926441e-10,-7.7101845727448e-11,1.05147500496005e-10,-5.17297033245004e-10,-1.87389504170365e-10,1.43617532598509e-10,-3.45591430726182e-10,3.53324965181684e-10,5.91042500307327e-10,-1.18901082715208e-10,4.46151900600688e-10,3.28944261179361e-10,-4.17628039870553e-10,-4.22510337216524e-10,-2.18413818552293e-10,-4.04060456869288e-10,6.13792955052858e-10,2.82392340474802e-10,2.37917955672175e-10,4.0059655881794e-10,6.17515043037235e-10,-1.94370593259722e-10,2.27233770294809e-10,6.32477828942995e-11,-1.98222858494694e-10,2.05970095326384e-10,2.03831507503503e-10,2.10498878584439e-10,8.0398847228169e-11,-8.50076923064419e-11,-1.40716052931798e-10,-8.52466028231989e-10,2.95357836348362e-10,-2.4421979266904e-10,-2.69744373895349e-11,-1.04928342467362e-12,-5.74375597499141e-10,-1.21792186717243e-10,-6.14304605962957e-12,1.95654714485023e-10,7.99628573299388e-10,2.77941353224189e-10,-2.23547026464441e-10,-8.15247446662247e-11,-5.83696284604034e-10,-2.22403125689707e-10,2.13557853068564e-10,-5.31308603842748e-10,-3.6239251794411e-12,5.83025552327285e-10,4.70652364283849e-10,5.30858976377564e-10,-8.9386894804608e-11,-1.90322135645033e-10,-1.84521901750881e-10,8.34242758209768e-11,-5.94941772672831e-10,-3.36981963089898e-10,1.13794361697158e-10,9.92415084429923e-10,-5.9272445952294e-10,2.26923753920421e-12,-6.19885891476218e-11,7.63960785186032e-10,-2.84941762182922e-11,3.4193293799024e-10,7.81004333942399e-11,-3.7809473582403e-10,-9.49556377084915e-10,6.9114179602301e-11,4.39753749416381e-10,-4.80558343487156e-10,3.54182721407485e-10,7.61337389877779e-11,-7.00194684048723e-10,2.92555060648604e-10,-9.77612540923824e-10,-2.63401943141292e-10,3.0731961034508e-10,4.06688893574529e-10,8.99210985481952e-10,-4.26663326927743e-10,-3.29293710786201e-10,-9.60668058748415e-10,-3.33310701637291e-11,-2.2853738128107e-10,4.46941070370344e-10,-4.69237930748544e-10,-5.73197300900641e-10,-1.17411653210068e-09,5.00157063966316e-11,-6.88741048271887e-10,7.31408463843564e-10,5.27986663287449e-10,9.09217937372696e-11,-1.72659356428737e-11,5.91789932312289e-10,-2.75147599457881e-10,5.8287290952021e-10,1.3164664361577e-10,-1.52342174842777e-10,3.82787179767681e-10,-7.4892982905607e-10,1.35809337140416e-10,-4.15046226777227e-10,-5.05509623515471e-10,-1.49853631139845e-11,1.62356008792204e-10,-3.00365788506649e-10,4.27698261200675e-10,-3.18222337948671e-10,-5.06203918364318e-10,-3.47920915979397e-11,-6.50459595336557e-10,3.27995644158748e-10,1.06759037138862e-11,1.52848285282993e-11,8.04184598464882e-10,3.58198373590373e-10,1.09168275527691e-09,-3.32660366600644e-10,-1.25776426660387e-09,3.7417838511513e-10,3.36437407410675e-10,9.6697671929706e-11,-4.68299661254929e-10,-4.07478327300737e-10,-2.66159954398872e-11,-2.81540633957337e-10,-8.03337169248495e-10,2.04351327219374e-10,1.76022233266653e-10,3.93499183531433e-10,7.86912184389532e-10,-2.33005541762097e-10,-1.01043903666524e-09,3.73719241991289e-10,-3.96425478000179e-10,-7.09561807650488e-11,2.18929006214317e-11,-1.07715460986449e-10,3.61321170221232e-10,8.07368482038386e-11,4.40315915044247e-10,3.5646615161812e-10,4.32141174936247e-10,1.04026754095732e-10,-1.70612494850139e-10,5.73941797840534e-10,4.27573720965118e-10,7.92911600692647e-10,-1.50144651657917e-10,-3.5067263943244e-10,1.24481248393648e-10,5.12128011340174e-10,6.98021525016013e-11,-2.65455533723111e-10,1.02627440554391e-10,5.62523596064433e-10,1.00612822871165e-09,8.94552375617187e-10,-1.01174364455593e-09,1.31046871818631e-09,-1.67568784685527e-10,-1.31337954884512e-11,-9.94567161247383e-10,-2.93172009566013e-10,-7.77221992010911e-11,-4.26273327269849e-11,4.75121339712875e-10,6.13589112766842e-10,-6.57930135144666e-12,1.23160068232716e-10,-2.16821258736487e-10,6.84997352804668e-10,4.29593860490928e-10,3.06404457916905e-10,-6.14581744223026e-10,-1.02161916445553e-10,-3.11260757171446e-11,-1.13816580121181e-10,8.70322995076555e-10,-3.95780482649707e-11,-2.10045659312396e-10,-3.46332735579658e-10,-7.51743716075281e-10,-6.22137071328733e-10,1.14834766084463e-10,9.22813996278798e-10,4.54309096731645e-10,-4.57817409878411e-10,9.07110462469365e-10,-4.31188082479134e-11,6.16100385915148e-10,6.51850936657159e-10,-3.03508499989698e-10,9.12948596981791e-10,-2.13841718219537e-10,6.52472962434439e-11,3.57340542871784e-10,-3.10130987725023e-10,8.9406148166799e-10,2.36132372912246e-10,-6.35698334204677e-10,-2.40415256118162e-11,-2.44446122303076e-10,4.23148407170121e-10,-4.25852806862239e-10,-7.38111596693768e-10,-7.92065235060774e-10,1.09047540494977e-09,2.75311037042334e-10,9.41803960691689e-11,6.86683460782082e-10,8.63288493508931e-10,2.67990753708203e-11,1.83615950917339e-10,-8.97629231176506e-11,-3.15674514458188e-10,4.39896724625858e-10,-6.08970458464665e-10,-2.7507078656272e-10,-2.0247661435524e-10,-4.20105747986687e-10,4.30621507564727e-10,-4.50866409229344e-10,2.37347915683131e-10,-5.65144812750579e-10,-5.49828703038767e-10,2.61799056256676e-10,-3.07246985986468e-11,2.05632416684955e-10,-3.23061815060135e-10,-2.55632127628041e-10,-2.50693949557147e-10,3.92811357380943e-10,6.0765260738139e-10,-2.04176695061794e-10,-5.68899863175696e-10,-4.52303870005016e-10,8.95630209250752e-11,-2.89042107035168e-10,-4.27124835458985e-10,4.14497203276427e-10,-6.15069345930847e-10,-3.60011123367324e-10,7.3309622300485e-10,-1.31301964342312e-10,4.63658279037109e-10,-2.87041937051145e-10,5.69140921796735e-10,6.55564824307568e-10,1.51275159628802e-10,4.15202105429465e-10,-4.12805042923639e-10,6.91189093550737e-10,-5.59337916306763e-10,-3.7143641519836e-10,-4.51081524704227e-10,2.67575630914835e-10,2.51894154933335e-10,6.46685468335166e-10,4.0021755678325e-10,5.85100901548867e-10,1.98070851063277e-10,4.01659373917997e-10,-3.75439700921248e-10,8.62345650255991e-10,9.56635303102234e-10,-5.33856691503912e-10,-6.2112350402503e-10,7.47328512312222e-10,-6.81992505286497e-11,2.08795865370593e-11,1.38416192188021e-12,7.14451797480642e-10,1.40103195099053e-09,6.12924913936384e-12,3.00975436545577e-11,-1.38696161293522e-10,2.92737956731329e-11,-2.91610839159715e-11,-7.11490498508244e-10,-1.05026636168644e-09,-2.7493687865428e-10,1.92639044085973e-10,-5.95438533571731e-10,3.76510974337921e-10,-1.80707592729614e-10,-5.33533956772854e-10,-4.35043750680231e-11,-6.91417149420754e-10,-6.87856106447418e-10,5.68065871757194e-11,4.9892244937656e-10,-1.98793553444434e-10,-7.03685343901814e-10,4.36582147908011e-10,1.51301926066453e-10,-2.12207952317245e-11,-5.22825157293125e-10,2.69965883248067e-10,-7.94790234216009e-10,5.16651615481458e-10,4.44184612274913e-10,-1.14292481093546e-10,4.27752921030341e-11,2.71561596203825e-10,3.32649383546255e-10,-9.32159359720433e-11,4.9755740158632e-10,-8.3185867994333e-10,-5.72721305707057e-10,5.2238034322544e-10,-1.20856313482681e-09,7.86150227873884e-10,-3.41753008842595e-10,-1.33861153496135e-10,-3.74698947163082e-10,-4.01465289410642e-10,1.61245003002017e-10,4.39668546253328e-10,5.7349676975813e-10,7.63557773741988e-10,-4.07104337603113e-10,8.84925932174278e-10,-1.09301233915129e-09,-7.148036144946e-10,-4.08225098724282e-11,-8.29171301141057e-10,1.45105441403647e-10,-7.15026380606567e-10,9.03654713632622e-11,5.64741436424078e-10,4.72149912635163e-10,-5.44368551485464e-10,1.28712899997163e-09,-3.36890284672179e-10,6.88427288918429e-11,-1.47300950105964e-10,-4.5533362261753e-10,-1.34194507678915e-09,-2.44790601144317e-10,7.33057669159711e-10,3.47583877201466e-10,-2.82946057664923e-10,-7.98410686657117e-10,-1.14317552359458e-10,-2.45916172484604e-10,2.64259518580408e-10,2.47895166558825e-10,-4.5470612809178e-10,-5.49619028201011e-10,-6.39268246375716e-11,4.740624387945e-12,-4.87945800174176e-10,8.50989072578346e-10,-7.43507553216912e-10,1.59030610921855e-10,-4.33556031103396e-10,7.62391790665487e-11,-5.45281512878753e-10,3.06477386779032e-10,-5.32975121501616e-10,-2.57553956269166e-10,-3.2969520812905e-10,6.3131793416602e-10,2.96531463924444e-11,8.89533515016077e-11,-6.50084173303441e-10,-6.40574363008019e-11,-3.66659677914058e-11,1.73156764459337e-10,-6.74471321735295e-10,2.87739754163616e-10,7.87594673777301e-10,-3.17407183554327e-10,-2.88644924565354e-10,-1.30716500818949e-10,-3.64314440902586e-10,-6.78302852129231e-10,1.02458243106648e-10,-5.46868242383614e-10,-1.41241479649793e-10,-4.5139277983959e-10,4.34501492457982e-10,1.92574937929083e-10,6.49945712378439e-10,5.25283493256607e-10,3.49163763677198e-11,5.99642113038565e-10,7.34559140562295e-10,7.88693603574925e-11,-2.6740865919858e-10,-9.36388797487693e-11,-1.66277479643048e-10,-1.80745002367902e-10,-2.44373935942541e-10,3.13543782332229e-10,-2.90619716729584e-10,4.71762084077955e-10,-6.93099141955629e-10,-3.01862824193431e-10,6.6942025069355e-10,-3.55361178692896e-10,-2.23579458334318e-11,-1.88933812275751e-10,-3.41478798053876e-10,-4.06391751712156e-10,1.06801384863804e-09,1.29367206944943e-09,-1.55058962968466e-10,-4.98098995535328e-10,5.04839686503311e-10,1.89865777258209e-10,-4.93725085336591e-10,-1.62734212646798e-10,-3.21656228559948e-10,-5.73723779168847e-10,-4.20260999270968e-10,3.29516262888558e-10,-2.13276849562789e-10,-1.83032006797799e-10,5.22033647211976e-10,5.97912358089099e-10,7.81627553973719e-10,1.60292634212087e-10,2.45446408055671e-10,9.40386279154104e-11,-3.75454976806013e-10,-6.50594036825745e-10,1.47559516744163e-10,-2.38339773299076e-10,-1.76343189519646e-10,3.51404273282574e-10,-2.22248623445232e-10,-3.54289941941661e-10,-3.67901215712348e-11,2.291620631467e-10,8.1775867509101e-10,3.22177257222137e-10,5.58298989781046e-10,-4.34868746688786e-10,-1.69048412358781e-10,-3.80025790521877e-10,2.3150939949292e-10,-1.27193099151291e-10,-4.21679168958359e-10,9.8851289406236e-10,9.29899204725157e-10,1.01281075412524e-10,4.49405394133018e-10,-6.78231996316345e-10,-3.98973978947112e-10,-4.01092836922287e-10,6.15263880848821e-10,6.01223256203275e-12,2.03656857191931e-10,3.78601095302449e-10,-3.6647215432833e-10,6.06852410950914e-10,-2.50239142819457e-10,3.47812665921992e-10,2.22919080750817e-10,7.37277881583814e-10,-3.04401325794473e-10,1.57233179051359e-12,2.94714110413549e-10,1.29829779035319e-10,-2.33050534541267e-11,-3.54745347792165e-10,3.10898495821629e-10,1.61750446465662e-10,-1.82800026194783e-10,2.60228124224789e-10,-1.23538573671327e-09,3.89829773824679e-10,-5.47488963351233e-10,-7.43141409289893e-10,4.28670816299456e-10,5.31295046295032e-10,-1.11383891316984e-10,-3.44380607721152e-10,6.43969431625227e-10,2.79380516133206e-10,3.56121195749462e-10,-1.70676017553788e-10,-2.31124202455262e-10,2.29313493767146e-10,-4.38261844933382e-10,3.20290254145575e-10,-5.02538849458624e-10,-2.95585215309549e-10,-5.52618205417762e-10,-6.79611630768292e-11,4.58617111673199e-10,-5.31213783297568e-10,-3.79453088146842e-10,3.77931803043077e-10,6.79558495595157e-10,-1.04686354871746e-10,1.2151825034799e-10,-1.38100372581971e-10,3.28167495059088e-10,9.57668688885347e-10,6.94059179801831e-10,-3.89957232241743e-11,3.03675462016767e-10,4.09577244059369e-10,-5.87036229528877e-10,5.26235012044133e-10,-7.63685950771057e-10,-6.01027124527319e-11,1.03394474774839e-10,-5.08412785037799e-10,-3.34307831864804e-10,-7.22367256432056e-10,2.78533185412078e-10,-3.04666831893469e-11,2.83687815525943e-10,-4.26830948935444e-10,1.68439678177209e-10,4.67656849784936e-10,1.1432902203901e-09,4.20193155314073e-10,-2.20238119868524e-10,-1.63591338976564e-10,2.94291344330255e-10,-3.10395909339574e-11,-5.30163269470392e-11,2.70801213415222e-12,-1.06733403431398e-10,2.25083684580729e-12,1.95751772137973e-10,2.52614845672179e-10,2.01855508240949e-10,3.11545849163201e-10,-1.78073350331849e-10,-5.56865468813888e-12,-4.21357283642779e-10,-6.57683570445158e-10,-2.41906638088934e-10,-3.15348564739315e-11,1.37055368701079e-10,1.1939369051982e-10,-2.47413246577004e-10,-4.37039017784217e-10,-7.13271407876796e-10,-3.44527542020661e-10,4.46752592417331e-10,8.0797781954089e-10,-5.00074056447941e-10,-3.78710658817444e-10,-5.4865029466471e-11,-2.07945092470977e-10,-1.23295374388025e-10,-1.02481547343738e-10,-2.32209320366702e-10,-4.16224573166915e-10,2.18606081908677e-10,-6.48525700734825e-10,2.94202505315285e-10,-1.97941824773753e-10,1.11870023651175e-09,-2.191442473701e-10,7.8361738908239e-11,-5.76351293226917e-10,-1.89852408616801e-10,2.03935230734276e-11,-1.68220094826064e-10,-1.0431756463805e-09,2.2629696874376e-10,-4.7821289267149e-11,-5.29038679500428e-10,-1.40565175642092e-10,-4.54532805250186e-10,-1.29958655500157e-11,-3.24566770018816e-10,9.46239705199675e-10,3.43883758559205e-11,-7.18754730523469e-10,3.00893042941682e-10,-1.61534957171087e-10,8.78757819704173e-10,3.40556753312288e-10,-6.4056301308591e-10,4.90502717903407e-10,3.77521151958726e-10,-2.85507244810923e-10,2.23053594957364e-10,-1.7900036844086e-11,3.57248191079846e-10,3.06620210014678e-12,-5.98565340414929e-10,-9.69953633982414e-10,2.22753252894657e-10,-2.57024715805753e-10,5.1179967297639e-10,1.20824224614896e-10,-5.43081703801009e-10,-9.73505966308189e-10,-8.42612159553153e-11,4.03406573053987e-10,-8.98007924529081e-11,-5.18929724423638e-10,5.57277774857068e-10,4.26690186683713e-10,-1.0990469033191e-10,-2.04555299533661e-10,-2.75232876916992e-10,2.9843108919384e-10,5.47772114162465e-10,8.06769703273814e-10,-3.5341213206997e-10,-9.87547826278355e-10,-4.43838987458742e-10,-8.44063864443245e-11,4.98915999286901e-10,-4.84073685748209e-10,-4.41355835243737e-10,-4.80887402391376e-10,6.09631463464488e-10,5.27257507216512e-10,-7.35187754838834e-10,-5.81166351264075e-10,-3.83848588568007e-10,3.67743043677834e-10,1.13402409258959e-10,-1.11423249051561e-10,3.79955575665042e-10,-5.93438203467745e-10,-4.43951561264481e-10,-8.57911117199882e-10,-2.6772179265379e-11,-7.56308239325215e-10,-4.2958186776816e-10,-8.02514130094681e-10,2.84126790531706e-10,7.12901821396487e-10,2.81194115464447e-10,1.97236062801778e-10,-4.63222612585548e-11,2.18914981492615e-10,6.40110904325884e-10,8.45136334254288e-10,-6.65669384617548e-10,5.3886145307007e-10,-3.44530838994547e-12,-1.86991127548346e-10,-3.72088360537716e-10,-6.00429202875315e-10,-2.58086200175613e-10,5.22877739640867e-10,-8.58148701067098e-11,-4.71206745963575e-10,5.17779745744529e-11,1.10455859738884e-09,1.63396943669906e-10,5.99508230258137e-10,2.62045267158454e-10,-2.15797268374098e-10,-2.65034038796359e-10,4.23760086903357e-10,-7.38897290398806e-10,-5.87773334888541e-10,-2.01288475846038e-10,-3.40386853388813e-10,4.84658817087362e-10,-7.29874539133009e-10,-2.81146708366398e-10,-6.82453240328452e-10,-8.90604554564119e-10,-1.70857178644663e-10,1.02430439151463e-10,-1.186337390466e-09,-2.11446069941989e-10,-2.77734185983386e-10,6.0419912971655e-11,-1.9125809420129e-10,7.03225089309429e-11,1.15245954682359e-09,3.03669549448691e-10,-1.09932636530076e-09,-4.8267416495385e-11,-3.12416284859503e-10,-7.5736311886499e-10,-1.63600184225478e-10,-1.07320587590481e-10,-7.62752363007177e-10,1.02195386903911e-09,-8.58688760906945e-11,-1.35106950544028e-09,8.57705699144502e-10,8.44570386855353e-10,3.68310090666609e-10,1.14268895913309e-11,-4.06877502349076e-10,-6.31042191672029e-10,1.37288634490902e-10,3.01007449284884e-10,-3.02466409874648e-10,-6.67711474602216e-11,1.97006197241199e-10,-9.87175129909534e-10,-6.30548389480712e-10,-7.43094468879366e-10,-9.34726351039587e-11,5.12325666012036e-10,-6.72209608871189e-10,4.70538777152478e-11,2.92809137895447e-10,1.36337085344944e-09,-3.5886811609963e-10,5.23291890019423e-10,5.26915508373629e-10,2.11867122074583e-10,-5.50671615468189e-10,-1.23316063116893e-09,1.09936476396908e-09,-7.11801689805774e-10,9.81454336332637e-10,-6.41256633578874e-10,-5.74569933162765e-10,-4.63980427809506e-10,3.72401567954871e-11,-2.47078524752759e-11,2.94471336648597e-10,3.9590269886613e-10,-2.83096762361749e-10,8.07568440209468e-10,6.78530347303657e-10,7.02103472878423e-10,-7.1737583040807e-11,-3.08470945893392e-12,3.05202076926385e-10,-6.58437959570583e-10,-1.06750378854283e-09,-1.94649532110467e-10,-2.68556373589545e-10,2.40222787512544e-10,-7.49493273981724e-10,-5.33944481386758e-10,3.13500996359603e-11,-4.87216119808744e-10,-1.35400786901018e-10,3.74469754251468e-10,-3.27096243982347e-10,-2.93601307570245e-10,-4.652569406715e-10,1.05602604939986e-10,-2.25369973911315e-10,-6.8711583074093e-10,7.24013847988607e-11,7.23144147819581e-10,2.53125823010873e-10,5.14800081514663e-10,2.84468140747438e-10,3.18281539525282e-10,6.63456820338285e-10,3.92574012428082e-10,-6.31949547006332e-10,1.94651236525185e-10,1.20307377743313e-10,-6.23034722939187e-10,-2.40034568935238e-11,5.30394870509392e-10,4.71816056270569e-10,-1.73353170214856e-10,-4.04351797761152e-10,-9.14918954861433e-10,3.295275415882e-10,-1.44273267615168e-10,-7.23957771524e-10,-2.71319760375364e-10,3.61596992475331e-10,-6.63640605627248e-10,1.90013390023532e-10,5.86260168977771e-10,-1.99430761760871e-10,-7.06119507604448e-10,-1.76978392247824e-10,-3.52386175931936e-10,9.43423189152139e-10,4.12671437094402e-10,-8.72565006164714e-10,-3.69366663018662e-10,-7.35127957633806e-10,-6.47693324355831e-10,-2.09585649866197e-10,-1.37495257664898e-09,-8.72174280768877e-10,4.20752708753291e-10,-2.56358240053824e-10,-7.13865515208402e-10,-5.62724032586235e-10,1.84388661780048e-10,5.11893749896909e-10,-3.29977201474451e-10,-9.46797372691366e-10,2.75317077949338e-10,9.73720661776565e-10,-1.04555285967986e-10,-1.63309695552758e-11,5.89783808116777e-10,4.9847608046526e-10,8.52196613055636e-10,-2.63345903045626e-10,3.80820761643937e-10,6.5817439526134e-12,-6.0112892096958e-10,-3.49587068320756e-10,-4.41957325489738e-10,4.61919022225005e-10,2.12432586628943e-11,2.71012889860606e-10,6.05594952612236e-10,-3.71487077699584e-10,-1.7582895583266e-10,-6.71270404163015e-10,9.11655297930176e-11,8.20071917854247e-10,-7.36275471110581e-10,3.65951768113173e-11,-1.05435085801906e-10,4.12320051411068e-10,-1.69081480808603e-10,5.55822674437618e-10,-6.45541609126843e-10,-1.34968987552854e-10,1.17176893379534e-10,-2.50779788294164e-10,-2.71033816436176e-10,6.57673588315569e-10,-1.61611376197451e-10,-4.12735379466423e-10,1.52624485066783e-10,6.86833733643675e-11,2.37806096407652e-10,-9.53121779265906e-11,-7.62505677182756e-11,-1.4434338264082e-10,5.34798407049863e-11,4.37483222152861e-11,1.16240367746259e-10,4.51329077695019e-10,-1.0577372997406e-10,-8.94165209978627e-11,-2.45834681053807e-10,9.66900755751022e-10,-3.97523037989431e-10,1.92249559199589e-10,-3.08403467217574e-10,5.89112127638935e-10,6.90913212613212e-11,8.98370585606114e-10,-6.76089455895557e-11,9.03219820131495e-10,-3.54627902603012e-10,1.4824558464243e-10,-1.26622756966416e-10,-2.00629446177574e-10,2.02947887086104e-10,-1.40872780840273e-10,8.95257669398099e-10,2.86950036072406e-10,4.89961646725209e-10,7.85834922002557e-10,5.66684371744078e-10,7.89446344384349e-10,5.41436037930368e-10,1.1324268511684e-09,-3.3694513987444e-11,-7.87088473543085e-10,7.7124151798273e-10,2.09868748373458e-10,-8.66505729190004e-11,6.32376043840823e-10,5.5490451724372e-10,9.13747276047599e-10,1.35752967487919e-09,4.00789950404855e-10,-2.03551234761662e-10,-1.7723634163453e-10,6.927620976369e-10,-4.21126523794223e-10,4.89844807993437e-10,2.00732113034323e-09,1.30376293908188e-09,1.35922092128486e-09,1.32026340787959e-09,6.51195457190903e-10,1.09781647971319e-09,6.06396432934166e-10,3.24884472073819e-10,1.40683547381726e-09
