v,0.25
Patm,100000
g,9.81
r,500
G,10^11.44
rho,2400
mu,10^4.55
rc,15
 
M,10^6.3
sigma,0.1
 
tilt_erupt,2.0125nrad
 
-1525,-1524,-1523,-1522,-1521,-1520,-1519,-1518,-1517,-1516,-1515,-1514,-1513,-1512,-1511,-1510,-1509,-1508,-1507,-1506,-1505,-1504,-1503,-1502,-1501,-1500,-1499,-1498,-1497,-1496,-1495,-1494,-1493,-1492,-1491,-1490,-1489,-1488,-1487,-1486,-1485,-1484,-1483,-1482,-1481,-1480,-1479,-1478,-1477,-1476,-1475,-1474,-1473,-1472,-1471,-1470,-1469,-1468,-1467,-1466,-1465,-1464,-1463,-1462,-1461,-1460,-1459,-1458,-1457,-1456,-1455,-1454,-1453,-1452,-1451,-1450,-1449,-1448,-1447,-1446,-1445,-1444,-1443,-1442,-1441,-1440,-1439,-1438,-1437,-1436,-1435,-1434,-1433,-1432,-1431,-1430,-1429,-1428,-1427,-1426,-1425,-1424,-1423,-1422,-1421,-1420,-1419,-1418,-1417,-1416,-1415,-1414,-1413,-1412,-1411,-1410,-1409,-1408,-1407,-1406,-1405,-1404,-1403,-1402,-1401,-1400,-1399,-1398,-1397,-1396,-1395,-1394,-1393,-1392,-1391,-1390,-1389,-1388,-1387,-1386,-1385,-1384,-1383,-1382,-1381,-1380,-1379,-1378,-1377,-1376,-1375,-1374,-1373,-1372,-1371,-1370,-1369,-1368,-1367,-1366,-1365,-1364,-1363,-1362,-1361,-1360,-1359,-1358,-1357,-1356,-1355,-1354,-1353,-1352,-1351,-1350,-1349,-1348,-1347,-1346,-1345,-1344,-1343,-1342,-1341,-1340,-1339,-1338,-1337,-1336,-1335,-1334,-1333,-1332,-1331,-1330,-1329,-1328,-1327,-1326,-1325,-1324,-1323,-1322,-1321,-1320,-1319,-1318,-1317,-1316,-1315,-1314,-1313,-1312,-1311,-1310,-1309,-1308,-1307,-1306,-1305,-1304,-1303,-1302,-1301,-1300,-1299,-1298,-1297,-1296,-1295,-1294,-1293,-1292,-1291,-1290,-1289,-1288,-1287,-1286,-1285,-1284,-1283,-1282,-1281,-1280,-1279,-1278,-1277,-1276,-1275,-1274,-1273,-1272,-1271,-1270,-1269,-1268,-1267,-1266,-1265,-1264,-1263,-1262,-1261,-1260,-1259,-1258,-1257,-1256,-1255,-1254,-1253,-1252,-1251,-1250,-1249,-1248,-1247,-1246,-1245,-1244,-1243,-1242,-1241,-1240,-1239,-1238,-1237,-1236,-1235,-1234,-1233,-1232,-1231,-1230,-1229,-1228,-1227,-1226,-1225,-1224,-1223,-1222,-1221,-1220,-1219,-1218,-1217,-1216,-1215,-1214,-1213,-1212,-1211,-1210,-1209,-1208,-1207,-1206,-1205,-1204,-1203,-1202,-1201,-1200,-1199,-1198,-1197,-1196,-1195,-1194,-1193,-1192,-1191,-1190,-1189,-1188,-1187,-1186,-1185,-1184,-1183,-1182,-1181,-1180,-1179,-1178,-1177,-1176,-1175,-1174,-1173,-1172,-1171,-1170,-1169,-1168,-1167,-1166,-1165,-1164,-1163,-1162,-1161,-1160,-1159,-1158,-1157,-1156,-1155,-1154,-1153,-1152,-1151,-1150,-1149,-1148,-1147,-1146,-1145,-1144,-1143,-1142,-1141,-1140,-1139,-1138,-1137,-1136,-1135,-1134,-1133,-1132,-1131,-1130,-1129,-1128,-1127,-1126,-1125,-1124,-1123,-1122,-1121,-1120,-1119,-1118,-1117,-1116,-1115,-1114,-1113,-1112,-1111,-1110,-1109,-1108,-1107,-1106,-1105,-1104,-1103,-1102,-1101,-1100,-1099,-1098,-1097,-1096,-1095,-1094,-1093,-1092,-1091,-1090,-1089,-1088,-1087,-1086,-1085,-1084,-1083,-1082,-1081,-1080,-1079,-1078,-1077,-1076,-1075,-1074,-1073,-1072,-1071,-1070,-1069,-1068,-1067,-1066,-1065,-1064,-1063,-1062,-1061,-1060,-1059,-1058,-1057,-1056,-1055,-1054,-1053,-1052,-1051,-1050,-1049,-1048,-1047,-1046,-1045,-1044,-1043,-1042,-1041,-1040,-1039,-1038,-1037,-1036,-1035,-1034,-1033,-1032,-1031,-1030,-1029,-1028,-1027,-1026,-1025,-1024,-1023,-1022,-1021,-1020,-1019,-1018,-1017,-1016,-1015,-1014,-1013,-1012,-1011,-1010,-1009,-1008,-1007,-1006,-1005,-1004,-1003,-1002,-1001,-1000,-999,-998,-997,-996,-995,-994,-993,-992,-991,-990,-989,-988,-987,-986,-985,-984,-983,-982,-981,-980,-979,-978,-977,-976,-975,-974,-973,-972,-971,-970,-969,-968,-967,-966,-965,-964,-963,-962,-961,-960,-959,-958,-957,-956,-955,-954,-953,-952,-951,-950,-949,-948,-947,-946,-945,-944,-943,-942,-941,-940,-939,-938,-937,-936,-935,-934,-933,-932,-931,-930,-929,-928,-927,-926,-925,-924,-923,-922,-921,-920,-919,-918,-917,-916,-915,-914,-913,-912,-911,-910,-909,-908,-907,-906,-905,-904,-903,-902,-901,-900,-899,-898,-897,-896,-895,-894,-893,-892,-891,-890,-889,-888,-887,-886,-885,-884,-883,-882,-881,-880,-879,-878,-877,-876,-875,-874,-873,-872,-871,-870,-869,-868,-867,-866,-865,-864,-863,-862,-861,-860,-859,-858,-857,-856,-855,-854,-853,-852,-851,-850,-849,-848,-847,-846,-845,-844,-843,-842,-841,-840,-839,-838,-837,-836,-835,-834,-833,-832,-831,-830,-829,-828,-827,-826,-825,-824,-823,-822,-821,-820,-819,-818,-817,-816,-815,-814,-813,-812,-811,-810,-809,-808,-807,-806,-805,-804,-803,-802,-801,-800,-799,-798,-797,-796,-795,-794,-793,-792,-791,-790,-789,-788,-787,-786,-785,-784,-783,-782,-781,-780,-779,-778,-777,-776,-775,-774,-773,-772,-771,-770,-769,-768,-767,-766,-765,-764,-763,-762,-761,-760,-759,-758,-757,-756,-755,-754,-753,-752,-751,-750,-749,-748,-747,-746,-745,-744,-743,-742,-741,-740,-739,-738,-737,-736,-735,-734,-733,-732,-731,-730,-729,-728,-727,-726,-725,-724,-723,-722,-721,-720,-719,-718,-717,-716,-715,-714,-713,-712,-711,-710,-709,-708,-707,-706,-705,-704,-703,-702,-701,-700,-699,-698,-697,-696,-695,-694,-693,-692,-691,-690,-689,-688,-687,-686,-685,-684,-683,-682,-681,-680,-679,-678,-677,-676,-675,-674,-673,-672,-671,-670,-669,-668,-667,-666,-665,-664,-663,-662,-661,-660,-659,-658,-657,-656,-655,-654,-653,-652,-651,-650,-649,-648,-647,-646,-645,-644,-643,-642,-641,-640,-639,-638,-637,-636,-635,-634,-633,-632,-631,-630,-629,-628,-627,-626,-625,-624,-623,-622,-621,-620,-619,-618,-617,-616,-615,-614,-613,-612,-611,-610,-609,-608,-607,-606,-605,-604,-603,-602,-601,-600,-599,-598,-597,-596,-595,-594,-593,-592,-591,-590,-589,-588,-587,-586,-585,-584,-583,-582,-581,-580,-579,-578,-577,-576,-575,-574,-573,-572,-571,-570,-569,-568,-567,-566,-565,-564,-563,-562,-561,-560,-559,-558,-557,-556,-555,-554,-553,-552,-551,-550,-549,-548,-547,-546,-545,-544,-543,-542,-541,-540,-539,-538,-537,-536,-535,-534,-533,-532,-531,-530,-529,-528,-527,-526,-525,-524,-523,-522,-521,-520,-519,-518,-517,-516,-515,-514,-513,-512,-511,-510,-509,-508,-507,-506,-505,-504,-503,-502,-501,-500,-499,-498,-497,-496,-495,-494,-493,-492,-491,-490,-489,-488,-487,-486,-485,-484,-483,-482,-481,-480,-479,-478,-477,-476,-475,-474,-473,-472,-471,-470,-469,-468,-467,-466,-465,-464,-463,-462,-461,-460,-459,-458,-457,-456,-455,-454,-453,-452,-451,-450,-449,-448,-447,-446,-445,-444,-443,-442,-441,-440,-439,-438,-437,-436,-435,-434,-433,-432,-431,-430,-429,-428,-427,-426,-425,-424,-423,-422,-421,-420,-419,-418,-417,-416,-415,-414,-413,-412,-411,-410,-409,-408,-407,-406,-405,-404,-403,-402,-401,-400,-399,-398,-397,-396,-395,-394,-393,-392,-391,-390,-389,-388,-387,-386,-385,-384,-383,-382,-381,-380,-379,-378,-377,-376,-375,-374,-373,-372,-371,-370,-369,-368,-367,-366,-365,-364,-363,-362,-361,-360,-359,-358,-357,-356,-355,-354,-353,-352,-351,-350,-349,-348,-347,-346,-345,-344,-343,-342,-341,-340,-339,-338,-337,-336,-335,-334,-333,-332,-331,-330,-329,-328,-327,-326,-325,-324,-323,-322,-321,-320,-319,-318,-317,-316,-315,-314,-313,-312,-311,-310,-309,-308,-307,-306,-305,-304,-303,-302,-301,-300,-299,-298,-297,-296,-295,-294,-293,-292,-291,-290,-289,-288,-287,-286,-285,-284,-283,-282,-281,-280,-279,-278,-277,-276,-275,-274,-273,-272,-271,-270,-269,-268,-267,-266,-265,-264,-263,-262,-261,-260,-259,-258,-257,-256,-255,-254,-253,-252,-251,-250,-249,-248,-247,-246,-245,-244,-243,-242,-241,-240,-239,-238,-237,-236,-235,-234,-233,-232,-231,-230,-229,-228,-227,-226,-225,-224,-223,-222,-221,-220,-219,-218,-217,-216,-215,-214,-213,-212,-211,-210,-209,-208,-207,-206,-205,-204,-203,-202,-201,-200,-199,-198,-197,-196,-195,-194,-193,-192,-191,-190,-189,-188,-187,-186,-185,-184,-183,-182,-181,-180,-179,-178,-177,-176,-175,-174,-173,-172,-171,-170,-169,-168,-167,-166,-165,-164,-163,-162,-161,-160,-159,-158,-157,-156,-155,-154,-153,-152,-151,-150,-149,-148,-147,-146,-145,-144,-143,-142,-141,-140,-139,-138,-137,-136,-135,-134,-133,-132,-131,-130,-129,-128,-127,-126,-125,-124,-123,-122,-121,-120,-119,-118,-117,-116,-115,-114,-113,-112,-111,-110,-109,-108,-107,-106,-105,-104,-103,-102,-101,-100,-99,-98,-97,-96,-95,-94,-93,-92,-91,-90,-89,-88,-87,-86,-85,-84,-83,-82,-81,-80,-79,-78,-77,-76,-75,-74,-73,-72,-71,-70,-69,-68,-67,-66,-65,-64,-63,-62,-61,-60,-59,-58,-57,-56,-55,-54,-53,-52,-51,-50,-49,-48,-47,-46,-45,-44,-43,-42,-41,-40,-39,-38,-37,-36,-35,-34,-33,-32,-31,-30,-29,-28,-27,-26,-25,-24,-23,-22,-21,-20,-19,-18,-17,-16,-15,-14,-13,-12,-11,-10,-9,-8,-7,-6,-5,-4,-3,-2,-1,0
-4.72785997399513e-11,1.34061420300875e-10,9.45124889549042e-11,6.37746463252809e-11,1.79059294492792e-10,-4.95981555689666e-12,4.55798805293967e-11,1.14802671782093e-10,-1.89497600202075e-10,-4.67489397531007e-12,1.13888070741803e-10,3.43940277035721e-11,1.4696242596173e-10,-5.61226279191597e-11,-4.64113269862814e-11,-1.21887011068843e-11,3.35669604029657e-11,1.82307801365236e-11,4.457281491246e-11,6.48583337130615e-11,-2.74833602246257e-11,-7.81966504220644e-12,-1.57089108090563e-11,-6.9268499694912e-11,-1.12253008917553e-10,9.94038687138116e-11,-1.67970890823145e-10,2.31552696610631e-10,2.887604830772e-10,1.15206330009586e-11,-1.80301040447132e-10,-1.61000285921617e-10,-1.16957018109828e-10,8.69721008804056e-11,8.00480426939431e-11,-1.62234721494232e-11,1.61475719230315e-11,-1.71633894845194e-10,8.10002088410074e-11,-1.72876552911472e-10,-1.74590168629714e-11,-1.32032689210098e-10,-1.2079025356874e-10,5.83344167145995e-11,-1.36225768804946e-10,-9.15407849656216e-13,3.93494357101116e-11,1.82881645060386e-10,-2.10576265941836e-11,1.16999854847941e-12,1.30574100444043e-10,-6.61486778700214e-11,-4.32813904206165e-12,-1.06403242390119e-10,-4.79492048406972e-11,1.29372077335958e-10,5.79171636303845e-11,4.22912411814355e-12,-3.81730115899563e-11,-4.93441585913299e-11,2.6550599985257e-10,-2.55403426335026e-11,-1.02110566190903e-10,-1.40388921158227e-10,3.25187901921631e-10,3.56890029782412e-11,-1.82690269238564e-10,1.25587993557598e-10,1.48410525593936e-10,5.90744832352719e-11,-2.46971158915553e-11,-4.51920492134496e-11,-6.29772386392813e-11,-8.03579645745229e-11,-5.57794987273444e-11,-4.60822323646459e-11,-4.46704517697701e-11,3.80402306840347e-11,7.81271691627129e-11,1.57481018595041e-10,1.00931937028642e-10,-5.87739482539912e-11,-1.25514288269499e-11,2.1779046937443e-12,6.59355854939453e-12,-1.96048796624466e-10,-9.06066084298681e-12,-8.48264238168239e-11,-3.97441499875275e-11,1.50053877554028e-10,-1.22203726085443e-10,-4.2765425370793e-11,2.47853732443945e-11,-1.78931436769957e-11,-2.02647642825608e-10,-4.22501457311013e-11,1.48922177824403e-10,-1.820393283013e-10,-1.33821453868965e-10,-2.09618658925897e-12,-1.32497586691664e-10,-4.59524412632956e-11,6.71767338752467e-12,8.23778476943691e-11,8.86956622470984e-11,7.46527181845901e-11,-1.08954181382541e-11,-7.0886230414977e-11,9.65714462632548e-11,2.03748257369236e-11,-3.8416750110628e-11,1.74077888028522e-10,-8.64095302644108e-11,7.01850997652709e-11,-2.37740455461677e-11,7.2255015779306e-11,-2.3307839489786e-10,-6.23406498965545e-11,1.03222171273076e-10,1.71653006336505e-11,-9.04339650901368e-11,2.69342662731858e-11,1.25610671092886e-11,1.04753445979801e-10,6.99121213138889e-11,3.97296418049191e-11,-1.881150520109e-10,-1.94977538017831e-10,8.03330468003194e-12,3.18312605498726e-11,7.78193431574437e-11,1.4478750904559e-10,-2.61509831131308e-10,4.22998595678365e-11,1.31052779828949e-10,7.47430753994947e-11,-1.07604022545007e-10,-1.88813247273964e-10,7.73084995935676e-11,-4.9488551498486e-11,9.3296567341563e-11,-3.66615078664045e-11,-3.44763048708674e-11,6.41286625995035e-12,-7.52272091087231e-11,1.74511445603959e-10,1.38444323108331e-10,-2.0148435001211e-12,9.70634625243318e-11,1.88493033107618e-11,-2.32122919175772e-11,1.3888301477475e-11,1.6247989694791e-10,-1.26966967999759e-11,1.10644829016899e-11,1.22042853023092e-10,1.33571490846823e-10,5.56955613714308e-11,5.48910985499264e-11,4.46956387286894e-11,-1.41809193846216e-11,1.36275554721732e-10,-1.0913844939308e-10,-1.76725138251397e-10,-2.89913505092941e-11,1.82818695762006e-10,1.57680060256241e-10,-3.45645387121301e-12,2.16291876505763e-10,-7.77816577321103e-11,1.12746650974598e-10,-8.91926087129698e-12,-9.60814945827732e-11,4.28404470759391e-12,1.09238050649315e-10,1.83454446463387e-10,-6.88726125711029e-11,1.7042741009229e-11,4.22960600841317e-11,1.30730510381822e-11,-3.51463576212151e-11,-5.01710736351843e-12,-6.97565619701702e-11,2.79934775163561e-11,-2.47999808893265e-10,-1.72675548915231e-10,-6.49860848960057e-11,1.00151479686077e-10,9.09710481875563e-11,1.01815601949823e-10,4.03938365904722e-11,-8.9547479115195e-11,-5.1641398304908e-11,-1.45302145006392e-10,-1.70118690694386e-11,5.58545727496376e-11,5.73012066067142e-11,7.17110941438721e-11,-4.89427261181042e-11,-5.32379008631762e-11,-1.23619051114613e-10,-1.24628420787579e-10,-1.06171279610138e-10,-3.47185890809937e-12,-4.07062232159012e-11,-6.90439374799349e-11,-1.30602907166305e-11,6.08064798579407e-11,-1.56647037142346e-11,5.16820801238983e-13,5.61794179041276e-11,1.98940437753496e-10,-1.08602687071658e-10,5.30231475678604e-11,-4.37606941401307e-11,-6.16789404534228e-12,-1.03445334762931e-10,-6.31796933727275e-11,-7.27019024785059e-11,7.39300095448344e-12,3.77126332559627e-11,2.60689151275224e-12,1.00242961033013e-10,-1.23146801747476e-10,1.47893662420198e-11,1.10705250024169e-10,-5.43671120216225e-11,-2.07950572462005e-11,-8.94305367237418e-11,1.65475844202766e-10,-4.3508950158286e-11,3.27652766787375e-11,-1.18441779806628e-11,5.77204192090678e-11,8.78088493065471e-11,-1.21224983820274e-10,-2.81174893326031e-11,-5.74851573367853e-11,-4.75295628110691e-11,9.5139133120042e-11,1.01587330581938e-11,-4.87179854501326e-11,-1.22424815039972e-10,-1.82288245446847e-10,2.90812027114367e-10,-3.92805335731737e-11,-1.37389779804723e-10,-9.98037047107284e-11,-2.63056430362976e-11,-9.32204282247493e-12,3.652238163683e-11,-9.8411577136731e-11,-1.79921798462236e-10,-1.20891690240424e-11,-6.60834864328779e-11,-6.32165028174115e-11,-3.41285225272918e-11,8.40665872462969e-11,-5.02369924328951e-11,-9.21900862154006e-11,2.80616473440526e-11,-6.71319773204802e-11,-6.5956006737912e-11,-1.14500611460748e-10,-1.45344183632415e-10,-1.40949304490146e-11,-9.47945726156118e-12,-1.88726870226993e-10,6.24512494905101e-11,-1.83990226345904e-11,-2.46064657756208e-10,-3.75919826608365e-11,2.73993179617046e-11,-4.0864443498734e-11,9.91255825415028e-12,-2.49959460344281e-10,-1.99693244559555e-10,-7.7893963489676e-11,-7.12543615437486e-11,9.45321338430956e-11,2.95351095723913e-11,-1.18734682790107e-10,-3.1584284185757e-11,8.42631645847325e-12,-8.96279263068775e-12,-7.73499705339696e-11,-4.01024697457779e-11,-1.25115670557895e-10,-1.10904096431208e-10,7.36561756551638e-11,7.38033667067276e-11,-4.63147115576578e-11,-6.77901013299661e-11,8.54023806796134e-11,-6.05918015084276e-11,1.07732166349246e-10,4.7769103306323e-11,1.37328492027662e-10,7.23469967962363e-11,-6.54702508487328e-11,1.36520574692351e-10,-9.13185270076012e-11,-4.69342633407187e-11,2.08508865603253e-11,-2.04615605471308e-10,-1.76387649881719e-10,1.02833288374395e-10,-3.57404301723591e-11,-1.98702353045799e-10,-7.61807826833475e-11,-1.04047115395163e-10,9.04716971714381e-11,1.26663046077264e-10,-1.1821806502568e-10,4.03968642375107e-11,-1.02288616955503e-10,1.16174947000556e-10,7.08073457826408e-11,-1.569858624226e-10,-4.94781709849663e-11,-1.03284295822466e-11,8.71493140594855e-12,1.26771280064709e-10,5.95288626620789e-11,-8.18165133756823e-12,-7.41231906460183e-12,-2.0100528803536e-11,-6.37910092739441e-11,-5.55975624899578e-11,-2.61861552627456e-11,-5.62070113365741e-11,7.05832644260669e-12,-4.43781372633997e-11,-1.65678866911067e-10,-9.81927692693638e-11,-9.76723395488024e-11,-5.43933602879569e-11,-1.37706068437878e-10,-2.25877309755734e-11,-5.75272631394378e-11,-1.08696113175293e-10,-5.07132962134888e-11,-3.49555666648867e-11,-2.4124680453057e-10,1.53378578162536e-10,-1.23265124369454e-10,-6.70332863089172e-12,-1.044078141419e-10,-2.21817848042464e-10,1.62188520203042e-10,2.55770911149151e-11,-3.32022149263665e-11,-2.50145950433721e-10,-1.60112806342254e-10,-1.47681773632585e-10,4.26638767220025e-11,-1.32116131064289e-10,-7.63569396330094e-11,-5.36677996909865e-12,-9.07647059578511e-11,-6.10202860186728e-12,-8.21241528375318e-12,2.49684394907916e-11,2.51908269265598e-11,4.76992534076007e-11,-3.99829922382342e-11,9.17608916426632e-11,5.19694424600897e-13,1.40689484749744e-10,-8.08990790041938e-11,-1.0234860901927e-10,4.24186517490141e-11,-9.84917447872211e-11,-8.8216351363916e-11,-1.88557676915843e-10,-1.31197039588862e-10,-1.65490317557764e-10,1.28786956379986e-11,-3.57642121910008e-11,-7.72462095619395e-11,-3.88952377711204e-11,1.74433901370637e-10,-1.11505834221696e-10,8.97586556310001e-11,-6.63748538175677e-11,1.89272705577879e-11,-8.87582096619305e-11,2.09045918811187e-11,-1.08508580494334e-10,-1.04205315322872e-10,-3.46292871812015e-11,2.09945806468612e-12,4.72415202537647e-11,1.17921441520483e-11,2.72966400628437e-11,-6.55266734360434e-11,1.10805523717917e-10,-9.6971530463004e-11,-5.33003235446429e-11,-3.87868601191891e-11,-3.33368389990622e-11,-8.48549212831808e-11,1.88918124570675e-10,-6.30535524978319e-11,-2.95969928167234e-10,-3.89875088858439e-11,-1.33913293657263e-11,-3.33965511137548e-11,1.91581181276601e-11,1.86934847169376e-10,2.36569113488922e-10,-1.6788702178385e-10,8.185478704422e-11,3.53427548936073e-11,-8.53698272927916e-11,-1.6178319326465e-10,-7.8969401294743e-11,-1.72445274056299e-11,-2.8937144114015e-11,-1.36229252932946e-10,-1.72693234209893e-10,-1.35892001640577e-10,-9.95924787280444e-11,3.23439211370946e-11,-8.99892852025122e-11,8.03050124845802e-11,-1.06710778530096e-10,-1.18404555067446e-10,-1.7090515956638e-10,4.82218852471087e-11,-9.6687814393994e-11,3.29840971411131e-11,6.22487786184614e-11,2.15222221116735e-11,1.5188735404731e-11,1.51566874752559e-11,-2.86404385439539e-11,1.85459268435764e-10,-4.98979935243421e-11,-1.0400230252497e-10,3.89095858086191e-12,1.05856595966145e-10,-3.4148603569732e-10,-1.50282537674018e-11,3.53515561697042e-11,-3.26408988885633e-11,-1.87987466373935e-11,9.85028543369567e-11,-1.16074250014243e-10,-1.10656016413742e-11,-1.36033255101893e-12,-1.62701795509297e-10,-7.69795145753421e-11,3.63730089218703e-11,-6.63407286828802e-11,1.56505652686407e-11,7.68764055010874e-11,-1.5586291799936e-10,-2.14408924540937e-10,8.05586194165288e-11,2.17133386672857e-11,3.19381856938467e-11,-8.83702728114801e-11,7.52382923386957e-11,-8.44448704010971e-11,-7.20072290308819e-11,9.25482766602729e-11,2.03609813662962e-13,1.33875768163975e-10,-1.23490571983388e-10,9.1205765652407e-11,9.45983275653398e-11,4.90323931808736e-11,-1.01258591941582e-12,-1.26916702967608e-10,-1.37268651566053e-10,-3.38613745236415e-11,4.64480293538249e-11,-6.56188564443622e-11,1.38160067742369e-10,-7.58920062051846e-11,-8.48045241740992e-11,-3.83473720497921e-11,3.24244751052029e-12,-6.99657343351638e-12,-1.04225493827682e-10,-1.50024520816402e-10,-3.64442259153835e-10,-1.55089290007486e-10,1.27567834841843e-10,6.19767260052841e-11,-1.00466889723434e-10,-8.28164660286733e-11,-5.4927439532253e-11,6.68962208476009e-11,-2.26075702242934e-10,-3.85685664089707e-11,1.74718259883242e-10,1.04770881168293e-10,3.5730950077358e-11,-4.79397753454875e-11,1.01828117402682e-10,-1.14912492897398e-10,8.55543619884791e-11,-3.66878665675524e-11,9.12498285538636e-11,3.59508420031903e-11,-4.80295984733681e-11,3.31697264204426e-14,2.44733984067301e-10,-1.62913464899833e-10,-2.064260957076e-10,2.4839010074679e-11,-7.34548898257364e-11,6.27210225155429e-11,-2.66439653161834e-11,2.64954422223507e-11,-2.45510274098954e-11,1.33338805686326e-11,-1.06936734405858e-10,-8.50009728140628e-11,-7.98331330205421e-11,-6.80021748899611e-11,-1.17372643673154e-10,-1.33547487575719e-10,1.72410100189606e-11,-1.5824166982425e-10,-1.07014590302021e-11,-1.74306715041314e-10,-9.45522555951534e-11,1.56063065447375e-10,-3.06853099660744e-10,-5.59766695965788e-11,-4.99842043728894e-11,-9.08167468327959e-11,-2.08026281688898e-10,-1.40485253561673e-10,-1.80973033606883e-11,1.41825054621343e-10,6.43356161298396e-11,-4.23320357273958e-11,-1.06361100468028e-10,-6.15136959584539e-11,-8.90920607554516e-11,-1.19471568582047e-10,-9.880945585486e-11,-2.00031507030067e-10,-2.40099382491776e-11,-1.70888473583483e-11,1.19503671645715e-10,-6.75033908380549e-11,4.64891735196975e-11,-8.32427996588514e-11,-1.38128294581357e-10,9.65437770212481e-11,-2.38810981394313e-11,-1.58415938596892e-10,-1.49437091569295e-10,-9.22450135398336e-12,-5.73555239962258e-11,-1.64777811797542e-11,-1.1603791473368e-10,-1.24345248952266e-10,-3.67692242167867e-11,-5.81066717209274e-11,8.27605360787895e-11,-5.68876905794761e-11,2.57725191625948e-10,-1.52352958324953e-11,-1.17911865532994e-10,9.56920949474503e-11,-1.01982811737929e-11,-2.02983814220353e-10,-4.44172692898137e-11,-1.4823956920511e-10,1.56214731464145e-12,1.73724766481447e-10,-7.99788521318768e-11,-1.04101545082161e-10,-3.14479151597744e-11,-1.03572798417989e-10,2.05723634740504e-11,1.4561637046632e-11,1.6590124660368e-11,5.99650712867606e-11,8.21402126742725e-11,1.97921320486314e-11,-1.94994089750526e-10,-3.6020241049685e-11,-7.8010819842082e-12,-9.20074201519338e-11,-8.60879314617473e-11,-8.02736839089093e-11,-1.75362463880969e-10,1.56268242805341e-10,1.18494570460851e-10,6.28507682101465e-12,-5.74884862512026e-11,-9.64171077694573e-11,-2.10184207248951e-11,6.82869770216218e-11,-1.26223356787291e-10,6.98535030535059e-11,-8.80659749409749e-11,-8.56650856556205e-11,-8.53483714159611e-11,8.23977108312396e-11,-8.31466638806931e-11,-2.17030896393282e-12,-2.32287249373589e-10,-1.17042132873511e-10,-1.78228783018191e-10,-4.55164988314533e-11,6.38373487013304e-11,-6.90343397563583e-11,-1.32384339633445e-10,-1.57634701553858e-10,-5.593765944227e-12,-1.42035896422991e-10,1.99029798495339e-11,1.43687741176005e-10,-8.28000631407024e-12,-1.90029651435206e-11,-6.46982972007981e-11,-9.32290724171101e-11,-1.98023439208557e-11,-4.91737562479954e-11,1.30792786318936e-11,-9.29279475796164e-11,-1.28592093535339e-10,1.68608983572317e-11,7.29121904392288e-11,-6.37911008425915e-12,-5.50761581308633e-12,2.88267069187166e-11,4.13444414209663e-11,-5.5822370292449e-11,5.61214568352668e-11,9.78204292834252e-12,-1.30818638040686e-11,-3.23832592913087e-11,-5.56513830879777e-11,-1.3800496522011e-10,-2.63976816202949e-10,-6.13680125170056e-11,6.80169432472374e-11,-2.51245242333775e-10,-6.01319608344299e-12,1.30093597362578e-11,-1.51545843116667e-11,2.94043292236076e-11,-9.41725972429847e-12,-9.86402576321862e-11,-1.76843161420966e-10,-8.19433876195564e-11,-1.19976853961875e-10,-1.40431335484006e-10,-3.25029014964612e-11,-1.80334357596888e-12,-1.21910119623607e-11,-8.10421715019828e-11,-7.91663003004029e-11,4.01534926754026e-11,-5.76666503395713e-11,1.18581771613493e-10,-4.00172697892521e-11,-5.99685132734058e-11,-9.17095920259473e-11,-1.30150507088511e-10,-7.53597466405544e-11,-1.18669705023687e-10,-1.96804869916651e-10,-8.41166062019106e-11,-1.686415305392e-10,-1.19862325948514e-10,7.5768004248182e-11,-2.03226930338881e-11,-6.26402629203997e-11,-2.29424584893513e-11,-1.97015903050392e-10,-3.70680586999395e-11,5.18338181942629e-12,-1.82963325825399e-10,-3.26752909408683e-11,-1.34591320855223e-10,5.27202811385651e-12,-1.65716964231546e-10,3.48675435471151e-11,-1.44481103047212e-10,-5.49371622923914e-11,-1.17287196402833e-10,-1.84755402325455e-10,1.3207058629913e-11,-1.53105981611934e-10,7.10165549577732e-11,1.7246348124674e-11,-2.48592387451337e-10,-2.0494469138897e-10,-8.1420404878547e-11,1.16620915636584e-10,3.3833514133097e-11,-1.37537044580377e-10,-8.73143949666537e-11,-2.0859439243624e-10,-2.92303006961579e-10,-1.46000994312243e-11,7.97145102164361e-11,-7.11944479363476e-11,-1.09126318435546e-10,6.07405041317626e-14,-2.47843511011331e-10,-1.14218476894656e-10,-2.51088179337948e-11,-1.46389843485757e-12,-7.06334595173383e-11,-2.23430810343383e-11,8.81899633417329e-12,7.39185964467893e-11,-6.65509942195287e-11,-1.04395090799131e-11,-8.40599103072487e-12,1.5970369732867e-11,-7.16657295645077e-11,9.82198684846984e-11,-1.91465873546282e-10,1.59223310063541e-11,-2.59508412320736e-11,-1.26487607049145e-10,1.02221501207157e-10,9.20026115118562e-12,3.26894328344751e-11,-9.12500386605495e-11,-5.5584403457328e-11,-9.10517361218507e-11,-3.09248790420361e-11,-7.34522018339321e-11,-7.03507280594036e-11,-2.23089902869056e-11,-2.63576591496958e-10,2.17190573713904e-11,-2.55015818913795e-10,-1.0925382641397e-10,-7.159910460839e-11,-9.5365380140325e-11,-1.0666813972826e-10,-1.13283774993972e-10,-2.96720866615696e-10,-1.47372852531219e-10,-4.1918200122393e-11,-4.97589259892724e-11,1.12993575523436e-10,2.89501049953783e-11,-7.07366991778834e-11,-3.56227798906084e-12,-1.4832005702822e-10,-1.93802362724919e-10,-6.821089705433e-11,-2.37384702766686e-11,-1.52923740796303e-10,-1.53213286062489e-10,-1.25961948029711e-10,1.53094339064643e-11,-2.61087138586669e-11,-1.39749560481983e-10,-7.13132257192188e-11,-2.23789696830523e-10,1.07244395824209e-11,-1.2804073757146e-10,1.24051137278048e-12,-1.09325057078616e-10,-8.23385699368889e-11,-3.64490657816133e-11,-4.97261700258204e-11,-1.58210387493458e-10,1.60505418800143e-10,-1.52174898400349e-10,-3.49063843512855e-11,8.64571139905791e-12,-1.38316966792869e-10,4.44518896948297e-11,-3.79355628399142e-11,-9.703926000825e-12,-7.12515134200001e-12,-3.6941174744119e-11,-1.05386543792431e-10,-1.24815138745204e-10,-2.24388424989869e-10,-1.02078045876933e-10,-1.0022889776974e-10,-9.22147663632795e-11,1.06001389495139e-10,-8.23511080048331e-11,-1.143276246424e-10,-8.6417763442262e-11,9.15523968862992e-14,1.2172090835755e-11,1.5157115833475e-12,-1.91876605500366e-11,-5.76414649654787e-11,-2.57766284913336e-10,-5.97855240010036e-11,4.15549067087597e-11,-6.26206276637728e-11,-1.73860353676288e-10,-1.78632560385883e-10,-7.12780313758547e-11,-3.64869781619064e-11,-7.1339252819935e-11,6.32231493335063e-12,-1.00463722479216e-11,-2.0986755922632e-10,-1.50491118969847e-10,9.9447085083107e-11,-6.92866569981742e-11,-1.19048287501314e-10,-4.15126734302199e-11,-1.51504958969672e-10,-2.33638592065557e-10,-6.47238358082704e-11,-1.66053503812493e-10,-2.37838288087859e-10,-2.06921398256894e-10,-1.05567928760287e-10,-1.21184496372888e-10,1.32799903844912e-11,1.05756984040481e-10,-8.33680104904975e-11,3.8150775968956e-12,-3.19842668347049e-10,-7.565773160922e-11,8.83257694640291e-11,-3.14826252942498e-10,-1.93886296528309e-13,-8.74720064517728e-11,-2.595342460228e-10,-8.01681658706541e-11,-8.19780425196936e-11,2.34922476855544e-11,-1.50636840887277e-10,-1.81946116396887e-10,-1.29536899571014e-10,8.61470538565491e-11,-1.40204591916465e-10,-1.427256662163e-10,-2.45591319472401e-11,2.79532332531823e-11,-1.34672689274871e-10,-1.52595392351843e-10,-1.04690865455087e-10,9.05222594555017e-12,4.6063320037479e-11,-1.6817960920542e-10,-1.75667283548465e-10,-1.63803938911335e-12,-1.96709277151161e-10,-1.57773769735561e-10,4.35863773317742e-11,-9.83863949842126e-11,-4.5086945746592e-11,-3.39032889666716e-10,-1.68923330745867e-10,-1.7380294078845e-10,-1.04698116451239e-10,-1.05382647084084e-10,-4.88255404458399e-11,5.17485711556215e-11,-3.09540041682515e-10,-2.41219126859057e-10,-6.52473198144823e-11,-5.04274161176165e-11,-1.73795080519665e-10,-6.66091279826183e-11,-1.55285797319945e-10,-4.46528839634701e-11,-1.0988766472109e-10,-1.48693885969599e-10,-3.24584437425529e-10,-9.61969574773955e-11,-6.70033742680115e-11,-6.62830830381473e-11,-7.81856327879928e-11,1.41954439381829e-10,-5.64038355482021e-11,-6.7698250499884e-11,-1.75511210635587e-10,-2.40301764222026e-10,-2.85833367965849e-10,-1.04505724301499e-10,-8.07682003621171e-11,-3.49135000342147e-11,-5.70482886779422e-11,-1.67900565739242e-10,3.08331109788688e-11,-2.15681422116638e-10,-1.25695929279311e-10,-1.18929994114609e-10,-1.52501941981304e-10,-5.97283383219735e-11,-1.84941492601842e-10,-2.23474370577171e-10,-1.4505395844673e-11,-2.71271476404642e-10,-1.08454826361055e-10,1.10262324090726e-11,-1.3598946029427e-10,-1.78447492083803e-10,-8.0886835629504e-11,8.54914995497736e-12,-2.13747400053587e-10,-2.07445496189255e-10,-1.33218740142135e-10,-3.60819341227062e-11,-1.43603226211569e-11,-2.91676966258288e-10,-1.2437082791095e-10,-6.98866524327564e-11,-3.34792145111209e-11,-1.74376045396721e-10,5.73419961311228e-11,-1.7085675701628e-10,-2.52890772453983e-10,-1.96968637224707e-10,-2.13645319667001e-10,-1.01761179309025e-10,1.71292718647678e-10,-1.00617507835192e-10,-1.39822563513271e-10,-1.34719352781946e-10,-3.22725403317213e-10,-1.40345707445081e-10,-9.62735789085808e-11,-2.21538998746646e-10,-9.27468232090799e-11,-3.44068108433023e-10,-5.32776426107827e-11,-2.15891857105304e-10,3.94935708929288e-11,-7.58250235683347e-11,-4.28883020149707e-10,1.35909681925285e-11,-1.9608640919967e-10,-1.09691558871833e-10,-3.19385797471538e-11,-3.66987614402515e-10,-2.46915891130603e-11,-1.6727525273192e-10,-6.52105005974347e-11,-2.81560828844435e-10,3.67084553493802e-11,-1.95008078191818e-10,-1.66287336719944e-10,-3.07698768861978e-11,-1.88951123853924e-10,-8.17238255894275e-11,-2.47606904933348e-11,-5.76501110219705e-11,-1.83196298619087e-11,-1.01300098566968e-11,-7.89882898653244e-11,-1.36775452986893e-10,-2.31474438878009e-11,-2.04927699154967e-10,-1.40329671182544e-10,4.36366381553232e-11,-1.99215089721576e-10,-1.90159826893279e-10,-1.25671589916171e-10,-9.80133148776727e-11,-1.27461591959346e-10,-1.66969894102552e-10,-7.55577716719903e-12,-1.35172879316863e-10,-1.59545820763655e-10,1.95393296411986e-11,-2.59948210315048e-10,-2.17110663414004e-11,-1.91847997464643e-10,-6.96980526090509e-11,-3.17798346117547e-10,-8.9559360109585e-11,1.34429523299954e-11,-1.85088933199154e-11,-5.11817233078348e-11,-1.85634662306702e-11,-7.95608403301087e-11,-1.57115743846383e-10,2.62594086742466e-12,-1.41510734755344e-10,-2.6580064561805e-11,-7.14752248305561e-11,-9.26648240904419e-11,-3.05180339201112e-10,-1.60233663573549e-10,-1.76374323766191e-10,8.55257968971158e-12,-1.39659115093741e-10,-3.67696341602027e-11,4.79605589335363e-11,4.04454936972035e-11,-1.65830682009023e-10,-1.36708963522226e-10,-1.10818322370164e-11,-1.83082587995696e-10,-2.76636202004612e-12,-1.3134297824301e-10,-1.48991999798512e-10,-1.51733578789424e-10,3.88227675455654e-11,-1.10296477153301e-10,-3.23332120080504e-10,1.6232826862914e-11,-2.49322968454726e-10,-2.42608511187096e-11,-1.4381525154077e-10,2.80554466762825e-11,-7.13615627028134e-11,-2.96146702617505e-12,-1.54230795579774e-10,-1.84623233900989e-10,-1.36372683506908e-10,-2.16708113528674e-10,-2.88353018684679e-10,-9.82212465648632e-11,-1.25349012060215e-10,-2.06550930899129e-10,4.25170377579528e-11,-9.85095813088825e-11,-1.25653397364507e-10,-3.25172225376469e-10,-2.88324639389457e-10,-2.24797832806462e-10,-1.68796358972634e-10,-2.55586816674851e-11,-7.9657125754515e-11,6.22242667073716e-12,-3.41293781250791e-11,-2.09393195643005e-11,-2.98635236161219e-11,-6.14983991325116e-11,-1.83974045243401e-11,-3.17723299027774e-10,-8.70121644591784e-11,-9.29602814507573e-11,-2.20180158767548e-10,-1.45396257161839e-10,-1.71229441511152e-10,-2.51116240480252e-10,-2.31883193906798e-11,-1.62495271760394e-10,-2.74984177840208e-10,2.19535478860972e-11,-1.2592155265096e-10,8.89630448286108e-11,-9.73242957368096e-11,-1.45547486321635e-11,-1.2889150874059e-10,-1.00469414619179e-10,-1.17705268126748e-10,-2.07141654029451e-10,-2.43836923859675e-10,-2.47476510547333e-10,-3.31660375772699e-10,1.61190338271271e-11,-1.06765998140991e-10,-1.82064972963536e-10,-1.78650064405257e-10,-1.33926831041858e-10,-4.80454820471569e-11,-1.78809551569259e-10,2.23361707631531e-11,-1.95148466404065e-10,-1.75297663436605e-10,-1.23937301427634e-10,-4.49213597302996e-10,-2.84117985820052e-10,-2.14105327969418e-10,-1.92896972570046e-10,-4.24309447112407e-11,-1.813191457714e-10,-1.90093220417631e-10,-1.45984939779633e-11,-1.87950160610869e-10,-1.97217516037737e-11,-1.00681850232806e-10,-3.26845925441995e-12,1.85795437390193e-11,-2.90743899461091e-11,-1.67295829393776e-10,-1.63763103815872e-10,-5.96635832808377e-11,-1.4940445017185e-10,-1.37293738470254e-10,-5.91480599576496e-11,-3.33783558603339e-11,-2.26054609223657e-10,-2.03469408035997e-10,-4.5179450011904e-10,-2.68683782353397e-10,-2.10990164761984e-10,-8.65438927653381e-11,-1.98155395982647e-10,-1.99692129267548e-10,-7.83595641096975e-11,-1.57921207822507e-10,-2.2138275351308e-10,-1.19219481438709e-10,-8.01474549585244e-11,5.82918333290835e-11,-2.14064677814614e-10,-1.05423218854659e-10,-2.53852328314058e-10,-2.36923945489175e-10,-1.24831990529803e-10,-3.88967160737629e-11,-1.87648340323836e-10,-1.09307544064522e-10,-1.20146988852506e-10,1.02370781342871e-10,-1.59246121555734e-10,-1.76721614404929e-10,-2.14453446275404e-10,-3.74002609053061e-10,-2.80411695421307e-10,-1.91437179120243e-10,-1.87230496524629e-10,-3.73269978418458e-11,-2.25116083759145e-10,-1.98827850736844e-10,-2.05686043522365e-10,-2.81541343804888e-12,-1.87462589452289e-10,-1.06800580135571e-10,-1.37205757622899e-10,-9.9474246197813e-11,-1.96999823086359e-10,-2.43046953158253e-10,-3.03353324433803e-10,-1.65292577785341e-10,-1.6098059232341e-10,-3.36120656081744e-10,-8.59986869801815e-11,-1.09131240420546e-10,-2.29384994435236e-10,-1.08521357117411e-10,-1.16647248148988e-10,-1.58557262748381e-10,-1.90263469265493e-10,-2.08207261057792e-10,-2.48739912698205e-10,-7.40749474094981e-11,-3.8588309453982e-10,-2.605414900549e-10,-4.380965306891e-10,2.27750840743272e-11,-2.44226397046592e-10,-1.28324546949895e-10,6.10310234446732e-11,-5.03796982133623e-11,-3.02648798138757e-10,-2.59047781939392e-10,-2.35924796451522e-10,-1.49817364710089e-10,-1.8610039624414e-10,5.31582329367822e-11,-1.45126896338704e-10,-2.92745773365957e-10,-4.19478695009779e-10,-2.38608707919033e-10,-7.14964963755534e-11,-1.30156254972242e-10,-2.33123535312658e-10,-2.70995282482433e-10,-3.21896677634391e-10,-2.62666743779045e-10,9.84985050712735e-12,-2.13634919922715e-10,-2.50547626604533e-10,-1.79917062451651e-10,-2.86096699688112e-10,1.50847177795862e-11,-1.38611642970595e-10,-1.25758111250581e-10,-3.5539269106745e-10,-1.30502798202479e-11,-1.3187505995028e-10,-1.86032619642436e-10,-2.46466114311505e-10,-1.34972119616875e-10,-3.86159877218389e-10,-2.76850380631656e-10,-1.30904054544934e-10,-3.5814765462512e-10,-1.97836893342116e-10,-1.87369750097036e-10,-2.45324419510053e-10,-2.61298996060386e-10,-2.3150156645446e-10,-3.25250902027617e-10,-4.02511621211488e-10,-3.54940414221852e-10,-2.73531867135158e-10,-1.44305856008601e-10,-8.40151399619074e-11,-1.60925576823408e-10,-2.7641510302385e-10,-3.02438657616393e-10,-4.03394830400472e-10,-2.44391366708729e-10,-2.50940925438993e-10,-1.80772554874039e-10,-3.75161924385623e-10,-1.94021817087661e-10,-3.11230842002124e-10,-4.66573695110526e-10,-9.51331414308705e-11,-9.21522243053372e-11,-2.79962304100362e-10,-1.88034723762386e-10,-1.62841133653105e-10,-2.72292556214481e-10,-4.98737127067106e-10,-1.95304063097866e-10,-2.9157154318393e-10,-2.63378420169754e-10,-1.1951433410448e-10,-2.8307889911497e-10,-2.57800299448736e-10,-4.09480068912182e-10,-1.11960580209731e-10,-3.05687815646749e-10,-1.72674191687632e-10,-8.62314793341954e-11,-3.34039365551605e-10,-2.66362323154587e-10,-3.84636886098044e-10,-1.46042963923028e-10,-3.53758515486522e-10,-2.01578655529432e-10,-1.49484897316035e-10,-1.83105090927447e-10,-3.59156153788364e-10,-6.15878143206285e-11,-7.85957544840644e-11,-2.3503522423575e-10,-2.08695205452e-10,-5.04544081506802e-10,-2.11910274329304e-10,-2.15588071004548e-10,-2.08797962460423e-10,-1.56551866979143e-10,-3.3772333343894e-10,-2.2677692876929e-10,-2.4961726095641e-10,-3.89163590618091e-10,-7.68517867418846e-11,-2.9216231087046e-10,-3.31107763237713e-10,-1.98822858290841e-10,-3.83368551079868e-10,-2.04716178174137e-10,-1.60468756437813e-10,-1.35387841630894e-10,-2.40356421598342e-10,-2.68077795186693e-10,-4.39730183160239e-11,-1.85185313208051e-10,-2.83660286621292e-10,-3.41958361205847e-10,-1.74627433933576e-10,-2.87833781577829e-10,-8.59882399308297e-11,-3.04030551446003e-10,-2.6326885671191e-10,-1.68201755357297e-10,3.21158419759289e-12,-4.66677862398341e-10,-1.786506658311e-10,-1.73313782426279e-10,-3.90513670450405e-10,-3.78683639644008e-10,-1.04859629169386e-10,-1.85586913803036e-10,-2.31566063794939e-10,-2.36225271602568e-10,-2.98486103869857e-10,-3.47964507479098e-10,-3.02705373567473e-10,-2.98678719143828e-10,-3.39323061356574e-10,-1.19357787474737e-10,-2.31678150074655e-10,-2.25836961704073e-10,-2.61814195175721e-10,-4.51681917724249e-10,-3.60059773506863e-10,-2.15334703531792e-10,-2.88201339627092e-10,-4.67321545892633e-11,-4.18821472819438e-10,-3.48661171473635e-10,-3.18155721523207e-10,-3.387413125863e-10,-1.98281340864073e-10,-2.02267435400659e-10,-3.1089073333744e-10,-2.5512024281209e-10,-2.74740070576655e-10,-4.09290261699423e-10,-9.45863002372014e-11,-2.31638254505625e-10,-4.216148595419e-10,-1.75922648894802e-10,-2.56422517260877e-10,-2.89188146776729e-10,-3.87588911442606e-10,-1.6919825157841e-10,-3.38375040271893e-10,-3.48474339424952e-10,-2.15636741572924e-10,-4.08456224473794e-10,-3.40639352736345e-10,-2.74160583247144e-10,-2.83544808990067e-10,-1.97492209786061e-10,-1.81616035927329e-10,-2.38701214332326e-10,-2.14829955379982e-10,-3.39142818017877e-10,-2.40241991256646e-10,-3.06342666700507e-10,-1.93435571773039e-10,-3.0247108125956e-10,-2.74371584819949e-10,-2.97452423786214e-10,-2.22820811715359e-10,-1.35954505775135e-10,-2.41041656798759e-10,-3.34268307512772e-10,-1.91044250296894e-10,-2.30736534103216e-10,-2.68591372102211e-10,-2.91633152931773e-10,-4.12349446740129e-10,-3.18607964114654e-10,-3.47094371563108e-10,-4.10648154220612e-10,-1.09015040904807e-10,-3.40212685878047e-10,-2.67555341818489e-10,-3.13059860697572e-10,-1.4527593280287e-10,-3.02398870233572e-10,-2.26624970512096e-10,-4.20468808597444e-10,-2.94370339245595e-10,-2.05730477498436e-10,-2.51387901014255e-10,-3.75516240238573e-10,-2.61553461326073e-10,-2.84360342041557e-10,-3.11955705999766e-10,-4.1312223907657e-10,-2.65503473059969e-10,-2.95484210101986e-10,-3.19515480360403e-10,-3.71885818669185e-10,-3.30612420011694e-10,-3.75274208192267e-10,-4.62646415045537e-10,-3.05644879615346e-10,-3.2777887239071e-10,-2.55740877887146e-10,-2.35592110033574e-10,-1.32916029757753e-10,-1.71776854135606e-10,-3.07135941317123e-10,-3.3079768891356e-10,-3.44595096030473e-10,-1.99646536215679e-10,-2.74015269209971e-10,-1.09514174073881e-10,-3.18830715384657e-10,-4.92594834297414e-10,-2.65429217357136e-10,-4.73673859153268e-10,-1.89119853932477e-10,-1.53171049727048e-10,-3.21274659068817e-10,-2.81544676936195e-10,-2.63544340754389e-10,-4.54443486077055e-10,-1.98877475004298e-10,-2.50510510179751e-10,-2.34224557813772e-10,-3.84134434732253e-10,-3.11856901657172e-10,-1.53149510415105e-10,-2.69700366839423e-10,-2.75057029567705e-10,-2.92241569355014e-10,-4.94612900685705e-10,-2.01867552862557e-10,-2.48822461053276e-10,-2.43161746886663e-10,-4.12468401711842e-10,-1.23980306904965e-10,-2.14993804740667e-10,-3.22742459699885e-10,-3.33379931397937e-10,-2.92524721857205e-10,-3.02432502284429e-10,-2.69950795017067e-10,-3.72133803696728e-10,-9.90853235435028e-11,-1.66933860695501e-10,-1.68920577694567e-10,-5.34855510027344e-10,-3.66762625041251e-10,-3.03930979635551e-10,-2.86374113403594e-10,-1.99068793157929e-10,-1.55228612815642e-10,-2.97035340395449e-10,-7.18980475026844e-11,-3.74679118897202e-10,-3.00300799844641e-10,-3.34930533179582e-10,-1.34237223423506e-10,-2.71774444666348e-10,-2.89664525534413e-10,-1.24730024140246e-10,-1.2816762526787e-10,1.21504637932652e-10,-2.06566248822933e-10,-2.05199144650097e-10,-3.89588189793647e-11,-2.80653985217913e-10,-8.30612758861601e-11,-1.06590536320572e-10,-1.20212713297947e-10,2.53678439848849e-11,-2.09470531988661e-10,-1.88040763622504e-10,-2.74580119493143e-10,-3.72125017121597e-10,-1.22406701309558e-10,-1.12344021528989e-10,-2.13006125583904e-10,-1.84451388616983e-10,-1.30753881721156e-10,2.92933386247123e-11,-8.44018310083687e-11,-1.14392979110723e-10,-1.2023176681878e-10,-4.15193403401732e-11,-1.92329897435037e-10,7.9116765794237e-11,6.31735538117107e-12,3.81744985972878e-11,6.30207859192533e-12,-1.16031484961862e-10,-1.18429507066969e-10,-1.04178024638737e-10,-2.5854597007529e-10,-4.61129215356087e-11,-1.19267525192164e-10,-9.07054692920812e-11,9.8768353344569e-11,1.1975287957658e-10,-5.35410832378194e-11,1.36696128898863e-10,1.62145845152746e-10,-6.83222978118548e-11,-9.14324998792211e-11,-4.51427513918036e-11,-4.25396930319828e-11,1.09018773321685e-10,2.47819425634876e-10,2.39414382736716e-10,1.23476125267185e-10,7.32122479800698e-11,2.40267764891377e-10,4.71240711938286e-10,1.69891931266317e-11,2.78470401340909e-10,1.36408733791888e-10,3.64999047957427e-10,2.85719641641684e-10,3.81489371899216e-10,4.77982703711914e-10,3.4131644267242e-10,3.26887276871214e-10,4.54680969310805e-10,3.50702294399401e-10,2.68035745379676e-10,5.05159868427421e-10,4.68681046416253e-10,4.99913941397761e-10,4.77449263242363e-10,5.10686210229858e-10,6.5629074649542e-10,5.88220828279744e-10,6.86129107473314e-10,7.13443940672371e-10,7.39138054456523e-10,7.17352291947169e-10,8.48894683749931e-10,8.61735431594985e-10,9.87508953877926e-10,8.33882983303357e-10,8.61877134298814e-10,1.15370247869008e-09,1.07743433243111e-09,1.37601351826944e-09,1.12686016913613e-09,1.13856550116717e-09,1.4532097434591e-09,1.29726736789499e-09,1.48866180193414e-09,1.65688321137099e-09,1.48675418975648e-09,1.874955468599e-09,1.91285956726223e-09,1.83698474885114e-09,1.92556602396879e-09,2.15298043050958e-09
