v,0.25
Patm,100000
g,9.81
r,500
G,10^11.44
rho,2400
mu,10^4.55
rc,15
 
M,10^6.12
sigma,0.1
 
tilt_erupt,1.5821nrad
 
-1267,-1266,-1265,-1264,-1263,-1262,-1261,-1260,-1259,-1258,-1257,-1256,-1255,-1254,-1253,-1252,-1251,-1250,-1249,-1248,-1247,-1246,-1245,-1244,-1243,-1242,-1241,-1240,-1239,-1238,-1237,-1236,-1235,-1234,-1233,-1232,-1231,-1230,-1229,-1228,-1227,-1226,-1225,-1224,-1223,-1222,-1221,-1220,-1219,-1218,-1217,-1216,-1215,-1214,-1213,-1212,-1211,-1210,-1209,-1208,-1207,-1206,-1205,-1204,-1203,-1202,-1201,-1200,-1199,-1198,-1197,-1196,-1195,-1194,-1193,-1192,-1191,-1190,-1189,-1188,-1187,-1186,-1185,-1184,-1183,-1182,-1181,-1180,-1179,-1178,-1177,-1176,-1175,-1174,-1173,-1172,-1171,-1170,-1169,-1168,-1167,-1166,-1165,-1164,-1163,-1162,-1161,-1160,-1159,-1158,-1157,-1156,-1155,-1154,-1153,-1152,-1151,-1150,-1149,-1148,-1147,-1146,-1145,-1144,-1143,-1142,-1141,-1140,-1139,-1138,-1137,-1136,-1135,-1134,-1133,-1132,-1131,-1130,-1129,-1128,-1127,-1126,-1125,-1124,-1123,-1122,-1121,-1120,-1119,-1118,-1117,-1116,-1115,-1114,-1113,-1112,-1111,-1110,-1109,-1108,-1107,-1106,-1105,-1104,-1103,-1102,-1101,-1100,-1099,-1098,-1097,-1096,-1095,-1094,-1093,-1092,-1091,-1090,-1089,-1088,-1087,-1086,-1085,-1084,-1083,-1082,-1081,-1080,-1079,-1078,-1077,-1076,-1075,-1074,-1073,-1072,-1071,-1070,-1069,-1068,-1067,-1066,-1065,-1064,-1063,-1062,-1061,-1060,-1059,-1058,-1057,-1056,-1055,-1054,-1053,-1052,-1051,-1050,-1049,-1048,-1047,-1046,-1045,-1044,-1043,-1042,-1041,-1040,-1039,-1038,-1037,-1036,-1035,-1034,-1033,-1032,-1031,-1030,-1029,-1028,-1027,-1026,-1025,-1024,-1023,-1022,-1021,-1020,-1019,-1018,-1017,-1016,-1015,-1014,-1013,-1012,-1011,-1010,-1009,-1008,-1007,-1006,-1005,-1004,-1003,-1002,-1001,-1000,-999,-998,-997,-996,-995,-994,-994,-993,-992,-991,-990,-989,-988,-987,-986,-985,-984,-983,-982,-981,-980,-979,-978,-977,-976,-975,-974,-973,-972,-971,-970,-969,-968,-967,-966,-965,-964,-963,-962,-961,-960,-959,-958,-957,-956,-955,-954,-953,-952,-951,-950,-949,-948,-947,-946,-945,-944,-943,-942,-941,-940,-939,-938,-937,-936,-935,-934,-933,-932,-931,-930,-929,-928,-927,-926,-925,-924,-923,-922,-921,-920,-919,-918,-917,-916,-915,-914,-913,-912,-911,-910,-909,-908,-907,-906,-905,-904,-903,-902,-901,-900,-899,-898,-897,-896,-895,-894,-893,-892,-891,-890,-889,-888,-887,-886,-885,-884,-883,-882,-881,-880,-879,-878,-877,-876,-875,-874,-873,-872,-871,-870,-869,-868,-867,-866,-865,-864,-863,-862,-861,-860,-859,-858,-857,-856,-855,-854,-853,-852,-851,-850,-849,-848,-847,-846,-845,-844,-843,-842,-841,-840,-839,-838,-837,-836,-835,-834,-833,-832,-831,-830,-829,-828,-827,-826,-825,-824,-823,-822,-821,-820,-819,-818,-817,-816,-815,-814,-813,-812,-811,-810,-809,-808,-807,-806,-805,-804,-803,-802,-801,-800,-799,-798,-797,-796,-795,-794,-793,-792,-791,-790,-789,-788,-787,-786,-785,-784,-783,-782,-781,-780,-779,-778,-777,-776,-775,-774,-773,-772,-771,-770,-769,-768,-767,-766,-765,-764,-763,-762,-761,-760,-759,-758,-757,-756,-755,-754,-753,-752,-751,-750,-749,-748,-747,-746,-745,-744,-743,-742,-741,-740,-739,-738,-737,-736,-735,-734,-733,-732,-731,-730,-729,-728,-727,-726,-725,-724,-723,-722,-721,-720,-719,-718,-717,-716,-715,-714,-713,-712,-711,-710,-709,-708,-707,-706,-705,-704,-703,-702,-701,-700,-699,-698,-697,-696,-695,-694,-693,-692,-691,-690,-689,-688,-687,-686,-685,-684,-683,-682,-681,-680,-679,-678,-677,-676,-675,-674,-673,-672,-671,-670,-669,-668,-667,-666,-665,-664,-663,-662,-661,-660,-659,-658,-657,-656,-655,-654,-653,-652,-651,-650,-649,-648,-647,-646,-645,-644,-643,-642,-641,-640,-639,-638,-637,-636,-635,-634,-633,-632,-631,-630,-629,-628,-627,-626,-625,-624,-623,-622,-621,-620,-619,-618,-617,-616,-615,-614,-613,-612,-611,-610,-609,-608,-607,-606,-605,-604,-603,-602,-601,-600,-599,-598,-597,-596,-595,-594,-593,-592,-591,-590,-589,-588,-587,-586,-585,-584,-583,-582,-581,-580,-579,-578,-577,-576,-575,-574,-573,-572,-571,-570,-569,-568,-567,-566,-565,-564,-563,-562,-561,-560,-559,-558,-557,-556,-555,-554,-553,-552,-551,-550,-549,-548,-547,-546,-545,-544,-543,-542,-541,-540,-539,-538,-537,-536,-535,-534,-533,-532,-531,-530,-529,-528,-527,-526,-525,-524,-523,-522,-521,-520,-519,-518,-517,-516,-515,-514,-513,-512,-511,-510,-509,-508,-507,-506,-505,-504,-503,-502,-501,-500,-499,-498,-497,-496,-495,-494,-493,-492,-491,-490,-489,-488,-487,-486,-485,-484,-483,-482,-481,-480,-479,-478,-477,-476,-475,-474,-473,-472,-471,-470,-469,-468,-467,-466,-465,-464,-463,-462,-461,-460,-459,-458,-457,-456,-455,-454,-453,-452,-451,-450,-449,-448,-447,-446,-445,-444,-443,-442,-441,-440,-439,-438,-437,-436,-435,-434,-433,-432,-431,-430,-429,-428,-427,-426,-425,-424,-423,-422,-421,-420,-419,-418,-417,-416,-415,-414,-413,-412,-411,-410,-409,-408,-407,-406,-405,-404,-403,-402,-401,-400,-399,-398,-397,-396,-395,-394,-393,-392,-391,-390,-389,-388,-387,-386,-385,-384,-383,-382,-381,-380,-379,-378,-377,-376,-375,-374,-373,-372,-371,-370,-369,-368,-367,-366,-365,-364,-363,-362,-361,-360,-359,-358,-357,-356,-355,-354,-353,-352,-351,-350,-349,-348,-347,-346,-345,-344,-343,-342,-341,-340,-339,-338,-337,-336,-335,-334,-333,-332,-331,-330,-329,-328,-327,-326,-325,-324,-323,-322,-321,-320,-319,-318,-317,-316,-315,-314,-313,-312,-311,-310,-309,-308,-307,-306,-305,-304,-303,-302,-301,-300,-299,-298,-297,-296,-295,-294,-293,-292,-291,-290,-289,-288,-287,-286,-285,-284,-283,-282,-281,-280,-279,-278,-277,-276,-275,-274,-273,-272,-271,-270,-269,-268,-267,-266,-265,-264,-263,-262,-261,-260,-259,-258,-257,-256,-255,-254,-253,-252,-251,-250,-249,-248,-247,-246,-245,-244,-243,-242,-241,-240,-239,-238,-237,-236,-235,-234,-233,-232,-231,-230,-229,-228,-227,-226,-225,-224,-223,-222,-221,-220,-219,-218,-217,-216,-215,-214,-213,-212,-211,-210,-209,-208,-207,-206,-205,-204,-203,-202,-201,-200,-199,-198,-197,-196,-195,-194,-193,-192,-191,-190,-189,-188,-187,-186,-185,-184,-183,-182,-181,-180,-179,-178,-177,-176,-175,-174,-173,-172,-171,-170,-169,-168,-167,-166,-165,-164,-163,-162,-161,-160,-159,-158,-157,-156,-155,-154,-153,-152,-151,-150,-149,-148,-147,-146,-145,-144,-143,-142,-141,-140,-139,-138,-137,-136,-135,-134,-133,-132,-131,-130,-129,-128,-127,-126,-125,-124,-123,-122,-121,-120,-119,-118,-117,-116,-115,-114,-113,-112,-111,-110,-109,-108,-107,-106,-105,-104,-103,-102,-101,-100,-99,-98,-97,-96,-95,-94,-93,-92,-91,-90,-89,-88,-87,-86,-85,-84,-83,-82,-81,-80,-79,-78,-77,-76,-75,-74,-73,-72,-71,-70,-69,-68,-67,-66,-65,-64,-63,-62,-61,-60,-59,-58,-57,-56,-55,-54,-53,-52,-51,-50,-49,-48,-47,-46,-45,-44,-43,-42,-41,-40,-39,-38,-37,-36,-35,-34,-33,-32,-31,-30,-29,-28,-27,-26,-25,-24,-23,-22,-21,-20,-19,-18,-17,-16,-15,-14,-13,-12,-11,-10,-9,-8,-7,-6,-5,-4,-3,-2,-1,0
-8.90569907295599e-11,1.68562194762289e-10,-6.20531711007225e-11,7.43178034964543e-11,8.02341505451595e-11,-7.25776971498507e-11,2.76405130978053e-11,1.94506331815584e-12,6.97462992003357e-11,-1.37989246065756e-10,7.67969995870977e-11,7.00768462641109e-11,3.46448406535871e-12,3.30838763385328e-11,-3.72420260709818e-11,-4.28615919144207e-11,-8.76502099942648e-11,-1.00039032118365e-10,1.23336642378988e-10,8.02987758140429e-11,3.18979424279378e-11,-3.05231415173706e-11,2.02433147817932e-11,1.59902660969423e-11,-7.99402334244205e-11,2.65706628139817e-11,-1.92704846539336e-10,-4.86293314657115e-11,8.51817021381365e-11,5.36301788222855e-11,7.03543601823804e-11,6.79563820938843e-12,4.17999600954966e-11,8.01127388908356e-11,-1.51024197980953e-10,1.83665693828011e-10,-2.89250355776386e-11,-9.25623832392117e-11,4.8603652224658e-11,1.18883512725638e-10,2.47076129503446e-11,5.21391467223517e-11,-1.64386416804699e-10,-5.47916365883085e-11,-2.11681818236915e-11,-2.08177997129652e-10,-9.79199158572156e-11,7.69515856646098e-11,-1.79353719061658e-10,1.26458257172584e-10,8.62971888224227e-11,-2.08812204550651e-12,2.73863207643077e-11,6.62290568052271e-11,-2.91030498054216e-11,8.01178535242336e-11,-9.7360270747835e-11,2.62258532119031e-11,-1.75151173585591e-12,1.69802437636408e-10,7.50824255526123e-11,-1.02888021421333e-10,-1.68957895576393e-10,1.81593048198323e-11,-1.47207554521676e-10,1.05927809857947e-10,-2.8900974771775e-11,-8.50252769214018e-11,6.09567202541729e-11,-1.07641054408419e-10,1.93970742869361e-10,5.94470599821325e-11,8.89973839357608e-11,1.61450521391051e-10,7.78889500526929e-11,7.05347367345425e-11,-8.37797791239228e-11,-1.66154386253909e-10,-1.17910550298689e-10,-1.61587537527477e-10,1.09445674994337e-10,2.01842994181634e-10,-6.39576710306147e-11,1.29489009513027e-10,1.12601368285846e-10,-6.70688344166718e-11,1.5286369047949e-10,-5.30759129339325e-11,-2.79963748250907e-11,4.94163080451712e-11,-6.73618926115231e-11,-1.89912994319553e-11,4.73965085037557e-11,-7.45023882858741e-11,-2.59543296327846e-10,-2.00921605788417e-10,-1.08227092998303e-10,-1.24518654720148e-10,-4.90463666245266e-11,-5.19229424685865e-11,-4.67803957893643e-11,-1.29693382729288e-12,6.57771927013487e-11,1.45710462991651e-10,-5.56649780307583e-11,-5.65980629253165e-12,1.30049681183914e-10,4.85665495222289e-12,-1.24112851180501e-10,1.04627549562551e-11,-4.09905254835557e-11,-2.83097165513639e-11,-9.30923341886567e-13,6.662986067701e-11,-1.2550176604578e-10,-6.98947008131501e-11,1.27964275827223e-10,-3.22817361111372e-11,7.57350169925362e-11,-2.12244133285515e-11,-9.47355557194671e-11,-1.18011564346014e-11,1.08138793307734e-10,1.2419691044524e-10,-2.29793095943012e-10,-1.25092238561035e-11,-8.00223687547505e-11,7.71506073552024e-12,6.35251887485739e-11,-1.4626901933998e-10,6.2345805933857e-12,2.99144528529835e-11,-8.77030982504418e-11,-1.28724586252683e-10,1.4895039397832e-10,1.35889506817457e-10,-3.87790253593961e-11,2.90916743805018e-11,5.85328115370034e-11,1.86022278028778e-10,5.55184582210599e-12,-4.46076380719257e-12,9.90271547064484e-11,-7.54507897296481e-12,-1.6385911491814e-11,-7.63397100984226e-11,2.00839701230007e-10,4.86864839502385e-11,5.11554308941967e-12,1.76967682730642e-10,-9.59532247428369e-11,1.19489297452324e-10,-1.22105722806177e-11,3.7119028421929e-11,8.31927649591639e-11,-1.13805867045209e-10,-1.7599278872566e-10,-4.52895419969374e-11,-3.47628763319067e-11,1.44371834691694e-10,-7.81643011981997e-13,-2.79607925637296e-11,-1.15072388998687e-10,6.60923878215965e-12,6.88974610098843e-12,3.76941273355526e-11,1.77086351800313e-10,-6.75508253610749e-11,-5.32244936795744e-11,1.830033026805e-10,-7.3171293605288e-11,1.38339989320353e-10,1.70550856752254e-10,-1.13598519173179e-10,-1.43873823374335e-10,6.95520440587809e-11,9.40413465046987e-11,1.92781950072041e-11,-9.74269279237898e-11,-2.12812569080256e-11,-7.85953421468e-11,4.59181290363471e-11,-1.46841352204312e-10,1.12333939112768e-10,-1.11983649269404e-10,-3.0008501199118e-11,5.11735934019208e-12,-1.50312463540568e-10,-8.36590274310928e-11,-1.59372293949486e-12,-9.34865761372982e-11,-4.47878606994689e-11,3.03112323859373e-11,-1.25113351860737e-10,-1.5945775836407e-11,8.65491656792057e-12,-6.9751186086658e-11,-4.42220571283384e-11,-1.11691853351871e-10,5.75712213293255e-11,1.61527566555e-10,4.05474417168308e-11,-9.31707599485163e-11,-1.75537972644219e-10,1.32789616774856e-10,-1.85613709762693e-10,9.79943400075903e-12,9.57690528293447e-11,-1.37142591766923e-10,-2.30343797841922e-12,-6.14384830693874e-11,5.64703706906224e-11,7.70390199861056e-11,-3.63469720560039e-11,-9.95279029966403e-11,5.63416552223188e-11,-1.04265586150968e-10,1.37762108096529e-11,-6.0167163732509e-11,1.90518142677847e-11,2.82318387918787e-11,-6.63086214117526e-11,5.06158397483158e-11,-1.38037667646914e-10,2.58281753770318e-10,-4.4709394558882e-11,-1.78129145727003e-10,8.91187896877465e-11,-6.05735793179184e-11,-1.46455086711162e-10,-5.47721823240404e-11,-9.94779556762558e-11,8.81585010112028e-11,2.64481475239705e-11,1.91808848153132e-10,7.63957730640392e-11,3.17361325862659e-11,6.33063245405609e-11,-6.47937769829734e-11,-5.27377106719617e-11,3.79019977587787e-11,2.90409447472209e-11,-2.09429825836332e-11,1.15805403678043e-10,9.64439869194516e-12,2.38421196099584e-11,4.51161840161879e-11,-4.25413399497907e-12,1.25185824117012e-10,9.63807414758577e-12,3.55141987762765e-11,-5.45506795327384e-11,2.21583871036146e-10,6.21672239523666e-11,2.12403962740516e-10,6.01083187613278e-11,-1.07374020647596e-11,-8.29834411131338e-11,4.50429231966293e-11,-7.01714205906501e-11,-1.48282868157391e-11,-8.38925278896643e-12,4.18985079077941e-11,-4.1032832105255e-11,9.26350765102012e-11,1.54962008084105e-10,1.70892251309085e-10,1.6218467539747e-10,-2.47818268193371e-11,9.39262247409486e-11,-2.43155271888135e-11,-1.28411851853905e-10,3.67401494061511e-11,1.19283881211821e-10,-2.95395676488336e-11,1.77310181164124e-10,4.73509542113472e-11,1.85327773366511e-10,-1.11250025131501e-11,-5.45959839970986e-11,-2.02531694705166e-11,2.14383371032321e-11,4.29649045374919e-11,1.04464161047776e-10,4.30791700980218e-11,1.71559558931772e-11,-8.27828048795226e-12,-7.40906814894774e-11,1.90974661917714e-11,-1.27011211410903e-10,1.98924569211537e-11,8.60482272988906e-11,7.06479545391429e-11,-2.67022768335393e-11,2.41877079721501e-10,6.88066224191906e-11,1.45318582656478e-10,-1.36619413456339e-11,-5.98269566279667e-11,-1.33633511609053e-10,7.25203418204988e-11,3.73191257220753e-12,1.44817949665483e-10,-8.38125727643446e-11,5.68348715982103e-11,1.31051848344144e-11,1.36718137225106e-10,-1.39805791806169e-10,-9.20835847839017e-12,-6.14677710109689e-11,-1.49149136493892e-10,5.31512165813993e-11,-2.14743616810292e-12,6.18101949889726e-11,-7.94953285201566e-11,-2.23386407594875e-10,-2.93014056114296e-11,9.92364031025971e-11,-1.90281638311272e-11,1.09962259579212e-10,-4.12490373002704e-11,1.42116354726711e-10,1.02200291700397e-10,-3.69213031902118e-11,1.09912428733073e-10,6.26424957981288e-11,4.71980070999702e-11,-7.68738496142438e-11,-2.15053198615141e-10,-5.1780666710967e-11,-2.52345138317372e-11,7.09024031794671e-11,9.82338084347425e-11,6.08869662026328e-11,5.5916511736754e-11,1.13321065862413e-10,-4.51197413555327e-11,9.76947972190779e-11,5.11529310292474e-11,7.82979468833566e-11,-3.38385410222082e-11,-7.18126804563129e-11,-1.53339394899487e-10,3.46814109641007e-11,-1.73120559086142e-10,-2.96846575725727e-11,1.63994028190795e-10,-1.14330749491111e-11,-1.31790597734841e-10,-2.60257384304133e-11,-6.13334781645872e-11,-1.3491259427606e-10,2.53461497574742e-11,1.04546061103886e-10,-1.37500984265125e-10,-7.48923226437936e-11,-1.08258093338417e-10,1.79962840160719e-11,1.00898387152608e-10,1.0681729038939e-11,-1.81430616493898e-10,-1.65664487745756e-11,-3.26950570226057e-11,-6.21711994088454e-11,-1.60167228162695e-10,4.35440757255705e-11,4.79320671348502e-11,-4.53389739355464e-11,-2.27968892883961e-11,-3.5260931001905e-11,1.59580406272427e-10,8.27200558639386e-11,-1.23407607407465e-10,1.97546857562589e-11,-1.1657567067812e-10,-1.37975872018453e-10,-1.3846248567423e-10,-2.39771821982958e-10,-1.00359413313018e-10,-8.44003136944558e-11,4.35039990319072e-11,1.20890916206383e-10,-9.70987804258786e-11,3.43826825367683e-11,-9.41003836216616e-11,-1.65529606405509e-10,4.85094631340359e-11,-1.22541905651404e-10,5.56592911103586e-11,-7.35024326415776e-11,1.57278359225868e-10,-7.63317518377018e-11,4.98049520020505e-11,-3.29663908294674e-11,-1.46866190752628e-11,1.30578286787576e-11,9.03199909027276e-13,-1.60307612867584e-10,1.55684952044081e-10,-1.11414537984488e-10,1.43334262811707e-11,-9.23187737405432e-11,6.13536637296045e-11,-2.24948874008433e-11,5.78249127850196e-11,-5.7786490227957e-11,-1.56536552374636e-11,-1.30798680754785e-10,6.14433790064617e-12,6.69751233427798e-11,-1.53260303526919e-10,4.83353615586276e-12,1.40049560903863e-10,8.08970445207378e-11,-1.01014303080874e-10,6.60673695215621e-11,-2.39628607848011e-11,-1.63252878234257e-10,-7.70294319432837e-11,4.01518894599236e-11,-9.04019897985971e-11,6.05071321846124e-11,-8.87345996573519e-11,9.14914947962958e-11,-2.10610405065214e-10,2.48489367347362e-12,-2.97199916918357e-11,-2.49981801685875e-11,4.25324610829215e-11,-3.78171792979293e-11,-2.56456431303794e-11,-4.06686659094013e-11,-2.83982826667882e-11,1.0291436676938e-10,8.14621355553435e-11,-5.99426488868298e-11,7.04490887449339e-11,5.90923556419227e-11,-1.07202197078071e-10,1.00029304533322e-11,-7.26610164573659e-11,4.31413512960408e-11,1.72736381115096e-10,9.95741261857994e-11,-2.04335431805713e-10,1.35654130927613e-10,-4.15723208587314e-11,2.02460431594866e-10,-8.36221167334304e-11,-5.70634491255886e-11,-1.65046238188879e-10,1.44772554361317e-11,-1.87348704659666e-10,-2.01688268952239e-10,-8.62406854998855e-11,-9.02760257579188e-11,-6.80093388885149e-11,-1.60091798686032e-10,1.73370065886043e-11,-1.05368980922467e-10,9.41570088895272e-12,-9.77307701078177e-12,1.68325557725758e-10,-1.2405941118874e-10,-7.69142082935679e-11,-1.6373641207052e-10,3.24786422863083e-11,-4.42653272723097e-11,-2.22954168642665e-10,7.96742470815983e-11,4.29904379336924e-11,1.01632812103593e-10,-1.42531266440924e-10,3.19270273450651e-11,-7.10685983392528e-11,-1.34293690170205e-11,1.63785071309757e-10,-1.58983766119923e-10,-1.8213236372321e-11,1.07653888220984e-10,1.17756639870677e-11,-7.63566212157912e-11,-9.0772624093094e-11,-2.286188068561e-10,4.07706824235446e-11,-1.36664076591696e-10,-9.35030175088858e-12,4.1443372546827e-12,1.02753727064078e-11,-7.03423533438147e-11,9.05339852840075e-11,-1.16109287276105e-10,1.12969797542951e-10,-2.19218092514843e-11,6.66318907927361e-11,-3.56728725100907e-11,-7.2302845453668e-11,-9.65741354537188e-12,-2.15117566149875e-10,-1.65007991819804e-11,-1.32287437037174e-10,-1.56571794481416e-10,-1.15928493232611e-11,4.68069205203031e-11,-1.13159423441155e-10,-4.70745838998201e-11,-4.30867953985197e-11,-9.78905349300025e-11,3.21684141363522e-11,3.02971974713201e-11,-1.11127043349545e-10,-3.4175640897457e-12,-7.00710224643392e-11,1.92323903327645e-12,-1.28571159265545e-11,-8.8355462351758e-11,1.2444757737659e-10,2.098089040152e-10,-1.76822714842063e-10,-2.19436647610176e-10,1.34225180370398e-11,1.38180086469303e-10,-4.56153015018319e-11,-2.36512658988476e-10,-3.02628910193952e-11,1.09192733752047e-10,-9.44150842980527e-11,-1.48852849600798e-11,-6.51511056001144e-11,-9.46905102605982e-11,-6.42618499637715e-11,1.0221017759401e-10,-3.83420407709129e-11,1.95013065869335e-11,-4.22251922766308e-11,-3.17532691861925e-11,-1.60672554623744e-10,8.25600866661097e-11,3.03968369083789e-11,-4.56359275157262e-11,-5.26991610366437e-11,2.844289853859e-11,-2.39764832367537e-11,7.59000354332825e-11,-1.25484844779526e-10,-1.55599663935579e-10,1.09637419252906e-10,4.0263994232272e-11,-1.35248756063496e-11,-1.61099138856706e-10,-1.0441277900914e-10,7.43018444290344e-11,7.59875818347549e-11,-6.11343065287234e-11,1.96932557126277e-11,-9.06106906103392e-11,-1.32695327291598e-10,-1.33127456966355e-11,-1.17170221245402e-10,-7.67963364363557e-11,1.91906535582912e-10,1.13388566789373e-10,-1.91957413573379e-10,-1.24844463119656e-10,-1.19774053612101e-10,-1.1954972956135e-11,-2.08731325292267e-10,-9.92406526302099e-11,-2.23353337088075e-10,-4.76111566652145e-11,-1.61390125855176e-10,-1.81431107650616e-10,-1.67276237691902e-10,5.10960467665008e-11,-1.41177318914308e-10,-9.37896113549942e-11,8.14574262180725e-11,-1.71394056666005e-10,-2.18259399913517e-10,-1.29417572852833e-10,2.31564007382309e-12,1.5835165511803e-11,7.917806332155e-12,-1.89907614891281e-11,-1.27757553137089e-10,-1.3434047878209e-10,1.81029390852909e-10,6.30364267232336e-12,-5.15647513259725e-13,1.26851125606985e-11,-8.88904053328372e-11,-1.22528914940702e-10,-1.12641372949414e-11,-6.82673658289691e-11,-1.61850201873181e-10,-2.71351413676268e-11,-4.94276723012192e-11,-1.84615142884683e-10,-2.32546458146503e-10,-8.14831337522261e-11,-1.21908277559115e-10,-7.25213357004143e-11,3.17893974730119e-11,-1.96158265841745e-10,-1.73902473138567e-11,-2.65302228507383e-10,-2.59052482951415e-10,1.120262144636e-10,-1.59532721279288e-10,8.71851604765542e-11,6.92983851205341e-12,-8.49099578671093e-11,-6.15720021175898e-11,-1.74269192716256e-11,5.9772861445457e-12,2.71872355022158e-11,-1.92176296439083e-10,-1.16076768406636e-11,-6.33391114968746e-11,-3.81542927485459e-13,-9.72374902815657e-11,-4.9029052437281e-11,-3.41289049326799e-11,7.61936815643222e-11,1.26714035292742e-10,4.14273576781689e-11,-1.24100030893495e-10,2.64565280070384e-10,-4.81409084289093e-11,-1.19969903944971e-11,-1.42937938549764e-10,5.61237451976026e-11,8.68713483259777e-11,-6.73406299465054e-11,-5.6198103634343e-11,-1.38092873576097e-10,-3.33175131782124e-10,-1.05147951299418e-10,-6.56785429802383e-11,-1.20427612915808e-11,6.97181774757199e-11,-1.42131214537598e-10,-7.91326205464435e-11,-8.79900161822281e-11,1.92027278253093e-12,1.88972919576206e-10,-7.28342256642695e-12,-1.39100278730088e-11,-1.43105391685609e-10,-3.9838666463398e-11,-2.53325423991273e-11,-1.234605101855e-10,3.98519437865256e-11,9.74239113044002e-11,1.35743721763357e-10,-1.06740158808023e-10,7.70405436067911e-11,1.02613451661186e-12,-9.19260034344843e-11,-6.53532084722181e-11,-6.30040222821429e-12,1.65880443574466e-11,-2.22492932753024e-11,-8.82933128696353e-12,2.01031477894081e-11,-4.80931186025283e-11,-8.66660386855016e-11,-1.68743123030939e-10,-1.57940630860809e-10,3.84317752375694e-11,-1.79547304800799e-10,-1.34625266951213e-10,-1.24264289920481e-10,5.82619615709628e-12,-3.7446212612883e-11,1.81866787922538e-11,-1.67267351265412e-11,-2.6178960618376e-10,-2.74865827215436e-11,-1.07990798039983e-10,-1.23168532460638e-10,-1.1333097717562e-10,1.82463138543815e-10,-7.08054406103379e-11,-1.48410158626537e-10,-4.5544146428937e-11,1.83846459683657e-11,-6.02316450400614e-11,1.04508432747095e-11,-1.56255973128902e-10,-8.32048364837858e-11,-1.09749472246394e-10,-1.71091505912156e-10,-5.53072225902751e-12,-2.93361934959482e-10,-1.6495523121088e-10,1.47735759772096e-11,-1.79673104308234e-11,-7.10240109806769e-11,-1.69218773334285e-11,-7.31900321540827e-11,1.29890403862464e-10,7.78713636286695e-11,-9.8193488948059e-11,-8.12243850028911e-12,3.13873976196843e-11,-4.44988560985495e-12,-1.3146920730066e-10,-1.61997387155292e-11,-9.93527840378122e-11,-1.88987291359049e-10,8.70058928585712e-11,-1.89820647673344e-10,5.96036351867611e-12,-1.90087968192169e-10,-4.200541642163e-11,-1.40989734718948e-11,3.48478447374517e-11,7.70155935451016e-11,-7.45277372925325e-11,-6.69809333520284e-12,3.77869322484606e-11,-9.82027305670159e-11,-2.14446250529107e-10,-7.42720300828883e-11,-1.64842726240831e-10,-1.14106411911878e-10,4.00128999181025e-12,-1.33937482900786e-10,-5.72251721828778e-11,-1.5557073370214e-11,-4.63531296545946e-11,1.28389588337545e-11,-4.19457262950784e-11,-1.54330379860039e-10,-3.30914741702264e-11,-1.26566946397797e-10,-4.66829284378149e-11,-1.27697980716652e-11,-2.12964634775015e-11,-1.53341204929412e-10,-5.63781241039591e-13,-7.37434037836559e-11,-1.42056323722086e-10,-1.83097432440842e-10,-1.49407523121161e-10,-1.41803138331153e-10,-1.37614672857608e-10,-2.13498129314866e-10,1.68348457487896e-11,-2.56320365433499e-10,-1.31077504633687e-11,-1.46600747655267e-10,-4.04980777746269e-11,-1.66511449312483e-10,-1.54050158366945e-10,3.11543254885168e-11,2.50245865171861e-11,-7.49984175910405e-11,-1.78717796473965e-10,-2.13057783051684e-10,-1.5096345725719e-10,-1.26364431519788e-10,-1.89559420768017e-11,6.67506051521249e-11,-1.66530323186987e-10,-1.13727661274182e-11,1.65245651769137e-10,5.18918603808218e-11,-1.32184666963027e-10,-2.43984672584493e-12,3.79521301714883e-11,-1.03085943164898e-10,-1.94729276653733e-10,1.15690315002904e-10,-1.36657457395177e-10,-2.29515452801622e-10,-1.53004312679983e-10,5.15967204486023e-11,-1.99871337703167e-10,-1.2645101077719e-10,-2.34006411665583e-10,-3.36156333455224e-12,-1.15459951030502e-10,8.73754770454531e-11,-5.64785169361596e-11,-1.35786990180233e-10,-8.25733345608024e-11,-8.67843097699473e-11,-2.1436448163637e-10,-1.18473517226608e-10,-5.731814434962e-11,-3.48048792938373e-10,1.96953014506826e-11,-1.8153193282037e-10,1.05196187743541e-10,-6.04747502070021e-11,-2.09993551524975e-10,-1.32339546847924e-10,-1.67800891253291e-10,-8.47729576299498e-11,-1.702425601456e-10,-6.96024146352863e-11,-1.33914889154641e-10,-7.42964644636668e-11,-8.91493198115967e-11,-3.62821177661809e-11,-7.56961540220118e-11,4.05041879341683e-11,-9.22809832038505e-11,-9.22448944880753e-11,-1.92007378261307e-11,-1.42947617619297e-10,-8.67197898658262e-11,-6.33422365911155e-11,-7.23437798550698e-11,6.00026839820249e-11,3.6441390454694e-11,-2.46136777737031e-10,-6.39436239739611e-11,-1.83752230884212e-10,-1.02095292304227e-10,-6.64828566794905e-11,-5.37668105402062e-11,-1.58134388626441e-10,-1.03737253712673e-10,-1.02462037859012e-10,-4.32486753589712e-11,6.60726332102957e-11,-8.58230853016188e-11,-1.83855130545877e-10,-4.22048246729435e-11,-1.49972501919818e-10,-1.18377914448302e-10,-9.20923850268501e-11,-7.1752779413213e-11,-1.35089212657759e-10,-1.08583153546683e-10,-2.1971873887448e-10,-3.66044043764216e-10,-1.26094151068048e-10,-1.99143367766813e-10,-2.4158461219654e-10,-1.59283259866439e-10,3.71763651245508e-11,3.49494275844339e-12,6.17886851209871e-11,-9.12178944888221e-11,-1.78035330672173e-11,-1.14594992608685e-10,4.1641678222262e-12,7.96592193930347e-12,-1.78295035002399e-10,-1.85949412956754e-10,4.51961446292867e-11,-1.13631877532782e-10,-8.69145264693237e-11,-6.70592207266184e-11,-1.26106499498769e-10,-9.429885830858e-11,-8.91596534292758e-11,2.64706431402635e-11,-3.81077879857946e-11,-6.46687542706281e-11,-2.38944204828297e-10,7.72278084784397e-11,6.23512773674159e-11,-1.852034431404e-10,-6.34476305669313e-11,-1.72791046117293e-10,-6.7750129167164e-11,-9.61978213107773e-11,-1.19905910962406e-10,-1.31256954058934e-10,-1.95354523782403e-10,-5.65698140407018e-11,-2.02887620602058e-10,-8.85312978747732e-11,1.38310711663549e-11,-1.85382759093837e-11,-1.34283517890367e-10,-6.78951076445267e-11,-5.73622311170714e-11,-2.36047124225962e-10,-1.29154539813037e-10,-7.58363942818509e-11,7.96581749525414e-11,-8.41269366549898e-11,-1.41473697516873e-10,-2.73148589797887e-10,-1.85177256490945e-11,-2.90178587140342e-10,-1.06738009258998e-10,6.44710053698189e-11,-1.99406174171046e-10,-1.63855697388063e-10,-4.26507618193794e-11,-1.8522296920722e-12,-8.33806608389605e-11,-4.53019466568832e-11,-1.21108692296155e-10,-1.22777335717444e-10,-1.24915880207281e-10,1.59398030322211e-11,-6.23301791557489e-11,4.78812516264577e-11,-2.11707700092534e-10,-2.49420476425241e-10,-2.88995469944272e-10,-4.7779141841189e-11,-1.29048189900589e-10,-1.12690834426383e-10,-3.58161869517503e-10,-1.29879017841531e-10,-1.99472013013913e-10,-2.21347236778765e-10,-2.59782989925868e-10,-1.51426514583249e-10,-2.18060687695356e-10,-1.42223803082183e-10,2.18523101600367e-11,-1.67629197722724e-10,-3.42325760349316e-11,-1.93549169846782e-10,-1.31906017214911e-10,-2.07943069917528e-10,-7.70100730449041e-11,-3.89946916905839e-11,4.60690085905093e-11,-9.94535266153907e-12,-4.77613248498051e-11,-2.10181268924327e-10,3.87430128375638e-11,-2.94574686998015e-10,-2.02416013743961e-10,-8.22314663791417e-11,-1.83035389124653e-10,-2.54450257570849e-10,-2.18085994241905e-10,5.30627267325412e-11,-1.23333315061573e-10,-1.2053187710453e-10,-1.49389262860225e-10,-2.74810763342783e-10,-2.33266513924919e-10,-1.5845425744401e-10,-2.220352419734e-10,-1.39592862384197e-10,-2.5834247133054e-10,-1.13304131719532e-10,9.976113069859e-11,-7.10676352412744e-11,-1.74321593092382e-10,-9.57609071213309e-11,7.72184102043454e-11,-1.51706770660205e-10,4.05170273455316e-11,-9.19913174929225e-12,-2.55645438590837e-11,-2.24409781745197e-10,-3.12994831594614e-11,-2.08560720714478e-10,-3.10990144187857e-10,-2.48199345327098e-10,-5.12747245622063e-11,-2.64319164320119e-10,-1.91266639842332e-10,3.60836169199988e-11,-8.38273635182326e-11,-3.77020252045733e-10,-1.32962593499402e-10,-2.68722130005723e-10,-1.21382834132833e-10,-1.19913341864631e-10,-5.17505723435519e-11,-6.21034517015397e-11,-2.04569751653376e-10,-1.21076969152422e-10,-1.17289696980131e-10,-7.41006487067471e-11,-1.67943766462453e-10,-2.98301451125331e-10,-8.29489068901399e-11,5.4667865562058e-11,-1.51711369825944e-10,-1.91762767595058e-10,-4.40823791231418e-10,4.71044572325004e-11,-2.87051026569208e-10,-1.57559592967383e-10,-3.10900464592446e-10,-1.9251189549142e-10,-2.56931663708856e-10,-1.03778476859031e-10,-1.9301325152035e-10,-1.68056685684124e-10,-1.32189053372825e-10,-1.90909083863338e-10,-1.02051925449471e-10,-3.18861976206606e-10,-1.10745683433744e-10,-2.20745394081988e-11,-1.39679792589777e-10,-3.76722151706717e-10,-3.21362651359609e-10,-1.0772691422157e-10,-1.6284249882398e-10,-2.03920516762649e-10,-4.59215582649279e-11,-1.66629816374376e-10,-1.86677566392712e-10,-2.03050634751883e-10,-5.47345050042901e-11,-8.97291245463601e-11,-2.32203871149643e-10,-2.07672136738696e-10,-2.03944319485952e-10,-1.19443367576663e-10,-9.70443059961206e-11,-1.11719540430781e-10,-2.14690841083876e-10,-2.56087359847185e-10,-1.47372364086859e-10,-2.66196472911099e-10,-7.99848811193724e-11,-1.50387414277887e-10,-1.16981776447308e-10,-2.37204231388463e-10,-2.28276952523558e-10,-1.32345921197533e-10,-2.07923212047223e-10,-2.90393653008807e-10,-2.64163290579738e-10,-1.97187138778513e-10,-1.09048097483617e-10,-3.5500148199158e-10,-1.63725406457846e-10,-2.07729845641179e-10,2.78250365468703e-11,-2.53736830506429e-10,-1.27842417804506e-10,-1.68369548867023e-10,-1.05552156244051e-10,-3.25684662167323e-10,-1.98823449093244e-10,-1.39665465977832e-10,-8.47592573797555e-11,-2.01970087084613e-10,-1.1175983379168e-10,7.8642066767529e-11,-1.76514027095811e-10,-1.18595041207912e-11,-3.06222293169131e-10,-2.62112680521004e-10,-2.48446100721582e-10,-2.83802166351873e-10,-4.5740657891837e-11,-2.38550602062295e-10,-2.05075868965543e-10,-1.94398855308433e-10,-1.64798544209981e-11,-1.83921847718586e-10,-1.92002714316417e-10,-4.05045472874271e-10,-1.74740743934797e-10,-3.22762480291534e-10,-2.43784695838092e-10,-3.01631588994428e-10,-1.947673097366e-10,-3.39236155986121e-10,-8.9852871073564e-11,-2.85522101504824e-10,-8.1687774114959e-11,-6.50564418617796e-11,9.01719319165971e-11,-1.46446096422986e-10,-1.47208331251349e-10,-2.26451615235033e-10,-2.74800356186805e-10,-1.51908884607889e-10,-9.45604283337805e-11,-2.78249115641352e-10,-1.48165251138912e-10,-2.10207093780885e-10,-2.4791458037088e-10,-6.08865758968775e-11,-1.69660502151829e-10,-2.65950507178585e-10,1.04149539693041e-11,-3.22949680928391e-10,-1.47379807406088e-10,-3.13571538285855e-10,-2.38854286259426e-10,-1.50290223396441e-10,-3.61144903862859e-10,1.35812740736763e-11,-3.02501601937648e-10,-3.09183000018545e-10,-2.34201212335468e-10,-1.89550647468241e-11,-1.71405090995513e-10,-3.05624203421461e-10,-1.77131970014587e-11,-1.56337852059748e-10,-1.7302581434453e-10,-3.54013970719299e-10,-3.23357794071586e-10,-5.58623954420162e-11,-5.80418868065909e-11,-3.88955240063752e-10,-1.29273120684944e-10,-1.46807486540203e-10,-2.88624217722713e-10,-2.26772569721118e-10,-1.31668212577751e-10,-5.39344454635879e-11,-6.15696817609043e-11,-2.4432053757986e-10,-1.03457216708412e-10,-6.18508488403811e-11,-2.13819529189441e-10,-3.53804488801357e-10,-4.04115035773129e-10,-1.28756554291332e-10,-2.93889355858017e-10,-4.91323577151152e-11,-8.33813404584202e-11,-1.29051731978608e-10,-2.2191383069707e-10,-2.88549633446743e-10,-1.88052004510454e-10,-2.98204023243942e-10,-1.99124046103751e-10,-3.32652331173039e-10,-2.40784673322259e-11,-3.73376334332775e-10,-1.2930829807108e-10,-2.01042839522962e-10,-1.78807431840017e-10,-2.85284102260889e-10,-2.74140177267222e-11,-1.73155435042432e-10,-3.47755191763716e-10,-1.06276762592436e-10,-3.16132188368754e-11,-1.28883125855371e-10,-1.91998256157587e-10,-7.74086794557759e-12,-1.8751904887581e-10,-1.2772523562745e-10,-2.77718561814852e-10,-1.10971661074246e-10,-1.64160237289421e-10,-1.37038486447134e-10,-1.21405031834704e-10,-3.66241318734715e-10,-8.4870060579059e-11,-7.22425134483872e-11,-1.64759160713409e-10,-2.99785318340446e-10,-4.21323573974882e-11,-3.28887168924021e-10,-1.76782144985851e-10,-1.76346900771508e-10,-1.34944883122115e-10,-2.37966349292031e-10,2.45622197847147e-11,-7.85164879205266e-11,-1.33262249798615e-10,-1.97768588988532e-10,-1.50003150059074e-11,-1.41336507441931e-10,-2.58020141436987e-10,-9.84653576345753e-11,-2.03898745902821e-11,-1.15071187795774e-10,-1.74431513183798e-10,-1.76149069746931e-10,5.40137784870028e-11,-1.93990952314553e-10,-2.84630184333785e-11,-1.42603328940062e-10,-1.69324908408963e-10,-1.50398416934152e-10,-2.16496684781947e-10,-4.45630742951472e-11,-8.46261904657568e-11,-8.28899187817217e-11,-1.36686512688793e-10,-1.32009835193218e-10,5.37902982934832e-11,-2.94093505364001e-11,-2.86439377658106e-11,-8.57408288721826e-11,5.97602303600198e-11,3.39204000169257e-11,-2.01997547727894e-10,-1.97832847366405e-10,1.03347047049812e-10,-1.4706169730252e-10,-2.63173778055323e-11,1.68077131774345e-11,-3.04669520076729e-11,1.30701369405621e-10,1.5802473778329e-10,9.53153823139742e-11,-1.33397621924907e-10,3.63668555575532e-11,-6.08551465379691e-12,-2.23459567863059e-11,-7.35313534630655e-11,7.78176021439374e-11,6.29801148592367e-11,-1.10937261756647e-11,7.47351934057919e-11,1.68516216075497e-10,2.16256912968057e-10,-1.90874315560188e-11,2.35497054188115e-10,5.75609179303576e-11,2.60620202704612e-10,3.14156696117416e-10,2.65601499380114e-10,4.02364165822088e-10,-2.12576892957359e-12,1.11831920715683e-10,2.53696435725411e-10,2.47813755027552e-10,2.31041444497005e-10,3.4111062375871e-10,2.14968235959595e-10,2.15566360586622e-10,3.22965124676698e-10,3.32644295445893e-10,5.11397065467974e-10,2.63637962643594e-10,3.88789988383234e-10,3.70161771247612e-10,2.72061306149042e-10,3.43020459499865e-10,5.19622133153817e-10,4.36185903497486e-10,5.17434521867671e-10,4.30658461219122e-10,7.03240853539989e-10,6.43160159019326e-10,4.70533940374442e-10,5.60294530636571e-10,6.18099826089078e-10,6.16798840618904e-10,5.43574999130851e-10,8.20134795555427e-10,6.37628441762217e-10,8.6567427605933e-10,9.76075214815891e-10,8.17008386277046e-10,9.26754460640827e-10,8.41630248115956e-10,1.01041714826401e-09,1.11107089890268e-09,1.09132666590745e-09,1.23401465061395e-09,1.18292215435662e-09,1.06454302817006e-09,1.34977981140972e-09,1.61588251941701e-09,1.49678535136918e-09,1.34610129139178e-09,1.62954846548843e-09
