v,0.25
Patm,100000
g,9.81
r,500
G,10^11.12
rho,2200
mu,10^3.51
rc,18
 
M,10^6.26
sigma,0.1
 
tilt_erupt,4.3569nrad
 
-1384,-1383,-1382,-1381,-1380,-1379,-1378,-1377,-1376,-1375,-1374,-1373,-1372,-1371,-1370,-1369,-1368,-1367,-1366,-1365,-1364,-1363,-1362,-1361,-1360,-1359,-1358,-1357,-1356,-1355,-1354,-1353,-1352,-1351,-1350,-1349,-1348,-1347,-1346,-1345,-1344,-1343,-1342,-1341,-1340,-1339,-1338,-1337,-1336,-1335,-1334,-1333,-1332,-1331,-1330,-1329,-1328,-1327,-1326,-1325,-1324,-1323,-1322,-1321,-1320,-1319,-1318,-1317,-1316,-1315,-1314,-1313,-1312,-1311,-1310,-1309,-1308,-1307,-1306,-1305,-1304,-1303,-1302,-1301,-1300,-1299,-1298,-1297,-1296,-1295,-1294,-1293,-1292,-1291,-1290,-1289,-1288,-1287,-1286,-1285,-1284,-1283,-1282,-1281,-1280,-1279,-1278,-1277,-1276,-1275,-1274,-1273,-1272,-1271,-1270,-1269,-1268,-1267,-1266,-1265,-1264,-1263,-1262,-1261,-1260,-1259,-1258,-1257,-1256,-1255,-1254,-1253,-1252,-1251,-1250,-1249,-1248,-1247,-1246,-1245,-1244,-1243,-1242,-1241,-1240,-1239,-1238,-1237,-1236,-1235,-1234,-1233,-1232,-1231,-1230,-1229,-1228,-1227,-1226,-1225,-1224,-1223,-1222,-1221,-1220,-1219,-1218,-1217,-1216,-1215,-1214,-1213,-1212,-1211,-1210,-1209,-1208,-1207,-1206,-1205,-1204,-1203,-1202,-1201,-1200,-1199,-1198,-1197,-1196,-1195,-1194,-1193,-1192,-1191,-1190,-1189,-1188,-1187,-1186,-1185,-1184,-1183,-1182,-1181,-1180,-1179,-1178,-1177,-1176,-1175,-1174,-1173,-1172,-1171,-1170,-1169,-1168,-1167,-1166,-1165,-1164,-1163,-1162,-1161,-1160,-1159,-1158,-1157,-1156,-1155,-1154,-1153,-1152,-1151,-1150,-1149,-1148,-1147,-1146,-1145,-1144,-1143,-1142,-1141,-1140,-1139,-1138,-1137,-1136,-1135,-1134,-1133,-1132,-1131,-1130,-1129,-1128,-1127,-1126,-1125,-1124,-1123,-1122,-1121,-1120,-1119,-1118,-1117,-1116,-1115,-1114,-1113,-1112,-1111,-1110,-1109,-1108,-1107,-1106,-1105,-1104,-1103,-1102,-1101,-1100,-1099,-1098,-1097,-1096,-1095,-1094,-1093,-1092,-1091,-1090,-1089,-1088,-1087,-1086,-1085,-1084,-1083,-1082,-1081,-1080,-1079,-1078,-1077,-1076,-1075,-1074,-1073,-1072,-1071,-1070,-1069,-1068,-1067,-1066,-1065,-1064,-1063,-1062,-1061,-1060,-1059,-1058,-1057,-1056,-1055,-1054,-1053,-1052,-1051,-1050,-1049,-1048,-1047,-1046,-1045,-1044,-1043,-1042,-1041,-1040,-1039,-1038,-1037,-1036,-1035,-1034,-1033,-1032,-1031,-1030,-1029,-1028,-1027,-1026,-1025,-1024,-1023,-1022,-1021,-1020,-1019,-1018,-1017,-1016,-1015,-1014,-1013,-1012,-1011,-1010,-1009,-1008,-1007,-1006,-1005,-1004,-1003,-1002,-1001,-1000,-999,-998,-997,-996,-995,-994,-993,-992,-991,-990,-989,-988,-987,-986,-985,-984,-983,-982,-981,-980,-979,-978,-977,-976,-975,-974,-973,-972,-971,-970,-969,-968,-967,-966,-965,-964,-963,-962,-961,-960,-959,-958,-957,-956,-955,-954,-953,-952,-951,-950,-949,-948,-947,-946,-945,-944,-943,-942,-941,-940,-939,-938,-937,-936,-935,-934,-933,-932,-931,-930,-929,-928,-927,-926,-925,-924,-923,-922,-921,-920,-919,-918,-917,-916,-915,-914,-913,-912,-911,-910,-909,-908,-907,-906,-905,-904,-903,-902,-901,-900,-899,-898,-897,-896,-895,-894,-893,-892,-891,-890,-889,-888,-887,-886,-885,-884,-883,-882,-881,-880,-879,-878,-877,-876,-875,-874,-873,-872,-871,-870,-869,-868,-867,-866,-865,-864,-863,-862,-861,-860,-859,-858,-857,-856,-855,-854,-853,-852,-851,-850,-849,-848,-847,-846,-845,-844,-843,-842,-841,-840,-839,-838,-837,-836,-835,-834,-833,-832,-831,-830,-829,-828,-827,-826,-825,-824,-823,-822,-821,-820,-819,-818,-817,-816,-815,-814,-813,-812,-811,-810,-809,-808,-807,-806,-805,-804,-803,-802,-801,-800,-799,-798,-797,-796,-795,-794,-793,-792,-791,-790,-789,-788,-787,-786,-785,-784,-783,-782,-781,-780,-779,-778,-777,-776,-775,-774,-773,-772,-771,-770,-769,-768,-767,-766,-765,-764,-763,-762,-761,-760,-759,-758,-757,-756,-755,-754,-753,-752,-751,-750,-749,-748,-747,-746,-745,-744,-743,-742,-741,-740,-739,-738,-737,-736,-735,-734,-733,-732,-731,-730,-729,-728,-727,-726,-725,-724,-723,-722,-721,-720,-719,-718,-717,-716,-715,-714,-713,-712,-711,-710,-709,-708,-707,-706,-705,-704,-703,-702,-701,-700,-699,-698,-697,-696,-695,-694,-693,-692,-691,-690,-689,-688,-687,-686,-685,-684,-683,-682,-681,-680,-679,-678,-677,-676,-675,-674,-673,-672,-671,-670,-669,-668,-667,-666,-665,-664,-663,-662,-661,-660,-659,-658,-657,-656,-655,-654,-653,-652,-651,-650,-649,-648,-647,-646,-645,-644,-643,-642,-641,-640,-639,-638,-637,-636,-635,-634,-633,-632,-631,-630,-629,-628,-627,-626,-625,-624,-623,-622,-621,-620,-619,-618,-617,-616,-615,-614,-613,-612,-611,-610,-609,-608,-607,-606,-605,-604,-603,-602,-601,-600,-599,-598,-597,-596,-595,-594,-593,-592,-591,-590,-589,-588,-587,-586,-585,-584,-583,-582,-581,-580,-579,-578,-577,-576,-575,-574,-573,-572,-571,-570,-569,-568,-567,-566,-565,-564,-563,-562,-561,-560,-559,-558,-557,-556,-555,-554,-553,-552,-551,-550,-549,-548,-547,-546,-545,-544,-543,-542,-541,-540,-539,-538,-537,-536,-535,-534,-533,-532,-531,-530,-529,-528,-527,-526,-525,-524,-523,-522,-521,-520,-519,-518,-517,-516,-515,-514,-513,-512,-511,-510,-509,-508,-507,-506,-505,-504,-503,-502,-501,-500,-499,-498,-497,-496,-495,-494,-493,-492,-491,-490,-489,-488,-487,-486,-485,-484,-483,-482,-481,-480,-479,-478,-477,-476,-475,-474,-473,-472,-471,-470,-469,-468,-467,-466,-465,-464,-463,-462,-461,-460,-459,-458,-457,-456,-455,-454,-453,-452,-451,-450,-449,-448,-447,-446,-445,-444,-443,-442,-441,-440,-439,-438,-437,-436,-435,-434,-433,-432,-431,-430,-429,-428,-427,-426,-425,-424,-423,-422,-421,-420,-419,-418,-417,-416,-415,-414,-413,-412,-411,-410,-409,-408,-407,-406,-405,-404,-403,-402,-401,-400,-399,-398,-397,-396,-395,-394,-393,-392,-391,-390,-389,-388,-387,-386,-385,-384,-383,-382,-381,-380,-379,-378,-377,-376,-375,-374,-373,-372,-371,-370,-369,-368,-367,-366,-365,-364,-363,-362,-361,-360,-359,-358,-357,-356,-355,-354,-353,-352,-351,-350,-349,-348,-347,-346,-345,-344,-343,-342,-341,-340,-339,-338,-337,-336,-335,-334,-333,-332,-331,-330,-329,-328,-327,-326,-325,-324,-323,-322,-321,-320,-319,-318,-317,-316,-315,-314,-313,-312,-311,-310,-309,-308,-307,-306,-305,-304,-303,-302,-301,-300,-299,-298,-297,-296,-295,-294,-293,-292,-291,-290,-289,-288,-287,-286,-285,-284,-283,-282,-282,-281,-280,-279,-278,-277,-276,-275,-274,-273,-272,-271,-270,-269,-268,-267,-266,-265,-264,-263,-262,-261,-260,-259,-258,-257,-256,-255,-254,-253,-252,-251,-250,-249,-248,-247,-246,-245,-244,-243,-242,-241,-240,-239,-238,-237,-236,-235,-234,-233,-232,-231,-230,-229,-228,-227,-226,-225,-224,-223,-222,-221,-220,-219,-218,-217,-216,-215,-214,-213,-212,-211,-210,-209,-208,-207,-206,-205,-204,-203,-202,-201,-200,-199,-198,-197,-196,-195,-194,-193,-192,-191,-190,-189,-188,-187,-186,-185,-184,-183,-182,-181,-180,-179,-178,-177,-176,-175,-174,-173,-172,-171,-170,-169,-168,-167,-166,-165,-164,-163,-162,-161,-160,-159,-158,-157,-156,-155,-154,-153,-152,-151,-150,-149,-148,-147,-146,-145,-144,-143,-142,-141,-140,-139,-138,-137,-136,-135,-134,-133,-132,-131,-130,-129,-128,-127,-126,-125,-124,-123,-122,-121,-120,-119,-118,-117,-116,-115,-114,-113,-112,-111,-110,-109,-108,-107,-106,-105,-104,-103,-102,-101,-100,-99,-98,-97,-96,-95,-94,-93,-92,-91,-90,-89,-88,-87,-86,-85,-84,-83,-82,-81,-80,-79,-78,-77,-76,-75,-74,-73,-72,-71,-70,-69,-68,-67,-66,-65,-64,-63,-62,-61,-60,-59,-58,-57,-56,-55,-54,-53,-52,-51,-50,-49,-48,-47,-46,-45,-44,-43,-42,-41,-40,-39,-38,-37,-36,-35,-34,-33,-32,-31,-30,-29,-28,-27,-26,-25,-24,-23,-22,-21,-20,-19,-18,-17,-16,-15,-14,-13,-12,-11,-10,-9,-8,-7,-6,-5,-4,-3,-2,-1,0
-1.40052834954784e-11,-1.87690050168169e-10,5.15971046018493e-11,7.95982090133984e-11,4.39087063049202e-11,2.06977827309704e-11,-6.02250821321644e-11,1.17524135505844e-10,-1.14968478154626e-11,-9.79299038376882e-11,-6.62731659160448e-11,9.17144388031649e-11,-5.71436360115998e-11,-2.87058093197505e-11,-3.65056134500146e-11,-1.72624467420138e-10,8.96327088490859e-14,-1.53171122131323e-10,6.78437596534504e-11,1.57949069698961e-10,2.15225336439035e-11,2.4645273970893e-11,-7.02755228085648e-11,4.36794552605253e-11,1.04361659767446e-11,-4.406781343839e-11,4.01000500689348e-11,5.22085531393867e-11,1.66278672057432e-12,-7.78389747454218e-11,3.92444570815254e-11,-1.57985636837113e-10,2.07014126692057e-10,-1.6506761471352e-10,1.08020808446496e-10,6.34901388136677e-11,5.94029597576148e-11,-1.81149208373677e-10,-1.91648790038455e-11,-4.19448877584536e-11,-3.72127705907329e-12,-1.96396892954264e-10,4.40061750300924e-11,1.44632461282297e-10,1.3499110417923e-10,-8.94891467750749e-11,-7.24023543222822e-12,7.96130299862787e-11,2.90567869289491e-11,-4.83602611613625e-13,4.03637493292419e-11,-2.12938018712179e-10,-1.26365268209435e-10,-1.32382353252077e-10,9.98912533410134e-11,4.02489765554227e-11,1.21642400695085e-12,2.37094813612092e-11,-2.19442114623815e-11,-6.62890326907437e-11,8.50768517308447e-11,-4.60852323947572e-11,1.86402671957939e-11,-1.27766427889401e-11,1.16998392606204e-10,-4.43888897555924e-11,-1.07125839019954e-10,-1.13242218628902e-10,-1.62055392222513e-10,1.9525534903973e-11,1.18590862690837e-11,-2.14886860079046e-10,1.64033892622595e-10,7.26960051178713e-13,6.94695185745684e-11,-1.19593523881202e-10,3.34261751977229e-11,7.38515249064868e-12,6.78928395145554e-11,2.24595116055801e-10,-6.91980698596427e-11,-1.21002075978134e-11,-3.0461158154704e-11,3.11050127191515e-11,-1.20674203960208e-10,7.08254779575965e-11,-9.96374220546403e-11,1.33463006107102e-10,2.06223085039673e-11,-6.09602631771063e-11,-6.78087783223238e-11,-1.59023106079862e-11,5.6236569564051e-11,2.15435477690451e-11,-8.4457959183521e-11,-1.75515221049818e-10,7.11162171421449e-11,1.37805013755345e-10,-1.25981990816359e-11,1.00917210045156e-10,-1.13448049535076e-11,-9.81873381297142e-11,1.32545615724956e-11,-1.68297584354731e-11,1.42262460061457e-10,1.37144348331375e-10,2.56359581244868e-11,-7.90606431681233e-11,-6.02862176131767e-11,-8.81073309111561e-11,-1.73646682002263e-10,1.44906244535813e-10,5.30122295804169e-11,-6.49994234778549e-11,-2.6563416996423e-11,1.34215126995223e-10,-5.9759785462537e-11,-3.2017640781987e-11,6.76189373620065e-11,-9.22847131728282e-11,-1.89879924628574e-11,-9.30586551801326e-12,-9.6263586087952e-11,2.14901687561844e-10,8.01794358129461e-11,1.47275974829511e-11,-1.97058150527503e-10,-1.09287520694383e-11,-6.32978733367134e-11,5.07400660563771e-11,-2.59051952766939e-10,2.47189497489343e-10,4.45009327288643e-11,-1.77491185205696e-10,-4.54444870365673e-11,-5.655111814571e-11,1.16459930809339e-10,-1.43552725136513e-11,-7.76352570952737e-11,-9.82929528997439e-11,-9.07564066058805e-11,1.31422471970721e-11,1.41222851149293e-10,2.35220257653114e-11,7.1562626925722e-11,-1.14861975117741e-11,2.26019321520197e-10,4.80259804377219e-12,-8.27473085325283e-11,1.6402065421035e-10,2.16205554876688e-12,2.81757443810628e-11,1.45500701382956e-10,-5.63048425644594e-11,-8.14441663024896e-11,3.15894806269108e-11,2.60044796221428e-11,5.29779548838072e-11,1.7794260617162e-10,1.35680309176704e-13,-2.51719642730813e-12,1.18255789365602e-11,-1.30589203803058e-10,8.88625493729451e-11,1.02209600036095e-10,-3.17227069477562e-11,3.95003052607857e-11,-4.19447637971936e-11,1.76102611784004e-10,-2.36752197547849e-10,-1.16355236620344e-10,1.55589246261887e-10,-1.3884562684233e-10,-6.46491881060075e-11,4.43434047077195e-11,-9.27419735706661e-11,-2.12486984819592e-11,8.17977152940311e-11,-5.64343568627721e-11,-9.12430517055599e-11,6.61346464950457e-11,-2.69794891248057e-10,-7.01032514365034e-11,5.56411922140052e-11,1.53811708346855e-10,-4.01927566864715e-11,-9.27194870425637e-11,-1.66567526142508e-10,-1.04074110842871e-10,-1.0330129465678e-10,-5.85501350419623e-11,1.1389861512316e-10,-5.30610153864115e-11,-1.98613492231756e-10,4.89008313452485e-12,-4.46227064221737e-12,3.90410340369252e-12,-6.47569833902064e-11,3.71600663536377e-11,1.1864890780668e-10,-1.23596561055963e-11,2.88413928352877e-11,1.33317727877664e-10,-3.27286034975088e-11,-1.49752301935075e-10,-1.55095339911553e-11,1.2444120540676e-10,-2.51967344441887e-10,7.74096625199889e-12,1.15876213737566e-10,-2.28125998868352e-11,-2.39931040138893e-11,-7.19582495473681e-12,-1.57807349662655e-11,-5.90725431637586e-11,-2.17264380109865e-10,-2.35296393499026e-11,-7.16283911861936e-11,-1.78863642979194e-10,7.40945886628741e-11,7.12291930385531e-11,-1.04806179626879e-11,-1.76740513549498e-10,-5.20569175138085e-11,3.49821058175663e-11,-1.55186903250837e-10,5.43445249074021e-12,2.31265970555584e-10,-1.49107783807071e-10,-2.51643995895144e-11,1.22168879962494e-11,-3.86144062166278e-11,-1.23081996646394e-10,6.64277357309754e-11,-6.58339140175598e-12,1.06247832149095e-11,-2.29707820885483e-10,-5.36320696548853e-11,-2.24908159842927e-10,-1.95796887677077e-11,7.07499255457676e-12,-1.09888031064013e-10,-7.56721826724003e-11,-7.16041616012107e-11,-2.30963566817716e-11,4.71714368240307e-11,2.01901105853963e-10,3.94018373674212e-11,1.53187584911615e-10,-1.29679181153012e-10,-3.93265944909637e-11,9.12861161801203e-11,-5.31159357260041e-11,3.49945062286266e-11,-4.22061892286761e-12,2.45303053247031e-11,8.95776990825336e-11,4.36454730188696e-11,-4.19426576994889e-11,6.2403076212851e-12,-9.00310984700739e-12,2.97139004341659e-11,7.4341268016731e-11,-9.66270537779011e-11,-1.35816747044521e-10,-3.54658049671741e-11,2.95484574033351e-11,1.01720551172041e-10,-3.04932254918761e-11,1.37408970116686e-10,-4.59326206865296e-11,8.94767200574287e-11,-4.74927723989474e-11,-1.71512337503088e-11,5.00110406542232e-11,-6.81178177035193e-12,-6.27091859166057e-12,8.03064077747716e-11,-1.74770495601178e-10,-3.29078052748251e-11,1.00132064501086e-10,3.71351326771959e-11,2.75216532627968e-11,-1.68538734765823e-10,5.02194522913768e-11,6.65391528733681e-11,1.11685577956024e-11,1.24438833419592e-10,2.53370061343617e-11,1.36563858604816e-10,-2.09400083628832e-11,6.13993776973876e-11,2.18286326416958e-11,7.83126675158148e-12,-1.93509318644405e-11,5.60596726426285e-11,-1.34632291849811e-10,8.58827926060493e-11,-1.5043554367025e-11,-7.22436582134301e-11,-1.40318442685072e-10,9.11810015460442e-11,-6.11174659872485e-11,-8.22263691345733e-11,-8.51518318513897e-11,-6.92307138434623e-11,1.2928702831709e-10,-5.76196379272967e-11,9.92832284461255e-11,1.6495970685216e-11,-3.97224078482425e-11,2.43184743531185e-10,-1.18782669182175e-10,3.68732838918974e-11,1.97631965446935e-10,-2.35003072801389e-11,-2.1791676678304e-10,-3.29660977305002e-11,-1.13013103045194e-10,1.07016220047241e-10,-5.04080629927743e-11,1.48690426742414e-10,1.05481377635732e-10,1.50685809734596e-11,-7.08143037202816e-11,-6.39029752765527e-11,4.69591183331621e-11,7.61868093971351e-11,-2.14697191943323e-11,-1.13219788346334e-10,-2.69593469647932e-11,-9.54612412243423e-11,-5.91866353859607e-12,9.45656359646733e-11,-4.91008992482314e-11,1.27274926030224e-10,-7.35753511754436e-11,-1.17630353676764e-11,1.21275132418927e-11,-5.02225505257645e-11,1.2455248900625e-10,1.36289929496684e-10,2.08886370154771e-10,1.75518494417698e-10,1.68066189579032e-10,-7.85688752125827e-11,-9.31079434914859e-11,1.87824209592617e-10,6.65797660043775e-11,-1.49931417813039e-10,-1.07023761831045e-11,-1.74225151071566e-10,3.37763447387719e-11,-6.27939463382023e-11,2.02791817470798e-11,2.73089123460839e-11,-1.96197785656121e-11,7.33727644735271e-12,2.34425048417247e-11,-1.67623107111524e-11,-2.96381317296413e-11,-1.28292680446834e-10,-9.23722887796896e-12,1.11961730711011e-11,8.98743180450144e-11,-5.87218260713866e-11,-2.23021265697258e-10,6.59149863585492e-11,-1.01064623481236e-10,2.76765787808335e-11,-3.50923171510671e-11,1.68195101622121e-10,-8.15097641592689e-11,7.77630114000498e-11,-7.21583347385162e-11,5.91974113181412e-11,1.67441042868649e-11,6.27875919009132e-11,-4.27744784044099e-11,-1.77826362446015e-11,-1.02022509364386e-10,-5.6105600746947e-11,1.06442811180055e-11,-2.59696515145775e-10,-3.16158853624703e-11,-1.55964312952477e-10,-3.69594559011589e-11,7.4147789198271e-11,1.01785799276397e-10,-1.25569809736962e-10,-3.47551938579245e-11,2.80225561859045e-11,1.22108512359672e-11,6.89648943417156e-12,-9.70878338812072e-11,2.51603928022841e-11,9.82071116582667e-11,-4.47411942526466e-11,2.13736028304061e-11,-9.069540810626e-11,-1.4419929548922e-10,-1.57668263683593e-11,8.54284522521083e-11,-1.38177591643596e-11,-1.26479013145317e-10,6.21218386848346e-11,6.1793274980394e-11,2.71593662867119e-11,1.03803324217062e-10,5.13950033346405e-11,-1.2136993236057e-10,4.40291618365973e-11,-2.48615546169963e-12,1.42943133061555e-10,6.21648705067202e-11,-6.09460117559552e-11,-3.02531535084357e-10,2.8118286460936e-11,-1.6683865535666e-10,-1.25315446777551e-10,-1.0283898900116e-10,7.71363757847369e-11,-2.22186421960119e-10,-1.47549715969844e-10,1.27324570857869e-11,-6.84194093899817e-11,1.75576587498289e-10,2.29815441203203e-10,1.44540067734452e-10,1.04588438689289e-10,-1.42352597571316e-10,6.28498689856493e-11,-4.05479592133306e-11,1.63360074346892e-10,-4.63003874646674e-11,-8.93491218927212e-11,-9.96208800822998e-11,1.61844880336992e-11,-1.67038078291594e-10,4.01658291966293e-11,4.86818243757111e-11,-1.08382413885578e-10,4.36717926903866e-11,2.31237664572003e-11,2.65451620170148e-12,-1.71165508174224e-10,7.57178032688541e-11,-1.51001947974412e-11,-5.75122644756924e-11,-8.30866804688883e-11,-3.94220757280927e-11,1.31103656745231e-10,-3.03226114797203e-11,-7.42374488660341e-11,-5.71803674537198e-11,9.20411524759345e-11,-2.23260456889208e-10,7.33965658105654e-11,1.53769565285986e-11,-6.33795108214117e-11,-5.16853005767989e-11,-7.21501150181698e-11,1.46895857239852e-10,-1.43412403215037e-10,2.41515819980287e-11,-1.6513889289746e-10,-9.90224692460276e-11,1.49924216587221e-10,-8.75380270735958e-13,-6.70241217003202e-11,1.22758800980026e-10,-1.18332252154353e-10,5.45626219679382e-11,-2.57239277003601e-11,-5.46169347543522e-12,9.54587727557857e-11,1.24941685250697e-10,7.05225086755165e-11,-1.34014655754204e-13,-2.0984566832725e-10,-2.20593966412956e-11,-1.65515303399418e-10,6.58622837442509e-11,-8.39689741683206e-11,9.58835702785547e-11,-8.51109204441264e-11,-4.88513642171812e-11,-2.39669685050581e-11,-2.04426012886263e-11,3.54231642476772e-11,3.72966000553887e-11,-5.64238859839767e-11,-5.78180943118924e-11,-1.66107002548403e-10,8.7063840553514e-11,-1.0364942799189e-10,5.37032022104787e-11,-1.44905699724294e-10,-1.24596742884651e-10,6.39011067694276e-11,-3.10701468038053e-11,5.8389786639886e-12,-2.14127080266173e-10,-9.66369449635233e-12,-4.55645285375747e-11,-4.77650451235669e-11,1.5321222104638e-10,-5.03600106166245e-11,-5.46464994226681e-11,1.98831802943905e-10,-5.21644522494339e-11,-3.45887869673782e-11,-4.30457723861637e-11,4.97974545531374e-11,-1.83417809409572e-12,1.38944881411379e-11,-8.13546048765465e-11,-1.06057000890278e-10,-2.52205469894612e-11,-5.7197511407805e-11,-2.65476842303827e-11,1.80083370033888e-11,7.84696903558671e-11,-8.06065915452347e-11,6.99101166720295e-11,-6.49517549445525e-11,-1.96883438851542e-10,-6.18633371059008e-11,-1.29842705186501e-10,-9.03936917855167e-11,-4.97670683821027e-11,4.29091783174884e-11,-1.5362759176905e-10,7.61251069694821e-11,4.88459306382554e-11,1.94583463015359e-11,-7.4795564575288e-11,-9.77108595644357e-11,-5.51404766595843e-11,-1.11554921115374e-10,3.67783392999481e-11,6.23804285506725e-11,1.67873442062163e-10,-6.97850536101324e-11,-8.02149386977558e-11,9.3513523166061e-11,-2.05316316792278e-11,-1.12237173471399e-10,-8.84436147884241e-11,7.8021284149075e-11,7.24141061501295e-11,-3.36667575764985e-11,-6.46047258287702e-11,-1.18827874678236e-10,1.71038965861185e-10,-1.18336258571343e-10,-8.68295350975162e-11,-5.25501263176784e-11,-6.72240356404904e-11,1.29482199228565e-10,8.62480421365225e-11,-9.05566561547691e-11,8.72087832416605e-12,4.20418499330802e-11,7.24280600136602e-11,-6.56460961572744e-11,9.84494549515945e-11,-1.11536536713034e-14,-1.19271077315874e-10,3.80757325895591e-11,6.53676158069943e-11,3.43521960481946e-11,-6.40417350313044e-11,-2.36308922011878e-11,-5.02611015597995e-11,-6.16824455189959e-11,6.32300794984705e-11,-1.27040617871734e-10,3.98669197499356e-11,-8.99000857029699e-11,5.74858561829201e-11,8.34015113748883e-11,6.10072607964705e-11,-4.76706109768441e-11,6.54584480190492e-11,6.51913537579676e-11,-5.07702043651987e-11,7.70307244422988e-11,1.59363912830038e-10,-9.73170091028439e-11,-3.88978990210586e-11,1.90325536722445e-11,5.46080240999979e-11,1.25624634185694e-10,1.45026297347289e-10,1.63727602910025e-12,7.37538442228207e-11,-1.58442546213636e-11,-4.7186728187755e-11,1.01269738567188e-14,-8.70220272501696e-12,-1.41770942301155e-11,-1.62185591179096e-10,-7.4142216623863e-11,-8.19736238248961e-11,-2.08269312432259e-11,1.39471077142247e-11,-2.34165810126467e-11,-2.41061142615265e-11,2.07064556127778e-11,1.90019079988911e-10,1.51592642636253e-12,1.28109532669659e-10,9.522202223257e-11,1.10123781580856e-11,-3.73663465274453e-11,-8.93703792520156e-11,-1.44091020301346e-10,1.23058487952612e-10,-3.6030172836431e-11,-4.12967357800517e-11,-1.0368073032922e-10,-2.66236635483997e-11,1.19621711452523e-10,1.80110612367875e-11,7.76737231348555e-13,-1.42004033386482e-10,-1.53615365743563e-10,-9.28246343744889e-11,5.662685589082e-11,-1.62464371114227e-10,3.86616760445401e-11,-4.88676119403116e-11,1.30278347959795e-10,3.14874107907454e-11,-1.70702055702994e-10,8.7789565230629e-11,1.49957327121725e-10,-1.17434293050788e-10,1.54181646972906e-10,-1.2171557732378e-10,-2.53241380034673e-10,5.83884680857097e-12,-5.98896044000029e-11,8.25521696014655e-11,3.76941066700917e-11,3.5405665156668e-11,1.35889347530166e-10,-2.03688849007617e-11,-1.0506376422411e-10,7.37078522841942e-11,-6.05735208499327e-11,1.00852053094086e-10,5.73492689992379e-11,-4.08324872558778e-11,9.56591799862439e-11,9.98575345633335e-11,5.82153361616577e-11,1.38643918147835e-10,-4.83934764163039e-11,-8.31736670990332e-11,-1.59452873764483e-10,1.03957481415098e-10,-1.44725158777712e-11,6.62303330406168e-11,9.3478232033554e-11,-1.28735958326672e-11,-8.73454644613259e-11,1.70689534337787e-10,-1.06111553422558e-10,1.03085695270337e-10,1.11294095381788e-10,5.06614773621697e-11,-3.75456673341632e-11,-2.4868463112699e-11,1.9324477805954e-10,-1.32240868691984e-10,2.15000288532303e-10,-2.64699422650796e-11,9.88071147223947e-11,-8.29810477496611e-11,-1.3306981345423e-10,9.94812585477705e-11,-3.38116872484685e-11,1.19795156595046e-10,1.16075612446647e-10,1.69260740319659e-14,6.30233742257086e-11,2.92297654509714e-11,1.07817536945837e-10,2.4655104780912e-11,-6.65983361956683e-11,-1.09327748839284e-10,-3.52522188562161e-11,-1.5225800771069e-11,-5.59673608176914e-12,7.14017097012342e-11,7.18405594929426e-11,4.5868602867799e-11,1.59104751598361e-10,-7.4228857207528e-11,2.29698418828937e-12,4.70677187897474e-11,9.76774209608168e-11,-3.19763535323978e-11,-1.55704298398928e-10,-1.18627028655153e-10,2.86858770151267e-11,-5.91251064319985e-11,-4.27624775907139e-11,-3.9508620241069e-11,-1.95063621625827e-12,-2.44683485601485e-11,-3.76342756876978e-11,1.88998268567262e-11,1.15274482768398e-11,-1.63756400941192e-10,4.23401880906264e-11,-7.62473778032263e-11,-8.10630972815849e-11,4.34438891072557e-11,3.35769048806347e-11,5.328362589967e-11,-6.1171824727723e-12,5.30000756256658e-13,3.07217905809825e-11,-1.06748472823115e-11,7.35670040153142e-11,-1.85756862600729e-10,-9.80090368962235e-11,9.82387833733619e-11,-2.9968852717341e-11,3.50838138721015e-11,1.65283836870662e-11,-2.30905363838937e-10,-8.17815118428034e-11,1.71724365331446e-10,3.50349079480114e-11,-2.18603801383554e-10,2.61744219602143e-11,6.58967737898754e-11,-4.24573405554732e-11,4.71667372601286e-11,-5.5065106984573e-11,6.18273038654556e-11,5.31227027314623e-11,2.35318352348413e-11,2.1016983552992e-10,6.64538744948116e-11,-5.60615007504452e-11,-1.41722659574784e-10,-1.59134897628478e-11,1.33000609824655e-10,-3.85116351198722e-11,-1.52282947661306e-10,6.02287197333469e-11,-1.39264309475053e-10,1.09538142521659e-10,1.86201479960595e-10,-5.77902610658992e-12,4.33220916197567e-11,4.61410081531019e-13,-7.83774612141842e-11,-1.14206514220586e-10,1.61935076969941e-11,-1.693322302003e-11,1.32609903709668e-11,-6.37469026010659e-11,8.53896288215121e-12,1.82961436832533e-10,-6.69701332875144e-13,-3.8929570052344e-11,-7.67929664166175e-11,2.25009310708502e-11,1.74758649799136e-11,-9.05168406610394e-11,1.75891163172701e-10,-3.71843346178178e-11,-2.62128265066412e-11,-6.7355986700426e-11,-3.76080578534144e-11,-1.34396498144983e-10,9.45237146493233e-11,1.14980838783335e-10,1.73527631899151e-10,2.48057736953127e-12,7.70266565233977e-11,-7.78917095807099e-11,-1.0000044951233e-10,-1.37296607443727e-10,1.05056572572108e-10,-3.95022288022308e-11,-4.75463810073131e-11,3.45379770792992e-11,4.04427669500047e-11,8.24119633831147e-11,5.63187570256307e-11,-4.50294814959529e-11,-8.50365811025206e-11,4.20571760781055e-11,1.29557749326119e-10,4.61085231231101e-11,1.00618647350729e-10,-9.41670699032792e-13,-9.93094682300797e-11,-6.57653172513953e-11,1.15980668878542e-10,4.34080763669073e-11,-8.72377919626522e-12,-1.38405310674545e-10,-8.8665950627996e-11,1.30591739866936e-10,-1.7715475516854e-10,3.54673746769579e-11,6.6729859593131e-11,4.50904134081128e-11,7.41443745525133e-11,-1.70030304510925e-11,4.86600201020124e-11,-1.32215851266955e-11,-1.7368398872079e-11,-2.62473947304128e-10,-2.30769894965072e-11,-1.75442271157369e-10,-5.81589691720224e-12,2.09411848239326e-10,-6.72370923470473e-11,1.84019416809312e-14,1.73892974234529e-10,-5.60729598821422e-11,6.69589140479214e-11,-4.61128868403852e-11,7.44481394225694e-11,-1.74013895513657e-10,1.66507646916258e-10,1.51158720592385e-10,9.18913489739824e-11,-2.48410862911931e-10,-4.00123819561134e-12,-4.57235950319071e-11,7.52447411085449e-11,7.10305400079318e-11,-8.40121615405391e-12,-4.09680477024777e-11,-1.10522664030086e-10,6.77284693149632e-11,-8.12087812558346e-11,1.50677485368067e-10,2.95596031310775e-11,4.74148949907153e-11,9.09637932662451e-12,-5.19695668855348e-11,1.92667452768749e-10,2.36003129642343e-11,-1.37511352679126e-10,-1.04942502498788e-10,4.97540676938209e-11,-1.06824586515218e-11,1.06290971255058e-10,-1.02628993223575e-10,2.29903060292817e-11,-2.95094531609663e-11,-4.3458148151763e-11,4.08728030659432e-11,1.78556740655783e-11,7.3909529607162e-11,3.73222864946939e-11,-4.53172432553501e-11,-3.26537773316533e-11,1.09054825956408e-10,-1.28693531222433e-10,-1.20523199009122e-10,-4.60955870298194e-11,7.94605057171077e-12,2.12386769865349e-10,3.19034632345435e-11,1.49989052108752e-10,3.72454132014931e-11,9.81376193245979e-11,-3.98852384626287e-11,-4.064563590173e-11,-1.58112535350038e-10,6.03876710748102e-11,-1.58489908943061e-10,3.76564244674799e-12,-4.50607172014858e-11,5.15934415912555e-11,4.19849918005827e-12,1.1425229614085e-10,-1.03055452107948e-10,1.39871827592302e-10,-3.18247289861269e-11,-8.56728893905106e-11,5.32456851031181e-11,2.20493398444501e-12,-1.20408484392548e-12,4.63555722747965e-11,1.06861547534222e-10,4.84067635717664e-11,1.43541918578372e-10,1.1204180871059e-10,-1.19782849939665e-10,-5.17931922144532e-11,-3.32126534633453e-11,-9.47434457722546e-11,9.66123791306665e-11,1.30773306584275e-11,1.66156168742835e-10,7.49699546541138e-11,8.44236255147339e-11,1.67260258107927e-10,5.80745531474951e-11,7.60690911729549e-11,-2.39136968851538e-11,-1.43657886798689e-11,1.09114031228811e-10,7.99459048817108e-11,2.00697942578589e-10,5.46094575184834e-11,-2.36110604528859e-11,-1.44729689401505e-10,2.59945714676357e-11,1.68450041680167e-10,-4.12743073323909e-11,1.08431888856639e-10,-1.15244416800134e-11,-2.13397995935246e-10,-1.09836843662394e-10,2.82550871927658e-11,6.7740907764784e-11,6.2060225361342e-11,1.34969922431956e-10,-1.81482469417827e-10,1.45320105410666e-10,-1.4694116757741e-11,9.66047088763569e-11,-4.76642993318438e-11,3.08539697447284e-11,1.44309439354851e-10,-1.87779216170599e-11,2.92266321456166e-11,3.55820181756826e-11,1.25247049886577e-11,-2.81916793038634e-11,-8.96159182910512e-11,1.57395165554242e-10,1.2409224622661e-10,1.27769582623127e-11,7.83558761584768e-11,-8.47182889118422e-12,1.30701800262261e-11,1.13016812866621e-11,-1.23308840564645e-11,1.54178648587923e-10,-1.75391545978107e-11,-1.71862920398397e-10,-6.98107759566835e-11,2.63885347860777e-10,-1.70372015175506e-11,1.03979676702674e-10,-3.02662719573915e-11,1.24400906507732e-11,-1.12176857445071e-10,-9.1150697584854e-11,3.58727572221426e-11,-1.37485391825147e-10,1.11927858033061e-10,-1.36196475847571e-10,2.10973145039981e-10,-1.32408143364785e-10,5.52517180487014e-12,-1.05376954345709e-10,1.67320183985357e-10,1.09242099596541e-10,-9.19656968793178e-11,8.83960353920617e-11,9.51356215922746e-11,7.56343054326131e-11,-6.1445109916927e-11,6.07465647800323e-12,4.70499637916779e-11,2.08250907723515e-11,-2.0567799098599e-10,-5.92400642075883e-11,4.99895300953621e-11,5.66952906135803e-11,2.3565992370392e-12,1.28389533935283e-11,-1.06653709990733e-10,-4.26367555219261e-11,1.77048784116557e-10,-4.00953040790643e-11,9.99141961236612e-11,1.03747252237466e-10,-1.27503580886289e-10,1.11075296912519e-11,-2.57023202583174e-11,-9.87679858822033e-11,1.99345996569777e-10,6.36095765626952e-11,5.84304189986145e-11,-6.21953466311422e-11,1.29088297048542e-10,4.72963136089069e-11,1.76546763410571e-10,-6.91961114871652e-11,-3.43536976644357e-11,1.92898714201318e-10,-8.26044311332271e-11,-4.82398413644401e-11,6.39333906827159e-11,-3.74115400017745e-11,8.81191625519427e-11,-8.24097968362188e-11,-1.96583620260389e-11,-1.67394366542823e-11,-1.48027158180391e-10,5.39733211294205e-11,1.63270847817366e-10,-5.51200653323238e-12,2.96503563442402e-11,-2.08683421323491e-11,1.29005032842281e-10,3.55814142239112e-11,1.3700991226362e-10,-1.94020252750986e-10,1.86636265329984e-10,-2.83311397676614e-11,1.20902259875156e-10,6.34533450469979e-11,8.01656421521218e-12,3.98481885612032e-11,1.38389049282164e-10,-5.18341436730061e-11,2.09548787074115e-10,-1.70810880828348e-11,1.02619952077643e-10,4.76390958454278e-11,-9.57218073926351e-11,-3.8274977363171e-11,3.05782365508487e-11,9.10838615817348e-12,-5.95313695945899e-11,-2.76430971643296e-11,1.93214293859854e-10,-1.9922734912187e-11,-2.027893774478e-11,-1.01105042737171e-10,-1.83272764169097e-11,-9.41666941543382e-11,1.1885994474534e-10,9.3567705179712e-11,-6.35149498331677e-11,6.11033994880118e-11,-1.41014710918645e-10,1.59310354385243e-10,-1.73018127218827e-11,-3.47100712398138e-12,1.52318841015296e-11,-6.46505107477869e-11,2.01772666934342e-10,7.00118768955946e-11,-1.97004490874865e-10,-1.2092687397213e-10,1.53547889821301e-10,-4.03843498867102e-11,8.40228695490239e-11,1.14234427138872e-10,6.28947930361866e-12,1.15488198183931e-10,-5.20121118176655e-11,-7.9625385811921e-11,-2.26258570253402e-10,-1.94840729556608e-10,-5.68854222345732e-11,8.06454276576394e-12,4.95783245020833e-11,-1.61760462956584e-10,-2.21998148495138e-11,-1.65045172810858e-11,5.52503223833541e-11,-3.88655767252632e-11,-2.09711024195154e-11,-1.22785758047008e-11,6.42175226964102e-11,2.07774231616019e-10,-1.19871720725328e-10,-1.90659341869595e-10,-7.49720567118773e-11,-1.58792460817644e-10,-4.24668607895194e-11,6.19633209066798e-12,-1.67820732864031e-11,4.23051053940994e-11,9.02996473939534e-11,9.86748752386366e-11,-2.55367678836669e-11,2.20460285957554e-12,-1.32440147762633e-10,5.10722871281845e-12,4.67498432307581e-12,-5.77342100164743e-11,-1.83607330832182e-11,1.44767134161304e-10,5.2697870200985e-11,-5.14703022708569e-11,-1.38012730130579e-10,2.11837329214206e-10,1.04317490870769e-10,-6.53097967006041e-12,-1.11403360330539e-10,-3.72839452410693e-11,-9.25191379649354e-11,7.75447064257961e-11,-2.79407581069699e-11,-9.36454889775894e-12,-9.09343189176228e-11,-6.73943710017451e-11,-8.40564804860523e-11,-2.80620434805459e-11,-1.19642160116402e-10,2.04280663504658e-13,-1.74800062004176e-10,-1.08760608104334e-10,-3.77252781484608e-11,-3.0989446045398e-11,-3.38098556573384e-10,-1.21047202511285e-10,-9.68723264978077e-11,-1.56908155337862e-10,-3.33469932636674e-11,7.50768975333679e-11,4.31663215747102e-12,-1.1281039991441e-10,7.53708561791147e-12,-9.51344699494669e-11,-1.1856750127089e-10,9.61171767333341e-11,3.14583504203035e-11,-1.05611117810027e-10,-1.04553807528944e-10,1.80450649066651e-11,-2.97497693471393e-11,-2.14729947673215e-10,-2.37458149029823e-10,-1.63443352926562e-10,-7.77633720180564e-11,-1.72854048225947e-10,-2.02017878375735e-10,-1.61234677518287e-10,2.54558207505706e-11,-8.17328899240158e-11,-1.93723167330046e-10,-1.08086036446093e-10,8.93741085034504e-11,-1.76872683994033e-10,-1.55843367879753e-10,-2.16759983303493e-10,-1.71313801375804e-10,-1.38429751417655e-10,-1.30630732005522e-10,-2.91128529747131e-10,-1.52929520847116e-10,-1.03389191749375e-10,-3.31708759522551e-10,-4.32052715673129e-10,-2.30827865246718e-10,-4.83567103461855e-11,-1.43952496082696e-10,-1.68108326545985e-10,-6.52412946624014e-11,-2.91411787427171e-10,-2.37765874010536e-10,-3.93609416344099e-10,3.15994106627688e-11,-3.80700458139422e-10,-1.59016679662499e-10,-3.13774324627903e-10,-1.35596461844027e-10,-1.48781822954576e-10,-1.09335970651515e-10,-1.76747400435561e-10,-8.82665459367487e-11,-2.62745789130814e-10,-1.03291608668013e-10,-1.57416529781128e-10,-1.80791571277963e-10,-1.31620434279067e-10,-9.18714771795725e-11,-2.66096696172323e-10,-2.20035834343578e-11,-2.74680261919686e-10,-8.93306320953804e-11,-1.50668527661773e-10,-2.12345007641427e-10,-1.71381392483782e-10,-1.37602823767756e-10,-1.78637944071358e-10,-5.50165026773067e-10,-3.1048277396407e-10,-2.61012365421547e-10,-2.62724788074967e-10,-3.42409703354485e-10,-2.35091891013763e-10,-3.89971947267209e-10,-3.35283345445149e-10,-1.90654305688032e-10,-2.45232409677448e-10,-2.54072702915838e-10,-1.67217092696759e-10,-1.92732068186536e-10,-3.10965029590212e-10,-1.78071475854356e-10,-2.08613456414068e-10,-3.55040163303804e-10,-4.03386290470447e-10,-3.42075678694177e-10,-3.02605963013946e-10,-1.90552969718008e-10,-2.48283747609255e-10,-4.50101086936078e-10,-1.78803986830473e-10,-2.50912535833015e-10,-3.88613125927377e-10,-3.14943961290432e-10,-1.88421354753859e-10,-3.73919073359831e-10,-2.57069032586404e-10,-3.91714700095677e-10,-4.91041493120356e-10,-3.22607780440803e-10,-2.46034661351867e-10,-5.44084367948976e-10,-3.44516496649928e-10,-2.29357364533624e-10,-5.37485687791119e-10,-3.54136959671013e-10,-4.54738177261614e-10,-3.84384771838349e-10,-2.73741410889592e-10,-4.60590491687573e-10,-2.70052362161723e-10,-1.99912929730765e-10,-3.45560460267704e-10,-2.73276446191727e-10,-3.45663449222139e-10,-3.43459980849941e-10,-4.09001089091324e-10,-4.00401970284444e-10,-4.86761913947249e-10,-2.22453512815886e-10,-5.30657001950572e-10,-2.75009051229085e-10,-5.01182743513484e-10,-6.30784659068235e-10,-3.56279701679197e-10,-4.96502885832789e-10,-3.80173129920102e-10,-6.02651546421418e-10,-3.79576495005423e-10,-4.62538922022589e-10,-5.64222303327766e-10,-3.24010803219509e-10,-3.80371806383244e-10,-4.3647551052689e-10,-3.87067508226862e-10,-5.30279747846783e-10,-6.13988528438688e-10,-5.83212010167282e-10,-4.6481391180886e-10,-5.01291486971486e-10,-4.42497002786475e-10,-4.3431911870828e-10,-4.48137241881131e-10,-6.45575522624063e-10,-4.66094534164462e-10,-4.23101084257277e-10,-4.50799867584273e-10,-6.50574540037792e-10,-5.36032712962686e-10,-6.96266636916676e-10,-6.24970543886639e-10,-6.54508205841513e-10,-5.34661982546453e-10,-5.05207502765547e-10,-4.61769387191465e-10,-4.49168461254419e-10,-5.16925189482797e-10,-4.79214080249123e-10,-4.58805538026777e-10,-7.04861174199483e-10,-7.24807661830041e-10,-7.80410874527595e-10,-5.82410616902327e-10,-6.98787238866335e-10,-6.84153650139126e-10,-4.99049811715608e-10,-7.23112804184522e-10,-6.28167950614652e-10,-5.7735055450606e-10,-8.3789596016655e-10,-6.15153395745893e-10,-7.5486806909343e-10,-7.38649282046605e-10,-5.76044149068243e-10,-3.28000033515317e-10,-6.14795702978255e-10,-5.40965857945433e-10,-6.13399541566839e-10,-5.97432426478833e-10,-5.75740013645852e-10,-6.80133782115276e-10,-5.80580412566092e-10,-6.41315606759661e-10,-7.40838303079721e-10,-7.19933633519017e-10,-6.65510416333236e-10,-6.06771374089686e-10,-6.61988676087719e-10,-7.34342875419864e-10,-7.30120027227964e-10,-7.67739636805389e-10,-7.68785936478009e-10,-6.56936971734391e-10,-5.87204248696333e-10,-6.51646079478779e-10,-4.66796059090373e-10,-7.11554417339559e-10,-6.20751903155132e-10,-8.10505046344963e-10,-5.87337539666596e-10,-6.95583941283455e-10,-4.64707689345124e-10,-5.66777765916816e-10,-7.06645772666048e-10,-5.79045108819526e-10,-7.58933510924862e-10,-8.28170913044712e-10,-6.04489968664035e-10,-6.4893461168447e-10,-7.1523977682215e-10,-5.60209678321193e-10,-5.36236204025032e-10,-6.62347888438371e-10,-7.59939069755219e-10,-6.70759563523494e-10,-8.42115826648564e-10,-5.20591314447056e-10,-6.0497957066344e-10,-4.49170671719003e-10,-6.73499215090715e-10,-4.34699485618161e-10,-6.415799120358e-10,-5.97668476723565e-10,-5.63502199049557e-10,-4.94646645433868e-10,-4.15033343989683e-10,-3.88791447836419e-10,-2.17471471848098e-10,-4.15517594683428e-10,-2.98102209530233e-10,-2.97175461664767e-10,-2.49477648890338e-10,-1.57306706265352e-10,-5.32824986126818e-11,-6.3950045233632e-12,-7.57678675897343e-11,1.34926280857356e-10,3.29765046497836e-10,8.95983595639414e-11,5.01610922409053e-10,4.59442180412537e-10,6.11779463523357e-10,8.13509288715483e-10,9.93785593753517e-10,1.09929311521013e-09,1.42132853926558e-09,1.43071633158575e-09,1.73672143326573e-09,1.93966391690952e-09,2.22919089903534e-09,2.46506577878523e-09,2.90676134619218e-09,3.43872278733932e-09,3.91042150747239e-09,4.40107993014276e-09
