v,0.25
Patm,100000
g,9.81
r,500
G,10^11.12
rho,2200
mu,10^3.51
rc,18
 
M,10^6.4
sigma,0.5
 
tilt_erupt,6.8325nrad
 
-1240,-1239,-1238,-1237,-1236,-1235,-1234,-1233,-1232,-1231,-1230,-1229,-1228,-1227,-1226,-1225,-1224,-1223,-1222,-1221,-1220,-1219,-1218,-1217,-1216,-1215,-1214,-1213,-1212,-1211,-1210,-1209,-1208,-1207,-1206,-1205,-1204,-1203,-1202,-1201,-1200,-1199,-1198,-1197,-1196,-1195,-1194,-1193,-1192,-1191,-1190,-1189,-1188,-1187,-1186,-1185,-1184,-1183,-1182,-1181,-1180,-1179,-1178,-1177,-1176,-1175,-1174,-1173,-1172,-1171,-1170,-1169,-1168,-1167,-1166,-1165,-1164,-1163,-1162,-1161,-1160,-1159,-1158,-1157,-1156,-1155,-1154,-1153,-1152,-1151,-1150,-1149,-1148,-1147,-1146,-1145,-1144,-1143,-1142,-1141,-1140,-1139,-1138,-1137,-1136,-1135,-1134,-1133,-1132,-1131,-1130,-1129,-1128,-1127,-1126,-1125,-1124,-1123,-1122,-1121,-1120,-1119,-1118,-1117,-1116,-1115,-1114,-1113,-1112,-1111,-1110,-1109,-1108,-1107,-1106,-1105,-1104,-1103,-1102,-1101,-1100,-1099,-1098,-1097,-1096,-1095,-1094,-1093,-1092,-1091,-1090,-1089,-1088,-1087,-1086,-1085,-1084,-1083,-1082,-1081,-1080,-1079,-1078,-1077,-1076,-1075,-1074,-1073,-1072,-1071,-1070,-1069,-1068,-1067,-1066,-1065,-1064,-1063,-1062,-1061,-1060,-1059,-1058,-1057,-1056,-1055,-1054,-1053,-1052,-1051,-1050,-1049,-1048,-1047,-1046,-1045,-1044,-1043,-1042,-1041,-1040,-1039,-1038,-1037,-1036,-1035,-1034,-1033,-1032,-1031,-1030,-1029,-1028,-1027,-1026,-1025,-1024,-1023,-1022,-1021,-1020,-1019,-1018,-1017,-1016,-1015,-1014,-1013,-1012,-1011,-1010,-1009,-1008,-1007,-1006,-1005,-1004,-1003,-1002,-1001,-1000,-999,-998,-997,-996,-995,-994,-993,-992,-991,-990,-989,-988,-987,-986,-985,-984,-983,-982,-981,-980,-979,-978,-977,-976,-975,-974,-973,-972,-971,-970,-969,-968,-967,-966,-965,-964,-963,-962,-961,-960,-959,-958,-957,-956,-955,-954,-953,-952,-951,-950,-949,-948,-947,-946,-945,-944,-943,-942,-941,-940,-939,-938,-937,-936,-935,-934,-933,-932,-931,-930,-929,-928,-927,-926,-925,-924,-923,-922,-921,-920,-919,-918,-917,-916,-915,-914,-913,-912,-911,-910,-909,-908,-907,-906,-905,-904,-903,-902,-901,-900,-899,-898,-897,-896,-895,-894,-893,-892,-891,-890,-889,-888,-887,-886,-885,-884,-883,-882,-881,-880,-879,-878,-877,-876,-875,-874,-873,-872,-871,-870,-869,-868,-867,-866,-865,-864,-863,-862,-861,-860,-859,-858,-857,-856,-855,-854,-853,-852,-851,-850,-849,-848,-847,-846,-845,-844,-843,-842,-841,-840,-839,-838,-837,-836,-835,-834,-833,-832,-831,-830,-829,-828,-827,-826,-825,-824,-823,-822,-821,-820,-819,-818,-817,-816,-815,-814,-813,-812,-811,-810,-809,-808,-807,-806,-805,-804,-803,-802,-801,-800,-799,-798,-797,-796,-795,-794,-793,-792,-791,-790,-789,-788,-787,-786,-785,-784,-783,-782,-781,-780,-779,-778,-777,-776,-775,-774,-773,-772,-771,-770,-769,-768,-767,-766,-765,-764,-763,-762,-761,-760,-759,-758,-757,-756,-755,-754,-753,-752,-751,-750,-749,-748,-747,-746,-745,-744,-743,-742,-741,-740,-739,-738,-737,-736,-735,-734,-733,-732,-731,-730,-729,-728,-727,-726,-725,-724,-723,-722,-721,-720,-719,-718,-717,-716,-715,-714,-713,-712,-711,-710,-709,-708,-707,-706,-705,-704,-703,-702,-701,-700,-699,-698,-697,-696,-695,-694,-693,-692,-691,-690,-689,-688,-687,-686,-685,-684,-683,-682,-681,-680,-679,-678,-677,-676,-675,-674,-673,-672,-671,-670,-669,-668,-667,-666,-665,-664,-663,-662,-661,-660,-659,-658,-657,-656,-655,-654,-653,-652,-651,-650,-649,-648,-647,-646,-645,-644,-643,-642,-641,-640,-639,-638,-637,-636,-635,-634,-633,-632,-631,-630,-629,-628,-627,-626,-625,-624,-623,-622,-621,-620,-619,-618,-617,-616,-615,-614,-613,-612,-611,-610,-609,-608,-607,-606,-605,-604,-603,-602,-601,-600,-599,-598,-597,-596,-595,-594,-593,-592,-591,-590,-589,-588,-587,-586,-585,-584,-583,-582,-581,-580,-579,-578,-577,-576,-575,-574,-573,-572,-571,-570,-569,-568,-567,-566,-565,-564,-563,-562,-561,-560,-559,-558,-557,-556,-555,-554,-553,-552,-551,-550,-549,-548,-547,-546,-545,-544,-543,-542,-541,-540,-539,-538,-537,-536,-535,-534,-533,-532,-531,-530,-529,-528,-527,-526,-525,-524,-523,-522,-521,-520,-519,-518,-517,-516,-515,-514,-513,-512,-511,-510,-509,-508,-507,-506,-505,-504,-503,-502,-501,-500,-499,-498,-497,-496,-495,-494,-493,-492,-491,-490,-489,-488,-487,-486,-485,-484,-483,-482,-481,-480,-479,-478,-477,-476,-475,-474,-473,-472,-471,-470,-469,-468,-467,-466,-465,-464,-463,-462,-461,-460,-459,-458,-457,-456,-455,-454,-453,-452,-451,-450,-449,-448,-447,-446,-445,-444,-443,-442,-441,-440,-439,-438,-437,-436,-435,-434,-433,-432,-431,-430,-429,-428,-427,-426,-425,-424,-423,-422,-421,-420,-419,-418,-417,-416,-415,-414,-413,-412,-411,-410,-409,-408,-407,-406,-405,-404,-403,-402,-401,-400,-399,-398,-397,-396,-395,-395,-394,-393,-392,-391,-390,-389,-388,-387,-386,-385,-384,-383,-382,-381,-380,-379,-378,-377,-376,-375,-374,-373,-372,-371,-370,-369,-368,-367,-366,-365,-364,-363,-362,-361,-360,-359,-358,-357,-356,-355,-354,-353,-352,-351,-350,-349,-348,-347,-346,-345,-344,-343,-342,-341,-340,-339,-338,-337,-336,-335,-334,-333,-332,-331,-330,-329,-328,-327,-326,-325,-324,-323,-322,-321,-320,-319,-318,-317,-316,-315,-314,-313,-312,-311,-310,-309,-308,-307,-306,-305,-304,-303,-302,-301,-300,-299,-298,-297,-296,-295,-294,-293,-292,-291,-290,-289,-288,-287,-286,-285,-284,-283,-282,-281,-280,-279,-278,-277,-276,-275,-274,-273,-272,-271,-270,-269,-268,-267,-266,-265,-264,-263,-262,-261,-260,-259,-258,-257,-256,-255,-254,-253,-252,-251,-250,-249,-248,-247,-246,-245,-244,-243,-242,-241,-240,-239,-238,-237,-236,-235,-234,-233,-232,-231,-230,-229,-228,-227,-226,-225,-224,-223,-222,-221,-220,-219,-218,-217,-216,-215,-214,-213,-212,-211,-210,-209,-208,-207,-206,-205,-204,-203,-202,-201,-200,-199,-198,-197,-196,-195,-194,-193,-192,-191,-190,-189,-188,-187,-186,-185,-184,-183,-182,-181,-180,-179,-178,-177,-176,-175,-174,-173,-172,-171,-170,-169,-168,-167,-166,-165,-164,-163,-162,-161,-160,-159,-158,-157,-156,-155,-154,-153,-152,-151,-150,-149,-148,-147,-146,-145,-144,-143,-142,-141,-140,-139,-138,-137,-136,-135,-134,-133,-132,-131,-130,-129,-128,-127,-126,-125,-124,-123,-122,-121,-120,-119,-118,-117,-116,-115,-114,-113,-112,-111,-110,-109,-108,-107,-106,-105,-104,-103,-102,-101,-100,-99,-98,-97,-96,-95,-94,-93,-92,-91,-90,-89,-88,-87,-86,-85,-84,-83,-82,-81,-80,-79,-78,-77,-76,-75,-74,-73,-72,-71,-70,-69,-68,-67,-66,-65,-64,-63,-62,-61,-60,-59,-58,-57,-56,-55,-54,-53,-52,-51,-50,-49,-48,-47,-46,-45,-44,-43,-42,-41,-40,-39,-38,-37,-36,-35,-34,-33,-32,-31,-30,-29,-28,-27,-26,-25,-24,-23,-22,-21,-20,-19,-18,-17,-16,-15,-14,-13,-12,-11,-10,-9,-8,-7,-6,-5,-4,-3,-2,-1,0
9.2245694156248e-11,-2.94311402207923e-10,-8.26224115712977e-10,1.40536268502974e-10,-4.67440305995885e-10,3.55316354200283e-10,-3.80688489106041e-10,3.92156321731416e-10,3.89294740791277e-10,-8.3365195582623e-10,-5.41940939700649e-10,3.14821426434986e-10,6.0908150018734e-10,-2.20308279652836e-10,4.09624807947922e-11,-3.88016111608003e-10,1.49860394288573e-10,4.15775345723724e-10,1.66745249708389e-10,9.10095738968207e-10,9.42653311758656e-11,1.04138816975413e-09,-3.44382174512823e-10,7.89357811504651e-10,-1.89038243953225e-10,-4.97291579387173e-12,-8.19360567060248e-10,1.06267748990353e-11,-7.17337848679956e-10,2.51347085375325e-11,-2.14467579629026e-10,1.33735482761174e-11,-3.22670501694651e-10,2.2199892576882e-10,6.78962015334177e-10,1.97689304067602e-10,3.13181830156231e-11,-3.72360387135304e-10,3.34357056081294e-10,-1.39840554290082e-10,9.86243331455922e-10,-2.26867275473438e-11,3.18515397514634e-10,-1.25072504992108e-10,-6.70937103300391e-10,2.14260288023115e-10,-7.01996801559501e-10,-4.74954872657648e-10,2.07775732280739e-10,6.0963602459293e-10,-6.82187779719612e-10,-4.05966602590885e-11,7.20187200237169e-11,-4.09861487660128e-10,-2.34547155819724e-10,1.97889015817336e-10,2.05615269751491e-10,6.65689531404235e-10,1.12191983323198e-11,-7.48670208366371e-10,-1.16406072227731e-09,4.29276736246765e-10,-5.58868863711465e-10,-3.16044267189217e-10,-5.66920902504072e-10,-3.71356024789223e-10,7.26758076060868e-10,8.45859904385413e-11,8.80274697610021e-11,6.04842978190663e-10,-8.73950345742182e-11,-1.37721310718961e-10,-4.05197206711882e-10,-9.24628958339535e-10,-3.4899427639339e-10,-1.21268442691972e-09,3.11667917684236e-10,5.36108885560172e-10,-1.52803241687607e-10,9.08542237819986e-11,2.69548698573691e-10,4.3806062842278e-10,-4.54870950902212e-10,4.46545417772606e-10,3.10966543796694e-10,-5.09263185429874e-10,3.58084496735559e-10,1.97017166945062e-10,6.00884375638525e-10,3.86885495282251e-10,-1.6777331269619e-10,3.82567924502781e-10,1.18783519847917e-09,5.12695068222769e-10,-7.87710537831746e-10,5.36784387227729e-10,8.93383309361316e-10,-8.43558521726881e-10,-7.59272746342273e-12,5.04611152691779e-10,-4.62718858752938e-10,-3.37597442949559e-10,6.42330298522656e-10,1.72147765957619e-10,2.10946918716963e-10,-4.69438367147686e-10,-2.54982434594572e-10,-1.82505271195567e-10,4.24380670602347e-10,-6.18119364775055e-10,7.06031540945608e-12,-4.00816920492197e-10,-1.41345591266409e-09,-8.28123217864097e-10,-4.82914066145537e-10,4.23463813942841e-10,9.08131506279317e-10,-6.93568144427727e-10,3.02276406923979e-10,-2.96914508394506e-10,2.29553884256588e-10,1.67124779266285e-10,-1.04897888413478e-10,7.16416187958941e-10,-1.26920256593531e-10,-8.29874899936582e-11,1.07457076243747e-09,-1.22724152735154e-10,-4.1582909144284e-10,2.71080064073929e-10,3.09940601210028e-10,3.48054892607273e-11,-1.38190641940703e-09,5.21741720061256e-10,4.3047014181895e-10,-9.29272621501177e-10,-3.9472702272329e-10,5.32024491746767e-10,-1.76656587051393e-10,8.54832166758442e-10,-2.35559363676934e-10,-5.42716354259939e-10,2.11864224478693e-10,-1.79549872948376e-10,-1.55121643372952e-09,-8.76962881005169e-11,2.15096261423974e-10,5.27648667374662e-10,-3.06241092347173e-10,1.16705255730255e-09,3.74039098398131e-10,7.24295371220128e-12,-5.4521748598754e-10,-3.76593587013781e-10,-4.97694737520397e-10,-1.25373129710758e-11,-2.84349820006838e-10,2.16729113058152e-10,-2.85176245434799e-10,-1.05382740164935e-10,-1.62324525754955e-10,5.24714736943996e-10,7.63610402457341e-10,-3.54343892086853e-10,1.9645305641997e-10,9.43417854050858e-11,4.96313977559773e-10,4.63679295589516e-11,5.80129398229916e-10,-4.00336472702434e-10,-6.08140908133208e-10,2.99534816280555e-11,-6.11923704952521e-11,8.12176744345479e-11,1.16148518858568e-10,3.0779929282657e-10,1.67984574215167e-10,1.34027920799978e-10,-7.66967862874658e-10,-8.13123159798012e-10,-3.01916913075562e-10,-8.13929513870107e-11,-8.65973469450386e-10,2.45769910085864e-11,2.33580934913568e-10,-1.17200846067322e-09,-5.9827789001508e-10,-2.10059301473069e-10,8.04220742172652e-10,9.04168318306254e-11,-7.50264332743692e-10,-8.1084632375456e-11,3.64947758805296e-10,7.53548310405743e-10,-2.90517216905153e-10,-4.57763596421644e-10,-1.26903320042137e-10,-4.55856244810198e-10,-2.04047563242781e-10,3.77095793138103e-10,1.14541685621995e-09,5.95918495519956e-10,-3.75070771673888e-11,4.27824424880388e-10,-1.57464873862482e-10,-3.27551388409652e-11,2.58764130438572e-10,2.12691386287741e-10,6.28016476915875e-10,-4.96722119053194e-10,-3.79358504395891e-10,-7.30177750916595e-10,-3.75140138567495e-10,-5.89222532133126e-11,-2.2006693151868e-10,-6.0865930262759e-10,-2.19625423690167e-11,2.49494479734292e-11,3.5709772950317e-10,4.00640973791056e-10,3.10185144307092e-11,-1.46890466093247e-09,-1.85055229260812e-11,-6.26589552573351e-11,-1.14468579893791e-09,-2.51098791612998e-10,-1.51606062342551e-10,7.7536726434778e-10,6.15443896646974e-10,4.23695787141005e-10,3.53558496110021e-10,-2.02080319022232e-10,5.4404074893843e-11,6.08475293873537e-10,1.04357186777037e-09,-1.379431610287e-10,1.04479858069706e-11,-7.51883282733536e-10,5.20714726080304e-10,-8.30861892924622e-11,4.56718670342257e-10,-2.52918391234589e-10,7.00479652340621e-10,2.23125549638531e-10,-4.30198914180543e-10,-3.28270448377184e-10,6.86117444811353e-10,-2.13209639710508e-10,6.11825608991363e-10,-1.41053347408039e-11,2.04561741803164e-11,-2.41531603083089e-10,-3.02362563284461e-10,8.0614954152194e-11,-1.89338342110432e-10,6.61936251050626e-10,4.32639955909504e-11,-1.26707922585831e-10,-4.50582215556291e-10,3.13088587462874e-10,-5.28351265461712e-10,2.71593943708574e-10,7.41984337208941e-10,-1.04831324378809e-10,-6.63485548909485e-10,3.60891013829251e-10,1.06959220609041e-09,-9.59937392983121e-10,-2.08666839536252e-11,8.48210238250033e-10,2.37868675689478e-10,-7.74417918331923e-10,7.14194174982757e-11,3.2660792115991e-10,2.95673702580536e-10,-6.99022568200263e-10,-4.70385202035835e-10,4.70906866053789e-11,2.25962253110721e-10,-1.48454326684288e-10,-1.32108035144843e-10,-8.83599201301146e-10,3.8950993543866e-10,1.06902492641717e-10,1.17919860650701e-09,-9.95885992657417e-11,-6.04771548550437e-12,-5.07044213056287e-10,-1.07056574260554e-11,-1.18796449256313e-09,2.26235441352032e-10,6.36142176384222e-10,8.76812861662621e-10,-2.44457199943001e-10,-6.50549540478221e-10,3.98531078377851e-10,-6.96599565811429e-10,3.14944672932288e-10,-4.38577324409349e-10,-1.6437117861713e-10,3.10225106966053e-10,6.59832975120807e-10,1.00207634310601e-09,1.91429621885984e-10,-7.87586717199194e-10,-2.63620281561451e-10,-6.72304157458061e-10,-7.4142284528505e-10,-9.19504705624053e-10,4.90194955333011e-10,-2.56244911604094e-10,3.37574458475227e-10,-1.87845510310305e-10,-4.60816371535487e-10,-1.78480720901387e-10,6.43803171871021e-11,2.07926279101797e-10,-8.35325638213542e-11,2.05070234402994e-10,-9.35274056062472e-11,1.15597279415425e-09,-7.66182732405203e-10,1.26018570919124e-10,6.10695722005583e-10,7.1998355619749e-11,8.28287587647653e-11,3.74323075374153e-11,-6.57011216226215e-11,2.18552686512783e-10,6.91119889819107e-10,6.79067157295131e-10,1.40752669851519e-10,1.06951676517886e-09,1.30068172492257e-10,5.02525632908818e-10,5.5983612010809e-10,-1.34614417729905e-10,5.93715755970796e-10,-6.38421574347249e-10,4.42601218491343e-12,-4.44480298452912e-10,-1.32521535284642e-10,-2.93815143668426e-10,-3.93716989716824e-10,3.07200463226291e-10,3.46558680934613e-10,-3.06233548843568e-10,-1.10129086816984e-10,-3.77364013229638e-10,-1.02341188242011e-10,2.49309811305979e-10,-5.43712587546531e-10,1.34693069953024e-09,-6.84811800526597e-10,-1.00534589198439e-10,1.02286780743833e-09,-5.78763370163755e-10,-1.86998402885699e-10,-1.1935592083004e-10,-1.75661939413219e-10,2.02823254071284e-10,9.34335134941915e-10,-8.84319054381081e-10,-4.75662063797403e-11,4.12347276145131e-10,5.96989728570452e-10,-4.32840122177565e-10,1.14377724177912e-10,3.82338896766526e-10,-5.23096978712325e-11,1.00362599549988e-09,-1.21605109853126e-09,2.51059344328898e-10,3.17862031532785e-10,-5.82082100506412e-10,1.16017597219439e-09,4.57724456582485e-10,-2.52706382533927e-10,3.26592861388281e-10,8.8527499622364e-11,-8.53229704955296e-10,-3.0473544571983e-10,-6.79231033567019e-10,7.6364462044604e-10,3.8901217584972e-10,2.50255116668721e-10,2.94504304188097e-10,-4.2676966820838e-10,-2.18867882343768e-10,-6.00624154103765e-10,-8.00083669879589e-10,9.58621515103844e-10,-3.3891457206212e-10,1.67717093527179e-10,-6.39456626068417e-10,1.84989100313319e-10,8.55540118168116e-10,6.49089155031997e-10,1.01461378504325e-09,-2.74057572925721e-10,-2.3304076371923e-10,3.93240825696441e-10,7.76025326325618e-10,1.63054645627293e-12,1.27100884609207e-10,9.17870161342286e-10,8.45659454828985e-11,-1.98088949055446e-10,2.5035534980736e-10,9.89420771253654e-11,4.04673676676898e-11,5.19966765486379e-10,-3.60766425166971e-10,2.90948638795322e-10,3.06749198232841e-10,5.95358463699355e-11,9.89189884538542e-10,1.61758507204805e-10,-1.96467692119574e-10,1.27927862509095e-10,-4.31948960330425e-10,6.60975401841674e-10,8.95048877474108e-10,-9.43084305922305e-10,8.39987177765538e-10,1.12752956076086e-10,1.31978033969853e-10,1.06408776128278e-10,-2.25610698005222e-11,-1.29141322723638e-11,7.45385791882138e-11,4.51675830076599e-10,9.70219417144482e-11,-1.55012362357568e-10,-1.33112962943035e-10,7.34229603772659e-10,-5.48037189361376e-10,2.39770745564967e-10,-2.34084076527169e-10,-5.22989940271709e-11,3.62045738650803e-10,-1.44474423856771e-10,9.63758474770725e-10,4.34236610550298e-10,2.37601817501414e-10,4.89216007826922e-10,4.86102183123005e-10,7.10583966637445e-10,1.52264473847088e-10,3.13270166933657e-10,-7.3548879125002e-10,-2.40855472463055e-10,-9.0995098567252e-11,-3.72270472155607e-10,1.34388929965573e-10,-9.72741332783995e-10,3.4539671249821e-10,3.40290656078224e-10,4.852704281991e-10,-5.14865765487979e-10,5.52001615358273e-10,2.68196284339076e-10,3.29030821456013e-10,2.96864643431128e-10,3.30645258113004e-11,4.57567947231032e-10,-8.32584572250822e-11,9.76736686576377e-12,3.90604547865076e-10,1.09538376255154e-10,1.15195378853527e-10,1.01411320910368e-09,3.8333508613336e-10,-8.14074135840174e-10,7.06912355291597e-10,2.40745345947625e-10,-2.81226746026819e-10,2.34161586420773e-10,4.90155428095545e-10,1.27787144020439e-10,-2.74219787588247e-11,-1.25257140832497e-09,-1.116906639581e-09,-3.47986226265234e-10,-3.66994813575677e-10,9.49601164568119e-10,-3.35099849264637e-10,3.21250640815035e-10,1.3454613478951e-10,-4.13314084859859e-10,-9.83606767494868e-10,-3.28163627751103e-10,-5.88368029718523e-11,-2.77519559980452e-10,7.4487319317667e-10,1.1635069248749e-09,-6.95791059699506e-10,1.80511184076757e-10,-4.88711851563807e-11,4.0320531632426e-10,-9.43305816361671e-10,4.9424806198431e-10,3.13318614619349e-10,-3.01602321669609e-10,2.19391222435931e-10,-7.10779232277807e-10,-4.72754551553402e-10,-5.35249291069425e-10,-5.2938146608541e-10,4.80043881323688e-10,-4.86040882241415e-10,-1.46391758613591e-10,-1.61974244876965e-11,2.11126167117714e-10,-5.76382019602073e-10,1.14614423782286e-10,1.47562659160346e-10,-1.68173096537054e-10,9.07220281032779e-10,5.29188464799828e-10,-8.67342907413761e-11,4.45927174792298e-11,-3.08827566173667e-10,5.28510926098725e-10,-1.58971599870783e-10,2.53977362482919e-11,-1.10452213440679e-09,6.19188484389799e-10,-1.15780293925976e-10,7.614616037313e-11,5.29678495434915e-10,-8.59016570934067e-11,-1.60326113643457e-10,-7.27567900887593e-11,-1.73711553412829e-10,1.78959763812719e-10,1.03062085582732e-09,5.28347349885863e-10,-8.57302530716468e-10,1.03676800369758e-09,-5.20009223344027e-10,6.31356613904137e-11,6.15007848470374e-10,-1.01979973955913e-09,-3.80788434881835e-11,-3.15740666686464e-10,7.15228836211149e-10,-3.81776522945844e-10,-4.49961369146508e-10,-4.39234661054105e-10,-5.1629337562004e-10,-7.69404383184231e-11,-2.15641831368019e-10,1.02235260015644e-09,-2.67624274914175e-10,-1.9244090541146e-10,5.10302246608803e-10,-2.13339520259356e-10,-4.04989959089002e-11,-1.95177572897881e-10,-2.86801559771913e-10,8.76688961165988e-10,-2.33320124536808e-10,2.72856998939869e-10,3.62328219359989e-10,5.83727802599662e-10,2.66678122844117e-10,5.91799319988862e-10,1.45256431867522e-10,-1.09026073469565e-10,-8.6368389595651e-10,-3.58617345240872e-10,-5.95206731233446e-10,8.79189454991442e-10,8.13927369904093e-10,-1.78148536105893e-10,2.87946918640735e-10,1.36286747692111e-10,2.29762061592589e-11,8.07255799460738e-11,-9.17549087684844e-10,6.20568669735475e-11,-4.92970811063641e-10,7.61185631437287e-10,-1.17804960980605e-10,4.42720281187236e-10,-2.22131053923431e-10,-1.48162285062869e-10,1.0620770811301e-09,1.05943142889106e-09,1.20322774067499e-10,8.76804141823257e-10,5.93370128902126e-10,-9.18821702908035e-10,-1.07451305846374e-09,-5.38352505912955e-10,-2.39284515202936e-10,-2.99361478340981e-10,8.73263618286098e-10,-2.41832951275173e-10,-1.66977839178565e-10,1.71390366722182e-10,1.19508671157718e-09,-4.55406187307245e-10,-1.53498561129667e-10,-3.96098291249786e-11,7.30211412688268e-10,1.99273309980783e-10,3.56793594671395e-10,-3.62700579294029e-10,7.57377481233758e-10,-2.72889356939626e-10,5.22142948152536e-11,-6.11097068563747e-10,6.76744042975592e-10,6.27545731217126e-10,3.25694249851642e-11,5.37115146250352e-10,3.32562524855196e-10,-6.91279493981657e-10,-2.41360207079136e-13,9.17400582303614e-10,7.57180556864375e-10,2.36131252754467e-10,-3.59367019222926e-10,3.4716791951728e-10,3.24523614485319e-10,-1.22530381325275e-10,-2.20901555462962e-10,-3.93032475184202e-10,1.29034266531644e-09,5.02491850377839e-10,8.38476764108666e-10,3.71509830324229e-10,-2.12495502774522e-10,-8.43730226497917e-10,-6.31870227906096e-10,4.73033099122764e-10,3.42551898290441e-11,-6.72736807881966e-10,-7.97898907046673e-11,-1.51814328901949e-09,3.055684359291e-10,-5.42348088373362e-11,-1.69384468603985e-09,-2.31907027799578e-10,3.12608922713291e-10,-2.91082159353135e-10,-4.70691375649223e-10,-1.82188333047622e-10,-7.38286352299447e-10,2.34598108900122e-10,4.78980289391302e-10,7.32269695424919e-10,4.14468080004501e-10,-2.2017868595773e-10,1.15674291411713e-09,-3.16534352097729e-10,-1.1433762137701e-09,1.54722981499486e-11,-1.08393038082509e-10,-1.57265380551096e-10,1.85747995619282e-10,3.72964986182966e-10,-6.87679037451068e-10,2.12150027161973e-10,-7.8815828141945e-10,5.49758239546964e-11,-3.05754638421112e-10,2.92429607079731e-10,6.90380219485872e-10,-7.45974787180291e-10,-2.47128552828881e-11,-5.83243078276597e-12,-4.26562118160605e-10,1.86695363463095e-10,-1.07798807832215e-10,-6.32251661117086e-10,-2.27572612301581e-10,1.06634278878021e-10,2.85263167389929e-13,1.17714324448141e-09,2.83633669709238e-10,-5.1793747976671e-10,-1.28535169828524e-11,3.44621054962502e-10,2.47040572968678e-10,1.15814463552273e-10,-3.4650821713748e-11,-8.72205880101955e-11,-2.30971023718764e-11,-3.12324318358099e-11,3.2641800802797e-10,-3.91798010016156e-11,6.58915611742036e-11,-6.30246186980747e-11,-8.08213075709187e-10,-4.65084604509028e-11,8.65857005516217e-10,7.54155883068362e-11,3.93402027176761e-10,8.45501087645367e-10,2.26809468799462e-10,1.59699158553688e-10,6.34080733794402e-11,-2.01756262151144e-10,-4.53726131089008e-10,6.26588609097678e-10,2.96051353112676e-10,6.9437393060305e-11,4.48262198414109e-10,-3.47665652504857e-10,1.86034046990188e-10,6.64424256761821e-10,-8.50760342931313e-11,1.14151736761026e-10,6.97324676357048e-10,4.63064273993453e-11,-1.69079248274645e-10,-7.55887680947901e-10,3.65750409766213e-10,-2.53052237549734e-10,-1.99962081787718e-10,-6.025083703315e-10,-2.11450629486929e-10,-1.04646194637914e-10,-7.85172831193585e-10,-7.588961201658e-10,1.955166982404e-10,-1.75081803214478e-12,6.78950195743561e-11,-1.01948949556494e-10,8.42970222838468e-10,8.53525099664324e-10,-4.94484739072523e-10,-6.08922294754831e-10,-6.43795100418623e-10,-6.16092975767753e-11,6.67459928383367e-10,9.88587353220817e-10,3.18415563746508e-10,6.95821323856373e-10,4.22376652172612e-10,1.19082340730993e-10,-4.94517392441056e-10,-2.51333022713213e-10,1.16135553158675e-09,1.59995722464443e-09,1.19259877229424e-10,6.8802839236971e-10,-5.06816712805685e-10,-2.33496103348368e-10,1.40594871257161e-10,3.02363186852446e-10,-8.70640121592392e-11,-4.95572498397805e-10,2.27186172881288e-10,5.32580981280967e-10,-2.21181078203394e-10,8.63663627455317e-10,-5.20768245027725e-10,5.01331158335451e-10,2.65642070720266e-10,5.08041581589171e-10,-1.49576654812929e-10,2.63074503505361e-10,5.91211156999448e-10,1.22963884018603e-10,-1.60562040973501e-10,4.31209335831398e-10,-2.42715222410866e-10,4.73092686915122e-10,-3.44108756957129e-10,4.31015034893726e-10,7.34443120226858e-10,-5.72862751017783e-10,-2.10551487972297e-10,-7.52420577125295e-11,2.19996180760347e-10,-9.90127302074859e-10,1.50553328862543e-10,7.02883400962443e-11,7.47744982394012e-11,-6.12492350672265e-10,-7.4422846834564e-10,7.26584799890711e-11,-8.75511503757085e-10,7.49003861392138e-10,-3.63216017209634e-10,2.25612299443081e-10,-1.07818081291019e-09,-1.66320840184907e-10,-3.24062615247043e-12,-3.83303568960643e-10,-5.85553552439661e-10,1.92577773589605e-10,9.36771651796247e-11,-6.47912218864851e-11,8.93364310048626e-11,1.10049390704247e-09,-4.93624783829693e-10,-4.83899733533772e-11,-3.14344034928554e-10,2.38007711766409e-10,-1.07632465563513e-10,4.49740072378801e-10,-9.22511899404206e-10,-5.279484584461e-11,-3.1228959323081e-10,7.29726125529634e-10,-4.58828124377485e-10,2.08969767846491e-10,4.70398048196653e-10,1.07063293194711e-10,5.75289703539107e-10,-2.59513521577636e-10,4.95817084899601e-10,-3.05140576776359e-10,3.63044899716611e-10,-4.17003079553605e-10,9.06186564961637e-11,5.05409061734348e-10,-2.88911973759051e-10,1.5321900412733e-10,7.04266120263911e-10,-1.53669555890088e-11,-5.87955971871595e-10,-2.92107853241496e-10,-2.08069084757017e-10,-5.55931796059374e-10,-8.19356177472986e-10,7.80552217451403e-11,1.09896646982405e-10,4.76124776912564e-10,3.4747329887875e-10,4.99386361097499e-10,-5.97449006434491e-10,-2.57533732301609e-11,-3.64944025458708e-11,4.76924034321018e-10,7.93313675299697e-10,-4.42377847426631e-10,7.19020294844399e-10,2.66040734278946e-10,-1.16201774611375e-10,2.05501928515953e-10,-1.69972131634315e-10,-3.00987098799861e-10,1.0502392040844e-09,-3.23088500599698e-10,3.30383877665068e-10,-7.98728218631598e-10,3.35470337122523e-10,2.63061945276314e-10,-4.15251082734823e-10,8.67060506014495e-10,4.40234004343519e-11,-2.55591375132541e-10,6.53365917014207e-10,8.67281470667619e-10,4.93986798604422e-10,1.02066337238511e-10,4.06735463304803e-10,2.35248577676851e-10,-1.60982968170313e-10,-3.22447172636892e-10,2.23078636506928e-10,-5.37185312767003e-10,-3.50633105359427e-11,-1.16114161991974e-10,-4.35805223330384e-10,4.46841629228096e-10,-3.82015052407295e-11,-3.37431006234137e-10,-7.86246425841503e-10,-1.08104264750912e-10,-1.50881303210927e-09,1.10603864364646e-09,-5.04059669621657e-10,-1.52480734283799e-10,-5.37979671525035e-10,3.58727062723351e-10,-5.10173508701588e-10,7.4713257460425e-10,6.57575431567338e-10,3.80756340144307e-10,9.62201073686249e-11,4.01561855660584e-10,2.38753388896639e-10,-2.90911143921188e-10,3.76720885383901e-10,1.43335344789604e-10,-6.98616755792127e-10,7.48154913693415e-11,5.7505798886801e-11,1.19740526549119e-10,-3.51675592905845e-10,9.23315681743166e-11,-1.9971295801043e-10,-1.31188017109408e-09,-6.50245361661044e-10,-8.63107847730043e-10,-2.16665354111275e-10,4.41550278474732e-10,-4.89152632535549e-10,5.11086629280906e-11,-2.52481487430196e-10,-2.05484938858763e-10,-1.09481656798728e-09,4.11394215954828e-10,-7.31070275881849e-10,7.02270065945832e-10,-4.52032943508415e-11,3.0981332812255e-10,1.29818557605868e-10,3.7853690399527e-10,4.91855707163576e-10,-2.23273672731271e-10,-5.91858323182111e-10,1.26860981693009e-10,-4.29306495513121e-10,-3.77529419187904e-10,-1.18672705158571e-10,4.13361453186704e-10,-2.23749913379561e-10,-1.22448300556378e-09,-2.46456927757281e-10,-3.7149874661916e-10,-5.84745794094572e-10,-5.19853346635465e-10,-7.14725581557134e-10,6.22839638236681e-10,-4.21607673189068e-11,-1.78941953454063e-10,-7.4129249585298e-11,-1.19070816956089e-10,1.06728739570655e-09,2.15297847992166e-10,-1.39183876952338e-09,-6.53424664511746e-10,-7.96728161550928e-10,3.92520188760128e-11,-1.7568616610854e-10,-4.5904578194551e-10,2.80211620465647e-10,-7.55353588907432e-11,9.1180626138938e-10,-1.3558652210445e-10,4.84879227627937e-10,-6.38737877537114e-10,-6.37358532250519e-10,-7.31210016070256e-10,-8.92430323514783e-10,-3.88966513954841e-10,4.69905936795589e-11,-2.83610850837981e-11,-7.54650970813916e-10,9.88462633768e-10,-5.03726129122587e-12,-6.13310858774722e-10,-6.81373131240546e-10,1.21491767098859e-10,5.42337443145733e-10,-6.04624781457449e-10,6.50218871006808e-11,-5.54791043287643e-10,-1.02651824445332e-09,8.72037175072626e-11,-2.81451796731443e-10,-5.69631298112561e-10,-7.50821591269193e-10,-6.96605082029253e-10,5.52822641053395e-10,-5.31518572775842e-10,-3.99783668429777e-10,3.6727784818844e-10,-8.65212944152206e-10,9.04647806014902e-11,-3.89445370318582e-10,-1.28385758591051e-09,-6.00108422919598e-10,-6.57476951002734e-10,9.11212074571293e-11,-1.22794406807107e-09,-5.22683592587857e-10,1.92271590170564e-10,2.55182524720863e-10,-2.52699313894595e-10,-3.62794495085906e-10,-5.39040450706214e-10,-2.30927483495787e-10,-5.0322897205382e-10,1.16535004626258e-10,-1.30682728721732e-09,-3.71961766427632e-10,-1.3338564285899e-09,-9.29532129539704e-10,-3.35617951141841e-10,-1.28329438401122e-10,-5.9190223915535e-10,5.7631227546211e-11,-8.31975597522139e-11,-3.4859261684203e-10,-2.03123721393656e-10,-1.77067267453085e-10,-1.22957833187079e-10,-3.27168537418327e-10,-5.81854308290737e-10,-4.42932899110595e-10,-6.45220691702407e-10,-9.09166553266874e-10,-1.13466674792893e-09,3.25150192132773e-10,-1.67607579527308e-10,2.15154745123989e-10,-7.7570114038301e-11,-6.232163519669e-10,-4.47678702525381e-10,-1.37907977463259e-09,-9.35539050452198e-10,-9.84341169960511e-10,-1.78480300969832e-10,-1.00078258243997e-09,5.78153052956476e-10,-4.57282645713776e-10,4.86910534318643e-10,-6.43918069438389e-10,-7.10689125361677e-10,-3.68835357501845e-10,-1.80925415859349e-10,-2.13553639354638e-10,2.47882639368213e-10,-2.64787913044834e-10,-2.07419793135335e-10,-6.22857134130443e-10,-5.33646833425962e-10,3.89957048296049e-10,-1.30061452991922e-09,6.40751810221765e-10,-5.55307262033493e-10,-2.19827676883594e-10,-4.14057985153509e-10,-3.24603691313273e-10,-1.10871074122858e-10,-7.55690887465621e-10,-2.19025044306235e-10,-8.05954427234084e-10,-2.60459753751596e-10,-1.24846660456471e-09,-4.48836191695462e-10,-5.46503392075687e-10,-9.95464778795963e-10,-3.49989077009611e-10,-3.14110603343087e-12,-1.46034254206359e-10,-2.63482233985874e-10,-1.14061368055083e-09,-2.73059636723927e-10,-3.79058633509486e-10,-6.11659605970589e-10,2.56197757866004e-10,-6.19929808408553e-10,-5.55281117455533e-10,-9.14828173794314e-10,-9.06842076240835e-10,5.93783285760902e-11,2.04331108518241e-10,-3.47019771562962e-10,-9.45098000901551e-10,4.7227851712097e-10,-4.49133035354441e-10,-1.01987487126489e-09,-2.15741645188532e-10,-3.60635773879095e-10,-3.37695156578714e-10,-1.04349017833956e-09,2.81494955601291e-10,-6.38852820244757e-10,-5.95247558774787e-10,-1.7839007035513e-12,-1.36174014877098e-09,-1.68489256570529e-09,-1.17203004975574e-09,-1.00377778834181e-09,-4.1048926438597e-10,-8.16310407238799e-10,-7.2425014090723e-10,-1.18722241699012e-09,-4.76516402889598e-10,-9.8467706729417e-10,-9.05881278831093e-11,-6.13348699880783e-10,-9.77961954210493e-10,-1.09029699124864e-09,-4.25466775968635e-10,-7.08843618120449e-10,-1.07255676554222e-09,-8.12378030967927e-10,2.12975991378527e-11,-2.73251163742249e-12,-2.21206210044274e-10,-5.88513974913785e-10,-5.67294856051047e-10,2.55242800457194e-11,-2.23607370565423e-10,-7.06648158193726e-10,-5.59365267255237e-10,-1.28098990781074e-09,-4.54114505702837e-10,-1.43972309196071e-09,-5.03592332995182e-10,-1.01681868759637e-09,-5.90035223845053e-10,-1.25912872623972e-10,-3.7280813091572e-10,9.28372119842617e-11,-6.98985228610605e-10,-6.05094514150455e-10,-6.39343175671394e-10,-9.61412219011356e-10,-1.00438242015311e-09,-3.04260838680564e-10,-9.7758409496886e-10,-5.27866644643208e-10,-9.99797729442617e-10,-7.29939919445767e-10,-9.47275548690878e-10,-1.09015168301392e-09,-6.80864496607648e-10,-9.6645557268913e-10,1.48854520106518e-10,-5.46365504426068e-10,-1.29164672873385e-09,1.64956360794563e-10,-4.49187084582393e-10,-6.73191850443704e-10,-1.01434723948504e-09,-1.06358382404702e-09,-1.31838584763513e-09,-6.5802209946836e-10,-4.83929746851834e-10,-1.28084972499399e-09,-2.50590716595147e-10,-7.28082448993108e-10,-1.45153564858751e-09,-4.96377716837703e-10,-1.30726552195573e-09,-4.72295627272096e-10,-1.07361356655873e-09,-4.19531442399349e-10,-1.32472479207186e-09,-1.31035334317358e-09,-2.23984117401604e-11,-1.12578409137432e-09,-9.49874382703686e-10,-1.39253826713956e-09,-1.24499158935158e-09,-8.43458070104868e-10,-9.55371914150997e-11,-7.8870150983044e-10,-8.51752944122397e-10,-7.41680837094608e-10,-1.21702617420023e-09,-9.32030827652674e-10,-1.51470188584976e-09,-1.12938837049631e-09,-4.85261367947729e-10,-9.28411066240521e-10,-9.94618420117014e-10,-7.65606324208772e-10,-9.21868908745719e-10,-1.40854141798745e-09,-1.01292042888189e-09,-1.76399495763431e-09,-1.13896930975367e-09,-3.24994570734335e-10,-8.22741028270369e-10,-5.39315097529902e-10,-9.06893328677934e-10,-1.39508915512677e-09,-1.18765580448413e-09,-1.12778534062264e-09,-1.29684793279651e-09,-7.40254228681334e-10,-8.42596727842064e-10,-1.02241046320231e-09,-6.90577106777847e-10,-5.86811178814983e-10,-1.73454821305363e-09,-9.2161646810014e-10,-7.92781302737359e-10,-2.541156135624e-10,2.28335145348036e-11,-5.74554569959361e-10,-6.1442989334667e-10,-1.92005289927636e-10,-9.12327280223892e-10,-7.28856920357133e-10,-1.77339486110879e-09,-4.94574102641847e-10,-6.17780674744108e-10,-6.71893141867764e-10,-8.59894310433659e-11,1.07702050821523e-10,-8.1725951181689e-10,5.32167817262492e-10,-6.18582991379983e-10,-7.12616165828363e-10,-2.62744989722692e-10,-4.14736619453657e-10,-7.00758843524818e-10,-2.65434195104132e-10,-8.66685882029708e-10,-4.53603896784374e-10,1.03164962920934e-10,-2.50172287852648e-10,-1.81773501931328e-10,-2.58842105982451e-10,-2.5285226142181e-10,-7.43840919650922e-12,-7.14408894751081e-11,5.46143438018516e-10,8.33242380405463e-10,2.61953028660722e-10,7.16916538886658e-10,9.93276940899871e-10,1.50781902391463e-09,1.53413771800513e-09,1.08174480892172e-09,1.51576662767042e-09,1.99519194729743e-09,2.07469344273178e-09,2.08622628631289e-09,1.81628954132677e-09,2.75179197394404e-09,3.25787312374014e-09,4.40586338661183e-09,4.98399270220503e-09,5.35257940834359e-09,6.3475661867048e-09,7.04516257111266e-09,6.69853412475867e-09
