v,0.25
Patm,100000
g,9.81
r,500
G,10^11.12
rho,2200
mu,10^3.51
rc,18
 
M,10^6.18
sigma,0.5
 
tilt_erupt,3.1271nrad
 
-1235,-1234,-1233,-1232,-1231,-1230,-1229,-1228,-1227,-1226,-1225,-1224,-1223,-1222,-1221,-1220,-1219,-1218,-1217,-1216,-1215,-1214,-1213,-1212,-1211,-1210,-1209,-1208,-1207,-1206,-1205,-1204,-1203,-1202,-1201,-1200,-1199,-1198,-1197,-1196,-1195,-1194,-1193,-1192,-1191,-1190,-1189,-1188,-1187,-1186,-1185,-1184,-1183,-1182,-1181,-1180,-1179,-1178,-1177,-1176,-1175,-1174,-1173,-1172,-1171,-1170,-1169,-1168,-1167,-1166,-1165,-1164,-1163,-1162,-1161,-1160,-1159,-1158,-1157,-1156,-1155,-1154,-1153,-1152,-1151,-1150,-1149,-1148,-1147,-1146,-1145,-1144,-1143,-1142,-1141,-1140,-1139,-1138,-1137,-1136,-1135,-1134,-1133,-1132,-1131,-1130,-1129,-1128,-1127,-1126,-1125,-1124,-1123,-1122,-1121,-1120,-1119,-1118,-1117,-1116,-1115,-1114,-1113,-1112,-1111,-1110,-1109,-1108,-1107,-1106,-1105,-1104,-1103,-1102,-1101,-1100,-1099,-1098,-1097,-1096,-1095,-1094,-1093,-1092,-1091,-1090,-1089,-1088,-1087,-1086,-1085,-1084,-1083,-1082,-1081,-1080,-1079,-1078,-1077,-1076,-1075,-1074,-1073,-1072,-1071,-1070,-1069,-1068,-1067,-1066,-1065,-1064,-1063,-1062,-1061,-1060,-1059,-1058,-1057,-1056,-1055,-1054,-1053,-1052,-1051,-1050,-1049,-1048,-1047,-1046,-1045,-1044,-1043,-1042,-1041,-1040,-1039,-1038,-1037,-1036,-1035,-1034,-1033,-1032,-1031,-1030,-1029,-1028,-1027,-1026,-1025,-1024,-1023,-1022,-1021,-1020,-1019,-1018,-1017,-1016,-1015,-1014,-1013,-1012,-1011,-1010,-1009,-1008,-1007,-1006,-1005,-1004,-1003,-1002,-1001,-1000,-999,-998,-997,-996,-995,-994,-993,-992,-991,-990,-989,-988,-987,-986,-985,-984,-983,-982,-981,-980,-979,-978,-977,-976,-975,-974,-973,-972,-971,-970,-969,-968,-967,-966,-965,-964,-963,-962,-961,-960,-959,-958,-957,-956,-955,-954,-953,-952,-951,-950,-949,-948,-947,-946,-945,-944,-943,-942,-941,-940,-939,-938,-937,-936,-935,-934,-933,-932,-931,-930,-929,-928,-927,-926,-925,-924,-923,-922,-921,-920,-919,-918,-917,-916,-915,-914,-913,-912,-911,-910,-909,-908,-907,-906,-905,-904,-903,-902,-901,-900,-899,-898,-897,-896,-895,-894,-893,-892,-891,-890,-889,-888,-887,-886,-885,-884,-883,-882,-881,-880,-879,-878,-877,-876,-875,-874,-873,-872,-871,-870,-869,-868,-867,-866,-865,-864,-863,-862,-861,-860,-859,-858,-857,-856,-855,-854,-853,-852,-851,-850,-849,-848,-847,-846,-845,-844,-843,-842,-841,-840,-839,-838,-837,-836,-835,-834,-833,-832,-831,-830,-829,-828,-827,-826,-825,-824,-823,-822,-821,-820,-819,-818,-817,-816,-815,-814,-813,-812,-811,-810,-809,-808,-807,-806,-805,-804,-803,-802,-801,-800,-799,-798,-797,-796,-795,-794,-793,-792,-791,-790,-789,-788,-787,-786,-785,-784,-783,-782,-781,-780,-779,-778,-777,-776,-775,-774,-773,-772,-771,-770,-769,-768,-767,-766,-765,-764,-763,-762,-761,-760,-759,-758,-757,-756,-755,-754,-753,-752,-751,-750,-749,-748,-747,-746,-745,-744,-743,-742,-741,-740,-739,-738,-737,-736,-735,-734,-733,-732,-731,-730,-729,-728,-727,-726,-725,-724,-723,-722,-721,-720,-719,-718,-717,-716,-715,-714,-713,-712,-711,-710,-709,-708,-707,-706,-705,-704,-703,-702,-701,-700,-699,-698,-697,-696,-695,-694,-693,-692,-691,-690,-689,-688,-687,-686,-685,-684,-683,-682,-681,-680,-679,-678,-677,-676,-675,-674,-673,-672,-671,-670,-669,-668,-667,-666,-665,-664,-663,-662,-661,-660,-659,-658,-657,-656,-655,-654,-653,-652,-651,-650,-649,-648,-647,-646,-645,-644,-643,-642,-641,-640,-639,-638,-637,-636,-635,-634,-633,-632,-631,-630,-629,-628,-627,-626,-625,-624,-623,-622,-621,-620,-619,-618,-617,-616,-615,-614,-613,-612,-611,-610,-609,-608,-607,-606,-605,-604,-603,-602,-601,-600,-599,-598,-597,-596,-595,-594,-593,-592,-591,-590,-589,-588,-587,-586,-585,-584,-583,-582,-581,-580,-579,-578,-577,-576,-575,-574,-573,-572,-571,-570,-569,-568,-567,-566,-565,-564,-563,-562,-561,-560,-559,-558,-557,-556,-555,-554,-553,-552,-551,-550,-549,-548,-547,-546,-545,-544,-543,-542,-541,-540,-539,-538,-537,-536,-535,-534,-533,-532,-531,-530,-529,-528,-527,-526,-525,-524,-523,-522,-521,-520,-519,-518,-517,-516,-515,-514,-513,-512,-511,-510,-509,-508,-507,-506,-505,-504,-503,-502,-501,-500,-499,-498,-497,-496,-495,-494,-493,-492,-491,-490,-489,-488,-487,-486,-485,-484,-483,-482,-481,-480,-479,-478,-477,-476,-475,-474,-473,-472,-471,-470,-469,-468,-467,-466,-465,-464,-463,-462,-461,-460,-459,-458,-457,-456,-455,-454,-453,-452,-451,-450,-449,-448,-447,-446,-445,-444,-443,-442,-441,-440,-439,-438,-437,-436,-435,-434,-433,-432,-431,-430,-429,-428,-427,-426,-425,-424,-423,-422,-421,-420,-419,-418,-417,-416,-415,-414,-413,-412,-411,-410,-409,-408,-407,-406,-405,-404,-403,-402,-401,-400,-399,-398,-397,-396,-395,-394,-393,-392,-391,-390,-389,-388,-387,-386,-385,-384,-383,-382,-381,-380,-379,-378,-377,-376,-375,-374,-373,-372,-371,-370,-369,-368,-367,-366,-365,-364,-363,-362,-361,-360,-359,-358,-357,-356,-355,-354,-353,-352,-351,-350,-349,-348,-347,-346,-345,-344,-343,-342,-341,-340,-339,-338,-337,-336,-335,-334,-333,-332,-331,-330,-329,-328,-327,-326,-325,-324,-323,-322,-321,-320,-319,-318,-317,-316,-315,-314,-313,-312,-311,-310,-309,-308,-307,-306,-305,-304,-303,-302,-301,-300,-299,-298,-297,-296,-295,-294,-293,-292,-291,-290,-289,-288,-287,-286,-285,-284,-283,-282,-281,-280,-279,-278,-277,-276,-275,-274,-273,-272,-271,-270,-269,-268,-267,-266,-265,-264,-263,-262,-261,-260,-259,-258,-257,-256,-255,-254,-253,-252,-251,-250,-249,-248,-247,-246,-245,-244,-243,-242,-241,-240,-239,-238,-237,-236,-235,-234,-233,-232,-232,-231,-230,-229,-228,-227,-226,-225,-224,-223,-222,-221,-220,-219,-218,-217,-216,-215,-214,-213,-212,-211,-210,-209,-208,-207,-206,-205,-204,-203,-202,-201,-200,-199,-198,-197,-196,-195,-194,-193,-192,-191,-190,-189,-188,-187,-186,-185,-184,-183,-182,-181,-180,-179,-178,-177,-176,-175,-174,-173,-172,-171,-170,-169,-168,-167,-166,-165,-164,-163,-162,-161,-160,-159,-158,-157,-156,-155,-154,-153,-152,-151,-150,-149,-148,-147,-146,-145,-144,-143,-142,-141,-140,-139,-138,-137,-136,-135,-134,-133,-132,-131,-130,-129,-128,-127,-126,-125,-124,-123,-122,-121,-120,-119,-118,-117,-116,-115,-114,-113,-112,-111,-110,-109,-108,-107,-106,-105,-104,-103,-102,-101,-100,-99,-98,-97,-96,-95,-94,-93,-92,-91,-90,-89,-88,-87,-86,-85,-84,-83,-82,-81,-80,-79,-78,-77,-76,-75,-74,-73,-72,-71,-70,-69,-68,-67,-66,-65,-64,-63,-62,-61,-60,-59,-58,-57,-56,-55,-54,-53,-52,-51,-50,-49,-48,-47,-46,-45,-44,-43,-42,-41,-40,-39,-38,-37,-36,-35,-34,-33,-32,-31,-30,-29,-28,-27,-26,-25,-24,-23,-22,-21,-20,-19,-18,-17,-16,-15,-14,-13,-12,-11,-10,-9,-8,-7,-6,-5,-4,-3,-2,-1,0
2.60293104431455e-10,9.22755897730492e-10,3.20168843273669e-10,1.51896305581107e-10,6.56334662835594e-10,-1.18317972788389e-09,3.56227704833028e-10,2.86895842307423e-10,-2.09426790131361e-10,1.0505974632463e-09,-5.01000603428704e-10,1.64498895771716e-10,5.88722398368901e-10,7.1369359128892e-10,9.32189173832716e-10,3.20247423031441e-10,-3.57779447588172e-10,-7.68550654996088e-10,-1.72388287905317e-10,5.58177635932878e-11,3.52981614640002e-10,2.9138541040096e-10,-9.79321775283457e-10,-7.14286649203416e-10,3.95661451923735e-10,-4.32958414679971e-10,-6.9158032562555e-10,8.79053686754939e-11,-1.14276528643231e-11,1.51047236863975e-10,3.1463707025219e-10,2.78207920969295e-10,6.41995760414077e-10,5.18021112594473e-10,-2.82799566393117e-10,-3.9445517538002e-10,-3.08048407075747e-10,-2.82261629082716e-11,1.55082583285769e-09,-2.98425815547194e-10,1.15902057450496e-09,1.0697820366036e-10,-6.47345380973521e-10,1.76572524676405e-09,8.71742832338788e-11,1.16846180232454e-10,4.36989358511552e-10,6.72641053723709e-10,5.28342515367175e-10,-8.361134345761e-10,-4.11905168252659e-10,2.40476146479415e-10,4.61204490088351e-10,-3.5902155715323e-10,-4.25707944472297e-10,-5.24472754924771e-10,2.04246873405009e-10,4.54739637196074e-10,1.97960973781798e-11,4.33531978956787e-10,4.3048078493392e-10,3.24467008918907e-10,3.90376052911858e-10,9.34802688107711e-10,9.48073671446689e-11,2.32687551012584e-10,2.23381162132777e-10,-6.28701799619382e-11,2.62132702073458e-10,3.26123301624814e-10,-4.4037247957266e-10,3.43843813215939e-10,9.169463036272e-10,-1.18212459106864e-10,-3.55299923755996e-10,-1.36505005193241e-10,-7.60627865261335e-11,-2.7213517982337e-10,-1.83107835312023e-09,-1.88411308375238e-10,-9.74617849919391e-10,6.13534208386652e-10,4.06856982636289e-10,-1.98656052675646e-10,-2.15535643736062e-11,-2.28084008143962e-10,2.39435193236691e-10,-1.57931131875187e-09,1.4665439092822e-10,-1.12702212077764e-10,-6.91036795009609e-11,1.05372424833566e-10,8.07150138184069e-12,-9.72729939840376e-11,-2.32224539565282e-10,3.60897075350449e-10,-7.92770530053859e-10,-2.75243775429706e-10,-1.93148311513131e-10,1.53304973216834e-11,1.44032063576092e-10,3.3693940980714e-10,-7.17514030903556e-10,4.70122785518537e-10,2.95649851408991e-10,9.57531878706609e-10,-2.64434704524996e-10,-1.85249322902227e-10,-2.3907115387855e-10,1.05058046822696e-09,-7.88796310146854e-10,-2.98738084321865e-10,-4.81871091064633e-10,2.07263919385783e-10,1.95762967418948e-10,-4.12551840312648e-11,1.46232571871016e-10,7.34171402977965e-10,-9.32859210699211e-10,-2.1201339563412e-11,1.00717714121564e-10,-3.39911571885265e-10,-4.01460253473452e-10,3.00082936484731e-11,-2.36663652157876e-10,-2.89036759059374e-10,2.55187292974695e-10,-3.00211424743428e-11,-3.43613062072785e-10,-3.04548597352226e-10,8.47978199326202e-10,-2.22990155451586e-10,-6.13168721318207e-10,1.33685216802102e-10,1.80785314844668e-10,-3.41523508013723e-10,9.5336423172977e-10,-1.48759498756087e-10,-1.73170476712512e-10,1.70207961778062e-10,-4.45022812418301e-10,3.02678508532981e-10,7.71009980416331e-10,4.84693231565256e-10,-6.25734068417102e-10,-1.68569290336751e-10,3.81762775548987e-10,-7.27114019882125e-10,-2.00408921832973e-10,-8.69403022097099e-10,-9.40976786808878e-11,4.72581024848579e-10,-8.11268073159442e-10,-4.46168483346217e-10,-4.67663877621344e-10,-4.03317348942582e-10,-2.56172857959082e-10,-3.67376061059572e-10,4.36954981668536e-10,-2.72016157229625e-10,4.19422709079481e-10,-3.31305818969535e-10,-4.64574458891112e-10,7.13768853526245e-10,-2.12203595444954e-10,-4.8451323921397e-10,1.89254310084984e-10,-5.228396958755e-10,1.55868839087894e-09,5.10608633689479e-10,-1.04894737818249e-09,2.32215230907227e-11,3.88514630842585e-10,-1.55698956544048e-10,2.1978030576384e-10,-2.59694276236459e-10,3.9465993005542e-10,-1.7828358458677e-10,5.73401918948992e-10,4.06088683504094e-10,5.55647644988349e-10,-1.93992627212591e-10,-1.14178744072881e-10,-5.62141613715972e-10,1.4646417093292e-10,-2.60451150546828e-10,8.11787193049912e-10,1.00141727041032e-09,2.99611562406332e-11,4.5682868874011e-10,-6.00826054871734e-10,-5.87530541460819e-11,-2.50578227237366e-10,9.73067183128646e-11,-3.51652450700602e-10,-4.76530456565648e-10,-3.69072415156922e-10,-5.75742388573721e-10,2.18171373723506e-11,7.91562396044239e-11,-7.48526446074058e-10,3.04245363812663e-10,-3.19909620924784e-10,3.7049149758793e-10,-9.15454120279541e-10,-2.0987011428603e-10,2.46483789322404e-11,-1.77020134825779e-10,1.76794944815582e-10,2.03928105703342e-10,8.92859621080563e-11,8.74562805234218e-11,2.23642191027579e-11,6.29948176751252e-10,-3.4427679425048e-10,5.35511184678469e-10,2.88065412349179e-10,-7.5907064514242e-11,-4.71223952114512e-10,-1.38592666915334e-11,1.27441872361106e-10,-1.01246486043972e-09,-5.92510085526263e-10,-1.09901839151472e-09,-5.44510866820671e-10,-3.02300959018132e-10,-9.3159027758363e-11,1.7522748196001e-10,-8.10764110320316e-10,4.88593942321378e-10,4.11667723880095e-11,-5.91205455660213e-10,2.33643892082391e-10,4.66607387402453e-10,4.67343076157995e-10,7.98197932844952e-11,-7.48199631120461e-10,-1.00697560970171e-09,-1.95673701048799e-10,-1.66882922151639e-10,1.94416684435672e-10,-7.03890195366858e-11,1.01578551862897e-09,-4.95447764881482e-11,-5.72885084886427e-10,-8.56579604147015e-10,-4.75224319639592e-10,7.39427297734161e-10,4.39210335849541e-10,5.00699417307115e-10,3.32262602929782e-10,-4.36739961521463e-10,3.36644921627695e-10,2.26934322020091e-11,7.48111762731163e-10,4.8503000970926e-11,-9.00411414386754e-11,1.13573240558109e-09,2.87187631541099e-10,-1.52973093327165e-10,-2.80374686746835e-10,-6.37028401051574e-10,-2.87060136483861e-11,-9.57087281135901e-10,1.00824509314198e-09,-3.99459998830403e-10,6.18950167528844e-12,7.25295840245594e-10,-1.56881752723062e-10,-2.5322673972524e-10,-5.3180770271349e-10,-2.19218645313942e-10,-4.64570201745083e-10,2.90392817604093e-10,2.97817861326018e-10,-6.59729012288645e-10,-3.08256515500192e-10,-5.63996868297227e-10,3.14210984245569e-10,2.33304135133014e-11,2.15830088270186e-10,-1.00174011891342e-10,2.10391898503149e-10,5.38090827238947e-10,1.98269599780781e-10,9.78627269220135e-10,2.93615132856984e-10,-5.21743608744266e-10,-2.91999419216725e-10,4.2957527408172e-10,5.04486009494631e-10,7.77972696144927e-10,1.09409968892965e-10,-5.15307553087411e-10,-8.0089552343431e-10,2.27512812294067e-10,-4.52629606896505e-10,-3.93089368106805e-10,3.71740442580469e-10,-3.89438281506612e-10,-3.97206200196495e-11,6.71434924202291e-10,-3.72361927390195e-10,1.83851788964121e-10,-6.83565177520278e-11,3.26511191893784e-10,-3.93088717876184e-11,-2.96329188020547e-10,-4.58583923736987e-11,-2.06355847758837e-10,3.54023181146175e-10,3.10103784979484e-10,-1.73838043743502e-10,-4.9464026653382e-10,-2.00899409789235e-11,1.05561857610942e-09,-3.44259292579033e-10,-4.9833001629064e-10,1.45163644006704e-10,-2.04962085945303e-10,-1.30513930950056e-10,-3.04416402320515e-11,-5.07508964542313e-10,-3.44628897794951e-10,-2.94814896168933e-10,-7.42230721832801e-10,8.77366754949224e-10,-2.41791883231608e-10,3.62630914562494e-10,-1.68477606848303e-10,-1.13727597080558e-10,-4.88327084013867e-10,5.49573439118282e-10,-6.99384139035343e-12,-1.21104994859742e-09,-3.82483669104535e-10,3.77879420849047e-10,1.20059401627925e-11,-1.17459043061836e-10,-7.59733695560077e-10,-2.80564023026309e-10,9.768394660601e-10,-3.68924967782809e-10,1.57656571784215e-10,-4.53810348539914e-10,-1.02709743864337e-09,1.04078879999041e-09,-3.58722674544685e-10,4.59830595513474e-10,-5.32636516398875e-10,3.95763944022966e-10,-2.56497224833159e-10,-8.53591243648679e-11,3.14861466701726e-11,1.52803676896876e-10,-4.35412728509085e-10,1.54590277613786e-10,5.72192728067822e-11,-1.00098663552478e-09,2.52917001108186e-10,6.33336844558104e-10,1.22140585484615e-09,-3.07376370584922e-10,-6.92186921876114e-10,4.63564299526192e-11,3.15888460515864e-10,3.89847735486915e-10,1.05348698462147e-09,-3.40847975266614e-10,-4.11074644006481e-10,4.38619561285301e-10,-1.13408551063017e-10,-1.78990293582808e-10,6.93212865473156e-10,-4.99141510649509e-10,-5.75692621507348e-11,-6.30145426268863e-10,2.64422947701471e-10,-4.09602682916358e-10,7.7579657194326e-11,4.05384467019343e-10,-1.24960412269157e-10,-4.3803154997435e-10,-5.35232462454925e-10,1.10136627492687e-10,-8.87991881955031e-11,-3.27202606974835e-10,-3.18525858390263e-10,-2.91278622927801e-10,-4.17668201878868e-10,7.06092468388747e-10,2.56146948441495e-10,6.21946774574416e-10,6.92589888632972e-10,-6.92564686991072e-10,8.77997532032934e-10,2.97445560901782e-10,2.11348760089955e-10,-3.12347368294443e-11,4.79838863072072e-10,-2.21593164592727e-10,1.97546714776948e-10,1.18542701277118e-09,1.1585244525603e-10,-9.73151329749747e-10,-8.9428834417701e-10,7.36988026935122e-10,3.12368295289267e-10,7.12826614136979e-10,2.41184568929076e-10,2.34086652038109e-10,-1.20978493756512e-10,-5.04913289923403e-11,-4.49734624270838e-11,3.64602170754094e-10,2.43224998582633e-11,5.04445973995995e-10,-5.67770904573345e-10,8.11425523974245e-10,-2.46665846088476e-10,-5.75589586053366e-10,1.29324836666545e-10,-9.55629071075582e-11,1.62353625364674e-10,-5.23992203969253e-10,-1.42626852195189e-11,-3.86695609409921e-10,7.82514428618768e-10,-4.32559225710084e-10,-2.91380510179474e-10,5.64566783195254e-10,-2.36017355762371e-10,7.93522317392381e-10,-2.34680380706364e-10,-1.45978950492557e-10,1.11665417586034e-09,5.98576378905386e-11,1.84944678803437e-10,-6.72761407005284e-10,5.39780660468761e-10,1.27903937979256e-10,5.83246552188947e-10,1.04444553354061e-10,-9.34235810587893e-11,-5.64216013916181e-10,2.43404579888233e-10,6.19114577313898e-10,-2.00631193679066e-10,1.3026869679184e-10,-9.63705822363103e-10,-8.04033669270156e-10,-2.41502295208776e-10,-1.22017127142846e-09,-2.77747663298827e-10,-2.24492351692247e-10,-3.60574793569024e-10,6.2868037815494e-10,-1.17320443090383e-10,-1.36355489516316e-10,3.00827282296423e-10,2.39727981026561e-10,-4.04284524821568e-10,4.06972440320571e-10,1.05835946136589e-09,-4.06323740391403e-10,-3.94482913083755e-11,-5.68447106044124e-11,-5.28243217599649e-10,-6.93217617625658e-10,8.16938537751228e-12,-5.52473336597698e-10,9.41778455380609e-11,-1.03083521428194e-09,5.47459767498076e-10,-2.84256201376295e-10,-8.61797943349529e-10,1.11462876239085e-10,-1.28951448370742e-10,-3.22381012192219e-10,1.1456314319241e-10,1.0103979181766e-10,3.59520657265224e-10,5.6026712305451e-11,1.17087153118507e-10,2.95645495520547e-10,7.08388070046157e-11,-2.7025441799812e-10,-3.73608079848615e-10,-7.48423519559415e-10,-8.53352587964548e-10,2.62741213122285e-11,-1.28853456412436e-10,-4.45952387588767e-10,-2.87240466886523e-10,-4.21052818824052e-10,-4.78173147735772e-10,-2.42862418602808e-10,-3.11519446353187e-10,1.50817277311393e-10,-5.71286715476558e-10,9.89330397034661e-10,-1.5777036279811e-10,3.33276573620464e-11,-7.10267303876308e-10,5.58780347398521e-11,6.76713019480736e-10,1.34802622107415e-10,-3.90016863503809e-10,-9.14546446454605e-10,1.03609988582342e-09,1.71665247664401e-11,-5.14344379899615e-10,1.27324902273155e-11,4.65396099609441e-10,1.51597698910079e-11,-3.53885375074954e-11,-2.88061247788559e-10,-3.09553341014186e-10,-1.65616848913257e-10,1.39012504927607e-10,1.01869045260054e-09,2.4038997442247e-10,-3.4124452397799e-10,-1.41680840254521e-10,-3.01502725623029e-10,-3.68309146279813e-11,3.54048015665906e-10,-2.84745232443232e-10,-3.94931929045003e-10,-5.47294135179207e-10,-3.28613542593903e-10,-2.98088262537302e-10,1.34914960427535e-09,-5.50746902161109e-10,1.15361338537359e-10,-3.88024033319707e-10,-4.00759454853804e-11,3.30126755781017e-10,-1.2700998255504e-09,2.53880291358476e-10,-1.69240021568984e-10,-6.83441758604545e-10,4.12906297564342e-10,1.32091828436341e-10,4.32892962229146e-10,1.55704234013817e-10,-7.16705113713279e-10,-5.12409666927772e-12,1.85780556327881e-10,-1.31527606967915e-09,7.06768461441416e-10,-4.21626908459818e-10,8.17155599125449e-11,3.8542516886508e-10,9.44241630783979e-12,-6.07271843962064e-10,-7.74067814802713e-11,1.33956752005981e-10,5.38312671225017e-10,-6.92411381092805e-10,-1.09135641856512e-10,-9.59156213613539e-10,1.35245770226547e-11,-9.10070654351554e-10,6.62619042651036e-10,-7.73695587010195e-11,-7.1581979245482e-11,-3.43316247190186e-11,2.31127956515519e-10,1.66832169554471e-10,-7.32579682236661e-10,5.83987419286056e-10,1.29649767584546e-10,-3.94844524329014e-10,-1.01217011812379e-10,7.26085928075545e-10,6.89848349765996e-10,-5.47036441627446e-10,-5.04106086637512e-10,-4.18466383597896e-10,1.7157424433197e-10,2.02493681277971e-10,3.66479541355825e-10,1.19092695761763e-10,-3.52222026326966e-10,-5.31703755128172e-11,-4.66752130516308e-10,7.38684926866525e-10,3.41470508174548e-10,3.04701344566109e-11,3.58732699156771e-10,-8.23883444312034e-10,3.93595152316886e-10,-4.90451771884695e-10,-1.36530030374668e-09,3.14078919678725e-10,4.00777955033892e-10,-8.14142907243761e-10,-4.32661448908951e-10,-4.27065890188165e-10,2.93518309898397e-10,-2.59726281625566e-10,-3.14205451426022e-10,1.34890501604869e-10,-1.40319832052575e-10,-7.06271791930621e-10,-5.81089894841994e-10,1.03722319513362e-12,7.14485549814768e-11,8.65928553619435e-10,-3.17553590950093e-10,-1.32230235857442e-10,-5.47745142553381e-10,-1.42041892578274e-10,3.25592182216056e-10,2.1966824186619e-10,-4.16421335096131e-10,-1.0968559085694e-10,-6.56682618682314e-10,1.0767077855476e-10,3.00660477857503e-10,5.91620485770147e-10,4.4811645235688e-10,1.72490874371889e-10,3.93194490843573e-10,-5.94546172853514e-10,-2.47517411000519e-10,9.70027375678995e-10,-1.8940511226599e-11,-2.73518824243239e-10,-8.4903889501822e-10,-3.49802427550217e-10,3.58738042223322e-10,-2.57844589996856e-10,-1.35234760831934e-09,-3.49210838650581e-10,2.81475868880668e-11,9.72439010454111e-11,3.91288587564855e-10,9.63885392994708e-11,7.18331091285356e-10,-8.99671334610983e-10,6.04056385551278e-10,2.68572973124237e-10,-3.9738260892497e-10,-3.35414853497526e-10,2.30224587919673e-10,-4.30255272596518e-10,-1.498942041464e-10,1.68105635327616e-10,-5.04148563180048e-10,5.18156232166008e-10,-3.45412552176367e-10,6.92935863831669e-10,-4.0801290087685e-10,1.12661096797099e-10,1.71980885349417e-10,-7.62155861648957e-10,-4.20562422824453e-10,-6.2351189806833e-11,2.13977360071351e-10,2.59978822936144e-10,-2.63538909333181e-10,-8.7302800182514e-10,7.32126265829914e-10,-3.59274718330357e-11,4.39694245978047e-12,8.53567067293695e-11,3.20479955504111e-10,-9.11278697236248e-10,-8.1723979549382e-10,-3.42289544777111e-10,4.99591079299409e-10,3.2690811226581e-11,-3.02152036289364e-10,4.70414966993015e-11,-3.78747768423187e-10,-5.31292017684087e-10,-2.9299356875707e-10,-4.35563495880837e-10,-7.05987280059524e-11,5.91874130106771e-10,2.27178888235296e-10,2.56102114272343e-10,-2.80597257710789e-10,6.8701349390735e-12,-3.00385130104948e-10,3.90731965535716e-10,-4.38967290357212e-10,-2.76763640938959e-10,1.99199631286417e-10,1.86887954941854e-10,-9.61052560580751e-10,-1.45003988714722e-11,-4.77179439377051e-10,-8.3458698521535e-13,-6.10049144915839e-10,-2.94405961908019e-10,2.88371462270655e-10,-1.48694390408998e-10,-1.01670339600043e-09,-1.83625482241408e-10,6.36427736284733e-12,-4.38841539794436e-11,-2.21973690775214e-10,-4.38288588684478e-10,-2.48221551623304e-10,2.3738125295352e-10,-6.56896307547294e-10,-7.10287228442806e-10,2.47512241105942e-10,-1.73152503060929e-10,3.1801485773394e-10,-2.83188391147593e-10,3.5256103313519e-10,-6.74901397619043e-10,1.01597136789908e-10,-1.33352927410818e-10,-3.32811826215737e-10,-2.38749833966095e-10,-7.93682954408322e-10,-4.79628407050884e-10,-9.70602768926237e-10,-1.612191868493e-10,4.34424883710953e-10,3.68062149060896e-10,3.54205842901955e-11,-3.52812595416728e-10,-7.217354947736e-10,-2.12950741577859e-10,2.37250852659809e-10,6.18877874102661e-10,-3.11231662143121e-10,5.02998103804484e-10,5.06077108694068e-10,-1.69466176980236e-10,-5.52260373275407e-10,3.27591034373336e-10,4.84742413067998e-10,-9.99390212998518e-12,-2.18629468844211e-10,-5.06688349678729e-10,3.00722577903881e-10,-8.18369632604116e-12,1.48776682190977e-10,4.23035962938571e-10,5.41645405215256e-11,-1.67245738981172e-10,5.84604365970461e-10,9.91064684772778e-11,5.93499608161354e-10,9.03116665573596e-10,-6.73041190392221e-10,6.08302489214212e-10,-5.88762026817192e-11,6.1762586918217e-10,-3.72164516653704e-10,1.43306181271804e-10,4.29993521671662e-11,-2.7494805317846e-10,-7.14121254133771e-10,5.24766760462402e-10,2.75005938775197e-10,-5.7626893494953e-12,-7.52796477005813e-10,6.91503410772908e-10,-7.05608901959313e-10,-7.72519584535709e-10,-5.84091252679591e-10,3.57397325563835e-10,-8.50752048013772e-10,-2.84841635151421e-10,-1.01199062978837e-10,-1.95273587813892e-10,-7.86392200321115e-10,2.83058553422487e-12,2.82439465880577e-10,5.65075207005462e-10,-7.42861468074879e-10,5.14821209480364e-11,-4.51361567442541e-10,-7.12915539479819e-10,-2.93803994176983e-10,7.65676373720301e-10,-4.05771544674102e-10,2.56304346622659e-10,-1.19564731632457e-10,-4.47443065293235e-10,2.87506940345753e-10,1.41231945658724e-10,-5.62436218944577e-10,5.5048812895244e-11,-5.28919059806333e-11,-1.56778120780336e-11,2.8120781481867e-10,-3.55265891592864e-11,-3.48410341329442e-10,7.3157502042886e-11,5.9658093599716e-10,5.75231316296732e-10,-6.06923551771053e-11,6.6245139981324e-10,4.1941995371532e-10,-1.14558323401679e-10,-1.57220258572963e-10,-3.34084554148627e-10,-5.54560860177392e-10,-5.55467946884774e-11,-2.25323029103415e-10,-5.53093339311631e-10,1.68598787575684e-10,-1.55766102465387e-11,-5.66386693485276e-10,1.09930819583836e-10,-2.00515527861202e-10,4.54696383783679e-10,-3.4316994185451e-10,2.47128325412361e-10,2.6740362386041e-10,2.65878012424874e-10,1.2205314150384e-10,6.36669428711862e-10,-1.05004079935649e-09,-3.12061824764799e-10,-3.64508022729673e-10,3.31816507360522e-10,-6.43207819600163e-10,-5.22886158564527e-10,1.22775029630376e-09,2.90343928542068e-10,4.23591831638714e-10,-1.23918276460779e-10,-2.38538185437941e-11,-5.95450252327419e-10,-4.87072589585391e-10,-4.98182013385837e-10,6.45096622318691e-10,5.30132438414266e-10,-8.04164737780811e-10,-2.5846665865211e-11,6.7049460036777e-10,-8.54752183948142e-11,-4.13023429684252e-10,-7.30605665718231e-10,-4.82762860275594e-11,-1.54491225247776e-09,-5.63381686537877e-10,9.07254926614148e-12,1.3819565691898e-10,-5.07928284642487e-10,7.03512288728903e-10,6.1842243335405e-10,-4.94445516444063e-10,1.03193425868675e-10,2.50337959665029e-10,6.35308460409429e-10,1.06945006792822e-10,5.81662847871792e-10,-4.14241807777755e-10,3.31438624837799e-10,9.29414612847452e-11,-4.75128879719149e-11,-6.42564865831764e-10,5.9382185500364e-11,-3.48194464839019e-10,3.80317299695151e-10,-2.04505893068847e-10,-6.23478747687609e-10,9.30398551345976e-10,4.85642143918457e-11,1.24172320856106e-11,6.87380548973013e-10,-1.50408708129687e-10,-3.32591721033897e-10,3.50538926855351e-10,-7.28522142282884e-10,1.49347238612516e-10,-4.97130422302552e-10,2.10569114415409e-10,-1.26162290595036e-09,-3.99796998627519e-10,-7.76807829288843e-11,1.03684517679861e-10,-2.36968706610336e-10,-3.86992777246512e-10,-2.17453942893576e-11,7.87169215298405e-11,-1.12949480584654e-09,2.49701749739791e-10,2.72398400651437e-10,1.37371245764807e-10,3.42652774428286e-10,1.2124223442556e-10,2.42123853074712e-12,-9.50196091427708e-12,3.88945727195129e-10,3.6248853985141e-10,-1.81531796202519e-10,-1.52342275345607e-10,5.59704054677057e-10,9.09842826447065e-11,-3.33632996260507e-12,8.34136783526755e-10,3.47947931052205e-10,-1.69695737460507e-11,-1.95854822300518e-10,5.18961887263776e-10,-7.12048090115138e-10,-6.29664013800056e-10,-6.05162814124059e-10,8.11481859015521e-10,2.54139743607094e-10,-3.06014387713748e-10,9.62007126413693e-10,-4.12713574418506e-10,6.78863841356876e-10,-2.94331280033476e-10,-6.72915670861478e-10,-7.22476461289829e-10,-6.56989582535955e-10,-2.03892363020129e-11,-6.5305111140099e-11,-6.2873250842927e-11,8.69219784377196e-11,-1.01123292288861e-10,1.41646280578458e-10,2.60852578531824e-10,-1.12047759499767e-10,3.43155441926798e-11,-1.45246224522607e-09,-3.41246279095544e-10,-1.20892335530598e-09,9.36853936304153e-11,-5.18448183287845e-10,5.49522764925179e-10,3.5529646819585e-10,2.81289926198809e-10,-4.19972976199831e-10,7.45272975799246e-10,-2.54214753934009e-10,-2.74047334135233e-10,-9.34653535995547e-10,-1.52935047811982e-10,-4.92989508109364e-10,-5.45816443254923e-10,-7.96283471301414e-10,3.37960749129471e-10,5.89463324928329e-11,1.41369849810719e-10,4.28734351466544e-10,7.04478856516014e-10,7.96788110476818e-10,1.28710541186446e-10,-1.61522972406992e-10,-3.28073092676282e-10,8.65848799153583e-10,8.97781861806389e-10,4.5838177573969e-11,1.94159728762535e-10,1.32510315568521e-10,-1.16303176597899e-09,2.17436281920739e-10,-2.20232661756184e-10,1.09227583222202e-10,-7.57312414935032e-10,-3.42074189251689e-10,8.91468139868978e-10,5.37895462077547e-11,-3.01833840755442e-11,1.02874418640433e-09,-4.34977787856488e-10,-4.0367174268513e-10,-1.98655038566346e-10,4.75531976438779e-10,7.59708561671257e-11,5.23031649962972e-10,8.39193216814628e-10,1.07104457155032e-09,5.05526751267285e-10,-1.12378063540713e-10,-4.49753421989543e-10,-1.58104033513125e-10,-1.31346067110943e-10,-3.01638388326592e-10,2.82338284022121e-10,9.11006107950496e-10,9.51535593091301e-11,-2.46169635339624e-10,-1.07030053097727e-10,-7.37425333273939e-10,-2.35201640998323e-10,5.64758057289765e-11,4.71362900846602e-10,9.86661296868073e-10,4.91745119673832e-11,-1.29337918890722e-09,1.44697632435886e-10,-2.5527445176099e-10,-6.5547175028415e-10,1.04876445162787e-10,6.66201575052035e-10,4.86109685434142e-11,1.67827355305834e-10,6.9242850800413e-10,1.20475571598623e-10,-1.63997473232873e-10,-4.59948645516885e-10,1.00460218527607e-09,-1.27050941907689e-10,1.19483128158942e-10,-1.70254746467265e-10,8.8854905652634e-10,1.44488413345589e-10,5.67770378955201e-10,-1.48254921672697e-09,2.84554152002365e-10,-2.46328568627153e-11,-1.72342722817727e-10,-9.60566730698298e-10,-3.47647912693705e-10,-7.72493409124345e-10,-2.03828087093418e-10,-3.50197051691678e-10,-4.52493465271451e-10,-1.28719102953565e-09,-1.9368589718665e-11,-3.76240334499001e-10,2.20889936673318e-11,-5.2782865039229e-11,-4.18131058840869e-10,3.47698782529452e-10,-4.12874872010539e-11,6.00936922059648e-11,1.12366746028442e-10,6.30158016731021e-10,-4.56675722287623e-10,-3.7898345177539e-10,1.59289645978008e-10,-3.34819233687631e-10,1.00575218912244e-10,1.35697888273171e-10,-2.34721738660687e-10,1.99574444826402e-10,-5.93374507766225e-10,-4.65953541024042e-10,-7.46858227579253e-10,-7.03339763605341e-10,-4.00590348905635e-10,7.56248475718999e-10,-8.39941398975879e-10,-5.97736420276009e-10,3.12608403957091e-10,8.31237623608392e-10,1.91291271347839e-10,1.94725365088404e-10,-6.00735539036913e-11,-2.65562502653657e-10,-6.90535209260128e-10,-1.5050436664791e-09,-6.35987732800959e-10,3.61208176606951e-10,-6.60463658887189e-10,4.87758021626725e-11,1.43688860879673e-10,-6.53382037340841e-11,-5.14137331693142e-10,4.57855063857905e-10,-8.59726357107286e-10,-2.22538707715066e-10,4.01907447467183e-10,-2.0771191437099e-10,3.35389325211833e-10,7.22471766757172e-10,-9.42469063108768e-11,1.18579037618849e-11,-2.32662784138136e-10,-2.11976623291134e-10,8.46808366041548e-11,-1.17657018975756e-10,8.26642365289296e-11,-2.45113001009363e-10,-1.69791473902879e-10,3.73862325060269e-11,-1.40532715396914e-10,-8.07892261808876e-11,-1.66997307155067e-10,-9.13497427697639e-11,1.32855525086751e-11,5.39405775416111e-10,-1.5263567143712e-09,-2.44270218940103e-10,5.92762235517007e-10,-3.25671033999393e-10,-2.47257129623002e-10,7.50961271589598e-10,1.09522242513712e-10,7.59007966956007e-11,-8.16921256483353e-10,-4.41910420273809e-10,-4.39531846071035e-10,2.61268926507378e-10,6.61287176768445e-10,7.65481404829383e-10,-4.41357564830692e-10,-7.39223438649002e-10,-6.13772201251298e-11,-1.61125714690433e-10,-5.1607931355072e-10,8.29775833102398e-10,5.40009099970478e-10,-1.77352311410623e-11,-7.47677879865011e-10,-3.81356388928012e-10,-5.4393902261326e-10,-8.0514394135118e-10,1.85541778238323e-10,-1.03193986922146e-10,-6.26596849095449e-10,-2.82085310270392e-10,-6.12800419085844e-10,-5.84607639082346e-10,-4.05595492798263e-10,-9.84302278744517e-10,-1.63964185608052e-09,-2.33462971495531e-10,-3.71462968608083e-10,3.16424818180681e-10,1.81699228077673e-11,-1.39075915806791e-09,-1.13526776254206e-10,-4.14710384069323e-10,1.788760954605e-11,4.21219360801238e-10,-1.88365939172629e-10,-5.72599435758825e-11,-6.71792838620705e-10,1.09302250065805e-10,-6.56477496138882e-10,-8.05962200584638e-11,-7.3284438079358e-10,2.69536114010355e-11,5.52746611893255e-12,3.166438266298e-11,-5.77342679986782e-10,-8.14510820483476e-10,-6.25195114250634e-11,-1.03028667079948e-09,-7.44218597296746e-10,6.95974682661228e-10,-1.17578070277923e-10,-1.78136276223591e-10,-5.95650303186272e-10,1.82721262684291e-10,-9.40019518956219e-10,-4.61033356964802e-10,-4.01823044832955e-11,-1.03139908210198e-09,-5.76892978713366e-10,-3.41486914877284e-10,-4.06957071785666e-10,-9.6803628359165e-10,-2.17215989850952e-10,-1.25891159029149e-09,-5.96757769338542e-10,-1.21085261849878e-10,-9.16519514282336e-10,6.92928261527157e-11,2.50453532268735e-10,1.22914888670565e-11,-5.68887035701468e-11,-1.2108156132905e-10,-1.16693301164012e-09,-6.76077225703472e-10,-3.93241703307384e-10,-9.62347094069655e-10,-4.88761803175595e-10,-3.8111151337119e-10,-8.59736721300809e-12,-1.05880751253869e-09,-9.70003338123492e-11,-3.61990836263179e-10,-1.59032292746334e-10,-7.97772576366781e-10,-1.00426512580133e-09,-5.68526276098833e-10,-5.20948100376552e-10,-1.07444606307339e-09,2.1341788408562e-11,-1.07388139318266e-09,-1.26879379671471e-09,9.63004692218661e-11,-2.17510555639462e-10,-2.0618281618027e-10,-5.99439834878441e-10,-5.22448012049485e-11,-5.14252434894338e-10,-2.41395166678476e-10,-5.75226950793145e-10,-3.12811282140343e-10,-2.19650520007073e-10,-1.02749828648291e-09,-1.04353366032874e-09,8.63970306425883e-11,1.83543175443619e-10,1.10090093787761e-10,1.3245957660918e-10,-6.80894685791268e-10,-7.97163100561836e-10,-1.94355521011676e-10,-1.56232747966459e-10,-5.0922425579075e-10,-6.08203846689563e-11,1.62427675560933e-10,-6.78641387496034e-11,-2.57771118235231e-10,8.06433695675914e-11,-7.43572381140775e-10,4.97144459468381e-10,-7.51885961880191e-10,8.81976615198094e-10,1.28747776800638e-10,1.42381584012312e-10,2.08647384882368e-10,-3.75575661514353e-10,-1.83340561890293e-10,7.3917711140202e-10,4.34385684694021e-10,-5.15946343409905e-11,1.70330736430909e-09,8.56058067771509e-10,8.64858938075053e-10,2.10794031405785e-09,1.69586517320446e-09,2.13958701208792e-09,2.0926515085982e-09,2.53609839131334e-09,2.69370901078737e-09
