v,0.25
Patm,100000
g,9.81
r,500
G,10^11.12
rho,2200
mu,10^3.51
rc,18
 
M,10^6.4
sigma,0.1
 
tilt_erupt,6.8325nrad
 
-1039,-1038,-1037,-1036,-1035,-1034,-1033,-1032,-1031,-1030,-1029,-1028,-1027,-1026,-1025,-1024,-1023,-1022,-1021,-1020,-1019,-1018,-1017,-1016,-1015,-1014,-1013,-1012,-1011,-1010,-1009,-1008,-1007,-1006,-1005,-1004,-1003,-1002,-1001,-1000,-999,-998,-997,-996,-995,-994,-993,-992,-991,-990,-989,-988,-987,-986,-985,-984,-983,-982,-981,-980,-979,-978,-977,-976,-975,-974,-973,-972,-971,-970,-969,-968,-967,-966,-965,-964,-963,-962,-961,-960,-959,-958,-957,-956,-955,-954,-953,-952,-951,-950,-949,-948,-947,-946,-945,-944,-943,-942,-941,-940,-939,-938,-937,-936,-935,-934,-933,-932,-931,-930,-929,-928,-927,-926,-925,-924,-923,-922,-921,-920,-919,-918,-917,-916,-915,-914,-913,-912,-911,-910,-909,-908,-907,-906,-905,-904,-903,-902,-901,-900,-899,-898,-897,-896,-895,-894,-893,-892,-891,-890,-889,-888,-887,-886,-885,-884,-883,-882,-881,-880,-879,-878,-877,-876,-875,-874,-873,-872,-871,-870,-869,-868,-867,-866,-865,-864,-863,-862,-861,-860,-859,-858,-857,-856,-855,-854,-853,-852,-851,-850,-849,-848,-847,-846,-845,-844,-843,-842,-841,-840,-839,-838,-837,-836,-835,-834,-833,-832,-831,-830,-829,-828,-827,-826,-825,-824,-823,-822,-821,-820,-819,-818,-817,-816,-815,-814,-813,-812,-811,-810,-809,-808,-807,-806,-805,-804,-803,-802,-801,-800,-799,-798,-797,-796,-795,-794,-793,-792,-791,-790,-789,-788,-787,-786,-785,-784,-783,-782,-781,-780,-779,-778,-777,-776,-775,-774,-773,-772,-771,-770,-769,-768,-767,-766,-765,-764,-763,-762,-761,-760,-759,-758,-757,-756,-755,-754,-753,-752,-751,-750,-749,-748,-747,-746,-745,-744,-743,-742,-741,-740,-739,-738,-737,-736,-735,-734,-733,-732,-731,-730,-729,-728,-727,-726,-725,-724,-723,-722,-721,-720,-719,-718,-717,-716,-715,-714,-713,-712,-711,-710,-709,-708,-707,-706,-705,-704,-703,-702,-701,-700,-699,-698,-697,-696,-695,-694,-693,-692,-691,-690,-689,-688,-687,-686,-685,-684,-683,-682,-681,-680,-679,-678,-677,-676,-675,-674,-673,-672,-671,-670,-669,-668,-667,-666,-665,-664,-663,-662,-661,-660,-659,-658,-657,-656,-655,-654,-653,-652,-651,-650,-649,-648,-647,-646,-645,-644,-643,-642,-641,-640,-639,-638,-637,-636,-635,-634,-633,-632,-631,-630,-629,-628,-627,-626,-625,-624,-623,-622,-621,-620,-619,-618,-617,-616,-615,-614,-613,-612,-611,-610,-609,-608,-607,-606,-605,-604,-603,-602,-601,-600,-599,-598,-597,-596,-595,-594,-593,-592,-591,-590,-589,-588,-587,-586,-585,-584,-583,-582,-581,-580,-579,-578,-577,-576,-575,-574,-573,-572,-571,-570,-569,-568,-567,-566,-565,-564,-563,-562,-561,-560,-559,-558,-557,-556,-555,-554,-553,-552,-551,-550,-549,-548,-547,-546,-545,-544,-543,-542,-541,-540,-539,-538,-537,-536,-535,-534,-533,-532,-531,-530,-529,-528,-527,-526,-525,-524,-523,-522,-521,-520,-519,-518,-517,-516,-515,-514,-513,-512,-511,-510,-509,-508,-507,-506,-505,-504,-503,-502,-501,-500,-499,-498,-497,-496,-495,-494,-493,-492,-491,-490,-489,-488,-487,-486,-485,-484,-483,-482,-481,-480,-479,-478,-477,-476,-475,-474,-473,-472,-471,-470,-469,-468,-467,-466,-465,-464,-463,-462,-461,-460,-459,-458,-457,-456,-455,-454,-453,-452,-451,-450,-449,-448,-447,-446,-445,-444,-443,-442,-441,-440,-439,-438,-437,-436,-435,-434,-433,-432,-431,-430,-429,-428,-427,-426,-425,-424,-423,-422,-421,-420,-419,-418,-417,-416,-415,-414,-413,-412,-411,-410,-409,-408,-407,-406,-405,-404,-403,-402,-401,-400,-399,-398,-397,-396,-395,-395,-394,-393,-392,-391,-390,-389,-388,-387,-386,-385,-384,-383,-382,-381,-380,-379,-378,-377,-376,-375,-374,-373,-372,-371,-370,-369,-368,-367,-366,-365,-364,-363,-362,-361,-360,-359,-358,-357,-356,-355,-354,-353,-352,-351,-350,-349,-348,-347,-346,-345,-344,-343,-342,-341,-340,-339,-338,-337,-336,-335,-334,-333,-332,-331,-330,-329,-328,-327,-326,-325,-324,-323,-322,-321,-320,-319,-318,-317,-316,-315,-314,-313,-312,-311,-310,-309,-308,-307,-306,-305,-304,-303,-302,-301,-300,-299,-298,-297,-296,-295,-294,-293,-292,-291,-290,-289,-288,-287,-286,-285,-284,-283,-282,-281,-280,-279,-278,-277,-276,-275,-274,-273,-272,-271,-270,-269,-268,-267,-266,-265,-264,-263,-262,-261,-260,-259,-258,-257,-256,-255,-254,-253,-252,-251,-250,-249,-248,-247,-246,-245,-244,-243,-242,-241,-240,-239,-238,-237,-236,-235,-234,-233,-232,-231,-230,-229,-228,-227,-226,-225,-224,-223,-222,-221,-220,-219,-218,-217,-216,-215,-214,-213,-212,-211,-210,-209,-208,-207,-206,-205,-204,-203,-202,-201,-200,-199,-198,-197,-196,-195,-194,-193,-192,-191,-190,-189,-188,-187,-186,-185,-184,-183,-182,-181,-180,-179,-178,-177,-176,-175,-174,-173,-172,-171,-170,-169,-168,-167,-166,-165,-164,-163,-162,-161,-160,-159,-158,-157,-156,-155,-154,-153,-152,-151,-150,-149,-148,-147,-146,-145,-144,-143,-142,-141,-140,-139,-138,-137,-136,-135,-134,-133,-132,-131,-130,-129,-128,-127,-126,-125,-124,-123,-122,-121,-120,-119,-118,-117,-116,-115,-114,-113,-112,-111,-110,-109,-108,-107,-106,-105,-104,-103,-102,-101,-100,-99,-98,-97,-96,-95,-94,-93,-92,-91,-90,-89,-88,-87,-86,-85,-84,-83,-82,-81,-80,-79,-78,-77,-76,-75,-74,-73,-72,-71,-70,-69,-68,-67,-66,-65,-64,-63,-62,-61,-60,-59,-58,-57,-56,-55,-54,-53,-52,-51,-50,-49,-48,-47,-46,-45,-44,-43,-42,-41,-40,-39,-38,-37,-36,-35,-34,-33,-32,-31,-30,-29,-28,-27,-26,-25,-24,-23,-22,-21,-20,-19,-18,-17,-16,-15,-14,-13,-12,-11,-10,-9,-8,-7,-6,-5,-4,-3,-2,-1,0
1.72773285878614e-11,-3.82725244919267e-11,-4.46311909251616e-12,-1.37452933402281e-10,-1.01273690117934e-10,-6.5336636357825e-11,2.63507895154279e-11,1.14562314606442e-10,1.65135013223438e-12,1.21669705462485e-10,-1.95870978740212e-10,-7.59940114449996e-12,1.26526325540604e-10,7.49732679995737e-14,-3.88728595864816e-11,-1.8042615207114e-11,2.39588489502509e-11,-3.15921116329155e-11,2.00704739821934e-10,6.42260783955115e-11,-1.26064814227454e-11,-3.16267393888169e-10,1.22199993684599e-11,1.75446496012798e-10,6.13411418784849e-11,-2.4441479897578e-11,-1.22095722520381e-10,-1.19392501363152e-10,-1.99471010799832e-11,1.70152479781795e-11,-1.15329409407056e-10,7.32877883953244e-11,-4.34909796879353e-11,-1.77097187201738e-10,-6.9996518749966e-11,1.44171530874344e-10,6.66266745186942e-11,-4.53565600122111e-11,2.40341274890723e-10,-3.12652601451078e-11,-2.22504444776575e-10,4.00643921522817e-11,1.51469852769949e-11,1.08278071345218e-10,-5.8350326859441e-13,1.7130285594945e-10,1.09089458607474e-12,4.37093728951459e-11,2.25266872910379e-10,-1.66552261668755e-11,-1.57265305949257e-10,2.66120136186543e-11,-9.20874970021762e-12,1.84172282615318e-10,1.19000144094799e-10,-8.63618586278718e-11,-7.76808096814476e-11,1.45567145559674e-11,8.20068934837355e-11,-2.66208783161996e-11,-7.48650099917885e-11,1.09053914758231e-10,1.55173033381169e-11,-9.63989422222841e-11,-1.40592343790924e-10,1.51548829030928e-10,9.21132025374496e-11,4.50313016680084e-12,-9.19258990100592e-12,4.69846095527342e-11,3.80178460269882e-11,9.81688440280928e-11,-3.47967335300553e-11,-4.9563683503561e-11,8.76424363424389e-11,-5.60227251134828e-11,-2.87773055789419e-11,-5.72365861907716e-11,1.3225036517135e-11,1.63443554563279e-10,-2.49823668610317e-10,-1.47412368354905e-10,1.02035136404859e-10,-3.03081064268111e-11,5.10983762770427e-11,7.32938869463366e-11,7.09524466621921e-11,-9.99010071951175e-11,1.54363123184076e-11,4.3839502162254e-11,-9.92387984672867e-11,-8.17276515153547e-11,1.37322737282715e-10,5.82673425141743e-11,-6.54914713848696e-11,7.07197532481155e-11,1.6801328861458e-10,-1.37016437752693e-10,1.35433648800583e-10,3.65213057453982e-11,4.67407655826262e-11,1.48559080222808e-10,-3.83319607500957e-12,6.13566907229673e-11,4.30438181669022e-11,-1.405966599344e-10,-1.79608257513755e-11,-3.3872829187763e-11,2.61330450496452e-11,4.54829536970028e-11,8.46540845371929e-13,-7.22844056708088e-11,-3.86973844395752e-11,-7.41334128207577e-11,-9.19846823938647e-11,4.87233985314409e-11,-6.81169682456105e-13,3.32145585111417e-11,-6.51347958290009e-12,-7.03824114861913e-13,-8.63911570524258e-11,-5.90719950355129e-11,-2.78590792688175e-11,-6.40737489621892e-13,-1.10936921133291e-10,3.93925170469135e-11,-3.34335437446606e-11,-1.60476246230439e-10,-3.02080344868536e-11,4.57952477086231e-11,3.3910112718915e-11,-2.40740404242048e-12,-9.60066979124268e-11,7.52315494274614e-11,6.34124006253671e-12,-1.18197018902981e-10,8.45708886382162e-11,8.05242439847042e-11,5.40862031942028e-11,3.63488367945723e-11,-1.90288440548329e-11,2.54410595333518e-11,9.14935482513698e-12,2.92394160951833e-11,-4.3931361130385e-11,-7.33599903421944e-11,1.54919539434691e-10,8.24378924827285e-11,-7.35747783955924e-11,7.89930160748915e-12,7.56899720656758e-11,8.05072411353231e-11,-6.07703112422137e-11,3.28581354542774e-11,-1.37032717935648e-10,-9.99784048571224e-12,-2.38633551139177e-12,1.09496266807976e-10,-4.0563957549758e-11,2.47115848774845e-11,-8.96633126637364e-11,-5.16252684206459e-11,-1.31071361814713e-10,1.26643769609918e-10,-3.6427449151388e-11,-1.1000453043333e-10,-4.02981913651904e-11,-2.74339659409749e-11,-9.54212143413289e-13,-3.81673471499935e-11,-7.10403749140617e-11,7.9012080987798e-12,-1.99178079412983e-11,1.33695183698402e-10,-3.57573683904707e-12,-2.52309660990659e-10,1.91346371537907e-10,-2.07556444999992e-10,1.83346947729364e-11,6.66833928175201e-11,2.00874999905097e-10,8.55719546229413e-11,4.37490956796166e-11,7.0103089977893e-11,-1.09142975403245e-10,-4.67952816227469e-12,1.33264713358048e-10,-7.88493396883721e-11,9.7649762676885e-11,-6.10658839331915e-11,4.58535273525736e-11,2.29942352800158e-11,1.19374574165141e-10,-3.4434358384146e-11,5.38233069158136e-11,5.01013543671801e-11,9.80291686263216e-12,1.67148565349883e-10,-3.48474468903353e-11,-5.82966273324956e-11,4.41729223008968e-11,3.2879609542457e-11,2.44791439399916e-12,-9.91570406954637e-12,-1.00561943720773e-11,7.39914149836182e-11,5.5801609405214e-11,7.20740696112876e-11,8.07307491431416e-11,3.54656256449178e-11,-8.10897066489099e-11,-3.05779716765097e-11,3.48390636799672e-11,-4.0882450800827e-11,-1.79302205760249e-11,2.56891751985736e-11,-2.29526880855806e-10,-2.60011950006221e-11,-5.54363077412055e-11,-9.15787933992126e-12,1.5843339742442e-10,-7.40685984384627e-11,3.30490321650038e-11,6.4158489059292e-11,-1.50387263430181e-10,-9.449838382567e-11,1.50203495875534e-10,-1.20647979263776e-11,1.79757495476548e-10,-9.42902172952129e-11,5.74351257322652e-11,-4.91124011698669e-12,1.11820295801046e-10,1.34220533474328e-10,9.94790174069837e-11,1.11953997198397e-10,3.56630748310747e-11,1.7548748634766e-10,-1.1280541858375e-10,5.57837149644974e-11,-2.74320628170209e-10,-2.26331869410026e-10,-3.75244449597573e-11,7.7486681576235e-11,1.23793479543746e-10,2.26483347834263e-10,-1.19306810894799e-10,1.55198323192763e-10,-1.94358680014809e-11,1.14513231988473e-10,9.82924321820187e-11,-7.87914695445465e-11,-5.20259832374732e-11,1.27852954548583e-10,1.10596344105048e-10,-9.10810262862874e-11,7.33259363112708e-12,4.86910949196252e-11,-9.38355617618301e-11,-2.62412028861486e-11,3.59228717069755e-11,-5.17128315792062e-11,1.72797626357252e-10,3.06415169333393e-11,2.99223692079138e-11,-3.76614041057321e-11,1.1536949170924e-10,7.35916209942104e-11,-5.17089703496204e-12,-2.66680322015512e-11,6.60147820125604e-11,6.65956331414486e-11,1.13729005865864e-10,-1.62077405951157e-10,-2.01574244348427e-10,1.0130790944138e-10,1.07598769093672e-10,-6.24197873847491e-13,-6.80265674311594e-11,3.22299620277884e-11,4.63179868056612e-12,1.3392220632188e-10,-4.2314464298147e-11,1.20475785039935e-10,-8.49722073323982e-11,-1.13173399930037e-10,1.77659577632529e-10,-5.15870725989644e-11,-9.08895077648004e-11,1.369962437001e-10,7.02016301318473e-11,-5.52732974260327e-11,-9.99695659791877e-12,-7.13011767713897e-12,-7.62978633725664e-11,-2.40959828760029e-11,1.56113209840504e-11,2.55347433814346e-11,8.4282496031702e-11,1.26910826177004e-10,-4.72301317586855e-11,1.067205117463e-10,-1.03595865948547e-10,7.73966038947717e-11,4.87462774579773e-11,-2.06718385046957e-10,-1.89036365481614e-10,-5.9249584079639e-11,1.93134283847539e-10,2.54907328879181e-11,3.84387200028009e-11,2.00062456753028e-10,7.38292887940705e-11,-1.83918449138596e-10,3.55173279989673e-11,-3.19819972395827e-11,1.2544870020374e-10,2.51765313836065e-11,1.36357677454058e-10,6.86338892516488e-12,-1.25310253323966e-10,-1.01780515963168e-10,-1.08925411312177e-10,2.28536721421676e-12,-9.50257349187024e-11,-1.52301236559515e-10,6.85375486248459e-12,1.7383112806472e-10,1.40261184673017e-10,4.25477498818558e-12,-6.1528987522221e-11,7.33906676250406e-11,-1.43892868327929e-11,-9.38460944928927e-11,9.65273002342588e-11,-7.34803931339594e-11,5.32271097958238e-11,-1.31617794859773e-10,1.50410057485724e-11,1.18374498634621e-11,-7.48528356884736e-11,-2.993478405756e-11,4.69900360571266e-11,-1.01644850675869e-10,4.14135348260849e-11,1.3334852219715e-10,3.50268128541613e-11,6.10466154855912e-11,1.15457738746495e-10,-3.69980715244893e-11,4.21472232136397e-11,9.26057468881285e-11,2.1892560326801e-11,-7.05574957827865e-11,4.3905354390699e-11,-6.43265897373319e-11,1.02401142394137e-11,1.56249463882071e-10,-3.39437899494912e-11,3.77491437983356e-11,1.0810705099448e-10,-1.03799213714605e-10,5.8807662162515e-11,-3.61653338677476e-11,7.88398467418853e-11,4.49499047736637e-11,-8.41304802037213e-11,-1.01416999230093e-10,1.49051704901209e-11,-1.18599482627626e-10,-1.85224846831758e-10,-1.24850572456271e-10,6.83225167339671e-11,3.60458970359821e-12,-7.69907731400122e-11,9.82280879232397e-13,-4.91623459254254e-11,6.66273042950647e-11,3.95050912076648e-11,-1.08436391216185e-10,5.18579428559863e-12,-5.65686356716229e-11,-2.31562322114776e-11,1.47965942940989e-10,7.76043511119594e-11,-1.17687275051382e-10,8.35609049318185e-11,6.13860731138935e-11,-1.36290951924846e-10,1.84440887746919e-10,-8.58408040032226e-12,1.29387640168632e-10,7.67082631395676e-12,1.53225976416722e-10,9.16496036296805e-11,-5.95612130172266e-11,1.12115011931138e-10,6.98230618276994e-11,-6.84724143148713e-11,-2.32482101920211e-11,-2.83436686096827e-12,-1.82951493636972e-12,5.86139416257738e-11,-1.29842427859418e-11,-6.25899177743513e-11,8.93871509050426e-11,1.62976095928629e-10,-8.77588735619222e-12,-5.21115254347495e-11,-2.70366199435243e-10,-5.09016835043311e-11,1.18565598845132e-10,8.37921249570564e-11,-6.47270909561224e-11,1.02414978326228e-10,2.99675837917426e-11,5.27617143863757e-11,5.32100559962537e-11,1.1642160909461e-10,5.67942953390753e-11,5.67954688937408e-11,-1.35379078283116e-11,4.14735253992671e-11,3.19860221740449e-11,7.94319603062313e-11,-1.72443653766092e-10,9.23427708564251e-11,2.26769101182347e-10,-2.00274496394638e-11,6.58031086040956e-11,-9.8523123062095e-11,8.18237858493027e-11,-2.23582466668613e-11,8.43690632242869e-11,2.24418123481952e-10,-8.66781399775368e-11,-1.02689005112312e-10,2.01336922301592e-11,1.39771788765947e-10,-8.38229248533117e-11,-7.648375892306e-13,1.84948505499154e-10,-5.53319585059713e-11,7.51020757125629e-11,2.49843410627191e-10,3.49534889697441e-11,1.52930530649161e-10,-1.23215499251192e-11,2.31232732018784e-11,-2.00917602187203e-11,3.17615721078106e-11,-6.45062742623186e-11,6.66466099613582e-12,1.86552972417613e-11,-2.48384518991873e-10,9.88614289338535e-11,1.57960333569147e-10,-5.36317043248141e-11,2.35528757281601e-10,-1.30491213047336e-10,2.09125316956897e-10,2.25637296629073e-11,-1.10308999169417e-10,5.88720834718258e-11,-7.3894701831822e-11,-1.61161640706088e-10,-1.1860746595229e-10,1.98138407486831e-10,-2.9046577251316e-12,2.86946512941526e-11,3.4600249420194e-11,-9.40825299066271e-11,-4.94397014755285e-11,-3.9523474582405e-11,-5.75477693084722e-11,5.74490185787586e-11,-8.15408577969767e-14,7.12127394700815e-11,-2.54167974293381e-10,9.08278285788211e-11,-1.55814563434607e-10,-8.0992190704137e-12,3.94060906616897e-11,-3.40030411511949e-11,2.72843716261114e-10,-3.82666108540939e-11,3.03791390224938e-12,4.54478624929079e-11,1.2733511967773e-10,9.12367567631582e-11,1.27072084047924e-11,8.41265346690727e-11,4.42198906743673e-11,-5.66208597477671e-12,-1.04848733527717e-11,-3.70364855438481e-11,-9.62291492238973e-11,1.26327790943594e-11,7.51788685135183e-11,4.97717366879443e-11,1.22045709586839e-10,-1.25608202560591e-10,7.71685769016359e-11,-1.51987355059883e-11,-8.84053751635893e-11,5.5848970123369e-11,3.01242875590112e-11,1.2107327003178e-10,4.97020343788121e-11,-6.87550240663166e-11,1.3752333736929e-10,8.04988047874755e-11,4.96929986310262e-11,-1.68065246726998e-10,-3.06560500258411e-11,-6.8181536071188e-11,-3.95214720032771e-11,-3.33156452758849e-12,3.35719206196806e-11,-5.77097234630866e-11,1.01071139400847e-11,1.25801245756994e-10,3.93137781798895e-11,8.35767656412621e-11,6.63903074191509e-11,4.60289532097228e-11,1.65757391664703e-11,2.21919071805051e-10,-2.50306203830152e-10,-1.68981953128567e-10,-2.69730064256405e-11,-2.32586149015773e-11,-7.64203224331687e-11,-6.23837068483191e-11,-6.84122334588577e-11,-9.6421736500629e-11,1.87799302381628e-10,-8.33502345533349e-11,-4.68588987610941e-11,-4.20136180833015e-11,-1.44788828842942e-10,-7.15405158920311e-11,-1.65100826359991e-11,1.24360442906835e-10,1.34925969835706e-10,-1.83011604776794e-10,-3.95665783946967e-11,-1.7456174388694e-10,2.52862776959258e-11,-1.21602263688147e-10,-6.92290994495251e-11,2.96152996840157e-10,5.42777486766417e-11,-1.55945016516669e-10,-3.55103688788401e-12,-2.78414916693327e-11,5.39147050990592e-11,-1.52368025101e-10,2.97058339843497e-11,-1.97748548539003e-11,-8.73232581447377e-11,-2.50304023107519e-10,3.16881784837891e-11,-2.47778334404053e-11,1.24366448062114e-10,-1.1630977459748e-10,-3.3711035896489e-11,7.2917510378677e-11,7.88532516769435e-11,1.21047466115913e-11,-6.11055869692434e-11,-3.20135303519096e-11,-1.04346358390449e-10,1.64114147072367e-10,2.62594165287723e-11,2.06599456757862e-11,-8.01535648985514e-11,-3.05391789181201e-11,7.27956871992948e-11,-4.58202494781697e-11,3.40352083697173e-11,1.86081026051891e-10,-5.60973714358314e-11,2.09557326782268e-11,3.24155923338067e-11,-2.59710171424282e-10,1.17979041431496e-10,-4.80706155672359e-11,-5.48013327218139e-11,-1.26084334856315e-10,5.05414194279884e-11,-2.62832891477446e-10,6.29601501612083e-11,1.04722304227195e-10,-6.79337526134662e-11,7.9753021916822e-11,1.62717294422285e-10,-3.54548358960411e-11,-4.37935851906019e-12,1.34872764658263e-11,3.39530316686436e-11,1.03065585023681e-10,-1.13705910863937e-10,-1.21349208924888e-10,-2.00212561302395e-11,4.94833675088911e-11,-2.23574441969196e-10,-2.45282735503885e-10,1.63748729919559e-11,1.90245754716573e-11,3.13463528465225e-11,-1.70788058143131e-12,-1.67725688275276e-10,6.31969132676702e-11,-1.9363388669674e-10,1.13461664691392e-10,4.98020326994206e-11,-2.13799093322251e-11,-9.9730431891893e-11,4.16673182361371e-11,-1.04011153634232e-10,-2.58839986950057e-12,-1.00400599864406e-10,1.43006232237953e-10,-2.0571559024877e-10,-6.78370453831971e-11,1.3020646793409e-10,-1.30686255380656e-10,2.08834068230569e-10,-9.34521715365058e-12,-7.08398597527156e-11,1.58058976769289e-11,1.54032485092791e-10,1.80186158847753e-10,1.0912366920289e-10,-1.4117773504166e-10,-5.68310335081828e-11,-6.24179743099065e-11,-4.35802903891973e-11,1.66941755945334e-10,2.08462863762482e-11,1.18015542419141e-11,-4.23628322306439e-11,5.25623341267036e-11,8.55224242049915e-11,-9.02310807918948e-11,-1.44094999485088e-12,7.31859173475197e-12,2.9198952920997e-11,1.4829585321709e-10,1.69295739843344e-10,-3.61818692927416e-11,-7.633335780788e-11,-5.19248170611021e-11,-3.19360703639157e-11,8.28982697605293e-11,-2.24132621336238e-11,1.18448784085548e-10,-6.84919941575935e-11,-3.49679938268942e-12,1.34109340591031e-10,1.11304330931278e-10,-3.16815121134065e-10,-4.41446381797391e-11,-1.81559966533061e-10,-1.39513110472626e-10,-8.45513470796482e-11,-1.88039886099964e-11,-4.36086348439074e-12,1.87536083162062e-11,6.64156237521687e-11,-2.56915111553109e-12,4.25612602129257e-11,1.17716607998052e-10,-1.21348349727035e-10,-1.07783661014055e-10,-3.09253410238446e-11,6.62600922939613e-11,-9.18207551053618e-11,-1.91783043384351e-10,-5.03648394960134e-11,-2.44112771919576e-12,-2.54559130874406e-10,8.18637364437524e-11,-2.06241677999472e-10,-1.08306323800121e-10,-4.50493565560358e-11,-6.63883032149839e-11,-5.13976311474201e-11,-1.60139368459174e-10,-3.30788335031996e-11,5.29858005200702e-11,-1.51950068181275e-11,-2.03123443554182e-10,-2.88994524882548e-10,-6.55790057479371e-11,-1.19288191307191e-10,-7.48494023596258e-11,-1.66744105128636e-10,-1.79347588158958e-10,-1.2213956475323e-11,-1.89374597360915e-10,-9.95829721199396e-12,4.74366819938779e-11,-1.97369751179449e-10,4.35380241869154e-11,-7.53121441332828e-11,-2.90983642233774e-11,-2.41029467936599e-10,-8.9721092127878e-11,-1.48897879228284e-12,7.64618447345003e-12,-2.04990381445316e-12,-1.26171555942148e-10,-2.04819625840405e-10,-3.24375397744266e-10,-2.25784660702805e-10,-7.44466236891029e-11,-2.25978753745196e-10,-2.93749456617906e-10,-5.50693557747744e-11,3.99039284595544e-11,-1.97287038896298e-10,-6.19511489729175e-11,-6.02876537765156e-11,-1.50432881331114e-10,-1.05617665437232e-10,-1.91968163361942e-10,-2.86747988448681e-10,-7.59360405809156e-11,-3.19942798468701e-10,4.20824666949943e-11,-1.25991482096311e-10,-1.99436850755577e-10,-1.99340241618393e-10,-1.20706980348745e-10,-1.11571459000774e-10,8.53848452633715e-11,-1.30926441815513e-10,-7.13960790066996e-11,2.19765494564993e-10,-2.40984982906656e-11,3.47883797242076e-11,-2.92049126795523e-10,-3.55441709818002e-10,-1.02621541849164e-10,-2.43401696691377e-10,-2.62475158415905e-10,-2.06626505756512e-10,-8.18309966655433e-11,-1.76058913403409e-10,-6.87556858934815e-11,-1.65823343237193e-10,-9.64020919408423e-11,-1.4697221219003e-10,-2.8717759659185e-10,-1.13624898668241e-10,-1.60756313958455e-10,-1.13624981161294e-10,-1.70905661504111e-10,-2.49108181392687e-10,-1.10344138732312e-10,-2.9705938571142e-10,-1.63133860163507e-10,-2.96419324223527e-10,-2.09943354024872e-10,-2.13782900473024e-10,-8.1134134095481e-11,-3.41796243777315e-10,-1.40477125754818e-10,-2.2067038248105e-10,-1.94646614862627e-10,-1.81760472956857e-10,-3.70290758004516e-10,-3.29291805233478e-10,-2.94237806423617e-10,-1.97220883632064e-10,-1.49844302485087e-10,-2.55768111732747e-10,-3.72206340022222e-10,-1.79011781419519e-10,-3.21419352338239e-10,-2.97964535518154e-10,-2.2499156042411e-10,-1.77694252182394e-10,-2.5666223507246e-10,-2.58461439774287e-10,-4.97884898229713e-10,-3.6535008748474e-10,-3.76326874217531e-10,-2.35254988955803e-10,-2.56500014749389e-10,-2.98545604554585e-10,-1.29235819528004e-10,-2.61945477528884e-10,-3.40908066776287e-10,-4.11099611110832e-10,-3.26118879686199e-10,-3.86982870258139e-10,-1.68238363381335e-10,-2.07650819265445e-10,-2.31327233744077e-10,-3.92360952020802e-10,-3.17003082754158e-10,-3.21902581472625e-10,-1.98824480426204e-10,-3.74570962915686e-10,-9.93867609611854e-11,-2.61018839639663e-10,-4.40711537320894e-10,-2.80055318911273e-10,-3.22210579317025e-10,-3.66310334330691e-10,-3.23334676935842e-10,-3.36522591874772e-10,-2.73915105978008e-10,-3.84874456746444e-10,-3.57256619342816e-10,-2.15155148200751e-10,-2.94722119364379e-10,-4.65671583534913e-10,-4.35820768830024e-10,-4.17839245092283e-10,-3.17809005886502e-10,-3.16988513899218e-10,-3.18051335599765e-10,-1.83521149242885e-10,-2.09603035714447e-10,-4.49176813351876e-10,-3.84158316518013e-10,-3.36216003352463e-10,-3.77216275286534e-10,-3.9346689567038e-10,-4.99730778025465e-10,-2.37655914361257e-10,-4.55124725399059e-10,-5.44408511222886e-10,-3.21941093550403e-10,-5.20078572518297e-10,-3.26942112127104e-10,-2.52426578276977e-10,-4.17607459018044e-10,-2.62715287125887e-10,-4.38372968687796e-10,-4.49077123621969e-10,-3.59177560251695e-10,-3.98433200919097e-10,-5.11755485788845e-10,-2.96767643520688e-10,-4.1068277819812e-10,-4.70728608703314e-10,-5.02541329237095e-10,-5.02772674341942e-10,-3.27277897961498e-10,-2.94894017469097e-10,-3.64560248919109e-10,-5.04072493959854e-10,-3.58430498794186e-10,-4.7733803890673e-10,-4.96467116280566e-10,-7.04815472494234e-10,-3.68023437285317e-10,-5.35566402450946e-10,-5.78414971196572e-10,-6.23082885937809e-10,-4.2874194542788e-10,-2.2819366339342e-10,-5.59762269375697e-10,-6.24282287371459e-10,-6.27492371940274e-10,-5.50012557341166e-10,-5.51939439531078e-10,-6.07787924394235e-10,-6.8836301214606e-10,-6.37171745877285e-10,-5.30524220140395e-10,-6.81738838536824e-10,-6.54625373000281e-10,-5.11699243758506e-10,-6.50939868786431e-10,-6.65896086311571e-10,-5.45120720524015e-10,-5.01317059836638e-10,-6.73846842623629e-10,-5.7276327995366e-10,-5.12557187047994e-10,-7.09898306009996e-10,-5.57296221491024e-10,-5.47579838782521e-10,-6.13589557255539e-10,-6.20986515667108e-10,-4.56375281205491e-10,-5.76823846593555e-10,-4.25060445033266e-10,-7.52386669201107e-10,-6.95721276859859e-10,-7.64766739253407e-10,-6.5066359399115e-10,-6.69401053412264e-10,-7.52988586199553e-10,-8.33129965291529e-10,-6.61133447333847e-10,-7.48749959793496e-10,-6.53183319118019e-10,-6.31787243188208e-10,-8.38519254736169e-10,-6.87911776053152e-10,-6.32910903335543e-10,-9.4744779517912e-10,-6.79998878869332e-10,-8.71852690467075e-10,-6.42636858230239e-10,-8.96628597510586e-10,-7.13218744146449e-10,-6.89859626607635e-10,-7.6855285874491e-10,-8.32145460547264e-10,-7.00372598228837e-10,-8.2251569442214e-10,-9.11810003946791e-10,-7.21808226070506e-10,-7.48575977333168e-10,-7.16136739512801e-10,-7.12838619792722e-10,-9.34880727922299e-10,-7.12776966573344e-10,-8.51265441809238e-10,-8.42961720157665e-10,-8.86847041004718e-10,-7.90762339985932e-10,-8.10353731338424e-10,-8.40473156679674e-10,-8.30485988309493e-10,-8.07766204775532e-10,-8.53006384801298e-10,-9.30380798748749e-10,-9.49365377144944e-10,-9.66941383194042e-10,-7.12122494409679e-10,-8.14058289082555e-10,-9.506050804159e-10,-8.601472133964e-10,-7.47289038950454e-10,-8.72255440972197e-10,-8.94990979102119e-10,-8.54060050568794e-10,-8.06718056332305e-10,-9.64402663812848e-10,-1.10804525217281e-09,-8.25233428217233e-10,-9.16096206864513e-10,-9.53914198375486e-10,-1.01793908148788e-09,-9.02146923720411e-10,-7.73279284659852e-10,-9.3797189015056e-10,-9.56444560412023e-10,-9.55113841158842e-10,-1.02272605614738e-09,-9.78311220065061e-10,-8.51201650032322e-10,-1.10947285929251e-09,-9.33895431134117e-10,-1.13860951835257e-09,-9.70793414411456e-10,-9.35337449690472e-10,-9.5588421262624e-10,-1.13226621422258e-09,-9.44522660370772e-10,-8.52205298759422e-10,-1.05554765671055e-09,-9.77269525318164e-10,-1.04588995207938e-09,-1.05643169037004e-09,-1.0368329897512e-09,-9.57341573414644e-10,-8.36878344319082e-10,-9.74981388889536e-10,-9.63769131394438e-10,-9.39594439842499e-10,-1.10567709856443e-09,-9.52619922212693e-10,-9.23158094931856e-10,-8.74639496906135e-10,-1.01232799715478e-09,-1.01847738924329e-09,-8.65498772669975e-10,-9.36652084749757e-10,-1.00938016735222e-09,-8.66174530796011e-10,-8.8174122992949e-10,-1.00566671719481e-09,-7.93770156027218e-10,-8.64480694210979e-10,-8.13924839809661e-10,-8.56094076259863e-10,-7.78816210325875e-10,-8.60115762122192e-10,-6.4856024995309e-10,-7.08415441493909e-10,-7.72907358787614e-10,-5.75579915976874e-10,-6.6028421520488e-10,-5.11221549913728e-10,-6.36517335335208e-10,-6.05161981077913e-10,-4.61609288465216e-10,-6.37333687873298e-10,-3.46528151945776e-10,-5.19006513202049e-10,-2.49493583356977e-10,-3.24354241738146e-10,-4.62996260957406e-10,-4.74177771832722e-11,3.95953092561369e-11,3.08867593797831e-11,1.8369899053878e-11,2.63979037483242e-10,2.38606619694394e-10,3.07636118252214e-10,4.56853936080157e-10,4.50108186615806e-10,6.71522689306267e-10,9.11927124664644e-10,1.09978536802545e-09,9.61178366764369e-10,1.39354539047177e-09,1.64274485761929e-09,1.99497348964954e-09,1.9770074995615e-09,2.31962860089044e-09,2.51170354952733e-09,2.90656460996677e-09,3.23567884858112e-09,3.67271165954262e-09,4.16412099641534e-09,4.49778733061992e-09,5.1215378785817e-09,5.61693146718235e-09,6.19429638719846e-09,6.74901046004755e-09
