v,0.25
Patm,100000
g,9.81
r,500
G,10^11.12
rho,2200
mu,10^3.51
rc,18
 
M,10^6.18
sigma,0.1
 
tilt_erupt,3.1271nrad
 
-1052,-1051,-1050,-1049,-1048,-1047,-1046,-1045,-1044,-1043,-1042,-1041,-1040,-1039,-1038,-1037,-1036,-1035,-1034,-1033,-1032,-1031,-1030,-1029,-1028,-1027,-1026,-1025,-1024,-1023,-1022,-1021,-1020,-1019,-1018,-1017,-1016,-1015,-1014,-1013,-1012,-1011,-1010,-1009,-1008,-1007,-1006,-1005,-1004,-1003,-1002,-1001,-1000,-999,-998,-997,-996,-995,-994,-993,-992,-991,-990,-989,-988,-987,-986,-985,-984,-983,-982,-981,-980,-979,-978,-977,-976,-975,-974,-973,-972,-971,-970,-969,-968,-967,-966,-965,-964,-963,-962,-961,-960,-959,-958,-957,-956,-955,-954,-953,-952,-951,-950,-949,-948,-947,-946,-945,-944,-943,-942,-941,-940,-939,-938,-937,-936,-935,-934,-933,-932,-931,-930,-929,-928,-927,-926,-925,-924,-923,-922,-921,-920,-919,-918,-917,-916,-915,-914,-913,-912,-911,-910,-909,-908,-907,-906,-905,-904,-903,-902,-901,-900,-899,-898,-897,-896,-895,-894,-893,-892,-891,-890,-889,-888,-887,-886,-885,-884,-883,-882,-881,-880,-879,-878,-877,-876,-875,-874,-873,-872,-871,-870,-869,-868,-867,-866,-865,-864,-863,-862,-861,-860,-859,-858,-857,-856,-855,-854,-853,-852,-851,-850,-849,-848,-847,-846,-845,-844,-843,-842,-841,-840,-839,-838,-837,-836,-835,-834,-833,-832,-831,-830,-829,-828,-827,-826,-825,-824,-823,-822,-821,-820,-819,-818,-817,-816,-815,-814,-813,-812,-811,-810,-809,-808,-807,-806,-805,-804,-803,-802,-801,-800,-799,-798,-797,-796,-795,-794,-793,-792,-791,-790,-789,-788,-787,-786,-785,-784,-783,-782,-781,-780,-779,-778,-777,-776,-775,-774,-773,-772,-771,-770,-769,-768,-767,-766,-765,-764,-763,-762,-761,-760,-759,-758,-757,-756,-755,-754,-753,-752,-751,-750,-749,-748,-747,-746,-745,-744,-743,-742,-741,-740,-739,-738,-737,-736,-735,-734,-733,-732,-731,-730,-729,-728,-727,-726,-725,-724,-723,-722,-721,-720,-719,-718,-717,-716,-715,-714,-713,-712,-711,-710,-709,-708,-707,-706,-705,-704,-703,-702,-701,-700,-699,-698,-697,-696,-695,-694,-693,-692,-691,-690,-689,-688,-687,-686,-685,-684,-683,-682,-681,-680,-679,-678,-677,-676,-675,-674,-673,-672,-671,-670,-669,-668,-667,-666,-665,-664,-663,-662,-661,-660,-659,-658,-657,-656,-655,-654,-653,-652,-651,-650,-649,-648,-647,-646,-645,-644,-643,-642,-641,-640,-639,-638,-637,-636,-635,-634,-633,-632,-631,-630,-629,-628,-627,-626,-625,-624,-623,-622,-621,-620,-619,-618,-617,-616,-615,-614,-613,-612,-611,-610,-609,-608,-607,-606,-605,-604,-603,-602,-601,-600,-599,-598,-597,-596,-595,-594,-593,-592,-591,-590,-589,-588,-587,-586,-585,-584,-583,-582,-581,-580,-579,-578,-577,-576,-575,-574,-573,-572,-571,-570,-569,-568,-567,-566,-565,-564,-563,-562,-561,-560,-559,-558,-557,-556,-555,-554,-553,-552,-551,-550,-549,-548,-547,-546,-545,-544,-543,-542,-541,-540,-539,-538,-537,-536,-535,-534,-533,-532,-531,-530,-529,-528,-527,-526,-525,-524,-523,-522,-521,-520,-519,-518,-517,-516,-515,-514,-513,-512,-511,-510,-509,-508,-507,-506,-505,-504,-503,-502,-501,-500,-499,-498,-497,-496,-495,-494,-493,-492,-491,-490,-489,-488,-487,-486,-485,-484,-483,-482,-481,-480,-479,-478,-477,-476,-475,-474,-473,-472,-471,-470,-469,-468,-467,-466,-465,-464,-463,-462,-461,-460,-459,-458,-457,-456,-455,-454,-453,-452,-451,-450,-449,-448,-447,-446,-445,-444,-443,-442,-441,-440,-439,-438,-437,-436,-435,-434,-433,-432,-431,-430,-429,-428,-427,-426,-425,-424,-423,-422,-421,-420,-419,-418,-417,-416,-415,-414,-413,-412,-411,-410,-409,-408,-407,-406,-405,-404,-403,-402,-401,-400,-399,-398,-397,-396,-395,-394,-393,-392,-391,-390,-389,-388,-387,-386,-385,-384,-383,-382,-381,-380,-379,-378,-377,-376,-375,-374,-373,-372,-371,-370,-369,-368,-367,-366,-365,-364,-363,-362,-361,-360,-359,-358,-357,-356,-355,-354,-353,-352,-351,-350,-349,-348,-347,-346,-345,-344,-343,-342,-341,-340,-339,-338,-337,-336,-335,-334,-333,-332,-331,-330,-329,-328,-327,-326,-325,-324,-323,-322,-321,-320,-319,-318,-317,-316,-315,-314,-313,-312,-311,-310,-309,-308,-307,-306,-305,-304,-303,-302,-301,-300,-299,-298,-297,-296,-295,-294,-293,-292,-291,-290,-289,-288,-287,-286,-285,-284,-283,-282,-281,-280,-279,-278,-277,-276,-275,-274,-273,-272,-271,-270,-269,-268,-267,-266,-265,-264,-263,-262,-261,-260,-259,-258,-257,-256,-255,-254,-253,-252,-251,-250,-249,-248,-247,-246,-245,-244,-243,-242,-241,-240,-239,-238,-237,-236,-235,-234,-233,-232,-232,-231,-230,-229,-228,-227,-226,-225,-224,-223,-222,-221,-220,-219,-218,-217,-216,-215,-214,-213,-212,-211,-210,-209,-208,-207,-206,-205,-204,-203,-202,-201,-200,-199,-198,-197,-196,-195,-194,-193,-192,-191,-190,-189,-188,-187,-186,-185,-184,-183,-182,-181,-180,-179,-178,-177,-176,-175,-174,-173,-172,-171,-170,-169,-168,-167,-166,-165,-164,-163,-162,-161,-160,-159,-158,-157,-156,-155,-154,-153,-152,-151,-150,-149,-148,-147,-146,-145,-144,-143,-142,-141,-140,-139,-138,-137,-136,-135,-134,-133,-132,-131,-130,-129,-128,-127,-126,-125,-124,-123,-122,-121,-120,-119,-118,-117,-116,-115,-114,-113,-112,-111,-110,-109,-108,-107,-106,-105,-104,-103,-102,-101,-100,-99,-98,-97,-96,-95,-94,-93,-92,-91,-90,-89,-88,-87,-86,-85,-84,-83,-82,-81,-80,-79,-78,-77,-76,-75,-74,-73,-72,-71,-70,-69,-68,-67,-66,-65,-64,-63,-62,-61,-60,-59,-58,-57,-56,-55,-54,-53,-52,-51,-50,-49,-48,-47,-46,-45,-44,-43,-42,-41,-40,-39,-38,-37,-36,-35,-34,-33,-32,-31,-30,-29,-28,-27,-26,-25,-24,-23,-22,-21,-20,-19,-18,-17,-16,-15,-14,-13,-12,-11,-10,-9,-8,-7,-6,-5,-4,-3,-2,-1,0
-4.87775135323027e-12,-5.41769735416295e-11,6.28908620278579e-11,8.04923683770754e-11,1.69726718818826e-10,3.35612409306871e-11,1.09193792889304e-10,6.71105189072505e-11,-7.23953342024172e-11,-5.73762945399152e-11,6.94075053143716e-11,-6.42643756824976e-12,1.38540085137761e-10,4.44519259104073e-11,-1.2201369649249e-10,-1.14424645395288e-11,-2.28585538058952e-11,3.29610034137589e-11,1.2566153501516e-10,-7.97162049075822e-12,5.33833903517474e-11,1.28545598583673e-10,-1.21323396296101e-10,1.81269937830947e-10,5.68134610982873e-11,3.950328060093e-12,2.35473631279777e-11,-7.6685858322167e-11,1.23319236176797e-10,6.12523654823007e-11,9.8936949682483e-12,1.13525780497136e-10,-2.74517640504381e-11,3.53738223962672e-11,4.29434685764338e-11,-1.2724171553516e-10,-2.26269202038758e-11,-3.78800538764901e-11,2.75441059995191e-10,2.26816117002492e-10,1.24547823459932e-10,1.72616078839621e-10,-8.09696737376641e-11,1.20307002982733e-10,1.58027848232606e-12,1.74393873007633e-12,7.34962374498897e-11,1.88981403490877e-11,1.50386285802289e-11,-4.88638956367922e-11,-1.00756789074999e-10,-2.59215277860629e-12,1.81193112384341e-11,2.65138095115512e-11,6.94407438681043e-11,1.27911947946209e-10,2.47731451893475e-11,2.08138963299827e-10,-1.57980526102813e-10,-1.30026650307455e-10,-9.01560788549352e-11,-2.04108757089147e-11,2.09840833965249e-10,-3.48460052880006e-11,1.19394231052247e-10,2.85681949132975e-11,2.24465353271918e-11,3.88859990908621e-11,-7.14056895247039e-12,-1.44435835700072e-10,7.72609226115337e-11,-2.96580876680798e-11,1.18260996391863e-10,-5.06275071803535e-11,-2.31444721595966e-10,-2.59922946971841e-11,-2.35666799934006e-11,-4.6277777763969e-11,1.35286936777666e-10,-1.66020275398828e-10,-6.18777193811614e-11,-7.43988373429799e-12,-2.27959238763007e-10,2.23007030458319e-11,6.751435884337e-11,1.51532817010003e-10,1.1345315670099e-10,2.19670345254522e-11,1.46241332475791e-10,-9.03013664280168e-12,1.05511487608208e-11,7.55812391837511e-11,3.70708802983783e-11,1.20122379570781e-10,1.81159590808081e-10,5.79703236648474e-11,1.455419432506e-10,1.9027385471466e-10,-7.80755463793587e-11,5.0824458096685e-11,-6.62964695213727e-11,1.41859788888385e-10,-3.49583584602322e-11,-1.19779860535741e-10,7.84420461453597e-11,-3.20514956855927e-11,-9.29925349378829e-11,-3.57442686241787e-11,5.51152275016203e-12,1.79664574395458e-10,-1.54203923070386e-12,-1.87986811282588e-10,9.05112467014673e-11,9.69436039852179e-11,-5.43074248841849e-11,1.12742690626922e-10,3.8539305120259e-12,1.56911645323093e-11,6.94586352024536e-11,7.2761610318471e-11,1.3090469904179e-10,-3.27229857592292e-11,1.15443568110419e-10,-1.34631767718033e-10,1.50572636020769e-10,2.76343695247607e-11,-3.79648168924818e-11,6.93749072730657e-11,1.65991320301106e-10,4.63465856388549e-11,5.77699524948232e-11,1.11610469545852e-10,-2.24147724961268e-10,-8.09283762207572e-11,-1.57236880772488e-10,-2.58286937335774e-10,-3.27021819274509e-11,3.02417536608617e-11,6.70230505438095e-11,-9.50408713919931e-11,-2.03362159015464e-10,-8.2255782976458e-11,1.87955134546798e-10,-4.3868245432955e-11,-9.06283973769824e-11,-8.0607203040075e-11,-8.35233941666028e-11,1.73489651362758e-10,1.93396226594379e-10,2.20755631244144e-10,1.11815673330209e-10,-1.84090388994318e-10,4.80977203028796e-11,-2.57761434675353e-11,2.60041573322899e-11,-1.60383725022102e-11,-5.28915704308824e-11,-9.41878239688677e-14,-1.03286374060016e-10,1.38381773931509e-10,5.07644170412776e-11,-2.62199379664237e-11,-1.73188455066314e-11,-1.03521793639645e-10,8.83599923273617e-12,4.09130458434263e-11,-5.43786778127444e-11,-1.35296475175576e-10,-3.5460801822817e-11,1.00712842751134e-10,-2.30133309919974e-10,5.98011555123826e-12,1.88812213641853e-11,-6.76953817626138e-11,2.52540419204589e-11,5.7319992455254e-11,-1.12070304672247e-10,5.01568580215652e-11,2.2462754853436e-10,-1.85552237528959e-10,1.38009988786567e-10,8.57578549985466e-11,7.25578790603453e-11,9.42300965799156e-11,-8.26770153934139e-11,-1.36934823120213e-10,3.36018851290302e-13,4.67981371828845e-11,-4.53466430629462e-11,3.4443276299607e-11,3.3515780881549e-12,1.8010450850799e-10,9.45821881931583e-11,-7.72554054708933e-11,8.72152415630946e-11,-1.67588086555805e-10,-1.12993493274928e-10,8.99654291812336e-11,8.9037506606049e-11,-3.50139739062003e-13,-3.70399114335011e-11,-2.34508621905624e-11,5.39137743395213e-11,-1.74888963704514e-10,-6.84348669792861e-11,-3.71017263872499e-11,-1.95113881102231e-10,-8.05532488532266e-11,8.228408922462e-11,-2.10929169019177e-10,-1.26600056001792e-10,-1.13804423729511e-10,-3.10609666654554e-10,1.73762555188187e-10,-5.99755074821557e-11,5.0148080244894e-11,1.39712328970411e-11,-1.31335652377262e-10,-6.33762900219669e-12,-1.68031843981874e-10,-8.79284013227844e-11,4.19276497244362e-11,-1.08290866119984e-10,3.13214919848736e-11,1.38222127698319e-10,1.83124317703047e-10,-4.66605450856466e-11,-6.27668742427564e-11,1.69835102105179e-10,-7.47878683017329e-11,-1.33712024458755e-10,2.04430445501597e-11,6.44497623957915e-11,2.30724865334988e-12,-6.89759035659169e-11,2.58022982032766e-12,4.76125470429707e-12,1.45512183512001e-10,2.33882021660498e-11,-1.45611336391863e-11,-6.18572296955692e-11,3.78078478142433e-11,2.66997663566903e-11,-1.58954060783627e-10,1.87207229271579e-11,1.47823980120139e-10,2.227782261956e-10,-7.38346051929519e-11,1.68039605822285e-10,6.94451727717618e-11,-1.44861992926334e-10,6.17914790872683e-11,-1.14145637385556e-10,-3.8459126017906e-11,2.08324246371611e-10,-1.99478164007607e-10,4.71485148891233e-11,7.63077569819762e-11,-3.89046125660297e-11,-9.94364560335746e-11,-8.67006367760642e-11,-1.07950170934188e-10,1.96791641747269e-11,-2.84219598801703e-11,-7.23614835211311e-11,-1.03011628216209e-10,-3.49884147334803e-11,6.92972233031567e-11,-2.07246352590764e-10,2.20947252533337e-10,1.6833139616788e-10,-6.98744519375394e-11,-1.00032820414506e-11,9.50844594902573e-12,-1.00461889910595e-10,1.42470648322616e-10,-3.01012422330059e-11,-1.9880254843657e-11,2.95974472105849e-11,-1.38336809970647e-11,1.50176521658671e-10,-8.31791519926e-11,-9.37872611127857e-11,-1.90298121595972e-10,-1.17378812859422e-11,1.90094848386733e-11,7.50042963312224e-11,3.05584684677696e-11,1.00652508669274e-10,3.64946117357078e-11,-6.07571162822286e-11,-1.84860546414112e-10,8.4946954337173e-11,1.45795979348814e-10,-9.43383691106231e-11,-4.40451144380934e-11,1.45289267691064e-10,-7.14145741330812e-11,5.90077275779118e-11,8.74028810627121e-11,8.18930492663711e-12,-1.72500919033174e-11,3.37187825057367e-11,2.70746065976562e-11,-4.88971924245719e-11,-1.00172959650546e-10,-3.64864926806953e-12,1.5229958950759e-11,-7.45141544067344e-11,1.40529578471428e-10,2.32527692720071e-11,-2.85423943700302e-10,8.12109664319944e-11,-7.68454083221846e-11,2.5498039348791e-11,3.29700821703463e-11,9.38196415765547e-11,1.14647797379539e-11,1.94475072949321e-10,1.63718731335389e-11,-3.4073688399121e-11,-9.85897952421004e-11,4.23573763507876e-11,1.39394606637189e-11,4.05242353492661e-11,8.0165316648183e-12,2.59005532449597e-10,1.5429769445636e-11,-8.91667002927609e-12,-2.20304106352417e-10,8.08722144569076e-13,3.13601032182347e-11,-6.42073690227012e-11,1.92700890475349e-10,6.67107682144224e-11,-1.46278549647451e-11,2.81671269414047e-11,-9.35899413499983e-12,-8.48515733342453e-11,-1.98448579842301e-11,-6.03568626345707e-12,-1.14922978133895e-11,-5.00031931511051e-11,4.71852645951253e-11,1.73934477602925e-10,-9.8123412353614e-11,-1.63705514120651e-10,-1.54022888380868e-10,-7.86721200313993e-11,-6.71733122965431e-12,2.29416382882603e-12,-4.01486350681878e-11,1.52539913064955e-10,-1.62945980437965e-11,1.21758964175092e-12,8.59261658857467e-11,2.94344097577447e-11,-1.17548295282109e-10,8.93857708592377e-11,-8.94197333850278e-11,-2.61033494931919e-11,5.02700571793554e-11,-9.84374831079922e-11,8.35447493876301e-11,1.92494220671047e-11,-2.80094585587768e-10,1.21065255550105e-10,1.31477824529751e-10,-6.48070338752033e-11,1.21883263049808e-10,2.32255666884588e-11,-3.19276621914764e-11,-6.65582240183445e-11,1.32256542592836e-10,1.45312372004126e-11,4.71300362914284e-11,-1.18738708694492e-10,4.89498476798457e-11,6.77696969163277e-12,-6.56262283520482e-12,-1.17311922711348e-10,-2.01623648620347e-10,-2.31782476055435e-10,-9.00143371225286e-11,-1.26670255364033e-10,-9.96423486002793e-11,7.46581592823832e-11,-5.35456996394969e-11,-1.77442640122198e-10,-1.35927115752757e-10,1.38114678778815e-10,1.07928534922379e-10,-1.30996293350235e-10,-1.42114641557438e-10,-2.38317558446672e-11,3.85608108477102e-11,-1.00701853687645e-11,-1.21932865628523e-10,-5.05188383983418e-11,-1.93545219469199e-10,-1.64018494008425e-11,5.16941118596791e-11,-1.53540328317598e-10,3.04922413453323e-10,2.0991467009813e-10,-5.61306772900689e-11,7.89419299502703e-11,5.48777950469694e-11,2.61064983593296e-11,1.08953173299333e-11,2.99360836651644e-11,5.49667923986394e-11,-4.14315224357889e-12,1.37446672606343e-11,-4.48306555291975e-11,-7.67236473910305e-12,1.74234096097932e-11,5.12445665656444e-11,-1.04132883089135e-10,-3.0765189672136e-11,-2.79650120576922e-10,-5.0555892806106e-11,-1.47101538421233e-10,1.00069374569994e-10,1.86446008535573e-10,-9.22522590347e-11,1.85276875538499e-10,-9.65532396592069e-11,-7.38742801680741e-11,1.07543148109884e-10,9.81322779280582e-11,1.78494479023865e-10,-8.29570917358593e-11,-1.4443157460071e-10,9.40219470689422e-11,-2.17213444691384e-10,-8.6206477939353e-12,7.3478457771472e-11,1.16785813691859e-10,2.95340182615424e-11,9.96377787777252e-11,8.9204056343192e-11,-1.86991031910219e-11,2.53107310971224e-11,-2.32249352126594e-11,-1.53338117082448e-11,1.18251383239802e-10,8.63753861331222e-11,1.27564498707158e-10,1.90463980243623e-11,-1.47658360988142e-10,7.03174191752163e-11,2.57996579714121e-11,1.34546830461683e-10,-9.70757836156215e-11,8.23063864964496e-12,-4.12532651411171e-11,-6.69485591014395e-11,6.41885918473084e-11,-7.93599096208087e-11,-2.42214210310221e-10,-1.07626982874554e-11,6.96871426543396e-11,-1.53122744624521e-10,1.34184276513902e-10,-4.09284849435348e-11,4.76967031280638e-11,6.50737133382691e-11,7.88841515972783e-11,-2.03555883906059e-10,9.70768976732961e-12,3.73717614045361e-11,1.73648517393497e-10,-7.93444734045739e-11,-1.4931616156176e-11,2.9191391770847e-11,-8.44614888470958e-11,4.28482240865113e-12,-3.62802523158664e-11,-1.50241992525951e-10,1.28205240989051e-10,8.21598649366956e-11,1.3646608716249e-10,-1.17387570848812e-10,-2.363290235596e-11,-1.21460843159972e-11,-9.1000325403365e-12,-1.50366102941793e-10,-1.78667890632464e-10,-1.10074165536238e-11,-5.44258324837342e-11,4.31119715435281e-11,1.16102609427083e-10,1.91774136846504e-10,5.06915771050388e-11,-1.2541919360202e-10,-6.97204562161918e-11,-7.41164170615892e-11,-1.19215368782789e-10,-8.06908465911512e-12,-5.29489524567926e-11,-1.7588912173235e-10,-8.47812539792156e-13,1.71426573520009e-10,-3.11043170170684e-11,-1.61749326665203e-11,-5.04496119568808e-11,6.75512459402313e-11,5.2303993772222e-11,1.14089417762582e-10,-6.07163587619167e-11,-2.21564317923713e-11,-3.06290259115938e-11,-1.76091263871624e-11,2.62674111032311e-10,1.41000742754188e-11,3.9975296114847e-11,-6.45126144065978e-11,7.27245372417289e-12,1.47791198003598e-10,2.20526840801279e-10,1.88505834386851e-12,-4.13586005648521e-11,2.20765245415519e-11,1.80521255811027e-11,-1.77984911071653e-10,5.45885291981028e-11,4.53717030368286e-11,-4.42526591047762e-12,-9.36807245388463e-12,1.76296851033048e-11,3.83449400982137e-11,8.38595811021844e-12,-1.1711291822315e-10,-1.06896542318753e-10,-6.66287650332681e-11,8.23471182528211e-11,-3.74762816679241e-11,2.98802765398816e-11,6.58370654998079e-11,-9.37473148425094e-11,5.82043320956808e-12,-5.75225534309007e-11,6.92815997345726e-11,1.68634961673632e-10,-7.4077775684915e-11,-9.25579121545744e-11,-4.78906743346384e-11,1.04040019849807e-10,-7.89608527662982e-11,-5.66168033628015e-11,-2.69573170115657e-11,-4.94987780402005e-11,-1.05959810738733e-10,7.71070210646247e-12,-7.6189130260302e-11,-1.42743693942811e-10,-1.36041875212963e-10,1.62140670476459e-10,7.65294641765594e-11,4.09931656786869e-11,8.20739249265272e-11,-1.00055897060974e-10,-1.36307098771387e-10,2.75084416827275e-10,-2.83433629384502e-11,-2.20862442697494e-11,-1.69397366339226e-10,-7.82245586726088e-11,8.61244627315034e-12,1.15957338022019e-10,-2.19797737988902e-10,1.79637665036769e-11,-8.56241735648306e-11,1.24120018381462e-10,-1.18793735456023e-10,-2.51996060879133e-10,-7.34659470174111e-11,1.24391024068078e-10,7.9667708773136e-13,1.32981486527854e-10,7.09000976613354e-11,-1.65010670227541e-10,1.11808859272358e-12,-3.79749543701965e-11,2.66355429588794e-11,7.34237261599248e-11,9.32204699157658e-12,-1.56761888829143e-10,1.36399467205455e-10,8.32283471660525e-11,9.72513470501016e-11,-4.95675361105674e-11,-1.00416353794316e-10,-7.69363336353779e-11,6.152868835886e-11,-1.11404000056567e-10,1.29613299516288e-10,6.10074343665282e-11,2.37179057449037e-10,3.8345302324907e-11,-9.09294847015787e-12,-2.41343737511026e-10,-9.5941997827214e-11,2.23766862713167e-11,-1.03769437259411e-10,-6.08756467483226e-12,-2.9523854028822e-11,8.80192955449567e-11,-1.470279830261e-10,1.30166550329382e-10,-6.8202172676437e-11,1.32618873946544e-11,-5.54454360899082e-11,-4.77719731855578e-11,-1.7945311218152e-10,-4.89342071114515e-11,1.43271453614615e-11,-9.55602653857315e-11,5.782702034153e-11,2.04781211305596e-11,-3.14228196002264e-12,-3.40971605278435e-11,1.37268398560621e-11,-2.56368120362585e-11,-3.34025918042202e-11,5.1942554345566e-11,4.97402664201323e-11,1.29518699082844e-11,-9.32323478870561e-11,-9.43973126428828e-12,1.79335430118759e-10,-5.24299802548161e-11,1.40917891208279e-10,4.32294288742741e-11,-9.92325662055516e-11,4.28441303299896e-11,1.45103741101892e-10,-1.41929805299583e-10,-1.82723749865012e-10,8.24918102779966e-11,2.41855058206274e-11,1.13642457698893e-11,5.29581882793404e-12,-6.28138715832671e-12,4.40336892424198e-11,-7.72580360560792e-11,5.04145238506724e-11,-1.54077032430869e-10,-3.18578407275638e-11,-3.07347208909547e-11,-2.86927369136694e-11,-1.27944090538878e-10,-7.20989019716863e-11,-7.08375711690998e-11,-1.48437500256861e-10,9.48694383970794e-11,4.93663479603107e-12,-2.99657853260974e-11,-5.8913562776004e-11,6.38864333193813e-11,1.20826853513494e-12,1.57797080840069e-10,-4.55795015921346e-12,5.93499663946032e-11,-5.18453740351012e-12,7.58798672955599e-11,7.63953475311301e-11,-5.13919650822763e-11,4.55562391370761e-11,-2.34061835112619e-12,-6.66602292325965e-11,-1.75338243205599e-10,-8.26686802992681e-11,2.44778701099934e-11,5.22520298401357e-11,-2.0744838770093e-11,3.07413328140956e-11,1.55864100190035e-11,6.04082178104086e-11,-3.5633425304526e-11,6.49096857340962e-11,3.33184896755514e-11,1.41597614240522e-10,6.62686485033035e-11,-7.85616540891464e-11,5.88633866995798e-11,2.30490688451198e-10,-2.721677544151e-11,-6.65254916894629e-12,1.05776479792579e-10,-4.77370580597753e-12,2.95416853105845e-11,-1.02301144800099e-11,6.27349449590997e-11,1.42825430590804e-10,-9.658704024085e-12,-6.49376338239713e-11,8.63413971349655e-11,2.16184684260194e-10,-1.463427731315e-11,1.76164371066314e-10,3.93037005872103e-11,-2.35960959027552e-11,-2.31733785500245e-13,2.29328370920997e-11,9.44913336784882e-11,-5.59803511863652e-11,5.78350353202466e-11,-2.23109140777429e-11,1.68754285030379e-11,4.35068778526448e-12,-5.03238605648582e-11,-1.50249652065605e-10,-1.07206755353797e-10,-6.68091536403016e-11,2.71825387604397e-11,5.09863535120464e-11,7.89121560323366e-12,3.4917320775578e-11,-1.28667195303046e-10,-6.8847400646352e-11,-2.12485169250359e-10,3.01815388678333e-11,7.01452717729354e-11,9.33638692577433e-11,1.0914551783366e-10,-3.64272992275769e-11,-4.57238754312162e-11,-1.74362029647615e-10,2.09033004106341e-11,-6.50015440693789e-11,-3.12967461466729e-10,-3.73800405068114e-11,-1.58467748442478e-11,-7.90671941974861e-11,5.23124480008674e-12,7.27557744841064e-12,1.32990223457061e-10,9.00145936047769e-11,-1.01628661068944e-11,-1.79197706937576e-10,-1.00741661192491e-11,-8.12443120888272e-11,9.8706043338062e-11,8.49499832441904e-11,-8.70253038637017e-11,-6.43516928316258e-11,4.66771557815946e-11,2.89019976144294e-11,-2.48529386346755e-11,1.57988914788439e-10,5.03416663814696e-11,3.59450122485969e-12,-4.87494535520932e-11,2.00290643230339e-12,2.07437712303234e-10,2.71321466746086e-11,8.61593091707638e-11,2.7198316118554e-11,6.91110333557754e-11,5.50065314660433e-11,-2.18704875374984e-10,9.14976091814338e-12,5.30588108051634e-11,1.81770568582623e-11,-1.14012536303882e-10,-4.99345436243451e-11,2.40274142851552e-10,-2.43985066767094e-11,-4.67666572100953e-11,5.69650824486375e-11,6.42325507618678e-11,-2.03824550578235e-10,7.58111727575261e-11,-3.62041788568613e-11,2.43857276133721e-11,1.25281109539003e-10,4.65685432938164e-11,-6.4181478160174e-11,-1.9045452046657e-11,-6.67967944273729e-11,-1.77212194538493e-11,8.60870384928577e-11,-2.84976824500831e-12,-1.31311446622319e-10,4.8961905604505e-11,-1.38722460713544e-10,5.55288012524478e-11,5.60815300117403e-11,7.72369499107328e-11,1.62670555953998e-10,6.93837170382571e-11,7.43251343457974e-11,6.48441964582509e-12,1.09737445800133e-10,2.66302742369761e-11,1.97070985069895e-10,-2.6789193978734e-11,-1.89461796685613e-10,6.95432255809419e-11,1.52739037450282e-10,6.98132770680462e-11,2.83230320783311e-11,1.58799768230504e-11,6.76800280641574e-11,1.26156703925523e-10,8.4366913452904e-11,-9.80954532086841e-12,-2.44768449128141e-10,9.48504941631307e-11,-8.11702571558971e-11,-1.28539771356709e-11,2.76347878042129e-11,-2.12014352755187e-10,8.0174964087605e-11,6.3180041139719e-11,1.2068650508872e-10,-6.512311810421e-11,1.95784438923947e-10,-2.86002764969436e-10,9.62609522630374e-11,2.11957728135599e-11,7.8141394051026e-11,1.20850476969805e-10,1.41132289897728e-10,-7.58917657185083e-11,2.3992343076477e-11,-1.52432285610619e-10,-4.2459270440404e-11,-1.26644487028867e-10,-3.48935355970227e-11,1.09320698363991e-10,9.03034247110391e-11,-1.4991397557989e-10,-9.38389742942398e-11,-2.03181414524166e-10,1.88481732914704e-11,-4.93391793848439e-11,-2.07007806631777e-10,6.70116334831528e-11,-8.76192296806551e-12,-4.530172034999e-11,5.75225808766762e-11,-1.77859781488954e-10,-7.90811073759514e-11,-6.43042570436707e-11,-1.34852600681022e-10,-1.43614099118691e-10,5.51400111565662e-11,-1.46587476035205e-10,-1.43976517035179e-10,-6.97673858205055e-11,-1.38730261884332e-10,-1.13385631257816e-10,-5.6740325022817e-11,-1.31516974339503e-10,1.3761830756361e-10,-1.33197946349561e-10,-1.0714735247373e-10,-8.93425901632636e-11,-1.86217344231958e-10,6.47844545481763e-11,-1.07569988213175e-10,-6.5147036804574e-11,-5.25680733480085e-11,-1.52959504942612e-10,-1.86144948561235e-10,5.80550368523529e-12,-6.31605852990782e-11,-2.2734237640373e-10,-1.74010194115982e-10,-2.47219344874909e-10,-1.77510027591707e-10,-2.34353401415979e-10,-1.35328803872743e-10,7.72125720445272e-11,-3.20418768536419e-10,-1.47499753148818e-10,-1.04684930454382e-10,-2.04125967773017e-10,-2.55284981824339e-10,-1.46271670383891e-10,-1.98470396405419e-11,-7.48511611431218e-11,-3.82097269841616e-11,-2.29495287604471e-10,-2.85556707058465e-10,-1.7572789207995e-10,-1.35504306823315e-10,-2.50919769520924e-10,-3.38575499897143e-10,-1.63590205353978e-10,-1.10209082671888e-10,-2.04447117492791e-10,-1.15008173143246e-10,-1.19581546026471e-10,-1.92169119345798e-10,-1.4582290770903e-10,-1.72499078743638e-10,-1.23429683013386e-10,-2.52815028240453e-10,-2.24002645443361e-10,-1.71555995025176e-10,-8.34096988574768e-11,-2.30173784074359e-10,-2.16220607453685e-10,-2.49289655021919e-10,-1.20707114980076e-10,-1.33004883600389e-10,-4.00948205842683e-10,-1.62271221559965e-10,-1.16439768512261e-10,-3.30148484929161e-10,-2.09114757951946e-10,-2.68564221968069e-10,-1.30662511448967e-10,-3.23484091172844e-10,-1.15044601683837e-10,-2.79454782883213e-10,-2.86795244345265e-10,-2.10344945551929e-10,-2.83990663955047e-10,-2.41885863052877e-11,-2.59105895334352e-10,-2.85970562446399e-10,-2.96399025668945e-10,-3.4925912025666e-10,-3.26785403546867e-10,-1.71581854218296e-10,-3.52363766847053e-10,-2.12732078701783e-10,-2.92918919542548e-10,-4.04970649835619e-10,-1.33288879167189e-10,-2.97205909358881e-10,-3.34993479760582e-10,-4.53686771311607e-10,-1.53856300745932e-10,-3.49141302633879e-10,-4.57450017709086e-10,-2.92046970981173e-10,-4.00120746227694e-10,-4.94448631607092e-10,-3.37467313580188e-10,-2.93558043931994e-10,-3.76152029225933e-10,-4.24093582737687e-10,-4.7643226834536e-10,-3.49160530554752e-10,-2.77954316390626e-10,-4.87327126232287e-10,-3.87771997375495e-10,-5.13134716941997e-10,-5.19336558729129e-10,-2.1690904520151e-10,-4.29235878156015e-10,-2.74774204213459e-10,-1.25012667227601e-10,-4.91698767982174e-10,-4.65349523924018e-10,-4.90932192695788e-10,-4.90398581349932e-10,-3.78566493093279e-10,-3.71231254664351e-10,-4.67191677505748e-10,-3.99015737375121e-10,-5.47098656101041e-10,-5.22091718151307e-10,-3.49781424811019e-10,-5.31690861996782e-10,-5.19962368186008e-10,-5.90409882442728e-10,-4.22508998535214e-10,-3.9528367175498e-10,-2.66358956104449e-10,-5.52591270685538e-10,-3.57853667365492e-10,-4.69295629520414e-10,-6.63817664912275e-10,-6.52046172269231e-10,-3.58114923404009e-10,-5.47997381896872e-10,-7.03355303374678e-10,-5.20349561941261e-10,-5.56262625772457e-10,-6.2174326385504e-10,-5.82255539540157e-10,-4.57521250735207e-10,-5.35165677129666e-10,-5.02553326830003e-10,-3.57998405407623e-10,-5.1955303397206e-10,-4.86054274339489e-10,-6.62101888855982e-10,-3.13053588297481e-10,-5.47531889198722e-10,-5.104301147311e-10,-7.05780308554179e-10,-6.85816535621451e-10,-4.08029740740815e-10,-4.83095990920818e-10,-6.34680339646192e-10,-7.36032140033515e-10,-5.58274377155023e-10,-8.2828324849694e-10,-5.59106025010612e-10,-5.63557870729786e-10,-5.76450220129878e-10,-5.32747373528186e-10,-4.49729613365851e-10,-6.76752334686167e-10,-7.24333830841742e-10,-5.54366645305412e-10,-5.3638936400252e-10,-5.8253707523271e-10,-4.6172876105617e-10,-5.35807681162795e-10,-3.60073298303465e-10,-6.6258364947322e-10,-3.29303295473673e-10,-4.92352928777131e-10,-4.40312069336127e-10,-4.99873091115423e-10,-2.72834716824947e-10,-4.43421730148865e-10,-2.91831953802458e-10,-2.69647022851998e-10,-2.728081859841e-10,-1.95559483660553e-10,-2.83373687228605e-10,-1.43788399774826e-10,-5.66050890663021e-11,2.28518920220501e-11,9.84724633401798e-12,-1.14738424376993e-11,3.96530600251006e-11,1.0370502707122e-10,1.07122099834938e-10,9.51836974168984e-11,3.90839513056276e-10,3.86583775588664e-10,6.02658578359546e-10,5.87645678652353e-10,5.7137404004562e-10,1.10218959674131e-09,9.03221277194527e-10,1.1565339347471e-09,1.60139768717403e-09,1.60982352250034e-09,1.98543099256586e-09,2.39097015527473e-09,2.74650112407467e-09,3.21582418048671e-09
