v,0.25
Patm,100000
g,9.81
r,500
G,10^11.12
rho,2200
mu,10^3.51
rc,18
 
M,10^6.4
sigma,0.25
 
tilt_erupt,6.8325nrad
 
-1164,-1163,-1162,-1161,-1160,-1159,-1158,-1157,-1156,-1155,-1154,-1153,-1152,-1151,-1150,-1149,-1148,-1147,-1146,-1145,-1144,-1143,-1142,-1141,-1140,-1139,-1138,-1137,-1136,-1135,-1134,-1133,-1132,-1131,-1130,-1129,-1128,-1127,-1126,-1125,-1124,-1123,-1122,-1121,-1120,-1119,-1118,-1117,-1116,-1115,-1114,-1113,-1112,-1111,-1110,-1109,-1108,-1107,-1106,-1105,-1104,-1103,-1102,-1101,-1100,-1099,-1098,-1097,-1096,-1095,-1094,-1093,-1092,-1091,-1090,-1089,-1088,-1087,-1086,-1085,-1084,-1083,-1082,-1081,-1080,-1079,-1078,-1077,-1076,-1075,-1074,-1073,-1072,-1071,-1070,-1069,-1068,-1067,-1066,-1065,-1064,-1063,-1062,-1061,-1060,-1059,-1058,-1057,-1056,-1055,-1054,-1053,-1052,-1051,-1050,-1049,-1048,-1047,-1046,-1045,-1044,-1043,-1042,-1041,-1040,-1039,-1038,-1037,-1036,-1035,-1034,-1033,-1032,-1031,-1030,-1029,-1028,-1027,-1026,-1025,-1024,-1023,-1022,-1021,-1020,-1019,-1018,-1017,-1016,-1015,-1014,-1013,-1012,-1011,-1010,-1009,-1008,-1007,-1006,-1005,-1004,-1003,-1002,-1001,-1000,-999,-998,-997,-996,-995,-994,-993,-992,-991,-990,-989,-988,-987,-986,-985,-984,-983,-982,-981,-980,-979,-978,-977,-976,-975,-974,-973,-972,-971,-970,-969,-968,-967,-966,-965,-964,-963,-962,-961,-960,-959,-958,-957,-956,-955,-954,-953,-952,-951,-950,-949,-948,-947,-946,-945,-944,-943,-942,-941,-940,-939,-938,-937,-936,-935,-934,-933,-932,-931,-930,-929,-928,-927,-926,-925,-924,-923,-922,-921,-920,-919,-918,-917,-916,-915,-914,-913,-912,-911,-910,-909,-908,-907,-906,-905,-904,-903,-902,-901,-900,-899,-898,-897,-896,-895,-894,-893,-892,-891,-890,-889,-888,-887,-886,-885,-884,-883,-882,-881,-880,-879,-878,-877,-876,-875,-874,-873,-872,-871,-870,-869,-868,-867,-866,-865,-864,-863,-862,-861,-860,-859,-858,-857,-856,-855,-854,-853,-852,-851,-850,-849,-848,-847,-846,-845,-844,-843,-842,-841,-840,-839,-838,-837,-836,-835,-834,-833,-832,-831,-830,-829,-828,-827,-826,-825,-824,-823,-822,-821,-820,-819,-818,-817,-816,-815,-814,-813,-812,-811,-810,-809,-808,-807,-806,-805,-804,-803,-802,-801,-800,-799,-798,-797,-796,-795,-794,-793,-792,-791,-790,-789,-788,-787,-786,-785,-784,-783,-782,-781,-780,-779,-778,-777,-776,-775,-774,-773,-772,-771,-770,-769,-768,-767,-766,-765,-764,-763,-762,-761,-760,-759,-758,-757,-756,-755,-754,-753,-752,-751,-750,-749,-748,-747,-746,-745,-744,-743,-742,-741,-740,-739,-738,-737,-736,-735,-734,-733,-732,-731,-730,-729,-728,-727,-726,-725,-724,-723,-722,-721,-720,-719,-718,-717,-716,-715,-714,-713,-712,-711,-710,-709,-708,-707,-706,-705,-704,-703,-702,-701,-700,-699,-698,-697,-696,-695,-694,-693,-692,-691,-690,-689,-688,-687,-686,-685,-684,-683,-682,-681,-680,-679,-678,-677,-676,-675,-674,-673,-672,-671,-670,-669,-668,-667,-666,-665,-664,-663,-662,-661,-660,-659,-658,-657,-656,-655,-654,-653,-652,-651,-650,-649,-648,-647,-646,-645,-644,-643,-642,-641,-640,-639,-638,-637,-636,-635,-634,-633,-632,-631,-630,-629,-628,-627,-626,-625,-624,-623,-622,-621,-620,-619,-618,-617,-616,-615,-614,-613,-612,-611,-610,-609,-608,-607,-606,-605,-604,-603,-602,-601,-600,-599,-598,-597,-596,-595,-594,-593,-592,-591,-590,-589,-588,-587,-586,-585,-584,-583,-582,-581,-580,-579,-578,-577,-576,-575,-574,-573,-572,-571,-570,-569,-568,-567,-566,-565,-564,-563,-562,-561,-560,-559,-558,-557,-556,-555,-554,-553,-552,-551,-550,-549,-548,-547,-546,-545,-544,-543,-542,-541,-540,-539,-538,-537,-536,-535,-534,-533,-532,-531,-530,-529,-528,-527,-526,-525,-524,-523,-522,-521,-520,-519,-518,-517,-516,-515,-514,-513,-512,-511,-510,-509,-508,-507,-506,-505,-504,-503,-502,-501,-500,-499,-498,-497,-496,-495,-494,-493,-492,-491,-490,-489,-488,-487,-486,-485,-484,-483,-482,-481,-480,-479,-478,-477,-476,-475,-474,-473,-472,-471,-470,-469,-468,-467,-466,-465,-464,-463,-462,-461,-460,-459,-458,-457,-456,-455,-454,-453,-452,-451,-450,-449,-448,-447,-446,-445,-444,-443,-442,-441,-440,-439,-438,-437,-436,-435,-434,-433,-432,-431,-430,-429,-428,-427,-426,-425,-424,-423,-422,-421,-420,-419,-418,-417,-416,-415,-414,-413,-412,-411,-410,-409,-408,-407,-406,-405,-404,-403,-402,-401,-400,-399,-398,-397,-396,-395,-395,-394,-393,-392,-391,-390,-389,-388,-387,-386,-385,-384,-383,-382,-381,-380,-379,-378,-377,-376,-375,-374,-373,-372,-371,-370,-369,-368,-367,-366,-365,-364,-363,-362,-361,-360,-359,-358,-357,-356,-355,-354,-353,-352,-351,-350,-349,-348,-347,-346,-345,-344,-343,-342,-341,-340,-339,-338,-337,-336,-335,-334,-333,-332,-331,-330,-329,-328,-327,-326,-325,-324,-323,-322,-321,-320,-319,-318,-317,-316,-315,-314,-313,-312,-311,-310,-309,-308,-307,-306,-305,-304,-303,-302,-301,-300,-299,-298,-297,-296,-295,-294,-293,-292,-291,-290,-289,-288,-287,-286,-285,-284,-283,-282,-281,-280,-279,-278,-277,-276,-275,-274,-273,-272,-271,-270,-269,-268,-267,-266,-265,-264,-263,-262,-261,-260,-259,-258,-257,-256,-255,-254,-253,-252,-251,-250,-249,-248,-247,-246,-245,-244,-243,-242,-241,-240,-239,-238,-237,-236,-235,-234,-233,-232,-231,-230,-229,-228,-227,-226,-225,-224,-223,-222,-221,-220,-219,-218,-217,-216,-215,-214,-213,-212,-211,-210,-209,-208,-207,-206,-205,-204,-203,-202,-201,-200,-199,-198,-197,-196,-195,-194,-193,-192,-191,-190,-189,-188,-187,-186,-185,-184,-183,-182,-181,-180,-179,-178,-177,-176,-175,-174,-173,-172,-171,-170,-169,-168,-167,-166,-165,-164,-163,-162,-161,-160,-159,-158,-157,-156,-155,-154,-153,-152,-151,-150,-149,-148,-147,-146,-145,-144,-143,-142,-141,-140,-139,-138,-137,-136,-135,-134,-133,-132,-131,-130,-129,-128,-127,-126,-125,-124,-123,-122,-121,-120,-119,-118,-117,-116,-115,-114,-113,-112,-111,-110,-109,-108,-107,-106,-105,-104,-103,-102,-101,-100,-99,-98,-97,-96,-95,-94,-93,-92,-91,-90,-89,-88,-87,-86,-85,-84,-83,-82,-81,-80,-79,-78,-77,-76,-75,-74,-73,-72,-71,-70,-69,-68,-67,-66,-65,-64,-63,-62,-61,-60,-59,-58,-57,-56,-55,-54,-53,-52,-51,-50,-49,-48,-47,-46,-45,-44,-43,-42,-41,-40,-39,-38,-37,-36,-35,-34,-33,-32,-31,-30,-29,-28,-27,-26,-25,-24,-23,-22,-21,-20,-19,-18,-17,-16,-15,-14,-13,-12,-11,-10,-9,-8,-7,-6,-5,-4,-3,-2,-1,0
4.46109939510079e-10,-5.88604299870872e-11,3.18793398336536e-11,4.18765931539225e-10,3.45901464296325e-10,-6.48385636004222e-11,4.45922158929395e-10,-7.24663823837373e-10,-3.79216945516255e-10,-2.37644637197804e-12,-1.50672229330514e-10,-2.3617844638498e-11,-3.95727156287103e-10,-2.5260933263474e-10,-2.01213417686736e-10,4.44614492211486e-10,1.5270028091097e-10,-3.77685614100765e-10,7.66023505346095e-11,-1.30832409330724e-10,-5.40363848686995e-10,5.39743415182786e-11,5.80743658972043e-11,3.3116233244474e-10,-7.39159213047726e-11,-1.65238240486875e-10,2.19925899952254e-10,2.05019689415133e-11,3.07742697944978e-10,2.83602569658338e-10,1.26102531697523e-10,-3.75883666677684e-10,7.18559795258773e-10,1.1243658551081e-10,-4.0873733395203e-10,4.39958809850279e-10,-3.49124099192143e-10,-1.62366687500226e-10,3.72419759132934e-11,-1.42984181921294e-10,-2.36835190550767e-10,-1.34169787707358e-10,-9.77647038450389e-12,1.67609958453704e-10,-4.33088665824879e-10,1.71279559737493e-10,-6.33212053176257e-10,-7.33941450345903e-11,1.80218999867083e-10,5.133834773806e-11,1.25599268949905e-10,-1.40722403061655e-10,3.9883929268788e-10,-3.46496506678137e-10,1.0783314747555e-10,-2.38347265532596e-10,-9.93434478197904e-13,-2.63450281733802e-10,2.36407096581077e-10,1.30723841096177e-10,3.79788369978801e-10,-3.86293573615166e-11,4.74627133958027e-11,-2.20317193105511e-11,-1.32216201031463e-10,3.45753046807096e-10,-1.61122104915023e-10,3.35506433255958e-10,1.7991828301562e-10,-5.80607219259726e-11,6.70965228724242e-10,3.4240788106755e-10,-1.62887959819634e-11,-7.14033253565261e-11,2.10408285438408e-10,-3.50294138440941e-11,4.35840460893132e-11,-2.56478089771478e-10,-1.47667912879873e-10,1.24478373263153e-10,4.29339621106245e-11,9.64810936902529e-11,-2.27345975397636e-10,-4.69179584702914e-10,-3.09784867119929e-10,-5.32947121584649e-10,-3.66995330556171e-10,-6.03558940535427e-12,2.53413011371355e-10,-2.15780096901548e-10,-9.70904980415667e-11,2.19318336221442e-10,-5.87514858294857e-11,9.14158020513063e-12,1.74487061481403e-10,1.92815071419857e-10,9.4224430512429e-11,-6.33730282497884e-10,-4.25335872370991e-11,3.61513353989723e-10,-2.66362863927992e-10,1.98694350316527e-10,-4.40759856549754e-10,4.22350364562515e-10,1.26826280959076e-10,-1.09345773226876e-10,4.5616265282682e-10,-1.63313247954445e-10,-1.63771029534112e-10,-2.72554962023721e-10,-2.31998024721044e-10,3.51133426425164e-11,-1.45131383232e-10,5.94987045403564e-11,-1.97482409527067e-10,1.55209627039768e-10,-1.47683463166625e-10,3.30750846313591e-11,8.97373851137588e-11,5.07904931494696e-11,5.36283375648533e-11,-5.16771016880629e-11,1.31703215031636e-10,-4.49771545663275e-10,2.99527181025275e-11,-1.36089903750015e-10,1.32043998163197e-10,-4.21822258685483e-10,3.29610968485456e-10,-3.1087024039965e-10,5.55925309292969e-10,3.85789082051497e-10,-2.12227231682343e-10,-3.7748916163889e-10,4.24256567783643e-11,1.25664501206675e-10,4.75342970369618e-11,-4.81488625496249e-10,-1.54968851582187e-10,-1.03838997796121e-10,-3.83531699189896e-11,1.32685092474361e-10,2.35606543585648e-10,1.1090837058723e-10,-3.03450315138866e-10,2.96663059351114e-10,-1.53328471042181e-10,2.06548156741417e-10,-4.52158270261577e-11,-2.17483738941954e-10,4.92316369611304e-10,2.55117135402867e-10,2.02766358839374e-10,4.19287293179833e-10,1.18275122183435e-11,-3.01845452565883e-10,-2.94019100964185e-11,-4.43972052751312e-11,-5.49695092850225e-11,-1.02545647556738e-10,4.83921016136699e-10,9.06960670069322e-11,1.58544271823419e-10,-2.33185836163623e-10,4.14735685415759e-11,1.66263513322818e-10,3.13313353697283e-10,2.12845497506583e-10,-1.01541363291269e-10,6.15290439176528e-10,7.55381443816155e-11,-4.56226133275109e-10,4.6378611945692e-10,-3.73111580946351e-10,-6.61804894602056e-11,-1.76483308840233e-10,8.39113962256673e-11,4.00879490621938e-11,3.78820014043364e-12,4.63124573469349e-12,-1.25690317490966e-10,4.11415027248027e-10,1.58507023316458e-10,-2.80527171980245e-10,-4.13300167256407e-11,2.49322471439541e-10,-3.10967845564609e-10,1.65981505524095e-10,-1.01009558629825e-10,6.48790837997211e-11,-2.22842425895379e-10,5.11672227827208e-11,-4.85897794476019e-10,-1.01612969439864e-11,-1.92793335890516e-10,2.95155559602154e-10,-8.50418154810133e-12,-2.65998402216876e-10,1.76937229302368e-10,-2.86760727757298e-10,2.73304214467663e-10,9.39143341887776e-11,-4.54944271459159e-10,-1.29561220870785e-10,1.12168789155547e-10,-4.15883766622996e-10,-9.86425643111053e-11,-3.59090335756454e-10,-5.12840390016563e-10,-4.11730894460133e-11,2.15711289274533e-11,-1.77169210638181e-10,-1.42792152053776e-10,-1.54043373305064e-10,2.19185172293849e-10,-2.99936843891574e-10,-2.82268783125714e-10,1.76680034428928e-10,6.05437512487094e-11,-2.28387308564816e-12,3.82803891189078e-11,-3.49620386369305e-10,1.01954213677992e-10,1.36762438767099e-10,8.17332248769229e-11,-1.20481418498856e-10,8.33594032981263e-11,1.90511902311291e-10,-1.28513314436023e-10,-4.65702744412881e-10,-4.51857992466967e-12,-8.20593393458726e-11,-3.29882183579792e-10,9.27281215279412e-11,-5.87048661451138e-11,9.23949986030675e-11,3.75844329198386e-10,-1.37920242510747e-10,8.93333061434354e-11,-4.40008709570923e-11,-3.24062115938515e-10,2.95230656154927e-10,-5.01188689156227e-11,-1.29104109136148e-10,-9.17585771158893e-11,2.73716697441296e-10,-3.0688608097977e-10,-4.04143668134937e-10,-1.74643385228438e-10,-1.59905114230124e-10,-1.38768058548552e-10,1.16587163739228e-10,-2.17425403663602e-10,-7.59263575782008e-11,-1.4014365203298e-10,3.42884287999328e-10,-2.11638713922867e-10,4.28766822244781e-10,-3.71794037239788e-10,-3.74200841431104e-10,-3.61526556556125e-10,4.36980879583049e-10,-2.37044100626302e-10,2.19724709193414e-10,-4.60814478350973e-10,-6.59814431814861e-10,-3.04303548804281e-10,4.29052795442036e-11,3.17388495137812e-10,5.43461851920461e-11,-1.99913477167031e-10,4.74831033842795e-10,-1.96774615196878e-10,1.38381019722012e-10,-1.78525010168586e-11,7.1408426581377e-11,1.15657849788137e-10,1.05506690109531e-10,-1.52892803409907e-10,4.33505934628939e-11,3.159549324523e-10,2.2250963997719e-10,-5.32172648496816e-11,1.33851381994806e-11,-3.20814468894836e-10,-1.20822895940516e-10,3.21363103655978e-10,1.39544880805969e-10,1.3961830940668e-10,-2.39706943760383e-10,1.40617062407656e-10,-1.37172174726383e-10,-1.77386428451344e-10,3.07198552073347e-10,1.71210607971191e-10,-5.76624141561987e-12,-1.89730818011627e-10,-2.24939114960294e-10,-3.7395043742469e-11,-1.630899184158e-10,-3.71141379687154e-10,-1.02594205375978e-10,-4.73393737562054e-10,2.25378231040261e-10,-1.80694312630844e-12,-2.091802628248e-10,-1.24339257820921e-10,-2.51501698460529e-10,-3.99495781948519e-10,-2.48863846005504e-10,1.87820394946702e-11,-1.73599251427454e-10,9.79170618829772e-11,7.90210058249065e-11,6.7539300965083e-11,-1.62979652432289e-10,6.79082775351847e-10,-8.53946309751285e-12,-1.67281083704052e-10,-3.97484417666559e-10,3.39816057130324e-10,-8.28566011204944e-11,-5.5797692584527e-10,-1.87786741741122e-10,-5.11068161005934e-10,-1.78119895452975e-10,-6.43936494184496e-11,-1.18764998578205e-10,1.1626879196668e-10,1.92115041810621e-10,-3.16751379935379e-11,1.03680069453575e-10,-2.11574186728263e-10,3.18184102623873e-10,2.19971945231987e-10,6.43430338474409e-11,3.66791642187025e-10,1.50204417065888e-10,5.08465131251131e-10,-3.19189800061067e-10,4.19557450242834e-11,-2.17487678117364e-10,-9.23419719015863e-11,3.61903057556829e-10,3.96786282456673e-11,-4.32102813928043e-10,3.53403201855455e-10,3.44659725943394e-10,3.51709152220418e-10,1.04289055388052e-10,2.56641362165295e-10,-4.94517957495423e-11,2.31494769562375e-10,-2.19363013620453e-10,4.66916086927673e-11,-3.74872892455391e-10,2.63630225818247e-10,-2.66877773052425e-10,-1.75709976038942e-10,-2.13096190710472e-11,-1.86378821067821e-10,5.47043228760886e-10,-1.59027205264703e-10,3.83825687992342e-10,-3.95512717845812e-11,1.67855303457581e-11,-1.81921351544957e-10,-3.8896929463039e-10,-2.30271314030929e-10,-6.66890362878751e-11,1.02965509316969e-10,1.7924029601611e-10,8.85563590226462e-11,1.69557006568294e-10,-2.4937510060301e-10,-4.5703596543666e-10,6.87844909910227e-11,-3.18279437166736e-10,-1.59322919341206e-10,3.04856419201315e-11,-1.60911519992988e-11,3.90755292777043e-10,3.65191552939988e-10,-1.92448040094378e-10,-2.32775283270209e-10,-4.67191191786537e-10,5.43188047434794e-12,-3.99267669632252e-12,2.86263791415987e-10,4.43163279466464e-10,-1.65606051147508e-10,-2.66529692488337e-11,2.82800629286523e-10,1.84030144189261e-10,1.81183490337607e-10,-1.42699764470085e-10,5.65291778776711e-10,8.04998973856254e-11,1.70688034848635e-10,-2.68116046282321e-11,-1.70584350993662e-10,2.49743475090002e-10,-2.69184991885721e-10,-8.33075819240242e-11,-1.80174946105179e-10,4.72070304361828e-11,-4.8255945862683e-11,2.16344927086562e-10,-3.71803945248911e-10,-1.42609344168037e-10,1.51410267471982e-10,1.22415799186035e-10,-1.41234089044346e-10,-3.35915918706277e-12,-1.17640925393224e-10,-3.19115949172084e-11,-6.22866380496756e-10,-2.2076121144741e-10,1.93256202284513e-10,3.3299177348356e-10,7.77802292046912e-11,1.63292101332498e-10,6.33244366188819e-11,1.64446386330308e-10,3.01791658559189e-10,-2.11619182353292e-10,6.88205509131738e-11,3.66125706095099e-10,4.07066211423853e-10,5.96755387824388e-10,-1.81427052904151e-10,3.64051434279882e-10,1.80904219642643e-12,-1.52493502188198e-10,1.9903636871388e-10,-3.92544209923446e-10,-3.74821092917178e-10,-2.12919944245189e-10,-3.99214697553972e-10,-1.29439377780322e-10,-2.82556291926361e-10,2.53970619597491e-10,-3.13230110280715e-10,-7.59208415488741e-11,2.61740003074734e-10,1.10220343685822e-10,4.06747805791454e-11,-1.00238717155384e-10,-6.75438972375541e-12,-2.70250506111447e-10,1.22058969377199e-10,3.22889570565542e-10,1.22950405578204e-10,3.84511377730484e-11,3.63893603676321e-10,4.83072791591347e-11,-2.87887294141655e-10,-2.2584118277404e-10,2.87475428765111e-10,2.3216787063766e-10,2.52403662638877e-11,-1.65962357764507e-10,-5.62110001871663e-11,3.79874096926034e-10,-3.45353088314374e-10,-3.18870087422295e-10,-5.45215791481306e-10,-2.00332841634013e-10,4.19155041962058e-10,-1.2419296516084e-10,-1.6865368690879e-10,4.23590717601798e-10,7.74977048836044e-11,-1.9048814805213e-10,2.20350641518513e-10,3.41189357970427e-10,-1.49125885872088e-10,2.71843205697011e-10,-1.43099844594214e-10,-2.25760593143433e-11,-1.89269288139876e-10,5.14664167811e-10,-2.24404482748424e-10,4.56136117698333e-11,-2.22148808029675e-10,2.02806872580184e-10,1.38384442942213e-11,-1.98789051081671e-10,3.60027160757735e-10,-8.81310723652143e-11,5.00316151348589e-11,5.53319103315124e-10,-1.02600875031165e-11,-8.89283236776019e-11,1.50962735136139e-10,-9.45392790260959e-11,-1.69720753108342e-10,-3.90052132514727e-10,2.7589643724618e-10,-1.80692595586678e-10,2.31960576811861e-10,-2.17006672106218e-10,5.26883511625546e-10,6.16312281250627e-10,-8.11451832290626e-11,1.18740991386455e-10,3.24154777656863e-10,-1.00730288323348e-10,-5.38877525570463e-10,1.71548194055178e-10,-7.22809980135674e-11,-2.08259070021276e-11,4.40708319211837e-10,-2.32522483897854e-10,3.52822161727257e-11,3.32355292538365e-10,2.32944787503327e-10,1.04713205773399e-10,-1.17276189187764e-10,-3.10046312082118e-11,-1.41645756427117e-10,-3.19387701839283e-10,-5.02686712335243e-11,3.90364364705613e-10,1.82838928443302e-10,-2.29718926618331e-10,2.63185767126194e-10,5.61056069657163e-11,1.43668585155665e-11,2.6808967417962e-10,4.71953336780032e-10,-5.24174157527621e-11,-4.34600037760165e-10,6.29585921912567e-11,-2.59399659197759e-10,2.42264599119741e-10,1.67051992994376e-10,-1.92331308741693e-10,-1.98560457151173e-10,1.272642589395e-10,-4.3760209169268e-10,1.9231058505527e-12,-9.48628651151138e-11,1.39945199508349e-11,2.15709459202063e-10,6.82385533913525e-11,-3.05739684322564e-11,-2.66324089235064e-10,-2.71223637520183e-10,2.34442936214485e-10,3.84652693155566e-10,1.18389284833222e-11,-9.25698971403695e-11,-1.94413223822419e-10,-2.11609970851217e-10,-1.75311059567519e-10,-1.16398760065026e-10,1.9311893109387e-10,3.7656349391673e-10,2.75093162300305e-10,4.46602104300391e-11,-2.14150934636419e-10,-2.29982549164186e-10,-2.64702649918044e-10,4.3992621387474e-11,-4.60928574526502e-10,1.92741506405499e-10,-3.81886348611614e-10,8.88244687248658e-11,-2.77858389983023e-10,1.79754480740114e-10,-1.32774742190656e-10,1.76643611422734e-10,1.04848026620215e-10,2.91232018507995e-10,-2.30930557057189e-10,-3.96131800375291e-10,3.09553611706223e-10,-1.56398612948451e-10,-1.73100792909952e-11,-4.36264140754196e-10,8.21944184169853e-11,4.57761056393786e-10,-1.39919056498507e-10,-1.64947529143726e-10,-2.2488334195414e-10,-2.93356297424818e-10,4.10984322324998e-10,-6.19188874416491e-11,-1.44545483646887e-10,2.27737134107895e-10,-3.53648204834769e-10,8.11842554256365e-12,-1.18849431016476e-10,6.63842075278114e-10,-2.80454323233681e-11,2.50452247743102e-10,-1.65575543369232e-10,-3.06109558322539e-10,1.96604504899373e-10,2.24100866003085e-10,5.28827976261269e-10,-1.18482343575886e-10,1.30535869222834e-10,-1.63068590369922e-10,-3.04105534891202e-10,1.37714037701875e-10,-1.12971094576782e-10,5.73912855579707e-11,-2.65311663368385e-10,1.24452416535732e-10,7.84419792904375e-10,-1.04372645579009e-10,-4.38159061507756e-11,1.02074739150066e-10,4.59034193245595e-10,2.43544868512386e-11,-2.21170454599503e-10,-1.80066349880426e-10,-1.30946515964072e-10,2.19382712738729e-10,7.40850804899955e-12,6.53062223659055e-11,-2.20829891705624e-10,3.74298679037851e-10,-1.64669924410572e-10,-4.14770923651099e-10,4.39076390752245e-11,-8.03151881061631e-12,-3.89317513951037e-10,1.87579257495877e-11,3.50254194949304e-10,1.5285812625115e-10,-4.29644269420283e-11,-3.1629334359189e-10,-2.98056220798677e-10,5.53272071017134e-11,-1.80933698484514e-10,-1.25081113391178e-10,1.45477280880737e-10,-9.74155707859494e-11,2.63023254301607e-10,9.08561065699809e-11,-9.25979243019712e-11,-3.41582683308592e-10,1.92102716497667e-10,2.43605558638033e-11,7.95833649434037e-11,-2.97684693884371e-10,-5.55059880302852e-11,-1.83598385367466e-10,4.37464562413762e-10,2.39150553169674e-10,-1.28619836397449e-10,5.35835286334407e-11,-5.05227736407577e-10,-2.2058991614338e-10,-3.46848364435191e-10,-1.56475306821991e-10,-4.95900046165864e-10,-9.91199440163419e-11,1.81317299984945e-10,-1.94727262169886e-10,-3.80796141212071e-12,-3.77780268555242e-10,-1.28315347045008e-10,-3.43596402041039e-10,-6.66278239353686e-11,1.60844622590414e-10,7.7899513275322e-11,-5.12814351143654e-10,1.60020809815947e-11,7.07191886132309e-11,1.01069888228891e-10,-1.92131254270757e-10,3.86088564232914e-10,-2.8884641565576e-10,-1.38039666707213e-10,2.04974780538695e-11,-2.09587733530291e-10,3.20505429920646e-10,2.15856238433603e-10,2.01229273197673e-10,-2.77736675061764e-10,9.93283419456807e-11,-9.52693546783835e-11,2.61486302599906e-10,1.16572648399505e-10,-1.0976111538449e-10,-4.67892279453858e-11,5.10744255127273e-12,-2.56000529166778e-10,-4.36188314778014e-10,-3.46861823814977e-11,2.61386098113062e-10,2.7372318018534e-11,-7.20599374565654e-11,2.46868347658408e-10,-1.20554649387315e-10,1.37231983993558e-10,9.07923903410785e-11,-3.43358161716368e-10,5.09765638856572e-11,1.29482207318663e-10,-1.4712974047701e-10,-3.96994066317124e-10,-1.99689139338862e-10,-1.3559484131488e-10,4.33573645885098e-11,1.85841265977442e-10,-9.91915065794381e-11,-1.25962743745645e-10,-1.0603734810459e-10,1.84650996235907e-10,-3.79813256992812e-10,-3.88833960786019e-10,-1.43634979218949e-10,8.57953749921128e-11,-1.13256592350417e-10,4.96935289001897e-10,-1.16649719257733e-10,-4.49766223907004e-10,-1.58540494937224e-10,3.68952597316698e-11,1.72734802963319e-10,-3.15335844401876e-12,3.86477676831023e-10,1.18957165961005e-10,1.84774442406053e-10,2.68624426660918e-10,6.12538230409524e-11,-1.09839431453461e-10,1.65730650438716e-10,2.05373826801925e-10,4.15692297702331e-10,9.76990256595425e-11,3.52419483670593e-10,-6.0197613013276e-12,5.54803939600148e-11,1.07138015556599e-10,-3.16662765606317e-10,1.27955118629921e-10,-1.58331893801421e-10,-6.71968517868908e-11,8.18370991093774e-11,2.60831848208724e-10,-5.04985817629197e-11,-8.17603409205209e-11,-6.67510618737431e-11,-1.58870130803949e-11,4.70562225620929e-11,-4.18548821201392e-10,1.72397033311037e-10,-2.08673781176356e-10,1.5490882460821e-10,5.49989469021621e-11,1.41131779305057e-10,2.0526158008923e-11,6.00910411370851e-11,-1.4558572418324e-10,-5.60887128926667e-11,-1.80796633567202e-11,3.64388168849435e-11,1.46684667571971e-10,-1.6162107830654e-10,2.56300656388193e-10,3.19151340067696e-11,-1.44718829668235e-10,-1.96684221149028e-10,1.5569027458698e-13,6.43719246254263e-11,-2.98994952610001e-10,-1.91326138979761e-10,-8.6910534163332e-11,-2.19886186886039e-10,-1.56853066549924e-10,-4.11709436660356e-10,-4.73513193927529e-10,1.25357009719061e-10,1.34845440938129e-10,-1.04093629900214e-10,1.08217091803216e-10,-7.94856204880533e-11,-2.22949792418127e-10,-5.31132073602682e-11,-7.47003138544346e-10,-1.05250764912213e-11,-5.14444807540335e-11,3.63159053653901e-11,1.44983613355319e-11,6.36444681929505e-11,3.35387180724243e-12,1.47276299903023e-10,-2.71532410457745e-10,-2.68890810396092e-10,-2.47838151546422e-10,2.13120837195704e-10,4.44110498677065e-13,3.08013132981586e-10,6.62400525410033e-12,7.70485540233661e-12,1.64595933172829e-11,1.00716358966945e-10,-1.54461007667639e-10,-1.74529361691093e-10,1.39188545654075e-10,-1.75642848166455e-10,-1.66134031814389e-10,1.5653161671009e-10,3.41350691670598e-10,2.44120916161256e-10,-2.66004026403155e-10,-2.0494603246399e-10,2.92556226072929e-10,-1.64302412968993e-10,6.42776163293613e-11,3.80293200516176e-10,-1.03258423687897e-10,2.1596001226794e-10,3.81269974810792e-11,-1.6954658356951e-10,4.20574747531729e-11,2.5084599445786e-10,-1.74185599157835e-10,1.29786609045221e-10,-3.71309549594903e-11,-1.04109929327684e-10,-2.59413174249232e-10,3.43746478667857e-10,1.89530083250018e-10,-2.47947717309943e-10,9.42859598677898e-11,6.26452716422955e-11,-7.67684222899959e-11,3.4299929930857e-11,-1.08005064172902e-10,-1.03221781973285e-10,1.39660414298447e-10,1.08589651624753e-10,-3.12970206554335e-10,-1.79122638795499e-10,-2.25257923777606e-10,-1.84571871711643e-10,-2.66252153336403e-10,-1.09635775414713e-10,5.36425703929385e-11,-2.05400650621216e-10,-6.57756030000564e-10,1.70503552653684e-10,-1.12718063244087e-10,-2.54835994574379e-10,-2.23790849135008e-10,1.5212988804876e-10,-3.24774937082968e-11,2.10549704278441e-10,-1.13053047238016e-10,-5.37200086710148e-10,-3.25422419599725e-10,-2.65650695217666e-10,1.83465272877037e-11,-2.02784009933353e-10,-2.73948346436008e-10,-6.42252329760841e-10,-3.28150023802192e-10,-4.94465649268302e-10,8.68255184504187e-13,-3.77843350036366e-10,-1.99835177024909e-10,7.86109456975049e-11,1.20279445503781e-10,-2.11908437522966e-10,9.73510947958472e-11,-9.30205065939503e-12,1.39878517461992e-10,-2.25801701350285e-11,-2.19877612315064e-12,-3.32398705393118e-11,2.4224826585849e-11,-5.36708915382032e-10,-3.31023883121497e-10,-1.99360174484373e-10,-3.16530344660502e-10,-5.26827463134891e-10,-2.52771393275561e-10,-6.53202861626211e-10,-3.15897261772894e-10,2.10141023312841e-11,-1.55285087631918e-10,-6.90626193386861e-10,-2.46653792940967e-10,-5.1651312725244e-10,-2.08655243275244e-11,-3.72479354329113e-10,-1.57797047111578e-10,-3.32467794414355e-10,-2.94330792751506e-10,-1.7513610655495e-10,-5.06872541866478e-10,-1.20116189126832e-10,-5.49841974032073e-10,-2.28275941115821e-10,4.05188219691294e-11,-2.03513519880803e-10,-3.63290816504021e-10,-3.35544120255428e-10,-2.76428643367667e-10,-1.35209502559895e-10,3.59563767618275e-11,-3.47207583558337e-10,-6.46585620838873e-10,-3.70348704465298e-10,-3.02585144652726e-10,-1.99690803154383e-10,-3.12989393902383e-10,-2.29607538927993e-10,-1.30640606498251e-10,-1.93030780435172e-10,-6.35910622254205e-10,-2.05986703354921e-10,-6.80147013804133e-10,-4.15595320061282e-10,-7.43915445158458e-11,-5.93633732263423e-11,-1.10772082495757e-10,-1.21771951695191e-10,-4.26251251386324e-10,-4.23633039518693e-10,9.68757659651565e-12,-4.28815855554845e-10,-6.95479715695412e-12,-2.50738239080908e-10,-2.20871099187279e-10,-1.18306174825415e-10,-4.07645704431129e-10,-6.47249644332225e-10,-4.40109267262341e-10,-3.27507532205362e-10,-3.11051532099826e-10,-5.88158989513632e-10,3.0066664298423e-11,5.53678413039573e-11,-1.03066185060201e-09,-4.13326936858116e-10,-1.54988089097773e-10,-2.5276085707822e-10,-7.33352711253427e-10,-4.54636725961002e-10,-8.88196919409705e-10,-6.60774824136281e-10,-2.54518069221131e-10,-3.64565277660171e-10,-7.66836900472547e-10,3.1022729448946e-10,-3.55399094149908e-10,-5.90066789618628e-10,-4.53178750808652e-10,-2.19229671987627e-10,-5.4726126120955e-10,-2.94226715234243e-10,-3.62907075775812e-10,-2.07634944592209e-10,-7.53248637357476e-10,-7.83029766924891e-10,-5.80002086708296e-10,-2.12166297831173e-10,-5.98826611242125e-10,-6.63524116532143e-10,-1.79959467512873e-10,-1.67375282749992e-10,-3.92153668733144e-10,-6.68356955607497e-10,-3.67714691155069e-10,-1.60819163505446e-10,-1.1299749734723e-10,-2.99283336063005e-10,-2.77666977578784e-10,-4.30618947760544e-10,-3.19619463323614e-10,-4.08742429931833e-10,-8.54333828067792e-10,-9.28108879750054e-10,-3.65942805846949e-10,-5.14788762046852e-10,-3.51343327273773e-10,-7.03145362476094e-10,-2.64302995803921e-10,-4.30270110849224e-10,4.44491397430787e-11,-4.85550245408672e-10,-2.94801090486243e-10,-7.95559255817851e-10,-7.21353050539079e-10,-8.199488979452e-10,-3.11862746725276e-10,-2.86048684704228e-10,-7.29853151843755e-10,-9.24044905816987e-10,-1.16383205940424e-10,-6.85206251239352e-10,-9.76225498136424e-10,-7.70120819057499e-10,-5.2090181087648e-10,-1.10693894330723e-09,-9.50901634858672e-10,-5.63450020510745e-10,-6.99618179486588e-10,-3.76144596293366e-10,-9.13361696581969e-10,-7.99652796230929e-10,-9.38191097464575e-10,-2.77577979358596e-10,-1.04820344934381e-09,-1.78171669523439e-10,-8.47798777379547e-10,-1.0783371749825e-09,-8.32886701062371e-10,-8.79419799924789e-10,-9.23029190152873e-10,-8.83264740073885e-10,-4.66760466775137e-10,-5.33161652548054e-10,-3.20414193138913e-10,1.41763484055156e-10,-8.35189805685146e-10,-9.98097353590526e-10,-6.32004931424869e-10,-7.88815388917215e-10,-8.78875094398668e-10,-5.80077871916725e-10,-7.77448814146059e-10,-3.18524996712183e-10,-8.57105052093118e-10,-9.88826428095604e-10,-9.41862592828902e-10,-7.88746697090139e-10,-1.02942004362041e-09,-6.33991962029957e-10,-9.08223179381071e-10,-8.13115142394435e-10,-9.43987023511576e-10,-8.37721225207624e-10,-7.68636963404843e-10,-2.70167299238403e-10,-9.00816419393553e-10,-7.56760850869475e-10,-7.42381776295215e-10,-9.35972113710607e-10,-6.83867898699163e-10,-7.80290899101838e-10,-7.38856982854098e-10,-6.59569848607159e-10,-7.16981801808586e-10,-5.98076923033682e-10,-5.39896896966924e-10,-1.05408479008695e-09,-7.39561592567737e-10,-1.0114440098652e-09,-7.81276261717054e-10,-7.52646539564571e-10,-1.07300847786051e-09,-7.22548979982379e-10,-9.81429412357228e-10,-9.85478501185203e-10,-4.83084170137683e-10,-1.17159239918497e-09,-6.29889889681621e-10,-9.07034027990887e-10,-9.64790041250958e-10,-8.83657174745935e-10,-9.02902842005186e-10,-7.85768487037032e-10,-1.22906848524269e-09,-6.15282219326441e-10,-1.22062086300464e-09,-1.10395367994868e-09,-1.25693054260731e-09,-1.02520657697804e-09,-3.12115074569506e-10,-8.24171586235212e-10,-1.2136095215016e-09,-1.28464639624349e-09,-1.03513865807471e-09,-1.04192673297694e-09,-1.10618343608364e-09,-9.5548239332107e-10,-9.4849406082307e-10,-9.74253628088163e-10,-7.96294506020726e-10,-8.00819388152247e-10,-7.78083177770755e-10,-1.21577249404402e-09,-1.40191705618816e-09,-8.93518710757772e-10,-6.94062383366563e-10,-1.05521509408011e-09,-5.88702284908608e-10,-8.2231838680857e-10,-1.11135751215855e-09,-7.5505636797646e-10,-8.08895229309311e-10,-7.48039699202323e-10,-6.79522741115526e-10,-1.16396736384261e-09,-5.74940298745749e-10,-6.34247193399443e-10,-1.29633898737328e-09,-4.94036306054043e-10,-6.83917537022246e-10,-9.79092745855657e-10,-7.90104003424378e-10,-1.06965345874518e-09,-1.0990408645793e-09,-6.79624612375653e-10,-9.51434118238568e-10,-1.00942730553321e-09,-6.52891687010482e-10,-7.82036687086652e-10,-4.48662399599436e-10,-4.40748447412647e-10,-7.29020794292178e-10,-5.39101272527249e-10,-9.94459672494327e-10,-6.13800815896484e-10,-8.60764634550155e-10,-6.75816175007803e-10,-9.34139256354133e-10,-7.53447470913918e-10,-6.26517439257819e-10,-8.95848181819523e-10,-5.19364983025693e-10,-9.80880167780761e-10,-2.76814485846529e-10,-2.46550405446744e-10,-5.68601966179722e-10,-4.49779680838605e-10,-4.63574174640697e-10,-5.68004492357844e-10,-2.57784525269168e-10,6.5220283793698e-11,6.79310492776891e-11,3.71743129095905e-12,2.78534922371202e-11,4.15320419608577e-11,3.67915911455931e-10,3.35483331869027e-10,6.13833600621677e-10,6.1320165310463e-10,4.20600507476383e-10,1.11100470004825e-09,1.01886553705055e-09,1.30610057335945e-09,1.32172161372597e-09,1.64741390659515e-09,1.98986486062498e-09,2.20092285883867e-09,2.51828546110019e-09,2.42987697735347e-09,2.77310833768106e-09,3.06884183370624e-09,3.88296608994356e-09,4.04466924730828e-09,4.55150732702193e-09,5.6354609143871e-09,5.70011437670445e-09,5.93211710196756e-09,7.01695087110729e-09
