v,0.25
Patm,100000
g,9.81
r,500
G,10^11.78
rho,2200
mu,10^4.21
rc,23
 
M,10^6.46
sigma,0.1
 
tilt_erupt,1.2678nrad
 
-1196,-1195,-1194,-1193,-1192,-1191,-1190,-1189,-1188,-1187,-1186,-1185,-1184,-1183,-1182,-1181,-1180,-1179,-1178,-1177,-1176,-1175,-1174,-1173,-1172,-1171,-1170,-1169,-1168,-1167,-1166,-1165,-1164,-1163,-1162,-1161,-1160,-1159,-1158,-1157,-1156,-1155,-1154,-1153,-1152,-1151,-1150,-1149,-1148,-1147,-1146,-1145,-1144,-1143,-1142,-1141,-1140,-1139,-1138,-1137,-1136,-1135,-1134,-1133,-1132,-1131,-1130,-1129,-1128,-1127,-1126,-1125,-1124,-1123,-1122,-1121,-1120,-1119,-1118,-1117,-1116,-1115,-1114,-1113,-1112,-1111,-1110,-1109,-1108,-1107,-1106,-1105,-1104,-1103,-1102,-1101,-1100,-1099,-1098,-1097,-1096,-1095,-1094,-1093,-1092,-1091,-1090,-1089,-1088,-1087,-1086,-1085,-1084,-1083,-1082,-1081,-1080,-1079,-1078,-1077,-1076,-1075,-1074,-1073,-1072,-1071,-1070,-1069,-1068,-1067,-1066,-1065,-1064,-1063,-1062,-1061,-1060,-1059,-1058,-1057,-1056,-1055,-1054,-1053,-1052,-1051,-1050,-1049,-1048,-1047,-1046,-1045,-1044,-1043,-1042,-1041,-1040,-1039,-1038,-1037,-1036,-1035,-1034,-1033,-1032,-1031,-1030,-1029,-1028,-1027,-1026,-1025,-1024,-1023,-1022,-1021,-1020,-1019,-1018,-1017,-1016,-1015,-1014,-1013,-1012,-1011,-1010,-1009,-1008,-1007,-1006,-1005,-1004,-1003,-1002,-1001,-1000,-999,-998,-997,-996,-995,-994,-993,-992,-991,-990,-989,-988,-987,-986,-985,-984,-983,-982,-981,-980,-979,-978,-977,-976,-975,-974,-973,-972,-971,-970,-969,-968,-967,-966,-965,-964,-963,-962,-961,-960,-959,-958,-957,-956,-955,-954,-953,-952,-951,-950,-949,-948,-947,-946,-945,-944,-943,-942,-941,-940,-939,-938,-937,-936,-935,-934,-933,-932,-931,-930,-929,-928,-927,-926,-925,-924,-923,-922,-921,-920,-919,-918,-917,-916,-915,-914,-913,-912,-911,-910,-909,-908,-907,-906,-905,-904,-903,-902,-901,-900,-899,-898,-897,-896,-895,-894,-893,-892,-891,-890,-889,-888,-887,-886,-885,-884,-883,-882,-881,-880,-879,-878,-877,-876,-875,-874,-873,-872,-871,-870,-869,-868,-867,-866,-865,-864,-863,-862,-861,-860,-859,-858,-857,-856,-855,-854,-853,-852,-851,-850,-849,-848,-847,-846,-845,-844,-843,-842,-841,-840,-839,-838,-837,-836,-835,-834,-833,-832,-831,-830,-829,-828,-827,-826,-825,-824,-823,-822,-821,-820,-819,-818,-817,-816,-815,-814,-813,-812,-811,-810,-809,-808,-807,-806,-805,-804,-803,-802,-801,-800,-799,-798,-797,-796,-795,-794,-793,-792,-791,-790,-789,-788,-787,-786,-785,-784,-783,-782,-781,-780,-779,-778,-777,-776,-775,-774,-773,-772,-771,-770,-769,-768,-767,-766,-765,-764,-763,-762,-761,-760,-759,-758,-757,-756,-755,-754,-753,-752,-751,-750,-749,-748,-747,-746,-745,-744,-743,-742,-741,-740,-739,-738,-737,-736,-735,-734,-733,-732,-731,-730,-729,-728,-727,-726,-725,-724,-723,-722,-721,-720,-719,-718,-717,-716,-715,-714,-713,-712,-711,-710,-709,-708,-707,-706,-705,-704,-703,-702,-701,-700,-699,-698,-697,-696,-695,-694,-693,-692,-691,-690,-689,-688,-687,-686,-685,-684,-683,-682,-681,-680,-679,-678,-677,-676,-675,-674,-673,-672,-671,-670,-669,-668,-667,-666,-665,-664,-663,-662,-661,-660,-659,-658,-657,-656,-655,-654,-653,-652,-651,-650,-649,-648,-647,-646,-645,-644,-643,-642,-641,-640,-639,-638,-637,-636,-635,-634,-633,-632,-631,-630,-629,-628,-627,-626,-625,-624,-623,-622,-621,-620,-619,-618,-617,-616,-615,-614,-613,-612,-611,-610,-609,-608,-607,-606,-605,-604,-603,-602,-601,-600,-599,-598,-597,-596,-595,-594,-593,-592,-591,-590,-589,-588,-587,-586,-585,-584,-583,-582,-581,-580,-579,-578,-577,-576,-575,-574,-573,-572,-571,-570,-569,-568,-567,-566,-565,-564,-563,-562,-561,-560,-559,-558,-557,-556,-555,-554,-553,-552,-551,-550,-549,-548,-547,-546,-545,-544,-543,-542,-541,-540,-539,-538,-537,-536,-535,-534,-533,-532,-531,-530,-529,-528,-527,-526,-525,-524,-523,-522,-521,-520,-519,-518,-517,-516,-515,-514,-513,-512,-511,-510,-509,-508,-507,-506,-505,-504,-503,-502,-501,-500,-499,-498,-497,-496,-495,-494,-493,-492,-491,-490,-489,-488,-487,-486,-485,-484,-483,-482,-481,-480,-479,-478,-477,-476,-475,-474,-473,-472,-471,-470,-469,-468,-467,-466,-465,-464,-463,-462,-461,-460,-459,-458,-457,-456,-455,-454,-453,-452,-451,-450,-449,-448,-447,-446,-445,-444,-443,-442,-441,-440,-439,-438,-437,-436,-435,-434,-433,-432,-431,-430,-429,-428,-427,-426,-425,-424,-423,-422,-421,-420,-419,-418,-417,-416,-415,-414,-413,-412,-411,-410,-409,-408,-407,-406,-405,-404,-403,-402,-401,-400,-399,-398,-397,-396,-395,-394,-393,-392,-391,-390,-389,-388,-387,-386,-385,-384,-383,-382,-381,-380,-379,-378,-377,-376,-375,-374,-373,-372,-371,-370,-369,-368,-367,-366,-365,-364,-363,-362,-361,-360,-359,-358,-357,-356,-355,-354,-353,-352,-351,-350,-349,-348,-347,-346,-345,-344,-343,-342,-341,-340,-339,-338,-337,-336,-335,-334,-333,-332,-331,-330,-329,-328,-327,-326,-325,-324,-323,-322,-321,-320,-319,-318,-317,-316,-315,-314,-313,-312,-311,-310,-309,-308,-307,-306,-305,-304,-303,-302,-301,-300,-299,-298,-297,-296,-295,-294,-293,-292,-291,-290,-289,-288,-287,-286,-285,-284,-283,-282,-281,-280,-279,-278,-277,-276,-275,-274,-273,-272,-271,-270,-269,-268,-267,-266,-265,-264,-263,-262,-261,-260,-259,-258,-257,-256,-255,-254,-253,-252,-251,-250,-249,-248,-247,-246,-245,-244,-243,-242,-241,-240,-239,-238,-237,-236,-235,-234,-233,-232,-232,-231,-230,-229,-228,-227,-226,-225,-224,-223,-222,-221,-220,-219,-218,-217,-216,-215,-214,-213,-212,-211,-210,-209,-208,-207,-206,-205,-204,-203,-202,-201,-200,-199,-198,-197,-196,-195,-194,-193,-192,-191,-190,-189,-188,-187,-186,-185,-184,-183,-182,-181,-180,-179,-178,-177,-176,-175,-174,-173,-172,-171,-170,-169,-168,-167,-166,-165,-164,-163,-162,-161,-160,-159,-158,-157,-156,-155,-154,-153,-152,-151,-150,-149,-148,-147,-146,-145,-144,-143,-142,-141,-140,-139,-138,-137,-136,-135,-134,-133,-132,-131,-130,-129,-128,-127,-126,-125,-124,-123,-122,-121,-120,-119,-118,-117,-116,-115,-114,-113,-112,-111,-110,-109,-108,-107,-106,-105,-104,-103,-102,-101,-100,-99,-98,-97,-96,-95,-94,-93,-92,-91,-90,-89,-88,-87,-86,-85,-84,-83,-82,-81,-80,-79,-78,-77,-76,-75,-74,-73,-72,-71,-70,-69,-68,-67,-66,-65,-64,-63,-62,-61,-60,-59,-58,-57,-56,-55,-54,-53,-52,-51,-50,-49,-48,-47,-46,-45,-44,-43,-42,-41,-40,-39,-38,-37,-36,-35,-34,-33,-32,-31,-30,-29,-28,-27,-26,-25,-24,-23,-22,-21,-20,-19,-18,-17,-16,-15,-14,-13,-12,-11,-10,-9,-8,-7,-6,-5,-4,-3,-2,-1,0
-1.57740895612765e-10,-1.88956449717684e-10,-7.85135451702534e-11,-1.25506100156742e-11,-1.32847351140282e-10,-6.05728774969883e-11,-1.00646104120835e-10,4.21699221666866e-11,8.29557435819476e-12,7.77794746862144e-11,-8.0724129823505e-11,-1.15389102170583e-10,-1.2571710807846e-11,9.80616375270618e-11,5.01258732394459e-11,-1.66716353532719e-10,-1.8279052225675e-10,-5.10431029903985e-11,-1.53423303961651e-10,1.56601766274102e-10,6.24359483776486e-11,-8.30405158255475e-11,-4.11944888725775e-11,5.14705030489457e-11,-2.42914657225421e-11,9.87847682223224e-11,-1.61005913024778e-10,1.03976848940496e-11,8.35725796261296e-11,1.70012885985991e-10,1.98311255005676e-11,1.49233086005251e-10,-1.01853264069833e-11,9.41291902038094e-11,-1.41066129804712e-11,1.15055649585546e-10,-3.39407842737431e-11,-7.94015175146397e-11,9.9424727392213e-11,1.73542343349899e-10,5.16426200432089e-11,1.80144688519346e-11,5.7896038599065e-11,-1.09784586092417e-10,2.92921278852344e-11,1.27085002070654e-10,-8.90619464660805e-11,-1.66432523949143e-11,-2.68781669622122e-11,3.3643531333583e-11,2.82485753558166e-11,-1.95915197109675e-10,-1.33431040180306e-11,-1.1149553643538e-10,1.38389367583667e-10,-5.17775339183064e-11,-2.95269264365965e-11,1.46018036150275e-10,-1.15328143421576e-11,9.84754923311905e-11,-1.40048418244543e-10,-4.85216674867385e-11,-3.73170206766522e-11,-2.56638274491584e-11,-1.09618848546919e-10,-9.27401477175074e-12,-4.95337008451556e-11,2.28304954062416e-10,1.59133524251276e-10,5.49239367481063e-11,1.87218313902896e-10,1.90073487026582e-10,2.54929487777358e-11,-1.64548685213874e-10,-4.45805386507561e-11,1.8155848229151e-10,2.01307009430749e-11,-1.16559304146747e-10,8.56957731221414e-11,1.0178612444075e-10,-1.78978602193866e-10,7.31397274723607e-11,-3.76144090387085e-11,1.23732383776259e-10,7.99057713318191e-11,-1.81997684992009e-10,-6.09518164513318e-11,1.22076779571079e-11,-1.93515165673188e-11,9.73405092796479e-11,3.48259178907208e-11,-2.30907718626826e-11,-3.73759119150086e-11,8.55629356957417e-11,-1.50746109057678e-10,1.40301053321292e-10,-1.73998730177884e-10,1.63029750942751e-10,-8.07206879057137e-11,9.19519121322956e-11,-2.17575048944277e-10,7.88689452196867e-11,-7.00962739494367e-12,3.9679906078761e-11,7.77042945962588e-11,1.28598901343914e-10,-5.05902590709893e-11,3.83415514877656e-11,-1.28187284188942e-10,3.7501385146599e-11,-1.45436108715815e-12,2.42649849937423e-12,-1.28936805636216e-10,-1.39610417835639e-10,1.1087786553472e-10,-9.27347335367741e-11,-8.77297371373894e-11,1.11712557536598e-10,-1.15268372888483e-10,-1.17731147626981e-10,2.27301519073898e-11,-3.37367857065538e-11,1.93394067582741e-11,2.21064500144823e-11,7.38973277222559e-11,-1.05512078031211e-10,-1.25041393253711e-10,1.12729282237416e-10,7.82306854900944e-11,7.89622754676879e-11,-1.78835901080514e-10,1.24215804493863e-10,-4.03365751880069e-11,-2.07001596750927e-11,-7.83295175876915e-11,-1.61467923728995e-10,1.012944942131e-10,1.49824713547884e-11,-1.12155666150299e-10,-5.27911553018535e-11,-6.71066155681199e-11,-4.87284613625342e-11,-6.07977402774476e-11,4.47423196422913e-11,-1.3829982950196e-10,-1.29181702051871e-10,-1.33328012233362e-10,1.66505142800656e-10,5.02833571442322e-11,1.86961545751879e-11,1.06291167019023e-10,-5.69055869949715e-11,-5.64798191378813e-11,-1.79419689174734e-10,-2.5912128133923e-11,5.87025830750357e-11,1.79052399347847e-10,-9.95673947660776e-11,-6.52974040768863e-12,6.57655652239561e-11,1.8146300052163e-11,9.86147545296913e-12,-1.00238241167662e-10,-9.79404008145607e-11,-3.31814531748886e-12,3.00192337598079e-11,-5.44488366972041e-11,-3.26437828547563e-11,-7.32194877740939e-11,-7.87530975506494e-11,-7.40020107615623e-11,-1.73653192279847e-10,-5.99546066457497e-12,-6.80913330228395e-11,-1.94459653624282e-10,1.86037149795847e-11,-1.64891594318801e-10,3.87988944278762e-12,3.49009189581611e-12,2.92716501470727e-11,3.09870249357514e-11,8.53727381007292e-11,8.21530017089556e-11,2.67517037555152e-11,6.3694724182917e-12,1.17453326800445e-10,-1.21888928907645e-10,-1.11009222788414e-10,-4.83009030388678e-11,-6.11202410214528e-11,3.7491800865533e-11,-7.44980901458632e-11,-1.48753099995818e-10,1.5212614233461e-11,2.27935690616126e-11,1.97913536182525e-10,-1.15277689190944e-10,4.07289770422141e-11,-5.43077284133725e-11,1.12102075446184e-10,-1.2026818847907e-10,2.14344074409742e-11,-3.50717098452659e-11,2.40357426206835e-11,-4.95158607607492e-11,5.72323866305987e-11,-1.91571039128465e-10,1.03406678622719e-10,1.79599691472919e-10,-7.10978492070948e-11,-1.65888732032042e-10,-2.07464363415263e-10,4.02796912006333e-11,-6.73021993483629e-11,1.38293218848492e-11,-1.14689942428615e-10,2.91036675663344e-11,3.25036251008169e-11,2.21217996685811e-11,-1.1985136230789e-11,1.33313572759185e-12,-8.96875991264187e-11,1.78322250137053e-11,-4.54685803250618e-11,-1.21363035553114e-12,3.12799252510481e-10,-1.51438705028724e-10,5.55903038884784e-11,-5.27602030675275e-12,-8.05713680054192e-11,1.40638451670519e-11,1.66903268695799e-10,1.46222581545799e-10,-9.9126141586288e-11,2.47808536920867e-11,-2.43883895421935e-11,5.17573816002379e-11,2.37143008584957e-11,-4.97792169571815e-12,-1.84016894602364e-11,1.46917715159928e-10,-5.15031683476054e-11,-6.54533593818964e-11,5.8503488356973e-11,-1.14788490921519e-10,6.86980178151756e-12,2.206534185682e-11,-1.43947579572711e-10,-9.15451564498463e-12,3.31238862184826e-13,-1.60561256095844e-10,3.46000435298717e-12,-2.15196383061288e-12,-1.57976421023226e-10,-1.07627411007293e-10,2.9080073158796e-11,-1.59151204009812e-11,3.40779190674376e-11,5.69284153678213e-11,-5.14923373860362e-11,1.14751192640143e-10,2.76578930975509e-10,3.99062251459101e-11,-1.44921934219788e-10,5.6449851713926e-11,6.8001203066435e-11,1.89431511190867e-10,3.98594979655217e-11,-1.56888097612913e-11,-1.88188318582696e-10,5.55087732663521e-13,-4.56719441122507e-11,-1.53070851482337e-11,4.74615700979012e-11,4.71662387502841e-11,2.95382253476875e-11,6.06279564502452e-11,-1.09536805956994e-10,2.1205615366972e-10,1.21828749330931e-10,-2.79752315198867e-11,-2.34064241526755e-10,-5.82405575414858e-12,-1.76592079197595e-11,5.85489767362919e-12,9.70322838106361e-11,-3.65001305546568e-11,-9.59399352294424e-11,3.01038393236642e-12,-4.36321299508501e-11,-9.11029228677672e-12,9.84980095814198e-11,8.12322592461994e-12,-6.83809258571674e-11,1.57895517416572e-11,9.48895505051489e-11,-8.59549575739727e-11,8.20252118642741e-11,-4.43072756849943e-11,-2.22042092251552e-11,1.46376084431761e-10,1.44058135100324e-10,3.50938441856428e-11,-7.58964022955969e-11,8.16466321331937e-11,-2.21830773666746e-10,5.00224338683673e-11,-9.97741636173251e-11,2.52056400601474e-11,9.9353095339491e-12,-1.29696614568551e-11,-1.21572389508613e-10,-7.00116729276863e-11,1.25343236607016e-10,-6.57684871705663e-12,9.85932112986147e-11,-4.36503644003301e-11,-1.51906913915665e-10,-1.21988223879623e-10,-1.7733192497761e-10,-1.60523127855124e-11,8.0543431738248e-11,-6.90879187216344e-12,-1.88978982701757e-10,2.97815293147619e-11,-1.00478452909345e-10,-2.37615826356986e-11,5.66562109662956e-11,-1.50003586997306e-11,-7.83438116824545e-11,-1.28555596345721e-10,4.98192025774211e-11,3.41621165281598e-11,9.7066170274494e-11,-9.52096926122463e-11,1.21789355865372e-10,1.36758165402406e-10,2.96842481125861e-11,1.51677848351884e-11,-1.05613783950597e-10,6.35599382855116e-11,1.61690786865626e-10,1.12724063605975e-10,6.2069327206899e-11,-2.96253186643634e-11,-1.40907190651762e-10,4.95853254687477e-12,-2.39151498384072e-10,-8.6568158215309e-11,-1.21087371982049e-10,3.25701526775907e-11,2.77772732404683e-11,-7.4523574311839e-11,7.42494150065305e-11,-5.07772389457874e-11,-6.65464478270316e-11,-6.8038466642532e-11,1.37362952881289e-10,2.0600080907295e-10,-2.08745354436996e-11,3.66519880051379e-11,4.49870448861763e-11,-9.45206476283388e-11,-2.319955394237e-11,-3.7924473743799e-11,3.20761387423457e-12,9.507761404922e-11,-1.77543900720107e-10,-1.27586328047406e-10,-2.51503139876885e-11,-9.91431856306616e-12,7.34160359413319e-11,-9.34146852037694e-11,3.05846074734781e-11,7.06478245252654e-11,7.6465875431815e-11,-8.25191314673455e-12,-4.60028166235764e-11,-1.30335338405053e-10,1.85223018886595e-10,6.63755371148249e-11,7.69837686611094e-11,-4.70932804291678e-11,-2.94469544847523e-11,5.28154267112982e-11,1.90630208771224e-11,-3.37502505785632e-11,-7.58818215460749e-12,1.18218878663106e-11,1.02186085338831e-10,7.48107911768833e-11,-3.61171604714139e-11,-1.66701132794369e-11,1.33602720365358e-10,2.01825388017306e-10,6.84301104356335e-11,1.60087154149838e-11,5.5863683059643e-11,-3.46568902836354e-10,2.12401601437602e-10,-1.13753493646326e-10,2.09502160434646e-11,2.41839769805281e-11,-9.8435669033745e-11,1.36931996572317e-11,8.16839467110121e-11,1.54240941947928e-10,-1.26066452417143e-11,-4.8074751128275e-11,2.69153886305207e-11,1.21607580632179e-10,-1.64754029740263e-10,1.03300042720925e-10,1.24842901089002e-10,5.65755312163574e-11,9.98724941893311e-11,-5.13420068681402e-11,9.43359847865194e-12,-3.69324114016065e-11,-1.42491002782828e-10,-8.65899462392866e-11,1.69780029972932e-11,1.68950222208573e-11,4.00033351823137e-11,4.64399890447684e-11,-4.19711892537657e-11,-5.40407231180288e-11,-9.87227843570009e-11,1.63364529375743e-10,3.31870159863712e-11,-2.82752978924185e-11,7.23824101888519e-11,-3.82376952836351e-11,1.82173555261218e-11,-1.30355662075215e-10,8.61182605255287e-12,-2.71220187757326e-11,1.96778556285582e-11,1.08782174316279e-10,8.09466207965742e-11,-5.39508638776232e-11,1.49812596800263e-10,-1.33586445376879e-10,-2.97155539114739e-11,1.20909865450511e-10,8.59534892864745e-11,9.1874171542142e-11,6.83528630564363e-12,7.64116904448756e-11,-5.43839061787467e-11,7.52184258005379e-11,-2.43072520134293e-11,1.14272602513961e-11,2.04955962463866e-11,1.288568849226e-11,-9.51427616251325e-12,-1.14372663013114e-10,-5.39031625369753e-11,1.9512575899688e-10,2.92054646482852e-11,1.24009078129133e-10,6.98357983265727e-11,-2.0041803338864e-11,-5.43372518059394e-11,-2.68205078650686e-12,-5.4138760310129e-11,5.8967435176805e-11,-8.9435560489176e-11,-1.06643647477439e-10,7.26984334331531e-11,2.32500897042245e-11,8.558282158359e-11,-6.39332216249093e-11,-1.85643356974163e-11,1.28411342044374e-10,-7.06879599362351e-12,1.08899676561794e-10,-1.20459997747242e-10,1.02685484916559e-10,5.63462087576139e-11,4.46793451317051e-11,5.43576941931555e-11,-6.3733079042379e-11,-8.64501787747901e-11,3.06534595695861e-11,1.63976457893182e-10,-7.77336575456383e-12,-8.56045391756736e-11,5.69738220015287e-11,1.12584731895546e-10,2.0574998355954e-10,5.99261136323949e-11,1.59317875076386e-10,-1.24379205877519e-12,1.41992292434346e-10,4.08635479683111e-11,7.27646553673884e-11,-9.04095028715377e-11,-8.19596004639744e-11,2.31202471927207e-11,-7.03983636638261e-11,4.16952247039124e-12,4.59059936404946e-11,-1.02068940118746e-10,3.25602824220989e-11,2.07657222267392e-10,-2.44559852504917e-11,1.58898684533033e-10,1.0352316291835e-10,2.50242661386953e-10,9.13708807420305e-11,1.29524172224985e-10,-6.26594913302305e-11,-1.09608293650049e-11,-3.56495019583572e-12,-1.36795400302844e-11,1.01739172130496e-10,4.03235049469555e-11,5.28834878137818e-11,-1.47009189974598e-11,-5.50232103767715e-11,-6.26454397222902e-11,3.46039161442283e-11,1.461731494979e-10,2.30525160890028e-10,-4.67651095827297e-11,4.01796876205505e-12,8.21355150270543e-12,-6.45353761204191e-11,8.30014808209202e-12,-9.44038998346162e-11,1.4311553762158e-10,1.18697419121107e-10,7.91158183287439e-11,-5.69930261089991e-11,1.57614850416154e-10,-2.89049069965937e-11,-2.04360301688484e-10,2.47548555454562e-11,-1.40609492260534e-10,1.47016043014677e-11,-5.32235912803108e-11,2.92833401226574e-11,-2.27672703714834e-11,1.83042193543156e-10,5.27004828543893e-11,1.50296555977974e-10,1.75547765873587e-10,-1.34021600903928e-10,8.05570900861499e-11,1.80768735335156e-11,4.89206801173992e-11,1.67898894184351e-11,3.15815721373615e-12,9.81644509625159e-11,-2.2671520642515e-10,1.08896088892899e-10,1.84110604714821e-10,1.50566019084019e-10,-1.07071503993124e-11,-2.74734456293915e-10,-1.23879251542732e-10,-7.413164140259e-11,-7.21020471055558e-12,-7.33124621950654e-11,2.16889386075572e-11,-8.57997414985821e-11,-9.5501134128113e-12,-1.23908656123133e-10,7.47897881009512e-11,8.18932747723695e-11,8.76221993674909e-11,-8.66407434306281e-12,-2.75396958127007e-11,8.16349848657899e-11,-1.25339625498105e-10,-1.68762376532674e-10,-1.12289968871281e-10,-1.30546549231555e-10,2.39148815900257e-10,-8.17813924081265e-11,-9.90537518162194e-11,1.44107368286175e-10,-3.72750868902048e-11,3.52722327568075e-11,-5.20535498849935e-11,-8.55156416795043e-11,1.8211256034185e-11,-1.66259407158892e-10,1.5270271628997e-11,2.31549523203183e-10,1.29173949788013e-10,3.41810899558899e-11,3.58220638861434e-13,-9.60311728730254e-11,-7.40782907679166e-11,8.94107932250071e-11,-1.33094901673913e-10,-3.19310751913516e-10,8.03548883753832e-11,5.02816192854169e-11,4.28529858947753e-11,7.36062596105033e-11,-3.83522309623143e-11,-3.53796052805e-11,1.14468653289191e-11,-2.20247654637254e-10,4.80485377533636e-11,1.07944840952135e-10,-6.07817106637161e-11,-6.14737269076076e-11,5.65336224938881e-11,-2.61602485291223e-11,4.08436070197171e-11,-1.01528970745744e-10,9.68270321785491e-11,-1.91677745196032e-10,-2.04869387051045e-11,-1.23658822340425e-11,4.0743475900863e-11,1.44789963723881e-10,2.4154112795897e-11,-1.4716160479466e-10,-5.69315303788574e-11,1.43056467513558e-10,-3.43433649971866e-11,-8.43220005638182e-11,-1.81486064129145e-10,-1.7568867921328e-11,-9.12919033349802e-13,-8.40252941461061e-12,-2.3172596006009e-10,1.37555445696891e-10,-1.4701350034573e-10,-1.86118607275054e-10,-1.186812027552e-11,-6.29406753886574e-11,-1.47085744248138e-10,5.14617721046069e-11,1.10465251277148e-10,1.99234945694067e-10,1.21562696691135e-10,-1.37239770535359e-10,-3.37095911403214e-11,9.39722579859782e-11,1.91468392480251e-10,-1.32918232286469e-10,-2.67745616175061e-10,-1.11045385661353e-10,5.00121135949423e-11,-1.59215963593539e-10,-3.43115690275892e-11,-4.75375554719705e-11,8.99372102260117e-11,6.61615131614682e-14,3.50701184281457e-11,-3.40172725345428e-11,3.67391655291229e-11,-8.43805723458259e-11,-1.43615123065617e-10,5.16106481691314e-11,6.44689079944338e-11,-3.42121820143951e-11,2.96964447751445e-11,-5.2052583055676e-11,-2.33824033792485e-10,-9.43173320050583e-11,1.42465249984155e-12,-1.18053296174276e-11,-1.1817247564143e-10,1.95017100107184e-10,-5.13610297655336e-11,6.27433797062597e-12,1.33306345278802e-10,-9.82918706537701e-11,-2.22345854383549e-11,1.7383644216504e-11,-1.74772692353551e-10,2.54568724327678e-11,-5.09489000800018e-11,-1.45611007340375e-10,1.75185150004187e-11,-1.48265369241382e-10,-1.05227725718603e-10,-1.43020549626305e-11,1.53642315284801e-10,-9.47338079111426e-11,3.33404285846925e-11,-9.24976929491914e-11,-1.09763427824469e-10,-5.58513581515461e-11,-3.96772677880592e-12,-3.1141434308188e-11,-8.70575090941855e-11,-1.54345491998997e-11,-1.20585861910092e-10,7.33713202859555e-11,-3.30795284987655e-11,-6.54958903152893e-11,-8.75335326943518e-13,-2.45221752466534e-12,7.04092135037809e-11,-2.4589047749659e-11,-3.08891636278826e-11,-3.17074433073113e-11,1.10099671622214e-10,-2.00617845873333e-10,1.98879886400213e-11,-1.85540466496835e-10,-1.32596800881533e-10,-5.52327892687331e-11,-4.11587696611029e-12,1.6870575180734e-10,-3.2042832468719e-11,-2.33115471594324e-11,2.23558095278601e-12,-8.99502920464705e-11,-1.84353019775138e-10,-3.25838311971106e-11,5.31214572722319e-11,-6.52992965356889e-11,-7.50088348550812e-11,-1.72943224106952e-10,-4.79923995212704e-13,9.65477598333951e-11,-2.93914294775899e-11,-2.85556583414427e-11,-2.10823917382315e-10,2.20801163957077e-11,1.54704610350919e-11,5.54069102405625e-12,9.08280766090974e-11,4.23012386135598e-11,-2.48588933365769e-11,-9.13452462983257e-11,-5.5030697943072e-11,-1.99736262535298e-11,1.08568867541816e-10,-7.50449350315799e-11,8.03130937360819e-11,9.04826124428644e-11,-9.54800308230133e-11,-6.79866787999517e-11,9.831819447106e-11,-6.6146766500605e-11,-1.11727974948643e-11,-9.16169256227216e-12,-5.55191317586739e-12,-5.88003127998104e-11,1.27801210512999e-10,-2.28225878318899e-10,1.63773980383726e-12,3.46201299697029e-11,6.4406476244676e-11,2.2389893296864e-10,-1.47380249885624e-10,1.27559462947076e-10,-1.21026276229143e-10,-6.81849630979241e-11,2.90753673250924e-11,4.90030658500616e-11,1.30442985837328e-11,-2.36096925465467e-11,-7.6617518590397e-11,-8.33488236729541e-11,6.72156243874271e-11,-2.56098508543919e-11,-7.35539800040615e-11,-1.28878423566419e-10,2.93147837242099e-11,9.19437209694153e-11,-1.31200843638873e-10,-7.05494219165278e-11,-7.72217258244656e-11,1.21709090136974e-10,-1.6291682902011e-10,-7.84645788582148e-11,9.21410513010815e-11,2.3226487539673e-12,-1.26463940962225e-10,5.07665111256723e-11,-9.50933392646702e-11,-1.36911418221637e-10,2.51546691453203e-11,-8.51805929641035e-12,-2.38251582959319e-11,7.92910117883048e-11,-7.2162671097247e-12,-7.16729672153183e-11,3.39269411269338e-11,3.00400476571904e-10,-5.69669367861897e-11,-8.48521409068233e-11,1.58937356844036e-10,5.01661199189328e-11,-1.33221603043056e-10,8.05533822160243e-11,-7.85160958608716e-12,3.7742219501942e-11,2.88733504101865e-12,2.80106466299178e-12,2.57059365371471e-10,1.22323818117747e-10,3.93568953285776e-11,-3.59267386733473e-11,-2.27343555936417e-10,-4.38489068731383e-11,-1.12235764727136e-10,-6.5936839515273e-11,6.44282430501573e-11,8.6531500043398e-11,7.27715681490827e-11,2.69602540605183e-11,1.36576065466058e-10,6.43421694982777e-11,-1.89667574085093e-11,-2.98946146490688e-11,2.11266373660651e-11,-2.96236834821793e-12,-1.05503281360442e-10,5.75616874352073e-11,-1.23339796965215e-10,1.58738325364743e-10,-7.17512312235398e-11,1.19761284549368e-10,1.79861979382848e-10,1.76920123791513e-10,1.7058652808587e-10,8.27675526762424e-11,3.42796536934818e-11,3.35816842806719e-11,-5.15003429223992e-11,-1.41821776320567e-10,-7.02207330822227e-11,2.90179250896766e-10,1.37429521039169e-10,2.55184648707111e-11,7.16580421475785e-11,1.25820238038515e-10,4.33329622633729e-11,-5.13596019263216e-11,-9.91228017086899e-11,2.23790783365904e-11,1.19172679948136e-10,-6.30359681306032e-11,2.86145740904854e-11,8.71942960492188e-11,1.98426801428597e-11,-3.67197756299751e-11,-5.10489157415376e-11,-7.67520377713507e-11,-1.01906777166651e-11,7.9130158816315e-11,4.15314547793986e-10,-1.50415666890411e-11,-9.57362398976389e-12,-6.87911000442149e-12,2.44662333015359e-10,1.72349990603088e-12,-6.84055338808383e-11,8.14082034265791e-11,6.98774990304435e-11,6.20570876302643e-11,-8.87708408744577e-12,7.33519552257132e-11,1.84973682460735e-12,-8.13003067031533e-11,1.91703167480748e-10,-2.27817253844382e-10,-1.33275258401963e-10,-1.52036102166285e-10,-6.90627664210929e-11,-1.39250941807549e-11,8.99773123442092e-11,1.29307584220109e-10,-1.2991685933652e-10,1.0511013146658e-12,8.52066987875832e-11,1.27684010185861e-10,-1.0454604425186e-11,8.59979727480525e-11,-3.66418701467671e-11,-1.42621479133386e-11,-4.8877404003061e-11,5.65381118590047e-11,3.33861197452239e-11,1.28168708235395e-10,9.02020594007971e-12,7.39564107475287e-11,4.65889290194625e-11,1.46237293290964e-10,6.06954944365511e-11,-2.00441646420597e-11,-6.30622204554125e-11,-1.22556602777613e-10,8.53453991972078e-12,2.78161410584869e-11,5.12491310375871e-11,-8.44425194170309e-11,-1.27324255063419e-10,1.0443617556675e-10,7.57429691166461e-11,4.12658673083353e-11,8.44771595240958e-11,-1.01926040324845e-10,6.70851332668582e-11,-8.47703944721419e-11,1.54767930527906e-10,-9.70324538312907e-11,-1.17979617331805e-11,1.77345847184214e-10,8.09602180507101e-11,3.06852941741354e-11,5.99737808282012e-11,1.14278029764045e-10,4.81484697198064e-12,-5.09693247019691e-11,-4.95555571380721e-11,-7.09748038427469e-11,2.99649224437337e-11,-3.14672393422259e-10,-5.22938217128169e-11,-1.31519650365764e-10,-1.42548103149744e-10,9.11034031874306e-11,1.71033841750652e-10,-8.11414780680135e-11,6.68225976357201e-11,2.50617826847207e-10,1.30240244123868e-11,1.31812036001427e-10,2.28342108370499e-11,1.08524090646068e-10,-8.40114428689441e-11,2.28510324354465e-11,1.75497563293277e-11,-9.33042997594078e-11,-8.29504687209544e-11,-2.3825677216902e-11,-2.83777084269019e-11,1.80488301805414e-11,1.98465191492892e-10,2.88321702375745e-11,-3.5520190509104e-11,-1.88510187197519e-11,-8.80498965747801e-12,-1.12171083797401e-10,6.58639542309287e-11,-6.02463634375516e-11,-2.1884793250931e-11,1.0193332346574e-10,9.11333070657961e-11,-1.2843419454792e-10,-1.01060775871947e-10,-1.85062221320772e-11,-2.23905775320321e-11,-1.13770378879517e-10,4.60096566510818e-12,-3.70625100262804e-11,1.63658598450468e-11,-7.08857145034274e-11,-1.97296517122173e-10,-2.26947548330091e-10,1.40007365551279e-11,-1.23521940941711e-10,-8.29870640819535e-11,-1.80062264400531e-10,-6.27903622842059e-11,7.30313197254285e-11,-7.24923568260755e-11,-1.18372746697406e-10,-2.84311195535059e-11,-1.19567367989902e-10,2.1948329924259e-11,-1.72757342336154e-10,3.16681626107739e-11,-7.37409322114221e-11,4.97562257301569e-12,-9.09011308673905e-11,-6.12456951370809e-11,-1.52029200439778e-10,-9.35972948492543e-11,1.46887976653778e-10,-1.45040833692032e-10,-2.32360365874986e-10,3.02532503056662e-12,-1.17261620657738e-10,-6.19692728799757e-11,1.72965534320665e-11,1.84552622656307e-11,1.14328533007696e-10,-1.67893941647943e-10,-1.05046359216549e-10,7.36205166137491e-11,-8.03482080120965e-11,1.31785708461575e-10,-6.9359698676678e-11,2.85685572836691e-11,1.57523273365229e-10,-3.59597814721243e-11,-4.63938488778695e-11,1.18870665379219e-10,-7.03884909164426e-11,-1.60485682183354e-10,1.05007859732615e-10,6.97122486538693e-12,3.25212125788466e-11,3.10333093125663e-11,-1.14240831825537e-10,5.30537976479394e-11,-3.01429829292507e-11,-7.81432868864916e-11,-5.35967974825363e-11,-1.97138229668985e-11,2.14570379005567e-11,-1.45470261264466e-10,2.44573118570377e-11,-6.0753886092604e-11,-1.22863421186787e-11,-7.31014718608753e-11,-1.26600744971894e-10,-2.74031872584197e-10,-7.73323442988217e-11,-1.45510014495411e-10,1.99659682590515e-12,-5.71985241664214e-11,-6.99813783691858e-11,-3.79275558027356e-11,-6.81234949662215e-11,-1.75752997241018e-10,-6.91858018700848e-11,7.10920667285508e-11,1.78946235382239e-10,-1.70632085072303e-10,-6.5762652068842e-12,-2.07077762503033e-11,-1.19914581771013e-10,-1.66717550221569e-10,-1.36645623152386e-11,-3.00785912631291e-11,1.20763842768508e-10,2.21175186890355e-11,-2.26817685534678e-11,1.4875557627682e-10,1.27561056687723e-11,-1.64406376005879e-10,1.04093817892043e-10,-1.72341327427771e-10,-5.27822341169177e-12,-4.47911833031455e-11,1.53139349761091e-11,-7.98586399538307e-11,-1.19899281973234e-10,4.72058129947879e-11,-5.19902296949077e-11,-1.14882781980555e-10,-9.5007744110524e-12,-6.58275865489203e-11,1.05838712214859e-10,-2.37417568473171e-10,-1.49724025268707e-10,-5.71843282508056e-11,-1.55592819090532e-11,-1.25841635977669e-10,-1.50168505923347e-10,-2.29072917582493e-10,-6.03017488939543e-11,-3.11060434000856e-10,-1.49837074260675e-10,-1.8374830563582e-10,-2.02809953625951e-10,-1.2510395943765e-10,-2.3413584034386e-10,-1.74369774283717e-10,-1.36751432796631e-10,1.32441486977739e-10,-2.80095892398444e-10,-2.31316842435032e-10,-1.56325867655022e-11,-6.20342692927966e-11,-3.13833454590412e-12,-3.19625092914243e-11,2.23042397986958e-11,-3.42195823353629e-10,9.4327407357602e-11,-4.6224238122837e-11,-1.13792030650824e-10,-2.22002239972623e-11,-2.15998179960317e-10,-3.06230227624325e-11,-5.19217495146402e-11,-2.86047025981533e-10,-1.03997077280649e-11,-8.5904071795897e-11,-1.16112257249839e-10,-8.26947980544983e-11,-6.70785997798476e-11,5.99589684250433e-11,-5.59191414833035e-11,6.88949051203148e-11,-6.26265244041302e-11,-2.11592539729954e-10,-5.73622061959509e-11,-2.82690718916976e-10,-5.3395472230108e-11,-1.49620296129594e-12,-1.73768850641476e-10,-2.14799908352519e-10,-2.43573588235364e-10,-2.87940260481918e-10,-1.48758149224711e-10,-2.79023493768319e-11,-2.35670940062682e-10,-1.36424395375713e-10,-1.0357898653864e-10,-2.45068727921e-10,-2.57587821462761e-10,-2.80654235220823e-10,-1.03017707101889e-10,-3.27609767179498e-10,-2.06021104980918e-10,3.36016691896538e-11,-1.7780232656352e-10,-1.97690418184695e-10,3.821045011233e-11,-2.8531855607139e-10,-1.65112942051105e-10,-3.12824622649013e-10,-1.74785305683942e-10,-1.78434067996718e-10,-1.23471998356684e-10,1.4897215496545e-11,-1.60109994676978e-10,-1.05794015784206e-10,-1.9071967628266e-10,-4.95231113443629e-11,-1.23506580784165e-11,-7.70973002135669e-11,-1.80430004429568e-10,-1.42283200030857e-10,-2.2797606469861e-11,-2.9894733963313e-10,-9.11653059622848e-11,-1.34659691667282e-10,-1.2783341992593e-10,-8.58552324294843e-11,-8.47284035541375e-11,-3.56260114355583e-10,1.34611232365738e-10,-1.64064057352532e-10,5.81212016105108e-11,-1.08018202501712e-10,-1.4430242110165e-10,-5.85931661565677e-11,-1.01194087938923e-10,-1.58197345865641e-10,-2.83646799881323e-10,-2.22448046107462e-10,-1.83764695494243e-11,-1.54668719237335e-10,-8.59796217532787e-11,-6.26114752743529e-12,-9.65902277279451e-11,1.22439727060119e-12,-1.71561251359754e-10,-1.820912088428e-10,2.17115549065434e-11,6.06428966344535e-11,-7.09628295416236e-11,4.7142799050239e-11,-1.04093885349088e-11,-2.88557279070302e-11,-4.46680656087023e-11,2.0385969270053e-10,1.33868917954516e-10,1.95510843223774e-10,-4.46612961996829e-11,2.34234376181801e-10,1.32733755874327e-10,5.68017305015985e-11,1.61975650716882e-10,2.43518298403638e-10,3.51814124147853e-10,3.36387931143287e-10,3.71320723858175e-10,3.9792240748354e-10,4.11535320880795e-10,3.38256635436747e-10,3.71131285028035e-10,5.70913316773581e-10,4.85605542375427e-10,1.00891555175153e-09,7.7949503414932e-10,9.17050604865309e-10,9.01161883816541e-10,1.05269918606743e-09,8.94232031520804e-10,1.40802641680169e-09
