v,0.25
Patm,100000
g,9.81
r,500
G,10^11.27
rho,2300
mu,10^4.22
rc,26
 
M,10^6.32
sigma,0.5
 
tilt_erupt,2.9981nrad
 
-1454,-1453,-1452,-1451,-1450,-1449,-1448,-1447,-1446,-1445,-1444,-1443,-1442,-1441,-1440,-1439,-1438,-1437,-1436,-1435,-1434,-1433,-1432,-1431,-1430,-1429,-1428,-1427,-1426,-1425,-1424,-1423,-1422,-1421,-1420,-1419,-1418,-1417,-1416,-1415,-1414,-1413,-1412,-1411,-1410,-1409,-1408,-1407,-1406,-1405,-1404,-1403,-1402,-1401,-1400,-1399,-1398,-1397,-1396,-1395,-1394,-1393,-1392,-1391,-1390,-1389,-1388,-1387,-1386,-1385,-1384,-1383,-1382,-1381,-1380,-1379,-1378,-1377,-1376,-1375,-1374,-1373,-1372,-1371,-1370,-1369,-1368,-1367,-1366,-1365,-1364,-1363,-1362,-1361,-1360,-1359,-1358,-1357,-1356,-1355,-1354,-1353,-1352,-1351,-1350,-1349,-1348,-1347,-1346,-1345,-1344,-1343,-1342,-1341,-1340,-1339,-1338,-1337,-1336,-1335,-1334,-1333,-1332,-1331,-1330,-1329,-1328,-1327,-1326,-1325,-1324,-1323,-1322,-1321,-1320,-1319,-1318,-1317,-1316,-1315,-1314,-1313,-1312,-1311,-1310,-1309,-1308,-1307,-1306,-1305,-1304,-1303,-1302,-1301,-1300,-1299,-1298,-1297,-1296,-1295,-1294,-1293,-1292,-1291,-1290,-1289,-1288,-1287,-1286,-1285,-1284,-1283,-1282,-1281,-1280,-1279,-1278,-1277,-1276,-1275,-1274,-1273,-1272,-1271,-1270,-1269,-1268,-1267,-1266,-1265,-1264,-1263,-1262,-1261,-1260,-1259,-1258,-1257,-1256,-1255,-1254,-1253,-1252,-1251,-1250,-1249,-1248,-1247,-1246,-1245,-1244,-1243,-1242,-1241,-1240,-1239,-1238,-1237,-1236,-1235,-1234,-1233,-1232,-1231,-1230,-1229,-1228,-1227,-1226,-1225,-1224,-1223,-1222,-1221,-1220,-1219,-1218,-1217,-1216,-1215,-1214,-1213,-1212,-1211,-1210,-1209,-1208,-1207,-1206,-1205,-1204,-1203,-1202,-1201,-1200,-1199,-1198,-1197,-1196,-1195,-1194,-1193,-1192,-1191,-1190,-1189,-1188,-1187,-1186,-1185,-1184,-1183,-1182,-1181,-1180,-1179,-1178,-1177,-1176,-1175,-1174,-1173,-1172,-1171,-1170,-1169,-1168,-1167,-1166,-1165,-1164,-1163,-1162,-1161,-1160,-1159,-1158,-1157,-1156,-1155,-1154,-1153,-1152,-1151,-1150,-1149,-1148,-1147,-1146,-1145,-1144,-1143,-1142,-1141,-1140,-1139,-1138,-1137,-1136,-1135,-1134,-1133,-1132,-1131,-1130,-1129,-1128,-1127,-1126,-1125,-1124,-1123,-1122,-1121,-1120,-1119,-1118,-1117,-1116,-1115,-1114,-1113,-1112,-1111,-1110,-1109,-1108,-1107,-1106,-1105,-1104,-1103,-1102,-1101,-1100,-1099,-1098,-1097,-1096,-1095,-1094,-1093,-1092,-1091,-1090,-1089,-1088,-1087,-1086,-1085,-1084,-1083,-1082,-1081,-1080,-1079,-1078,-1077,-1076,-1075,-1074,-1073,-1072,-1071,-1070,-1069,-1068,-1067,-1066,-1065,-1064,-1063,-1062,-1061,-1060,-1059,-1058,-1057,-1056,-1055,-1054,-1053,-1052,-1051,-1050,-1049,-1048,-1047,-1046,-1045,-1044,-1043,-1042,-1041,-1040,-1039,-1038,-1037,-1036,-1035,-1034,-1033,-1032,-1031,-1030,-1029,-1028,-1027,-1026,-1025,-1024,-1023,-1022,-1021,-1020,-1019,-1018,-1017,-1016,-1015,-1014,-1013,-1012,-1011,-1010,-1009,-1008,-1007,-1006,-1005,-1004,-1003,-1002,-1001,-1000,-999,-998,-997,-996,-995,-994,-993,-992,-991,-990,-989,-988,-987,-986,-985,-984,-983,-982,-981,-980,-979,-978,-977,-976,-975,-974,-973,-972,-971,-970,-969,-968,-967,-966,-965,-964,-963,-962,-961,-960,-959,-958,-957,-956,-955,-954,-953,-952,-951,-950,-949,-948,-947,-946,-945,-944,-943,-942,-941,-940,-939,-938,-937,-936,-935,-934,-933,-932,-931,-930,-929,-928,-927,-926,-925,-924,-923,-922,-921,-920,-919,-918,-917,-916,-915,-914,-913,-912,-911,-910,-909,-908,-907,-906,-905,-904,-903,-902,-901,-900,-899,-898,-897,-896,-895,-894,-893,-892,-891,-890,-889,-888,-887,-886,-885,-884,-883,-882,-881,-880,-879,-878,-877,-876,-875,-874,-873,-872,-871,-870,-869,-868,-867,-866,-865,-864,-863,-862,-861,-860,-859,-858,-857,-856,-855,-854,-853,-852,-851,-850,-849,-848,-847,-846,-845,-844,-843,-842,-841,-840,-839,-838,-837,-836,-835,-834,-833,-832,-831,-830,-829,-828,-827,-826,-825,-824,-823,-822,-821,-820,-819,-818,-817,-816,-815,-814,-813,-812,-811,-810,-809,-808,-807,-806,-805,-804,-803,-802,-801,-800,-799,-798,-797,-796,-795,-794,-793,-792,-791,-790,-789,-788,-787,-786,-785,-784,-783,-782,-781,-780,-779,-778,-777,-776,-775,-774,-773,-772,-771,-770,-769,-768,-767,-766,-765,-764,-763,-762,-761,-760,-759,-758,-757,-756,-755,-754,-753,-752,-751,-750,-749,-748,-747,-746,-745,-744,-743,-742,-741,-740,-739,-738,-737,-736,-735,-734,-733,-732,-731,-730,-729,-728,-727,-726,-725,-724,-723,-722,-721,-720,-719,-718,-717,-716,-715,-714,-713,-712,-711,-710,-709,-708,-707,-706,-705,-704,-703,-702,-701,-700,-699,-698,-697,-696,-695,-694,-693,-692,-691,-690,-689,-688,-687,-686,-685,-684,-683,-682,-681,-680,-679,-678,-677,-676,-675,-674,-673,-672,-671,-670,-669,-668,-667,-666,-665,-664,-663,-662,-661,-660,-659,-658,-657,-656,-655,-654,-653,-652,-651,-650,-649,-648,-647,-646,-645,-644,-643,-642,-641,-640,-639,-638,-637,-636,-635,-634,-633,-632,-631,-630,-629,-628,-627,-626,-625,-624,-623,-622,-621,-620,-619,-618,-617,-616,-615,-614,-613,-612,-611,-610,-609,-608,-607,-606,-605,-604,-603,-602,-601,-600,-599,-598,-597,-596,-595,-594,-593,-592,-591,-590,-589,-588,-587,-586,-585,-584,-583,-582,-581,-580,-579,-578,-577,-576,-575,-574,-573,-572,-571,-570,-569,-568,-567,-566,-565,-564,-563,-562,-561,-560,-559,-558,-557,-556,-555,-554,-553,-552,-551,-550,-549,-548,-547,-546,-545,-544,-543,-542,-541,-540,-539,-538,-537,-536,-535,-534,-533,-532,-531,-530,-529,-528,-527,-526,-525,-524,-523,-522,-521,-520,-519,-518,-517,-516,-515,-514,-513,-512,-511,-510,-509,-508,-507,-506,-505,-504,-503,-502,-501,-500,-499,-498,-497,-496,-495,-494,-493,-492,-491,-490,-489,-488,-487,-486,-485,-484,-483,-482,-481,-480,-479,-478,-477,-476,-475,-474,-473,-472,-471,-470,-469,-468,-467,-466,-465,-464,-463,-462,-461,-460,-459,-458,-457,-456,-455,-454,-453,-452,-451,-450,-449,-448,-447,-446,-445,-444,-443,-442,-441,-440,-439,-438,-437,-436,-435,-434,-433,-432,-431,-430,-429,-428,-427,-426,-425,-424,-423,-422,-421,-420,-419,-418,-417,-416,-415,-414,-413,-412,-411,-410,-409,-408,-407,-406,-405,-404,-403,-402,-401,-400,-399,-398,-397,-396,-395,-394,-393,-392,-391,-390,-389,-388,-387,-386,-385,-384,-383,-382,-381,-380,-379,-378,-377,-376,-375,-374,-373,-372,-371,-370,-369,-368,-367,-366,-365,-364,-363,-362,-361,-360,-359,-358,-357,-356,-355,-354,-353,-352,-351,-350,-349,-348,-347,-346,-345,-344,-343,-342,-341,-340,-339,-338,-337,-336,-335,-334,-333,-332,-331,-330,-329,-328,-327,-326,-325,-324,-323,-322,-321,-320,-319,-318,-317,-316,-315,-314,-313,-312,-311,-310,-309,-308,-307,-306,-305,-304,-303,-302,-301,-300,-299,-298,-297,-296,-295,-294,-293,-292,-291,-290,-289,-288,-287,-286,-285,-284,-283,-282,-281,-280,-279,-278,-277,-276,-275,-274,-273,-272,-271,-270,-269,-268,-267,-266,-265,-264,-263,-262,-261,-260,-259,-258,-257,-256,-255,-254,-253,-252,-251,-250,-249,-248,-247,-246,-245,-244,-243,-242,-241,-240,-239,-238,-237,-236,-235,-234,-233,-232,-231,-230,-229,-228,-227,-226,-225,-224,-223,-222,-221,-220,-219,-218,-217,-216,-215,-214,-213,-212,-211,-210,-209,-208,-207,-206,-205,-204,-203,-202,-201,-200,-199,-198,-197,-196,-195,-194,-193,-192,-191,-190,-189,-188,-187,-186,-185,-184,-183,-182,-181,-180,-179,-178,-177,-176,-175,-174,-173,-172,-171,-170,-169,-168,-167,-166,-165,-164,-163,-162,-161,-160,-159,-158,-157,-156,-155,-154,-153,-152,-151,-150,-149,-148,-147,-146,-145,-144,-143,-142,-141,-140,-139,-138,-137,-136,-135,-134,-133,-132,-131,-130,-129,-128,-127,-126,-125,-124,-123,-122,-121,-120,-119,-118,-117,-116,-115,-114,-113,-112,-111,-110,-109,-108,-107,-106,-105,-104,-103,-102,-101,-100,-99,-98,-97,-97,-96,-95,-94,-93,-92,-91,-90,-89,-88,-87,-86,-85,-84,-83,-82,-81,-80,-79,-78,-77,-76,-75,-74,-73,-72,-71,-70,-69,-68,-67,-66,-65,-64,-63,-62,-61,-60,-59,-58,-57,-56,-55,-54,-53,-52,-51,-50,-49,-48,-47,-46,-45,-44,-43,-42,-41,-40,-39,-38,-37,-36,-35,-34,-33,-32,-31,-30,-29,-28,-27,-26,-25,-24,-23,-22,-21,-20,-19,-18,-17,-16,-15,-14,-13,-12,-11,-10,-9,-8,-7,-6,-5,-4,-3,-2,-1,0
-5.14839543703954e-10,-5.52388236404383e-10,1.20935385254398e-10,1.01137666973873e-09,2.3279325028673e-10,1.58041365686734e-10,3.16054472239769e-10,2.77288428019657e-10,-8.19922453751273e-10,-1.01070714787643e-09,-1.1250325060826e-09,-2.03628937422649e-10,3.63385603781614e-10,-1.69955162527242e-10,-1.65187147674683e-11,-4.12447265060092e-10,-1.34801664660171e-10,-1.14649324670493e-10,-3.0040379413553e-10,6.65137995615006e-10,1.41325846398562e-10,-1.94192089508051e-10,9.19677726417301e-11,1.5027580413554e-10,-5.19871295872171e-10,6.80863457547593e-11,1.18299280801425e-10,-9.53840185112204e-13,-4.51853051766214e-10,-3.97021877432082e-10,6.05611650707136e-10,-1.3972642712915e-10,1.27731522865659e-10,-2.0170579289737e-10,8.84564703146096e-11,4.84759913979345e-10,-5.23548727636188e-10,1.02705731848967e-10,6.52531681601189e-10,-2.19600042667364e-11,2.92365274851675e-10,2.20565051277785e-10,2.1783671098733e-10,-8.8552634749244e-10,-4.45378967433411e-10,-6.85841593271716e-11,-6.62327125771898e-10,-6.92279315971461e-10,4.7068266993225e-10,-9.91412659609568e-12,2.60021910441473e-10,-2.99870575380592e-10,-1.00618136935271e-09,-4.62986390293877e-10,4.96278580048332e-10,-9.21354910927781e-10,6.93179429059935e-10,3.68222600173248e-10,-5.15733395086188e-10,5.48672832261508e-10,-6.6622996865687e-11,2.01714992749483e-10,-1.59110539113741e-10,-3.42534504997802e-10,-2.78407801247487e-10,-9.53578205665391e-10,-5.65131947615459e-10,-1.31713873092469e-09,-4.62741598571564e-10,3.06883754377551e-10,-6.31703680794035e-10,9.02079589742246e-10,-9.11883203600928e-11,-2.56548441987242e-10,-5.44091024499143e-10,-5.24428963774738e-10,-7.83745541913325e-10,-3.98808566553158e-10,-4.02447710133193e-10,-2.47538071209855e-10,-3.65454663408695e-10,8.21733517669079e-10,-9.32649315019082e-10,-4.42700585133476e-10,6.07979723052217e-10,-5.48717155452488e-10,-3.10445533058806e-10,-1.33987217432632e-09,-4.51759384292804e-10,1.56005478714805e-10,5.40854333497511e-10,-8.59287857122771e-10,8.25783653687959e-11,-4.14266404318228e-10,-3.38117889076251e-10,6.61778371639008e-10,4.80498402937882e-10,-6.12571834526918e-10,4.32835038272155e-10,-3.69272778704888e-10,-5.14144408387314e-10,-3.2759493486751e-10,6.54475875544975e-10,6.93159497042984e-10,-1.38442860273887e-09,-1.65170365009225e-11,6.20669648814997e-10,-7.2566130008966e-10,3.56975078823018e-10,-3.78508217681571e-10,7.41537793976417e-10,3.68844436793208e-10,2.41417256931768e-10,-2.21692289511601e-10,3.8663916965599e-11,-7.105673540469e-11,7.52737933467257e-10,2.74505614753767e-10,1.11071238806384e-10,-8.45882006061345e-11,-9.98521012358408e-10,-2.04422499121772e-10,1.26704057315107e-10,-4.40357882852088e-10,-1.43522928038493e-10,1.05396318780351e-10,-8.05806129961635e-10,-5.88094192592471e-10,4.33654157309762e-10,-7.69191923431398e-10,-1.66002343651041e-10,-5.50844349723775e-10,2.58293811266199e-10,2.67682154063109e-10,5.40284062325971e-12,-6.4095738702381e-10,3.80027064635626e-10,-5.8841064980489e-10,-4.89139835172898e-10,-1.90002068583909e-10,-3.73100805945781e-10,3.54100254989442e-10,-3.71009553329649e-10,-3.85912474277082e-10,2.16707438207971e-10,-2.59017267859415e-10,1.42422176890799e-10,5.36194628405422e-10,2.10286435799754e-10,7.65527257484605e-10,2.91881573112437e-10,2.93719151499924e-10,4.63825207571362e-10,-7.94787514551682e-10,2.81290085354613e-10,-3.59539580857164e-10,-1.81180412850479e-10,3.48787760496151e-10,2.06205340378657e-10,3.5771077454652e-10,-5.44832114250112e-10,-1.12509391133854e-09,-3.67349533096142e-10,4.76666222255315e-10,1.28870682161792e-10,-7.57552076728848e-10,2.11621943254166e-10,-1.63964092222959e-11,-8.80818734650275e-10,6.25623106892891e-10,9.39396604902442e-10,-1.47492178407229e-10,-3.28855014652999e-10,-3.47061600351139e-10,9.19714618448297e-11,-1.52404571827491e-10,1.37309172344786e-10,3.49459236432012e-10,-7.39729558540108e-10,1.63443013728076e-11,1.9035641383913e-10,1.26365610577554e-09,-3.16056564069627e-10,2.9249832050702e-10,-4.85982191725013e-10,-2.56906755388425e-10,-5.17756093332791e-11,5.81697608176467e-10,-5.54592939220397e-10,-1.24651709940354e-09,-2.2909876496673e-10,-5.93318692402157e-10,7.03394410049124e-10,1.53505001328683e-10,-9.25877200831286e-11,-1.00556982663238e-09,-5.00890160998199e-10,8.89067830908653e-10,-7.08980144255708e-11,1.13109077992136e-10,1.172281208694e-10,-7.56925299508325e-10,-2.83175739397881e-11,7.89795354486461e-10,7.95261496926857e-10,-8.01238886953257e-10,-3.05758385438344e-10,1.35729461199709e-10,-1.9980416510964e-12,6.8908857838492e-11,9.86033642342364e-11,-5.26301573831543e-10,-6.10063378146437e-10,-2.79515380906843e-12,-4.9079444249556e-11,-1.14837351927357e-09,3.87540011184416e-10,-1.48056469739558e-09,4.37894517841877e-10,3.53893595014027e-10,-2.06894173252246e-11,-1.78551247134796e-10,2.55617322745179e-10,-1.99263925586486e-10,8.41615262682485e-10,-1.7957819084306e-10,-1.03809537795875e-10,-5.37993505509224e-10,-3.77320519322969e-10,-7.52374761536125e-10,2.45997144274355e-10,4.95771565461653e-10,4.6504906233986e-10,1.01514808562258e-10,2.59110388193853e-10,-4.2664123523822e-10,-3.58840969244701e-10,-6.2472691571749e-11,1.05061724397401e-09,-8.4487815630434e-10,-2.0165828746955e-10,-4.65620140881406e-10,-3.53349065780711e-10,2.56790036397722e-10,1.73101748460208e-10,5.67020786634066e-12,-3.22575231100111e-10,-5.46585621339083e-10,1.71117627547524e-11,-4.34092469018919e-10,-5.67271458883547e-10,-2.29056374742359e-10,4.1272101675555e-10,-4.94798643243486e-11,-9.90494232840745e-10,5.24978715695871e-10,-7.84267912898163e-10,-3.04518690632081e-10,-6.16083888330171e-10,1.11756867660067e-09,-3.91341818772032e-10,-6.71104812615862e-10,-4.09943524277608e-10,-3.38497851249357e-10,5.01037210913653e-10,-3.58212624112873e-11,-1.3793397161566e-10,-7.76026617114803e-10,5.70718412405901e-10,-1.64417292469382e-10,-2.63187499211802e-10,-4.80870662488088e-10,7.9080785861331e-10,-5.54738001787852e-10,9.72058653031821e-11,-2.16271320261144e-10,-4.1128275455997e-10,3.18035640075522e-10,3.36038139474777e-10,9.73096862004167e-10,-6.54114916967472e-10,-4.8650207457411e-10,-7.64627043593355e-11,-8.9133518762136e-12,-1.04702579898531e-10,8.89956429049242e-11,-3.26211131493821e-10,2.57972202447554e-10,1.5499084470465e-10,3.04276838536697e-11,-6.09357306924668e-10,2.21910397997615e-10,-2.01555372924563e-10,-3.40035408700675e-10,-6.6324020415122e-10,3.47351917625282e-10,7.08222692948348e-10,-8.38931955973342e-11,-5.70998503663445e-11,-2.46996812582393e-10,5.36812354958358e-10,7.70993833804074e-10,6.37746912528723e-10,-7.00210285156442e-10,1.17133220726993e-10,1.08008952394295e-09,-2.90365463158833e-10,-8.56979225847365e-13,9.48719755833432e-12,-1.3023876092708e-09,5.95773304255052e-10,-2.70630497809584e-10,-2.47021792965659e-10,3.42016680983256e-10,-1.33244321241452e-10,-3.06522195006424e-11,8.31263458959906e-10,5.11235779160662e-10,1.04537739337855e-10,-3.9259461466777e-10,4.09763948912033e-10,4.02255580258076e-10,-2.65869806437702e-10,-4.85481708606713e-11,-3.12026165660317e-10,4.16031619650877e-10,3.06783944948644e-10,7.4755865991495e-10,-4.51160492081304e-10,-6.51909348870001e-10,9.22666510077732e-11,4.75867220481616e-11,9.09346685747572e-11,-1.00011750007942e-10,-2.61496741085515e-10,-2.11501286123616e-10,-1.45577030533273e-09,-5.41882817664265e-11,8.04508057818506e-10,-6.53858201398933e-10,5.84463854419574e-10,-4.11930971415071e-10,3.56797470436936e-10,-3.0766767737603e-10,4.53498117336424e-10,-4.11870510072416e-11,5.6945189303894e-10,4.68395328839333e-10,2.84215509130287e-10,-7.77898133444955e-12,1.67699831228188e-10,3.78477600792347e-10,-3.97593535344449e-10,-2.4636789234454e-10,2.97454034904551e-10,4.72180541062006e-10,5.27460168475422e-10,5.8522319581693e-11,-1.29176890092528e-11,-2.55286251448576e-11,1.46389623797446e-10,2.04187719378844e-10,-1.00751109059374e-09,-4.70308776506379e-10,-7.81386546980337e-11,-9.61175936036202e-10,7.73442970174105e-10,9.1160942035682e-11,2.43181120940877e-10,5.25702314475397e-11,-8.00288402909255e-10,-2.35093630656984e-10,-9.0381522904373e-10,-1.8253693354924e-10,-1.17148939327248e-10,-4.29057074066496e-10,-4.68591246143466e-11,5.83839929374853e-12,8.75233181977773e-12,8.9152550909208e-10,-6.32345197091049e-10,-4.77969862306762e-10,1.14568595998616e-10,1.57398473636497e-10,-5.19848283947318e-10,-1.10870184983751e-09,6.16149052873432e-10,1.25675445261878e-09,-7.11911334149581e-10,-9.92756615304689e-11,2.75932346372002e-10,-4.89413779038478e-10,-2.23737861520075e-10,2.05504353427867e-10,1.47762073469694e-10,2.18730726133673e-10,-3.61226298294222e-10,5.32479243979399e-11,-2.4818199368854e-10,3.46380797918018e-10,5.76186902708459e-10,3.39670029989351e-11,-7.28512635387953e-11,4.7986662595275e-10,3.4689552204211e-11,-7.30599539314001e-11,2.7184922760197e-10,3.06343912929228e-10,7.63956265340655e-11,4.58436829076223e-10,-4.4022753696881e-10,-2.5590778410835e-10,3.97891514792425e-10,-5.59173008509468e-10,-9.54366771512265e-10,7.30493779996147e-11,1.3959047187452e-11,-3.99466923418301e-10,7.41283235268476e-11,5.13557648850089e-10,-3.30784211728351e-10,9.51546535817691e-11,8.22728543376365e-10,4.61306958456952e-10,1.31795262839577e-10,-1.91663767569509e-10,-3.43504763798973e-11,-3.11779723601587e-11,7.87794403843382e-10,-3.36523927771516e-11,-3.03293958288026e-10,-7.34114685284291e-10,-5.49542956168017e-10,7.54739779843345e-10,-1.05957123945523e-10,1.51968650818926e-10,-3.75650318062647e-10,3.09940425223106e-11,7.01566648569884e-10,-1.96193460856467e-10,4.91841147152588e-10,1.11916593863256e-10,1.22540035297326e-11,-3.83480177929699e-10,-1.51985860242026e-10,-1.45078895679765e-10,-1.09127578484075e-10,-6.19824023148861e-10,8.92488335609103e-11,-6.11475955766179e-10,-1.53959086268539e-10,-1.10554727781866e-10,6.96630523903787e-10,1.45674453181465e-11,1.04910555473995e-10,8.62433386942693e-12,4.51958341313303e-10,-6.01657496092566e-10,-4.21880961436197e-10,3.89763518632633e-10,4.02581563489631e-10,1.34716939643273e-10,8.64449421220768e-10,2.77796177739065e-11,1.07479941412347e-09,-5.94209725085947e-11,-5.06551867345251e-10,6.05569041007255e-11,3.17671253512696e-10,3.53669464167525e-10,3.62515227249104e-10,-5.70972717355003e-10,-5.69137532469721e-10,1.82601311823619e-10,4.27899665791629e-10,2.2664987974735e-10,-3.01989440991305e-10,-7.19074335143154e-10,4.53942852132466e-10,2.95464945810656e-10,7.99700468263579e-11,-8.00798945667904e-10,6.65772742110003e-10,8.02713639559615e-10,3.43020949036606e-11,-6.6991037745295e-10,3.52506719530612e-10,4.68502473212825e-10,-1.11702628779929e-11,1.79029603933153e-10,3.60746643048908e-10,-2.46185106028966e-10,4.08666985346622e-10,8.96727297116856e-10,-4.07701377694765e-11,-1.18395677086937e-11,1.1078850702526e-09,4.32573513095709e-10,8.61976192761849e-11,2.16705599427888e-10,4.80504491295241e-10,-2.16764849057024e-10,-4.5277500313656e-10,-3.51741820736798e-10,-6.79113698442131e-10,7.38711208473478e-10,-4.91645985760038e-10,-5.98831483883466e-10,-8.61997065895099e-10,2.11346300939447e-10,3.06208855632908e-10,1.97274470586771e-10,1.13004833633854e-09,4.16567867678505e-10,6.20525102464124e-11,1.76153729477428e-10,-2.6018460675946e-10,6.95035066364885e-10,-2.68880915591254e-10,5.06766711605918e-10,9.03090923160979e-11,7.35975880675042e-11,5.28140342706829e-10,5.22292990560712e-11,7.80804303469487e-10,5.15705300914864e-10,-1.07873709487039e-09,6.06289132406183e-11,-3.79264676598531e-11,3.81477200315311e-10,-1.08037955179559e-09,9.92882085455729e-10,3.10568221831975e-10,-5.66045146547889e-11,-5.37068878722874e-10,-2.90327689078845e-10,-9.65303459629509e-10,2.34017805663656e-10,-9.48189200589706e-11,1.69514051180977e-10,5.3027192685329e-12,2.96558200001061e-10,1.59771076616716e-10,-8.42714910527245e-10,4.41703571433671e-10,-4.20601532812656e-10,-3.79349228306925e-10,-2.03780630109393e-10,7.63980697077766e-10,-4.58436030856277e-10,6.20584512970349e-11,2.54026331091609e-10,1.68453840196656e-10,-3.49794543054837e-10,4.00401214330017e-10,-3.48074174185851e-10,-2.87167094729625e-10,1.15024158874837e-11,-1.88338785728974e-10,-4.11648201904306e-11,1.47611538509334e-09,-3.22040313942855e-10,4.09298730310452e-10,1.83213262443253e-10,7.43188224719157e-10,-5.83771907000191e-10,1.77971068222043e-10,-1.28684111846287e-09,-1.00156191093091e-09,6.50808184245192e-10,3.08752871999029e-11,1.41192244031925e-11,-1.4985254560411e-10,7.57693204579832e-10,1.24001787173001e-10,1.41248698297867e-10,-1.68375487136763e-10,1.90288351544265e-10,-1.05825490103502e-09,-1.13301467300311e-09,-4.74314673713796e-10,-6.58286241762595e-10,1.08482864294023e-11,-1.13473498198016e-10,3.23356838832446e-10,-3.77941426500716e-10,-1.07912802875512e-10,9.5555580407929e-10,-7.66861647355649e-10,-1.6147593720983e-09,4.48400281979511e-10,1.39518326420058e-10,-3.5988289452589e-10,-2.04555976802837e-10,6.83908661908479e-10,4.10133515664267e-10,-1.22051628834736e-10,3.98397146094563e-10,3.06726817641375e-10,1.57114862217778e-10,1.54444831616671e-10,-3.88998047636882e-10,1.63205174868536e-10,-3.76887146296296e-10,-6.18028302128662e-11,2.06892567203869e-10,-4.96401571384356e-10,-1.05511402593373e-10,-3.32167405510563e-10,-1.17206710476484e-10,6.90083780860898e-12,3.31506215299979e-10,-5.03337375896449e-10,5.14348772682506e-10,4.25178487051269e-11,-4.2530044821162e-11,7.36641780573803e-11,4.79590540821992e-10,-2.39467829825907e-10,9.43544031786696e-10,2.29576262784755e-10,1.01713432282997e-10,-1.0669573489967e-10,-5.64183608690591e-10,6.28131511527032e-10,1.92130939111387e-10,2.41084325494248e-10,2.96424701304321e-10,4.78380596970987e-10,-2.24771324200913e-10,4.58184750202689e-10,1.18246300665072e-10,1.70992648484041e-10,9.58452106507077e-10,5.18531257952908e-10,-3.21630054980388e-10,3.48418543123146e-11,-3.94643364639589e-10,-5.80644898794751e-11,-6.35842403859444e-10,5.06848040331065e-10,-3.35607477774232e-10,1.51398138966768e-10,-4.51801932984176e-10,5.89878413670902e-10,-5.40173680146767e-10,3.41954915656363e-10,6.52992293799932e-10,-3.45756880449677e-10,-4.24058552116261e-10,4.50541175096988e-10,6.1734062520086e-11,1.39999346987311e-10,5.40992101834743e-10,4.05881294220962e-10,5.76606111829954e-10,1.95696629709917e-10,-1.29466064496699e-10,2.09839311797506e-11,6.50834791962891e-10,-6.19756226665053e-10,3.65040043593227e-10,2.95874841858547e-10,-2.69201254990423e-10,-2.75181504382087e-10,-6.05480634436643e-10,1.74115646929667e-10,4.87437789753007e-10,-8.23447590781829e-10,-1.6899204832813e-10,7.68945202881808e-10,3.15717971262238e-11,2.28103392328299e-10,4.27830661945044e-11,-3.00907317652712e-10,2.43471633026367e-10,-1.49372427967564e-10,7.36762027971562e-10,1.27654268959378e-10,-5.96626989877249e-11,-2.64410498603478e-10,3.72718166484847e-10,-2.32943587213444e-10,7.86390061974364e-10,-5.15128830779898e-10,-1.25725905894653e-10,7.58319058878017e-11,3.78732613792099e-10,1.71732678437579e-10,-1.60652197211103e-10,-2.92088073721959e-11,-5.6099448599097e-11,-2.3144038483673e-11,-5.23800504008521e-10,-2.18832837487838e-10,1.14298665850528e-10,-3.39371834472587e-10,2.00865137878024e-11,-6.16823187256395e-10,2.36779886049736e-10,-8.00409882215205e-10,7.86002218025047e-11,-1.97429334834889e-10,5.71376954885266e-11,-5.74899119509686e-10,2.01746794441216e-10,-7.74761650822734e-10,2.75462519249497e-10,-7.81726535935508e-10,6.20348399865718e-11,3.50663875687881e-10,-1.5764159827053e-10,1.82567647991177e-11,-5.63449979115261e-10,-5.37645040988469e-10,1.19191958447544e-09,5.77713809210336e-10,5.89110238282566e-10,4.0110793366101e-10,-5.67308531401126e-11,-3.36924167264303e-12,6.88713689535195e-11,-1.78220552212517e-11,-5.11890202508802e-10,-8.64665243751682e-10,3.0484375761479e-10,4.51656615024273e-10,-5.71298362721788e-10,5.2408251320749e-10,3.9793043386633e-10,-8.71106880856882e-11,-1.15851075658264e-11,3.06306035771593e-10,-8.74827381965533e-11,2.1278414593915e-10,1.91199610287751e-10,-2.85981166597471e-10,5.63584644604774e-10,-1.04731096230228e-09,-3.15466859475712e-10,-4.55677490204801e-10,1.26273359870767e-11,-1.70494715083244e-10,-5.01234576373302e-10,-6.84052905292269e-10,-1.34474652273392e-10,6.85126720410284e-10,3.27772859628372e-10,5.18914060647259e-12,-5.24313150712781e-10,3.02050057503865e-10,-2.23762734054475e-10,-1.23218245435304e-09,-3.43109075720524e-10,-6.7270249321266e-10,-2.89612025138409e-10,8.64982898332381e-10,1.4063802226664e-09,-7.01656262577158e-10,5.31133062502864e-10,-2.72715282195866e-10,4.76077212302596e-10,3.33304855706636e-10,4.91396412049868e-10,7.1940935748141e-10,-2.43875415598297e-11,1.00164025293049e-09,4.2703275984076e-10,-2.10612812299507e-11,-6.0446144112524e-11,-1.54945925726224e-10,-2.78351027653283e-11,8.32945956882873e-11,1.24735469297003e-10,-3.98860521969082e-10,1.89926123803151e-10,2.31433414000706e-10,2.2689339766619e-10,1.43049934131443e-10,2.75393157407218e-10,-7.12817411794108e-10,-3.82868902145447e-10,2.97459148763703e-10,6.96932577191863e-11,1.2956045762967e-10,-1.06341929145853e-10,3.75273770566974e-10,-3.63379844597737e-11,-4.04246120069771e-10,-1.95604246274287e-10,5.7373244289324e-10,1.42641149483027e-10,-1.07882769652334e-10,-2.15909391832277e-10,-5.13986020032475e-10,-6.843824565147e-10,-5.72521129770527e-10,-5.16817855741422e-10,-4.87394916177746e-10,-7.63463818962888e-10,2.25385786877317e-10,3.28307921467183e-11,-3.59175442050414e-10,-7.41198331585911e-10,6.93366746701433e-10,1.72192466655911e-10,6.47892683318704e-11,2.88524189989957e-10,-3.01212097924389e-10,1.46147361390334e-09,2.25563553627069e-10,1.8114997230565e-10,-2.60285776174459e-10,1.34042361075084e-10,1.14160721723769e-11,8.1934479232504e-10,1.34958696926311e-11,5.17173060919937e-11,-2.95983121757188e-10,5.2441795441136e-10,-3.1349373623188e-10,-5.8411276863369e-10,3.08228249718632e-11,1.12428309076155e-10,-2.56279413139057e-10,1.22126013187421e-09,9.57558565132928e-11,-5.32576293920391e-10,8.98837016756869e-10,6.06571982486352e-10,-3.23831872506839e-11,-3.29138831319392e-10,6.72798381372727e-10,4.64290446549478e-10,4.20759375312433e-10,-4.8932075246639e-10,-3.28773317287015e-10,5.1794816869963e-10,8.3818186813191e-10,-3.33877103425e-10,-5.67397738793912e-11,2.80112555993163e-10,-1.5767804300835e-10,2.89956441069927e-10,-2.2711151830089e-10,-1.0444458401449e-10,3.47444570877845e-10,-9.00846418021964e-10,-1.92191768162572e-10,5.11556175919944e-10,-5.40205980472542e-10,6.41983497463066e-10,-3.55038201016813e-10,1.95077128322884e-10,-5.78796932895827e-12,9.40536528614938e-11,-7.82991982835273e-10,1.35689133641772e-10,3.40575251633244e-10,-6.29441039353919e-10,9.83364429915008e-11,8.00733113473584e-10,-6.47357123103773e-10,3.05227609811333e-10,4.62773013890598e-10,-7.16481358153924e-10,-7.47044716432438e-11,3.35074920948585e-10,-7.11109389514032e-10,3.79443051782065e-10,2.52680109669125e-10,-1.37455705597487e-10,8.45854479015287e-10,6.19298327870801e-11,3.54926198332153e-10,6.78994125962794e-10,1.4304832209779e-10,6.87130501057328e-10,1.99198025507317e-10,-8.10737600406399e-10,-4.67491564444384e-10,4.31936014166126e-11,3.11444050375488e-10,-2.89528273170131e-10,2.26572985855876e-10,-4.97234329831351e-10,4.45720179730553e-10,9.31835225285174e-10,-3.88717426038772e-10,-2.27259274145669e-11,-2.9148196567037e-10,3.42649363582814e-10,8.21687153101948e-12,3.95628963861481e-11,-2.88065913498999e-10,4.58127370322504e-10,-9.52081682702704e-10,6.31778110879903e-10,-1.86510648342709e-10,6.31054152960355e-10,-2.4158460137243e-10,8.98015546577592e-11,1.71577488968445e-10,-1.30824186334933e-11,-1.1830308393727e-09,3.99784011250789e-10,4.37122281303728e-10,3.64260914396239e-10,-7.56441786628369e-11,7.39815673522195e-11,-6.34029434374723e-10,-4.71852451362697e-10,-3.22990880358113e-10,-4.5100973784189e-11,-9.88233846242307e-11,-7.10230908676805e-11,1.27811472709404e-11,-2.16342292623941e-10,-1.24021515445318e-10,-1.09202628560639e-10,1.65940693962641e-10,5.51191294335023e-10,-1.458148520368e-11,-6.41862069355297e-10,1.17959406439877e-10,4.04533737855861e-10,9.98232040857475e-10,4.46059139132875e-10,-6.43020512572061e-10,-4.42648717756951e-10,-4.75086465879731e-10,8.72600640405744e-10,-1.25442000867822e-11,-1.35456347828709e-10,-2.4141074734117e-10,-7.78887557367507e-11,1.76745938588899e-10,6.03972675610326e-10,3.21547741597951e-11,-1.38243220361851e-09,1.02736398525965e-10,-6.66820365157207e-10,-2.97796050079742e-10,-2.33488998357255e-10,2.0357116887463e-10,-9.05167544459136e-10,8.20656187910663e-10,-1.32762451392121e-10,5.7745471045284e-10,-5.17069269522977e-10,3.51141284565961e-10,5.98615728282834e-10,3.04690088544789e-10,-7.7247023625177e-10,4.18316988870611e-10,2.26987143320813e-10,3.47248215449046e-12,-6.80781211949658e-10,1.79689773435054e-10,1.08792200322914e-10,-2.67790670384291e-10,-1.45151547266322e-10,5.47720719455855e-10,-2.48182643914081e-10,8.53096224266591e-10,-2.91736466720276e-11,4.76568774557997e-10,-4.72438381263329e-10,2.51133705778791e-10,-4.15746265631532e-11,-5.30359910770852e-11,4.44757202088146e-10,6.79363412393913e-10,3.86279334659851e-10,-7.99975133401695e-10,4.38211464627035e-10,-1.20381377171249e-10,3.69047350745645e-10,-6.55837159287985e-10,2.16363273131572e-10,5.73064403934424e-11,4.23656466561383e-10,-7.76195017468961e-11,6.02870897337186e-11,1.08089091808298e-10,-5.54796566669313e-10,5.15450661612889e-11,4.38574147625708e-10,1.12805751196787e-10,3.85969527193213e-10,-3.47899767469395e-10,5.03384295653502e-10,9.2902204041857e-10,-3.47359580235261e-10,-7.07030230930479e-10,5.55439963523075e-10,-4.76509885078903e-10,-4.27759648610042e-11,3.97278197433856e-10,7.58970956360932e-10,-5.5611724696693e-10,5.15678799774704e-10,6.03025839807454e-10,-1.25346457205397e-10,1.03228855697394e-10,2.70342478085731e-10,7.47273485130577e-11,-3.58693253805544e-10,-1.42240155778549e-10,-3.00080621148073e-10,-9.45092948403522e-10,1.32004862304834e-10,-1.77298786674496e-10,5.47490818365328e-10,-1.28780792552739e-09,6.00107929460249e-13,-2.87978114756077e-10,6.83233504801331e-10,-3.42544814363347e-10,3.31051087229957e-10,-2.66909273078449e-10,8.03876542212054e-10,-1.4368192736225e-10,-5.12779094136029e-10,-3.07197706058341e-10,-9.26972085220485e-10,1.78292629629159e-12,4.8876846662917e-10,-3.70692578642054e-11,4.49769288292555e-10,-4.88166275757175e-10,-1.42556348953747e-10,-2.46913025110275e-10,8.22443568022451e-10,-2.75785182056087e-10,-3.38722476768268e-10,6.43696413912126e-10,-2.01513925564664e-11,-1.18136009590162e-10,-5.7299359229781e-10,-8.92589544320082e-10,-4.3975868652875e-10,-5.02074771228624e-10,-5.96700116231844e-10,1.04223523574818e-10,2.28171923212012e-10,-2.10147657717643e-10,-9.7932879593281e-11,4.43691239832467e-10,-1.29105285880923e-10,-8.89073208204889e-11,1.7961880787583e-10,6.58627081531193e-11,-3.88414747032757e-10,-4.93431884268589e-10,1.01486227572655e-10,-5.56188166281713e-10,-3.27039313350092e-10,-1.10503848979096e-10,-5.96231625076757e-10,-2.30923591730594e-10,-1.00746213566096e-09,1.56342028250659e-10,4.69319681239635e-10,6.11841686659499e-10,-6.9973596836361e-11,-4.35424200838914e-10,2.81305397367198e-10,1.34632497429254e-10,8.55444554096163e-10,-4.72020317457465e-10,1.37214189338986e-10,-7.02631699389412e-10,5.05006338851236e-11,-3.17406702631115e-10,-1.77368787312225e-10,-1.00851886556179e-09,-6.92523475938295e-10,1.10726209024742e-09,-5.57729391139178e-10,-9.90591244899067e-10,2.46822579895481e-10,-3.25020559909856e-10,1.65950743546626e-10,-2.69134345579825e-13,-2.11524962396341e-10,1.38282526761593e-10,3.87758772783036e-10,-2.01099448129652e-10,1.67353299820792e-10,3.90533264712874e-11,3.68176597908908e-10,4.88619669641905e-10,-1.29462964840929e-09,-4.25680088074218e-10,-3.97055800311152e-10,-2.44532969035065e-10,3.57526913160952e-10,-2.23884544536866e-10,9.66873697841384e-10,6.71723819124923e-10,-3.70866006002072e-10,-3.50822253610797e-10,1.2665431127615e-10,1.27968510633038e-10,2.87511995804568e-10,-2.7209721325415e-10,-2.2580979908e-10,3.14671943289534e-10,9.3452821368431e-11,-6.86274073284054e-13,2.94057200152488e-10,-2.21014892430768e-10,1.28958674664258e-10,3.36781583669013e-10,-1.05518787981804e-09,-4.43194720192757e-10,-1.05469856594933e-09,4.59084782435967e-10,-2.10967240761419e-10,-5.37335593101205e-10,-9.99855588142228e-11,3.58363224101135e-10,-4.53598070378554e-10,-6.45500840043564e-10,5.5711348496274e-10,3.38193436524291e-12,-2.46028191023303e-10,-2.47445000964489e-10,2.93418870232271e-10,-1.97297832591224e-10,4.73793328057651e-11,1.83987010371276e-10,-2.82666412795183e-10,5.12650817386411e-10,-1.16377263401246e-10,-6.34474516340388e-10,3.93463522117125e-10,-5.82446573569199e-10,-7.29573600203417e-10,3.59468129523034e-10,-4.15283362280633e-10,1.93581268659726e-10,5.01907439724958e-10,4.00794608396977e-10,3.74056820606561e-10,-9.72828899519322e-10,-5.89894667486453e-10,4.56152240561879e-10,-1.31371981163274e-10,-4.17714639338506e-10,3.92627610238623e-10,6.73499012669169e-10,-9.90979232843501e-10,-4.21279490462732e-10,2.03662063968157e-12,7.44373872868733e-10,-2.97587412795158e-10,-3.53278029365361e-10,-2.29945985753805e-10,-6.09513946589676e-10,-2.78496932197067e-10,-6.22660366669692e-10,-2.83230295166291e-10,7.67312100916081e-10,5.8845162993357e-10,9.78281620116288e-11,-9.25986946898014e-10,-2.03492885532214e-11,-3.036598727564e-10,5.01133599573124e-10,-8.95882005527892e-10,2.89184652649616e-10,-4.51940561912949e-10,8.38158951902674e-11,-2.04463222844661e-10,-2.77151901552949e-10,3.15835788885901e-10,-2.95170168172037e-10,1.28188431629073e-10,-3.1579172015119e-10,-2.10685732829869e-10,-4.18287960387883e-10,3.41601179278824e-11,4.21164618994307e-11,1.09341734349063e-10,-2.60245682041341e-10,-6.18749600082273e-10,-3.3363241479167e-10,8.36481529751327e-11,-4.45853477364954e-10,8.04720545466016e-10,-2.43169379722617e-10,3.24524541860732e-10,1.0151913943567e-10,-2.88714612880282e-10,-8.03162142910547e-10,3.17444238547896e-11,-1.70900288515377e-11,2.53479452748265e-10,-6.66350459928253e-10,6.60882564949631e-12,-1.85691030220392e-10,-2.61219370081188e-11,-7.99380535293443e-10,-3.16955590049209e-10,-2.54574504080831e-10,4.0759723205361e-10,-9.05471497391217e-11,-1.95664581750214e-12,1.84557050311477e-10,9.24516804206972e-10,4.51990421289723e-10,3.64681146872976e-10,5.11937098046726e-10,2.4639352581027e-10,-5.17465728648722e-10,-1.108600708787e-10,-3.03836173198055e-10,4.06324764257689e-10,-3.56554516539543e-10,7.53266622028159e-12,-3.98417925296269e-10,-3.95913784779401e-10,1.00391916892633e-09,-3.46276785114282e-10,-4.38623012261536e-10,-5.04740086040748e-11,5.01595101186686e-11,8.79945036034414e-11,1.03035839136413e-09,-5.78334785432161e-10,-3.80201439298908e-10,-3.56438386024987e-10,5.99849390966119e-10,9.36050246666457e-11,8.75939864763085e-10,4.17597602717183e-10,7.47749537172849e-10,-8.03841892087882e-11,2.21764044154093e-10,-2.28232133969223e-10,-2.22507138768206e-10,4.09516338202403e-12,-3.45080156975974e-10,-8.0613056069341e-10,3.36447097083446e-11,-4.70030278589656e-10,-6.3655748913033e-11,2.8917128451102e-10,-3.64798160639971e-10,4.01725735271705e-10,-3.03727991695033e-10,-1.55653014154295e-10,4.31386624495685e-10,-1.76727668511995e-11,2.0564976931099e-10,-1.83075733560112e-10,-5.65802405187693e-10,-1.11769660751391e-09,2.5733747128157e-10,-1.09857295889875e-09,-8.52680489511303e-10,4.5456136610765e-10,-3.04384407785548e-10,1.53108702194654e-11,1.43054219070964e-10,-1.46755180660342e-10,1.24347764297134e-09,-5.91931212148809e-11,2.87086354748722e-10,4.89561639841223e-10,7.26255163790713e-10,2.77535843476171e-10,-2.64276571557501e-10,1.1512690825099e-09,-2.53009172575998e-10,3.21025867111141e-11,5.97369869301522e-10,2.83738653927179e-10,6.80415267756788e-10,-8.24895760332966e-10,-4.08140624800975e-10,-2.57130821712681e-10,-3.62669261074102e-10,7.95475706727297e-10,2.0912463015211e-10,2.3638326557499e-10,-2.97836440225658e-10,9.20673359477807e-10,3.26733904698168e-11,-4.10477518355282e-10,2.0835729831302e-10,-4.09324013128086e-10,2.52737665223316e-10,-3.96031152376475e-11,-1.04115657925975e-09,9.91077205920863e-10,-4.60125026214234e-10,6.52367541803055e-10,-6.80613181305558e-10,1.79414714149644e-10,-6.53216559504852e-10,1.81729274995285e-10,8.71266494531218e-10,1.3401915629444e-10,1.68718256234728e-10,9.65098667897191e-10,6.83413768343308e-10,-3.69616264952836e-11,-4.77497560982748e-10,-2.70031626159864e-10,1.29975769060902e-10,-3.48079918566793e-10,-8.33820926647014e-10,-1.80042026080672e-10,3.04592084171347e-10,4.25469084294084e-10,-3.10245842174156e-11,-8.12479170993509e-10,3.25944410891869e-10,4.56246530664939e-10,-5.02738862005592e-10,3.67402311854405e-10,-3.1641233192216e-10,-1.64001149263461e-10,3.44688455305189e-11,3.63601363446149e-10,-6.89511439779661e-10,-3.62156456483373e-10,7.10509295650794e-11,4.41754744751359e-10,3.66349638707525e-10,1.31897332620078e-09,3.82229545617778e-10,-2.78453309802408e-11,8.72518175398249e-10,3.54697648109213e-10,3.52709122654597e-10,-2.87904425346047e-10,-1.02346997887441e-09,-6.84053957948242e-10,1.99397405171021e-10,-8.71048358894618e-11,-3.18105054757265e-10,-2.88488060803895e-10,-8.95147480701044e-11,-2.63329043697596e-10,3.78342858319283e-10,-7.83698393121058e-11,-1.17457382678772e-09,9.26168088847218e-10,6.44577848510478e-10,-5.11219614375465e-10,6.83662420513828e-10,-3.34260508968318e-10,-1.42071764196605e-10,5.07327629145915e-10,2.98387149216486e-10,1.83517563924134e-10,-3.50382875533496e-10,-4.1679096988861e-10,8.2835968405727e-10,-2.24150994997585e-10,-5.23547112004461e-10,6.49013380495374e-10,-2.42720921356062e-11,-1.12189058501158e-10,-9.84666133854904e-10,8.55619677621465e-12,-5.68176285099771e-11,7.0946027873001e-10,6.83861270019491e-10,5.34842728640086e-10,-4.17783054986461e-10,-1.97072530162772e-10,5.4946629214505e-10,5.7910785423427e-10,-1.24273897125442e-09,2.89779294189178e-10,-1.98871192714588e-11,8.7305772982807e-10,-6.15635462035356e-10,-1.35804534412363e-10,-1.22388571650978e-10,2.3492498736043e-10,-9.91953168772096e-10,1.29226158265583e-10,-5.69713301536185e-10,-3.28046024920625e-10,7.01094524407401e-10,-4.47696206218391e-10,2.9155798724913e-10,-1.48053428326302e-10,6.5684730268447e-10,-4.85090685846724e-10,-5.61544966032315e-10,-1.82269916116672e-10,4.12502842315973e-10,-9.42060903833881e-10,3.33161232239353e-11,-9.0961254092232e-10,4.248418539361e-11,-9.21407791971202e-10,-3.95805038812549e-10,2.18527779179223e-10,6.31964831863973e-10,4.83194008955298e-10,1.32252326344431e-10,6.28563769668585e-10,-3.70580141291967e-10,-7.83865503934271e-10,-7.99883314507616e-11,5.76623194523846e-10,-5.88542371673517e-10,1.01197141907402e-10,-4.16821962559576e-10,2.70950628717503e-10,-5.19614351052385e-10,4.25670025255925e-10,5.30483058173211e-10,-1.82365146084921e-10,2.51178063162224e-10,5.85169617683764e-10,8.46055073714544e-11,5.94687540100891e-10,2.24712158920817e-10,-2.08765839161717e-10,2.94865763227518e-11,-9.25901687266214e-10,-6.86256017245054e-10,5.96149357080831e-10,5.85391167482898e-11,9.3815026032999e-10,-1.39541990809617e-10,-4.44389599965251e-10,1.01675075126734e-09,1.33613356658036e-09,8.69042015805036e-10,-4.10422064484101e-10,5.89613940722907e-10,8.86078766513014e-10,1.62373261234634e-09,3.41225563182729e-10,1.25127758367983e-09,1.01661233989323e-09,1.36173956795785e-09,1.3490370685946e-09,1.91672807426096e-09,8.60870201047544e-10,1.36568727221979e-09,1.55242989630435e-09,2.29664650570667e-09,2.1343493836784e-09,1.97695408092694e-09,2.93657986381376e-09
