v,0.25
Patm,100000
g,9.81
r,500
G,10^11.27
rho,2300
mu,10^4.22
rc,26
 
M,10^6.21
sigma,0.25
 
tilt_erupt,2.289nrad
 
-1035,-1034,-1033,-1032,-1031,-1030,-1029,-1028,-1027,-1026,-1025,-1024,-1023,-1022,-1021,-1020,-1019,-1018,-1017,-1016,-1015,-1014,-1013,-1012,-1011,-1010,-1009,-1008,-1007,-1006,-1005,-1004,-1003,-1002,-1001,-1000,-999,-998,-997,-996,-995,-994,-993,-992,-991,-990,-989,-988,-987,-986,-985,-984,-983,-982,-981,-980,-979,-978,-977,-976,-975,-974,-973,-972,-971,-970,-969,-968,-967,-966,-965,-964,-963,-962,-961,-960,-959,-958,-957,-956,-955,-954,-953,-952,-951,-950,-949,-948,-947,-946,-945,-944,-943,-942,-941,-940,-939,-938,-937,-936,-935,-934,-933,-932,-931,-930,-929,-928,-927,-926,-925,-924,-923,-922,-921,-920,-919,-918,-917,-916,-915,-914,-913,-912,-911,-910,-909,-908,-907,-906,-905,-904,-903,-902,-901,-900,-899,-898,-897,-896,-895,-894,-893,-892,-891,-890,-889,-888,-887,-886,-885,-884,-883,-882,-881,-880,-879,-878,-877,-876,-875,-874,-873,-872,-871,-870,-869,-868,-867,-866,-865,-864,-863,-862,-861,-860,-859,-858,-857,-856,-855,-854,-853,-852,-851,-850,-849,-848,-847,-846,-845,-844,-843,-842,-841,-840,-839,-838,-837,-836,-835,-834,-833,-832,-831,-830,-829,-828,-827,-826,-825,-824,-823,-822,-821,-820,-819,-818,-817,-816,-815,-814,-813,-812,-811,-810,-809,-808,-807,-806,-805,-804,-803,-802,-801,-800,-799,-798,-797,-796,-795,-794,-793,-792,-791,-790,-789,-788,-787,-786,-785,-784,-783,-782,-781,-780,-779,-778,-777,-776,-775,-774,-773,-772,-771,-770,-769,-768,-767,-766,-765,-764,-763,-762,-761,-760,-759,-758,-757,-756,-755,-754,-753,-752,-751,-750,-749,-748,-747,-746,-745,-744,-743,-742,-741,-740,-739,-738,-737,-736,-735,-734,-733,-732,-731,-730,-729,-728,-727,-726,-725,-724,-723,-722,-721,-720,-719,-718,-717,-716,-715,-714,-713,-712,-711,-710,-709,-708,-707,-706,-705,-704,-703,-702,-701,-700,-699,-698,-697,-696,-695,-694,-693,-692,-691,-690,-689,-688,-687,-686,-685,-684,-683,-682,-681,-680,-679,-678,-677,-676,-675,-674,-673,-672,-671,-670,-669,-668,-667,-666,-665,-664,-663,-662,-661,-660,-659,-658,-657,-656,-655,-654,-653,-652,-651,-650,-649,-648,-647,-646,-645,-644,-643,-642,-641,-640,-639,-638,-637,-636,-635,-634,-633,-632,-631,-630,-629,-628,-627,-626,-625,-624,-623,-622,-621,-620,-619,-618,-617,-616,-615,-614,-613,-612,-611,-610,-609,-608,-607,-606,-605,-604,-603,-602,-601,-600,-599,-598,-597,-596,-595,-594,-593,-592,-591,-590,-589,-588,-587,-586,-585,-584,-583,-582,-581,-580,-579,-578,-577,-576,-575,-574,-573,-572,-571,-570,-569,-568,-567,-566,-565,-564,-563,-562,-561,-560,-559,-558,-557,-556,-555,-554,-553,-552,-551,-550,-549,-548,-547,-546,-545,-544,-543,-542,-541,-540,-539,-538,-537,-536,-535,-534,-533,-532,-531,-530,-529,-528,-527,-526,-525,-524,-523,-522,-521,-520,-519,-518,-517,-516,-515,-514,-513,-512,-511,-510,-509,-508,-507,-506,-505,-504,-503,-502,-501,-500,-499,-498,-497,-496,-495,-494,-493,-492,-491,-490,-489,-488,-487,-486,-485,-484,-483,-482,-481,-480,-479,-478,-477,-476,-475,-474,-473,-472,-471,-470,-469,-468,-467,-466,-465,-464,-463,-462,-461,-460,-459,-458,-457,-456,-455,-454,-453,-452,-451,-450,-449,-448,-447,-446,-445,-444,-443,-442,-441,-440,-439,-438,-437,-436,-435,-434,-433,-432,-431,-430,-429,-428,-427,-426,-425,-424,-423,-422,-421,-420,-419,-418,-417,-416,-415,-414,-413,-412,-411,-410,-409,-408,-407,-406,-405,-404,-403,-402,-401,-400,-399,-398,-397,-396,-395,-394,-393,-392,-391,-390,-389,-388,-387,-386,-385,-384,-383,-382,-381,-380,-379,-378,-377,-376,-375,-374,-373,-372,-371,-370,-369,-368,-367,-366,-365,-364,-363,-362,-361,-360,-359,-358,-357,-356,-355,-354,-353,-352,-351,-350,-349,-348,-347,-346,-345,-344,-343,-342,-341,-340,-339,-338,-337,-336,-335,-334,-333,-332,-331,-330,-329,-328,-327,-326,-325,-324,-323,-322,-321,-320,-319,-318,-317,-316,-315,-314,-313,-312,-311,-310,-309,-308,-307,-306,-305,-304,-303,-302,-301,-300,-299,-298,-297,-296,-295,-294,-293,-292,-291,-290,-289,-288,-287,-286,-285,-284,-283,-282,-281,-280,-279,-278,-277,-276,-275,-274,-273,-272,-271,-270,-269,-268,-267,-266,-265,-264,-263,-262,-261,-260,-259,-258,-257,-256,-255,-254,-253,-252,-251,-250,-249,-248,-247,-246,-245,-244,-243,-242,-241,-240,-239,-238,-237,-236,-235,-234,-233,-232,-231,-230,-229,-228,-227,-226,-225,-224,-223,-222,-221,-220,-219,-218,-217,-216,-215,-214,-213,-212,-211,-210,-209,-208,-207,-206,-205,-204,-203,-202,-201,-200,-199,-198,-197,-196,-195,-194,-193,-192,-191,-190,-189,-188,-187,-186,-185,-184,-183,-182,-181,-180,-179,-178,-177,-176,-175,-174,-173,-172,-171,-170,-169,-168,-167,-166,-165,-164,-163,-162,-161,-160,-159,-158,-157,-156,-155,-154,-153,-152,-151,-150,-149,-148,-147,-146,-145,-144,-143,-142,-141,-140,-139,-138,-137,-136,-135,-134,-133,-132,-131,-130,-129,-128,-127,-126,-125,-124,-123,-122,-121,-120,-119,-118,-117,-116,-115,-114,-113,-112,-111,-110,-109,-108,-107,-106,-105,-104,-103,-102,-101,-100,-99,-98,-97,-96,-95,-94,-93,-92,-91,-90,-89,-88,-87,-86,-85,-84,-83,-82,-81,-80,-79,-78,-77,-76,-75,-74,-73,-73,-72,-71,-70,-69,-68,-67,-66,-65,-64,-63,-62,-61,-60,-59,-58,-57,-56,-55,-54,-53,-52,-51,-50,-49,-48,-47,-46,-45,-44,-43,-42,-41,-40,-39,-38,-37,-36,-35,-34,-33,-32,-31,-30,-29,-28,-27,-26,-25,-24,-23,-22,-21,-20,-19,-18,-17,-16,-15,-14,-13,-12,-11,-10,-9,-8,-7,-6,-5,-4,-3,-2,-1,0
1.82546960643145e-10,-1.64632277425569e-11,-8.55058360704634e-11,5.21139653970789e-11,2.73674048596361e-10,-1.71592239956836e-10,2.41447799583513e-10,-3.84262592172491e-11,4.37812697049058e-10,1.18058914279375e-10,-3.335875664155e-11,-2.29608829143394e-10,2.48170917562853e-10,4.08002264435248e-11,1.64312464053497e-10,-1.04090981586169e-10,-2.36887842589818e-10,5.78158901253273e-10,2.34922119008833e-10,-2.28040145973609e-10,6.40113876420317e-11,2.11080466525871e-10,-4.34224711757139e-10,3.62806009113e-10,7.242519972221e-11,8.03930634925377e-11,6.30920301502682e-11,1.29910641662482e-10,1.41083843853132e-10,-7.36409489468303e-11,-1.1105743823048e-11,1.65033388208346e-10,4.20833609269048e-12,-5.02558113096482e-12,5.35574677093308e-10,2.38236370745557e-10,-5.42599640927337e-11,-2.15071026582935e-11,1.26560188801336e-10,-7.86449834773689e-11,9.09606693792238e-11,-1.7206988865001e-10,-9.6472792095474e-11,-1.74730502432936e-10,-6.01632585563562e-10,-7.03021919188623e-11,2.34968207641138e-10,-1.34654116634207e-10,3.12356964753163e-10,1.06660349836179e-10,2.16404460545614e-10,7.38694314819902e-11,-6.11556787599831e-11,9.40664988254006e-11,-2.97076844499412e-10,-1.07495155126484e-10,-6.83833504706163e-11,2.38940663017498e-10,7.31422116267325e-11,3.79947731464212e-12,3.53482327739529e-10,-9.80011185419585e-11,-1.19540831248578e-10,-4.72170572329655e-10,1.98920551197774e-10,1.06575692275451e-10,-7.74520981871215e-11,-3.47356792360931e-11,1.9616546711012e-10,3.47624362708852e-10,3.69788057214614e-10,7.47235441800671e-11,3.3276088959586e-10,-3.53034688046348e-10,3.40693409226437e-10,2.68969077494393e-10,1.79930212730731e-10,-1.81435172008429e-11,-3.5913571503161e-10,-4.17017522528916e-11,-1.87003298381968e-10,2.13275980190627e-10,5.07066526342704e-10,1.54371752133478e-10,-1.59689558545131e-10,4.53039314629511e-10,-4.37632374912033e-10,-6.76995934036248e-11,-7.0377211825376e-11,1.0772230886172e-10,-1.69080622158732e-10,-5.00430653853974e-11,-5.62670882072456e-11,-6.99640724689796e-11,6.56895804346825e-10,2.00116301866207e-10,2.57121934326526e-11,-1.02765754589016e-10,9.59807956367699e-12,2.2836810137253e-10,1.46150605903922e-10,2.25029516141279e-10,1.78215305023166e-10,3.01546612158485e-10,5.54939686329289e-10,2.89585600349036e-10,-2.86355432318297e-10,-1.69722142651852e-10,-3.0905749159892e-10,4.35992820537668e-11,3.86810861870858e-10,3.9423785842961e-10,6.83088439577996e-10,2.07236307951827e-10,9.63792137907993e-11,2.80315355224235e-10,3.1936140986178e-10,4.09696160773359e-10,-3.97376168845677e-10,-9.25482122688243e-11,-2.90447393366311e-10,-3.86711605587284e-10,5.09756216978446e-10,-2.13393117749112e-10,2.92394936416982e-10,7.40944934702221e-12,-5.15027049321757e-11,1.19660408790061e-10,-1.47835317334121e-10,9.37550384500844e-11,1.18029306998172e-10,-4.04586033065656e-10,-2.1732982128712e-10,-1.53709818052598e-10,2.33299056524124e-10,-4.1087161090905e-10,-1.93119550145911e-11,3.91250075117911e-10,4.44817007002367e-10,-3.13427441922118e-11,-1.45558597576597e-10,-5.39490217632991e-11,-8.75269539555116e-11,-1.77762424077472e-10,-2.92312694227436e-11,4.85489815938208e-10,-4.74297432712462e-11,6.55344646638409e-11,1.90982827695617e-10,2.24303024342387e-10,9.96153837785828e-11,4.35141965793805e-10,4.2407893197982e-10,1.81189687071243e-10,7.90817476043464e-12,1.01009736364224e-10,4.4725676696941e-11,-1.66247452213411e-10,1.85437078913213e-10,-9.02880031544757e-11,1.96104976869973e-10,1.10716315594442e-10,2.24538219949449e-10,-7.24900808352497e-11,2.88673539997471e-10,8.45950380080855e-11,3.12883988570823e-11,-2.54600312945117e-11,3.38695642718964e-10,3.13768485542832e-10,2.85099040552513e-10,-1.36450808414385e-10,-6.21689103876407e-10,1.27630095879654e-10,2.68129094101568e-10,-9.50560084837415e-11,7.07705310973256e-11,2.30589111669485e-10,-1.00516720934162e-10,-2.66913871802419e-10,1.69103434687824e-10,1.54960639872052e-10,3.55646490691354e-10,-4.43616767056353e-10,-4.40690386881114e-10,-5.61900444268764e-11,-7.266027549353e-12,8.51536118566452e-11,-4.18435453194501e-10,2.74598678834453e-10,2.79747792404062e-10,1.3803797780869e-10,5.04169724410114e-11,2.01805330326401e-10,-2.18734778166195e-10,-3.56455344733326e-10,-4.56947798503069e-12,2.71183523842313e-10,-3.89814059260472e-10,2.75789332022782e-10,-8.85942591721294e-11,-7.14077849965148e-11,1.46460472649748e-10,7.0114176807105e-11,2.92903310603569e-11,1.13983070753478e-10,-2.87405522452739e-10,1.20505620618682e-10,-4.11053822993001e-10,1.63196749195734e-10,2.13166345391852e-10,6.79449063202646e-12,2.20516118716212e-10,6.89843258709916e-11,6.13034725488718e-11,-1.30052895421617e-10,-1.99724846900835e-10,3.68692772208241e-10,1.77290571815241e-10,-2.07424969181904e-10,-5.86616417682426e-12,-3.58804915527915e-11,1.73822596758032e-10,-1.22028475214013e-10,-2.67885777204852e-10,-1.55618194575782e-10,-4.392331107597e-12,-1.2683864116455e-10,3.32202596068121e-10,1.5165989508693e-10,-2.29570329838884e-10,6.6181360252314e-13,-1.81911842957996e-10,-4.31592709250631e-11,-1.74881384412419e-10,8.66426111869189e-11,-1.3884879675151e-10,-1.04639814560602e-10,-1.06785876769228e-10,6.96493391007862e-10,-2.77758426788275e-10,4.19389768673372e-10,3.27283638536817e-11,3.72255317796568e-10,-5.27227048151352e-10,2.72395515440947e-10,-2.47084149119798e-10,4.94330040034919e-11,3.37029898177637e-10,-5.29586216903356e-10,1.05684284549172e-10,2.73126811177095e-10,5.37201614833478e-10,3.29030232411704e-10,4.6040405493685e-10,-1.21134089971572e-10,-1.49298685532305e-10,-2.70610521894228e-10,1.08474767904442e-10,6.9922064922937e-11,4.2203568683342e-10,-9.35581881654828e-11,4.79136336867406e-11,-1.93942048162735e-10,6.26984371825186e-11,-2.21689019022591e-10,-3.04192311840789e-10,1.32989405776722e-10,-3.431578052501e-11,2.75810657494792e-10,1.90233256523894e-11,4.93424219433185e-11,-1.78601701951551e-10,5.37464344847097e-11,-6.42298146065308e-11,5.67976570274547e-10,-1.88974569269074e-10,1.7918818075088e-10,-4.81879243559453e-10,-3.46184252013591e-10,2.19747431185063e-10,-3.36236358384789e-11,9.34461173232571e-11,2.33313062451582e-10,-1.82250154444155e-10,-1.18226721431188e-10,-2.49282546836798e-11,-1.72148065283808e-10,1.18953837130809e-10,-3.86481511131111e-10,1.4326937312494e-10,-2.28133340971641e-10,-4.38801100366737e-11,-5.67093203041832e-11,4.24902845090798e-11,1.08417126429132e-10,-1.76272460274022e-10,-1.02763576761654e-10,1.38005583207396e-10,6.82491984216239e-11,3.82492930262606e-10,-2.80892098359519e-11,1.83687724536458e-10,1.39446768173547e-10,1.11274808890168e-10,-1.38212684098787e-10,8.52403296984661e-11,-5.72707542691524e-10,-1.40933208243243e-10,-4.31125770458094e-11,-3.15142310416189e-11,-3.51299826588192e-10,2.61793733966603e-10,7.39457110847508e-11,-1.85603434412771e-10,2.57837086188506e-10,-4.22374034312997e-10,4.92097636742191e-10,-3.37540393391709e-10,-2.47913858076062e-11,2.74261686458989e-10,-3.81830767722465e-11,-5.27260026602405e-10,1.88885547432981e-10,8.20918169082914e-10,9.96952689605485e-11,2.76837315884924e-10,6.30925403266038e-11,-8.13311965014482e-11,1.44485792606657e-10,8.39666215636205e-12,3.39991079728705e-10,-1.16139928128054e-10,-1.7298359090488e-10,-2.376507711031e-10,9.30893530044821e-11,1.19658692937133e-10,2.07724920094059e-10,2.23824050758867e-10,-2.01856707985771e-10,-2.75055495937438e-10,-1.77118078042528e-10,4.43849196971803e-11,3.0191120592209e-10,-2.75135498807764e-10,1.66331198214484e-10,4.05581873074829e-10,-4.76921963621305e-11,-1.19271113335123e-10,1.30999059536268e-11,-1.23489298146281e-10,-1.49232109692691e-11,-1.56312174242143e-10,-1.07751223672117e-10,-1.71791672823255e-11,3.4433934511983e-11,7.24184979733126e-11,3.26408692954329e-10,-1.95676409544434e-10,4.38429292017517e-10,-3.2753176753318e-10,5.05677349420925e-11,-1.31743799523346e-10,-4.9739347692289e-10,2.10777206317412e-11,9.9930700443711e-11,-1.6332099361744e-10,2.86257951324243e-10,-2.87363079804262e-10,-4.8112102440162e-10,2.26804967519387e-10,2.24121634646708e-10,6.79155931961902e-12,8.17763741464867e-10,1.47256253645682e-11,4.71743917026148e-11,4.90855241686182e-10,-3.67846986319102e-10,-5.39889433545967e-10,2.89771075592576e-10,1.19927457335188e-10,3.58726457911955e-10,4.91670489184946e-10,-8.16866491709632e-11,-6.63301593129826e-11,-2.50530416983593e-10,-1.08647172466787e-10,-2.23073359066616e-10,-1.72106479951833e-10,9.35454495854581e-11,-2.95815993923948e-10,1.45871665114545e-10,9.44324254335883e-11,3.97593972518998e-10,1.95049619503378e-10,6.27053409339831e-10,-1.15307040209208e-10,-2.86516316712343e-11,7.19995866100679e-12,-8.094632121794e-11,-2.70978892066408e-10,-4.15251326404546e-10,-4.08951350075765e-11,-6.30676541257941e-11,1.96082272714543e-10,6.083639031046e-10,-4.67948803782741e-10,2.38077694786064e-10,-3.01089337065422e-10,3.53733221244754e-10,-8.34776472117338e-11,-2.52925051943801e-10,-1.97746957679043e-10,-1.13097910303327e-11,2.14717510982876e-10,2.32748414877364e-10,1.79904453531457e-10,-1.27852442167218e-10,1.6034894923529e-10,-6.25272855797746e-11,-1.74955099009966e-10,-3.51147606616486e-11,-1.79887748207634e-10,2.04055166053455e-10,3.41300982915998e-10,1.09864724274611e-10,1.95284816730024e-10,1.83481771852052e-10,-3.20703974385964e-10,6.15678262712107e-11,-4.99037225357061e-10,-3.97208738472767e-10,4.05534742059862e-10,1.05946872185439e-11,-1.96514765444791e-11,1.57161970349506e-10,-4.15944186290039e-10,1.31398022668217e-10,2.26596597480364e-10,-7.92006995770417e-11,-1.88310875980066e-10,6.05835168119901e-11,2.95145321683263e-10,3.21314966775554e-11,-1.52411372113959e-10,1.31631093435823e-10,-1.34288024322825e-11,-2.84960701238671e-10,4.94500813227013e-11,1.33002510510638e-10,4.99998219553192e-11,-2.27103638788101e-10,1.47908169822974e-10,-4.11845585879448e-11,3.3946242898087e-10,-1.56394643900829e-10,-1.72082171240247e-10,2.00368393227649e-10,-1.47509079360518e-10,-3.64814132243593e-11,4.07098442768414e-10,4.80061243179701e-10,8.6754230405575e-10,3.26583477707509e-10,-4.27088657146905e-11,1.21395939014844e-10,1.63168531701898e-10,-3.2890614195852e-10,5.13400663620676e-10,-9.84764485816621e-11,2.24125392838995e-10,7.39530203538732e-11,-1.30268970833365e-10,2.15370720978996e-10,6.73713065119831e-11,1.11295590532217e-10,2.51180239906888e-10,2.18186249597809e-10,-1.71888672134939e-10,1.81919282938947e-10,-4.24946635358434e-11,4.92982280634861e-11,-6.96965195146735e-11,1.53436196479222e-11,-1.75400191735452e-10,4.80089402732414e-11,-6.48231672864047e-10,1.47834260284152e-10,4.71942247550669e-11,1.89847056429117e-10,-3.16832582601761e-11,-2.52923763620771e-10,2.24920448770116e-10,-1.2699215971208e-10,2.26405751081477e-10,-3.00207508814609e-10,1.17436141311317e-10,1.33208896506088e-10,3.3808736108678e-10,2.96003633202192e-10,2.35816284944782e-10,2.71687622327384e-10,-9.41207879388325e-12,-2.7386513533276e-10,-2.63968432822088e-10,-2.46546600292118e-10,1.16108370286324e-10,-5.71915914592592e-11,-3.55054180676146e-10,-3.21211565169547e-10,-1.19656742170069e-10,2.2055741192331e-10,9.37132210538737e-12,-2.98179137059068e-10,2.13591651260344e-11,-3.25888223036058e-10,-1.86452344045261e-10,-2.34364607713426e-10,-2.43507492116624e-10,-1.79100814702391e-10,-1.24936169269773e-10,9.13770144940235e-11,-1.62331819969549e-10,8.29308384142169e-11,4.18808182135223e-10,8.11349668959654e-11,4.26502196689179e-10,2.94757211090029e-10,3.04747293767883e-10,-2.95819227038477e-11,2.13935984719714e-10,1.23613068966799e-10,-4.30098854773891e-10,-1.18602975215322e-10,-2.38710481186545e-10,-8.17434567556217e-11,7.36615114837048e-11,-1.20204816509861e-10,5.39741870866454e-12,-2.02953333705835e-10,2.63508036534262e-10,2.39258957565519e-10,-1.80487784714696e-11,1.7882728922991e-10,7.51743615208431e-11,-1.21038245987762e-10,1.12423570651203e-10,-1.23305057292291e-10,4.06528990580564e-10,3.18068250381815e-10,-7.5798884796744e-11,1.78889329787394e-10,-1.39945346475378e-10,9.39028717897204e-11,-3.13843257169314e-10,-3.06365914662682e-10,-1.22402131103852e-10,-3.29163388658515e-10,1.05608102771622e-10,-4.88182629201722e-10,4.80301282445879e-10,-5.002466023419e-10,5.28875918818609e-11,-1.3541767888879e-10,-5.62512509527972e-11,-1.1204023674306e-10,2.40635819934665e-11,-2.60678140060959e-10,3.21703163113707e-10,1.61529551540994e-10,-1.49331809228752e-10,-2.21868242619354e-10,-1.70081396201888e-10,4.350465927142e-10,2.60180557199567e-10,-6.06987291333547e-11,1.7299217715639e-10,2.75550700760793e-10,-4.92698505176974e-10,3.79278777116819e-10,9.32416426898645e-11,2.75935458174234e-10,-7.77679076126244e-11,-1.35293160821859e-10,-3.80105957831323e-10,-1.02998908717392e-10,-1.14535492782861e-10,1.47990265420282e-10,-7.41998357410094e-11,1.32184254159788e-10,-4.46326791426533e-10,-1.72963513373241e-11,-1.33795245368841e-10,-2.8012732109441e-10,1.09685488332337e-10,6.73995910854123e-10,4.1931509867914e-10,3.32547448831273e-10,-4.94418735487777e-10,2.03080999011457e-10,1.83271236133141e-11,-4.75734061620377e-10,1.01570118571303e-11,-5.54379848753718e-10,-4.09612256904612e-11,-4.91582708334065e-10,3.84366553598958e-11,-7.81620148433822e-11,4.01492270186966e-10,-2.55925075019176e-10,-3.78157145291446e-10,-3.20348174222689e-10,-1.71246363492735e-11,3.66060260810014e-10,2.3092668161173e-11,1.02836963555519e-10,-3.11379681147465e-10,-1.84160019034084e-10,5.7067780853726e-10,2.21997410522646e-10,-2.09880824103322e-10,1.82695143144513e-10,4.77339735421067e-10,-7.49907841907818e-11,-2.59905445225456e-10,-3.23222836017828e-10,2.40460094228844e-10,3.15842432680892e-10,2.84552560111829e-10,1.12286282955827e-10,4.66924423313358e-11,2.45166350554132e-10,-1.97413639819445e-10,3.13573352489126e-10,-6.49699271892287e-11,-1.45051059739433e-10,5.69870016011912e-11,-2.74473522328761e-10,-4.23927706301643e-10,-3.86458752749797e-10,-5.9312780787862e-11,-1.27801983270521e-10,-1.09921320521986e-10,1.06769461969262e-10,1.89291257882862e-10,3.50008809343892e-10,8.45852925382722e-12,4.52713156875661e-10,2.39215350959102e-10,-6.2729122446883e-11,-4.2870426578162e-10,8.73096916426738e-12,-4.44455441143599e-10,1.99062838000681e-10,2.50355848189055e-10,-6.53494478571538e-11,-5.26015991179571e-11,1.12619795014678e-10,-4.10466717314882e-10,1.1252905996591e-10,-5.75881472179075e-11,2.05778446049189e-11,-1.6670922057963e-10,5.94020772773295e-10,-1.53346111277107e-10,-3.46601808316769e-11,2.5088557803547e-10,7.87876733932329e-11,-1.56738294918503e-10,-2.03484025615901e-12,-7.80399594663502e-12,1.08344751156359e-10,6.50974710456137e-11,-9.23824758425617e-11,6.75990233688239e-12,4.63794203979627e-10,5.23850645203675e-11,3.69422098052525e-10,-1.9418748903709e-10,-1.31778716552305e-10,1.38316015363676e-10,2.28519113354737e-10,4.78810011518124e-10,1.10888600454155e-10,-4.43617630353042e-10,5.9071524069515e-10,-1.78022627697189e-10,-1.07127864021212e-10,-4.62966349879711e-11,-2.06510241809844e-10,6.85354194994757e-11,-8.15117033717343e-11,-2.52403495807323e-12,5.01283085369692e-11,-6.73442601020312e-11,-2.94518088813504e-10,3.71259458862897e-11,2.69017369608335e-10,-5.13610960056609e-11,7.84899939541393e-11,-1.91540892189094e-10,4.23331363944924e-10,-2.50967264290652e-10,9.49318310863116e-11,-2.03255456690667e-10,-7.78560089454594e-11,8.62274569550815e-11,-1.22322504101625e-10,-1.23923686244084e-11,4.58863237846476e-10,-6.59269966176041e-10,2.51778518627823e-10,8.94130266293721e-11,2.40907383854703e-11,4.84447739832042e-11,-9.08703383215484e-11,-3.28174527698893e-10,2.02044931577808e-10,-3.53671133618025e-10,-7.40683277831669e-11,6.58480055583968e-11,-7.69509499730311e-11,1.23224255627044e-10,2.40126158552519e-10,-1.01518698442739e-10,5.11427367577609e-11,1.3557260529969e-10,-4.56012112218657e-12,3.10943228758828e-11,-1.34379727810454e-10,-1.1536651463923e-11,-2.72834158566779e-10,2.48193195377292e-10,7.64552646289512e-11,-7.56747530559254e-11,-9.71860426387861e-11,3.31973943572131e-10,-1.13432757302818e-10,-8.10043607232852e-11,4.15276866509432e-10,4.04151302825693e-10,-2.00556555729444e-10,-3.18255488280116e-10,4.01555271006075e-10,-1.14126279510378e-10,1.54855935232953e-10,4.35755094536091e-11,2.60636036853957e-11,-1.8133221407885e-10,1.07071314267004e-10,1.26432359822368e-10,-1.27443902141568e-11,8.58737519731259e-11,9.33014153360332e-11,9.43728622335261e-11,-1.43758369663312e-10,-3.75295993876342e-10,-3.83782058825156e-10,2.41217550705749e-10,-3.19555134803398e-10,-2.27038201868175e-10,2.41593898375603e-10,8.18765318380942e-11,-3.17437426436084e-10,3.5423460854225e-10,2.14289337151548e-10,1.11946622201052e-10,-7.8546986875972e-11,-3.89249473534988e-10,-9.23812072593474e-11,4.66875456432351e-10,-4.36425966688826e-10,-3.95617430776002e-10,-7.07277154950554e-11,-1.91997549144733e-10,-1.97019794905453e-12,-2.28877216752762e-11,7.77260100719586e-11,8.87374317730346e-11,2.80143051040108e-10,1.16491944330775e-10,-1.1204063945451e-10,-1.73631904007666e-10,-2.30312915911407e-11,-1.28113267569161e-10,-3.21476454131814e-10,2.84484085486412e-10,-3.93392706794945e-10,-6.99952255211976e-11,-1.52772340391997e-10,1.23866142863134e-10,-5.9121248522508e-11,1.75662596455887e-10,3.62901078477815e-11,-4.47709434781585e-10,2.83663378141362e-10,1.22714293898585e-10,2.05088703034708e-10,1.12011384785479e-10,-1.2812403559781e-11,1.34438574554162e-10,-5.92071336207424e-10,-1.72531013343712e-10,1.93554165260794e-10,-5.98215085064027e-11,-3.50280192410625e-10,-4.87937381530176e-11,1.38325118164803e-10,6.57309011325958e-11,2.11279515733052e-10,-1.59216508949461e-10,-1.90973607849457e-10,2.57202326778342e-10,1.71155002540302e-10,-9.8801542409997e-12,2.25041863041467e-10,1.4546794611962e-10,1.02545004502051e-10,2.13036298018814e-10,-1.58040640029498e-10,1.26439321757087e-10,-1.36397695825119e-11,1.654687331307e-10,-1.31002703550458e-10,-7.64910586671166e-11,7.09756780862957e-11,-2.93523321697435e-11,-1.23388603602449e-10,-2.71154979137693e-11,2.47199111647042e-11,4.56129839097025e-10,-5.40867082540772e-11,7.96932130690358e-11,3.60079882669357e-11,-1.54721530861296e-10,-9.64730283990265e-11,-4.06482106880213e-10,-1.8928287445549e-10,-2.07082754656512e-10,-7.64860451774276e-11,-2.24478972966211e-10,-3.4684753342454e-10,1.67698262356482e-10,-1.77971380508978e-10,-1.07579844363962e-10,5.7415263490676e-10,1.31493701121913e-10,-3.432935641892e-10,-2.41577272864228e-10,9.00369530883026e-11,5.41795689836257e-11,3.17896151056176e-10,3.19077609512516e-10,7.06747752237573e-11,-2.43842271835655e-10,3.89945258473524e-10,-9.67865785566709e-11,-1.53103964578119e-10,2.12698459270918e-10,2.95918072526844e-10,2.48338676718789e-10,6.28733262324039e-10,-1.46864514190009e-10,3.73196330667944e-10,-2.34349512217064e-10,6.26914714315494e-11,5.86555143553489e-11,-1.31692698095148e-10,-3.00840311873455e-10,-1.32404113971277e-10,-5.68536666080775e-11,-3.43380090240446e-10,-1.84077849707232e-10,-2.86509293199173e-10,1.49126440760179e-10,1.62191595772544e-10,-5.19636752409578e-10,2.80763277055338e-10,9.92184566977881e-11,2.48778620369906e-10,-2.53537206344684e-10,-1.10920519121252e-10,-2.45091124183607e-10,2.83914179850871e-10,-7.44287871078516e-11,-6.39988260503827e-11,2.9379999388378e-10,-1.00428022969447e-10,3.80567223826998e-10,1.84533698108395e-10,3.91213722865188e-11,-2.74872347511306e-10,-3.56881520204397e-10,1.73392224207741e-10,-3.13097462554143e-10,-3.77036552263745e-10,4.09676270924932e-10,-1.23304349603e-10,5.2601394430191e-11,1.01730297686724e-10,-7.86877517286594e-11,2.0812713231597e-10,-8.13143082695754e-12,2.3262057527224e-10,1.54114055335974e-10,-1.79328526619198e-10,-1.51619736128856e-10,5.79140077873042e-10,3.34382810216354e-10,-8.24986698227473e-11,1.26098574692744e-10,-3.36525466148126e-10,5.53075105015062e-11,-5.72120291933678e-11,-1.02380341451937e-10,9.67118212242584e-11,1.90241168602211e-10,2.09422141049815e-10,-5.76199623163379e-11,1.79216477236042e-10,2.55959660299879e-10,-9.99420026802434e-11,-1.59632796129238e-10,5.45947966459848e-11,4.09531425389396e-10,3.41175791291203e-11,2.97943193889036e-10,2.41683849220399e-10,-2.87239877017814e-10,-2.39611326704685e-10,-1.81963954806967e-10,-2.95557723577873e-10,-8.85462493361469e-11,-7.74918333467966e-13,-1.03344411188087e-10,2.34452125746688e-10,5.07151018911771e-10,-1.5345826954768e-10,-4.52906727200058e-11,5.29235450348901e-10,-3.06445460184275e-10,-4.65846645668888e-10,-2.68082759903264e-10,-2.04648734227595e-10,2.76110820963481e-11,-9.09088314790238e-11,1.2142033224072e-10,-4.13284225226043e-10,5.37136266799226e-10,7.03490920911129e-11,1.86784643591102e-10,-1.59001534964107e-10,-8.6914645432789e-12,-7.84484742465067e-12,-4.07246391168009e-10,2.26575494771103e-10,2.72128121705981e-10,-4.03118488557018e-10,-3.54341837871299e-10,-2.98255713100759e-10,8.23172865988074e-11,-9.0857711003571e-13,-4.90543322649983e-10,3.91351309848183e-10,-5.25759358644504e-11,-1.32520381344073e-10,2.23446143748135e-10,4.73406759393862e-10,-9.37628070055104e-11,1.71197304040205e-10,1.512028540127e-10,-1.84824179791989e-10,1.17055819763247e-10,4.59380454922358e-11,-1.71057520402845e-11,1.776356739338e-12,-8.04340868272371e-11,-1.39903682934905e-10,2.7796714256655e-11,2.84005696072927e-11,7.36401800090644e-11,-1.0302831365987e-10,6.26768651330709e-11,-1.85513566452521e-10,2.80304395725986e-10,1.3743372264605e-10,3.4234835495228e-10,-6.03815178875222e-10,-1.85304277629588e-10,-9.66841211984108e-11,4.82996503815483e-10,-2.39641628864891e-10,-3.60912178982861e-10,1.45989514891065e-12,-1.74125050230574e-10,6.32537688492046e-10,-8.35369720513786e-11,5.17706841381664e-10,5.46681237084049e-11,2.81063231975113e-10,-1.02407451771145e-11,-9.56739354168031e-11,1.68101502601564e-10,1.54644217998033e-10,-2.30710402403387e-10,4.05641765205636e-10,-7.25204387418938e-11,5.87269516378912e-10,4.73008178721331e-10,3.58631769716639e-10,1.27040211449503e-10,-7.21970870484961e-11,2.3419015904856e-10,1.74587810280324e-10,7.12871538370365e-10,3.89913090204676e-10,5.02304082000338e-11,5.25217172013465e-10,4.81859517873189e-10,6.29465568239181e-11,5.36293082537008e-10,1.743691693127e-10,4.52432803565596e-10,7.30358376147659e-10,6.06290835312104e-10,1.0732185713152e-09,9.82833893201409e-10,5.42064795191264e-10,7.79917075977056e-10,1.09201714908651e-09,1.60976620007499e-09,1.39729844244734e-09,1.18277334966926e-09,1.70495649020651e-09,1.43299490407348e-09,2.1121779517232e-09,2.13097068385057e-09
