v,0.25
Patm,100000
g,9.81
r,500
G,10^11.27
rho,2300
mu,10^4.22
rc,26
 
M,10^6.21
sigma,0.1
 
tilt_erupt,2.289nrad
 
-1185,-1184,-1183,-1182,-1181,-1180,-1179,-1178,-1177,-1176,-1175,-1174,-1173,-1172,-1171,-1170,-1169,-1168,-1167,-1166,-1165,-1164,-1163,-1162,-1161,-1160,-1159,-1158,-1157,-1156,-1155,-1154,-1153,-1152,-1151,-1150,-1149,-1148,-1147,-1146,-1145,-1144,-1143,-1142,-1141,-1140,-1139,-1138,-1137,-1136,-1135,-1134,-1133,-1132,-1131,-1130,-1129,-1128,-1127,-1126,-1125,-1124,-1123,-1122,-1121,-1120,-1119,-1118,-1117,-1116,-1115,-1114,-1113,-1112,-1111,-1110,-1109,-1108,-1107,-1106,-1105,-1104,-1103,-1102,-1101,-1100,-1099,-1098,-1097,-1096,-1095,-1094,-1093,-1092,-1091,-1090,-1089,-1088,-1087,-1086,-1085,-1084,-1083,-1082,-1081,-1080,-1079,-1078,-1077,-1076,-1075,-1074,-1073,-1072,-1071,-1070,-1069,-1068,-1067,-1066,-1065,-1064,-1063,-1062,-1061,-1060,-1059,-1058,-1057,-1056,-1055,-1054,-1053,-1052,-1051,-1050,-1049,-1048,-1047,-1046,-1045,-1044,-1043,-1042,-1041,-1040,-1039,-1038,-1037,-1036,-1035,-1034,-1033,-1032,-1031,-1030,-1029,-1028,-1027,-1026,-1025,-1024,-1023,-1022,-1021,-1020,-1019,-1018,-1017,-1016,-1015,-1014,-1013,-1012,-1011,-1010,-1009,-1008,-1007,-1006,-1005,-1004,-1003,-1002,-1001,-1000,-999,-998,-997,-996,-995,-994,-993,-992,-991,-990,-989,-988,-987,-986,-985,-984,-983,-982,-981,-980,-979,-978,-977,-976,-975,-974,-973,-972,-971,-970,-969,-968,-967,-966,-965,-964,-963,-962,-961,-960,-959,-958,-957,-956,-955,-954,-953,-952,-951,-950,-949,-948,-947,-946,-945,-944,-943,-942,-941,-940,-939,-938,-937,-936,-935,-934,-933,-932,-931,-930,-929,-928,-927,-926,-925,-924,-923,-922,-921,-920,-919,-918,-917,-916,-915,-914,-913,-912,-911,-910,-909,-908,-907,-906,-905,-904,-903,-902,-901,-900,-899,-898,-897,-896,-895,-894,-893,-892,-891,-890,-889,-888,-887,-886,-885,-884,-883,-882,-881,-880,-879,-878,-877,-876,-875,-874,-873,-872,-871,-870,-869,-868,-867,-866,-865,-864,-863,-862,-861,-860,-859,-858,-857,-856,-855,-854,-853,-852,-851,-850,-849,-848,-847,-846,-845,-844,-843,-842,-841,-840,-839,-838,-837,-836,-835,-834,-833,-832,-831,-830,-829,-828,-827,-826,-825,-824,-823,-822,-821,-820,-819,-818,-817,-816,-815,-814,-813,-812,-811,-810,-809,-808,-807,-806,-805,-804,-803,-802,-801,-800,-799,-798,-797,-796,-795,-794,-793,-792,-791,-790,-789,-788,-787,-786,-785,-784,-783,-782,-781,-780,-779,-778,-777,-776,-775,-774,-773,-772,-771,-770,-769,-768,-767,-766,-765,-764,-763,-762,-761,-760,-759,-758,-757,-756,-755,-754,-753,-752,-751,-750,-749,-748,-747,-746,-745,-744,-743,-742,-741,-740,-739,-738,-737,-736,-735,-734,-733,-732,-731,-730,-729,-728,-727,-726,-725,-724,-723,-722,-721,-720,-719,-718,-717,-716,-715,-714,-713,-712,-711,-710,-709,-708,-707,-706,-705,-704,-703,-702,-701,-700,-699,-698,-697,-696,-695,-694,-693,-692,-691,-690,-689,-688,-687,-686,-685,-684,-683,-682,-681,-680,-679,-678,-677,-676,-675,-674,-673,-672,-671,-670,-669,-668,-667,-666,-665,-664,-663,-662,-661,-660,-659,-658,-657,-656,-655,-654,-653,-652,-651,-650,-649,-648,-647,-646,-645,-644,-643,-642,-641,-640,-639,-638,-637,-636,-635,-634,-633,-632,-631,-630,-629,-628,-627,-626,-625,-624,-623,-622,-621,-620,-619,-618,-617,-616,-615,-614,-613,-612,-611,-610,-609,-608,-607,-606,-605,-604,-603,-602,-601,-600,-599,-598,-597,-596,-595,-594,-593,-592,-591,-590,-589,-588,-587,-586,-585,-584,-583,-582,-581,-580,-579,-578,-577,-576,-575,-574,-573,-572,-571,-570,-569,-568,-567,-566,-565,-564,-563,-562,-561,-560,-559,-558,-557,-556,-555,-554,-553,-552,-551,-550,-549,-548,-547,-546,-545,-544,-543,-542,-541,-540,-539,-538,-537,-536,-535,-534,-533,-532,-531,-530,-529,-528,-527,-526,-525,-524,-523,-522,-521,-520,-519,-518,-517,-516,-515,-514,-513,-512,-511,-510,-509,-508,-507,-506,-505,-504,-503,-502,-501,-500,-499,-498,-497,-496,-495,-494,-493,-492,-491,-490,-489,-488,-487,-486,-485,-484,-483,-482,-481,-480,-479,-478,-477,-476,-475,-474,-473,-472,-471,-470,-469,-468,-467,-466,-465,-464,-463,-462,-461,-460,-459,-458,-457,-456,-455,-454,-453,-452,-451,-450,-449,-448,-447,-446,-445,-444,-443,-442,-441,-440,-439,-438,-437,-436,-435,-434,-433,-432,-431,-430,-429,-428,-427,-426,-425,-424,-423,-422,-421,-420,-419,-418,-417,-416,-415,-414,-413,-412,-411,-410,-409,-408,-407,-406,-405,-404,-403,-402,-401,-400,-399,-398,-397,-396,-395,-394,-393,-392,-391,-390,-389,-388,-387,-386,-385,-384,-383,-382,-381,-380,-379,-378,-377,-376,-375,-374,-373,-372,-371,-370,-369,-368,-367,-366,-365,-364,-363,-362,-361,-360,-359,-358,-357,-356,-355,-354,-353,-352,-351,-350,-349,-348,-347,-346,-345,-344,-343,-342,-341,-340,-339,-338,-337,-336,-335,-334,-333,-332,-331,-330,-329,-328,-327,-326,-325,-324,-323,-322,-321,-320,-319,-318,-317,-316,-315,-314,-313,-312,-311,-310,-309,-308,-307,-306,-305,-304,-303,-302,-301,-300,-299,-298,-297,-296,-295,-294,-293,-292,-291,-290,-289,-288,-287,-286,-285,-284,-283,-282,-281,-280,-279,-278,-277,-276,-275,-274,-273,-272,-271,-270,-269,-268,-267,-266,-265,-264,-263,-262,-261,-260,-259,-258,-257,-256,-255,-254,-253,-252,-251,-250,-249,-248,-247,-246,-245,-244,-243,-242,-241,-240,-239,-238,-237,-236,-235,-234,-233,-232,-231,-230,-229,-228,-227,-226,-225,-224,-223,-222,-221,-220,-219,-218,-217,-216,-215,-214,-213,-212,-211,-210,-209,-208,-207,-206,-205,-204,-203,-202,-201,-200,-199,-198,-197,-196,-195,-194,-193,-192,-191,-190,-189,-188,-187,-186,-185,-184,-183,-182,-181,-180,-179,-178,-177,-176,-175,-174,-173,-172,-171,-170,-169,-168,-167,-166,-165,-164,-163,-162,-161,-160,-159,-158,-157,-156,-155,-154,-153,-152,-151,-150,-149,-148,-147,-146,-145,-144,-143,-142,-141,-140,-139,-138,-137,-136,-135,-134,-133,-132,-131,-130,-129,-128,-127,-126,-125,-124,-123,-122,-121,-120,-119,-118,-117,-116,-115,-114,-113,-112,-111,-110,-109,-108,-107,-106,-105,-104,-103,-102,-101,-100,-99,-98,-97,-96,-95,-94,-93,-92,-91,-90,-89,-88,-87,-86,-85,-84,-83,-82,-81,-80,-79,-78,-77,-76,-75,-74,-73,-73,-72,-71,-70,-69,-68,-67,-66,-65,-64,-63,-62,-61,-60,-59,-58,-57,-56,-55,-54,-53,-52,-51,-50,-49,-48,-47,-46,-45,-44,-43,-42,-41,-40,-39,-38,-37,-36,-35,-34,-33,-32,-31,-30,-29,-28,-27,-26,-25,-24,-23,-22,-21,-20,-19,-18,-17,-16,-15,-14,-13,-12,-11,-10,-9,-8,-7,-6,-5,-4,-3,-2,-1,0
-5.75328504454647e-11,-2.09314939477972e-10,1.36643778822019e-10,-5.2890518323186e-11,1.13648141679461e-10,-3.00723506878708e-11,-9.68003864101575e-11,1.19451113840225e-10,-1.40947108110114e-10,-1.88567722748914e-10,-2.02433437655413e-11,-6.51296155940568e-11,-6.24334589105254e-11,9.03546983226357e-12,1.98935047812304e-10,-7.17084312202936e-11,-6.98000319623283e-11,-1.74516029229718e-10,1.31291434663597e-10,-4.37268742706677e-11,6.1714292532576e-11,-1.05638427504075e-10,-2.48951526418621e-11,-2.10018411342543e-10,6.53237168213863e-11,-1.47526623558507e-10,6.66428819535119e-12,-5.15627453634088e-11,-1.44931283938991e-11,2.37209156384588e-10,9.24476266787703e-12,-1.82781977073677e-10,9.79182356684722e-11,-6.20854852930049e-12,1.64186768141201e-10,1.59714883379843e-10,8.929585887725e-11,8.30227590136817e-11,-6.12361283081882e-11,-6.8488811954102e-11,-1.47347961727985e-10,-2.91411971646807e-10,-3.05325806305742e-11,4.31146140579601e-11,-1.50127669655412e-10,-8.22494849448833e-11,6.97794322830767e-11,3.36992134428119e-12,7.27016795252794e-11,1.36821518757476e-12,-3.97278445205875e-11,-9.64158022011567e-11,-8.92617896253571e-13,1.01993432222888e-10,-1.62054483262188e-10,8.62049790934125e-11,-8.71416001851118e-11,6.498149893875e-11,3.82516941356738e-11,-3.67112751271131e-11,1.86491872716886e-11,-7.79722912478517e-11,1.82738392200559e-11,1.21467197590447e-10,1.09145101363591e-10,2.66853122654379e-11,9.81043179890553e-12,4.56088571051174e-11,1.11629808455779e-10,-2.41296341268656e-13,3.55274119940691e-11,2.62086882053505e-12,-1.16101059226313e-11,4.42618410651578e-11,-4.57427748527258e-11,-9.47884441052589e-11,-1.30015330566808e-11,5.95743717848626e-11,-1.26301354902674e-10,6.05229743023034e-11,9.27707514638588e-11,-3.95315921592716e-11,2.35789558904439e-11,-5.49196145352712e-11,8.24561580638436e-11,-5.13330274872743e-11,-8.24226211765981e-11,2.8456444371449e-11,-1.04348170287361e-12,-5.19273367328861e-11,1.5171358910594e-11,-1.8429722103735e-10,5.70630279643044e-11,5.07831247220674e-11,1.3034552523781e-10,-6.32032978064931e-11,1.05942808171671e-10,2.46747945626774e-11,-2.49021639874173e-11,-1.40406961132592e-10,3.03340916120917e-11,1.51893928264644e-11,-1.16075850545863e-10,2.86078136211042e-11,5.23703202292381e-11,-2.08763394652138e-12,-1.03303998277351e-10,-5.20117402302447e-11,-7.53515286851861e-11,-7.47204009434404e-11,-1.43741499140455e-10,-8.42741888988694e-11,4.23070807074006e-11,1.19237127587571e-10,-1.28433524423447e-10,-2.77993385589018e-11,2.33971517216429e-10,-1.23326724040866e-10,1.36628680152978e-10,-4.93198787690367e-11,4.59022222871625e-12,9.08005608974185e-12,3.12189017047884e-11,-3.18958009415116e-11,-6.20945380782155e-11,-1.05262340105105e-10,-1.46288615224192e-10,3.26143175683417e-11,-8.16459934448976e-11,3.65832795560219e-11,-1.02736679839778e-10,-4.60071570581372e-11,1.0647684826511e-10,2.28647516708624e-11,-1.27049737933593e-10,-3.70908536055471e-11,6.64818127629645e-11,1.27968687565017e-10,-3.52231634977627e-11,1.38562981080778e-10,-3.3710527474812e-11,2.06387502423259e-10,-6.59612528697029e-11,5.28358252245787e-11,-3.53163758042013e-11,-7.94505000265707e-11,4.60826713923936e-11,7.49735989081058e-11,-1.88034386597724e-10,1.0014217240455e-10,-1.54359687525225e-11,3.72819476418924e-11,3.53789611180082e-11,-8.07297772027477e-11,4.20890663352228e-11,3.9327319427637e-11,1.22123263862798e-10,8.36592434742799e-11,-2.25074806611186e-10,-1.52123801185239e-11,-1.26837664063687e-10,-1.29497098948181e-11,2.19729190589735e-11,1.11793770676163e-10,5.88684931997931e-11,-6.75751269992954e-12,-1.06062603189365e-11,-8.70845380745936e-11,1.64572261017465e-10,7.9908885646614e-11,1.11433593825814e-10,7.27199349177623e-12,1.41043628828907e-10,-3.59500162243123e-11,1.10400954491727e-10,-6.35907354656352e-11,1.62869208939202e-10,-2.13691960118509e-11,7.04355410234628e-11,-1.55827593877868e-10,-2.22539250804933e-11,7.55645496529304e-11,1.78209765651574e-10,-4.01545273003955e-11,-6.34804193034693e-12,1.59780058202908e-10,2.43389523380056e-11,7.70992417915363e-11,1.13196123108339e-10,9.88449723874921e-11,1.78525573333516e-11,4.30435952671526e-11,1.3399776857902e-10,7.91336812003639e-11,-2.08007872071404e-10,-1.47526810531533e-10,-6.59308418176085e-11,2.84123223425264e-11,1.55128945362109e-10,1.41377783295855e-10,-9.85628467395295e-11,-1.50603110377464e-10,1.34732603600677e-11,-1.38439526904193e-11,-4.62476285542208e-11,-2.16938439355538e-11,-1.91573528352625e-11,6.02366259787489e-11,3.71408356990227e-11,1.04692070193562e-11,-1.12585539467161e-10,-1.1567052942171e-11,1.0578015651564e-10,1.78724590035018e-10,-7.33970665357225e-11,-3.06033393145795e-11,-1.22310426538011e-10,8.45738906063419e-11,-1.74292600956926e-11,4.84960862152677e-12,1.37909722798874e-10,-1.22534275688055e-10,-1.19819002982324e-10,8.04688558323194e-11,-2.05889052204943e-10,-1.64857187412228e-10,-1.0466493384066e-10,-6.71454679442739e-11,2.21486922796367e-11,1.26963457916086e-10,1.42368589169136e-10,2.24712268977988e-10,4.76690591304016e-11,-6.83454534124044e-11,-4.37885987664258e-11,8.99746139258014e-13,-9.44265176646147e-11,8.69408753829471e-11,6.60612233842079e-11,4.27343522841649e-11,1.94554840537163e-10,-3.26365706113466e-11,-1.30728752916402e-10,5.51684498852284e-11,-7.79591346983754e-11,-1.27643650565277e-10,2.8176638541024e-11,1.30618177204964e-10,-7.80182356891137e-11,4.09914693992766e-12,7.2380628760459e-13,5.69875554021946e-11,-3.32662561946165e-11,1.94681136465926e-10,1.04189869294051e-10,7.90925934890025e-11,-1.03604163604791e-10,3.37919717107474e-11,1.09814229166134e-11,-1.31521538778772e-10,-1.26775125123923e-11,-2.64105412637332e-11,1.06034998072866e-10,-9.18456767603721e-12,3.15250848790476e-10,3.23343099854819e-11,-1.40970312185533e-10,-9.85086685387215e-11,2.2447793255186e-11,-2.45553671967676e-12,2.59483902940327e-11,-1.06467362658808e-10,7.46257453648049e-11,-1.46752241706291e-10,-9.47336203935041e-11,1.17319451013812e-10,2.38217327869281e-11,-1.3226757666902e-11,-1.04043989886771e-10,-2.67786595217474e-11,1.67454168034697e-12,-1.37957598473609e-11,2.89933374383089e-11,-7.78869747886316e-11,1.27642899232225e-10,-7.56547582327161e-11,-1.1200414306252e-10,1.31570183304823e-10,1.92948222545732e-12,1.91881400138209e-10,1.08858219450126e-10,1.39286979255629e-10,5.77745497893595e-11,6.98428747076761e-11,4.70443798621047e-11,-5.42662596896424e-11,2.56681160129969e-11,2.28191593491849e-11,-4.86977303461541e-11,-3.15496704059528e-11,-8.6641051928036e-11,5.27667286858123e-12,-1.46052883265755e-11,6.75170943358168e-12,2.35434907465428e-11,1.28678215774493e-10,-6.72436928664222e-11,-1.23600729650938e-10,1.53433899305995e-11,-3.983109106957e-11,1.09795145911379e-10,-1.09630529206015e-10,3.65628886823906e-11,2.11072974656835e-12,3.09229490542175e-10,-5.2964613055302e-11,2.11280380454496e-11,9.0966375678669e-11,-6.46084181575563e-11,1.17752338325544e-11,-6.8825195064542e-11,-8.55137300606224e-11,-3.96140351319064e-11,2.94074517667513e-11,1.60344789653953e-10,-4.0680053232466e-11,1.70704574327833e-11,-1.64226169785484e-10,1.26652623851513e-10,6.36055645708281e-11,-1.94975434453904e-11,-1.15098564683223e-10,7.16255437599165e-11,5.63919483440612e-11,-3.28043332681882e-11,-3.50078318369164e-11,8.19288632249869e-12,4.2706184977783e-11,-2.2873132448272e-10,8.02762530442735e-11,-8.01259713740247e-11,2.11029142252268e-11,1.08332540195434e-10,-2.5538305473614e-11,1.12717027300165e-10,-3.22937364548079e-11,-6.00785821910861e-12,-1.0403450117109e-10,-8.87689450027602e-12,-1.31618192910054e-11,-3.39435777354686e-11,-1.67600226039453e-11,-8.02699140772061e-11,2.27411859851829e-11,7.79927781776584e-11,-2.93106338562234e-11,-2.92806348853794e-11,6.46154555207779e-11,1.53102786131763e-10,-1.07825904653985e-10,-7.38821511006495e-13,-8.45775543201056e-11,1.84384930556914e-10,-7.93380824550328e-11,7.93524631876867e-11,8.27973810561278e-11,8.09892284776338e-11,-9.20710085980988e-11,-5.67114196101896e-11,2.94737861563174e-11,2.0237405487804e-11,-1.99328801542103e-11,-4.34522191804549e-11,3.36193083694347e-12,2.11618996152433e-10,-6.73497075681381e-11,1.34723909766919e-11,-1.03525861563047e-11,-9.2726939091375e-11,-9.37887753112243e-11,8.65635282225638e-13,-3.98501976882901e-11,-7.24147513942904e-11,8.71301242743404e-11,-1.10166306147808e-10,-4.24086918735876e-11,7.34316613897379e-11,-6.84085233671224e-11,9.97581386401298e-11,-1.91603330145504e-10,5.29386537820296e-11,4.53568266845638e-11,-9.87339737297922e-11,8.12978049994413e-11,-8.67120756421046e-11,-1.78566986881913e-10,-9.34607753010838e-11,-1.44740116555166e-11,-1.41073731728528e-10,-1.37564533887667e-11,8.36690748148711e-11,-1.91569478406206e-11,-7.25540438524154e-12,-4.61539738848938e-11,9.8987168347758e-11,7.29928560393291e-11,-6.0507420032793e-11,1.52707822465965e-10,1.00691837850905e-10,7.90831254562678e-11,2.24271592373268e-11,-1.10335323068504e-10,1.79228521490608e-10,2.00144545938829e-10,1.30198545909729e-10,6.30719888352653e-11,2.25529486618497e-10,-1.13693927635987e-11,-3.28812255021813e-11,-5.28438638399401e-12,-2.21986588955636e-11,1.08801527339517e-11,-5.19739773562468e-11,-1.25950663113455e-10,3.33431268574055e-11,-4.0504050474772e-11,-2.01418666445073e-10,-7.31644330394567e-11,-1.37649964675833e-10,2.0150448638834e-10,-9.15681123485342e-11,5.28586399605532e-11,-1.66380287157567e-10,-4.12234651104997e-11,-1.06656404964083e-10,7.88589906955944e-11,1.1237316298263e-12,9.97132591448235e-11,2.14725734410286e-10,8.22256074521222e-11,-3.99056696914838e-11,2.46226312415239e-11,1.93779715738015e-10,-1.53956001837967e-10,-8.12399669530314e-11,-3.40047703340164e-10,-1.51245183851872e-10,-8.49206020403816e-12,9.22180666397336e-11,-1.8481710226694e-10,1.66052963776972e-10,1.20155063338967e-10,-2.00124003730266e-10,4.11819321360644e-11,-5.27383396351915e-11,-7.95454795816819e-11,-2.08993812385729e-10,4.77695492479432e-12,-1.07959005532338e-10,-2.17179164494071e-10,-1.8178758245515e-10,-1.0920459528862e-11,1.16814885081616e-10,2.89027176434681e-11,1.09808099963729e-11,1.64864304748748e-11,4.87123194722316e-11,7.08929603253558e-11,1.47870938673132e-11,-1.50733473068712e-10,1.52963580316809e-10,6.75108578718157e-11,1.11590170270064e-10,3.17314822352776e-11,-7.49497170301325e-12,-8.18349540759321e-11,1.2033181914761e-10,1.27321077034343e-10,-2.65465734453002e-11,-6.7163078557319e-11,7.30221466897659e-11,1.1377148192553e-10,-3.62270088104836e-11,1.00082214882478e-10,-1.32504454939967e-10,8.19511308098508e-12,-3.87440579232751e-12,-1.12085171462608e-11,3.77283293337269e-11,6.01586842269583e-11,-1.32971049623527e-10,2.31637673979225e-10,1.22193432445351e-10,1.3832501948212e-10,-5.49418772338362e-11,1.36839506304581e-10,-2.41251278114091e-11,2.33796427443767e-10,2.08553083673396e-10,9.96833709030857e-11,9.46590574659999e-11,6.00270084701526e-12,-2.00439568358079e-10,1.12083752985146e-10,4.69217665739384e-11,2.99022124120475e-11,4.71098999772669e-11,-1.38621145228283e-10,1.61879973291685e-10,3.9108050178264e-11,-7.25899474413271e-11,-9.2816079036822e-11,5.60552839098284e-11,-1.09755791002599e-10,-1.38095269610941e-10,4.70010365156969e-11,-2.65931860278571e-11,1.25167290017449e-10,2.56423668737244e-12,1.56158505882674e-10,-1.18426395875016e-10,-1.88082011687599e-10,-4.73995201286393e-11,-4.87184983037331e-11,-8.87698567153711e-11,-8.42482737246655e-13,-5.82412720742836e-11,-7.21720157649151e-11,-2.58401684854092e-12,-1.00585435150271e-11,6.59208338589937e-11,-1.54918279099206e-11,7.39084018696029e-11,1.08914837651895e-10,4.32505732292139e-11,-2.11047769873253e-10,7.4485008302202e-11,1.88068633776001e-10,-2.65074204059944e-10,-1.29632627955145e-10,1.08239287168209e-10,-1.8670797258899e-10,3.28658299777677e-10,-3.37240341885174e-11,1.65738954050991e-10,3.75940334182772e-10,3.58829625387476e-11,-1.20350140658495e-11,-3.42881541429559e-11,2.24964772352552e-11,-8.65916124863868e-11,7.93343002387582e-12,-5.5582736481018e-11,-1.10809075613869e-11,5.36768208147743e-11,-7.60182347158611e-11,1.05824012341861e-10,-9.02182839847627e-11,1.37441726657128e-10,-6.77374732907925e-11,-1.37934598283272e-10,-1.40490764840497e-10,1.58499666671214e-10,1.96347236531184e-10,-2.44817629475443e-11,2.98893784631409e-11,6.79649881526257e-12,2.87734919646357e-11,-1.03028375196142e-10,-1.0335271394772e-10,-1.63567929524108e-10,-5.03571558392227e-11,-1.45340619780543e-10,-9.21703574505017e-11,-3.74102498644456e-12,5.94978411714726e-11,-3.26391386836945e-11,2.87202026128567e-10,-1.53373176631523e-10,3.83675184379287e-11,-1.48345233037401e-10,4.56294416299656e-12,-2.1130196026969e-11,4.80573302223236e-11,8.36074864570696e-11,-2.11325705069468e-11,7.86418936109523e-11,1.47928470256387e-11,-8.94651366363818e-11,9.54868142906509e-11,1.01348128048445e-10,-2.23739717296687e-10,-7.764489097335e-11,-2.28308965351268e-10,-5.00370949178691e-11,4.27633818022373e-11,2.02894009369096e-11,3.83236152751093e-11,6.51639174791366e-11,9.73433581967561e-11,-6.62192041322876e-11,5.70549806451479e-11,2.05901016909102e-11,8.82770204230013e-11,-8.01616434569769e-11,-3.52041049872633e-11,-7.33083659286149e-11,-1.35817624360168e-10,2.25957943284058e-13,-1.60969273692209e-10,-1.37173749034486e-10,-3.34149874173081e-11,-7.731772562356e-11,-3.19239192871227e-11,-4.94900295582593e-11,-1.11534150084913e-11,2.05769166063779e-10,-7.14245078052967e-11,-8.20206888821521e-11,7.56853596827398e-11,1.15555241737998e-10,1.51164145546854e-10,-1.46826982639474e-10,1.43167179214634e-10,-2.62749276505511e-11,-1.27464122227414e-10,1.09796303804158e-11,8.11572232563945e-11,1.63931118941052e-10,3.82092546163298e-11,-4.53719534606755e-11,-3.63341821503156e-11,-1.49273080015865e-10,-3.15841168038382e-11,-4.31098229720155e-12,1.22544834428698e-10,1.51536498704695e-10,-1.85695155297163e-10,-3.78650494923154e-11,2.08637429295486e-12,2.03690444693192e-10,9.71166178455012e-11,7.93302914815127e-11,7.2917112325949e-11,2.03291134593599e-10,-7.99591097155117e-11,1.69691066545513e-10,-2.6647503066932e-11,-6.92226963193778e-11,-4.93545024251265e-11,-2.82256393034539e-11,-1.85320367915861e-11,1.63368056627637e-10,2.59581214266683e-11,-4.78535474563034e-11,3.45598954582861e-11,1.26524585766694e-11,-4.65261587501605e-11,-3.46716757788936e-11,-3.74780004292375e-11,1.56965374122438e-10,-7.54648729215597e-11,-6.94858944781475e-11,-4.75551328531649e-11,-7.06036638839271e-12,2.2721626446184e-11,1.0662339940622e-10,2.37401422882166e-10,-1.54178273054152e-10,7.19079796243713e-11,-3.23131449222515e-11,-8.98466724682823e-12,8.05128212260875e-11,5.18408271816866e-11,8.91086372490817e-11,1.85036031785071e-10,2.31918117898629e-11,-6.78168550263597e-11,-1.72492443977746e-10,-4.0295417024497e-11,-1.34329496966703e-10,2.24956180789497e-10,-1.43484801553143e-10,1.04901655201441e-12,3.95185584041838e-11,-3.60461390764733e-12,6.07497358250803e-11,-9.61175043419261e-12,-1.26556254851984e-11,2.82143977315919e-10,-4.4469063024898e-11,2.28585891257965e-10,-3.34654268484483e-11,1.45275478246463e-10,1.3293321368803e-10,-1.570812289909e-11,1.44550566032785e-10,1.23317710932697e-11,8.29788989135538e-11,1.27366037838002e-10,-1.31873851241821e-10,2.40057534863003e-11,-2.96949344814054e-11,1.10702876928481e-10,1.44213555571252e-11,7.12322586424886e-11,-1.15649007679387e-10,-1.06445841557975e-10,1.48918621413499e-10,4.54593328059621e-11,-6.09628970432539e-11,-2.82022656113103e-11,-5.9664300015277e-11,-5.89633080271443e-12,4.2983604205692e-11,-4.0382188604125e-11,4.68249210253033e-11,-2.16039448505743e-10,1.23368239340731e-10,-4.95041042575701e-11,-1.25890709585806e-12,6.14284236757431e-11,1.69501118747136e-11,2.77265943079759e-11,8.05901421191126e-11,-1.67729470710829e-10,-1.43848009300073e-10,1.26777938254108e-12,5.76157926297877e-11,2.27936110652622e-11,-5.93312207600745e-11,9.39708620271995e-11,2.32827662863981e-12,7.65018268036339e-12,-4.11204294168689e-11,1.77336386981409e-11,1.6802982433691e-10,4.14185923861428e-11,-1.39679839840855e-10,-1.00956881571919e-10,-1.23567972411116e-10,-1.25481531111939e-10,2.0229933128507e-10,4.84192444365481e-11,-5.81962588591668e-11,-2.49483972142231e-11,-1.23650572222378e-10,-1.45423062538677e-10,5.26118653745794e-11,6.27750682398091e-11,1.87684546241382e-11,1.22106677796075e-10,1.78716520226362e-10,-1.47179321337142e-10,-2.42250738837742e-11,-1.47855270265096e-10,1.13346189271203e-10,3.30001753522689e-11,6.84557976423216e-11,-6.43980421603695e-11,-3.28482694889211e-11,6.73125326409324e-11,-7.73236963162133e-11,3.76221557374379e-11,-7.42667735202141e-11,-9.3886043292184e-11,-1.13451760272374e-10,2.53735555167345e-11,1.00107981195294e-10,3.21706329109781e-11,-1.88372108908412e-10,9.31562247558435e-11,1.08660527569406e-10,9.74795373984951e-11,1.51462739802792e-10,3.38208472444517e-11,-1.44346428027412e-10,-8.76319388278821e-11,5.93243840155837e-11,1.80073149632373e-10,1.43186152768888e-10,4.54854573823057e-11,-2.21026635524504e-11,-1.65424128009401e-10,3.83274030316707e-11,-1.96195971318575e-10,6.64670467476559e-12,8.78454327464688e-11,-5.10119716949973e-11,-1.8903191044297e-10,1.8079762755586e-11,6.78461030521443e-11,-6.7652866936275e-11,-6.92810470050666e-11,3.28344078798508e-11,2.15682090018267e-11,4.94060494840474e-11,-9.89569032172542e-11,5.40370453802436e-11,-1.55747389110069e-10,-3.21380581684e-11,-9.30912233295281e-11,-2.13343875953996e-11,5.63765749985607e-11,3.01435834871032e-12,-6.43906074152299e-11,5.55773841236741e-11,-1.91347624932928e-10,-2.09190475478951e-10,-2.02370577251567e-10,-4.62840876809313e-11,-1.58313546879498e-11,-9.18167821663886e-11,8.00025235670446e-11,-1.81430070405894e-10,-1.09985090327804e-10,1.2084603386273e-10,6.59188216841418e-11,-1.98597809090465e-11,-1.77394107560859e-10,-1.09683990552497e-10,2.94574055633428e-11,4.21452410834557e-11,2.38918957871322e-11,2.32094979712999e-11,-1.35253571266323e-10,-7.53661206983447e-12,-1.09453151909773e-10,-7.06802612565532e-11,2.30959927510986e-10,7.10419548653008e-11,1.95114932548034e-10,3.73984332719559e-12,2.07416521550865e-11,-1.03563456275915e-10,8.38475545616163e-11,1.64601444163453e-11,1.43169452118326e-10,-1.89149592035836e-11,-1.63626386852035e-10,-1.45338328465189e-10,1.41922443646891e-10,1.10240306630369e-10,-1.93269016980624e-10,1.32305251165859e-11,-6.02477876514733e-11,9.23472459442464e-11,1.58003766940456e-11,-5.46327113380532e-12,9.42438448008238e-11,3.71442045895667e-11,-2.26253542360757e-11,-6.03678086438821e-11,-2.09836966380129e-10,-1.76835095280499e-11,5.36513648969457e-11,-8.00858425899277e-11,1.45883915789472e-10,1.35920822481438e-10,8.63257658073958e-12,8.76992213405518e-11,1.18221299165894e-10,9.6743155131922e-11,6.60942703993321e-11,-3.34808787679248e-11,-1.62913501188345e-10,-2.25790560642132e-10,5.85630964880279e-11,-1.48565194732681e-11,4.29687821727775e-11,9.79185338134691e-11,1.1393776035202e-11,7.39583393186122e-11,-7.92729832384107e-11,3.35246117904415e-11,9.20256411499849e-11,1.89361385563487e-10,1.79142848670756e-11,4.65244602624255e-13,4.22375235797344e-11,-1.76644418389056e-11,3.90086825066322e-13,5.67156289733995e-12,-1.29381924365803e-10,-4.5319767776968e-11,1.69342900408911e-10,1.31247561240973e-11,-1.18698373820583e-11,7.7344099664417e-11,1.16920918397883e-11,7.38146104512631e-11,4.31916409740826e-12,2.72991075023873e-11,1.32488829347573e-10,2.36911534215839e-11,1.77640959890644e-12,-5.46043322080301e-11,-1.35299632266491e-10,1.89091197364436e-11,-3.22271358372876e-12,6.94485888335576e-11,-4.16686644281023e-11,1.40014895094578e-10,3.51750418560234e-11,-3.52605995304201e-11,-7.12753877861017e-11,-1.25361432710395e-10,9.38131769755955e-11,-3.04522382157723e-11,6.58185011457763e-11,1.29610406205489e-10,-1.9819913734015e-10,-1.23759610350768e-10,1.51031009719389e-11,-7.85297884106004e-11,3.11182686781994e-11,-1.47670375970923e-11,4.4321409552101e-11,-7.89950422851046e-12,1.15714349042454e-12,-1.71568963313899e-10,2.98962154224048e-12,9.85608334337176e-11,-3.7583360910042e-11,7.27050135075179e-11,1.67096723033014e-11,2.4606418390877e-12,-9.50510782789587e-12,1.49446118602817e-10,6.08289066818509e-11,-4.70252538063017e-11,1.1493403128037e-10,1.43631296935186e-10,3.07034496343218e-11,-4.91129948031035e-11,9.14275994090536e-11,1.8133240792774e-10,1.50943716295491e-10,-3.11819132960389e-10,-7.02079813403354e-11,1.31684810382353e-10,8.97552984756885e-11,-1.76618240124098e-10,1.66494850647647e-10,-5.87883372561769e-11,1.68004633718304e-10,-1.38942327917419e-11,-6.95620197205286e-12,-9.06337198849148e-12,-9.75363199991717e-11,1.11675956014359e-11,-1.99856132660558e-11,8.64028715868865e-11,2.48495205808981e-10,-1.27443763748993e-11,-1.51550180989895e-12,-2.3143622183071e-11,1.77200259273564e-10,9.65331235890496e-11,-4.52684841523476e-11,2.90455140653041e-11,2.35016714084141e-11,1.15645894761468e-10,-1.05783957778652e-10,-1.72138593195737e-10,-1.30006509961617e-11,7.13537174929133e-12,2.18051191925956e-11,-9.18738918595112e-11,-5.19457650114834e-11,1.6245185389034e-10,-2.86879002141607e-11,-6.18020797329164e-11,-1.96775459159465e-10,-2.05426485720121e-10,-3.74994283969042e-11,2.96066647919537e-12,-1.83206518648952e-10,9.72391698370605e-12,-9.11066665105259e-11,-1.17233137476809e-10,-1.06768368905013e-10,-5.54232537364501e-11,-1.26509985027064e-11,6.43625029145762e-12,-9.40098106694505e-11,6.15250508592759e-11,2.82345887974667e-11,-8.72294178447276e-11,-2.01248848138219e-11,-4.4580876350478e-11,-2.03854785658312e-10,-1.11775642813326e-10,3.12078402702976e-11,1.14526015779278e-10,1.61931225144246e-10,8.71981288894815e-11,-9.45926678491716e-11,8.86865547568465e-11,-5.85810194975014e-11,2.26001277226047e-11,2.43280120588932e-10,-6.93610862197897e-11,1.95437045489256e-10,-3.71883195481065e-11,1.2750691410149e-10,-1.10637719074279e-11,5.68633732827878e-11,9.59870086209652e-11,3.89633885048023e-11,-3.52097444069143e-11,-2.56334686846316e-10,1.88303551857416e-10,-1.44358315333493e-10,7.75303410499736e-11,3.36563311800794e-11,6.10825944055366e-11,2.19504948500383e-10,-5.52334189387813e-11,-1.1740542464843e-10,-4.16389962595846e-11,8.57000312440437e-12,1.85505224903721e-13,9.19407716232921e-11,5.02152415185778e-11,-7.809524002906e-11,1.95307241390422e-11,4.55569063329017e-11,-3.98731497104767e-11,1.22476336953146e-10,-6.10974065338449e-12,-1.27605479406554e-10,3.30646031921298e-12,-1.46281460592755e-10,-7.84066287301696e-11,-1.16291251268313e-10,-6.79906754061739e-11,4.17896330887318e-11,-1.4039455907167e-10,8.05401646222247e-12,2.71558652955835e-11,3.72094342091391e-11,7.08719490567304e-11,2.5268812544246e-11,-3.04202078679912e-11,7.69760857144399e-11,6.40279159503281e-11,3.02506373884573e-11,-2.61821443148054e-11,-9.86630361847791e-11,-4.03693556294948e-11,-6.43279007269347e-11,-4.08671124460392e-11,6.47222969415634e-11,-1.42506230240196e-11,-1.22210511679485e-10,3.1666160436083e-10,1.99198022139769e-10,1.7527251539867e-10,-2.11172953719183e-10,1.50969168768578e-11,1.08783704965516e-10,-9.66263170238284e-11,-2.51238098940099e-11,-5.84637996550261e-12,6.81652250893363e-11,-4.39340004221668e-11,-1.07413613800885e-10,-4.5847260488788e-11,-1.14844720928173e-10,1.12353637949496e-10,-1.84743213978039e-10,1.17052161145126e-12,-2.15607804026825e-11,3.80610432482764e-11,2.50154400382908e-10,1.67417097883802e-10,-6.85162705310354e-11,-1.07226645711029e-10,-1.12174977374322e-10,-1.46392840276783e-12,7.06226069419509e-11,2.98037521411116e-11,7.34620003939897e-11,7.66418894431878e-11,1.42587780333964e-10,-3.92082980789761e-11,1.73275822376666e-10,-1.03842613992694e-10,-8.04354494089414e-12,1.12612613370922e-10,-8.50253971063769e-11,1.03067060291799e-11,6.65079346284196e-11,1.95686234961089e-10,3.85666243728909e-11,7.19447064630889e-11,-1.26553180035347e-10,6.0339852489152e-11,-6.12226206050073e-11,-1.68114231303873e-10,1.10364995470242e-10,1.57491622245177e-10,4.87403049881112e-11,1.08140490829715e-10,7.61523716546123e-11,-1.03748615628373e-10,9.31260189652635e-12,-5.44245993229781e-11,-8.17098910852612e-12,-1.06638419266997e-10,1.33214372114396e-10,1.21679108382637e-10,-7.81041190215305e-12,7.44964248984353e-11,1.18099573222804e-10,-8.58802294103279e-11,-8.61154017959325e-11,-1.47454801995681e-10,4.12463295610733e-11,8.82854625026405e-11,-6.29126928731087e-11,9.81176922650321e-11,1.15595104339612e-10,3.54255888307326e-13,8.46406936335034e-11,-7.66990673575044e-11,-2.16510662632759e-11,-5.36296852713489e-11,1.65645185741772e-10,1.36189720985469e-10,2.01780625360072e-10,-2.47438829759742e-11,-1.57101097113427e-10,-1.20563426543836e-11,1.13187889608438e-11,-1.86413086448407e-10,1.08972857534068e-10,1.02757518036371e-11,-4.19693028886133e-11,-3.57078331214319e-11,1.23177796698482e-10,1.01617133242267e-11,8.32215844775013e-11,5.087979644224e-11,1.57909926995229e-10,-5.26127622864995e-11,5.82816017587385e-11,-2.39468897474591e-11,5.19988505011852e-12,1.15254521371389e-10,-4.73127847896338e-11,1.62359346125299e-11,2.8099866477428e-11,-3.11453025157372e-11,1.32216986753334e-10,3.35422237635369e-11,3.84036517945227e-11,3.51358588134876e-13,1.70496407813247e-10,3.1805080604236e-10,2.59347542374244e-10,1.45785978186804e-10,2.0861429627847e-10,2.64237746457604e-10,3.20191025846655e-10,5.02635920289114e-10,4.89644350640376e-10,3.18764230121155e-10,7.32286591291781e-10,5.65507653491465e-10,5.55533425824931e-10,5.69419660892575e-10,6.22076076597028e-10,8.07763961240015e-10,8.75370377539571e-10,8.45720460306268e-10,9.2340164630722e-10,9.42629120913588e-10,1.08875655959515e-09,1.17862584071159e-09,1.3393826675572e-09,1.65745629599388e-09,1.71440779325604e-09,1.69907874774512e-09,2.21952241953741e-09,2.1720938764248e-09
