v,0.25
Patm,100000
g,9.81
r,500
G,10^11.27
rho,2300
mu,10^4.22
rc,26
 
M,10^6.32
sigma,0.25
 
tilt_erupt,2.9981nrad
 
-1422,-1421,-1420,-1419,-1418,-1417,-1416,-1415,-1414,-1413,-1412,-1411,-1410,-1409,-1408,-1407,-1406,-1405,-1404,-1403,-1402,-1401,-1400,-1399,-1398,-1397,-1396,-1395,-1394,-1393,-1392,-1391,-1390,-1389,-1388,-1387,-1386,-1385,-1384,-1383,-1382,-1381,-1380,-1379,-1378,-1377,-1376,-1375,-1374,-1373,-1372,-1371,-1370,-1369,-1368,-1367,-1366,-1365,-1364,-1363,-1362,-1361,-1360,-1359,-1358,-1357,-1356,-1355,-1354,-1353,-1352,-1351,-1350,-1349,-1348,-1347,-1346,-1345,-1344,-1343,-1342,-1341,-1340,-1339,-1338,-1337,-1336,-1335,-1334,-1333,-1332,-1331,-1330,-1329,-1328,-1327,-1326,-1325,-1324,-1323,-1322,-1321,-1320,-1319,-1318,-1317,-1316,-1315,-1314,-1313,-1312,-1311,-1310,-1309,-1308,-1307,-1306,-1305,-1304,-1303,-1302,-1301,-1300,-1299,-1298,-1297,-1296,-1295,-1294,-1293,-1292,-1291,-1290,-1289,-1288,-1287,-1286,-1285,-1284,-1283,-1282,-1281,-1280,-1279,-1278,-1277,-1276,-1275,-1274,-1273,-1272,-1271,-1270,-1269,-1268,-1267,-1266,-1265,-1264,-1263,-1262,-1261,-1260,-1259,-1258,-1257,-1256,-1255,-1254,-1253,-1252,-1251,-1250,-1249,-1248,-1247,-1246,-1245,-1244,-1243,-1242,-1241,-1240,-1239,-1238,-1237,-1236,-1235,-1234,-1233,-1232,-1231,-1230,-1229,-1228,-1227,-1226,-1225,-1224,-1223,-1222,-1221,-1220,-1219,-1218,-1217,-1216,-1215,-1214,-1213,-1212,-1211,-1210,-1209,-1208,-1207,-1206,-1205,-1204,-1203,-1202,-1201,-1200,-1199,-1198,-1197,-1196,-1195,-1194,-1193,-1192,-1191,-1190,-1189,-1188,-1187,-1186,-1185,-1184,-1183,-1182,-1181,-1180,-1179,-1178,-1177,-1176,-1175,-1174,-1173,-1172,-1171,-1170,-1169,-1168,-1167,-1166,-1165,-1164,-1163,-1162,-1161,-1160,-1159,-1158,-1157,-1156,-1155,-1154,-1153,-1152,-1151,-1150,-1149,-1148,-1147,-1146,-1145,-1144,-1143,-1142,-1141,-1140,-1139,-1138,-1137,-1136,-1135,-1134,-1133,-1132,-1131,-1130,-1129,-1128,-1127,-1126,-1125,-1124,-1123,-1122,-1121,-1120,-1119,-1118,-1117,-1116,-1115,-1114,-1113,-1112,-1111,-1110,-1109,-1108,-1107,-1106,-1105,-1104,-1103,-1102,-1101,-1100,-1099,-1098,-1097,-1096,-1095,-1094,-1093,-1092,-1091,-1090,-1089,-1088,-1087,-1086,-1085,-1084,-1083,-1082,-1081,-1080,-1079,-1078,-1077,-1076,-1075,-1074,-1073,-1072,-1071,-1070,-1069,-1068,-1067,-1066,-1065,-1064,-1063,-1062,-1061,-1060,-1059,-1058,-1057,-1056,-1055,-1054,-1053,-1052,-1051,-1050,-1049,-1048,-1047,-1046,-1045,-1044,-1043,-1042,-1041,-1040,-1039,-1038,-1037,-1036,-1035,-1034,-1033,-1032,-1031,-1030,-1029,-1028,-1027,-1026,-1025,-1024,-1023,-1022,-1021,-1020,-1019,-1018,-1017,-1016,-1015,-1014,-1013,-1012,-1011,-1010,-1009,-1008,-1007,-1006,-1005,-1004,-1003,-1002,-1001,-1000,-999,-998,-997,-996,-995,-994,-993,-992,-991,-990,-989,-988,-987,-986,-985,-984,-983,-982,-981,-980,-979,-978,-977,-976,-975,-974,-973,-972,-971,-970,-969,-968,-967,-966,-965,-964,-963,-962,-961,-960,-959,-958,-957,-956,-955,-954,-953,-952,-951,-950,-949,-948,-947,-946,-945,-944,-943,-942,-941,-940,-939,-938,-937,-936,-935,-934,-933,-932,-931,-930,-929,-928,-927,-926,-925,-924,-923,-922,-921,-920,-919,-918,-917,-916,-915,-914,-913,-912,-911,-910,-909,-908,-907,-906,-905,-904,-903,-902,-901,-900,-899,-898,-897,-896,-895,-894,-893,-892,-891,-890,-889,-888,-887,-886,-885,-884,-883,-882,-881,-880,-879,-878,-877,-876,-875,-874,-873,-872,-871,-870,-869,-868,-867,-866,-865,-864,-863,-862,-861,-860,-859,-858,-857,-856,-855,-854,-853,-852,-851,-850,-849,-848,-847,-846,-845,-844,-843,-842,-841,-840,-839,-838,-837,-836,-835,-834,-833,-832,-831,-830,-829,-828,-827,-826,-825,-824,-823,-822,-821,-820,-819,-818,-817,-816,-815,-814,-813,-812,-811,-810,-809,-808,-807,-806,-805,-804,-803,-802,-801,-800,-799,-798,-797,-796,-795,-794,-793,-792,-791,-790,-789,-788,-787,-786,-785,-784,-783,-782,-781,-780,-779,-778,-777,-776,-775,-774,-773,-772,-771,-770,-769,-768,-767,-766,-765,-764,-763,-762,-761,-760,-759,-758,-757,-756,-755,-754,-753,-752,-751,-750,-749,-748,-747,-746,-745,-744,-743,-742,-741,-740,-739,-738,-737,-736,-735,-734,-733,-732,-731,-730,-729,-728,-727,-726,-725,-724,-723,-722,-721,-720,-719,-718,-717,-716,-715,-714,-713,-712,-711,-710,-709,-708,-707,-706,-705,-704,-703,-702,-701,-700,-699,-698,-697,-696,-695,-694,-693,-692,-691,-690,-689,-688,-687,-686,-685,-684,-683,-682,-681,-680,-679,-678,-677,-676,-675,-674,-673,-672,-671,-670,-669,-668,-667,-666,-665,-664,-663,-662,-661,-660,-659,-658,-657,-656,-655,-654,-653,-652,-651,-650,-649,-648,-647,-646,-645,-644,-643,-642,-641,-640,-639,-638,-637,-636,-635,-634,-633,-632,-631,-630,-629,-628,-627,-626,-625,-624,-623,-622,-621,-620,-619,-618,-617,-616,-615,-614,-613,-612,-611,-610,-609,-608,-607,-606,-605,-604,-603,-602,-601,-600,-599,-598,-597,-596,-595,-594,-593,-592,-591,-590,-589,-588,-587,-586,-585,-584,-583,-582,-581,-580,-579,-578,-577,-576,-575,-574,-573,-572,-571,-570,-569,-568,-567,-566,-565,-564,-563,-562,-561,-560,-559,-558,-557,-556,-555,-554,-553,-552,-551,-550,-549,-548,-547,-546,-545,-544,-543,-542,-541,-540,-539,-538,-537,-536,-535,-534,-533,-532,-531,-530,-529,-528,-527,-526,-525,-524,-523,-522,-521,-520,-519,-518,-517,-516,-515,-514,-513,-512,-511,-510,-509,-508,-507,-506,-505,-504,-503,-502,-501,-500,-499,-498,-497,-496,-495,-494,-493,-492,-491,-490,-489,-488,-487,-486,-485,-484,-483,-482,-481,-480,-479,-478,-477,-476,-475,-474,-473,-472,-471,-470,-469,-468,-467,-466,-465,-464,-463,-462,-461,-460,-459,-458,-457,-456,-455,-454,-453,-452,-451,-450,-449,-448,-447,-446,-445,-444,-443,-442,-441,-440,-439,-438,-437,-436,-435,-434,-433,-432,-431,-430,-429,-428,-427,-426,-425,-424,-423,-422,-421,-420,-419,-418,-417,-416,-415,-414,-413,-412,-411,-410,-409,-408,-407,-406,-405,-404,-403,-402,-401,-400,-399,-398,-397,-396,-395,-394,-393,-392,-391,-390,-389,-388,-387,-386,-385,-384,-383,-382,-381,-380,-379,-378,-377,-376,-375,-374,-373,-372,-371,-370,-369,-368,-367,-366,-365,-364,-363,-362,-361,-360,-359,-358,-357,-356,-355,-354,-353,-352,-351,-350,-349,-348,-347,-346,-345,-344,-343,-342,-341,-340,-339,-338,-337,-336,-335,-334,-333,-332,-331,-330,-329,-328,-327,-326,-325,-324,-323,-322,-321,-320,-319,-318,-317,-316,-315,-314,-313,-312,-311,-310,-309,-308,-307,-306,-305,-304,-303,-302,-301,-300,-299,-298,-297,-296,-295,-294,-293,-292,-291,-290,-289,-288,-287,-286,-285,-284,-283,-282,-281,-280,-279,-278,-277,-276,-275,-274,-273,-272,-271,-270,-269,-268,-267,-266,-265,-264,-263,-262,-261,-260,-259,-258,-257,-256,-255,-254,-253,-252,-251,-250,-249,-248,-247,-246,-245,-244,-243,-242,-241,-240,-239,-238,-237,-236,-235,-234,-233,-232,-231,-230,-229,-228,-227,-226,-225,-224,-223,-222,-221,-220,-219,-218,-217,-216,-215,-214,-213,-212,-211,-210,-209,-208,-207,-206,-205,-204,-203,-202,-201,-200,-199,-198,-197,-196,-195,-194,-193,-192,-191,-190,-189,-188,-187,-186,-185,-184,-183,-182,-181,-180,-179,-178,-177,-176,-175,-174,-173,-172,-171,-170,-169,-168,-167,-166,-165,-164,-163,-162,-161,-160,-159,-158,-157,-156,-155,-154,-153,-152,-151,-150,-149,-148,-147,-146,-145,-144,-143,-142,-141,-140,-139,-138,-137,-136,-135,-134,-133,-132,-131,-130,-129,-128,-127,-126,-125,-124,-123,-122,-121,-120,-119,-118,-117,-116,-115,-114,-113,-112,-111,-110,-109,-108,-107,-106,-105,-104,-103,-102,-101,-100,-99,-98,-97,-97,-96,-95,-94,-93,-92,-91,-90,-89,-88,-87,-86,-85,-84,-83,-82,-81,-80,-79,-78,-77,-76,-75,-74,-73,-72,-71,-70,-69,-68,-67,-66,-65,-64,-63,-62,-61,-60,-59,-58,-57,-56,-55,-54,-53,-52,-51,-50,-49,-48,-47,-46,-45,-44,-43,-42,-41,-40,-39,-38,-37,-36,-35,-34,-33,-32,-31,-30,-29,-28,-27,-26,-25,-24,-23,-22,-21,-20,-19,-18,-17,-16,-15,-14,-13,-12,-11,-10,-9,-8,-7,-6,-5,-4,-3,-2,-1,0
-1.82797302469513e-10,1.85661576215868e-11,-3.31573801426018e-10,7.49450226947088e-11,2.24494128801708e-10,-4.48445467764606e-11,-1.86121115426265e-10,-1.40602416548594e-10,3.79915450994405e-11,2.04978778805486e-10,1.33450359949147e-10,-8.60829397659318e-11,2.92415129595637e-10,-2.0370027516504e-10,1.17675442288633e-10,2.62577757354432e-10,-5.93956545239575e-10,2.4477471681383e-10,-2.62977134262058e-10,-2.06971769320103e-10,1.58186460672444e-10,1.92558533612863e-10,7.00204793735915e-11,-4.56115861393134e-11,-1.89295693898341e-10,-3.56599479202413e-10,-7.59772905001878e-11,3.15432563114653e-10,3.17077061164042e-10,3.82847420904324e-10,1.67737240533065e-10,1.80032225480054e-10,-2.67755624700764e-10,2.08951169265085e-10,5.76244475286008e-11,1.586357584281e-10,4.3160075386993e-10,7.61528520079036e-11,2.3628635655565e-10,3.57989264589388e-10,9.93240380941375e-11,1.60203215929918e-10,-4.46726925166965e-10,-7.84014360509498e-11,5.66053658687806e-12,-4.93868242762704e-11,-1.29181802474413e-10,6.29214602660334e-11,-9.9596348641518e-11,-1.43567988310436e-11,-6.3346226156377e-11,-5.78838827734447e-10,6.56372205211261e-11,4.57426347536671e-11,1.64158738832772e-10,2.86109474907199e-11,-2.94024523438037e-10,1.47310783329398e-10,-5.56619898751294e-11,-6.68452833240033e-11,1.33300845891776e-10,2.24803682228851e-12,-4.80780472665664e-10,8.45292530229901e-11,1.3082327766658e-10,-8.27134099083908e-11,-7.99789607201606e-11,1.48812801291424e-11,1.33097304310271e-10,-1.40801167087404e-10,-2.08526242517459e-10,4.34046331122289e-10,-1.42570847836757e-10,1.8639314929142e-10,3.83494343452131e-11,1.63649857203527e-10,-1.73209548829843e-10,2.0678302106669e-10,1.76564243881149e-10,-4.92400369085132e-10,-6.02375993541807e-10,-4.35313882009745e-10,5.10538704921038e-11,2.78360413320299e-11,-2.60324664388674e-11,-4.51936986572423e-11,4.57766747856103e-11,1.52188369555529e-10,2.26432308298914e-10,-2.89142606263149e-10,-8.63650971035081e-11,-3.45089832239909e-11,-1.96132775633502e-10,4.63118771954645e-10,-7.89286921906178e-11,5.05337531716139e-11,-7.98286733529838e-11,1.00270812150648e-11,-3.99840620213929e-10,2.60401707913916e-10,-6.13518486925275e-11,-1.03210999278645e-10,3.42823214920446e-10,-3.61809904554749e-10,-1.2495993621467e-10,-1.27228101756897e-10,1.42219353511538e-10,7.05060967450539e-12,3.44729644468114e-10,-2.06159693513069e-10,-3.73199252854748e-10,-4.57184344948953e-10,7.26654388343002e-11,3.5919487480117e-11,-1.80223595392203e-10,-6.4237102489712e-11,-6.53293896887891e-10,3.73816649638606e-10,-7.35742207909122e-10,1.43235474244922e-11,8.56519846282653e-11,3.78039514464183e-10,-2.61404699725551e-10,3.71389118779671e-11,1.33196159501254e-10,1.61953152290379e-10,8.88258800560431e-11,-1.9223910769678e-10,3.61689546177855e-11,2.37019483303705e-10,-3.23620990687192e-10,-1.68591133068044e-10,3.06322738979846e-10,-2.95574463483679e-10,2.68478914983364e-10,2.54097804687648e-10,3.30637927545772e-10,1.23311969775957e-10,2.05853181175028e-10,6.46885440195448e-11,8.2905741733333e-11,8.40461280985659e-11,9.70731466776448e-11,-5.115369934451e-10,2.05867731185084e-10,3.551531398109e-11,1.11795036380226e-10,-2.86214164241409e-10,8.68298775574114e-11,-8.35858695531572e-10,4.36947501851989e-11,-5.2202594990093e-11,1.67338175726257e-10,-8.52979820281375e-11,3.69432384273631e-10,2.93865786807231e-10,1.45563212877412e-10,3.3257721961054e-10,1.33202793063153e-10,-3.24599283352569e-10,-1.2566593059685e-10,-2.57169595815161e-11,-2.85572242068515e-11,-3.35431339402846e-11,-5.23137631882393e-11,-1.48173931801252e-11,1.32077520094443e-10,-3.43169695302212e-10,-4.61469238629639e-11,-2.56649152560158e-10,2.09849507961756e-10,2.00313560274883e-10,-1.64639627848516e-10,-1.00524879639011e-10,8.55723660025705e-11,-6.73578985515069e-11,2.30745924027152e-10,-9.31739100388474e-11,2.31684658682648e-10,6.01147360871645e-10,-2.94388372071616e-10,1.6376066492713e-10,1.23779215572309e-10,5.20607983214845e-10,-3.88421586345826e-10,-3.7885104159172e-10,-7.7014040221019e-11,4.93782734735494e-10,-4.18944953401251e-10,-1.73488969306428e-10,-2.16186391115574e-10,-5.41268756198452e-10,2.66072363934395e-10,3.13150235278656e-11,1.97835864356545e-10,1.98409561815243e-10,4.82462818704328e-11,-9.90518048017515e-11,1.51183079064487e-10,-1.87090391433835e-10,-9.06553892443803e-11,-1.2364847837985e-10,-4.77670569163544e-11,-8.76591042438671e-11,9.87512662320213e-11,-2.21059866269836e-10,4.4666196722774e-10,-2.32861600457929e-10,1.21543440173085e-10,4.06323614059704e-10,3.66023387552095e-10,-1.5771872269186e-10,1.05087467467528e-10,5.68565067410739e-11,1.77773091008577e-10,-9.51278577756736e-11,1.07996437280872e-10,-1.96351372048608e-10,-2.01707277803253e-10,-8.61073125399094e-11,2.1546619119796e-10,2.09820641930558e-10,-3.97194520504631e-10,-2.4796018039751e-10,-1.69049615980958e-10,1.04700165539643e-10,3.23187971009236e-10,4.29125901302284e-11,4.50949958758089e-10,2.10595591745943e-10,5.00316532504069e-10,5.11533137884295e-10,-8.02594860994136e-11,-2.41164877091109e-10,1.37436092594533e-10,1.82037349807036e-10,-2.61687475711539e-10,2.18968645727597e-10,-1.96115857144751e-11,-5.73697829465966e-11,-2.4874638351908e-10,-1.22460950729349e-10,3.17580598650334e-11,3.64419351233332e-12,3.7689051074173e-10,2.02264469264234e-10,4.62844502879029e-10,5.47378113448075e-10,-3.35107816277289e-11,-4.6662063025051e-11,6.53051055983043e-11,-4.58806482532221e-11,1.42259752076633e-10,1.17657833840384e-10,7.14809484347133e-11,-1.05178146661604e-10,-5.43904946412116e-10,-1.9673704745198e-10,1.55103844655168e-10,-2.58921657178657e-11,-5.97279094619477e-11,1.07517860340664e-10,1.60435875791008e-10,8.34312997185969e-11,2.29867812906373e-11,-1.21102090930345e-10,2.26606311275345e-10,-9.66627908601244e-11,1.98670224424084e-11,-1.24434529493055e-10,3.33950455763013e-10,5.15351790260159e-11,1.76662181070878e-10,-2.74615026383798e-11,1.0637416909796e-10,-7.4585047688727e-11,1.50507266350712e-10,2.35189981592734e-10,2.52632207243811e-10,-1.49193726402354e-10,-7.36912242664648e-11,-1.324980837937e-10,5.77094667814868e-10,1.90217084796184e-10,-1.65219841699642e-10,1.40037224912291e-10,-3.31432176583526e-11,2.9428755089087e-10,1.37022468344098e-10,2.08653111215418e-10,-3.00210072026613e-11,1.26229459805522e-10,4.56562135878202e-11,7.79167377677751e-11,2.24864665959979e-10,-2.44907684998072e-10,-2.48228090183615e-10,3.59618560646585e-10,4.00248517000015e-11,-1.04658121790545e-10,1.03700852158184e-10,-3.19736081109427e-10,3.24903844821712e-10,-1.15017914629459e-10,-2.96410026654851e-10,1.98475393702592e-10,1.37689090154756e-10,1.95846653856015e-11,5.77458335307209e-11,-2.64490673430216e-10,-6.82727860330113e-10,-1.23522721252257e-10,-1.77904109168151e-10,-2.04475469217944e-10,1.89534497677864e-10,-3.79910581431465e-10,1.87223322174694e-10,-2.77912953601723e-10,9.69910615705389e-11,-4.0960435602881e-10,1.13796852563597e-11,4.18570836288331e-10,3.87768989035961e-10,-3.03584256013809e-10,-1.28361790372437e-10,-1.49067865981815e-10,3.27456092525529e-10,2.35294274222568e-10,1.92115157410821e-10,2.38636999632193e-10,-1.15977224754842e-10,-9.60865107707481e-12,1.65255077790167e-11,1.07065782701448e-10,-4.5592865902524e-10,-1.37830416911479e-10,-3.68138706494521e-10,-4.68604162991914e-11,-1.67060854085586e-10,7.1583541062437e-11,-5.7773225308946e-10,5.33763905673136e-11,-8.04639989325494e-12,5.16213793103504e-10,-6.99091793459608e-11,1.42118812610971e-10,4.82227484894233e-11,-3.19746874467833e-10,-1.40004089095322e-10,-1.76988600619214e-10,4.03380857270857e-10,7.8385100425499e-11,-1.06334643505119e-10,1.32372319472564e-11,1.23085008198401e-11,1.2360766485998e-10,-2.34089845417657e-10,3.13863357346046e-10,3.12643871994624e-10,1.23231732755003e-10,1.82465840687293e-10,1.04969210394158e-13,2.19976073097444e-10,3.11903921513967e-10,-3.98548278310711e-10,9.53508069071474e-11,1.02765186469916e-11,-5.30597337494842e-10,-2.53906968988868e-10,9.77764614579906e-11,5.72271358750246e-10,-2.24242911080776e-10,1.22874116376119e-10,3.4176864342754e-10,-3.28634106289797e-11,-7.42660270220012e-10,-2.2837954682744e-10,-3.18373846740928e-10,1.17621561025278e-10,1.67105081543327e-11,-1.69024438513956e-10,-3.65305218854682e-10,-2.24984096450135e-10,3.164125792923e-10,-1.85174804762064e-10,9.25909188986023e-11,-3.26145287359428e-10,-2.66473118584775e-10,-3.28966044631602e-10,-3.31143022581112e-10,-2.62243335352975e-10,-9.02120458709739e-11,-2.41786880483952e-10,-6.96423969649224e-11,2.17409559120402e-10,2.58810413665421e-10,9.73887099053172e-11,3.19575331567307e-10,5.37568621924762e-10,9.33021307272638e-11,2.60505071479414e-10,2.68725544132786e-10,3.36423473270738e-10,-5.64683640914813e-12,1.96450793543783e-10,-4.29364966070236e-10,-1.57588669206869e-10,-6.62001332373624e-11,-3.53640284040449e-11,3.14026217985442e-11,2.15571715306064e-10,-5.09050940315206e-10,-5.81290223162744e-11,-2.3480161230536e-10,1.53635944362697e-10,8.75755669279173e-11,-2.81165351848707e-10,3.23133058387947e-10,2.79808085100028e-10,-1.54367659986924e-10,3.22438673377318e-10,3.89406887783309e-10,-6.80715094394336e-11,9.23016823439224e-11,-1.76219294783457e-10,2.27607640197659e-10,1.9508086937785e-10,-1.90137033784949e-10,1.94558168485828e-10,-1.86526402543922e-10,-3.30052536590445e-12,-3.02531398530481e-10,-3.30183157808699e-10,-1.41659368759869e-10,1.23514456946363e-12,2.01824629469427e-11,3.48448377225334e-11,-1.78251018769544e-10,1.84197309925579e-10,-1.07541721174086e-10,1.66199518329154e-10,-9.34163583122901e-11,2.42104039423287e-10,2.21352586151319e-10,2.7668374792376e-11,-7.75062414546242e-11,-4.22704009307035e-11,5.37658124964515e-11,8.17234291117547e-11,-2.90054659126205e-10,1.56168079355173e-10,-3.13806790166581e-10,-1.5286352044798e-10,1.94230924419832e-10,1.1924362559701e-10,3.20090548459521e-10,1.58701225159271e-10,2.965264830121e-10,6.43381395030544e-10,-1.68385041713329e-10,1.37229882049515e-10,-3.50954064856363e-10,-4.04084373379479e-10,1.2317580310455e-10,6.35212722376149e-10,2.77566546751571e-10,1.6257414741008e-10,1.05587849403278e-10,2.39281762085487e-11,-2.69346841852581e-11,-8.54447803971533e-11,2.57950932145824e-10,-6.49808431619183e-11,-1.77857102701867e-10,3.61850304128192e-10,-1.59634877371433e-10,-1.91651847262503e-11,-4.2840322838494e-10,-9.8141731507501e-11,-6.25773210491099e-11,3.3676556071355e-10,8.18415877052043e-11,2.26193497668984e-10,-1.64274022267687e-10,-2.66032990516174e-10,-3.85232609341702e-10,-8.92529090147625e-10,-3.50331873900688e-11,2.95901392569952e-10,-4.98149747005388e-10,3.58862405059088e-11,2.92135238192472e-10,6.8262421321497e-12,9.98409732245052e-11,2.41616440660872e-10,1.34635128719701e-10,-6.66030193203947e-11,-4.19819588982337e-10,-5.62350995156276e-11,7.90815733643717e-11,1.95163220632723e-12,-2.01190745007223e-10,4.29466790084001e-10,-3.51997909321608e-10,1.49290003601492e-10,8.7212157126396e-11,1.47257622676694e-10,2.3409312920632e-11,1.28984456664534e-10,-1.70038382297987e-11,7.06581644606822e-11,-7.75026843781249e-11,-3.44431062511541e-10,-2.6524255082666e-10,-1.69954683419651e-10,-2.54736670256591e-10,-1.38630446496001e-10,5.7679429513492e-11,1.62997586525126e-10,3.27175285489005e-10,2.83723424525595e-10,1.17266402056078e-10,-1.97879508364074e-11,-3.35707400279218e-10,-2.32984651575881e-10,-1.65216628613792e-10,-1.22143506730384e-10,2.03243895266192e-10,2.97033022732796e-10,2.99413529458772e-10,-1.71023499293602e-11,1.83267766510872e-10,-2.73528768769193e-10,3.03237312068286e-10,8.40914304784165e-11,3.83213494644348e-10,-2.28651775106307e-11,1.68007219409517e-10,1.86245709756038e-10,-5.37327039205654e-11,2.04799574122363e-10,-9.08315730078036e-13,3.53307008591142e-10,-4.95367320341631e-10,-1.84202719187249e-11,-1.28774872250613e-10,1.08203620969762e-10,-3.98017019437259e-10,2.25602429095055e-10,1.02136762257341e-10,1.18524869118631e-10,-2.94527273176999e-10,-7.38022491100773e-11,-2.2843374220773e-10,-6.43289841135993e-11,1.81397514737635e-10,-7.50142470573888e-11,-1.71307872132985e-10,1.42903813374907e-10,-3.58707511274556e-10,2.60552939551002e-10,-1.67998271297435e-11,3.84694457149242e-10,-1.26442572549017e-10,1.53946551647339e-10,-3.19181406264844e-10,5.42785923700089e-12,3.78942065244578e-10,-2.22732121786521e-10,1.61378036377926e-10,7.55482416350613e-11,1.02278873283499e-10,4.48861459069271e-10,2.8000480060326e-10,2.47495041509485e-10,2.80824814183564e-10,3.79548227752419e-11,-1.36140658303061e-10,1.83443309802955e-10,1.03810987663473e-10,-1.83339495347685e-10,1.07732330577358e-10,-1.60774909426563e-10,5.08652029884801e-10,-2.12137146761532e-10,-2.6554316030762e-10,-2.32191440531135e-11,-1.45534198727361e-10,2.9190869959457e-10,-3.0223286852183e-10,-4.48647085480822e-10,1.22175954277365e-10,-2.45389503855084e-10,-1.65583816062686e-10,3.46183144033375e-11,-2.35189921909799e-11,2.17614950861071e-11,-3.35655630017988e-10,2.5303110434358e-10,-1.82438693475814e-10,3.30815341371852e-10,-4.95896277087652e-10,-3.51141871041332e-10,1.64640923594676e-10,-1.83774142457639e-10,2.43755373236739e-13,6.59541698042756e-11,1.12680510186405e-10,-4.68043174108931e-10,-1.58177020583571e-10,-3.91069448467117e-11,-2.82390597848726e-10,-6.96190641112566e-12,5.41579445639011e-12,-4.4923763834447e-11,2.23846467404037e-10,3.28893559040782e-10,2.15009053577805e-10,1.59164067856853e-10,-3.32397003573537e-10,4.96384125205457e-11,-2.07412920711315e-11,1.72548193570486e-11,-1.68961473945553e-10,-1.10702382278806e-10,-7.91844556138164e-11,3.959594715909e-10,-1.85816672658486e-10,-3.09855489313115e-10,7.39996673734897e-11,1.98755722078432e-10,-4.57540847446927e-10,7.42966226874739e-11,2.05617957667586e-10,-3.90762795270635e-10,-5.98528816001138e-10,-2.5424357806644e-10,3.92389324892185e-10,1.8936454179459e-10,4.68053751044497e-11,-2.19260583881389e-10,8.21536021946657e-11,3.41901475550231e-10,2.87497865943835e-10,-1.25166807429187e-10,-3.36830190983728e-10,-2.30051152785882e-11,1.74931291019333e-10,-4.02157219750857e-10,2.263568491362e-11,1.18305205018982e-10,-1.45614848364547e-10,6.68460830745387e-11,2.83538745438438e-10,3.39496478131536e-10,5.92661670906745e-11,-2.93246636840404e-11,-8.19120261562851e-11,-4.09506466524665e-10,1.08037085655616e-10,2.62597874616928e-10,-2.10760020251057e-10,4.75032822245247e-10,3.45968068350973e-10,-3.00749558450908e-12,-1.41100181360507e-10,-5.69088447225904e-11,-9.36700001198791e-13,2.30691112548239e-10,-1.22443639056019e-10,-1.45324139452093e-10,-1.14566837547682e-10,2.91182710292298e-10,-2.36748439436024e-10,-6.94722710027905e-12,1.07868980886912e-10,-8.72003235246358e-12,2.34650709370471e-10,-2.35252863558009e-10,1.46051051689226e-10,3.65847606410634e-10,2.25397640404094e-10,3.35524715288627e-10,4.61527550598623e-10,1.35467607684845e-10,-1.07201812919631e-11,-5.33521345226869e-12,1.83654519722984e-10,2.00817584122185e-10,1.04759335354768e-10,8.35092231122104e-11,-3.45531705131844e-10,-3.84559719636713e-12,-6.71867038648418e-11,-2.39196720392908e-10,1.66180296468007e-10,-1.17226905556739e-10,4.17286347781506e-10,1.7141659663149e-10,-5.96407331278687e-10,2.18174054596083e-10,2.08829800440962e-10,-3.02233606573945e-10,2.51264123892384e-10,-3.27413651994046e-10,-1.76545243160133e-10,3.64408955380892e-10,2.14275562190925e-10,1.62037796833675e-10,-2.59798949115001e-10,1.40751457828352e-10,6.35303554371044e-12,1.17028356993664e-10,-1.56359492105944e-10,-2.78636784779198e-11,-2.50944082459593e-11,1.7512067252164e-11,9.72781224807883e-11,1.26476623962728e-10,-1.11167364960843e-10,-1.07170033524237e-10,4.85294914166564e-10,2.51968121840618e-10,-3.23116210992998e-11,-1.27780447863262e-10,1.94577145684951e-11,-2.39169913322466e-10,6.8446667337487e-10,9.66792856212136e-11,-3.72336676033185e-10,-2.38969066646167e-10,9.61062915178351e-11,-1.65692054309631e-10,6.76688393620195e-11,8.11919288944541e-11,1.12405003588213e-10,-1.3396410768664e-10,2.85880676273863e-10,-1.39727867853599e-10,-2.46073688922108e-10,1.59540490012309e-10,6.55844102595557e-11,9.0879913526256e-11,-2.49556740077506e-10,3.40722866152308e-10,-4.98638054294775e-12,1.90656492431775e-10,1.15157920223601e-10,-1.16005803215614e-10,-5.90426703039875e-12,3.42365681201015e-10,2.9338747231735e-10,1.21794193844397e-10,3.57648777161568e-10,-4.46197632783211e-10,-9.02108524754018e-11,-2.49514168395412e-10,2.300182245958e-10,-2.5575319964974e-10,1.04160388979442e-10,2.02048123751296e-10,-2.43054434189636e-11,3.74878875984976e-10,5.24536428605827e-10,1.70647148419199e-10,1.12214898783799e-10,-3.98290868374887e-11,3.83181980196106e-10,-2.49978916825386e-10,7.21195014433831e-11,-4.2903748149314e-10,3.99907880586322e-10,-7.58670785622493e-11,1.79488037788947e-10,-2.16228747596919e-10,1.8737774099288e-10,-1.29358248062412e-10,-2.03865903888482e-12,-6.09927040552211e-10,2.73349083305545e-10,5.15446360971937e-10,2.31169241008361e-11,3.81930545125005e-10,7.4105037027059e-12,2.14361292042134e-10,1.87228576302793e-10,-2.55104293128211e-10,-4.16407480875647e-10,2.08897542579612e-10,3.99326242694454e-11,-5.44820484761925e-10,-9.14135844212495e-11,3.88554135803074e-10,4.18161593429854e-10,2.46231949509126e-10,2.47174412647824e-10,9.94968586733053e-11,5.28428529260699e-11,-1.86526894517349e-10,3.44576670305323e-11,8.03665031119157e-11,8.5099615211085e-11,3.63475843966702e-10,1.4955824842608e-10,-3.49002609897998e-11,1.57575319726102e-10,-1.90004840343427e-10,-3.00806340326107e-10,2.4737667893451e-11,-9.77439047298826e-11,-2.51940973651813e-10,4.64463961484671e-10,3.73177308805214e-10,3.52176406573341e-10,3.21551671041456e-11,1.98001765858475e-10,-1.8428831630724e-10,1.5109164496455e-10,-1.68176314833222e-10,-9.45823840781834e-11,-9.65734348932481e-11,-2.42013410678352e-10,3.88841720518374e-10,-5.50515537392936e-10,-1.17423498601576e-10,-2.19839250987162e-10,-8.90946554538666e-11,2.25415202619191e-10,-4.8135370420768e-12,-3.19128720419047e-10,8.30264331069866e-11,-5.46353459487679e-10,3.68266654203957e-11,-2.46091571067458e-10,2.75412928295604e-10,2.13352093542217e-10,-3.01286081315997e-10,2.92155540168743e-11,2.08317246501024e-10,4.87784144869177e-10,8.50817957753176e-11,-7.07663939270293e-11,-3.33574400027667e-10,1.67683628292385e-10,-3.55422022471876e-10,-4.68985512864528e-11,5.42803551557109e-10,4.11658662789123e-10,2.95674510220848e-10,-2.63485449335724e-10,-1.25116617934889e-10,2.36871434986492e-11,1.31802688977582e-10,3.03615488811469e-11,1.1830862410456e-10,-1.84071700392384e-10,1.74360288529468e-11,-3.46855165240471e-10,-2.04405160616734e-10,5.08959298847524e-10,4.94701463692613e-10,-8.6611914893043e-11,8.08191523066513e-10,-3.13879846346389e-10,-9.81907888336185e-11,-6.41011648170102e-11,-7.4599487343653e-11,3.69095453329352e-10,-2.32203130726684e-10,-1.9189612889349e-10,3.4164116746663e-10,-6.32874943697072e-11,2.87137167636725e-11,1.46178088236053e-11,4.93554509854988e-11,-1.38231195204865e-10,2.05468790737217e-10,3.19638715198933e-10,6.9630229199901e-11,-2.37257920549647e-10,3.33668217202757e-10,-1.36381169968841e-10,1.59896475655103e-10,5.15466810227444e-10,-2.37282267404437e-11,-4.57224213130567e-11,-3.36263342818288e-10,4.68827399045975e-10,-1.17836707031317e-10,-3.7139744809259e-11,1.7381091949418e-10,-4.45900771152764e-10,7.96549979748473e-11,1.49073661504317e-10,-3.64854235883021e-10,2.71747453707136e-10,2.17735123639075e-10,2.62812481858263e-11,9.78192161408953e-11,-1.38395502733831e-11,3.57375760202924e-10,-7.00777909856395e-11,-3.89514689565996e-11,-4.05728453882074e-10,-2.26243164144771e-12,-1.55688731227686e-10,-6.26675748356271e-11,-1.21493140381022e-10,2.6421039713641e-10,-9.47369897032731e-11,-1.41031927298051e-10,-1.87397680952256e-10,-6.0430422532878e-11,2.36984858645168e-10,-2.70739772370079e-10,1.20363975941912e-10,7.6339282853474e-12,1.40237944213453e-10,-4.65082812424802e-10,1.1987931636958e-10,-3.75762154334026e-10,-4.32823151016376e-12,-5.9056333440011e-11,-8.33772859468715e-11,-5.91485467880792e-10,6.31428700209435e-11,1.86903765120253e-10,4.65928378968016e-10,2.65949691694107e-10,1.73354571109229e-10,3.12225837323074e-11,1.92818635106145e-10,-1.22164950224518e-10,-1.23691921621539e-10,1.91098653070532e-10,-4.3558499450176e-10,-2.21868132182515e-11,9.2450884341356e-11,-9.06359756852978e-11,-5.10907882206149e-10,1.16430599424675e-10,1.85177194930648e-10,1.96720936148883e-10,1.6305644167404e-11,-1.79832923838308e-10,-5.54709701855265e-11,5.99895456111889e-11,-9.2719130890345e-11,-8.75248074698317e-12,3.38456982319033e-11,-2.27233636482013e-10,-1.30403690073596e-10,2.23526504338831e-10,1.20384902890035e-10,1.41166037206612e-10,-4.09580682241696e-10,1.92103361148712e-10,-1.88633295686725e-10,-3.02396136977329e-10,9.75047291473443e-11,1.29348103955673e-10,-5.15574195162684e-11,-2.34287377971104e-10,9.49896257517878e-11,-4.78049081517862e-11,-8.23568617420185e-11,1.36491425917005e-10,3.65783862207967e-10,2.28899037418724e-10,4.07184627605817e-10,1.64586082467451e-10,-2.08587469127309e-10,6.24684037201253e-11,4.74632610600997e-10,-1.51003618503186e-10,6.67688365906981e-12,3.53756606514177e-10,-1.63490859524237e-10,-3.01964474835438e-10,3.41928648722992e-10,-7.77745949780954e-11,8.37928134632132e-11,2.56741232683479e-10,4.04153047694884e-10,-1.66361370881808e-10,-1.19893637096094e-10,1.84595528794922e-10,-2.3506259215262e-10,-1.74923555037894e-10,2.21817600834323e-10,1.92155149260711e-10,1.60741873446281e-10,2.91985305788871e-10,1.74510150066005e-10,4.16040147047666e-10,1.20637395331515e-10,-2.07822885925467e-10,1.50825016266345e-10,-5.42753992791975e-11,3.11709395475928e-10,-1.29793180352721e-10,-4.42140373544753e-10,1.02357194631164e-10,4.43393270952365e-10,-1.99752927645628e-10,-2.81417921322612e-10,-3.2433603618444e-10,-2.82607017916262e-11,-2.55468122268517e-10,1.22703085717527e-10,3.62031135763781e-11,-1.46608034733753e-10,-4.24451536789705e-12,-3.97379129140904e-10,-1.24815834394776e-10,1.22986984562843e-10,-6.8820332138726e-11,-4.87144681684765e-10,-8.52132652971083e-11,-1.13305682713843e-10,1.84192353422742e-10,9.72803140291919e-11,-3.68251272954348e-10,2.76313974869417e-10,5.57028761813197e-10,7.2747443371761e-10,-6.79538138169562e-11,-8.62148015881711e-11,-1.74181560966924e-10,-1.54430816019028e-10,-4.19179797869832e-10,2.62969909716667e-10,2.67694429412562e-11,1.29426493314845e-10,-2.03734599760703e-10,1.53790191784926e-10,-1.49322986629648e-10,2.93911697454846e-10,-1.35729092578035e-11,1.31426775789102e-10,-1.60848087608211e-10,-2.46753379897194e-10,-2.00472576132165e-11,2.42115727395952e-10,4.2636621904136e-10,-1.77366482375939e-10,4.30545472212725e-12,-9.61566797970302e-11,2.80575473641366e-10,5.04338048938591e-10,5.26971092781295e-10,-8.9883378351668e-11,-2.04699272043111e-10,2.05841411341538e-10,5.14384415535126e-11,2.18478403898762e-10,1.29488297611895e-11,-3.68441200857973e-10,-1.08478904988896e-10,4.03057253912772e-10,-4.5907945607877e-10,-1.57119600303081e-10,-2.23964847284073e-10,-1.69202686706408e-10,-2.61169037915652e-11,3.22099485046534e-10,3.7229731881926e-10,6.40470106480487e-11,3.4602916364884e-10,5.75997064161911e-11,1.50182881520485e-10,-2.3443227139194e-10,-7.80628468993596e-11,2.48893824436144e-10,-1.0445352854724e-10,-2.35058544387566e-10,3.3528845726479e-13,-3.04625092133031e-10,-4.79994052393664e-11,-5.93859841201271e-10,3.98231241512492e-11,-3.30697756858829e-10,2.70019553929758e-11,-5.07309509134168e-11,-1.14249777865396e-10,-5.76791117907591e-11,-2.43142979823744e-10,1.00267723807401e-11,-4.63304888560034e-10,2.68881414144031e-10,-2.44765070429716e-10,6.74052879420815e-11,9.168331332076e-11,-1.34930369506397e-10,-3.30190078811581e-10,-3.8925491082405e-10,-1.11545517590977e-12,-1.0882275536115e-10,4.24110093700169e-10,1.08528904676392e-10,-2.17995534995204e-12,4.01729199563633e-12,1.90688528310922e-10,-5.80058783546296e-10,2.55249891842341e-10,-7.67574688472381e-11,1.1015298474306e-10,2.2613316514531e-10,3.92879359166126e-10,2.72951913257515e-10,-1.49037291613353e-10,-3.20715953120485e-10,2.30835867841145e-10,-1.86494414683575e-10,2.73532955385342e-10,-3.35928197202119e-10,5.32235078722399e-10,3.36527017782692e-10,-7.68437642254892e-11,-4.98241168147178e-10,1.61429124865389e-10,-9.0605537000715e-11,2.5216132184295e-10,7.48451740055309e-11,-5.23830508488304e-11,3.53587671185536e-10,-1.62241148738431e-10,1.95997955098849e-10,1.59498403187516e-10,7.07752520210353e-11,2.89708101434136e-10,2.34995756655252e-10,-4.5915387212692e-11,2.43057545761375e-10,-1.65324962277895e-10,1.43719872596037e-11,-3.05198006832075e-10,-1.55111671877772e-10,-7.60085098407863e-11,-2.86757961397124e-10,-1.80968463904437e-11,-1.28775506493931e-11,6.86401290185343e-11,5.61073945053731e-10,3.02258749949704e-10,2.20645885810234e-10,1.26869288030272e-11,6.80570409274046e-11,8.01401951773857e-12,-1.85302080904295e-10,-2.73028855840055e-10,-2.47398453416726e-10,1.61874569602199e-10,-8.17631426087311e-11,7.03883705414942e-11,-1.13078647394172e-10,-1.77389706871126e-10,-3.78813305947592e-10,-2.99460424712707e-10,-1.14533348838076e-10,-8.44586542787119e-11,-4.96505650744716e-11,-2.00851554969163e-10,3.17075736041741e-10,-1.79284220707332e-10,-1.23655117729145e-10,-8.69731192332943e-11,2.00986540535379e-11,5.18557068713924e-11,-5.33948000580522e-11,-3.48751411737127e-10,-1.01532591160223e-10,-2.49610264055338e-12,-9.08551636820574e-11,-8.22740030800161e-11,4.67524561574577e-12,-3.57189498910753e-10,3.3680962300068e-10,9.98951820075157e-12,-4.25506078110814e-11,8.27202874926586e-11,-9.25994550779007e-11,3.30018024886507e-11,2.15579927761638e-10,4.82410210620701e-10,-6.21899593191535e-11,1.80599899313331e-10,-2.4430078136771e-11,-1.92550652670938e-10,-2.55883411222781e-10,-4.58195467784594e-11,6.24723124100872e-11,7.60467136411302e-11,-2.16822415665651e-10,-4.63641287078308e-11,-1.7445543885888e-10,3.59279484851505e-10,-8.44710883633327e-11,1.26714002161288e-10,-4.63221865322224e-10,1.91887702809164e-12,-1.12873393648541e-10,-2.98665100393847e-10,-1.64369070804245e-11,-1.39624936921888e-10,-1.40724224221835e-10,-1.38583901921851e-10,3.49907357288837e-10,-2.38787690759971e-10,1.9459814637037e-10,3.23290475267915e-10,-4.88531415749219e-10,3.30157133360523e-10,2.97766730862874e-10,1.38375205551364e-10,-2.44975658858322e-10,2.11058472425889e-11,-1.34721594701908e-10,-2.1473091821369e-10,-4.65838513413627e-10,-2.47831492697326e-11,5.35540684139296e-10,-2.56005456160413e-10,8.52799573645093e-11,-2.82321744266377e-10,-1.36506727638009e-10,-1.55069792179364e-10,-6.75239461273881e-11,3.197698051064e-11,-2.11861913267631e-10,-6.37336540062655e-10,-6.30643049494443e-11,6.65349403464063e-10,-4.71749356434331e-10,1.52575966488526e-11,2.38617999974544e-10,8.19685322057112e-11,-4.60238495845142e-11,2.94762259448745e-10,-1.0123963652684e-10,-3.31231554451712e-10,3.01956361860212e-10,-2.92035610426568e-11,1.07201508462094e-10,-3.08254253153227e-11,1.29514804041798e-11,-4.60340997407305e-11,2.78784038664154e-10,-2.95237575994653e-10,-4.96302856838424e-10,3.35015448806238e-10,-4.94023361654995e-10,-4.85132518118022e-11,2.23808806168851e-11,1.0428157422993e-10,2.59591874362659e-10,4.62304773760951e-11,-2.16936290172602e-11,-1.11910837031561e-10,-2.30749459443405e-10,1.40990969590478e-10,-2.03390131939368e-10,-2.53918533460537e-10,-1.9589100841496e-10,-4.54146389093302e-10,-2.51667945289367e-10,4.47257339555059e-10,-2.82370701033039e-10,-1.9296240995419e-11,1.20214166283419e-10,-6.28532010982957e-10,-2.29899811636168e-10,-2.75771391233844e-11,-1.29852377953426e-10,1.9418116254834e-12,-1.56879566726973e-10,-2.42657522429258e-10,9.64266457794359e-11,7.32135542598594e-11,-1.42272800512643e-11,-5.10577858208315e-10,-2.19665544788462e-11,-9.23355200672129e-11,-3.4317525900806e-10,2.5207226591823e-10,1.3111464868964e-10,-8.58797652101679e-11,6.30883347172607e-10,7.07935078392781e-11,-2.74204005236264e-10,1.20969619111735e-10,3.40439833957264e-10,-1.12705204709016e-10,-9.37009119750808e-11,6.93159533320247e-10,4.42067721513868e-12,-1.3558405716622e-10,6.40308301283431e-10,-2.09854101584407e-10,1.21924212284833e-11,1.39103956202846e-10,2.97708429632293e-10,-4.64373247843941e-10,3.13701491758178e-10,-1.84199854748221e-10,-1.63022670813189e-10,3.98937003385528e-10,-1.68054056989034e-11,1.10018448626694e-10,-1.14903463253101e-10,4.6508540629357e-10,-5.11782028433457e-10,1.53361368957257e-10,1.38819769099394e-10,-2.43864842984561e-10,4.9596712834565e-11,-3.63081490411001e-10,-5.38320331257986e-11,8.22012501940699e-11,3.09615294982343e-10,1.34868899242566e-10,-5.0119239901663e-11,-1.27915016351106e-10,-2.90040628519862e-10,2.5732281479871e-10,1.08016426940873e-10,-6.23576499834442e-11,6.06157707197023e-11,4.96140335596548e-10,1.5810471921141e-10,1.7598798759737e-10,-1.58353809020702e-10,5.10821888064233e-11,-3.0610921458166e-10,-8.73091963470554e-12,2.1357183682368e-10,5.25186409192393e-10,-1.26272957688494e-10,-4.25384119334298e-11,1.18938407978005e-10,-2.82423874574582e-10,-5.71000305963809e-11,-3.33829834183693e-10,-3.08986976752609e-10,-1.77580186988739e-10,-5.54639847420682e-10,-1.37708892150642e-10,-1.74866212307513e-10,-3.67992568605814e-10,2.78557329204894e-10,-5.5539474453973e-10,3.24525405441038e-10,6.20266626605467e-11,-2.53434836679247e-10,7.75530039122613e-11,-2.55217832928318e-10,-2.22531319885093e-11,-4.74735533625004e-10,-2.79307489109451e-10,-2.90000608169457e-10,-2.40679250890279e-10,8.72464051533509e-11,2.27290231946808e-10,-4.90985954352047e-10,1.09950386399953e-10,7.95705043588181e-11,-4.85891842006183e-10,-2.30082305271157e-10,-9.26483703698602e-11,-1.66324735497273e-10,-2.0993866775765e-10,-4.36906626848235e-10,-2.06941136819149e-10,1.44956585590622e-10,-2.50475215248492e-10,1.55449747892588e-10,-2.39391084177772e-10,5.49740683446734e-11,-5.84810449212038e-10,-3.00953032255937e-10,1.53508603970671e-11,1.40864539362883e-10,1.39730495975922e-10,-9.99342702612227e-11,4.81345500732827e-10,-1.05412438400621e-11,1.42967442789699e-10,2.00345236075052e-10,1.59025603221733e-11,-8.26350699289711e-11,-1.76157506456476e-10,-3.15064055939466e-10,-6.99794719386296e-11,5.117444625174e-11,2.07247259620738e-10,4.14994901459811e-10,1.43222160968396e-10,-8.28452829669603e-11,1.32544156394051e-10,-1.11884317286413e-10,3.14624827121894e-10,6.67022646054864e-11,1.55414319697942e-10,-2.39493025940052e-10,5.48929170614822e-10,5.52366606616055e-10,1.41049485608108e-10,7.38149977891648e-10,4.16241369530971e-10,3.2135984099544e-10,7.03280757709183e-10,3.85511130874897e-10,7.33472791693656e-10,1.06434889819703e-09,1.20768409487311e-09,9.62320638808455e-10,9.53242674215355e-10,1.82848848097737e-09,2.14301480311447e-09,1.95518583854088e-09,2.07381097272235e-09,2.68050005432401e-09,3.08754596054101e-09,3.52919510441831e-09
