v,0.25
Patm,100000
g,9.81
r,500
G,10^11.27
rho,2300
mu,10^4.22
rc,26
 
M,10^6.25
sigma,0.5
 
tilt_erupt,2.5173nrad
 
-1363,-1362,-1361,-1360,-1359,-1358,-1357,-1356,-1355,-1354,-1353,-1352,-1351,-1350,-1349,-1348,-1347,-1346,-1345,-1344,-1343,-1342,-1341,-1340,-1339,-1338,-1337,-1336,-1335,-1334,-1333,-1332,-1331,-1330,-1329,-1328,-1327,-1326,-1325,-1324,-1323,-1322,-1321,-1320,-1319,-1318,-1317,-1316,-1315,-1314,-1313,-1312,-1311,-1310,-1309,-1308,-1307,-1306,-1305,-1304,-1303,-1302,-1301,-1300,-1299,-1298,-1297,-1296,-1295,-1294,-1293,-1292,-1291,-1290,-1289,-1288,-1287,-1286,-1285,-1284,-1283,-1282,-1281,-1280,-1279,-1278,-1277,-1276,-1275,-1274,-1273,-1272,-1271,-1270,-1269,-1268,-1267,-1266,-1265,-1264,-1263,-1262,-1261,-1260,-1259,-1258,-1257,-1256,-1255,-1254,-1253,-1252,-1251,-1250,-1249,-1248,-1247,-1246,-1245,-1244,-1243,-1242,-1241,-1240,-1239,-1238,-1237,-1236,-1235,-1234,-1233,-1232,-1231,-1230,-1229,-1228,-1227,-1226,-1225,-1224,-1223,-1222,-1221,-1220,-1219,-1218,-1217,-1216,-1215,-1214,-1213,-1212,-1211,-1210,-1209,-1208,-1207,-1206,-1205,-1204,-1203,-1202,-1201,-1200,-1199,-1198,-1197,-1196,-1195,-1194,-1193,-1192,-1191,-1190,-1189,-1188,-1187,-1186,-1185,-1184,-1183,-1182,-1181,-1180,-1179,-1178,-1177,-1176,-1175,-1174,-1173,-1172,-1171,-1170,-1169,-1168,-1167,-1166,-1165,-1164,-1163,-1162,-1161,-1160,-1159,-1158,-1157,-1156,-1155,-1154,-1153,-1152,-1151,-1150,-1149,-1148,-1147,-1146,-1145,-1144,-1143,-1142,-1141,-1140,-1139,-1138,-1137,-1136,-1135,-1134,-1133,-1132,-1131,-1130,-1129,-1128,-1127,-1126,-1125,-1124,-1123,-1122,-1121,-1120,-1119,-1118,-1117,-1116,-1115,-1114,-1113,-1112,-1111,-1110,-1109,-1108,-1107,-1106,-1105,-1104,-1103,-1102,-1101,-1100,-1099,-1098,-1097,-1096,-1095,-1094,-1093,-1092,-1091,-1090,-1089,-1088,-1087,-1086,-1085,-1084,-1083,-1082,-1081,-1080,-1079,-1078,-1077,-1076,-1075,-1074,-1073,-1072,-1071,-1070,-1069,-1068,-1067,-1066,-1065,-1064,-1063,-1062,-1061,-1060,-1059,-1058,-1057,-1056,-1055,-1054,-1053,-1052,-1051,-1050,-1049,-1048,-1047,-1046,-1045,-1044,-1043,-1042,-1041,-1040,-1039,-1038,-1037,-1036,-1035,-1034,-1033,-1032,-1031,-1030,-1029,-1028,-1027,-1026,-1025,-1024,-1023,-1022,-1021,-1020,-1019,-1018,-1017,-1016,-1015,-1014,-1013,-1012,-1011,-1010,-1009,-1008,-1007,-1006,-1005,-1004,-1003,-1002,-1001,-1000,-999,-998,-997,-996,-995,-994,-993,-992,-991,-990,-989,-988,-987,-986,-985,-984,-983,-982,-981,-980,-979,-978,-977,-976,-975,-974,-973,-972,-971,-970,-969,-968,-967,-966,-965,-964,-963,-962,-961,-960,-959,-958,-957,-956,-955,-954,-953,-952,-951,-950,-949,-948,-947,-946,-945,-944,-943,-942,-941,-940,-939,-938,-937,-936,-935,-934,-933,-932,-931,-930,-929,-928,-927,-926,-925,-924,-923,-922,-921,-920,-919,-918,-917,-916,-915,-914,-913,-912,-911,-910,-909,-908,-907,-906,-905,-904,-903,-902,-901,-900,-899,-898,-897,-896,-895,-894,-893,-892,-891,-890,-889,-888,-887,-886,-885,-884,-883,-882,-881,-880,-879,-878,-877,-876,-875,-874,-873,-872,-871,-870,-869,-868,-867,-866,-865,-864,-863,-862,-861,-860,-859,-858,-857,-856,-855,-854,-853,-852,-851,-850,-849,-848,-847,-846,-845,-844,-843,-842,-841,-840,-839,-838,-837,-836,-835,-834,-833,-832,-831,-830,-829,-828,-827,-826,-825,-824,-823,-822,-821,-820,-819,-818,-817,-816,-815,-814,-813,-812,-811,-810,-809,-808,-807,-806,-805,-804,-803,-802,-801,-800,-799,-798,-797,-796,-795,-794,-793,-792,-791,-790,-789,-788,-787,-786,-785,-784,-783,-782,-781,-780,-779,-778,-777,-776,-775,-774,-773,-772,-771,-770,-769,-768,-767,-766,-765,-764,-763,-762,-761,-760,-759,-758,-757,-756,-755,-754,-753,-752,-751,-750,-749,-748,-747,-746,-745,-744,-743,-742,-741,-740,-739,-738,-737,-736,-735,-734,-733,-732,-731,-730,-729,-728,-727,-726,-725,-724,-723,-722,-721,-720,-719,-718,-717,-716,-715,-714,-713,-712,-711,-710,-709,-708,-707,-706,-705,-704,-703,-702,-701,-700,-699,-698,-697,-696,-695,-694,-693,-692,-691,-690,-689,-688,-687,-686,-685,-684,-683,-682,-681,-680,-679,-678,-677,-676,-675,-674,-673,-672,-671,-670,-669,-668,-667,-666,-665,-664,-663,-662,-661,-660,-659,-658,-657,-656,-655,-654,-653,-652,-651,-650,-649,-648,-647,-646,-645,-644,-643,-642,-641,-640,-639,-638,-637,-636,-635,-634,-633,-632,-631,-630,-629,-628,-627,-626,-625,-624,-623,-622,-621,-620,-619,-618,-617,-616,-615,-614,-613,-612,-611,-610,-609,-608,-607,-606,-605,-604,-603,-602,-601,-600,-599,-598,-597,-596,-595,-594,-593,-592,-591,-590,-589,-588,-587,-586,-585,-584,-583,-582,-581,-580,-579,-578,-577,-576,-575,-574,-573,-572,-571,-570,-569,-568,-567,-566,-565,-564,-563,-562,-561,-560,-559,-558,-557,-556,-555,-554,-553,-552,-551,-550,-549,-548,-547,-546,-545,-544,-543,-542,-541,-540,-539,-538,-537,-536,-535,-534,-533,-532,-531,-530,-529,-528,-527,-526,-525,-524,-523,-522,-521,-520,-519,-518,-517,-516,-515,-514,-513,-512,-511,-510,-509,-508,-507,-506,-505,-504,-503,-502,-501,-500,-499,-498,-497,-496,-495,-494,-493,-492,-491,-490,-489,-488,-487,-486,-485,-484,-483,-482,-481,-480,-479,-478,-477,-476,-475,-474,-473,-472,-471,-470,-469,-468,-467,-466,-465,-464,-463,-462,-461,-460,-459,-458,-457,-456,-455,-454,-453,-452,-451,-450,-449,-448,-447,-446,-445,-444,-443,-442,-441,-440,-439,-438,-437,-436,-435,-434,-433,-432,-431,-430,-429,-428,-427,-426,-425,-424,-423,-422,-421,-420,-419,-418,-417,-416,-415,-414,-413,-412,-411,-410,-409,-408,-407,-406,-405,-404,-403,-402,-401,-400,-399,-398,-397,-396,-395,-394,-393,-392,-391,-390,-389,-388,-387,-386,-385,-384,-383,-382,-381,-380,-379,-378,-377,-376,-375,-374,-373,-372,-371,-370,-369,-368,-367,-366,-365,-364,-363,-362,-361,-360,-359,-358,-357,-356,-355,-354,-353,-352,-351,-350,-349,-348,-347,-346,-345,-344,-343,-342,-341,-340,-339,-338,-337,-336,-335,-334,-333,-332,-331,-330,-329,-328,-327,-326,-325,-324,-323,-322,-321,-320,-319,-318,-317,-316,-315,-314,-313,-312,-311,-310,-309,-308,-307,-306,-305,-304,-303,-302,-301,-300,-299,-298,-297,-296,-295,-294,-293,-292,-291,-290,-289,-288,-287,-286,-285,-284,-283,-282,-281,-280,-279,-278,-277,-276,-275,-274,-273,-272,-271,-270,-269,-268,-267,-266,-265,-264,-263,-262,-261,-260,-259,-258,-257,-256,-255,-254,-253,-252,-251,-250,-249,-248,-247,-246,-245,-244,-243,-242,-241,-240,-239,-238,-237,-236,-235,-234,-233,-232,-231,-230,-229,-228,-227,-226,-225,-224,-223,-222,-221,-220,-219,-218,-217,-216,-215,-214,-213,-212,-211,-210,-209,-208,-207,-206,-205,-204,-203,-202,-201,-200,-199,-198,-197,-196,-195,-194,-193,-192,-191,-190,-189,-188,-187,-186,-185,-184,-183,-182,-181,-180,-179,-178,-177,-176,-175,-174,-173,-172,-171,-170,-169,-168,-167,-166,-165,-164,-163,-162,-161,-160,-159,-158,-157,-156,-155,-154,-153,-152,-151,-150,-149,-148,-147,-146,-145,-144,-143,-142,-141,-140,-139,-138,-137,-136,-135,-134,-133,-132,-131,-130,-129,-128,-127,-126,-125,-124,-123,-122,-121,-120,-119,-118,-117,-116,-115,-114,-113,-112,-111,-110,-109,-108,-107,-106,-105,-104,-103,-102,-101,-100,-99,-98,-97,-96,-95,-94,-93,-92,-91,-90,-89,-88,-87,-86,-85,-84,-83,-82,-81,-81,-80,-79,-78,-77,-76,-75,-74,-73,-72,-71,-70,-69,-68,-67,-66,-65,-64,-63,-62,-61,-60,-59,-58,-57,-56,-55,-54,-53,-52,-51,-50,-49,-48,-47,-46,-45,-44,-43,-42,-41,-40,-39,-38,-37,-36,-35,-34,-33,-32,-31,-30,-29,-28,-27,-26,-25,-24,-23,-22,-21,-20,-19,-18,-17,-16,-15,-14,-13,-12,-11,-10,-9,-8,-7,-6,-5,-4,-3,-2,-1,0
-6.09240882912342e-10,-9.98400372592129e-11,1.57738201376304e-10,-9.51898540718296e-12,8.01179442498698e-10,1.33628335964113e-11,-6.88774995260363e-11,1.31834626755655e-09,4.59603058208343e-10,9.64469345571035e-10,-4.02731958719309e-10,3.85189928679151e-10,-4.8902642402227e-10,2.97766497754641e-10,2.58446511937344e-11,-7.64184816089881e-10,3.22233272789724e-10,3.32250746615508e-11,1.68283081114089e-10,-1.52752524867209e-10,-3.57309931132303e-10,-2.33144532972396e-10,-6.62577105729199e-11,-5.85872192168021e-10,3.69531532866244e-10,-8.26363590129913e-10,8.96249059506191e-11,6.9642157867828e-10,-7.51930725426911e-10,5.37613767032251e-10,-6.60217912387974e-10,-1.10017947724925e-10,-2.95585741202911e-10,-3.72006544047853e-10,-5.08173624799758e-12,-2.04217997612245e-11,-7.51891587355333e-10,1.7539899367156e-10,-9.85034657496243e-10,-2.49571822948963e-10,-5.65491568619625e-11,-1.69437417451768e-10,-5.00138463549925e-10,1.15046135282575e-10,-8.63826323689371e-11,-4.94656987973489e-10,-4.34633693165547e-10,-7.11455964914825e-11,9.78944385023189e-11,-3.61773074852983e-10,6.72186847688521e-10,2.55165491726151e-11,1.64828323609594e-10,-3.10596208460687e-10,-4.13137786106955e-10,-6.08684691833629e-10,6.87274784383153e-11,6.34436354473345e-10,2.76496892298324e-11,-5.72925593613448e-10,-7.35116084773989e-10,4.64141854009866e-10,-1.04760362844214e-10,4.49520755232174e-10,9.13403554295244e-10,-3.21166715384169e-10,3.15531093897222e-11,1.94974678726286e-10,4.92970366786179e-10,3.95088376285419e-10,-6.80141660939681e-10,-1.63667440255505e-09,4.45891713797981e-10,-5.83207538726284e-10,4.79591933199529e-10,2.87251513518136e-10,3.07686069437232e-10,-9.06832188895971e-11,-6.98800286232321e-10,6.54694092682436e-10,4.89186213952699e-11,9.92885138427804e-11,2.49007358973223e-11,-1.98482841728667e-10,7.66567153917435e-10,8.48009939294554e-11,1.42824321934192e-10,-5.76394725790072e-10,3.08287132749209e-10,3.98223826688924e-10,6.30713580057281e-10,4.36260244980032e-10,2.75808298118583e-10,-2.2978222273902e-10,1.06171046593157e-10,3.34172777433511e-10,4.18589092836473e-11,1.19997625748781e-09,2.77601019975142e-10,7.09755245637134e-10,3.06803006675476e-10,3.99824455563674e-10,-5.45968627428077e-10,-1.00469559230429e-09,-5.22089702676847e-10,-6.54885753509111e-10,-1.49910763936502e-10,9.03703518626748e-10,-3.62679014026853e-10,5.47480701096124e-10,3.2944802997212e-10,8.03340913571514e-10,7.85624213352759e-10,1.41800127615507e-10,-3.86652494798766e-10,2.81289986798078e-10,-9.46650943100598e-11,3.42105757642008e-10,3.58228197230918e-10,-6.94779163200268e-10,-4.54597530606237e-10,1.75547634446622e-10,-1.12477691131503e-09,-6.3097658432372e-10,7.36024167747854e-11,2.09969438780268e-10,6.70735741939205e-12,-1.63612597331538e-10,-6.03908565978192e-10,1.16399709920236e-10,-7.95953187655103e-10,-2.93642489600173e-10,-7.51973563986939e-10,7.33722020326551e-11,-7.56013675014177e-10,1.84109976076069e-10,1.54052500757139e-10,2.55646577817065e-10,-4.27545515956352e-10,-2.31247835142341e-10,-3.56481827076822e-10,-8.68080102005971e-10,-1.11430118722928e-09,-2.47937341973714e-10,1.16409816103427e-10,6.96248874963639e-10,3.38909803782349e-11,7.65150877898701e-11,2.44351946949471e-10,7.70943855032057e-10,2.40408253217949e-10,-2.43771135952271e-10,-5.40442374393833e-12,4.03600799701061e-10,8.90322595257406e-10,7.49818537635107e-11,-1.04154675116272e-09,-1.00284390680338e-09,-3.15074217204664e-10,5.31129068479378e-11,7.47554253158775e-10,-3.00061584198874e-10,3.34090953137454e-10,2.02286138257978e-11,3.83300895868375e-10,-2.55828245007653e-10,-1.42991457271173e-10,6.87867466417876e-11,2.40662674108003e-10,4.82376032148245e-10,-7.04437389041337e-11,-1.97725088441536e-10,-1.69022513976128e-10,-1.92407734031479e-10,-7.11664535794862e-10,-6.53958305290408e-10,-8.92180274753136e-11,-4.56348016952047e-10,-1.84508990507769e-10,-8.10208530827267e-11,-4.5406265828896e-10,-1.04454328326427e-09,5.6287139177918e-10,2.82577037059566e-10,7.24041252526438e-10,4.03648007837896e-10,-3.96146674198013e-10,1.16631707941508e-10,7.33544617976898e-10,-4.71671629615376e-11,5.39767987618389e-10,-1.0199875122106e-10,-3.59640695408256e-11,-4.87828220468958e-10,3.69855350057306e-10,1.65054420027511e-11,-4.91371023476291e-10,1.99658661283345e-10,-5.52550890962225e-10,-9.38987508885427e-11,-8.53580138047066e-10,-1.04697825366574e-10,5.14020504880932e-10,1.70368245843286e-10,2.23874042809214e-10,-1.63936995759232e-10,6.17901023009804e-10,4.1463845116321e-10,7.40800417690731e-10,-1.42906461788141e-10,-8.49958984464995e-10,4.49402366733162e-10,3.18887071700844e-10,-1.32590222283316e-10,-1.61044292587045e-10,6.15391435974424e-10,-1.72253177246677e-10,2.88856117582081e-10,3.79601312089656e-10,8.75457530908041e-10,8.78536427959442e-11,-4.31886064624907e-12,-2.73474529878253e-10,-1.44782954360548e-10,-6.98492090177368e-10,5.52081359963408e-10,-9.27268011784433e-10,-1.23363455005581e-11,2.90693703394733e-10,5.68417043074149e-10,2.36833414884539e-10,3.6487288024696e-10,2.31754364601407e-10,-2.87354215459426e-10,-2.23926293330881e-11,-8.52009522618149e-10,5.4169978808596e-11,3.69091887561948e-10,-1.10211603091435e-10,1.09082493829662e-10,-4.66282552364182e-10,2.29402829464299e-10,1.26976649268302e-11,-1.08558183782807e-10,1.17020077149498e-11,-3.8588594190421e-10,-8.95356555017706e-10,4.26452295333047e-10,-1.19615227450175e-11,2.26492403600142e-10,3.83512094092196e-10,-9.7993914248135e-10,-3.04883457076025e-10,2.04116240532541e-10,4.83628239896508e-10,3.15676917872111e-10,-6.17475224425454e-11,3.65809745841207e-10,-1.61575441827519e-10,-5.42091170181462e-10,-1.26311105780035e-10,-1.31964491655023e-11,-1.6198265223333e-10,-1.30381502498207e-10,2.03702559434747e-10,2.2986228177192e-10,1.2907238988064e-10,4.04267340695913e-10,-4.02807791669013e-10,1.14777027559663e-10,6.10282099927785e-10,2.90162688016199e-10,2.758663032197e-10,-9.37931658077082e-10,-7.86875282433188e-11,-1.13482364020723e-09,-5.04274804148173e-10,9.14741096091838e-11,4.37735980897233e-10,1.66755845774564e-10,-2.52289210343124e-10,-3.60298120551242e-10,-1.16596164102689e-09,6.40695451763928e-10,-2.30470457721449e-10,-1.89506838681048e-10,4.14850180112965e-10,2.06142784137825e-10,-3.78484253546014e-10,-3.15418506430431e-10,4.59520526715969e-10,3.24921856796977e-10,-3.65730954503149e-10,1.08479714306825e-10,-3.47793888800524e-11,-6.81179808286834e-10,-7.48772272537897e-10,4.6738465259752e-10,3.68642984554902e-10,8.34124210259914e-10,-6.85719601784669e-10,8.57363124860253e-11,3.04717703448181e-11,1.03685671131721e-09,1.65821985671382e-10,-8.64440050553493e-10,2.41279376901263e-10,1.70251175955151e-10,2.81236414770288e-10,3.64517918170604e-10,4.71502779963862e-10,7.47259364577143e-10,-1.12309934672159e-09,-2.82897944096882e-10,3.86687847169921e-10,-4.02603738129236e-10,4.56927757375874e-10,8.64947817004582e-10,-9.05065795524969e-10,-1.17499688824873e-10,6.42699185137292e-11,-1.19218369273606e-09,-5.64830242900674e-11,-9.05981756310059e-10,3.80702500316713e-10,4.44499086043801e-10,6.35508600064388e-10,-6.98584510846775e-10,4.76825627868976e-10,-4.08214675826271e-10,7.71162383798476e-10,-4.43722034234815e-11,6.99540298028251e-11,-9.29146543244292e-10,-5.61182478954744e-11,-7.24534777519187e-10,7.8031300812412e-11,-1.06723999415071e-10,1.1125252440814e-09,-1.54661747038408e-10,6.93558444745844e-11,1.73094999471873e-10,6.81938034653381e-10,6.54659381151207e-10,-9.63090997984478e-12,-1.2694016695318e-09,-7.47575830059081e-10,5.4608836259891e-10,2.89177495508384e-10,2.79334149368189e-10,3.79871628745274e-10,-2.22574143992047e-10,1.28436262056669e-10,-3.52309003096374e-10,1.33663266517758e-11,1.38466222300583e-10,5.37263423344622e-10,4.59928339198705e-10,4.94691580909544e-10,3.23912235895256e-10,-4.33848992939079e-10,-7.1368799339963e-10,3.75910648774469e-10,-4.48321897396756e-10,-7.88300271821311e-12,-3.72114838784159e-10,-5.48393867227774e-11,9.44871513232021e-10,-4.7623805592947e-10,-1.96836497310123e-10,9.55788865514011e-10,2.5975079931358e-10,5.26587742542193e-10,2.15618985450526e-10,-2.58800297586983e-10,1.48576035513957e-10,-2.1246190888875e-10,2.6475964406627e-10,2.39140538807425e-10,-2.03621379913896e-10,-2.29879827531163e-10,1.85327602721133e-10,4.16522230726975e-10,3.75773856280856e-10,2.49382610030904e-10,-3.67201714640123e-10,5.81609284730739e-10,3.2588796517128e-10,-2.32117661304189e-11,-1.14825656560985e-10,-2.36799205426354e-10,1.28270993979823e-10,-5.33784815595424e-10,5.66032422004717e-10,-6.75189736165223e-10,-5.35012250176134e-10,-5.29199424972968e-10,-3.41938917503191e-10,6.19643682447191e-10,-5.00411589077721e-10,5.4299846284406e-10,6.17962368899634e-10,-2.49132881873194e-10,-7.02593501825976e-10,2.01536595066644e-10,-5.37196541836857e-10,2.93112356706642e-10,2.63645455122728e-10,-1.44954142461345e-10,-1.06316092103969e-09,1.32222508866555e-10,5.54592934233231e-11,-3.06011676545239e-10,-1.55150844433009e-10,3.23724268635054e-11,-1.38557122103639e-10,4.30565062066265e-10,-2.45872776572216e-10,-6.06301877946084e-10,-2.4953573457697e-11,-6.51102404438938e-11,-3.77233294910255e-10,9.63695546354698e-10,-2.68294118714666e-11,-1.22283246496992e-10,-1.71151353144387e-10,-2.27070644250917e-10,-5.58064090298644e-10,-7.21506644984029e-10,1.18058834904955e-10,-3.16675267888973e-11,-1.75306357732351e-10,-6.57222545640703e-10,3.7999011399567e-10,3.43256851678763e-10,9.61976298570896e-11,-8.52173609087364e-10,6.35350985280988e-10,-2.5869292326092e-10,-1.52846459815849e-10,-1.76390728763892e-10,1.62680411848128e-10,3.79727220262264e-10,4.76081370202783e-10,-1.87214869095295e-10,-2.85458550971957e-10,3.12743732963359e-11,5.63558934870514e-10,-1.0565867723676e-09,3.42715432136709e-11,-2.47579988604535e-10,1.78090122463308e-10,6.70966180168245e-10,-6.94441458238404e-10,-1.04288412777209e-09,-4.13977456860609e-10,-2.99026413005572e-10,-1.09912989980898e-09,3.48218322305493e-10,-2.4590487832396e-10,-9.00380704871713e-10,2.18765858750826e-10,-2.33389800265955e-10,8.49275029828594e-10,3.05631345799161e-10,-4.93351452604352e-10,-8.03409286255516e-10,6.45948721568642e-11,-5.81077860252348e-10,4.63730083476392e-11,1.77220147777641e-10,1.02822635567405e-09,-2.19507424396813e-10,4.89979760003831e-10,-4.40198933414098e-11,8.54937550549914e-10,1.16246422349668e-09,4.85563332307797e-10,3.85916606163705e-10,-2.77061127872841e-12,4.32258259655113e-10,9.48886082517225e-11,5.23589052531609e-10,3.19032546570641e-10,4.06734237246978e-10,-7.00477514479488e-10,-6.50261942321199e-10,4.22328979052809e-10,4.90497302532632e-10,2.3666342411446e-10,-3.20991212674614e-10,5.98588864340314e-10,-3.18172567850051e-10,-1.43897496431325e-11,-3.25905240827957e-10,-2.65217573537333e-10,1.60143925432785e-10,6.42661180934055e-10,-1.72669200886594e-10,-1.35983339941783e-09,7.03658575672645e-11,-2.20056033706712e-10,3.40935620705055e-10,8.67134409053328e-10,1.78533842263147e-10,1.26650620557031e-10,-2.32094922431864e-10,2.65491575837109e-10,-5.69063443347546e-10,9.83955214915403e-11,5.56587552974169e-10,1.27497249498511e-10,-1.65156746110243e-10,7.74023728256734e-11,2.54376155367428e-10,-5.58075972805208e-10,-6.94022361600966e-10,-1.65471164511722e-10,-7.00667231334388e-11,2.61970022195373e-10,-1.07204563707823e-09,-5.59622792226136e-10,-2.44503248194368e-10,-7.89066639768911e-11,-2.3967870159507e-11,-9.62280110718438e-10,8.22407729002425e-11,6.1207465397196e-10,5.26629929435549e-10,3.34932572960001e-10,-2.43031745164911e-10,9.74360041755485e-10,-3.58714453826063e-10,3.8023328095804e-10,-8.47984243329492e-10,6.92789963810121e-10,2.01907063711496e-10,9.46458852849825e-10,-1.43515683986419e-09,1.71469966447069e-11,5.91598149677514e-10,1.50690268884774e-10,8.99603564170142e-10,3.43055007749955e-10,-7.891595922003e-11,-2.17711061406471e-10,-5.96819461605217e-10,-1.71893637338977e-11,5.06990321970618e-10,-7.31731355946145e-11,1.05650175719492e-09,4.83454315697456e-11,-2.19073544309288e-10,-5.93184870244347e-10,-5.60730359589498e-11,2.90311374255231e-10,6.48921095129483e-10,-3.04030117524794e-10,2.94569314226671e-10,-3.74067416920299e-10,-1.55927277321836e-10,-8.5267011168717e-10,6.72766423280753e-11,-8.25798503721785e-11,1.95758859494859e-10,-4.70126822903624e-11,4.94610074554206e-10,-8.3637133568901e-10,1.7113202425753e-10,-5.5190403350593e-10,-9.53043430699544e-10,2.26644631135461e-11,3.19499601022141e-10,-3.00316554211996e-10,1.08121961819061e-09,2.63774147306598e-10,-1.20459747110692e-10,-2.05742836595108e-10,3.54850428031368e-10,2.2689777684103e-10,4.03435678419549e-11,7.05513338066988e-10,-2.06076869264836e-10,-4.24764581065932e-10,-1.52800556029047e-10,2.37444087209634e-10,1.05968292511721e-09,-5.15384762770905e-10,-1.583665899249e-10,2.82711126085727e-10,-1.33619392482808e-10,-2.46177206772143e-11,-7.44595673534765e-10,6.05731218799173e-10,-1.50298714506829e-10,-4.88488156319715e-10,-1.73262703372472e-10,1.29507349542793e-10,9.16043447571907e-10,-9.52688542617987e-10,5.1014082328661e-10,-9.52091719870165e-10,3.51570787141874e-10,1.01380200810724e-11,-2.38485778816673e-11,-2.67860320275092e-10,2.06908635799809e-10,-6.97385277124909e-11,-7.22451320962356e-10,-4.11581513879248e-10,6.67479230014916e-10,4.95245046185374e-10,3.73326235694986e-11,-4.29826104895179e-10,1.19900294270501e-10,-7.39605232095262e-10,4.78136659547322e-10,2.08146295205284e-10,3.38082847582018e-10,3.42200081053959e-10,-2.47098814070894e-10,5.92330792181792e-10,5.16562730726413e-10,2.35905944045283e-10,1.15623043665479e-10,4.34157126977326e-10,8.20091696369769e-12,-2.17014134608241e-10,3.95028826278323e-10,1.96230614971349e-10,8.60059395405134e-10,4.10936298760069e-10,-1.96050121984567e-10,7.45981244775158e-10,6.59819406720416e-10,-1.59816000167548e-10,6.71959616171053e-11,8.30865095928223e-10,-1.70868578462511e-10,2.16951787324336e-10,4.37039773510206e-10,-3.02363602886232e-10,4.45707848511522e-10,-5.91789553969318e-10,2.14888553450752e-10,-1.32856091031536e-10,-3.77750636063442e-10,-4.84071901704402e-10,-5.01631754937534e-10,-3.93479908659844e-10,8.11092494578193e-10,1.84755581088062e-10,-1.5479711307864e-10,2.26474354092555e-10,3.80278668833236e-11,3.24582100557516e-10,1.58995219090682e-10,-4.85342470008307e-10,4.06913424913204e-10,-9.9003903699109e-10,6.22407492745285e-10,1.18621601783192e-10,-1.18740304988836e-10,-2.09708827024364e-10,1.54434401464471e-10,5.1857084229738e-10,-2.74624601328394e-10,-2.96894002086762e-10,3.57991017531436e-10,2.04088261731103e-10,-5.76456999688699e-10,8.80760395035985e-10,6.14722746425518e-11,-4.12460742696652e-11,6.73176602612073e-10,3.42811681641001e-11,1.99333439331689e-10,-4.12619270451371e-10,1.15494751867945e-10,-1.20812291160067e-10,-1.01343906204852e-11,5.72137259887406e-10,-2.4472903236672e-10,-5.09370620716845e-11,3.84681692976507e-10,4.45440565973211e-10,2.60520116834994e-10,4.0075732707757e-10,7.49547274956823e-11,-2.85012921834112e-10,3.83419966942349e-10,2.83591733973943e-11,8.4664482652034e-11,1.84736707240664e-10,-5.11363702571095e-10,-1.75142474214644e-10,-8.76073975032713e-10,-9.49264447996991e-10,4.5044574647038e-10,6.25939447687878e-10,-1.42073034378035e-10,3.20992464175976e-10,-4.66992958261404e-10,2.03502479228619e-11,6.98296121950533e-10,-3.84062723958653e-10,3.02052018779984e-10,-1.00019747763408e-10,3.09917337489866e-10,-1.17614316104229e-10,-8.72716111704451e-11,-2.41387951514298e-10,3.19831225700987e-10,3.02805855188334e-10,-2.62054879173584e-10,1.37169636160925e-10,-4.58067061840239e-10,2.09590047845602e-10,-5.44257245059861e-10,1.00295403686925e-09,2.97468647796682e-10,9.0048109250638e-11,-3.94798819596552e-10,8.00097820270586e-10,-4.63836464512759e-10,2.27057939078305e-10,-3.84839782844176e-10,-8.39232999966528e-11,1.93522351939019e-10,4.78094002248895e-10,-9.11242601706525e-11,-1.84802780900777e-10,-3.28084811407649e-10,-7.36553534619631e-11,-1.09845072390993e-10,9.75030154663192e-11,-7.90045069625628e-11,-1.24047885763974e-10,-4.41100620176525e-10,-1.62192930861379e-10,7.58821743367144e-11,-2.22976965438051e-10,-4.17734373151358e-10,-8.31710873873164e-10,-1.1808540060241e-10,-2.05146697812468e-10,-3.04818167531859e-10,7.30286516503335e-10,-2.05854282515087e-10,1.72779775787207e-10,3.61140528832974e-10,4.20336337990133e-10,-5.55886986845968e-10,-2.58791469541612e-10,4.94022612731919e-10,-4.6628100661273e-10,1.60281621857003e-10,-1.63241698649248e-10,2.74858685465121e-10,-2.35651921779388e-10,-8.65109369212157e-10,-6.37262626546699e-10,-4.39130586760998e-10,-1.20818138778395e-09,-1.31197863648569e-10,8.01577285643847e-10,5.74787614306772e-10,-7.86976659296019e-10,3.0732278871995e-10,-2.37132665515397e-10,-3.95199837564719e-10,2.48836022889652e-10,-2.82328292468632e-10,-5.25921934530457e-10,2.81208238062121e-10,-1.17024367305119e-10,-2.78874857611261e-10,-1.75219477103229e-10,-3.59635999522881e-11,8.2924834956866e-11,3.70837855291043e-11,1.89236545986748e-10,3.00088580385934e-10,-9.46952219470962e-10,-5.61325637324503e-10,-3.28484429977981e-10,-5.56011167262362e-10,4.62149632936021e-10,5.19303018612332e-11,4.35219413577702e-11,6.16292184396297e-10,4.84480531348441e-10,3.43116309497422e-10,1.65638373886349e-10,5.87816031095053e-11,-1.7235840410975e-10,-3.24544510056656e-10,-7.16324428615132e-10,-3.15823754677733e-10,-3.92951185390765e-11,3.82492096002989e-10,-1.13118972629054e-09,9.15481216313116e-10,-5.8616574154354e-10,1.3523742525509e-10,5.46596973081755e-10,8.79838719059652e-11,6.25026832326556e-10,1.04660826851472e-10,7.97094059569654e-10,-3.5625901633891e-10,-3.97659942898768e-10,1.38829372356166e-10,1.19956326760581e-09,7.39440985891599e-10,3.43138713361319e-10,2.53748820964759e-10,5.52669711919551e-10,5.47860484235176e-10,1.36783369887078e-09,2.97698808188394e-10,2.2523517578068e-10,-5.68273967295743e-10,8.46732101901198e-10,-5.46141961614857e-10,3.07744485868089e-10,-4.72084132901256e-10,-1.36347747217519e-10,2.09100159230829e-11,6.43830163830726e-10,-1.67153481111464e-10,2.97585091616411e-10,3.94106444051884e-11,1.26388762910231e-10,-7.99938019566425e-10,-6.284920823379e-10,4.29324523712922e-10,1.30439071970067e-12,3.61486997948287e-10,-2.92029981474952e-11,-8.30481403477337e-10,3.36200013522659e-10,5.7431212043476e-10,3.05023876097739e-10,-1.86820529686726e-10,-3.90476880604165e-10,2.11487009652906e-10,9.33588437750561e-10,-7.23670232915505e-10,-3.10184928374274e-10,1.34740925359367e-10,4.68480942697809e-10,9.05117187790978e-12,4.92301856779755e-10,-7.00065386818416e-10,-5.01955132028499e-11,1.33178354710999e-09,5.22083024422312e-10,-1.16126886273338e-09,9.88427697856168e-11,4.08347411862042e-11,-3.70244758034635e-10,1.05694697979336e-10,-1.13205287440247e-09,-3.77041381690009e-11,4.09321870087082e-10,-2.32048638952101e-10,2.35616957421287e-10,-5.92674417953388e-10,2.06329085124075e-10,3.34436409529257e-10,-6.40787608814653e-10,9.56704743911783e-10,6.31577144663757e-10,5.1324333513568e-11,1.45004967264646e-10,-8.80751905831722e-10,-6.46175201536245e-10,-8.58892672847449e-10,1.63398200580292e-10,5.75789941711497e-12,5.47136608177461e-10,1.73637249499182e-10,8.53797243061959e-10,3.59197934894821e-11,2.45564209761109e-10,2.20853613426051e-10,-1.4376068747972e-10,1.99610774025773e-10,-7.03929422374809e-11,1.83574697568668e-10,2.18006539912189e-10,-2.15465621029447e-10,-8.51070098924617e-10,8.13817138027468e-11,-4.25547728180413e-11,3.21955100756173e-10,-4.05396925137512e-10,-1.21506753317185e-11,9.62575546836813e-11,-1.22073508107558e-10,3.44419446864847e-10,2.61949568562298e-10,-7.42756156085496e-10,-1.255418049928e-10,-3.85166442186603e-10,-4.24628655480614e-10,-4.34780548656915e-10,4.9629752001904e-10,-1.64263488385006e-10,-6.59742429917341e-12,2.50438261246859e-10,2.36395351209797e-10,-3.16116039895193e-10,-1.59330010969482e-10,-3.1508408949616e-10,5.3132446422811e-10,-6.01460810678943e-10,2.26497283812955e-10,-2.79450175372512e-10,1.18523214220335e-09,-4.65753203078921e-10,-5.96471662346136e-10,3.80392158071283e-10,7.00423737423326e-10,-4.10693388481227e-10,-2.69646669181645e-11,9.00464971786342e-10,4.44127833664805e-10,4.81138023375898e-10,2.23880617076645e-10,6.08734759289744e-10,5.72453299920071e-10,-6.7396176234562e-10,3.47528219768112e-10,-8.45459420633242e-10,-1.07345004389135e-10,2.55361474759864e-10,8.5623712806304e-10,1.80223243878253e-10,-7.19922959033976e-11,8.13010227807644e-10,4.08593074717561e-10,-6.63651705534075e-11,5.46702119864568e-10,2.41130984986434e-11,5.81214833078562e-10,4.7294700832608e-10,-8.03947070562103e-11,2.16591286957457e-10,-5.20157868757213e-10,-4.71789974198128e-10,2.14636493346656e-12,2.42055788153922e-10,7.84450121722328e-10,1.83882763672989e-10,2.88230357432534e-10,-5.10827677867297e-10,-3.18418248010678e-10,-8.5214812889819e-10,4.6898182579928e-10,-5.78768554906642e-11,4.85241409355368e-10,-4.34415639190673e-10,6.6096846372673e-10,2.70330028500347e-10,2.04664782202155e-10,-5.91327777875968e-10,8.23212161881859e-10,1.23575996073591e-09,5.05297116607752e-10,-5.3276327789223e-10,2.28838913246477e-10,-1.81108562995222e-11,-1.00970094765323e-10,5.42246289688905e-12,-3.5050029017748e-10,-8.01868672069529e-10,4.46293768237569e-12,6.80262121809191e-10,3.46153299890792e-10,1.74803956277718e-10,-1.76710050366066e-10,9.78120529088347e-10,3.13252153062347e-10,6.53150011199493e-10,-3.59201974636674e-10,-1.52585706341869e-10,-6.21965735086137e-11,-2.7883509296116e-11,9.26688111198148e-11,-5.77332886611536e-10,8.20043385556098e-10,2.5514026849661e-11,4.66168605637844e-10,-4.21464045691312e-10,-6.42828363971371e-10,-4.1568617486339e-10,2.90418094203923e-10,5.37957645576947e-10,6.41652417195386e-10,-1.99234502291834e-10,-8.95846303171582e-10,-1.495667074747e-10,-2.89471340816083e-10,-7.18007609594182e-10,8.00211892680781e-11,-4.27442121229388e-10,4.42154763647506e-10,-6.78559420578048e-10,-5.78830986699006e-10,6.85690757737349e-10,2.77656150071928e-10,1.35848330380556e-10,9.38052299011295e-10,2.91062252699044e-10,-9.46197240804822e-10,4.16918923751435e-10,-6.86640934258312e-10,5.37160410078656e-10,2.99688450339344e-10,-1.84126363502757e-10,-8.76552404008867e-12,3.96936053044608e-10,1.49903187033712e-10,1.26893127986274e-10,5.39228504125698e-10,-6.73720630049384e-10,-2.9134476804244e-10,6.69209708273521e-12,3.22742261844245e-10,-3.72780743938893e-10,-8.13532693350678e-10,5.04476062804458e-10,-1.18129750354691e-09,-1.52045680519238e-11,-7.49667891948584e-11,2.7297593565299e-11,1.81648022114927e-10,-5.70770126667134e-10,-7.0903010763749e-10,-4.52577909282201e-10,-8.75090736811514e-10,-4.20411166866528e-10,7.68769886713107e-12,-3.00986980871542e-11,-7.90129033445555e-10,-1.33614661202305e-10,-1.39064244259113e-09,1.70710078249671e-10,5.16622900592017e-10,2.40445180728009e-10,-3.48070461192776e-10,2.7899155609756e-10,-6.5479940382555e-11,-3.28816924057895e-10,-7.15598277567906e-11,-6.32121149155616e-11,-5.54716184949898e-12,2.78921117158806e-10,-2.47608862806483e-12,-1.10613057643093e-09,-7.46179518910387e-10,3.52587548993503e-10,3.96204220313205e-10,4.53186744571008e-10,-4.57086625586195e-11,-5.20931664303811e-10,5.08916606475653e-10,1.54523640121069e-10,1.00087325369913e-09,-1.9013288196611e-10,-3.07209844658334e-10,3.31170976817764e-10,-2.81887511082626e-10,-1.71214711444577e-10,-5.09748545231966e-10,-6.46297960283634e-10,-8.89169154082228e-10,3.91927997604627e-10,-8.39004081766998e-10,-8.93583155240212e-10,-5.19192609522785e-10,7.64044411615127e-10,-8.44356122161341e-11,4.49886229477541e-10,6.18976986583276e-11,3.34939181531943e-10,4.90323961730482e-10,6.46812645680197e-10,-9.04167149103119e-11,2.08121886326332e-10,2.87669927225099e-10,1.94880481682005e-10,-6.5771411540507e-10,-1.67608117673619e-10,4.92106929945459e-10,2.67413639757906e-10,-3.43795079062388e-12,4.64201504573874e-10,4.39974326232036e-10,4.37416460576162e-10,2.1204685429882e-10,3.58658813946323e-11,-6.88415663037048e-10,-4.42614030063678e-10,-4.52992473821918e-11,-3.46193284896835e-10,-2.95479545029858e-10,1.76870441599292e-10,-1.70236755971962e-09,2.44850693691898e-10,1.79874624406005e-10,2.40377092250165e-10,-6.51168539088995e-10,3.07695231817403e-10,7.59828248588853e-10,3.87968925618466e-11,-4.25502567654757e-10,6.41835013459712e-10,7.35757394578051e-11,2.71986860981007e-10,1.16549716237434e-10,-1.59289773043899e-10,5.1160939649023e-10,-8.32466717548183e-10,-2.87050174784408e-10,3.94717176327474e-10,-1.02130356250535e-09,8.87322100235245e-10,-8.5496701986893e-11,-1.13085993918484e-09,-6.89878903035968e-10,5.80507172192391e-10,-4.43810041699231e-10,-2.62599417935002e-10,4.26702840846924e-10,2.99586461727019e-10,1.39016821637512e-09,3.070837373679e-10,-9.18503358475743e-11,3.77608432307263e-10,6.43363990444203e-10,4.53020741431497e-10,-2.10466527405384e-10,-5.37641049712096e-10,-1.65293444781853e-10,-3.39633374979989e-10,2.06977270719008e-10,3.76282022435891e-10,-1.72405889235715e-10,3.48377752772251e-10,-4.32876776520768e-10,-4.69867261142469e-10,-1.97551015346793e-10,-2.27473951256771e-10,5.62968532388911e-10,-7.21917857280391e-10,-4.37015936978093e-10,-1.5988855802912e-10,-1.0134870121663e-10,-3.67147802542711e-11,-9.67256407110993e-11,-1.14028891352423e-09,6.21328777220386e-10,-7.19859640550187e-10,3.88331888948058e-10,-5.98317667051542e-11,-5.17018144998876e-10,-6.89907391566261e-10,5.6691300059983e-11,1.07673765834504e-09,-3.17690625405292e-10,3.13227388913582e-10,5.85116665946138e-10,6.00973856604693e-10,-2.3569108839017e-10,9.18093479155921e-10,4.43113625038501e-10,2.95827457169043e-10,1.05182348517124e-09,3.03502495405738e-10,2.67287654182694e-10,8.31587395018885e-10,-3.70144059555047e-10,7.28224570313402e-10,-4.73708530069894e-10,-4.51411108664331e-10,4.11532182985677e-10,4.60726076176664e-10,9.42866392593053e-12,1.36380861939028e-10,5.05783123930384e-11,1.75836269617897e-10,-1.01953530455582e-10,3.3232299588406e-10,-8.20474519426623e-11,4.15169659303416e-10,-2.5872405428244e-10,3.96368354786327e-10,-1.70315181520526e-10,5.37014199277005e-10,1.58182052058266e-10,3.8999554593223e-10,-8.76372503968484e-10,2.90452074845273e-10,6.48908152795548e-10,-4.35287742082631e-10,6.67865227609609e-11,-1.91006117318349e-10,-1.17991176604978e-10,-6.21321777545037e-12,5.14593000480459e-10,3.96502050791859e-10,-3.72555155405375e-10,7.36373696821227e-10,-4.6661391868127e-10,6.29772288421345e-10,6.35040017749602e-10,4.35082915975998e-10,-7.33044834283012e-10,4.90121673350353e-10,-1.62435353172201e-10,-9.40722671634808e-10,-6.99171751412388e-10,2.30826814208866e-10,9.1977727755423e-10,-5.72576445675991e-10,1.72556666651153e-10,-8.04585693992441e-10,-3.72813754676188e-10,-4.98778555713558e-10,6.94382210251852e-10,-9.57017451521497e-10,-8.17509081985184e-10,-3.36087773348625e-10,-4.40029858864334e-11,-2.96700034412074e-11,-2.20039529204887e-10,2.66050521579099e-10,8.95594377825365e-10,4.63427799699143e-10,3.69565869200572e-10,-4.11162188739422e-10,-3.41161403854705e-10,-1.10160468509921e-10,-4.62432531658175e-10,-1.41256776002076e-10,3.82421872186515e-10,5.73374156548405e-11,1.81542978020461e-10,1.4991096938441e-10,-3.79263277492632e-10,1.03231270591259e-10,3.69017550546102e-10,1.02752847142855e-09,1.59741122533561e-11,1.99436410087241e-10,2.47711641313606e-10,5.25212881332211e-10,3.97285522913008e-10,1.06856790061238e-09,-4.94936755228303e-10,6.02301432880342e-10,2.83676522101403e-11,7.67402676587377e-11,3.35972409765093e-10,3.83855553463745e-11,-1.39270410819646e-09,1.79368249918394e-10,-2.93533557975191e-10,4.42518294736772e-10,-3.0342873708473e-10,7.05756910731585e-10,1.10113959007176e-09,-6.82791544679277e-10,4.23209320012335e-10,-5.08922366294342e-10,3.53682404665517e-10,-2.7714215609691e-10,2.27382917784301e-10,2.84114869540423e-10,-5.48276305076486e-10,6.14371884646872e-10,-1.31009234939961e-10,-1.45205891514546e-10,4.27379280185468e-10,6.45051483882654e-10,-4.03050254077936e-10,9.35830288296424e-11,-5.8810743215552e-10,2.88554620869389e-10,6.11509659234683e-11,-3.95550157615666e-10,1.07537312038039e-09,-1.42519024959814e-10,1.22882190124238e-10,-9.22405525568435e-11,5.58570117903232e-10,4.22572230161792e-10,5.6417301191234e-10,5.86639625583667e-10,9.44816998105862e-11,1.1876746505757e-10,-5.83462638493968e-10,-6.6011473720919e-10,-5.84848012183937e-10,6.86426998101687e-10,-3.83883670983578e-10,-7.91184068975227e-10,-2.00807083114821e-10,4.78284416168841e-11,-1.9329759928383e-10,1.47647068054246e-10,-3.268040456805e-10,-6.1438793352274e-10,6.33158608111541e-10,-1.92036815497546e-10,3.44071384258403e-10,5.24921706722096e-10,2.70187855450639e-10,2.20345401359011e-10,3.86801153528812e-10,1.96136459398123e-11,1.22259750415871e-10,-4.36386151864394e-10,1.29857825297908e-10,1.79199457448693e-10,-2.73407373091958e-10,-8.14066351003198e-10,-4.33695010471356e-11,1.69153840669139e-10,2.42066777172169e-10,6.8414037581579e-10,-7.8045651996552e-10,-4.47380134010364e-10,8.65752494431359e-10,-9.48539304728269e-13,7.04695592715867e-12,5.60520547061105e-10,5.77886139739065e-10,1.07670983928892e-09,5.47045727833002e-10,1.30928143079929e-10,-2.12004646142204e-10,2.51902145410084e-10,3.21067618194889e-11,-4.57965314294708e-11,7.48910535605457e-10,8.95090758455101e-10,3.010770291094e-10,2.97037448686027e-10,9.42776894058349e-10,4.26233631153116e-10,1.23832088080148e-09,1.93486931284641e-10,9.99597361565371e-10,1.86211004711193e-09,1.08043786052755e-09,2.44089325263239e-09,9.3948312679654e-10,1.45977433194813e-09,2.17246487704579e-09,1.7651838184688e-09,1.67454010087256e-09
