v,0.25
Patm,100000
g,9.81
r,500
G,10^11.27
rho,2300
mu,10^4.22
rc,26
 
M,10^6.25
sigma,0.1
 
tilt_erupt,2.5173nrad
 
-1455,-1454,-1453,-1452,-1451,-1450,-1449,-1448,-1447,-1446,-1445,-1444,-1443,-1442,-1441,-1440,-1439,-1438,-1437,-1436,-1435,-1434,-1433,-1432,-1431,-1430,-1429,-1428,-1427,-1426,-1425,-1424,-1423,-1422,-1421,-1420,-1419,-1418,-1417,-1416,-1415,-1414,-1413,-1412,-1411,-1410,-1409,-1408,-1407,-1406,-1405,-1404,-1403,-1402,-1401,-1400,-1399,-1398,-1397,-1396,-1395,-1394,-1393,-1392,-1391,-1390,-1389,-1388,-1387,-1386,-1385,-1384,-1383,-1382,-1381,-1380,-1379,-1378,-1377,-1376,-1375,-1374,-1373,-1372,-1371,-1370,-1369,-1368,-1367,-1366,-1365,-1364,-1363,-1362,-1361,-1360,-1359,-1358,-1357,-1356,-1355,-1354,-1353,-1352,-1351,-1350,-1349,-1348,-1347,-1346,-1345,-1344,-1343,-1342,-1341,-1340,-1339,-1338,-1337,-1336,-1335,-1334,-1333,-1332,-1331,-1330,-1329,-1328,-1327,-1326,-1325,-1324,-1323,-1322,-1321,-1320,-1319,-1318,-1317,-1316,-1315,-1314,-1313,-1312,-1311,-1310,-1309,-1308,-1307,-1306,-1305,-1304,-1303,-1302,-1301,-1300,-1299,-1298,-1297,-1296,-1295,-1294,-1293,-1292,-1291,-1290,-1289,-1288,-1287,-1286,-1285,-1284,-1283,-1282,-1281,-1280,-1279,-1278,-1277,-1276,-1275,-1274,-1273,-1272,-1271,-1270,-1269,-1268,-1267,-1266,-1265,-1264,-1263,-1262,-1261,-1260,-1259,-1258,-1257,-1256,-1255,-1254,-1253,-1252,-1251,-1250,-1249,-1248,-1247,-1246,-1245,-1244,-1243,-1242,-1241,-1240,-1239,-1238,-1237,-1236,-1235,-1234,-1233,-1232,-1231,-1230,-1229,-1228,-1227,-1226,-1225,-1224,-1223,-1222,-1221,-1220,-1219,-1218,-1217,-1216,-1215,-1214,-1213,-1212,-1211,-1210,-1209,-1208,-1207,-1206,-1205,-1204,-1203,-1202,-1201,-1200,-1199,-1198,-1197,-1196,-1195,-1194,-1193,-1192,-1191,-1190,-1189,-1188,-1187,-1186,-1185,-1184,-1183,-1182,-1181,-1180,-1179,-1178,-1177,-1176,-1175,-1174,-1173,-1172,-1171,-1170,-1169,-1168,-1167,-1166,-1165,-1164,-1163,-1162,-1161,-1160,-1159,-1158,-1157,-1156,-1155,-1154,-1153,-1152,-1151,-1150,-1149,-1148,-1147,-1146,-1145,-1144,-1143,-1142,-1141,-1140,-1139,-1138,-1137,-1136,-1135,-1134,-1133,-1132,-1131,-1130,-1129,-1128,-1127,-1126,-1125,-1124,-1123,-1122,-1121,-1120,-1119,-1118,-1117,-1116,-1115,-1114,-1113,-1112,-1111,-1110,-1109,-1108,-1107,-1106,-1105,-1104,-1103,-1102,-1101,-1100,-1099,-1098,-1097,-1096,-1095,-1094,-1093,-1092,-1091,-1090,-1089,-1088,-1087,-1086,-1085,-1084,-1083,-1082,-1081,-1080,-1079,-1078,-1077,-1076,-1075,-1074,-1073,-1072,-1071,-1070,-1069,-1068,-1067,-1066,-1065,-1064,-1063,-1062,-1061,-1060,-1059,-1058,-1057,-1056,-1055,-1054,-1053,-1052,-1051,-1050,-1049,-1048,-1047,-1046,-1045,-1044,-1043,-1042,-1041,-1040,-1039,-1038,-1037,-1036,-1035,-1034,-1033,-1032,-1031,-1030,-1029,-1028,-1027,-1026,-1025,-1024,-1023,-1022,-1021,-1020,-1019,-1018,-1017,-1016,-1015,-1014,-1013,-1012,-1011,-1010,-1009,-1008,-1007,-1006,-1005,-1004,-1003,-1002,-1001,-1000,-999,-998,-997,-996,-995,-994,-993,-992,-991,-990,-989,-988,-987,-986,-985,-984,-983,-982,-981,-980,-979,-978,-977,-976,-975,-974,-973,-972,-971,-970,-969,-968,-967,-966,-965,-964,-963,-962,-961,-960,-959,-958,-957,-956,-955,-954,-953,-952,-951,-950,-949,-948,-947,-946,-945,-944,-943,-942,-941,-940,-939,-938,-937,-936,-935,-934,-933,-932,-931,-930,-929,-928,-927,-926,-925,-924,-923,-922,-921,-920,-919,-918,-917,-916,-915,-914,-913,-912,-911,-910,-909,-908,-907,-906,-905,-904,-903,-902,-901,-900,-899,-898,-897,-896,-895,-894,-893,-892,-891,-890,-889,-888,-887,-886,-885,-884,-883,-882,-881,-880,-879,-878,-877,-876,-875,-874,-873,-872,-871,-870,-869,-868,-867,-866,-865,-864,-863,-862,-861,-860,-859,-858,-857,-856,-855,-854,-853,-852,-851,-850,-849,-848,-847,-846,-845,-844,-843,-842,-841,-840,-839,-838,-837,-836,-835,-834,-833,-832,-831,-830,-829,-828,-827,-826,-825,-824,-823,-822,-821,-820,-819,-818,-817,-816,-815,-814,-813,-812,-811,-810,-809,-808,-807,-806,-805,-804,-803,-802,-801,-800,-799,-798,-797,-796,-795,-794,-793,-792,-791,-790,-789,-788,-787,-786,-785,-784,-783,-782,-781,-780,-779,-778,-777,-776,-775,-774,-773,-772,-771,-770,-769,-768,-767,-766,-765,-764,-763,-762,-761,-760,-759,-758,-757,-756,-755,-754,-753,-752,-751,-750,-749,-748,-747,-746,-745,-744,-743,-742,-741,-740,-739,-738,-737,-736,-735,-734,-733,-732,-731,-730,-729,-728,-727,-726,-725,-724,-723,-722,-721,-720,-719,-718,-717,-716,-715,-714,-713,-712,-711,-710,-709,-708,-707,-706,-705,-704,-703,-702,-701,-700,-699,-698,-697,-696,-695,-694,-693,-692,-691,-690,-689,-688,-687,-686,-685,-684,-683,-682,-681,-680,-679,-678,-677,-676,-675,-674,-673,-672,-671,-670,-669,-668,-667,-666,-665,-664,-663,-662,-661,-660,-659,-658,-657,-656,-655,-654,-653,-652,-651,-650,-649,-648,-647,-646,-645,-644,-643,-642,-641,-640,-639,-638,-637,-636,-635,-634,-633,-632,-631,-630,-629,-628,-627,-626,-625,-624,-623,-622,-621,-620,-619,-618,-617,-616,-615,-614,-613,-612,-611,-610,-609,-608,-607,-606,-605,-604,-603,-602,-601,-600,-599,-598,-597,-596,-595,-594,-593,-592,-591,-590,-589,-588,-587,-586,-585,-584,-583,-582,-581,-580,-579,-578,-577,-576,-575,-574,-573,-572,-571,-570,-569,-568,-567,-566,-565,-564,-563,-562,-561,-560,-559,-558,-557,-556,-555,-554,-553,-552,-551,-550,-549,-548,-547,-546,-545,-544,-543,-542,-541,-540,-539,-538,-537,-536,-535,-534,-533,-532,-531,-530,-529,-528,-527,-526,-525,-524,-523,-522,-521,-520,-519,-518,-517,-516,-515,-514,-513,-512,-511,-510,-509,-508,-507,-506,-505,-504,-503,-502,-501,-500,-499,-498,-497,-496,-495,-494,-493,-492,-491,-490,-489,-488,-487,-486,-485,-484,-483,-482,-481,-480,-479,-478,-477,-476,-475,-474,-473,-472,-471,-470,-469,-468,-467,-466,-465,-464,-463,-462,-461,-460,-459,-458,-457,-456,-455,-454,-453,-452,-451,-450,-449,-448,-447,-446,-445,-444,-443,-442,-441,-440,-439,-438,-437,-436,-435,-434,-433,-432,-431,-430,-429,-428,-427,-426,-425,-424,-423,-422,-421,-420,-419,-418,-417,-416,-415,-414,-413,-412,-411,-410,-409,-408,-407,-406,-405,-404,-403,-402,-401,-400,-399,-398,-397,-396,-395,-394,-393,-392,-391,-390,-389,-388,-387,-386,-385,-384,-383,-382,-381,-380,-379,-378,-377,-376,-375,-374,-373,-372,-371,-370,-369,-368,-367,-366,-365,-364,-363,-362,-361,-360,-359,-358,-357,-356,-355,-354,-353,-352,-351,-350,-349,-348,-347,-346,-345,-344,-343,-342,-341,-340,-339,-338,-337,-336,-335,-334,-333,-332,-331,-330,-329,-328,-327,-326,-325,-324,-323,-322,-321,-320,-319,-318,-317,-316,-315,-314,-313,-312,-311,-310,-309,-308,-307,-306,-305,-304,-303,-302,-301,-300,-299,-298,-297,-296,-295,-294,-293,-292,-291,-290,-289,-288,-287,-286,-285,-284,-283,-282,-281,-280,-279,-278,-277,-276,-275,-274,-273,-272,-271,-270,-269,-268,-267,-266,-265,-264,-263,-262,-261,-260,-259,-258,-257,-256,-255,-254,-253,-252,-251,-250,-249,-248,-247,-246,-245,-244,-243,-242,-241,-240,-239,-238,-237,-236,-235,-234,-233,-232,-231,-230,-229,-228,-227,-226,-225,-224,-223,-222,-221,-220,-219,-218,-217,-216,-215,-214,-213,-212,-211,-210,-209,-208,-207,-206,-205,-204,-203,-202,-201,-200,-199,-198,-197,-196,-195,-194,-193,-192,-191,-190,-189,-188,-187,-186,-185,-184,-183,-182,-181,-180,-179,-178,-177,-176,-175,-174,-173,-172,-171,-170,-169,-168,-167,-166,-165,-164,-163,-162,-161,-160,-159,-158,-157,-156,-155,-154,-153,-152,-151,-150,-149,-148,-147,-146,-145,-144,-143,-142,-141,-140,-139,-138,-137,-136,-135,-134,-133,-132,-131,-130,-129,-128,-127,-126,-125,-124,-123,-122,-121,-120,-119,-118,-117,-116,-115,-114,-113,-112,-111,-110,-109,-108,-107,-106,-105,-104,-103,-102,-101,-100,-99,-98,-97,-96,-95,-94,-93,-92,-91,-90,-89,-88,-87,-86,-85,-84,-83,-82,-81,-81,-80,-79,-78,-77,-76,-75,-74,-73,-72,-71,-70,-69,-68,-67,-66,-65,-64,-63,-62,-61,-60,-59,-58,-57,-56,-55,-54,-53,-52,-51,-50,-49,-48,-47,-46,-45,-44,-43,-42,-41,-40,-39,-38,-37,-36,-35,-34,-33,-32,-31,-30,-29,-28,-27,-26,-25,-24,-23,-22,-21,-20,-19,-18,-17,-16,-15,-14,-13,-12,-11,-10,-9,-8,-7,-6,-5,-4,-3,-2,-1,0
-2.58038622347265e-11,-1.14837394864805e-11,-6.16696426698093e-11,1.85467081993216e-10,1.26262882194461e-10,1.00999568135526e-10,9.03280946339801e-11,4.0747118476657e-11,-2.69687582839203e-12,-2.97881684710245e-11,-1.47110861088888e-10,1.14547135685771e-10,-1.34328179316829e-10,1.06880717483721e-10,-1.68189109842853e-11,-1.34338197407132e-10,3.8292929555672e-11,-2.7107732372748e-13,1.11871812877722e-10,1.28414786785777e-10,-2.064403960801e-10,7.87724651423731e-11,-3.48165141883213e-11,7.65861637229685e-11,-3.62882806566769e-11,6.09607109813389e-11,8.24182180353195e-12,1.96117988883534e-10,-1.34373969699469e-10,-1.03449729634967e-10,-9.31529209902816e-11,-8.84041739532614e-11,-5.74441343161839e-11,1.92944624473367e-11,1.48511141189414e-10,-8.62224608089478e-11,4.12575257840327e-11,2.78087958833887e-11,7.91335944524598e-11,4.72708261913389e-11,2.07362202876664e-11,-2.41384760193262e-10,-4.88070018332933e-11,2.69114811561894e-11,7.05210034938544e-11,1.15847046300908e-10,-2.15878204267947e-11,9.01464910413875e-12,-5.63363443019689e-11,-3.93303140979061e-12,-1.08046036107482e-10,-1.30399881352366e-10,-7.10910515255663e-11,6.01427926507742e-12,-1.73183909938799e-10,3.27323689448356e-11,-6.3033601173175e-11,1.25155333525749e-10,-2.4775492386808e-10,1.27087596452526e-10,-1.7061387660843e-10,-1.19182626329933e-10,1.3805363535103e-10,-7.3839872164226e-11,8.58019534281287e-11,1.53171422897824e-11,5.85562534660835e-11,1.14704659990854e-11,1.30166671968668e-11,-1.51875330987859e-10,1.3632397094391e-10,-4.82994939411589e-11,1.32827424481489e-10,1.52581610678403e-10,5.22126971032675e-11,-1.03462930978066e-10,-6.0802038893943e-12,7.9115766483878e-11,-8.91744232557998e-11,7.74824103593327e-11,1.11864326031133e-11,2.03350261021709e-10,1.42462585986051e-10,1.52151177259948e-10,-1.89132252911892e-10,-2.60759636914075e-10,4.5643749565934e-11,-1.20720611449908e-11,1.51908862449122e-10,-8.81451793873125e-11,8.33079296807098e-11,-1.28051178626014e-12,-8.55990194821352e-11,2.84769721983913e-11,1.17823858758953e-10,-1.78438962563161e-10,-8.54314964810176e-13,1.80873032632899e-10,-5.32632125400016e-12,-1.19363523053248e-10,5.19124512979362e-11,-1.88386594395618e-11,-1.17755506582698e-10,3.83163310232218e-12,-9.32841900201064e-11,2.50048733499451e-12,-7.94580920854908e-11,4.81976482933182e-11,-1.97264288145914e-11,-7.74879373899828e-11,-6.67467575227872e-11,6.36859971432123e-12,5.55161133792276e-11,-3.51646553267874e-11,-3.20259366383131e-11,9.11421060881158e-13,8.29037413949703e-11,2.39104416181059e-10,2.24542158591835e-10,-8.18288410112753e-11,-2.13107930862132e-10,1.49678636315796e-10,9.11265772787925e-11,-6.23649867464838e-11,4.78086858105434e-11,-6.91907391110396e-11,-1.02778465176983e-10,8.51999722588175e-12,1.66185957615986e-11,-1.74051774879003e-10,-5.84799347929097e-11,-2.15401564862467e-11,-7.05791100506837e-11,-9.51871287817994e-11,1.33751465030688e-10,1.07331136472599e-10,-1.86658272424708e-11,1.15271932652448e-10,3.03103386354491e-11,-7.2449232440802e-12,9.17791331629099e-11,1.5158569460646e-10,1.38737370032397e-10,1.55940015078034e-10,7.22432779208113e-11,-1.73714627553371e-11,-8.74823105481086e-11,1.08287975535638e-10,-5.57730700645712e-11,-6.05798597498382e-11,4.1614769470504e-11,-5.94507397235268e-11,9.39137328560495e-11,-8.55624503723202e-11,-6.64288153525335e-11,6.11465175601761e-11,-2.02250542634828e-11,2.92989403287753e-11,-1.21407722892862e-11,3.25215764699032e-11,-5.44833180829407e-11,-2.83277285148691e-11,-4.68669971985283e-11,-3.45426640566608e-11,-4.85837301267084e-12,1.35282209598634e-10,-1.99048005972138e-11,4.54266718116373e-11,5.48235442366426e-11,-5.2057367402997e-11,-1.66557070363407e-11,-4.19798037720979e-11,2.74030751360222e-11,1.01095440549089e-10,2.46258829006209e-11,2.22604476861233e-11,-1.04867117274797e-10,-1.97892426495141e-11,-9.79266871383333e-11,1.39953953003624e-10,4.79286470918301e-11,-1.68234279811388e-11,-9.89095237193507e-11,-2.10764617355381e-10,8.70060320957496e-11,3.66993013247643e-11,-1.42952108472057e-10,-3.54506014629947e-11,6.67949914616671e-11,4.00861257719326e-11,-1.38487850858283e-10,3.89867017090878e-11,-3.27964604733462e-11,8.79088647103623e-11,-1.79709974919182e-12,1.46178762024144e-10,1.03347839814851e-10,7.49034169926401e-12,-3.87518416174149e-11,1.48479368119357e-11,1.55430876223407e-10,-2.3008056337229e-11,4.34209961128322e-11,-3.66933214346995e-12,-3.33494402508932e-11,-6.73391483287999e-11,8.68197492730514e-11,1.0610704147549e-11,-9.98499995319336e-12,9.08128018006975e-11,9.55681349170347e-11,8.02300594316266e-11,-7.68297751834798e-12,1.6289130570471e-10,7.07065811455091e-11,2.33801061762726e-10,-2.54095252273543e-11,-3.19898375482852e-11,7.31999300065954e-11,-6.54475035394342e-11,3.10639385347399e-11,-1.31175950092592e-10,-1.32488507201442e-10,2.44332999023006e-11,-8.11910769186344e-11,9.33799621336328e-11,6.48842352064243e-11,5.39364337335117e-11,-1.18252851528434e-10,2.03194617567813e-10,7.05604671780682e-11,-6.23001126493682e-11,-6.49467667512742e-11,-1.15560644889073e-10,-5.22571926662351e-11,-1.649983842562e-10,-9.56411295159548e-11,-1.09743200648146e-10,-1.38062347130434e-10,5.04378785293927e-11,1.79176771274235e-11,-5.8951213367657e-11,-5.54158841481159e-11,-1.96768540088511e-10,9.47449957614143e-12,3.67312256083175e-11,-1.24043491656234e-11,9.98359491665843e-11,-3.08213575516879e-11,-2.96336257858475e-11,-8.31805846074545e-11,-1.59242112630274e-10,-1.02745981221196e-10,5.42091533675728e-11,6.82807556627895e-11,3.00402674041029e-11,-2.37747340009473e-10,-4.5841156027417e-11,7.86862326051619e-11,-3.48141712621592e-11,-1.1339330740235e-12,-2.26379003084055e-11,2.77178981841736e-10,-5.04997279512962e-11,-1.29825213447256e-10,1.67226537708587e-10,2.11753550087922e-10,6.56995493886955e-11,8.11837876913986e-11,-2.02333265217791e-10,8.84024659024843e-11,-4.17043717300885e-11,-1.31085288718838e-10,1.49584113577215e-11,3.23089532809933e-11,2.75991066258552e-11,5.47718767228636e-11,-1.37116468657191e-10,-7.22470035210395e-11,-3.43261442150293e-11,1.96999300042896e-10,7.27633572661265e-11,-1.08710618298453e-11,3.71369148344229e-11,-1.01875780315367e-11,3.77683298656338e-11,1.28413173898022e-10,5.24391096434867e-11,1.08861633902103e-10,-3.00430057913254e-12,-3.41942207151513e-11,-8.01650144426003e-11,1.77738430034056e-10,2.35727647818503e-10,2.95865239489258e-11,-1.34650728878487e-10,2.83501869542958e-11,-4.81325986385233e-11,-9.79649157219022e-12,2.51919400333978e-10,-4.03487817831414e-11,2.15311914707142e-11,-8.99476321298966e-11,-1.2869872422797e-10,-9.18553838179872e-12,3.86083692550626e-11,2.39550514428437e-10,-2.1954856863134e-10,3.31587540051649e-11,-4.35910016360267e-11,-4.20938104610989e-11,-6.19860602659565e-11,2.1943275940799e-10,-7.25302836239095e-11,-1.86168371956255e-10,4.18752710272226e-11,-3.80949073629504e-11,-1.17049100708072e-10,-1.47023450576064e-10,-4.03237626218552e-12,-8.01543438323198e-11,1.02602374369344e-11,-1.04316474215295e-10,1.08237924635754e-10,-1.16216101552335e-10,4.65393858500119e-11,-1.03592023878458e-10,8.27811577260826e-11,9.20883845623e-11,-1.70916399906582e-10,7.98563818126003e-11,-6.80488678514502e-11,1.41485467343083e-10,-1.59489628017773e-11,-2.46796734620429e-10,7.15466282459993e-11,2.34807192324038e-11,2.90118965411121e-11,-1.92954954770211e-10,3.97101287233034e-12,-2.25458827206795e-11,9.19332474007493e-11,-1.52786478959361e-11,-3.9874352234431e-11,-1.85851740497487e-10,1.08406020437796e-10,1.03846738419829e-10,-4.47668513796531e-11,1.65277533571511e-10,2.97232443237351e-11,1.36678512040117e-10,3.66145471118416e-11,7.9390739456457e-11,1.52680269144492e-11,-1.19873751409501e-10,7.92520965818308e-11,-4.40501147482624e-11,-1.00944686158946e-11,2.63487116490988e-11,-1.01168919408466e-10,3.64924215293393e-11,2.71402705554136e-11,-7.80298124598121e-11,6.27035676296373e-11,4.40989781155869e-11,1.39034458878908e-10,7.71562011740541e-11,5.31713751781181e-12,-5.45113891666883e-11,-1.90750676040264e-11,6.67902024777536e-11,-3.60608708990486e-12,-6.75742510268135e-11,2.76131648742801e-11,1.17751593804138e-10,4.00373944836693e-11,2.24991219806741e-10,-1.846143373985e-10,-9.25927638042617e-11,1.7780137805021e-10,-6.35795590194239e-11,-9.93557104803344e-11,-1.37037384732466e-11,-8.11823894140198e-11,7.00353105103967e-11,-6.9660147288316e-11,-1.26370454164124e-11,-1.53421971277828e-10,-3.19517517473427e-11,3.61988230553947e-11,6.63329458319947e-12,-7.07956771448094e-11,5.1285859471678e-11,-3.57287407475722e-12,-2.48980516389873e-11,1.39034990157912e-10,-1.07294002412595e-10,-5.44907872778935e-11,-1.15273334647002e-10,2.11815978704257e-10,-1.46256072566027e-10,2.22202377734346e-11,3.41471155437524e-11,3.50989465533867e-11,5.25180392628286e-11,-1.6484128237424e-10,-8.90940050252214e-11,1.10336144535759e-10,-1.7994589130651e-10,-5.35604530045528e-11,7.06150653910379e-11,-1.09474239605244e-10,6.84456748955742e-11,2.95566941748367e-11,8.04676319454612e-11,1.20096863343188e-10,-1.30120312210271e-10,-6.95329113920321e-11,-9.49241335015672e-11,2.53399963826666e-10,4.5108105074186e-11,1.61928282739218e-10,1.74737105822424e-11,3.48185813116293e-11,1.12524307482584e-10,1.01153424527468e-10,8.86412140471328e-11,1.16415870183853e-12,4.43545480828819e-11,-1.38192439798562e-10,-1.63644954069392e-10,-5.07485520247667e-11,-1.36336396688472e-11,-7.21985632197876e-11,-8.45007270458764e-11,9.13319213944488e-11,3.21255553971323e-11,-2.73832753906082e-11,-7.68719030158001e-11,-9.60788204467857e-12,-6.94060942500032e-11,8.40721278639168e-12,-1.46013552853101e-10,-7.53960070551302e-11,1.05514258943567e-10,8.10751299634104e-11,6.54714813208256e-11,1.49674845776206e-10,6.11384750396888e-11,1.28252981436172e-10,1.43217442838944e-10,-1.08183052746196e-10,2.02463961431062e-10,-1.8325065681765e-10,-2.2670274795269e-10,-1.23556652025142e-10,9.44729135401523e-11,4.52440399050292e-11,-2.87541756466278e-11,7.56092441218107e-11,4.38670053817387e-11,9.46193630110071e-11,-1.13183590103574e-10,-2.19719026344974e-10,-1.8642011543162e-10,-5.4781454924755e-11,1.50712621420323e-10,1.05160244591041e-10,-2.60792367266105e-11,-7.73176112558295e-11,-1.81337028908105e-12,2.98149993118644e-11,-1.82349403234501e-10,2.32302773381021e-11,2.3140648116815e-11,-7.27529271512294e-11,-1.15719820042599e-10,-2.44899035644406e-10,-7.28007411591221e-11,1.62659585290766e-10,2.37879784629986e-12,-9.63080926296755e-11,1.69362241415935e-10,1.41609602387333e-10,-1.14029222517525e-10,1.11013572915195e-11,6.45493886999269e-11,-2.00386351399829e-10,1.15605004471993e-10,7.94895055963906e-11,-2.58673821150023e-11,5.99116693367304e-11,6.05381548648165e-11,2.27264783216541e-10,-1.99486587494595e-10,-4.65646671833601e-11,-1.1626277255025e-10,1.46539051967941e-10,-1.8533755167031e-10,1.2652461661014e-10,8.14280185579141e-11,7.64945603737679e-11,-3.91782730553997e-12,-2.60773887279859e-11,5.04509847904586e-11,1.53363809728913e-10,-3.11703698705945e-11,2.90595113116602e-12,-1.05310513220371e-10,-1.34859035285661e-10,3.8869318126747e-11,-1.4616739005769e-10,8.97350450667088e-11,-1.87020604991432e-10,1.22264015256558e-11,-1.94402809214388e-12,-2.39613014273438e-10,-5.10890869922759e-11,-5.91030146107824e-11,7.40929831089197e-11,-1.98270718660875e-10,-1.9649714035798e-11,5.32108379994008e-11,-4.77649047488793e-11,-6.81842463305761e-11,1.41859503686398e-11,-2.01885222252828e-11,9.76483303284632e-11,-1.35610648012621e-10,-4.47913428356716e-11,-4.08678591401769e-11,4.1899346678643e-11,7.63562019449999e-11,-5.87674412560985e-11,-1.32767423199599e-10,4.01569019328863e-11,1.51240242899008e-11,1.15098119009345e-10,2.41142805656699e-12,1.47824961854185e-10,-2.78301921314316e-11,7.53029569130125e-11,-1.43066432135639e-10,4.07962885956707e-11,-1.89964702352809e-11,7.86544045792015e-11,2.9248375354585e-10,-8.83715899974753e-11,-2.02751993006441e-11,1.12269609507182e-10,5.87708166859589e-11,-1.84327653639734e-11,4.82130069007138e-11,2.81472527574059e-10,-9.32331092188492e-11,-4.98631572785149e-11,-1.38033978286648e-10,4.12883214496845e-11,1.40527279138812e-10,-1.35648273423726e-10,-8.87193591087793e-11,-7.92878294208404e-11,1.57163707125907e-10,1.42910716062125e-10,8.19966258104435e-11,-3.97907254890852e-11,-1.41677971054694e-11,2.42828860841777e-10,-9.2965133070435e-11,4.03750298662299e-11,7.07988623149821e-11,7.08869337197773e-11,-6.47225112927182e-12,-2.21592273020126e-12,-1.47427520464293e-11,1.55922698448624e-10,5.36291961683266e-11,-1.63030967500529e-10,-3.45205606315022e-11,-1.41717893937317e-10,-2.57290980722197e-10,8.53552992345184e-11,-6.25291541890179e-13,-6.16571863701137e-11,-1.11803560895682e-11,-7.5592380453053e-11,9.54267567307573e-11,2.11376288576146e-10,-8.40891570401947e-11,-1.75558796849883e-11,-5.06749759750917e-11,7.21608131143997e-12,-6.12871013807538e-11,-1.75494175954479e-10,-4.81773502368621e-11,-7.1745910612179e-11,5.34258487113138e-11,-8.49323426777963e-12,6.23801469347034e-11,-4.15564064288085e-11,-5.44441260678937e-11,-1.03818299647826e-10,-1.04273125121631e-10,6.85049122572603e-11,-2.78938339914601e-10,-5.55644991280992e-11,-1.03931808275047e-10,3.41924495876862e-11,1.55289203914826e-10,7.80046710176134e-11,-9.32968089603001e-11,7.00265316451344e-11,1.14947936037058e-10,-1.55045574302178e-10,3.08899899277005e-11,1.32351014556067e-10,-1.09042098873562e-12,-3.79895907182642e-11,-5.69024532900297e-11,2.60020939213577e-10,-6.80345930517405e-11,-1.50253597826718e-10,1.52426464513125e-10,5.23575566323877e-11,1.86349968136317e-10,1.03167132410335e-10,9.08331922741865e-11,8.53770205050059e-13,1.42194739925165e-10,-1.70510060426787e-10,3.05662607924599e-11,2.39896629658303e-10,2.57911584629558e-11,-1.89824652122957e-10,-1.48011563343035e-10,1.6880371593443e-10,-6.98565199125407e-11,-9.72701286239075e-11,-7.10259726068327e-12,-1.37255793336829e-10,-5.4815667003461e-11,9.11193758107788e-11,5.56211617626484e-11,-3.94024061170906e-11,1.30028418355003e-10,-7.96099466642667e-11,3.13576543124348e-11,-2.85389965258885e-11,-1.50030473460718e-11,-1.00517736526242e-12,1.12343786197622e-10,-7.71880142553955e-11,2.05082559146911e-10,-3.86319769101635e-11,-3.72709960894063e-11,-9.58711032069923e-11,8.61838376967235e-11,-8.45242351396215e-11,1.42088293526841e-10,-5.68444753600579e-11,-1.13260232936863e-11,-8.10827336155199e-11,-2.07753661586937e-12,2.51738354722699e-10,4.36972083501044e-11,2.88803611797722e-11,-7.56105200728071e-11,1.17704808046603e-10,1.17214138819872e-10,-6.94225522537224e-11,3.09816434704236e-11,1.13217669907472e-10,-5.81191089296144e-11,-2.40270934427308e-12,3.47529775336934e-11,1.22875124306576e-10,-6.88826525412778e-11,-1.17400713139352e-10,-9.86223346641635e-11,-7.45390106939746e-11,-2.23342563942747e-11,-1.40707434623119e-11,1.50971776491363e-11,-4.40232288005923e-11,-4.0151772677486e-11,1.23112927572588e-10,1.03623124934416e-10,-1.36720465815383e-11,-3.82104925708603e-11,2.4841707686902e-11,-2.05306358991916e-11,-7.48984821642481e-11,-1.08271200606799e-10,9.6493408498764e-11,1.42319850993278e-10,-1.45966106574658e-10,9.66804750452017e-11,1.05838454931624e-10,-1.89496080935414e-10,-5.03051062950508e-11,1.37081728839105e-11,3.44454857868455e-11,-5.83446108112005e-11,-1.50611541414558e-11,3.53278549356032e-11,6.92783969588903e-11,3.17107947593932e-10,1.349060058364e-10,1.52831252370574e-10,1.41001728435371e-10,-3.52025463385603e-11,-1.27004318725188e-10,-1.76276660161697e-10,1.59910831573912e-11,-1.1600222809072e-10,-3.25020381942154e-11,-9.7139280296417e-11,7.07334911066104e-11,-4.64523326277149e-11,-4.30425072543976e-11,-1.79528249137744e-11,-2.16317760337626e-10,2.88155527579027e-11,5.1779353346613e-11,5.25197584550913e-11,-7.81147839979719e-11,-1.56925875883552e-10,-1.95053174601918e-10,-1.40910850006012e-10,-2.34469345451235e-11,-7.11781991231567e-11,3.02751697661346e-11,-1.69810313397875e-10,1.70843583216073e-10,-1.71305611069349e-11,1.35027946381338e-10,2.96844289618955e-11,7.26678941774912e-11,6.73543263133982e-11,7.32086160501779e-11,-1.61816752781081e-10,-1.39369113244896e-11,-2.26646610361541e-11,-2.33433650096196e-12,1.09270573089897e-10,-1.35439946884298e-10,-1.33189981282247e-10,-1.35566491358811e-11,-8.31690609323501e-11,5.58242436557603e-11,1.51091403384122e-10,3.20856482409254e-11,-8.18370848188056e-11,-1.42713921064313e-10,-7.94856343437178e-12,-2.36031640608854e-11,-4.02124330726076e-11,-1.22935424637941e-10,8.57484041257223e-11,-7.41881755138027e-11,7.48105713551706e-12,-1.42003475668097e-10,-4.56310681793742e-11,1.45799839873645e-10,5.49950322933896e-11,1.19329240939449e-11,9.31260046095347e-11,2.39856253474347e-11,1.2690448334702e-10,-2.28518795426798e-11,9.33600850334716e-11,1.29056726626438e-10,5.40032994962404e-11,2.76923155017286e-11,6.24179333737567e-11,7.95173370591586e-11,-2.52334397141085e-11,2.44661473374074e-11,-4.49221190256469e-11,-1.43503011758948e-10,-5.18931962225827e-11,-1.01857073951082e-10,-6.25987803287331e-11,-1.27185019369729e-10,-2.31301602730656e-11,-7.74350975960577e-12,-1.02492332697021e-10,1.81258394005419e-10,-6.66615739542852e-11,2.77547847428826e-12,-7.84769289289909e-11,-7.88134278731918e-11,6.04515352279729e-12,5.79702550550799e-11,-7.29954934092396e-11,-5.77303006135471e-11,1.94974217445724e-10,-4.99845693910167e-11,3.73128866245411e-11,-5.26915300590833e-11,-1.92330810090937e-11,6.9736752310215e-11,1.54332714469165e-10,-6.06928000912841e-11,-5.53802631975607e-11,-1.02910671736833e-11,5.89681698629126e-11,-8.38017686344404e-11,1.31069539704431e-10,-2.36359384900875e-10,5.43143154945526e-11,1.99794999092525e-11,-6.42235464605284e-11,-4.97413538612904e-11,9.53333320634124e-11,1.20553850651701e-10,7.34039054198482e-11,-3.94135471270941e-11,-5.3511913505792e-11,8.58648675469693e-12,-1.06312712784126e-10,1.30240910714833e-10,1.40544624418693e-10,-1.79910864150928e-10,3.23876743783943e-10,7.02804966418563e-12,-3.54153294914799e-10,-4.55030063997025e-13,2.05894193295809e-10,-3.33932692724484e-11,-1.12412739936231e-11,3.35972529122991e-11,4.13257492901185e-11,-4.6314922255058e-12,1.24729474780466e-11,4.25268365644472e-11,1.70295334485572e-11,8.81415046224256e-12,-1.19716990768829e-11,-6.19486548701209e-11,1.04290730487389e-10,2.86677647257649e-11,1.15646957297846e-10,-2.91925524715048e-11,-3.56583310852127e-12,5.20243178418832e-12,-1.70803472163706e-10,-3.40196609205541e-11,-1.12465190130162e-11,1.28637109747634e-10,-7.42671532989998e-11,-3.29540866423008e-12,1.22868849223099e-10,4.91734195871625e-11,9.42091792095102e-11,-1.27946533906504e-10,4.79752711485527e-11,7.32830043415215e-11,-1.4789591482158e-10,-2.4457133821943e-10,1.47117298476376e-10,-1.10065338533968e-10,-1.92280420171499e-10,-1.78691221941896e-11,-1.73737357012514e-10,-3.19462318534288e-11,9.53689811569933e-12,-7.18421985111832e-11,4.08770634297622e-11,2.11746117859321e-11,-9.22417519160715e-11,-1.29874620489686e-12,-1.47257151190362e-10,-2.36459916987688e-11,-2.01647229181478e-10,1.35517193253694e-10,-7.20947164356706e-11,1.59472723560157e-11,-1.72120623404229e-10,4.72145617551833e-11,-1.78501223776848e-10,-1.95032675276508e-10,2.03100385352331e-11,7.24191105812178e-11,1.00976439485296e-10,8.40994413834296e-12,-1.33039888091144e-10,-1.31633483474913e-10,-6.93895520167138e-11,-1.02500212260857e-10,-9.76986465778834e-12,-1.73985960259492e-11,4.18162925354132e-10,-1.49483924930326e-10,-6.72218545226898e-11,1.52677469462531e-10,4.9031868477409e-11,5.78641583246885e-13,-5.13796887752334e-11,1.63278744388707e-10,-7.26342403512646e-11,-1.09160457755797e-11,-2.16461976846335e-10,6.19454252222717e-11,7.06796135407784e-11,-6.9148615767596e-12,1.31900268339609e-10,1.94229230378587e-11,-9.20536307468614e-13,7.07948778260989e-11,8.38168428414213e-11,-1.23991394797967e-10,-6.80123414596108e-11,-4.29419560814994e-11,-7.99915899629943e-11,-4.21094262620254e-11,-1.25854711857602e-10,1.16775320766394e-10,2.22059398589807e-10,4.22974555744589e-11,-2.85939383590081e-11,2.11191368167563e-12,-1.80993163686157e-10,-5.66699510705909e-11,1.53539857366866e-11,-3.801754510179e-11,9.25190415388588e-11,1.21135483612241e-10,-2.31563095579135e-11,-3.56088751320275e-11,8.93095328588444e-11,3.92840676777127e-12,-3.25718522759144e-11,-1.39207058433706e-10,7.48140266146023e-11,-9.30110439796793e-11,-7.51046273900045e-11,7.42553663950309e-11,-1.10182693134372e-10,1.38586618338641e-10,1.05551646787651e-10,8.78728220977928e-11,2.03888658557339e-11,-1.63890239886014e-10,-1.07226080554116e-10,1.6084020239477e-11,2.52088586693501e-11,1.18580845353142e-10,-4.77358946901684e-11,-2.51775635631203e-11,1.5917846674352e-11,-1.12489887517943e-10,1.26078442816648e-10,1.54589109036884e-10,-7.28283941839405e-11,-8.46970195564355e-11,-8.21603085382491e-11,-1.82244326551456e-10,-9.58269914335341e-11,1.68346390052435e-11,-1.14599748469333e-10,-6.97780386464889e-11,9.4273208425477e-11,8.3461410824837e-11,2.38137671505491e-13,-6.71158457945202e-11,-1.7117744949844e-11,-3.4708201670843e-11,-5.60645927825656e-11,2.84193120729178e-11,7.78550725548837e-11,7.14570398266778e-11,5.34147601715857e-11,1.32137920966885e-11,-2.61170258146488e-11,-2.43924773332207e-12,-6.09701094767712e-11,-2.77183206037649e-11,8.4553686085441e-11,-6.45949835395248e-11,1.05298210263258e-10,5.82208479017379e-11,1.73152115272499e-10,1.18386915117848e-10,-1.74472019785503e-11,9.5188505185469e-12,-1.5565610717099e-11,1.75166134211441e-10,-1.29439146913614e-10,-4.61569744205923e-11,-3.78764918343951e-11,1.38623111370078e-10,3.76475748373944e-11,-2.16029533587821e-10,9.02435117657895e-11,1.19637472125623e-11,3.95820743914236e-11,-1.54385837775347e-10,-7.33823701091596e-11,9.4177261652151e-11,6.90453222134153e-11,-5.19187400596431e-11,7.75270783667236e-11,2.37809723057676e-10,6.68570745441397e-11,2.66158633400964e-11,-8.84384304417306e-11,-3.3007399742494e-12,-1.30484311957905e-10,-4.88294148487291e-11,-8.80324627645319e-11,5.95395827925938e-11,-6.28606906674853e-12,-1.44242271659906e-11,2.34417641259579e-11,2.0700851269937e-12,1.00900903178375e-11,-6.59381624882799e-11,2.02637575217486e-11,1.19920780833318e-11,3.24665797991111e-11,2.74219950384874e-10,-5.35074808478451e-11,3.38808162786583e-11,-7.22004496070232e-11,8.09285300303564e-11,-6.72347860155314e-11,-1.63821725032655e-10,7.24345853607622e-11,4.97856887288854e-11,-6.43052411164293e-11,-2.19101383384036e-10,1.24106230695848e-10,-2.03831742404237e-10,-2.92516214449547e-11,7.18463771107084e-11,2.6545652616263e-12,-3.44174199992018e-11,5.41058825571449e-11,-1.05701750019797e-11,1.26753574894236e-10,-1.26321892183281e-10,-7.79981057312245e-11,-5.18045149770257e-11,-1.55702137078021e-10,1.37791712742819e-11,-2.56406309747494e-10,4.40343158760654e-11,-7.62203633552437e-12,-1.56032247902716e-11,8.17126523735957e-11,1.13593312939054e-10,4.69378195359657e-11,1.48124063897981e-11,6.8178564775828e-11,3.6068595168837e-11,-9.81963028927854e-11,1.56564457025281e-10,-7.05682749182905e-11,-6.9666329933678e-11,-9.97409134313013e-11,-4.69279980985619e-11,5.44551936262498e-11,-1.65950454653868e-11,1.65007564642003e-10,-1.99098672590337e-10,-7.5269242515657e-11,-6.96054865896782e-11,-9.69209972288463e-12,9.22565373747093e-11,-6.89750636599345e-11,-1.32503549560419e-12,1.19186422795304e-10,9.16058426497275e-12,1.08557718508682e-10,1.55702153704994e-11,-1.03995962043918e-10,-6.28734721007191e-11,6.20721782987356e-12,-1.33023461635132e-10,4.47010920637395e-11,-3.82990259055023e-11,1.60659170687935e-11,7.14259385081578e-11,-7.14674005981503e-11,-6.10758599723596e-11,-3.13449593005625e-10,2.69214137054627e-11,9.1562742415114e-11,2.2378283458525e-11,1.97800031729348e-10,-1.15555161712008e-10,8.73168345171192e-11,1.20244021987984e-10,-2.72256527920691e-13,2.06312380237464e-11,-1.79159841161255e-11,1.05960701349478e-10,1.73426512293035e-10,-5.8249316265343e-11,1.83198245455662e-10,1.03202562259166e-11,-6.32728750093497e-12,-4.5263704946622e-11,-2.59011478796556e-12,-4.80480271166949e-11,3.21398977135558e-11,-6.90612272715057e-12,1.84997331091664e-10,7.49944043614788e-11,-6.34013289508008e-11,-8.23158658395238e-12,7.61031701321321e-12,4.83834489246423e-11,1.3916891794887e-10,1.23681800502172e-10,1.69529959736887e-10,-8.55152143551158e-11,-2.06485699695642e-10,1.3635863356472e-11,-5.18456765975903e-11,3.36671015166916e-11,-5.42468703788545e-11,-1.24014482056141e-10,1.21627519776615e-10,-3.08624173206873e-11,9.32716593522317e-11,2.09740677385675e-11,5.54843337319277e-11,-8.26823776854111e-12,-2.15551614633959e-10,4.56782983600381e-11,1.2033671011335e-10,1.18748148828803e-10,-5.54804720029706e-11,-7.40014944975131e-11,-1.05020156449745e-10,-2.97361030704267e-11,7.96615263229541e-11,1.86598225232509e-10,1.08606067306477e-10,-5.06658989395568e-11,2.58111400711992e-10,2.93410067965489e-11,6.16984728114227e-11,3.86153019084757e-11,-8.0411120595181e-11,-2.67561275816308e-11,1.36287883037331e-10,2.04652264300176e-11,1.06757531648912e-10,-1.97248412957701e-10,-1.92837592427145e-10,1.01143635385648e-10,-1.58998091633124e-10,-9.02773287149666e-11,4.63178074506751e-11,-6.40434912904434e-11,2.54768607862677e-10,-1.50908671211654e-10,1.32216179828769e-10,-1.50211315944484e-10,8.49104041359764e-11,-1.19207359224461e-10,-9.83965930563286e-11,-1.96392411805689e-10,8.80707011034257e-11,5.81411226856109e-11,6.08958277719237e-11,8.57329775171277e-11,2.19717421312756e-10,-1.21889825478358e-10,-2.50907241778071e-11,-8.18136002288691e-11,5.28519826640042e-11,-8.84692384330348e-11,-6.66132383587539e-11,-1.36785183373643e-10,3.88531972932785e-11,1.3481626493417e-10,-1.67676423756312e-10,-1.51388573835377e-10,-2.68924669128672e-13,7.07276214732723e-11,-9.00507968085535e-11,-9.61684968077623e-11,4.99712927613568e-11,-5.50445799748213e-11,-4.06096143474696e-11,-9.59705966857635e-12,-7.68754030902249e-12,-6.54252018578381e-11,-1.66236188980893e-10,1.06738408605415e-10,-1.12448789436046e-11,-6.75191272596662e-11,-1.80957144870115e-11,-2.76158205239972e-11,-8.28985172397056e-12,-3.68863988363717e-11,4.7812744725645e-12,-3.83474032378644e-11,-9.13507470357597e-12,1.20533776798037e-10,-1.23756481264899e-10,-5.65348387514764e-11,-3.92081106241557e-11,-1.17174605595973e-10,-8.6585197153082e-11,4.85440352519819e-11,3.92930362842529e-11,-4.7984760506612e-11,1.46815158450456e-10,6.32511014336997e-11,-8.56161792491786e-11,4.12791606402505e-11,1.00598900787738e-10,7.18587500525368e-11,-2.09461447657953e-10,6.9077428214126e-11,1.50032427281649e-10,-1.59399641420539e-10,-4.20767235555834e-11,-1.52898824045957e-10,-2.60831491125162e-12,-1.46056154661203e-10,-8.29282168950511e-11,1.60813554433325e-10,-1.96564088404164e-10,-1.97927866780327e-10,1.04650339121175e-10,2.04560982940891e-11,-9.53146688140832e-11,2.0695547425194e-10,1.29375448923735e-11,5.61610367157185e-11,1.52897254604329e-12,-1.4068950486263e-10,-1.4489167143246e-10,2.72909783320667e-11,1.78329590463825e-11,-2.06695197500935e-11,3.90550745632223e-11,-2.97866145865005e-11,-2.85931738079299e-11,1.64640903510675e-11,-1.61925794082732e-10,1.18113240428317e-10,-4.74338707547648e-11,-8.37527890954506e-11,2.74602917227418e-11,8.05991471981915e-11,5.85478005976049e-11,1.29096357291166e-11,-1.24773791698252e-10,3.73099939915645e-11,-1.14437621719939e-10,8.13047538471328e-11,7.64620979425536e-12,8.47689914048073e-12,8.81569815786475e-11,5.93693779437502e-11,-1.24266921213331e-10,6.67275543782067e-11,-2.37576992630255e-10,-8.15677486149908e-11,-1.30383813878595e-11,2.64816926824554e-11,1.28379760867648e-11,7.25898433244416e-11,-5.1270166386278e-11,1.19072370086766e-10,-7.56602527698811e-11,2.1421414702183e-10,1.41168045904538e-10,5.64603262657022e-11,-8.66100551138402e-11,4.36782559194862e-11,-6.30998352068943e-11,3.61122329950135e-11,-8.25037351564111e-11,-6.57961909765469e-11,7.51140360593844e-11,-2.36601125241912e-11,1.38611911221563e-11,5.33959715601471e-12,-1.29240977808106e-10,3.54145393440142e-11,-1.80404759812506e-10,5.32002168947515e-11,1.16647083662145e-10,9.95382423631009e-11,-6.88281296077907e-11,7.54807466433134e-11,-2.28060507005615e-10,-4.93626180222615e-11,5.56536544654592e-11,-8.22552693428736e-11,-1.77060696328618e-11,1.13195090908493e-10,-7.22106376240948e-11,-2.19772254315677e-11,-4.03481113521711e-11,-2.03499912740339e-10,7.16778153499823e-11,1.19743587346401e-10,-1.61492895446857e-11,3.33297663915822e-11,1.40977980900048e-10,3.13253832029222e-11,-4.07521783609669e-11,1.48125902510814e-11,-1.39519890158025e-10,7.27014510421463e-12,1.34082826482315e-10,-1.18996710390317e-10,-4.54164763566238e-12,8.35305982508431e-11,6.26323221242222e-11,1.04131698326264e-10,-1.21199132664288e-12,-8.50379534616224e-11,-8.53804375528606e-11,-8.90854597579209e-11,-1.87420865575071e-11,5.67032556888095e-11,3.7060731451854e-11,-8.3847329147519e-11,-2.90948351813545e-11,-1.51453425318818e-10,-1.19540008813523e-10,1.26651165717626e-11,9.27006576660873e-11,1.76441608870469e-10,-9.53885841021513e-12,-1.65921552941835e-11,4.34841161319748e-11,-4.79991084670686e-11,1.92328887968487e-10,9.63395048281047e-11,5.37685138386532e-11,-7.82451931778284e-11,8.61054198049625e-11,1.12469394329089e-11,-5.20772096284117e-11,-1.16988970267643e-11,1.59862310328719e-10,2.52739143796551e-11,8.08586514340833e-11,2.02364218308881e-10,2.88461374342758e-11,-2.17306036093789e-11,9.64988447802442e-11,-1.52577092983963e-10,-4.0473134514654e-11,-3.939482227256e-11,3.24159665503838e-11,-5.3039274904e-11,1.2751809660621e-10,-2.16269514408735e-12,2.21242506863235e-10,-1.12444866828481e-10,8.05585543152599e-11,1.61579348227908e-10,-5.0321877511542e-11,1.26773470692954e-10,-4.32148432802571e-11,1.7387136824351e-10,-1.96683651230087e-10,1.73648853148219e-10,-6.68560682749307e-11,7.38639503381864e-11,-1.06926152337351e-10,9.65481830073197e-11,-7.22945834705287e-11,-1.09180943759397e-10,2.13737131739819e-10,2.38583848525715e-11,-2.01943266427149e-11,4.36436779776103e-11,9.57354568559511e-12,-4.70333386650118e-11,-1.2905146018066e-10,-2.43814927588684e-10,5.22494866098389e-11,-6.89936012122156e-11,2.51462533362695e-11,-2.64123941151794e-10,-2.44405329588389e-11,7.06147971227442e-11,-8.34242631787856e-11,8.10846333606266e-11,-7.45130560434893e-11,-1.03550486819459e-10,-6.57256672363805e-11,-6.03176871774328e-11,-1.36124388372529e-10,4.8868252811164e-11,6.40486637172441e-11,4.22689181517772e-11,-5.45082981100361e-11,5.9708690189611e-11,-2.55585718155113e-10,-4.2020044225886e-11,-1.21712490328373e-10,-1.24075926136871e-10,3.14111899960005e-11,6.18717501560967e-11,-6.38253524978439e-11,-8.17047622726944e-11,-1.29116788343456e-10,-1.2602424190376e-10,-2.01599321326115e-10,-7.95109138645719e-11,3.86665284583596e-12,1.06253398022572e-10,-1.44019964125579e-10,-1.21137267280724e-10,1.59190991790726e-10,4.49172642093283e-11,4.31376127747282e-11,1.73339865303451e-10,-1.13268434095896e-11,1.13764885916598e-10,9.38285637924574e-11,2.34146342783295e-11,1.04888124744356e-10,8.37925546651626e-11,2.37318379400189e-10,1.99045300186827e-10,8.73213257456131e-11,3.4214612578497e-10,1.93241363665395e-10,3.32394000606431e-11,6.96378149145105e-11,2.72244423015698e-10,4.79601329995503e-10,4.25495357897237e-10,1.67994946344685e-10,5.11411467494638e-10,5.82762281084499e-10,6.65471757493439e-10,6.19449515558521e-10,6.56964346511287e-10,8.6163121980177e-10,1.02400093243789e-09,9.95559957497727e-10,1.11191802788599e-09,1.08470928480321e-09,1.25125648807126e-09,1.50769897376869e-09,1.35517718848939e-09,1.68867297878833e-09,1.73148172548021e-09,2.03074458175292e-09,2.38915198207669e-09,2.62319990618336e-09
