v,0.25
Patm,100000
g,9.81
r,500
G,10^11.27
rho,2300
mu,10^4.22
rc,26
 
M,10^5.83
sigma,0.5
 
tilt_erupt,1.0748nrad
 
-1258,-1257,-1256,-1255,-1254,-1253,-1252,-1251,-1250,-1249,-1248,-1247,-1246,-1245,-1244,-1243,-1242,-1241,-1240,-1239,-1238,-1237,-1236,-1235,-1234,-1233,-1232,-1231,-1230,-1229,-1228,-1227,-1226,-1225,-1224,-1223,-1222,-1221,-1220,-1219,-1218,-1217,-1216,-1215,-1214,-1213,-1212,-1211,-1210,-1209,-1208,-1207,-1206,-1205,-1204,-1203,-1202,-1201,-1200,-1199,-1198,-1197,-1196,-1195,-1194,-1193,-1192,-1191,-1190,-1189,-1188,-1187,-1186,-1185,-1184,-1183,-1182,-1181,-1180,-1179,-1178,-1177,-1176,-1175,-1174,-1173,-1172,-1171,-1170,-1169,-1168,-1167,-1166,-1165,-1164,-1163,-1162,-1161,-1160,-1159,-1158,-1157,-1156,-1155,-1154,-1153,-1152,-1151,-1150,-1149,-1148,-1147,-1146,-1145,-1144,-1143,-1142,-1141,-1140,-1139,-1138,-1137,-1136,-1135,-1134,-1133,-1132,-1131,-1130,-1129,-1128,-1127,-1126,-1125,-1124,-1123,-1122,-1121,-1120,-1119,-1118,-1117,-1116,-1115,-1114,-1113,-1112,-1111,-1110,-1109,-1108,-1107,-1106,-1105,-1104,-1103,-1102,-1101,-1100,-1099,-1098,-1097,-1096,-1095,-1094,-1093,-1092,-1091,-1090,-1089,-1088,-1087,-1086,-1085,-1084,-1083,-1082,-1081,-1080,-1079,-1078,-1077,-1076,-1075,-1074,-1073,-1072,-1071,-1070,-1069,-1068,-1067,-1066,-1065,-1064,-1063,-1062,-1061,-1060,-1059,-1058,-1057,-1056,-1055,-1054,-1053,-1052,-1051,-1050,-1049,-1048,-1047,-1046,-1045,-1044,-1043,-1042,-1041,-1040,-1039,-1038,-1037,-1036,-1035,-1034,-1033,-1032,-1031,-1030,-1029,-1028,-1027,-1026,-1025,-1024,-1023,-1022,-1021,-1020,-1019,-1018,-1017,-1016,-1015,-1014,-1013,-1012,-1011,-1010,-1009,-1008,-1007,-1006,-1005,-1004,-1003,-1002,-1001,-1000,-999,-998,-997,-996,-995,-994,-993,-992,-991,-990,-989,-988,-987,-986,-985,-984,-983,-982,-981,-980,-979,-978,-977,-976,-975,-974,-973,-972,-971,-970,-969,-968,-967,-966,-965,-964,-963,-962,-961,-960,-959,-958,-957,-956,-955,-954,-953,-952,-951,-950,-949,-948,-947,-946,-945,-944,-943,-942,-941,-940,-939,-938,-937,-936,-935,-934,-933,-932,-931,-930,-929,-928,-927,-926,-925,-924,-923,-922,-921,-920,-919,-918,-917,-916,-915,-914,-913,-912,-911,-910,-909,-908,-907,-906,-905,-904,-903,-902,-901,-900,-899,-898,-897,-896,-895,-894,-893,-892,-891,-890,-889,-888,-887,-886,-885,-884,-883,-882,-881,-880,-879,-878,-877,-876,-875,-874,-873,-872,-871,-870,-869,-868,-867,-866,-865,-864,-863,-862,-861,-860,-859,-858,-857,-856,-855,-854,-853,-852,-851,-850,-849,-848,-847,-846,-845,-844,-843,-842,-841,-840,-839,-838,-837,-836,-835,-834,-833,-832,-831,-830,-829,-828,-827,-826,-825,-824,-823,-822,-821,-820,-819,-818,-817,-816,-815,-814,-813,-812,-811,-810,-809,-808,-807,-806,-805,-804,-803,-802,-801,-800,-799,-798,-797,-796,-795,-794,-793,-792,-791,-790,-789,-788,-787,-786,-785,-784,-783,-782,-781,-780,-779,-778,-777,-776,-775,-774,-773,-772,-771,-770,-769,-768,-767,-766,-765,-764,-763,-762,-761,-760,-759,-758,-757,-756,-755,-754,-753,-752,-751,-750,-749,-748,-747,-746,-745,-744,-743,-742,-741,-740,-739,-738,-737,-736,-735,-734,-733,-732,-731,-730,-729,-728,-727,-726,-725,-724,-723,-722,-721,-720,-719,-718,-717,-716,-715,-714,-713,-712,-711,-710,-709,-708,-707,-706,-705,-704,-703,-702,-701,-700,-699,-698,-697,-696,-695,-694,-693,-692,-691,-690,-689,-688,-687,-686,-685,-684,-683,-682,-681,-680,-679,-678,-677,-676,-675,-674,-673,-672,-671,-670,-669,-668,-667,-666,-665,-664,-663,-662,-661,-660,-659,-658,-657,-656,-655,-654,-653,-652,-651,-650,-649,-648,-647,-646,-645,-644,-643,-642,-641,-640,-639,-638,-637,-636,-635,-634,-633,-632,-631,-630,-629,-628,-627,-626,-625,-624,-623,-622,-621,-620,-619,-618,-617,-616,-615,-614,-613,-612,-611,-610,-609,-608,-607,-606,-605,-604,-603,-602,-601,-600,-599,-598,-597,-596,-595,-594,-593,-592,-591,-590,-589,-588,-587,-586,-585,-584,-583,-582,-581,-580,-579,-578,-577,-576,-575,-574,-573,-572,-571,-570,-569,-568,-567,-566,-565,-564,-563,-562,-561,-560,-559,-558,-557,-556,-555,-554,-553,-552,-551,-550,-549,-548,-547,-546,-545,-544,-543,-542,-541,-540,-539,-538,-537,-536,-535,-534,-533,-532,-531,-530,-529,-528,-527,-526,-525,-524,-523,-522,-521,-520,-519,-518,-517,-516,-515,-514,-513,-512,-511,-510,-509,-508,-507,-506,-505,-504,-503,-502,-501,-500,-499,-498,-497,-496,-495,-494,-493,-492,-491,-490,-489,-488,-487,-486,-485,-484,-483,-482,-481,-480,-479,-478,-477,-476,-475,-474,-473,-472,-471,-470,-469,-468,-467,-466,-465,-464,-463,-462,-461,-460,-459,-458,-457,-456,-455,-454,-453,-452,-451,-450,-449,-448,-447,-446,-445,-444,-443,-442,-441,-440,-439,-438,-437,-436,-435,-434,-433,-432,-431,-430,-429,-428,-427,-426,-425,-424,-423,-422,-421,-420,-419,-418,-417,-416,-415,-414,-413,-412,-411,-410,-409,-408,-407,-406,-405,-404,-403,-402,-401,-400,-399,-398,-397,-396,-395,-394,-393,-392,-391,-390,-389,-388,-387,-386,-385,-384,-383,-382,-381,-380,-379,-378,-377,-376,-375,-374,-373,-372,-371,-370,-369,-368,-367,-366,-365,-364,-363,-362,-361,-360,-359,-358,-357,-356,-355,-354,-353,-352,-351,-350,-349,-348,-347,-346,-345,-344,-343,-342,-341,-340,-339,-338,-337,-336,-335,-334,-333,-332,-331,-330,-329,-328,-327,-326,-325,-324,-323,-322,-321,-320,-319,-318,-317,-316,-315,-314,-313,-312,-311,-310,-309,-308,-307,-306,-305,-304,-303,-302,-301,-300,-299,-298,-297,-296,-295,-294,-293,-292,-291,-290,-289,-288,-287,-286,-285,-284,-283,-282,-281,-280,-279,-278,-277,-276,-275,-274,-273,-272,-271,-270,-269,-268,-267,-266,-265,-264,-263,-262,-261,-260,-259,-258,-257,-256,-255,-254,-253,-252,-251,-250,-249,-248,-247,-246,-245,-244,-243,-242,-241,-240,-239,-238,-237,-236,-235,-234,-233,-232,-231,-230,-229,-228,-227,-226,-225,-224,-223,-222,-221,-220,-219,-218,-217,-216,-215,-214,-213,-212,-211,-210,-209,-208,-207,-206,-205,-204,-203,-202,-201,-200,-199,-198,-197,-196,-195,-194,-193,-192,-191,-190,-189,-188,-187,-186,-185,-184,-183,-182,-181,-180,-179,-178,-177,-176,-175,-174,-173,-172,-171,-170,-169,-168,-167,-166,-165,-164,-163,-162,-161,-160,-159,-158,-157,-156,-155,-154,-153,-152,-151,-150,-149,-148,-147,-146,-145,-144,-143,-142,-141,-140,-139,-138,-137,-136,-135,-134,-133,-132,-131,-130,-129,-128,-127,-126,-125,-124,-123,-122,-121,-120,-119,-118,-117,-116,-115,-114,-113,-112,-111,-110,-109,-108,-107,-106,-105,-104,-103,-102,-101,-100,-99,-98,-97,-96,-95,-94,-93,-92,-91,-90,-89,-88,-87,-86,-85,-84,-83,-82,-81,-80,-79,-78,-77,-76,-75,-74,-73,-72,-71,-70,-69,-68,-67,-66,-65,-64,-63,-62,-61,-60,-59,-58,-57,-56,-55,-54,-53,-52,-51,-50,-49,-48,-47,-46,-45,-44,-43,-42,-41,-40,-39,-38,-37,-36,-35,-34,-33,-32,-31,-30,-29,-28,-27,-27,-26,-25,-24,-23,-22,-21,-20,-19,-18,-17,-16,-15,-14,-13,-12,-11,-10,-9,-8,-7,-6,-5,-4,-3,-2,-1,0
-1.51201563881309e-10,-7.23984317366507e-10,-3.90308162852636e-11,-5.27370119497482e-10,-1.82359725038855e-10,-1.02618987675893e-10,8.75018463817136e-11,5.67998625647972e-11,2.92301836587861e-10,4.00043637282347e-10,3.50720341714841e-10,1.13084616003504e-09,-1.21186193927918e-10,5.96853144391165e-10,3.6755720240037e-10,3.64542289182951e-10,1.14123337832687e-09,6.54566211152438e-10,3.26462269184344e-10,-7.19983774802644e-10,3.33304007584287e-10,-5.854212366577e-10,-2.62767324456276e-10,5.74364434199991e-10,-9.79412674988678e-10,1.81252884752567e-10,-3.4954932927331e-11,-1.35982565128974e-10,3.08916862323231e-10,-3.25818447884764e-10,2.52998524442785e-10,-1.0232836267961e-09,-6.12994963808327e-10,-3.47230585375654e-10,-5.12891186917565e-10,-3.10833192319066e-10,-2.60217878597518e-11,7.21471897857776e-10,3.84169744946441e-10,3.57174604621416e-10,-5.38304026287647e-10,-2.13135293279562e-10,4.11177165834636e-10,-3.18548319687261e-10,-2.81737456995477e-11,-2.00232134517247e-10,-5.4968469406038e-10,3.61257157205182e-10,2.09709734391108e-11,1.32028760726736e-10,-3.78173289806016e-10,-2.36997650356203e-10,-3.27285841505391e-10,-6.18057525224784e-10,-6.47777641201147e-10,4.53506648116035e-10,-2.83906489997583e-10,1.53262036865979e-10,7.93129734070511e-11,2.53081987773372e-10,7.17931222846479e-10,-2.00551094933708e-10,1.19721188128879e-10,4.17426191093828e-11,-5.15991500942101e-10,7.1559182227102e-10,5.97457840827087e-10,-6.44523157348176e-10,-1.00869130360715e-10,-1.52982928791379e-12,-1.65852015090729e-10,7.6551332044826e-11,2.31213062470134e-10,-1.06866551747839e-09,-1.33350624745381e-10,-4.87950520606825e-10,-1.61578185576958e-11,4.35032688250502e-10,8.78789338207808e-11,6.75732147958135e-10,8.57173163441026e-11,3.84642915537163e-11,-3.37225381778751e-10,-2.82916992327584e-10,1.84289716863442e-10,-1.11928046501685e-10,-5.90630387895189e-11,4.23367274024446e-10,4.53600868925498e-10,-8.57711789601546e-10,7.02026212063877e-11,7.09601646315085e-10,-1.6818343115401e-10,5.81448157002201e-10,-2.60389337813866e-10,1.16894594592819e-12,-1.02447019654053e-09,1.07919293744613e-09,-4.09436645912062e-10,1.04223671892274e-10,7.55090287005224e-10,4.32928786299402e-11,3.92975680267415e-10,-1.26766191014145e-10,1.21257787268002e-10,3.08816322839819e-10,-1.09574444903583e-10,7.57812923412205e-10,2.93667638103136e-10,3.97183479060281e-10,3.79340156030709e-10,-2.01132008919324e-10,2.04512584406824e-10,4.46956497522299e-10,9.33638747863722e-10,-4.04701314338948e-11,-5.18419172060698e-11,8.3753778560682e-10,4.58028128420787e-10,2.95856158803449e-10,-4.16899548937028e-10,-3.210262859098e-10,-5.80797321015534e-10,-8.13057605120639e-10,5.86948768155064e-10,-3.90223782405338e-10,-1.07281930328831e-10,2.79431494776053e-10,-1.57993414102617e-10,1.12525933847547e-09,1.15767591949506e-10,1.05032335838999e-10,2.52057232371867e-10,-4.2163129848033e-10,9.5872872305807e-11,6.70229637762885e-10,1.94968739659292e-11,4.99850851702916e-10,-6.55777343740693e-10,4.83906250164152e-10,-1.21157532536552e-10,-4.9118269124468e-10,-1.30664818470094e-10,2.63867902735032e-10,3.6802720822162e-10,3.78969695244264e-10,3.16253423751932e-10,-4.68753407511795e-10,3.20580497593622e-10,5.85595399286908e-10,-5.61402919133727e-10,2.98482854315265e-10,3.11170183224399e-10,-2.29822742467404e-11,-3.31527008393198e-12,5.86129812800078e-10,4.14468751737239e-10,-2.66947273264793e-10,9.19510046433168e-10,1.06821246856454e-10,-5.3095959599634e-10,-2.85862804443106e-10,3.20598875117534e-11,-2.46956598807371e-10,9.79990467604082e-10,7.5119589070542e-10,2.3237904456941e-10,1.80844828730519e-10,9.85089781039375e-10,1.51574975087234e-10,-3.18328352711429e-10,-2.12618333288405e-10,-5.00125744896165e-10,-3.56455876833057e-10,8.07349966840503e-10,2.79476507227075e-10,2.38019518598847e-10,1.30695551019305e-10,7.1598655381178e-10,-2.18223809473352e-10,7.62988543243178e-10,-9.3233272638366e-10,-4.17666235871932e-11,3.28549831971399e-10,-4.58430421913452e-11,7.20229271210458e-10,-4.2005875009227e-10,-3.25339451655054e-10,-4.74322606584717e-10,-3.65683181158363e-10,5.65046761450901e-10,-7.39489359079515e-10,-8.25820928886882e-10,1.93714243200134e-10,-4.1563319028465e-10,5.56634852656246e-10,3.62434719848463e-10,-5.50944987718901e-10,5.79076527281328e-11,-4.50464845681933e-11,1.88099333607949e-10,2.14498973497799e-10,5.30835599890913e-10,8.70484023103569e-10,3.38315219305175e-10,1.9497293102974e-10,-6.65252466752426e-10,5.86275788018106e-10,3.05834966785514e-10,-3.70261931964967e-11,4.42201732377422e-10,-2.18668455975259e-10,9.53714901965776e-10,-4.35471848937984e-10,-2.34587596210797e-10,5.95127974065944e-10,-7.53748672461345e-12,5.61275021287277e-10,1.06119001650837e-10,3.45443003313761e-10,2.29975467517394e-10,5.73403152905117e-10,-9.01032800067886e-10,-1.18173105611055e-09,5.62967323498468e-10,-9.58399456209515e-10,-1.23839835652971e-10,4.82087514357964e-11,-3.81116307673864e-11,1.13063403584766e-10,8.13490001507866e-10,-2.53117907286338e-10,1.06037294951583e-10,1.0790207067926e-09,3.86385154701448e-10,-6.36312869081828e-12,6.5135768448578e-10,4.6065841633682e-10,-4.83478619709571e-10,-1.51293072305464e-10,-6.02233315526987e-10,7.44790220288193e-10,-3.44835685716679e-12,1.39920148792797e-10,-2.9690865681712e-10,6.40208743857746e-10,-8.7965319524197e-11,5.70683774257962e-10,1.92170234224872e-11,6.68431428667257e-10,-3.56253687615696e-10,3.46548003666456e-10,-9.76969682126705e-10,-1.26673855598782e-10,-4.14649424639457e-10,5.08253442029483e-10,-1.89378131587118e-10,3.7497990482257e-10,-2.61381262489675e-10,-8.86577221527204e-10,3.75960825601772e-11,7.56875156671218e-10,-1.85016130224269e-10,-4.95787830727481e-10,-1.51863326594266e-10,-2.54407660244483e-10,-7.45202322962099e-10,3.69168763625528e-10,-1.62811612654716e-10,-1.0046724740975e-10,-8.08917250213134e-11,3.28576030315523e-10,-2.61392054762413e-10,4.13276771006017e-11,3.55925423336443e-11,-1.04895992868729e-09,7.72431952208629e-10,4.11390370746582e-10,2.50096503343357e-10,-5.10889811178645e-10,-6.28505661154828e-11,2.02342619812474e-10,-3.31339453201173e-10,-5.9796480727606e-11,1.08379974503401e-10,6.12525192243006e-10,-2.87724343407312e-10,3.19932298323126e-10,4.63331871040116e-10,-3.36084424944258e-10,6.8790501564956e-10,-8.1844177801685e-10,9.2745075171995e-10,-2.37810920992525e-10,-2.62313338875351e-10,6.61060852173113e-11,4.907469716532e-10,-7.94392068081693e-11,1.86824054989762e-10,-3.20926671707927e-11,-3.43038152220842e-12,2.1099393930481e-11,-5.78850717741994e-10,-4.39694471756765e-11,-1.15342952034684e-10,1.20341517795474e-10,1.63167768307008e-10,-6.47879962890674e-10,3.74350813079196e-10,-1.10801878712138e-10,2.08825980133789e-10,-4.21217511344202e-10,5.8326206875541e-10,-8.51932762064195e-11,6.30675666453673e-11,-6.55177459384113e-10,-5.87470536766882e-10,4.09915664505494e-10,-2.23479146593944e-10,-3.4986419413002e-10,1.14686931139705e-10,-1.09058039251269e-09,2.31822162236673e-11,-1.04480178944014e-10,1.76341209642614e-10,-3.56579051251992e-10,4.62423757219809e-11,6.85555385305159e-11,8.31836055077904e-11,5.06539831409104e-11,2.81906233305371e-10,-2.1969186964733e-10,-7.41464069763446e-10,8.74592779946567e-11,3.23997585341879e-10,4.5677798982956e-10,1.26996564755098e-09,-1.37449940432946e-10,1.43411994032079e-11,1.01071704504371e-09,4.89524473238617e-10,7.3084712617939e-11,-1.62161979291738e-10,-2.37798853926865e-10,-2.92205872853795e-10,-6.74039311468498e-10,3.03128900108318e-10,-4.54336409292532e-10,-6.59930296002028e-10,2.41172847014618e-10,1.92107764604436e-10,-7.315022138877e-12,1.68908462035807e-10,-1.39104914998494e-10,-3.67428621881498e-11,-2.44913331157279e-10,4.46120546881445e-10,-3.95765109979161e-10,1.61779396444861e-10,1.47650820575516e-10,-2.06350202545822e-12,7.13029098567493e-10,-7.12499584323996e-10,-1.08263168490417e-09,3.07028526715596e-10,-7.97156054750059e-10,-9.89401855796561e-11,-4.64229909899325e-10,3.75986563510348e-10,8.10016943100264e-11,5.6921394806097e-10,9.4523803808167e-11,-4.15525697960479e-10,6.44045140459438e-11,4.64252602774806e-10,-2.99323306000049e-10,-6.08294177145363e-10,2.46769362306481e-10,-4.68749910858593e-10,-3.78433827898264e-10,-5.35653041865979e-10,3.65383300107287e-11,-1.92764662072109e-10,-8.03853497718961e-10,2.70377183563263e-10,7.75358808286311e-10,-1.49154503268868e-10,-2.42744122256251e-10,-4.71804038987341e-15,9.80001551294179e-10,1.0938567571636e-10,-1.54780351452104e-11,3.03046757079803e-11,-7.02833592160328e-12,-2.84958509080826e-10,-2.76369815895926e-10,-7.67107329669062e-10,-7.77949815329795e-10,-4.61693456066145e-10,9.12886645878773e-10,3.29514735064526e-10,-4.22600939579091e-10,-3.93581043454701e-10,-4.12129846295234e-10,2.90539575785929e-10,4.13346168865982e-10,-2.15449951006532e-10,3.81581934335891e-10,-9.22793079897098e-11,-3.71567268225938e-10,-7.1436370899317e-10,3.96933800569394e-10,-4.30233687736194e-10,-1.39352926796513e-09,1.94359223766572e-10,-4.54194573802153e-10,9.86107118966958e-10,-5.84868967358716e-10,-6.58146371267553e-10,-2.9853830733793e-10,2.77168781497113e-10,-6.04972354672851e-10,-1.53258808944438e-10,6.99879550901702e-10,-4.0794312080068e-10,5.75691511959986e-10,-1.41398852510331e-10,-2.62845349313517e-10,4.92585521881166e-10,-5.95641910852315e-10,7.0883500354719e-10,-1.04374060528717e-09,-5.41018245047754e-11,-1.13921924020326e-09,3.63642539328975e-10,-3.23885175998513e-11,2.79281230407582e-10,-7.94190662547779e-10,-2.47414621650442e-10,1.16924994183798e-10,-1.94893160957508e-10,-6.90907037479315e-10,-3.58465585231991e-10,1.66324372822495e-10,5.17737795526067e-10,8.19123356495595e-11,-4.83423929923404e-10,-3.56220803875403e-10,2.14439703625987e-10,9.80638947147725e-10,1.27229554093212e-10,1.91759542702229e-10,7.91259249791505e-10,2.50960684378499e-10,-7.2075715890405e-10,-5.9562552761571e-10,2.03224247716086e-10,3.69723793128262e-10,2.51652199703269e-10,5.07699638789306e-10,2.04214037477197e-10,-4.55376547803664e-10,5.50093303288926e-10,-1.66033741268238e-10,5.06695913127754e-10,-9.69888960075319e-11,-8.85935544590698e-10,8.25280350800558e-10,-3.16683516230695e-10,-7.16030394270309e-10,2.0411481010741e-10,6.32249331723559e-10,4.28785382896176e-10,-5.68646505647766e-10,2.17362150211702e-10,9.57875930256498e-11,1.76042165185043e-10,-5.3988671394192e-10,3.30693387502391e-11,2.32103192361066e-10,2.09596936239286e-11,5.28599920518734e-10,2.94320431466548e-11,3.423653364224e-10,1.03894277917801e-09,1.16433934586038e-10,3.18034343961826e-10,1.03951405715257e-10,-2.15629744787464e-12,2.57930976238729e-11,-8.42376922778555e-11,-5.04047865556362e-11,2.14067484401316e-10,-6.83157126001224e-11,1.36425942634295e-09,5.7727394789573e-11,5.98055038840496e-10,-1.1345552039208e-09,-4.48815495420297e-10,2.55542338316949e-10,1.37523568501434e-10,-3.28056324032502e-10,-6.02077176587464e-10,7.88914911663539e-11,-1.64854325495331e-10,2.19779812264458e-10,-4.53407174259359e-10,-8.87896217331817e-10,-8.2810093245591e-10,6.8394253763526e-10,6.43950766709066e-11,-5.01971472782556e-10,9.56559013634645e-11,1.43975832131688e-11,1.20315362858346e-10,5.50772996947788e-10,-2.39317353438439e-10,-3.11765540074674e-10,-3.95542941069501e-10,-7.99461372698929e-11,-2.80247226366068e-10,5.95101529796551e-10,-4.9406093555158e-10,-2.95346100686429e-11,-3.24967077515974e-10,-6.02115888039565e-10,4.49042763382227e-10,-2.65072713143122e-10,4.47401686430029e-10,4.65276571768077e-10,-4.71804785958744e-10,4.93668895232186e-10,1.57422728850254e-10,4.8228686732159e-11,-1.42555269880204e-09,1.69514723153549e-10,-4.92552938590517e-10,1.03470462557607e-10,-1.84173931702403e-10,-2.9745569540961e-10,4.01578812075819e-10,-3.3641137100864e-10,-2.26440810521058e-10,7.23499206175748e-10,4.49558948036793e-10,6.53860224362264e-10,-1.12540190204167e-09,-8.02706367668046e-11,-3.84054819737171e-10,-5.64832598648335e-10,-2.21918692959898e-10,3.53164123959083e-10,-1.52286628938202e-10,1.65321289768293e-10,1.37277594833442e-10,3.27698976503974e-11,-2.34129072548421e-10,6.43283693619886e-10,9.28508073788609e-11,4.31177608085546e-10,-7.60623259610379e-11,-4.58802068942631e-10,-6.59790814801862e-11,2.76191452772535e-10,4.31595822703847e-11,2.63912400484667e-10,6.72325269595373e-10,3.99222037510495e-10,1.09756445025406e-10,5.15506306687373e-11,2.19491653987975e-11,-5.55323507340036e-10,8.3472904980292e-10,-2.87883311269363e-10,3.46062980584396e-10,-4.51438981813007e-11,-2.1525578614128e-10,-2.19610050585044e-10,3.96636637571386e-10,-1.0362383907182e-10,-1.53114749302465e-10,1.67805088619687e-10,-9.43353004937146e-10,-4.62220872887617e-10,-3.00012955990513e-10,8.98178642029495e-11,-3.43400802666437e-10,-8.59023793019495e-10,4.114771208104e-10,-4.5219872028392e-10,3.71447240435113e-11,1.08706243286305e-10,-9.20926844775364e-10,-6.02148335103535e-10,-6.05382704450103e-10,2.49592760333417e-10,7.64173652708969e-10,-8.93446437651107e-10,2.21944609991276e-10,-4.6244474131852e-10,-3.32672766985232e-10,-6.07322537006758e-10,-1.24946628964205e-10,4.44105990774531e-10,-1.14684020915784e-09,-3.21131872802531e-10,8.93159440488689e-11,-1.56838871563521e-10,-8.04324757545459e-11,-5.57550276641762e-12,-3.83933380423603e-11,1.05418055506507e-10,-4.45819270779246e-10,-3.83333057699465e-11,-9.72343848822322e-10,8.84865701968862e-10,1.54100828935468e-09,9.21199173545006e-10,-1.14486566740828e-09,-5.04581057517221e-10,7.3041117013629e-10,1.40030554833867e-09,2.91277295420885e-10,-6.91516593044469e-10,-3.90084219646756e-12,-4.16579686623172e-10,-1.80874038896369e-10,-9.32693772643467e-11,-5.71656682676947e-10,5.46732032514776e-11,1.74939788676803e-10,4.73080424454864e-10,3.11084602193524e-10,4.6564748417646e-10,-6.77985250909621e-10,-1.16973268744297e-11,-5.05076925439155e-10,-4.03329660970703e-10,-5.19296775195161e-11,1.19918903428553e-09,-6.15524826292007e-11,1.94973332448919e-10,-1.34531171201015e-10,-5.3084931050259e-10,-1.25728152949156e-10,-7.24717849168526e-10,-2.05770772341996e-10,-5.3562901093193e-10,4.58649303962096e-11,-1.87251785223656e-10,-4.09626103351654e-10,4.92413827145825e-10,-6.28057441836024e-11,5.03825446833941e-10,-3.47187029785035e-11,3.12644860802781e-10,1.13644272157046e-10,4.69599953580698e-11,-2.84715819882001e-10,2.10691291002499e-10,2.15381235459713e-10,-7.43842644796011e-10,-5.38443005004501e-10,-1.83642500982429e-10,-5.37883317031917e-10,3.17245575785646e-10,-1.14864118358539e-10,8.36385144192204e-10,1.69249055914056e-10,8.88358236225607e-10,1.28772580486314e-10,-8.59108025416534e-12,9.63408653290579e-10,1.89308079154085e-10,-4.12559706398909e-10,-2.6908139595585e-10,-2.03955935952279e-10,-3.50210786296375e-10,1.02616065735686e-09,5.362364901537e-10,4.67796230858934e-10,-4.23260937320615e-10,-1.09122297170245e-10,5.93335940867865e-10,2.21101773674972e-10,1.20905061482059e-10,-1.44200471991017e-10,1.51332842512722e-10,6.0879438143562e-10,-7.67609713872878e-10,-3.05964945619575e-10,3.9464624103249e-10,1.05258362784135e-11,1.01293114158872e-10,6.80898294200047e-10,3.34470707953792e-10,-4.85945485910275e-10,-7.59298062005555e-10,-5.07992273798978e-10,-5.19692714857806e-10,5.25201396020358e-10,-5.90784674896921e-10,1.15718359913055e-11,5.52218451547464e-10,-1.74975561480604e-10,1.60716163758562e-10,3.11766641426836e-10,1.19737858947257e-09,4.44462904173769e-10,3.14379459775851e-11,-6.50134055291148e-11,-6.67834016300939e-11,5.83362542746017e-10,-7.97247003257355e-10,4.57370650600335e-10,-4.02436810223358e-10,3.91471749916885e-10,-6.97094967634985e-10,2.0774029763829e-10,-3.83470217090159e-10,-1.15011689293929e-10,1.9797133405204e-10,3.70855873730606e-10,-9.61217324988235e-11,-9.26002531222616e-10,5.5650577199119e-10,-2.89516183352249e-11,3.86446942947676e-10,-1.12164479498133e-10,-1.08356259499066e-10,5.41541046093737e-10,3.75105744824382e-10,3.53088340648002e-11,4.28390229769702e-10,-2.01524519486743e-10,-7.79103268081499e-10,7.026953211319e-11,-6.19325780409446e-10,7.52816849030847e-10,1.9881897614255e-10,-1.12184133453066e-12,-1.69164846407116e-10,-2.47916863769289e-10,4.38076585455727e-10,2.6858339979406e-10,2.5255673370394e-10,-2.63395975900454e-10,-6.70629987837928e-10,1.22776662410648e-10,6.14733020240158e-10,-4.06702470316831e-10,-5.51973217029366e-10,5.081890886677e-10,-2.04988538795296e-10,1.11499850090648e-09,-6.36246778843732e-10,2.55975900435408e-10,5.59554434842287e-10,4.5127302818799e-10,-3.82120544574962e-10,-9.50991264469913e-10,5.85350058024951e-10,2.24940707176532e-10,-1.1322159760209e-09,-1.15941385757954e-09,1.93587995010297e-10,-3.14036503319355e-10,-1.04586752330256e-11,-3.15224919603911e-10,5.35871693448973e-10,9.49249867568226e-10,4.84661429515796e-10,9.04343427421583e-11,1.48677893520036e-09,-4.2488457555973e-10,3.33862586480352e-10,5.74753982486293e-11,-5.15657546335097e-11,1.64541103473372e-10,-3.12350753982328e-10,-1.49809766678852e-10,2.53188016745482e-10,2.55154414325524e-10,-3.26325789190889e-10,-7.85180023268951e-10,7.02120076860016e-11,4.17108340749429e-10,-4.84997910844976e-10,6.49106142886169e-10,-8.78664713325902e-10,-4.26783789940413e-10,8.37775986072953e-10,2.49605547704356e-10,3.38703594740836e-11,4.60702518165173e-10,2.49654700178341e-10,2.57433778197418e-10,-1.80057496335138e-10,-6.63481887344452e-10,-4.66215867318235e-10,4.50032825750141e-10,-7.07870694470213e-11,7.34660504009235e-11,2.31282303045227e-10,-7.62925526948781e-10,-4.94460021448416e-10,2.6937855983183e-10,5.19626550358607e-13,2.98187825279352e-10,-1.37502687816312e-10,-3.72206016938469e-12,-3.46733214593941e-10,-2.82329422781713e-10,1.16624790817549e-09,-4.17193730307869e-10,-5.04910442943498e-10,5.2713406999074e-10,8.77363264380202e-10,-4.54230705749392e-10,-1.00878522950531e-10,-7.56713045654202e-10,-4.54588394348399e-10,-5.61769429267304e-10,5.60140607929797e-10,-8.66483936307832e-10,2.93286197821246e-10,1.08568983931212e-09,-1.52223942682211e-09,1.856210951825e-10,-2.32974534652352e-11,-2.91854635967805e-10,-4.5860525396541e-10,-1.60054500816514e-10,1.82669101446204e-10,-3.99953836653259e-11,8.2418210513748e-10,2.03783218826853e-11,-3.90707724096079e-10,-5.17433777173327e-10,3.39791707078122e-12,-7.32173152578918e-10,-5.62506305950764e-10,-7.02494883540054e-10,2.14365794496169e-10,-2.8511767191314e-10,4.39049527285484e-10,1.06817523016852e-10,5.29055499927759e-10,8.14988208664399e-11,-6.22616537512326e-10,4.06763762240475e-10,5.0235685731328e-10,4.08266230929724e-10,-4.6911399574578e-10,-7.89493489943418e-10,1.66757289549997e-10,3.12411570924409e-11,-8.51151363483834e-10,4.23500248887178e-10,2.57596321130853e-10,3.9537211593942e-10,-2.98288572137726e-10,-6.00050175524436e-10,3.41316082488029e-10,-9.82437782605189e-11,-2.04918059440803e-10,7.06818509510029e-10,2.51001547398618e-11,-4.45560632383312e-10,6.41952267460113e-10,1.82975550379711e-10,1.77855696031139e-10,4.43095870085715e-10,5.9329224643143e-10,3.6587534187079e-10,5.8743153232822e-10,-7.08554493864354e-10,1.53989394543086e-11,2.66755925385148e-10,-1.94315236829967e-10,5.26639045197176e-10,5.65539009489539e-10,6.04298130897561e-10,6.94841917876764e-11,4.68878607327328e-11,2.82163044392794e-10,-5.57815184741426e-10,-5.63457205928804e-10,-2.98615197767698e-10,-4.51033521028076e-10,-8.14635287436384e-10,3.4297759430969e-10,-2.73612802057302e-10,-5.07337580323519e-10,-5.68935850986686e-10,-6.96653945383754e-10,2.32399132785035e-10,-6.07255964323943e-10,-5.47597719199112e-12,-3.85606796042469e-10,-7.84936889461627e-11,-3.52006218498066e-11,-1.03564745472951e-10,4.17483296300123e-10,-6.52474960887402e-11,-7.50858922504892e-10,8.97213833848153e-10,4.32149311813427e-11,-1.47644952289786e-10,-2.08397907633514e-10,6.348532911486e-10,-4.37348513105277e-10,5.45131562636994e-10,-7.99647292261523e-10,1.27064552684301e-11,-1.16629939763319e-11,4.1262160453896e-10,2.70543957392848e-10,3.04467730288018e-10,-7.57736566811107e-10,4.19533546343389e-11,1.75699697202184e-10,-6.91929503485374e-10,6.68431122066181e-11,-2.73004640975901e-10,1.54567934155094e-11,-8.26988570967787e-10,-3.79621231218144e-10,3.21829142088759e-11,-2.71823693837389e-10,3.03365879414073e-10,-4.16393641260717e-10,-5.45456596712343e-10,9.18890895114473e-10,-2.78915926046001e-10,-1.02375509793072e-09,6.40787370589623e-10,2.25563673115786e-11,3.22329674657545e-10,2.65103743714022e-10,-5.42660567609531e-10,6.86782616281731e-10,-4.53183264195193e-10,-2.37012222043707e-10,-5.5359867624205e-10,3.91010628959834e-10,5.58531220570508e-10,5.66873017000882e-10,-6.53883074500317e-10,-7.55171160369646e-11,3.96079592854346e-10,-3.3917468829944e-10,7.91613117315334e-10,-4.00088539947373e-10,-8.85380574905593e-10,-1.70906983254746e-10,-3.98319181764332e-11,-6.18218459276806e-10,3.32453040989669e-11,8.48227127964811e-11,8.99052812543861e-10,7.09088173048078e-11,2.06642329729692e-10,-3.61004809434676e-10,5.7501900440294e-11,-2.83938966687865e-10,1.59998586674328e-10,-2.50532066694653e-10,4.33684836528272e-10,2.2270271279016e-10,-4.46066038590531e-10,1.59894453738025e-10,-1.3992126345708e-10,1.42471271612405e-10,2.37473758334266e-10,2.59261382344896e-12,-6.41703439806265e-10,-3.22890720940878e-10,1.67094566736801e-10,4.70714345500738e-10,-1.5045508535345e-10,1.40815892672897e-11,-2.62716441991171e-10,-9.1015138467276e-10,-1.29200444714564e-10,-1.78489469685508e-10,-1.97067171982528e-10,4.33861508580683e-10,7.81256751711283e-10,-5.70581287636511e-10,2.08469598652853e-10,-4.86043790889136e-10,-5.90741342707112e-10,3.58377465672721e-10,2.6888022088621e-10,6.01906883978456e-10,6.16614722050744e-11,-8.01015153308134e-12,-1.28709996065514e-10,9.75638427785756e-11,8.74835896922946e-10,7.67985286761173e-10,-3.62641776092134e-10,-2.01810464771056e-11,1.37101872888155e-10,-7.62934707405781e-10,-3.38038468220766e-10,8.75901974060408e-10,-9.6002215712241e-10,-1.19788908032327e-10,4.25643166162465e-10,3.44005186769596e-10,-1.05236951141394e-09,3.26184524365284e-10,9.49354749008948e-10,-3.44211906267653e-10,-3.08075008648645e-10,6.43852145146763e-11,9.93909947841726e-10,8.58504739854015e-10,-5.23717801384325e-10,6.71197281277251e-10,-6.95538320376498e-10,-1.37945708573418e-10,7.88000817307066e-10,8.77345890218963e-11,-5.74529060845001e-10,-6.52622499741969e-10,-1.0009915702109e-10,-3.11031267611524e-10,6.2167890890979e-10,-1.63019436737321e-10,-8.5517759015691e-10,-7.96582585772721e-10,-1.90054196676821e-10,-1.97177760711636e-10,1.37950208944829e-11,3.06104846267863e-10,2.72379813416267e-10,2.76096273812143e-10,5.34212058966201e-10,-1.75263206175131e-10,-1.56021520256152e-10,4.09188834906944e-11,8.11886519766056e-10,-1.27376509603975e-10,2.67644967082205e-10,8.24903872274651e-11,3.86718071133979e-10,-7.43153430887268e-10,2.09195476269348e-10,-9.74702551445464e-11,-5.20191987564706e-10,1.34980210053669e-10,-5.22632021235681e-10,1.13525660450626e-09,-4.89060268207055e-11,-3.75507259166599e-10,-1.05704880219017e-10,-3.45160769178998e-10,-3.134443944626e-10,-6.12158129781089e-10,-5.46515627712566e-10,-4.25209699543468e-10,7.02018420780471e-10,5.22715990221528e-10,-7.29361557919089e-10,-2.99341687587573e-10,-8.47054489118551e-11,4.4790373115401e-10,6.07294999770025e-10,4.9434308498121e-10,8.21624814561838e-11,-7.33701478460443e-10,1.95791624851034e-11,8.28310168641122e-11,4.33556967863591e-10,-1.62811858143914e-10,-2.07783094823217e-10,-8.27469938701049e-11,1.08713167357825e-10,2.17797252555671e-11,-1.63422613959551e-10,1.4572849177495e-10,-7.54730782654671e-10,-4.64613621146231e-10,-3.02895193151277e-10,3.57313085624662e-10,-7.02352325059459e-10,-2.47227078312318e-10,-1.26330770831339e-10,-6.30936956572206e-10,-4.25946271065182e-10,7.47977791272787e-11,3.90920366283657e-10,-6.75745404158499e-10,6.34445678612598e-10,-3.80704976117184e-11,-2.63953502430068e-10,-5.81554526264008e-11,-2.59260689725611e-10,-1.8761246018009e-10,8.948529227435e-11,-8.46110140966693e-10,5.38666042662933e-11,-9.35680527756759e-10,1.26171433225563e-09,-1.17820651414009e-10,2.93967759433078e-11,-4.90091794363155e-10,7.15485009086423e-10,-1.48128781726048e-09,-6.31768962780768e-11,6.04296045704731e-11,-7.31509432307304e-10,1.09299001135538e-10,5.70395764426794e-10,4.14438670913139e-10,-4.01538306800359e-10,-3.43112416089174e-10,-5.03762574608577e-10,-5.26376153266003e-10,2.31470806612471e-12,-2.43432555655633e-10,-3.49627341860212e-10,5.86150054346796e-10,-4.00803109458244e-10,-2.73497498425047e-10,-2.12826923193916e-10,-3.93590000979884e-10,9.92814979979134e-11,8.13419045020924e-10,-8.20801042055067e-11,3.37627968340146e-11,-4.63896762221078e-10,2.33766357348235e-10,2.19871897015454e-11,-5.0187829467064e-10,1.07824042939379e-10,-7.57901090394034e-10,3.02989521840459e-10,-2.39761108881239e-10,-1.08960026997382e-09,5.48143053457363e-10,8.74650804739549e-10,-7.10527568312087e-10,-1.49904981891109e-10,-2.23306593159094e-10,4.09132944099464e-10,-3.00947723881841e-10,-1.30038540072585e-10,-6.60851301666535e-10,2.43553693418841e-10,-8.56650691326821e-10,5.8770451132605e-11,-4.10939146290071e-10,5.22181114309976e-10,1.16808892687074e-10,8.75288526899603e-11,9.04453546674867e-10,-3.80490434319775e-11,-1.19412222847165e-09,1.15924119131646e-09,-6.52998232390255e-10,-2.09193369018236e-10,-4.01509490823655e-10,9.90296320986593e-10,1.08034556161188e-10,1.28843313876763e-10,7.09133302840895e-10,2.53714983744048e-11,3.52242501752739e-10,3.71251602008009e-10,3.30518917186079e-11,-1.82809987881047e-10,1.27079973309162e-09,-2.49867338484342e-10,1.51808855607902e-10,5.82309498865508e-10,1.59661177473502e-10,2.72436113365214e-10,3.02749051346827e-10,1.99338793418398e-10,5.08120792172409e-10,5.95849691263967e-10,-1.24712022819104e-09,-1.16744851025347e-10,-5.58041773843194e-10,-9.31704392583897e-10,8.32833970733332e-10,-3.99454923955203e-10,-3.86532612888068e-10,-1.63264433136875e-10,4.41952536801751e-10,-4.08961875857216e-10,-5.95138244950342e-11,2.49818068464304e-10,1.00763387005e-09,2.19152297709811e-10,5.55182989757179e-11,7.49342882490709e-10,-2.09834806261839e-10,1.56646749640298e-10,-2.61996615373896e-10,-1.25293294559675e-10,-2.44258783050784e-10,7.01665641608987e-10,4.59535548703325e-10,7.20781865614395e-10,3.14036582824013e-10,4.60210289429847e-10,-5.6737501232211e-10,-2.90440092582496e-10,5.59501888144973e-10,9.02607983105208e-10,-1.981912469266e-10,-3.59313650231621e-10,8.21276287455217e-10,1.46318361956191e-10,-4.34469386750807e-10,-6.45283465432654e-10,-7.41524293427274e-10,6.40847371165773e-10,-8.30417754688241e-10,1.13680119159671e-09,-6.07331784051498e-10,2.28335705606916e-10,1.20242057790773e-10,4.98668032323769e-10,-1.20042358054326e-10,-6.69148996743924e-11,-3.16605184755874e-10,6.72141517290343e-10,1.13658419749827e-10,2.23414749952377e-10,-1.23268502561201e-10,3.02160715154812e-11,-1.09476464081825e-10,-7.95145910667187e-10,4.2387735721207e-10,-4.66210470840365e-10,7.15345308810138e-10,3.30956732823209e-10,1.03062207784753e-09,-2.23420023853104e-10,7.54534623289099e-10,3.58401375597261e-10,3.48298496417865e-10,-2.08210008909738e-10,8.88777906209765e-10,3.53323963891742e-10,8.7775916753093e-10,7.913911575157e-10,1.28828417789633e-10,5.36780754249376e-10,5.19465992280724e-10,4.72783288883656e-10,1.45061429173055e-09,1.10344390521485e-10,7.36771979038293e-10
