v,0.25
Patm,100000
g,9.81
r,500
G,10^11.27
rho,2300
mu,10^4.22
rc,26
 
M,10^5.83
sigma,0.1
 
tilt_erupt,1.0748nrad
 
-1361,-1360,-1359,-1358,-1357,-1356,-1355,-1354,-1353,-1352,-1351,-1350,-1349,-1348,-1347,-1346,-1345,-1344,-1343,-1342,-1341,-1340,-1339,-1338,-1337,-1336,-1335,-1334,-1333,-1332,-1331,-1330,-1329,-1328,-1327,-1326,-1325,-1324,-1323,-1322,-1321,-1320,-1319,-1318,-1317,-1316,-1315,-1314,-1313,-1312,-1311,-1310,-1309,-1308,-1307,-1306,-1305,-1304,-1303,-1302,-1301,-1300,-1299,-1298,-1297,-1296,-1295,-1294,-1293,-1292,-1291,-1290,-1289,-1288,-1287,-1286,-1285,-1284,-1283,-1282,-1281,-1280,-1279,-1278,-1277,-1276,-1275,-1274,-1273,-1272,-1271,-1270,-1269,-1268,-1267,-1266,-1265,-1264,-1263,-1262,-1261,-1260,-1259,-1258,-1257,-1256,-1255,-1254,-1253,-1252,-1251,-1250,-1249,-1248,-1247,-1246,-1245,-1244,-1243,-1242,-1241,-1240,-1239,-1238,-1237,-1236,-1235,-1234,-1233,-1232,-1231,-1230,-1229,-1228,-1227,-1226,-1225,-1224,-1223,-1222,-1221,-1220,-1219,-1218,-1217,-1216,-1215,-1214,-1213,-1212,-1211,-1210,-1209,-1208,-1207,-1206,-1205,-1204,-1203,-1202,-1201,-1200,-1199,-1198,-1197,-1196,-1195,-1194,-1193,-1192,-1191,-1190,-1189,-1188,-1187,-1186,-1185,-1184,-1183,-1182,-1181,-1180,-1179,-1178,-1177,-1176,-1175,-1174,-1173,-1172,-1171,-1170,-1169,-1168,-1167,-1166,-1165,-1164,-1163,-1162,-1161,-1160,-1159,-1158,-1157,-1156,-1155,-1154,-1153,-1152,-1151,-1150,-1149,-1148,-1147,-1146,-1145,-1144,-1143,-1142,-1141,-1140,-1139,-1138,-1137,-1136,-1135,-1134,-1133,-1132,-1131,-1130,-1129,-1128,-1127,-1126,-1125,-1124,-1123,-1122,-1121,-1120,-1119,-1118,-1117,-1116,-1115,-1114,-1113,-1112,-1111,-1110,-1109,-1108,-1107,-1106,-1105,-1104,-1103,-1102,-1101,-1100,-1099,-1098,-1097,-1096,-1095,-1094,-1093,-1092,-1091,-1090,-1089,-1088,-1087,-1086,-1085,-1084,-1083,-1082,-1081,-1080,-1079,-1078,-1077,-1076,-1075,-1074,-1073,-1072,-1071,-1070,-1069,-1068,-1067,-1066,-1065,-1064,-1063,-1062,-1061,-1060,-1059,-1058,-1057,-1056,-1055,-1054,-1053,-1052,-1051,-1050,-1049,-1048,-1047,-1046,-1045,-1044,-1043,-1042,-1041,-1040,-1039,-1038,-1037,-1036,-1035,-1034,-1033,-1032,-1031,-1030,-1029,-1028,-1027,-1026,-1025,-1024,-1023,-1022,-1021,-1020,-1019,-1018,-1017,-1016,-1015,-1014,-1013,-1012,-1011,-1010,-1009,-1008,-1007,-1006,-1005,-1004,-1003,-1002,-1001,-1000,-999,-998,-997,-996,-995,-994,-993,-992,-991,-990,-989,-988,-987,-986,-985,-984,-983,-982,-981,-980,-979,-978,-977,-976,-975,-974,-973,-972,-971,-970,-969,-968,-967,-966,-965,-964,-963,-962,-961,-960,-959,-958,-957,-956,-955,-954,-953,-952,-951,-950,-949,-948,-947,-946,-945,-944,-943,-942,-941,-940,-939,-938,-937,-936,-935,-934,-933,-932,-931,-930,-929,-928,-927,-926,-925,-924,-923,-922,-921,-920,-919,-918,-917,-916,-915,-914,-913,-912,-911,-910,-909,-908,-907,-906,-905,-904,-903,-902,-901,-900,-899,-898,-897,-896,-895,-894,-893,-892,-891,-890,-889,-888,-887,-886,-885,-884,-883,-882,-881,-880,-879,-878,-877,-876,-875,-874,-873,-872,-871,-870,-869,-868,-867,-866,-865,-864,-863,-862,-861,-860,-859,-858,-857,-856,-855,-854,-853,-852,-851,-850,-849,-848,-847,-846,-845,-844,-843,-842,-841,-840,-839,-838,-837,-836,-835,-834,-833,-832,-831,-830,-829,-828,-827,-826,-825,-824,-823,-822,-821,-820,-819,-818,-817,-816,-815,-814,-813,-812,-811,-810,-809,-808,-807,-806,-805,-804,-803,-802,-801,-800,-799,-798,-797,-796,-795,-794,-793,-792,-791,-790,-789,-788,-787,-786,-785,-784,-783,-782,-781,-780,-779,-778,-777,-776,-775,-774,-773,-772,-771,-770,-769,-768,-767,-766,-765,-764,-763,-762,-761,-760,-759,-758,-757,-756,-755,-754,-753,-752,-751,-750,-749,-748,-747,-746,-745,-744,-743,-742,-741,-740,-739,-738,-737,-736,-735,-734,-733,-732,-731,-730,-729,-728,-727,-726,-725,-724,-723,-722,-721,-720,-719,-718,-717,-716,-715,-714,-713,-712,-711,-710,-709,-708,-707,-706,-705,-704,-703,-702,-701,-700,-699,-698,-697,-696,-695,-694,-693,-692,-691,-690,-689,-688,-687,-686,-685,-684,-683,-682,-681,-680,-679,-678,-677,-676,-675,-674,-673,-672,-671,-670,-669,-668,-667,-666,-665,-664,-663,-662,-661,-660,-659,-658,-657,-656,-655,-654,-653,-652,-651,-650,-649,-648,-647,-646,-645,-644,-643,-642,-641,-640,-639,-638,-637,-636,-635,-634,-633,-632,-631,-630,-629,-628,-627,-626,-625,-624,-623,-622,-621,-620,-619,-618,-617,-616,-615,-614,-613,-612,-611,-610,-609,-608,-607,-606,-605,-604,-603,-602,-601,-600,-599,-598,-597,-596,-595,-594,-593,-592,-591,-590,-589,-588,-587,-586,-585,-584,-583,-582,-581,-580,-579,-578,-577,-576,-575,-574,-573,-572,-571,-570,-569,-568,-567,-566,-565,-564,-563,-562,-561,-560,-559,-558,-557,-556,-555,-554,-553,-552,-551,-550,-549,-548,-547,-546,-545,-544,-543,-542,-541,-540,-539,-538,-537,-536,-535,-534,-533,-532,-531,-530,-529,-528,-527,-526,-525,-524,-523,-522,-521,-520,-519,-518,-517,-516,-515,-514,-513,-512,-511,-510,-509,-508,-507,-506,-505,-504,-503,-502,-501,-500,-499,-498,-497,-496,-495,-494,-493,-492,-491,-490,-489,-488,-487,-486,-485,-484,-483,-482,-481,-480,-479,-478,-477,-476,-475,-474,-473,-472,-471,-470,-469,-468,-467,-466,-465,-464,-463,-462,-461,-460,-459,-458,-457,-456,-455,-454,-453,-452,-451,-450,-449,-448,-447,-446,-445,-444,-443,-442,-441,-440,-439,-438,-437,-436,-435,-434,-433,-432,-431,-430,-429,-428,-427,-426,-425,-424,-423,-422,-421,-420,-419,-418,-417,-416,-415,-414,-413,-412,-411,-410,-409,-408,-407,-406,-405,-404,-403,-402,-401,-400,-399,-398,-397,-396,-395,-394,-393,-392,-391,-390,-389,-388,-387,-386,-385,-384,-383,-382,-381,-380,-379,-378,-377,-376,-375,-374,-373,-372,-371,-370,-369,-368,-367,-366,-365,-364,-363,-362,-361,-360,-359,-358,-357,-356,-355,-354,-353,-352,-351,-350,-349,-348,-347,-346,-345,-344,-343,-342,-341,-340,-339,-338,-337,-336,-335,-334,-333,-332,-331,-330,-329,-328,-327,-326,-325,-324,-323,-322,-321,-320,-319,-318,-317,-316,-315,-314,-313,-312,-311,-310,-309,-308,-307,-306,-305,-304,-303,-302,-301,-300,-299,-298,-297,-296,-295,-294,-293,-292,-291,-290,-289,-288,-287,-286,-285,-284,-283,-282,-281,-280,-279,-278,-277,-276,-275,-274,-273,-272,-271,-270,-269,-268,-267,-266,-265,-264,-263,-262,-261,-260,-259,-258,-257,-256,-255,-254,-253,-252,-251,-250,-249,-248,-247,-246,-245,-244,-243,-242,-241,-240,-239,-238,-237,-236,-235,-234,-233,-232,-231,-230,-229,-228,-227,-226,-225,-224,-223,-222,-221,-220,-219,-218,-217,-216,-215,-214,-213,-212,-211,-210,-209,-208,-207,-206,-205,-204,-203,-202,-201,-200,-199,-198,-197,-196,-195,-194,-193,-192,-191,-190,-189,-188,-187,-186,-185,-184,-183,-182,-181,-180,-179,-178,-177,-176,-175,-174,-173,-172,-171,-170,-169,-168,-167,-166,-165,-164,-163,-162,-161,-160,-159,-158,-157,-156,-155,-154,-153,-152,-151,-150,-149,-148,-147,-146,-145,-144,-143,-142,-141,-140,-139,-138,-137,-136,-135,-134,-133,-132,-131,-130,-129,-128,-127,-126,-125,-124,-123,-122,-121,-120,-119,-118,-117,-116,-115,-114,-113,-112,-111,-110,-109,-108,-107,-106,-105,-104,-103,-102,-101,-100,-99,-98,-97,-96,-95,-94,-93,-92,-91,-90,-89,-88,-87,-86,-85,-84,-83,-82,-81,-80,-79,-78,-77,-76,-75,-74,-73,-72,-71,-70,-69,-68,-67,-66,-65,-64,-63,-62,-61,-60,-59,-58,-57,-56,-55,-54,-53,-52,-51,-50,-49,-48,-47,-46,-45,-44,-43,-42,-41,-40,-39,-38,-37,-36,-35,-34,-33,-32,-31,-30,-29,-28,-27,-27,-26,-25,-24,-23,-22,-21,-20,-19,-18,-17,-16,-15,-14,-13,-12,-11,-10,-9,-8,-7,-6,-5,-4,-3,-2,-1,0
-2.36186554657662e-11,-1.61481287853925e-11,-8.81560304266252e-11,1.6498648199661e-11,-7.86012553765124e-11,-2.23707311594553e-10,-1.29121886208585e-10,-4.88049438565997e-11,-1.0123415868791e-10,-4.12405979464424e-11,1.59472838768228e-11,8.5361548191346e-11,8.93885168538542e-11,-6.16910867143394e-11,1.63566581977586e-10,-2.73557012649195e-10,-5.16163330862369e-11,7.91790795377825e-11,-2.34707583271956e-11,-5.85920985928383e-11,1.07940893019457e-10,1.17406489756987e-10,-1.53546742796748e-10,-8.977177598376e-11,-1.28857484596601e-10,-3.84296125208891e-11,-7.63362072572498e-11,3.92389888582359e-11,3.28451729079259e-11,-2.67845107549594e-11,3.01588549833694e-11,-2.48711244563802e-11,-4.35140301413576e-11,1.48677447842022e-10,-2.6252405371878e-11,-1.41516208434883e-10,9.29199924468807e-11,8.95591533261388e-12,-2.75204963110489e-11,1.71564001395635e-10,6.60705132562538e-11,-6.3135212265948e-11,7.85520237318476e-11,7.34021903870497e-11,2.22244595371818e-12,4.27970283149657e-11,9.11693020343215e-11,2.02699552239602e-10,3.5209405721212e-11,-3.31607183915285e-12,-1.44017431706878e-10,-2.08762485539261e-11,-8.48606023255418e-11,-1.58735775223266e-10,-9.67475373749222e-11,-1.30316314147469e-10,1.30296667947894e-11,-1.84704516492219e-13,4.61010976812191e-11,1.91331289684732e-11,5.63623051924714e-11,3.2684327066904e-11,-1.84073293072425e-11,4.33665023040846e-11,1.56209310695444e-10,1.59584467245238e-10,1.6405366825956e-10,-3.5270068918392e-11,1.29534692862373e-10,5.78810183743948e-11,4.14580264904931e-11,-5.53199033076045e-11,1.71362757365534e-11,7.98058337813087e-12,7.32415607851947e-11,-1.71797923691411e-10,-1.32670915261503e-10,-9.68210387618277e-11,1.54266975018461e-11,-9.26832653317441e-11,1.58692718043834e-11,1.80638093394811e-10,-2.78618962187136e-11,4.26893426292634e-11,-9.43139384420403e-11,-3.70948092697926e-11,3.1427082921567e-11,5.44913111860515e-11,-1.38599313477645e-11,2.63572103036786e-10,-9.14836832935634e-11,-9.007046727404e-11,-1.67405128064936e-11,6.75720904058264e-11,2.29249516706226e-11,-1.26410821642882e-10,-1.88333903153602e-10,-7.55908662312713e-11,-1.04318920584948e-10,-1.96669450181986e-11,1.71884506099934e-10,-2.00449258363541e-10,1.34308001799554e-10,7.35156820305612e-12,3.8296646406763e-11,-6.08671299868262e-11,4.11846284693961e-11,2.34598637483279e-11,4.46794216864429e-11,-2.0120610732723e-10,-4.41649694712829e-12,-5.44391347888682e-11,1.16941392675698e-10,-1.37015232405371e-12,5.96002655034002e-11,2.06927426036263e-10,-1.30611794094785e-10,2.32944993540343e-11,-1.04897300225636e-10,-4.8209826680563e-11,1.32671834537572e-10,-3.33246196170713e-11,1.91130223362768e-10,3.12637373106803e-11,-1.28291252818444e-10,1.16282389473523e-10,1.19291309344475e-11,1.51275713696261e-11,5.88937393894748e-11,-1.73026876420279e-11,8.02669281288014e-11,2.12755873450386e-11,6.7627502414071e-11,1.00649132596587e-11,4.75843704720962e-11,-2.05756797963859e-13,-1.11038514309989e-10,8.24178490363798e-11,-9.45633927818343e-11,4.89284490990208e-11,-2.06047798357629e-11,1.60389306849068e-10,-9.04517618600564e-11,-1.18319112970024e-10,5.88177196182515e-11,7.40438712216483e-11,2.16375799398085e-10,-1.14657154092025e-11,3.2014818285786e-11,-2.78326041176472e-10,-7.99134165979619e-11,-7.32738861398645e-11,7.15002646396184e-11,2.36086551352302e-10,-2.53862032852377e-11,4.60121935247381e-11,-9.11073797813035e-11,9.785505172552e-11,-3.10095144010731e-11,-9.84982252497664e-12,-4.23304889556388e-11,-3.40567313887762e-11,-5.91307716708209e-11,1.27177918755239e-10,8.84405330710203e-11,-1.43399040883926e-10,1.63696375335462e-10,-1.30806094888722e-11,-1.2539903840963e-10,2.40836630776506e-11,-5.47437170981445e-11,5.71395989122783e-11,7.13825840086591e-11,-8.31730145161961e-11,1.18046731312725e-10,-2.51570910693652e-11,7.74254635992582e-11,-2.02570931446425e-12,3.19777541532581e-11,-1.24510502114353e-11,-3.99205228033666e-11,7.27087952353393e-11,4.64700154906579e-11,3.05041825167125e-11,-1.76907883371917e-10,-3.06457730420199e-11,-6.5381562055316e-11,5.40381538238209e-11,-1.53591855857786e-10,-1.24999745975317e-11,-1.66977187278889e-10,-1.22717851024237e-10,-1.17059879647517e-10,1.64380692489199e-10,-6.53309682406854e-11,2.70591620861722e-11,1.81696255938893e-10,-3.955954398916e-11,7.09306415718869e-11,-1.17659001442946e-10,-7.53106349349447e-11,6.49160490453147e-11,5.09021639481968e-11,-1.09083288050174e-10,1.33714383368635e-10,4.64426966172305e-11,3.32441454030876e-11,-1.10394689131405e-10,-8.44529105711792e-11,1.26914062401477e-10,-1.04866826174282e-10,-3.00666407634028e-11,9.11156554440826e-12,5.28199744647424e-11,-1.84598823721674e-10,-7.72893950308372e-12,-1.17323773851206e-10,-1.16256656472048e-10,2.15561764257301e-10,5.16646578892065e-11,1.24240126224455e-10,3.08750496594737e-11,6.36230203616411e-11,-1.4036782734169e-11,4.19766161691945e-11,8.66324053808452e-11,1.00899195553653e-10,1.21228049886055e-10,-3.12054716302178e-11,8.21683163698248e-11,-4.8649482264931e-11,1.22164065381494e-10,6.1439520207328e-11,-1.30951809158906e-10,8.79182950773808e-11,-3.38178367291166e-13,-1.33172621427578e-10,-8.26285264258821e-11,2.23800184725372e-11,1.25316045742396e-11,1.92374315978434e-10,-2.22547322188646e-11,7.75782389220622e-11,1.03694515302893e-10,-4.44593454516245e-12,8.47708485970627e-11,2.50239848842261e-11,6.05993965548119e-11,2.32148509934696e-10,3.33754731892222e-11,-7.84171766477337e-11,-1.37396190062656e-10,-2.46401591937992e-11,-9.37843446380015e-11,1.28916577324185e-10,3.21271624507352e-12,-1.47093511948331e-10,9.38276878644139e-11,-5.47324344136466e-11,4.94899625759329e-11,1.71981790840944e-10,-1.92856557425503e-10,1.45046154552951e-10,7.8092277587859e-11,7.44509020298581e-11,-2.22851961159872e-12,-1.13686680458108e-10,2.01664823048644e-10,6.11378747567444e-11,7.16045774746604e-11,2.54309833322597e-10,-6.9059733542575e-13,-4.15851027510668e-11,2.77623959941209e-11,1.40654463535585e-12,3.74005903882265e-11,-1.24244085605552e-10,2.6625733696438e-11,1.10606313651481e-10,2.9176945880751e-11,-7.40935363489766e-12,-3.23311540427784e-11,1.09577849387074e-10,1.04199874109294e-10,-2.92367890545817e-11,3.4234492438529e-11,2.2057804185911e-10,1.18198035741446e-10,7.86023450767936e-11,-5.35247125233035e-11,-2.52669030211681e-10,2.42315770641713e-12,-6.20202978014049e-13,8.06009627291313e-11,-1.26066118457279e-10,-4.35978091072794e-11,-4.23479848967879e-11,9.63775847177186e-12,-4.29727567202311e-11,-5.12792602638272e-11,-9.34990640431835e-11,-6.6785061925014e-11,1.75139230355197e-10,1.34767349380578e-10,8.93859313185433e-12,4.61537637219363e-11,5.92501807499414e-11,7.49083458134003e-12,-1.29930640301683e-10,1.38248586061238e-10,4.51498718323982e-11,-3.39215260792965e-11,6.08508147209133e-12,6.48451913907009e-11,-4.10624123967462e-11,-4.24511783294197e-11,3.60038476400869e-11,1.17949370501448e-10,-5.50648110952845e-11,7.57914070584711e-11,-3.01826947833268e-11,4.26946990773694e-11,-3.61787785909447e-11,-9.66928098873764e-11,-3.42430285101006e-11,3.02246671373648e-11,9.31061070675129e-11,-2.433859876324e-11,-6.46161483591526e-11,-4.32470816265125e-11,7.29056369414916e-11,-4.7114129897387e-11,-1.78484963285948e-11,-4.59922196232857e-11,-9.88976885684665e-12,-8.64222652635548e-11,-6.75014615980107e-11,-9.43382199323649e-11,1.44240046846514e-10,-7.51623342017654e-11,-1.08824688610897e-10,-3.49476920227308e-11,-8.46101533919854e-11,1.85772636435153e-10,1.79672100208924e-11,9.30441114131881e-11,-3.57700395759925e-11,-3.02976810285761e-11,6.75337604767039e-11,7.40600492302922e-11,-6.81565228865762e-11,-6.77107310528301e-11,-5.8658097110395e-11,3.551245224266e-10,-6.96323388522102e-11,-7.20035566900269e-11,7.34061308462039e-11,-7.92397911898612e-11,-6.50169805555385e-11,1.62961144678095e-10,-1.19183180672669e-10,1.3956283841129e-11,4.24565829799682e-11,-2.32683379481665e-12,-2.44812983522141e-10,-1.77028611450444e-10,-3.02063223221769e-11,-2.3991818996913e-10,8.7160912475652e-11,-8.19515699385185e-11,-7.57307739861729e-11,6.10299314259815e-11,-9.96709061101617e-13,1.26152734482903e-10,-7.60354700878782e-11,7.02181244075795e-11,-1.05126068284905e-10,-8.00189574397156e-11,3.09903173795787e-10,1.50013699233926e-12,-1.72148260508958e-10,-1.34038693360364e-11,-4.29664321073765e-11,-1.70128229281265e-10,-3.79275905306676e-11,-6.47603496002151e-11,4.63824224661314e-11,-5.84969347371543e-11,1.0447887831383e-10,6.37506476610464e-11,1.24390501083699e-10,-6.30883830628831e-11,-1.05405320466968e-10,1.46608465101246e-12,-3.74032684661077e-11,1.02718419199408e-10,-2.03172835162853e-10,1.05750020473419e-10,1.69673206029697e-10,-2.48210149050798e-11,3.66900632114744e-11,-1.80927582764186e-11,1.4952205354819e-10,-6.80837793850098e-12,-2.97115401460531e-11,-9.74251368333808e-11,-6.95660227957071e-11,-9.32698913501164e-12,9.46217385447006e-11,-1.41829718974484e-10,9.22190446692245e-11,-7.04634532296812e-11,-1.80806414473936e-10,-1.16609579042097e-10,-9.94478931433697e-11,-2.80001076609531e-11,1.47346682345425e-10,3.62670470053463e-11,-4.56231737844074e-11,-4.65020765176638e-11,3.49032108971899e-11,1.10285498114624e-10,8.19516136918997e-11,1.61221850016322e-11,4.89471219175197e-11,4.90547990556229e-11,-6.86206392687773e-11,1.42213852243778e-10,9.45363117337222e-12,1.1341036366938e-10,1.95467989344099e-12,3.05198357894151e-11,3.97091331017034e-11,-2.16036573544832e-10,-1.54233674171156e-10,1.46313240937196e-10,-5.47934129317027e-11,3.01202303793432e-10,-1.32552332449396e-10,-1.57841576011501e-10,1.82081569584424e-10,-6.1395319979736e-11,-1.16117983050625e-10,4.90118097541225e-11,3.19893746689518e-11,8.7325497606688e-11,-2.58799934782994e-11,1.97983810753096e-11,5.25700773713653e-11,1.04637874135578e-10,-1.49855981626593e-10,1.20249774661621e-10,4.16195686511251e-11,5.86050423384031e-11,-5.19979446651013e-11,-1.97521653006764e-10,-9.14382086219618e-11,9.66488022107429e-11,1.17418888651411e-10,-1.25955122443239e-10,-5.04125737157565e-11,-9.93845418115906e-11,1.62509210413175e-12,-7.06655594152081e-11,-8.18458683897105e-11,-9.48992240283995e-11,1.39364449307247e-10,3.87603401868534e-12,-7.24230986139881e-11,-8.96364348157621e-11,-3.59092803728886e-12,3.43981077712517e-11,7.4011417925689e-12,9.02348363460499e-11,8.85336766185044e-11,-1.86630834988791e-10,6.26419064496706e-11,6.31762916178026e-11,7.3845603531179e-11,1.52530172242579e-10,2.0968517069616e-10,-3.35881426970325e-12,-2.95659834343116e-11,6.41049794567158e-11,-4.56054937038818e-11,5.6062253358559e-11,3.67889839735794e-11,-3.6406942010932e-12,6.86399253611735e-11,-5.18939811000047e-11,-1.37883403601076e-10,4.08264998938365e-11,-5.40961980078293e-11,-6.62122461074202e-12,4.21408018418061e-11,-1.67696953604302e-10,1.1684324599933e-10,3.79425407524717e-11,-2.4064038515424e-10,5.43755209924618e-11,1.68258648456434e-10,1.71631977299663e-10,-6.13216748406568e-11,-3.48673496916493e-11,1.49699155858945e-11,-6.15789629082786e-12,2.04905661921042e-10,-3.25339894074355e-11,-1.8744187440882e-10,-1.19916973566457e-10,-5.32606664004848e-12,6.46232785309891e-12,1.08787429787207e-11,1.31487758934105e-12,-6.11878198224652e-11,-1.25017434446223e-10,1.12519666985795e-10,7.56743216516783e-11,1.76250642498505e-10,-3.46001131756017e-11,-5.35332867197007e-11,-1.05314900456694e-12,5.59969538919199e-11,-9.75207571983244e-11,-1.62267360484114e-11,-7.87988418130054e-11,1.15006093701727e-10,-1.6297052700828e-10,1.23446571615166e-10,1.07386816524647e-10,-2.48050461334706e-11,-4.7206599271768e-11,-6.04845632381991e-11,-4.09808502853283e-13,6.346395387872e-11,-7.55636155120846e-11,4.56384868697844e-11,-6.35348513195204e-11,2.32106053629874e-10,-1.8450324250661e-11,-6.13797389984528e-12,8.64402093335017e-11,7.85810742013544e-12,4.25585022876095e-11,-1.66807540181036e-10,6.66684295024047e-11,7.02057541973971e-11,3.1388842673063e-11,1.93914701364582e-11,-6.26969089492845e-11,-1.17978576425982e-10,-2.60842702335006e-11,9.51976276070467e-11,2.04883090236863e-10,-1.20517161418255e-11,-1.37701186839154e-11,1.06043159063159e-11,1.09358172826576e-11,9.16517945444259e-11,9.39648579172046e-11,-1.04506608918742e-10,8.79265446612351e-11,-1.32300916964133e-11,4.11977937719635e-11,-2.92082741948622e-11,-4.44679195873031e-11,8.1128108844988e-11,-2.64976145823976e-11,-2.36037524479453e-11,-1.38735579773924e-10,2.5738169971455e-11,-8.00572555326319e-11,3.06807136267685e-11,1.3140586010731e-10,-4.73521147491872e-11,5.78245150004653e-11,-8.58941077730916e-11,1.00998448702642e-10,1.36389080992825e-10,-3.72934193628402e-12,1.44300654291616e-10,-4.21964204461579e-11,1.21955130157427e-10,-2.04853316057978e-10,6.25110926784208e-11,3.97941725616064e-11,5.13182511046487e-11,-4.14768076124864e-11,1.00464038736878e-10,3.12154750939357e-11,-1.13238649004149e-10,7.17541881489855e-11,-1.79720556393036e-10,1.88508180721915e-11,5.25348660409277e-11,3.35996836870061e-11,2.21260688387535e-10,9.28101976678413e-13,4.93397815801541e-11,7.58653932543601e-11,1.07503086815275e-10,1.11449321717708e-10,-1.1699553479909e-10,-2.15366738379044e-10,-1.29920423176823e-10,-7.10291405122326e-12,-1.62164107220987e-10,2.21736644227827e-10,3.07730137420229e-11,-6.32671366010143e-11,9.04101565424908e-11,-7.65872581318539e-11,7.79909345166805e-11,1.10491034907353e-10,-9.35541653458035e-12,1.71827013032822e-12,1.00644855723562e-10,1.25153380154412e-11,-1.17950843451332e-10,1.47225384129821e-10,-1.70749478174876e-11,-1.71247253263434e-10,-6.42927586982529e-11,-4.33166628403173e-12,-8.71337081123798e-11,-1.91080659023045e-10,4.28790699057433e-11,6.702896672608e-11,-4.90983204667583e-13,-9.7008428719048e-11,8.6346835121715e-11,1.88498521146672e-11,9.17017498110812e-11,4.35721576895395e-11,-3.27110221838931e-10,-1.05297170323257e-10,-1.42380221870163e-10,-5.16492348925705e-11,2.24475022208857e-11,-8.47597568808577e-11,-2.39821185838959e-11,-1.31352532888604e-10,2.50031006402293e-11,-1.59829727018988e-10,1.89243307368229e-11,-4.09359058218619e-11,1.41640434701934e-11,1.60176802187317e-11,8.57617625936748e-11,-7.12105644567005e-11,-5.77745380367369e-11,1.16457565101272e-10,4.92381397382366e-11,1.45913788184569e-10,-9.09790551972966e-12,9.79281723996236e-11,3.87281596632906e-11,3.71959656738287e-11,-1.95859972011954e-11,-3.3283213526004e-11,6.8582217717602e-11,-1.90525104691871e-10,1.5575134282326e-12,-1.48340043107752e-10,5.82245847022002e-11,-1.99026503466533e-11,6.71120849022701e-11,1.02414980254226e-10,-6.92007833200592e-13,-2.31766403435611e-11,6.73071030019341e-11,-1.07112705184724e-10,-4.22586375352639e-11,3.94688635947833e-11,-2.9630092593348e-11,-4.13901451643521e-11,2.23674069891625e-11,3.60582335790334e-11,3.3237801469883e-11,4.71326444429301e-11,5.13506510045445e-12,1.5168302541309e-11,3.29794468596634e-11,-1.64748237735911e-10,5.33210614917961e-11,2.89501039555731e-11,-7.05467493953658e-11,-2.67387767846921e-11,-1.10352182100756e-11,-9.89801298125719e-11,-1.07289802697697e-10,1.26184700494936e-10,7.62205211518501e-11,2.09634383510157e-10,-7.65401680188628e-11,-1.30492875606624e-10,-1.42359351987775e-10,2.56251352608014e-12,1.17098348828598e-10,8.71088292005181e-11,-1.04576331731213e-10,-7.82522637242139e-11,-2.5020585209777e-11,-5.95171158692449e-11,-1.02907971013064e-10,6.72065418656014e-11,-2.8360100036697e-11,-1.01964353553403e-10,2.42837673622426e-10,-9.32673923108739e-11,1.83953697417079e-12,1.29491826748797e-10,7.98283956187083e-11,5.8777999838948e-11,-6.37934352645081e-11,1.43477576486806e-10,8.56377302166243e-11,8.75167570646007e-11,9.80146234509873e-11,6.0885680316256e-11,-1.78850593824611e-11,-1.31038761001503e-12,-8.0495495601586e-11,-1.139626863443e-11,3.4932031259106e-11,1.56483037120493e-10,-7.06334676297562e-11,-3.8546091128524e-11,8.23401943574579e-11,-2.15148653698503e-10,1.56320920716787e-10,-1.87585572106743e-11,-4.55886838610843e-11,1.35578731478485e-11,-5.75505311943461e-12,-3.07882305929973e-11,-2.51267433461612e-11,6.00913520851979e-11,-4.09933025449659e-11,-1.26354878121464e-10,8.92984968235209e-11,1.41074928263171e-10,1.31735842590036e-10,-1.40400208659303e-10,1.23699958790534e-10,1.22033004496753e-10,-6.88279743299385e-11,-5.00621484853458e-11,1.58560692123355e-11,-1.15105782341654e-10,-4.89870458004902e-11,-1.48915068877753e-10,2.40468349912196e-11,2.49009303079259e-11,-7.56408268182551e-11,2.31893107251444e-10,1.68818223555038e-11,-9.45713761387365e-11,-4.61266732771828e-11,-3.09556461062245e-11,2.44162961898475e-11,-8.69395086576052e-11,-5.21686539967419e-12,-5.13581197321821e-11,-4.19115751190352e-11,-4.67496622480937e-11,3.39194848234218e-11,1.24179961196058e-10,-9.93413066231911e-12,-8.35273565607145e-11,5.44373073727846e-11,-6.40991748014849e-11,2.43907877673177e-11,-4.12215014235951e-13,-1.25072611838858e-11,-1.85529342554018e-10,-7.28633002654849e-11,4.15430417132485e-11,8.60091942472028e-11,-1.87566146132159e-11,2.45109291324266e-11,-1.38412853425954e-11,-1.44208161568677e-10,-2.9428121628084e-11,1.39285896879216e-10,-2.00990001239864e-11,-1.2801188713016e-10,-6.21382749330929e-11,2.09618340378768e-11,1.70888967811505e-10,2.73868468557914e-11,-5.76026637879644e-11,9.74607723447313e-11,2.70404024277592e-11,-8.64575682393602e-11,-1.46242769386032e-10,7.28122944515038e-11,-1.95407820138138e-10,-1.44276796701357e-10,-8.79194393653266e-11,-1.09733085521122e-11,-3.48947961440379e-12,-1.31689082234489e-11,5.28144000031185e-11,-1.32795284040464e-10,-4.49665289816786e-11,8.00145066133441e-11,8.39501466446662e-11,-7.39256647880445e-12,6.09405110802272e-11,-1.41520857108229e-10,-6.50570883316352e-11,2.46389390290507e-11,-1.63315556348102e-10,-3.70101141162769e-11,-9.60960292616345e-11,-1.1193713494958e-10,-9.02841838025521e-12,2.45303261373388e-10,4.37365780124512e-11,5.99688950164861e-11,-4.00864840715745e-11,3.29010119801559e-11,3.46465869090527e-11,3.45803536348953e-11,-8.60738177188116e-11,-4.81309298520022e-11,1.2471026890393e-10,7.78547589705608e-12,-4.74375350320041e-11,7.40297562759545e-11,-7.47611425658861e-11,-4.92041515576412e-11,-1.07262518419598e-10,1.91286596484841e-10,2.09372011608654e-10,-4.62290156290004e-11,-6.27258448492852e-11,2.0468088334464e-11,8.55469983200709e-11,2.28460804672318e-11,-9.9157764385891e-11,-7.49763894895296e-11,-4.9326065441785e-11,-1.08473551558145e-10,-1.02791705904478e-10,-5.11380578651867e-11,-2.39450515592406e-11,1.69141457504214e-10,-2.00177905503878e-10,4.83246258170731e-11,-9.42232922839512e-11,-1.50824567229044e-11,-2.70466217227677e-11,1.42528958194918e-10,1.61448445144666e-12,1.00495075994629e-12,-1.44239507199653e-11,1.41071266212479e-10,4.46207189777204e-11,5.19264395854567e-11,-2.92508572219697e-11,1.88003158951546e-10,1.20076960068815e-10,-5.16280698741545e-12,1.95197134629895e-10,4.36089418860134e-11,6.81361619283652e-11,-1.64068197329416e-11,7.4490888916039e-11,-8.30364159221482e-11,-4.37576488030334e-11,-2.81394888249939e-11,-8.97902972837189e-11,-1.18800997695303e-11,1.2529367029615e-10,5.42847897863896e-11,-1.27898346434095e-10,-2.16184639486646e-10,1.49248663483357e-10,4.36349353376508e-11,-5.49113547239491e-11,-1.36051411666478e-10,-9.1684143106409e-11,-1.57321402496224e-10,-1.16975681731633e-10,-2.0700209802359e-10,3.70713318625738e-11,-1.02633294567696e-10,-1.03484800838648e-10,-8.05811953462611e-11,7.6942647043396e-11,1.23297324178474e-10,-1.07810303237372e-11,-1.38696691083374e-11,1.3086845012741e-10,-6.82252758065415e-11,-2.39038320644418e-11,-2.29560585762186e-10,-2.58993430333429e-11,-5.03771414948124e-11,-7.82167088911596e-11,-7.78824402458369e-11,5.43357200129642e-11,-6.42443518043598e-12,-1.37607609157013e-10,8.31635391119966e-11,-1.07584996201572e-10,-7.35889761264422e-11,9.64418798594399e-12,1.29799978468899e-10,-5.40668329563865e-11,-4.1929600496363e-11,-1.24873345128551e-10,2.2428017718778e-10,-5.47906565384116e-11,8.48353208251675e-11,9.50161720053369e-11,4.90184047941307e-12,3.34762202740523e-11,-3.03395736312998e-11,-6.79623233363623e-13,3.2034442926652e-11,6.95089924790774e-11,8.43016406222636e-11,1.00440219270568e-11,4.8623416850578e-11,-1.05244312429465e-10,1.72897411308566e-10,-6.23927046829373e-11,2.0217271035998e-10,-1.3755539772466e-10,2.3223075781198e-10,-6.16145779520341e-12,6.44848189470249e-11,-1.10144683044734e-10,7.09218269142761e-11,-2.97658222258064e-11,1.00115942489372e-10,1.6517961738809e-10,1.61718969105088e-11,-2.47749117529641e-11,-3.07164143150078e-11,3.004053776308e-10,-7.69315408485252e-11,4.44849005478123e-11,3.22112212347832e-11,1.18159521346651e-12,-3.92136731689075e-12,-1.63020043676571e-10,9.24193700113584e-11,-1.42930164816569e-10,-9.68181389841647e-11,-5.21942324428054e-11,1.53779550904416e-10,2.01704426847645e-10,-3.55026328275197e-11,-1.80710886579867e-11,5.07074612203691e-11,-2.42694812193939e-10,-2.80253944318092e-11,3.44046929653216e-11,3.25754840647426e-12,1.84681062237273e-11,3.89888690888987e-11,2.61993223238305e-11,5.53698434642322e-11,2.42302720529394e-10,-1.34340883094675e-10,-5.62751155268717e-12,-5.02678512254675e-11,5.49497620625648e-11,-1.6684576560355e-10,2.87156696950285e-10,-6.40271513062899e-12,-7.5252088356836e-11,-1.19586373812325e-10,1.34788033953733e-10,6.87543218399496e-11,1.23587415128564e-10,-1.787369212691e-10,5.25708190586975e-11,-1.12984500880579e-10,-1.58063899444522e-11,7.78982486278802e-11,-1.71350424289012e-10,-2.81246586720829e-12,-9.12711365164362e-12,1.03506922289072e-10,9.37992343856316e-11,-4.67499662471978e-11,7.80133007512981e-12,-2.36311092174704e-11,5.23750695811821e-11,-2.73659807535066e-10,5.42171430273529e-11,7.78364697633969e-12,6.61873859587509e-11,5.71846345346841e-11,4.74342754759627e-11,-6.19444280718717e-11,4.98299521464812e-11,-4.01387515206849e-11,1.53315777851855e-10,-1.90063985514442e-10,-2.17282754149443e-11,3.79795899550646e-11,1.23684145973767e-10,4.94814053123977e-11,-3.24986555596647e-11,8.94118124460174e-11,1.62379631508537e-10,-4.46426665015053e-11,-1.44611558070735e-10,6.15318559300346e-11,8.56523734991902e-11,3.04791137497779e-11,-1.61861353248052e-11,1.72344615779438e-11,3.10865440334727e-11,-7.34770504076001e-11,1.82327572549713e-10,-1.24198442368068e-10,-1.32057287177565e-10,-2.72141860685616e-11,1.53217074540621e-10,-1.14285313973976e-10,4.54621862729187e-11,-9.20109080027391e-11,-1.98872990454746e-10,-7.06658908308522e-11,7.68911704778505e-11,-7.32652578561811e-11,-2.00038201445487e-10,-7.84072991199946e-11,1.21554049036062e-10,1.10904674363171e-10,-4.43275076988672e-11,-9.88056764799605e-11,-7.81022418150924e-11,-1.13681094395405e-10,1.31915100580216e-10,8.63303791529113e-12,2.03882147508065e-10,3.11257500732735e-11,-6.64344099646128e-11,-1.08528023785754e-10,8.48669514459951e-11,-1.18593028441671e-10,5.64390127937267e-11,-4.88176002689078e-12,-8.51720400406343e-11,-1.83729151520862e-10,-9.96986635503633e-11,-1.69503042098794e-10,-1.0647144451513e-10,1.44213105667847e-11,-4.18032744967093e-11,2.90854381229209e-12,-1.44500987618324e-11,-7.57724985698159e-11,-3.47089197706668e-12,2.95247777921697e-11,-5.07603242597207e-12,-1.63473748770594e-10,5.50794199776772e-11,1.31708714488418e-10,8.36877364108051e-11,1.73675279213017e-11,-5.89011826262022e-11,9.25877037329809e-11,-1.02420704426819e-10,-3.37050105024945e-11,3.89383648951465e-11,6.08900367011008e-11,-1.15804814328568e-11,-6.2407270350768e-11,-4.3041655685492e-11,-2.6197167370763e-11,3.29799592110449e-11,7.96100616130604e-11,2.38918947529149e-10,-1.07605360276286e-11,-9.76440036339575e-11,-8.88876295809824e-11,2.2299755307668e-11,-2.02677103535031e-10,7.47236480673704e-11,6.37075658905097e-11,2.03026547118673e-10,1.05087974905821e-10,9.96018403383431e-11,1.33109023511203e-11,-4.85724744939749e-11,1.28232113596574e-12,1.25577897737682e-10,-9.42436732675537e-11,1.0279113573361e-10,-3.41226113846783e-11,2.88360018895265e-11,9.04948642301717e-12,-1.04007106580439e-10,-8.8154048724413e-11,7.21491910554599e-11,-2.63878863134374e-11,-9.8399586654294e-11,1.89291618408145e-11,7.67457935008438e-11,-3.78113096915897e-13,-2.14240795064897e-10,-7.32831909613741e-11,1.49176474853898e-11,4.52955650981951e-11,-8.49159725293185e-11,-1.64781648527256e-10,-9.89172762374394e-11,-9.25033661074113e-12,1.81807092895837e-10,-1.11780205920778e-10,-5.55476137862516e-11,3.09947309858228e-11,-2.76792262113741e-10,2.31176027188823e-11,2.28971588486139e-11,1.33689293288313e-11,1.05372976777317e-10,-5.43417020859885e-11,-1.81748791645387e-11,9.39943254836374e-11,-1.0613094561392e-10,-1.02262007118485e-11,-1.82626038585091e-10,-1.29426007685925e-10,-3.3442866543084e-11,-1.03163977138443e-10,-2.26957290635247e-11,-4.77212595334375e-11,-7.11211185117782e-11,-6.76325019423947e-11,1.0575593548993e-11,-1.42792986798247e-10,9.49509350701411e-13,1.09587476546751e-10,-5.55254835663781e-11,-1.16680308563989e-10,6.77115758528852e-11,7.51437687766558e-11,3.24088821679834e-11,3.14604845086814e-11,-2.72837062337644e-11,1.63729379960758e-10,1.44802232257025e-11,-9.09486235180997e-11,6.28372923017993e-11,-2.14937511722137e-10,-1.72276586312086e-11,1.38146217044744e-10,-1.18504076182845e-10,1.02044568869616e-10,1.03660590761076e-10,-1.29478046021727e-10,-1.17446656269809e-10,1.10756916447144e-10,1.45646578978172e-10,-1.54536238073596e-11,4.89567654454768e-11,3.61687860288959e-11,-1.10208963200077e-10,-6.18308887616197e-11,-1.09543556159837e-10,-1.75581666195714e-10,8.36774748925143e-11,2.13702019467544e-11,8.78996250511021e-11,-4.06085656784947e-12,1.25406602289518e-10,-1.47388998854007e-10,8.50930361788286e-12,1.30580051466782e-11,-4.99751743550572e-11,-1.84505035185766e-10,-1.02455213489234e-11,-2.31365725598051e-13,-1.72284345949002e-11,-6.66038691934631e-11,-8.87200996580814e-11,3.67704115467194e-11,-1.01331574319691e-10,-2.17013741280733e-11,-6.88581020323357e-11,1.10553067007019e-10,1.2494581437255e-10,-4.02567298545673e-11,8.56002867785462e-11,6.42476506589743e-12,-2.04458377464357e-10,-9.78974393606344e-11,-1.39829630949017e-10,4.43876360329754e-11,1.02193375885291e-10,8.11393742123779e-11,-2.73846247712289e-12,1.2887382137818e-11,1.80585533374081e-10,-2.06888873715323e-10,1.52485526258929e-10,-2.57629584273089e-10,1.39361956795627e-10,-1.99452702980579e-11,1.77660414365685e-10,5.0268628879398e-12,-1.36586933747655e-10,9.67506037770317e-11,-1.86884565090894e-10,1.79711548611603e-10,-6.49341677631881e-11,8.33418524541426e-11,3.457985604513e-11,9.77262771371035e-11,4.89464218064748e-11,-1.07765756741738e-10,9.75280563876884e-11,1.75671305430064e-10,-1.01211681805047e-10,8.08650437128332e-11,-4.27200120979531e-11,2.88808317718184e-12,4.27406652449245e-11,-1.29230641606502e-10,6.93752741438561e-11,-9.40195961001488e-12,-5.92898409113467e-11,-5.72756236150995e-11,1.39557079707602e-10,-4.45243531944881e-11,-1.19292552863191e-10,9.81806128465451e-11,-1.21047414072095e-10,9.60123197482701e-11,2.67860394882161e-10,-3.03126192502388e-11,-3.88209513734148e-11,-6.73574575936746e-12,-1.4331937503707e-10,8.73880598941073e-11,2.96631415181434e-11,8.13019469555577e-11,-8.71681347086676e-12,-5.51148937564654e-11,-2.46442791220471e-11,-1.49551077968971e-10,-9.18232570533423e-11,-1.23134909062081e-10,-9.37675569087213e-11,5.7581480941789e-11,-2.44557783345225e-11,-8.58762995295773e-11,-1.12691376243039e-10,-1.05256865246641e-10,-8.25419877080778e-11,-2.69341964596114e-11,8.40573872957189e-11,-8.85662354828763e-11,-1.03973989406217e-10,-6.94410926237086e-11,6.35477235485656e-11,-4.68775902497438e-11,7.79185333362798e-11,9.2445029360384e-11,3.17948473486942e-12,1.0677250338529e-10,-4.33477362617698e-12,-1.83630168675099e-10,1.19168270107295e-10,1.0152006662561e-10,1.3475522255677e-10,-4.07745672113277e-11,-1.38373125922407e-10,1.61089625952249e-10,6.34267089154928e-11,1.77705662456825e-10,1.37157064739976e-11,-5.00442441618602e-11,-2.92750958008753e-10,-5.94148802254285e-11,-1.40445385212507e-12,-1.26856892685265e-10,3.87980620084849e-11,2.10460697478742e-11,2.77053457196315e-11,-4.77078184829447e-12,-3.90514316145671e-12,1.85172422622199e-10,4.34666961475468e-12,-2.1355052770993e-10,4.2099604741239e-11,7.137390117702e-11,1.05497773315632e-10,-5.98819545680763e-11,-7.22967418395317e-11,3.90421198170461e-11,4.32301115124302e-11,-4.47521922130629e-11,2.14749704785459e-11,7.14993074705082e-11,-5.90260670431563e-11,-2.89998846547411e-10,-9.92560503215084e-11,3.93417916947575e-11,-3.66199012882185e-11,4.37386404116679e-11,-1.23257914611036e-11,-7.06758474201152e-12,1.55725184321548e-11,1.07354962626451e-10,7.63605431381005e-11,-1.65738270928041e-11,-4.22757522768616e-11,-3.16933974150411e-11,1.34978492517852e-10,-2.3675537246165e-10,-1.99700892413028e-10,8.98798415428616e-11,-1.76880086818952e-10,8.6151940546592e-11,1.28660854585783e-11,-2.06394497979265e-10,1.01889565220428e-10,1.8639495646828e-10,-3.4266720841533e-11,4.03677998032625e-11,7.38083635525699e-11,1.05389288387448e-10,-5.264217028653e-11,7.69339566545635e-11,1.60917829194229e-10,-4.44665928326386e-11,-1.46592921853836e-10,1.35355908080115e-10,-5.52408564342374e-11,1.83484199276079e-10,9.19266229661431e-11,1.34198533705987e-10,5.41231811233703e-11,2.71909062542616e-10,5.61946594611158e-11,2.86027819673968e-10,2.68269683487411e-10,1.3782621790097e-10,1.06589616427639e-10,2.08118200443359e-10,4.077667269087e-10,2.31106719808208e-10,4.94909938678894e-10,4.27280400980831e-10,4.9773935895665e-10,6.11601731030842e-10,7.12694694426835e-10,7.86344749217169e-10,6.66318786603586e-10,9.14318866576292e-10,1.00498239723504e-09,1.13055029037449e-09
