v,0.25
Patm,100000
g,9.81
r,500
G,10^11.27
rho,2300
mu,10^4.22
rc,26
 
M,10^6.21
sigma,0.5
 
tilt_erupt,2.289nrad
 
-1077,-1076,-1075,-1074,-1073,-1072,-1071,-1070,-1069,-1068,-1067,-1066,-1065,-1064,-1063,-1062,-1061,-1060,-1059,-1058,-1057,-1056,-1055,-1054,-1053,-1052,-1051,-1050,-1049,-1048,-1047,-1046,-1045,-1044,-1043,-1042,-1041,-1040,-1039,-1038,-1037,-1036,-1035,-1034,-1033,-1032,-1031,-1030,-1029,-1028,-1027,-1026,-1025,-1024,-1023,-1022,-1021,-1020,-1019,-1018,-1017,-1016,-1015,-1014,-1013,-1012,-1011,-1010,-1009,-1008,-1007,-1006,-1005,-1004,-1003,-1002,-1001,-1000,-999,-998,-997,-996,-995,-994,-993,-992,-991,-990,-989,-988,-987,-986,-985,-984,-983,-982,-981,-980,-979,-978,-977,-976,-975,-974,-973,-972,-971,-970,-969,-968,-967,-966,-965,-964,-963,-962,-961,-960,-959,-958,-957,-956,-955,-954,-953,-952,-951,-950,-949,-948,-947,-946,-945,-944,-943,-942,-941,-940,-939,-938,-937,-936,-935,-934,-933,-932,-931,-930,-929,-928,-927,-926,-925,-924,-923,-922,-921,-920,-919,-918,-917,-916,-915,-914,-913,-912,-911,-910,-909,-908,-907,-906,-905,-904,-903,-902,-901,-900,-899,-898,-897,-896,-895,-894,-893,-892,-891,-890,-889,-888,-887,-886,-885,-884,-883,-882,-881,-880,-879,-878,-877,-876,-875,-874,-873,-872,-871,-870,-869,-868,-867,-866,-865,-864,-863,-862,-861,-860,-859,-858,-857,-856,-855,-854,-853,-852,-851,-850,-849,-848,-847,-846,-845,-844,-843,-842,-841,-840,-839,-838,-837,-836,-835,-834,-833,-832,-831,-830,-829,-828,-827,-826,-825,-824,-823,-822,-821,-820,-819,-818,-817,-816,-815,-814,-813,-812,-811,-810,-809,-808,-807,-806,-805,-804,-803,-802,-801,-800,-799,-798,-797,-796,-795,-794,-793,-792,-791,-790,-789,-788,-787,-786,-785,-784,-783,-782,-781,-780,-779,-778,-777,-776,-775,-774,-773,-772,-771,-770,-769,-768,-767,-766,-765,-764,-763,-762,-761,-760,-759,-758,-757,-756,-755,-754,-753,-752,-751,-750,-749,-748,-747,-746,-745,-744,-743,-742,-741,-740,-739,-738,-737,-736,-735,-734,-733,-732,-731,-730,-729,-728,-727,-726,-725,-724,-723,-722,-721,-720,-719,-718,-717,-716,-715,-714,-713,-712,-711,-710,-709,-708,-707,-706,-705,-704,-703,-702,-701,-700,-699,-698,-697,-696,-695,-694,-693,-692,-691,-690,-689,-688,-687,-686,-685,-684,-683,-682,-681,-680,-679,-678,-677,-676,-675,-674,-673,-672,-671,-670,-669,-668,-667,-666,-665,-664,-663,-662,-661,-660,-659,-658,-657,-656,-655,-654,-653,-652,-651,-650,-649,-648,-647,-646,-645,-644,-643,-642,-641,-640,-639,-638,-637,-636,-635,-634,-633,-632,-631,-630,-629,-628,-627,-626,-625,-624,-623,-622,-621,-620,-619,-618,-617,-616,-615,-614,-613,-612,-611,-610,-609,-608,-607,-606,-605,-604,-603,-602,-601,-600,-599,-598,-597,-596,-595,-594,-593,-592,-591,-590,-589,-588,-587,-586,-585,-584,-583,-582,-581,-580,-579,-578,-577,-576,-575,-574,-573,-572,-571,-570,-569,-568,-567,-566,-565,-564,-563,-562,-561,-560,-559,-558,-557,-556,-555,-554,-553,-552,-551,-550,-549,-548,-547,-546,-545,-544,-543,-542,-541,-540,-539,-538,-537,-536,-535,-534,-533,-532,-531,-530,-529,-528,-527,-526,-525,-524,-523,-522,-521,-520,-519,-518,-517,-516,-515,-514,-513,-512,-511,-510,-509,-508,-507,-506,-505,-504,-503,-502,-501,-500,-499,-498,-497,-496,-495,-494,-493,-492,-491,-490,-489,-488,-487,-486,-485,-484,-483,-482,-481,-480,-479,-478,-477,-476,-475,-474,-473,-472,-471,-470,-469,-468,-467,-466,-465,-464,-463,-462,-461,-460,-459,-458,-457,-456,-455,-454,-453,-452,-451,-450,-449,-448,-447,-446,-445,-444,-443,-442,-441,-440,-439,-438,-437,-436,-435,-434,-433,-432,-431,-430,-429,-428,-427,-426,-425,-424,-423,-422,-421,-420,-419,-418,-417,-416,-415,-414,-413,-412,-411,-410,-409,-408,-407,-406,-405,-404,-403,-402,-401,-400,-399,-398,-397,-396,-395,-394,-393,-392,-391,-390,-389,-388,-387,-386,-385,-384,-383,-382,-381,-380,-379,-378,-377,-376,-375,-374,-373,-372,-371,-370,-369,-368,-367,-366,-365,-364,-363,-362,-361,-360,-359,-358,-357,-356,-355,-354,-353,-352,-351,-350,-349,-348,-347,-346,-345,-344,-343,-342,-341,-340,-339,-338,-337,-336,-335,-334,-333,-332,-331,-330,-329,-328,-327,-326,-325,-324,-323,-322,-321,-320,-319,-318,-317,-316,-315,-314,-313,-312,-311,-310,-309,-308,-307,-306,-305,-304,-303,-302,-301,-300,-299,-298,-297,-296,-295,-294,-293,-292,-291,-290,-289,-288,-287,-286,-285,-284,-283,-282,-281,-280,-279,-278,-277,-276,-275,-274,-273,-272,-271,-270,-269,-268,-267,-266,-265,-264,-263,-262,-261,-260,-259,-258,-257,-256,-255,-254,-253,-252,-251,-250,-249,-248,-247,-246,-245,-244,-243,-242,-241,-240,-239,-238,-237,-236,-235,-234,-233,-232,-231,-230,-229,-228,-227,-226,-225,-224,-223,-222,-221,-220,-219,-218,-217,-216,-215,-214,-213,-212,-211,-210,-209,-208,-207,-206,-205,-204,-203,-202,-201,-200,-199,-198,-197,-196,-195,-194,-193,-192,-191,-190,-189,-188,-187,-186,-185,-184,-183,-182,-181,-180,-179,-178,-177,-176,-175,-174,-173,-172,-171,-170,-169,-168,-167,-166,-165,-164,-163,-162,-161,-160,-159,-158,-157,-156,-155,-154,-153,-152,-151,-150,-149,-148,-147,-146,-145,-144,-143,-142,-141,-140,-139,-138,-137,-136,-135,-134,-133,-132,-131,-130,-129,-128,-127,-126,-125,-124,-123,-122,-121,-120,-119,-118,-117,-116,-115,-114,-113,-112,-111,-110,-109,-108,-107,-106,-105,-104,-103,-102,-101,-100,-99,-98,-97,-96,-95,-94,-93,-92,-91,-90,-89,-88,-87,-86,-85,-84,-83,-82,-81,-80,-79,-78,-77,-76,-75,-74,-73,-73,-72,-71,-70,-69,-68,-67,-66,-65,-64,-63,-62,-61,-60,-59,-58,-57,-56,-55,-54,-53,-52,-51,-50,-49,-48,-47,-46,-45,-44,-43,-42,-41,-40,-39,-38,-37,-36,-35,-34,-33,-32,-31,-30,-29,-28,-27,-26,-25,-24,-23,-22,-21,-20,-19,-18,-17,-16,-15,-14,-13,-12,-11,-10,-9,-8,-7,-6,-5,-4,-3,-2,-1,0
3.88331125243629e-10,-1.67376848597508e-10,2.00469589128955e-10,1.55782115173444e-10,-2.14798823407672e-10,-4.80442758184147e-10,5.28566014301464e-11,1.00481332614596e-09,-8.81648779009186e-10,9.57602550906695e-10,3.66605436987558e-10,-7.23995068005982e-10,-1.12075144319421e-10,-8.42472569687567e-10,-8.8674847217676e-10,-3.75341929016536e-10,8.61919572256208e-11,4.19047861259648e-10,2.86319700414679e-10,1.79739823707582e-10,3.81481220509283e-10,4.17183183095511e-11,3.30067475290087e-10,3.10412126053137e-10,-3.95387878729078e-11,2.0654699174976e-10,-3.376889389564e-10,5.60491997322471e-10,-3.71092010624801e-10,4.78571156427067e-10,1.54814429407632e-10,-1.32340402257302e-12,-7.21127071987654e-10,4.89403024060419e-11,9.28875983680284e-11,-8.49562259528858e-10,2.0168136000336e-10,-1.50637269778741e-11,-9.15220599848507e-10,-6.39010055188796e-10,4.93245417594838e-10,2.9063795844134e-10,4.97954217169718e-10,-1.17112398993649e-10,1.06132527217586e-09,-3.64078255052882e-10,5.99558704961886e-10,5.30150477788631e-10,2.55667464463735e-10,-8.91676681150166e-10,3.38087853583659e-10,1.84837691370078e-10,1.14643934200531e-10,-3.47644201788396e-10,1.06156579407695e-10,-5.34953892185477e-10,-1.24667294258765e-10,5.76794791343327e-10,-8.09759915230902e-11,9.29321406235104e-11,4.02552120429107e-10,1.38413705903715e-10,-1.2419510957653e-10,6.99202170359738e-11,-2.09629302055593e-10,1.26105785344472e-09,-5.16719361309602e-11,-7.62462708133418e-10,-8.58587557398203e-11,-1.00680687231899e-09,3.12427843987723e-10,2.78075438899499e-11,1.56879689398667e-10,-1.00364107617079e-09,1.93413565651892e-10,4.00633871205705e-10,9.66720553201974e-10,4.09751353274201e-10,-1.00047621479861e-10,3.94464856876455e-10,-1.07702722546267e-09,-3.11537987570648e-10,8.16996504466037e-10,6.29643466601253e-10,-1.59513227277928e-10,4.29730269370626e-10,-3.89941115345638e-11,2.14996373406245e-10,6.64021628209539e-11,-3.69304943292669e-10,-7.60680600555727e-10,5.98190755735429e-10,-1.09329065090321e-11,1.51283749236171e-10,7.04478393891847e-10,3.79299329359011e-10,3.63812000215283e-10,-1.22561987590314e-10,-3.08260280448565e-10,1.26787069651688e-10,-4.31621935153111e-10,-7.3610317540845e-10,5.60307503450949e-10,-1.00604132541872e-11,1.27696393130291e-09,-7.24515654430634e-10,1.22663600797854e-09,-1.32757022093049e-10,-1.08841877650677e-09,-8.89382267328396e-11,3.55579745726856e-10,-6.56146560161656e-10,-9.23403653271468e-10,3.96035368140417e-11,2.91607648720623e-10,-1.24254387692208e-10,1.6843937189435e-10,-1.94106630347066e-10,-3.86087975379476e-12,1.37876632813778e-10,4.46180088489588e-11,-8.14210792600427e-10,-1.51720029728414e-10,-4.93941568946245e-11,1.71836358835292e-10,5.86457270647946e-10,3.35021776983788e-10,2.82938941660697e-10,3.69320425604108e-10,-3.22457364299933e-10,2.25650406730631e-11,-7.15571335172794e-10,-4.26879245952852e-10,5.79716282441641e-10,-5.45667679850747e-11,-4.44295757794085e-10,-3.39743018261876e-11,1.07279665223254e-09,6.80587747723129e-10,-2.56128212316511e-10,-2.04814915007764e-10,3.3724988957808e-11,-1.10639870997624e-09,-3.46548261405404e-11,-3.12802128132987e-10,-5.4731309703731e-10,1.76310231923142e-10,4.57488324718224e-11,-5.30166293544789e-10,-4.53016067818285e-10,-2.06953958972452e-10,7.77101852010084e-10,9.00080379076842e-10,4.6097808336314e-10,1.28981299511704e-10,-6.04711942476888e-10,3.07419591239526e-10,8.12256156487331e-10,-1.82832189842775e-10,8.87398394416094e-11,-3.72792943775504e-10,7.18418249284149e-11,2.7701372721137e-10,1.81618617915416e-10,3.39146760001907e-11,-2.0075115001233e-10,-4.91586318802264e-10,-2.68315860181157e-10,2.53170214226349e-10,-2.21157366092479e-10,4.13156219179211e-10,-3.72853699309138e-10,-4.96985446156693e-10,-6.65503600300301e-10,1.91020260164281e-10,2.47407892724207e-10,8.45479397814359e-10,-5.95532988689305e-11,9.79637025673556e-10,-1.61679159224821e-11,5.14712197133511e-10,-1.07061867072303e-10,1.93165620130765e-10,4.85993302810034e-10,-6.89597097847137e-10,8.64705104845988e-11,1.40402048480117e-10,2.97921453044506e-10,-2.95613020261795e-10,-3.74797973916482e-10,1.50044923279063e-10,-1.49615146198934e-09,-6.14513600326673e-10,7.18563419081481e-10,-2.64600261319429e-10,5.61681029200548e-10,9.26542300896713e-10,-4.6541003142137e-10,-5.42689990446782e-10,9.82081883987471e-10,3.64595000397175e-10,-4.90661921036973e-10,1.84870570577175e-10,7.10080183038357e-10,3.1719524663463e-10,3.21482209970451e-10,1.13257419516703e-09,4.20263815313015e-11,1.94377445262877e-13,-6.48065226884874e-10,4.9196427204674e-10,4.48326566980897e-10,-1.89273800556742e-10,-3.8450537540969e-10,1.61433227295954e-11,8.12633552996631e-11,7.40518779338539e-10,-3.6502622489189e-10,-4.62253083554278e-10,-4.68765547180745e-10,9.41777497132758e-10,-1.03090295621207e-09,1.91461560678178e-10,-9.59295769184323e-11,-1.41855300032571e-10,2.90034564097347e-11,3.92227224319023e-10,-5.82627877419937e-10,-3.5436373172407e-10,1.49466729289182e-10,-7.55557008847028e-10,-1.23770210716521e-09,4.21655823221894e-10,1.02027884527955e-09,1.9265407270758e-10,-6.46330384010445e-11,-8.71787132327161e-10,-3.35395940327386e-11,-4.78101812489122e-10,-3.87068513563049e-10,4.99798340730327e-11,1.08822282467646e-09,-5.97289885689137e-10,1.25806499779745e-11,1.82799907162771e-10,4.68744282366018e-10,-3.18898058462885e-11,7.64155758884346e-11,6.8625192427045e-11,-4.5321511662849e-10,5.23371008691089e-10,-3.83340118595754e-10,-1.19806150935426e-10,8.12424860580647e-10,4.76405745457016e-10,3.57410828680202e-10,-2.72484240057273e-10,2.2474219488544e-10,2.28873523137787e-11,-1.4749702924449e-10,-4.22594089439297e-10,-4.56779777000031e-11,1.82622327740765e-10,1.613946246334e-10,2.12133704862303e-10,1.87712534534243e-10,4.96926704748833e-10,1.00596109083575e-09,7.644259383711e-10,-4.7785902805762e-10,5.57338568838628e-10,-8.56953227829591e-10,-4.9004240962837e-10,-6.18505777257503e-10,1.90964458030705e-10,1.50847278396889e-10,-1.44478590620216e-11,-2.56625363936303e-10,-6.78312567350339e-10,-2.776255327413e-10,4.56760647202545e-10,6.17279137945456e-10,2.78111417178403e-10,5.8172435328539e-10,-3.21514065813281e-10,-5.353882691185e-10,-1.59093485495852e-10,1.41715780849119e-10,2.79145347010827e-10,-1.36862262171196e-10,1.59765477044649e-10,-8.80842267176865e-11,-1.36765270118208e-10,9.59387621379348e-10,4.45786853837369e-10,3.60930093036712e-10,8.5918585630556e-11,-8.52525022426799e-10,-3.52750758970399e-10,-9.31626677783195e-11,4.00203487612323e-10,4.9749738962751e-10,-3.9408548109644e-11,2.26303764176255e-10,1.203744563322e-09,5.54719352075062e-10,-4.00857887726528e-10,1.92272397436418e-10,3.47776844742865e-10,-5.25793227001728e-11,-8.4719698878416e-10,-2.69108303873473e-10,3.45809870933624e-10,2.87416329914719e-11,1.6550190152915e-10,-3.56590780570962e-10,-2.94098073043173e-11,-4.73100602599458e-12,-6.94233566445291e-11,6.17747919741416e-10,2.85665848946865e-11,6.99917057201816e-10,2.43836933696837e-10,-1.03828172191569e-09,1.75020924109905e-10,-2.71620626988531e-10,-2.34605839052619e-10,-2.41360279349867e-10,4.023746229772e-10,-5.85028032166478e-10,-2.03455879723697e-10,-5.47512947138119e-10,-7.25163995986892e-11,-1.01165363668496e-09,2.26765778366263e-10,3.61443854252259e-10,1.89871076186533e-10,6.73780981621493e-10,-3.94308036815138e-10,5.72064051539472e-10,-2.54820245699065e-10,2.50948293327237e-10,-4.09707411320088e-10,-8.06740101971847e-10,-2.47103256333514e-10,-1.4487286737217e-10,-8.35057459026062e-11,2.1141538974205e-10,4.66197945406537e-11,2.07335049912438e-12,3.48745140523678e-10,-1.18818480035777e-09,-9.71775044448074e-11,-9.78582348943504e-11,-3.78282774629166e-10,8.53749557392585e-10,1.54713189929882e-10,-5.33245782625561e-10,1.15279396093317e-10,2.06107701955147e-10,-1.16606313176827e-09,-3.35364668220872e-10,3.89819717316878e-11,2.49603384590501e-10,-5.0940518894436e-10,4.98976695319909e-10,2.21388608182009e-10,7.14807088617756e-10,3.93344536310421e-10,4.49471937406954e-10,-1.09473151682766e-10,2.17202861178126e-10,5.69300058306804e-10,9.45028070177755e-10,1.04095912667899e-10,5.85236879912631e-10,1.10331890368287e-09,8.24387134477174e-10,1.33379105337863e-10,-1.38420418366962e-10,6.92660672064791e-10,-1.21177738819508e-09,4.01467869578108e-10,1.72627691341308e-11,5.16590317598117e-10,3.88374255741735e-10,-2.24628254241375e-10,-3.23886616776604e-10,1.22466953171164e-09,-2.04925105969312e-10,6.33757910819954e-10,2.87106064603059e-10,3.2079040236966e-10,-9.2548729748078e-10,7.52435875682665e-10,-3.66540167578157e-10,1.2809002592743e-10,-2.80503579870122e-10,8.36414128991525e-10,-2.51005695146985e-10,-3.04053972725286e-11,-4.32912955899247e-10,1.10589399658769e-10,-1.48830430588802e-10,1.16941019436756e-10,1.118861520786e-10,-9.86090578979001e-10,8.27446818729856e-10,3.03581275084202e-10,-1.32153809919657e-09,-6.09934544056375e-10,3.33460218674091e-10,-1.32533167718695e-10,-7.5008852684941e-10,-1.88070828331994e-11,3.8429967003299e-10,-5.95223233325125e-10,6.14723537940477e-10,6.38242534748335e-10,-8.77047054136813e-10,-5.20389166057773e-10,1.21293569595013e-11,-2.03122372645945e-10,4.2561329920842e-10,-8.29646451050614e-10,5.02434324478884e-10,-8.95102437936321e-11,-8.35358364355082e-11,6.38974985422384e-10,1.01166116314553e-09,2.05207456040465e-10,4.22341188923814e-10,-3.57644269515316e-10,5.64084203523258e-10,-8.09357503420518e-10,-4.22475706693923e-10,-2.48121505600564e-10,4.44786314003788e-10,-1.6835878124543e-10,5.46119702006428e-10,2.02141925418739e-11,2.40869672844637e-10,3.67892923167072e-11,6.46013916964708e-10,4.67044017151774e-11,-1.05640765011843e-10,5.70776118153248e-10,6.60164258705176e-10,4.03907296960854e-10,6.89741040034509e-10,-1.65780805800999e-10,1.32148143612831e-09,1.46807631285453e-10,-5.5318039988969e-10,1.14862677990098e-11,-1.75822517605032e-10,5.59407480823937e-10,3.9730916959265e-10,-5.49672620631859e-11,-4.22712570429661e-10,8.78892261325821e-10,8.95521858982318e-11,1.17260548698813e-09,-2.97124269006198e-10,-9.6092431792118e-10,-9.2651606434241e-10,-7.01530614050536e-10,6.13971313391965e-10,2.46956920996256e-10,-5.51716908653729e-10,5.47463228289335e-10,5.03513019396467e-10,3.86521831558545e-10,1.40731441719525e-10,-3.35791929956184e-10,-1.05267496941432e-09,3.71376088185381e-11,-5.27237139506987e-11,-5.94782207215661e-10,6.38518840608091e-10,-1.2803660316575e-10,-5.40195896642078e-10,6.03283441482263e-10,1.38646959099921e-09,-8.84881820507431e-10,-3.74955492523282e-10,-3.73781672457196e-10,-6.40687956525111e-10,7.11891226256253e-10,1.31007880442051e-10,-9.25095038562362e-11,-3.25403108845456e-10,2.84416230122222e-10,6.02156427547567e-10,-1.39406003116309e-10,-2.00097645189739e-10,4.59548493185338e-10,4.30536748006542e-10,-2.41097447606778e-10,1.17192581888707e-10,-1.611947656205e-11,-3.72470062341237e-10,5.58960977817551e-10,-3.06656232063025e-11,-1.59955708130859e-10,7.09164718448355e-10,3.10102013315091e-10,9.20596589740598e-11,3.94194734308713e-10,8.92239371014462e-11,7.11861218341043e-10,-4.75637547826765e-10,-2.80180681621265e-10,7.33352664720083e-10,-8.25242837505727e-10,9.61794120912623e-11,4.94586872444123e-10,5.56702372604674e-10,9.46594073943142e-10,-8.39689569955158e-10,2.71791321074024e-10,-2.92859932158082e-10,1.62737693084338e-10,5.2040878136035e-10,-1.81384781124563e-10,-2.17949235430586e-10,6.18472657273424e-10,-5.27289972096505e-10,-5.12969009389004e-10,6.52605620252536e-10,4.43101423120675e-10,-2.52731476031173e-10,-2.97844456144517e-11,2.82052101489018e-10,-7.63069430134348e-10,1.41650222806249e-10,-7.89016635338774e-10,-3.58977613803734e-10,8.21975718943372e-11,-5.62821863929411e-11,-3.77752665587241e-10,-2.48341168961728e-10,-4.78103570044252e-10,5.95944814295468e-10,5.40734101226364e-10,3.26213546695016e-10,7.49486764607902e-10,5.26745003012288e-10,-4.06207283519427e-10,2.1807568017632e-10,-3.67564941243446e-10,-1.90547922969281e-10,-4.22624426017467e-10,1.32396575732944e-10,-2.89034389823462e-10,-1.47274145854587e-10,-1.90677586492015e-10,7.11563351865724e-10,6.28082217225632e-11,-1.98455738202081e-11,-1.01634656277432e-09,-5.47638720960595e-10,7.99320661536701e-10,-1.46594493685304e-10,4.40747333350339e-10,7.2073673927704e-10,-6.99964612797341e-10,-1.25250765886279e-09,-6.62029439099216e-10,8.44942540920185e-10,1.6177227140411e-10,7.67052734291021e-10,-1.06120300059306e-09,-3.39995968035637e-12,-6.64372799279934e-10,1.55114965979973e-10,2.65856158140632e-10,1.66413059936303e-10,2.82551913302949e-10,1.22264984281711e-10,1.10255587902162e-10,5.86219589412997e-10,-1.11976938564979e-09,-1.11608794492592e-11,-6.86342335906559e-10,-1.31771523654908e-10,-4.5409596166464e-10,9.62871898288594e-10,-7.88102665809211e-10,6.60020813536501e-11,-5.70514208355333e-10,6.06677357819983e-11,-1.07006379916715e-10,3.02917278203938e-10,-4.95172141755677e-10,-2.61332538762025e-10,3.93466349120575e-11,-5.73534897736374e-10,-2.23181663894395e-10,-6.98614793839895e-10,-7.8548650029289e-10,-3.76942203829947e-10,6.63972460170066e-10,1.26182007627922e-10,-2.45668994489081e-10,-5.83717345126063e-10,3.81257398437724e-10,-4.46744873559869e-10,-2.53611550496028e-10,-7.14543576405326e-11,8.39990622016437e-10,-2.9144853769492e-10,4.63540287192121e-10,-2.30482089337332e-10,-1.95147007896557e-10,-4.34683711902101e-10,8.56119247929501e-11,3.36765320952182e-10,-4.87056684544714e-11,9.7765077052975e-12,1.79565246297932e-11,3.94099694504899e-11,3.54239961976795e-10,8.14069944433157e-10,-3.20005475275393e-10,5.03039459442368e-10,-4.4888402793502e-10,-6.41485157064799e-10,-3.13745360251805e-10,1.19506305169012e-09,1.00467541238863e-09,-5.02888338111719e-10,-2.49838876743991e-10,-3.05806610090189e-11,8.61586252425363e-10,-2.77371877700527e-10,-2.21959893205276e-10,-6.25966491635428e-10,8.69672590669909e-10,4.87262028454175e-11,1.8017615187762e-09,2.63839436905245e-10,-1.38285432032159e-10,7.2598895973866e-11,-2.12507186022186e-10,2.00913267699633e-10,-5.70610538797719e-11,5.83811586046915e-11,3.44563603153586e-10,2.1263370578241e-10,7.03738894342927e-10,9.82531894880101e-10,-4.85119316041521e-10,8.43951705071628e-10,8.18202272780416e-11,-7.23231822233954e-10,-7.32400598548596e-12,4.92594874197846e-10,9.84267702371154e-14,-1.30701746513593e-09,1.30420651198816e-10,1.37382715831437e-10,-6.26660576999525e-10,2.89597547616794e-10,-1.00301506922218e-10,-2.73398789176328e-10,-1.64510241552646e-10,8.31857589284116e-11,-5.215105112504e-10,-5.15388056040003e-10,6.89196854594074e-10,-3.07423047020115e-10,-6.33230987893001e-10,-2.70836435222007e-10,-7.73747649899852e-10,7.90268889878676e-10,3.05357890430167e-10,2.95492596152438e-10,-3.89089239900064e-10,1.26063586985975e-10,-1.14781334772793e-09,9.19756000516972e-11,1.64827522299923e-10,1.20294470134337e-11,6.11570974068875e-10,-2.56560994732855e-10,-4.43984864770517e-10,-4.79053685609464e-11,5.8059069080351e-10,-2.11767392823589e-10,-3.46372102371498e-10,-7.76636438343009e-11,-3.67275291800064e-10,-1.24809920680543e-10,-2.10482106453964e-11,-4.45996171861076e-10,-2.51175374004092e-10,3.72295581040307e-10,1.87432342836586e-11,7.12119219751634e-11,-5.97489899551197e-11,5.05969734222563e-10,4.68876121793913e-10,2.19807763729446e-10,7.40942837950759e-10,-7.33699826968474e-10,2.85297284017926e-11,-3.32963749265015e-10,-2.09614514943561e-10,7.1385813792032e-12,-2.4317668811527e-10,6.18265464059499e-10,-2.43707928844462e-10,-2.02475550188009e-11,4.63748392812582e-10,-1.49459947826562e-10,5.70512556598592e-10,8.8849395611952e-10,-5.13476365832564e-10,-4.42964170360071e-11,8.09412100115619e-10,1.24661682959333e-10,5.9729562628797e-10,1.43088839620696e-10,-7.31095281930465e-11,-3.11646913104055e-10,-5.3622331772378e-10,-5.72713778597807e-10,7.05372236274995e-11,2.76616991525073e-10,-1.31575620741551e-10,3.62106219120232e-10,-8.69028357552604e-11,-4.92293787802781e-11,-7.41123632574769e-10,-5.28193376835375e-10,-5.27872526831308e-10,-3.7621395577018e-10,-3.7266870623219e-10,-5.41460703500104e-11,-8.91577440486312e-11,1.89014656425417e-10,2.99436350191269e-10,-2.00416572563602e-10,-3.30874694767646e-11,3.39809523390039e-11,5.74289733961992e-11,-3.00753337759792e-10,4.82034721382939e-10,1.91536054451735e-10,-7.22942863263485e-10,-9.22078827911922e-10,5.87356242245477e-10,-4.88367392717666e-10,3.97985385727663e-10,-6.39851509988496e-10,-2.95384510846259e-10,-1.43488597560351e-10,-4.61240616950071e-10,4.05461566024857e-10,1.28037408706588e-11,-1.10357889779596e-10,8.27575364681336e-10,4.53146816409812e-10,-4.67389300483307e-11,5.37388861319478e-11,-1.48166929943886e-10,3.65288790466022e-10,-1.32038567187448e-10,-1.92979594925261e-09,6.35729848418141e-10,-2.19216616400511e-10,7.12779754430694e-10,-6.45665423091193e-11,1.15689020321822e-09,-2.41839610877408e-10,1.02052412912084e-10,3.04330975289115e-12,-2.17615039136789e-12,4.06434414327554e-10,7.38894967181848e-10,3.06556356700065e-10,3.59154351198911e-10,-1.86925566321135e-10,-1.23987450130513e-09,1.60496349930488e-10,-7.0867143144097e-10,-1.27848029731869e-10,-2.30828952234393e-10,1.64046471957116e-10,-4.10825577510739e-10,-1.26688912296567e-09,-9.1972259124351e-10,2.13831945963282e-10,1.2125969783457e-11,-5.23630129248475e-10,5.65183466299035e-10,-5.73174988045229e-10,3.04178441155312e-10,-8.20478335726559e-10,8.4570305430126e-10,7.56279522672952e-10,-7.83228966927347e-10,-1.13796144696643e-11,-6.53379523460271e-10,5.35736551383012e-11,-6.94559320448161e-10,-6.58757923335375e-13,3.49672376238454e-11,-4.30341231845516e-10,-4.90016262040212e-10,1.66035321240472e-10,2.01993295405042e-10,6.8210015100297e-10,-1.08515338560049e-09,3.30930976552062e-10,3.63143307235446e-10,-6.63614150009811e-10,4.08288209449164e-11,-2.44853422534153e-10,-7.05745539520465e-11,-7.40437219473835e-10,4.62893200682015e-10,-5.80828465962949e-10,-1.05004698937589e-10,3.99183630079898e-11,1.13019778152603e-10,6.95824047414452e-10,8.99927141276417e-11,-7.70755356168982e-10,3.12005237625637e-10,-9.38436664821294e-10,2.75314119136943e-10,-4.79299485299392e-10,-7.44716300405241e-10,-1.69406585097303e-10,-4.55769119047704e-10,-7.65458697905588e-10,-8.12185117758703e-10,-9.20999647023419e-10,2.44741633635848e-10,-6.87093637662969e-10,-1.95300489689889e-10,-4.97449344621435e-11,2.53841717950603e-10,3.15320101538601e-10,-4.26476461528226e-10,5.43528422341329e-11,2.75370329482526e-10,8.6496743450349e-12,6.13980319180122e-11,-7.08382129907803e-10,5.68901526056911e-11,-4.13972141269839e-10,-7.43361543335651e-10,5.22513752497465e-10,-7.81003367402667e-10,-1.33941139984725e-10,-1.29944575901096e-10,1.79729238015128e-10,7.22487330302752e-11,-9.2616852917705e-10,-2.73994122531385e-10,2.50245986348622e-10,6.51318784032341e-10,-2.50603017640647e-10,-1.36564174590411e-10,-3.74570853004348e-10,-7.29298191298315e-10,9.01381442131023e-10,-5.75623721350842e-10,-1.5360424467009e-10,2.16475620859986e-11,-1.33102229630684e-10,1.18507262863067e-10,-1.98833541534798e-10,3.47160159020738e-10,2.48217863929389e-10,2.13202845174717e-10,-3.68991765397718e-10,-1.24453711822941e-10,1.03256857633875e-09,4.65047343812471e-10,5.4313847216463e-10,1.40756495508828e-10,-2.29349179784071e-10,-1.57248287115441e-10,-8.90683100884059e-10,1.11691887568916e-10,-6.42289217165519e-10,-6.84400943567603e-10,1.05141425972129e-09,5.99371237032224e-10,2.79841913381219e-10,-2.00358127136869e-10,6.83433441590409e-11,4.28774447509328e-10,1.46814318923024e-10,2.15712317724194e-10,1.40128219718557e-10,3.86735883657547e-11,-2.09272815459167e-10,2.42571702771738e-10,7.30710914180096e-10,-3.52750187497876e-12,6.63018047408698e-10,5.9286761301727e-10,4.62290187201045e-10,3.10419087986504e-10,9.4528101487278e-11,7.91083296733883e-10,4.09646876102172e-10,1.18372033141428e-10,3.40640881631805e-10,-6.38648382450583e-10,3.29449268975072e-10,9.49381689353134e-10,1.70517987311513e-10,-3.21936937625809e-10,7.68518406175162e-10,6.98969238697952e-10,3.19191138926162e-10,6.11503685596471e-10,-4.11222965176989e-10,5.9476214737635e-10,-8.29458383834293e-11,4.30429402709318e-10,8.48366143637766e-10,5.6880395965903e-10,9.18137317351256e-12,2.54216776963131e-10,-5.20663092913873e-11,9.07774040478262e-10,3.24641126635788e-10,-2.64122537259608e-12,1.75569840442839e-10,-4.54711504238465e-10,3.61101531225913e-10,-2.75522198070365e-10,6.61333442362143e-10,-2.05349485074451e-10,7.23825291258669e-10,2.08712906681628e-10,4.62563161349166e-10,-3.63746661889632e-10,-1.56857710891573e-10,-1.39624279717342e-10,7.15643674112164e-10,-5.10299124879512e-10,-3.06323810980169e-10,1.03301581583338e-10,-1.03315159949842e-09,2.75892009653053e-10,1.55699560246977e-10,1.99321120961344e-10,-8.90952989627405e-11,-5.5000465911657e-10,1.77916961480874e-10,6.96394054086249e-10,-1.10238382666448e-09,-4.6095417508867e-10,-3.01163510065302e-10,1.29669199340526e-10,-9.58083566283019e-10,4.9490085316715e-11,-4.19807430595204e-10,-4.33091361806838e-11,1.70871421233974e-10,-1.88724248052185e-11,4.2459832769724e-10,-3.58768893955584e-10,-5.40702606998418e-10,-1.30759025227349e-10,2.5893597789527e-10,3.4199855278759e-10,3.64300496374829e-10,-4.15073885174578e-10,6.16326664108736e-10,6.38439332216186e-10,-7.55116161376644e-11,-4.50445355069253e-10,-1.19400262500155e-10,1.24515040677253e-10,9.41731309456343e-10,1.2730218356294e-10,-7.47865059906738e-11,-2.0599064419907e-10,-3.07450190571042e-10,-6.1078135184603e-12,-3.43054865927247e-10,4.74528381551348e-10,-5.28059798144091e-10,-8.72606965030691e-10,-4.67524907154638e-10,4.9124086870946e-10,-5.24127995112804e-10,4.1671279488349e-10,1.58817946228135e-11,2.86308498808598e-10,-2.24422220459743e-10,8.89200195386019e-10,5.35471150192333e-10,-6.62583477776857e-10,-3.97925444571241e-10,-1.15959837649781e-11,2.33343102687329e-10,1.18310684619884e-10,-1.46234423736643e-10,-9.19032592378406e-10,1.68293972508012e-10,-3.00808451206978e-10,5.97800457388493e-10,8.43694072929345e-10,1.87821455441688e-11,-4.75083635062653e-10,-3.94682010506432e-10,2.76185130482649e-10,-2.0977583742644e-10,3.30399371839731e-10,3.71516975045766e-10,1.45543266146855e-10,-4.89394022319335e-10,1.33811573122422e-09,9.51076190511371e-10,1.27736213925984e-09,-4.3815413717119e-10,-1.31483447766231e-09,2.59878755710147e-10,2.30733146865044e-10,-9.84449128494942e-10,1.99337757353396e-11,2.41941915617065e-10,1.6333600389057e-10,2.55202334751485e-11,-3.45698721023036e-11,2.36052295485944e-11,1.00425807253228e-09,4.66504046759665e-11,1.60919079010302e-11,-7.37953283195219e-10,6.19732165584398e-10,-1.77586313942502e-10,3.4790881985749e-10,5.84512967221868e-10,1.0925505224396e-09,-5.63432091477191e-10,-5.86142289307599e-11,7.20181520717177e-10,-8.88069450489735e-10,3.71095213301167e-10,-1.77758811871122e-10,2.4414103998729e-10,4.18715666606677e-10,4.01617861362515e-11,1.75380464989603e-10,4.14348328504716e-10,6.6542305154126e-10,-1.85579859407733e-10,6.50351632745392e-10,1.06237197958876e-09,4.77341051437882e-10,6.15149324949583e-10,1.65407520620336e-10,7.92173214287224e-10,7.65245199365372e-10,2.95129552752745e-10,4.38269403112574e-10,7.37893285550122e-10,9.83429972569994e-10,7.20145352948925e-10,1.09990645295096e-09,1.07871541756708e-09,6.33379945396464e-10,6.36731708781614e-10,8.48451232201664e-10,2.06605786519882e-09,1.69847033309998e-09,2.62503626367863e-09,2.22035446980304e-09
