v,0.25
Patm,100000
g,9.81
r,500
G,10^11.27
rho,2300
mu,10^4.22
rc,26
 
M,10^5.83
sigma,0.25
 
tilt_erupt,1.0748nrad
 
-1130,-1129,-1128,-1127,-1126,-1125,-1124,-1123,-1122,-1121,-1120,-1119,-1118,-1117,-1116,-1115,-1114,-1113,-1112,-1111,-1110,-1109,-1108,-1107,-1106,-1105,-1104,-1103,-1102,-1101,-1100,-1099,-1098,-1097,-1096,-1095,-1094,-1093,-1092,-1091,-1090,-1089,-1088,-1087,-1086,-1085,-1084,-1083,-1082,-1081,-1080,-1079,-1078,-1077,-1076,-1075,-1074,-1073,-1072,-1071,-1070,-1069,-1068,-1067,-1066,-1065,-1064,-1063,-1062,-1061,-1060,-1059,-1058,-1057,-1056,-1055,-1054,-1053,-1052,-1051,-1050,-1049,-1048,-1047,-1046,-1045,-1044,-1043,-1042,-1041,-1040,-1039,-1038,-1037,-1036,-1035,-1034,-1033,-1032,-1031,-1030,-1029,-1028,-1027,-1026,-1025,-1024,-1023,-1022,-1021,-1020,-1019,-1018,-1017,-1016,-1015,-1014,-1013,-1012,-1011,-1010,-1009,-1008,-1007,-1006,-1005,-1004,-1003,-1002,-1001,-1000,-999,-998,-997,-996,-995,-994,-993,-992,-991,-990,-989,-988,-987,-986,-985,-984,-983,-982,-981,-980,-979,-978,-977,-976,-975,-974,-973,-972,-971,-970,-969,-968,-967,-966,-965,-964,-963,-962,-961,-960,-959,-958,-957,-956,-955,-954,-953,-952,-951,-950,-949,-948,-947,-946,-945,-944,-943,-942,-941,-940,-939,-938,-937,-936,-935,-934,-933,-932,-931,-930,-929,-928,-927,-926,-925,-924,-923,-922,-921,-920,-919,-918,-917,-916,-915,-914,-913,-912,-911,-910,-909,-908,-907,-906,-905,-904,-903,-902,-901,-900,-899,-898,-897,-896,-895,-894,-893,-892,-891,-890,-889,-888,-887,-886,-885,-884,-883,-882,-881,-880,-879,-878,-877,-876,-875,-874,-873,-872,-871,-870,-869,-868,-867,-866,-865,-864,-863,-862,-861,-860,-859,-858,-857,-856,-855,-854,-853,-852,-851,-850,-849,-848,-847,-846,-845,-844,-843,-842,-841,-840,-839,-838,-837,-836,-835,-834,-833,-832,-831,-830,-829,-828,-827,-826,-825,-824,-823,-822,-821,-820,-819,-818,-817,-816,-815,-814,-813,-812,-811,-810,-809,-808,-807,-806,-805,-804,-803,-802,-801,-800,-799,-798,-797,-796,-795,-794,-793,-792,-791,-790,-789,-788,-787,-786,-785,-784,-783,-782,-781,-780,-779,-778,-777,-776,-775,-774,-773,-772,-771,-770,-769,-768,-767,-766,-765,-764,-763,-762,-761,-760,-759,-758,-757,-756,-755,-754,-753,-752,-751,-750,-749,-748,-747,-746,-745,-744,-743,-742,-741,-740,-739,-738,-737,-736,-735,-734,-733,-732,-731,-730,-729,-728,-727,-726,-725,-724,-723,-722,-721,-720,-719,-718,-717,-716,-715,-714,-713,-712,-711,-710,-709,-708,-707,-706,-705,-704,-703,-702,-701,-700,-699,-698,-697,-696,-695,-694,-693,-692,-691,-690,-689,-688,-687,-686,-685,-684,-683,-682,-681,-680,-679,-678,-677,-676,-675,-674,-673,-672,-671,-670,-669,-668,-667,-666,-665,-664,-663,-662,-661,-660,-659,-658,-657,-656,-655,-654,-653,-652,-651,-650,-649,-648,-647,-646,-645,-644,-643,-642,-641,-640,-639,-638,-637,-636,-635,-634,-633,-632,-631,-630,-629,-628,-627,-626,-625,-624,-623,-622,-621,-620,-619,-618,-617,-616,-615,-614,-613,-612,-611,-610,-609,-608,-607,-606,-605,-604,-603,-602,-601,-600,-599,-598,-597,-596,-595,-594,-593,-592,-591,-590,-589,-588,-587,-586,-585,-584,-583,-582,-581,-580,-579,-578,-577,-576,-575,-574,-573,-572,-571,-570,-569,-568,-567,-566,-565,-564,-563,-562,-561,-560,-559,-558,-557,-556,-555,-554,-553,-552,-551,-550,-549,-548,-547,-546,-545,-544,-543,-542,-541,-540,-539,-538,-537,-536,-535,-534,-533,-532,-531,-530,-529,-528,-527,-526,-525,-524,-523,-522,-521,-520,-519,-518,-517,-516,-515,-514,-513,-512,-511,-510,-509,-508,-507,-506,-505,-504,-503,-502,-501,-500,-499,-498,-497,-496,-495,-494,-493,-492,-491,-490,-489,-488,-487,-486,-485,-484,-483,-482,-481,-480,-479,-478,-477,-476,-475,-474,-473,-472,-471,-470,-469,-468,-467,-466,-465,-464,-463,-462,-461,-460,-459,-458,-457,-456,-455,-454,-453,-452,-451,-450,-449,-448,-447,-446,-445,-444,-443,-442,-441,-440,-439,-438,-437,-436,-435,-434,-433,-432,-431,-430,-429,-428,-427,-426,-425,-424,-423,-422,-421,-420,-419,-418,-417,-416,-415,-414,-413,-412,-411,-410,-409,-408,-407,-406,-405,-404,-403,-402,-401,-400,-399,-398,-397,-396,-395,-394,-393,-392,-391,-390,-389,-388,-387,-386,-385,-384,-383,-382,-381,-380,-379,-378,-377,-376,-375,-374,-373,-372,-371,-370,-369,-368,-367,-366,-365,-364,-363,-362,-361,-360,-359,-358,-357,-356,-355,-354,-353,-352,-351,-350,-349,-348,-347,-346,-345,-344,-343,-342,-341,-340,-339,-338,-337,-336,-335,-334,-333,-332,-331,-330,-329,-328,-327,-326,-325,-324,-323,-322,-321,-320,-319,-318,-317,-316,-315,-314,-313,-312,-311,-310,-309,-308,-307,-306,-305,-304,-303,-302,-301,-300,-299,-298,-297,-296,-295,-294,-293,-292,-291,-290,-289,-288,-287,-286,-285,-284,-283,-282,-281,-280,-279,-278,-277,-276,-275,-274,-273,-272,-271,-270,-269,-268,-267,-266,-265,-264,-263,-262,-261,-260,-259,-258,-257,-256,-255,-254,-253,-252,-251,-250,-249,-248,-247,-246,-245,-244,-243,-242,-241,-240,-239,-238,-237,-236,-235,-234,-233,-232,-231,-230,-229,-228,-227,-226,-225,-224,-223,-222,-221,-220,-219,-218,-217,-216,-215,-214,-213,-212,-211,-210,-209,-208,-207,-206,-205,-204,-203,-202,-201,-200,-199,-198,-197,-196,-195,-194,-193,-192,-191,-190,-189,-188,-187,-186,-185,-184,-183,-182,-181,-180,-179,-178,-177,-176,-175,-174,-173,-172,-171,-170,-169,-168,-167,-166,-165,-164,-163,-162,-161,-160,-159,-158,-157,-156,-155,-154,-153,-152,-151,-150,-149,-148,-147,-146,-145,-144,-143,-142,-141,-140,-139,-138,-137,-136,-135,-134,-133,-132,-131,-130,-129,-128,-127,-126,-125,-124,-123,-122,-121,-120,-119,-118,-117,-116,-115,-114,-113,-112,-111,-110,-109,-108,-107,-106,-105,-104,-103,-102,-101,-100,-99,-98,-97,-96,-95,-94,-93,-92,-91,-90,-89,-88,-87,-86,-85,-84,-83,-82,-81,-80,-79,-78,-77,-76,-75,-74,-73,-72,-71,-70,-69,-68,-67,-66,-65,-64,-63,-62,-61,-60,-59,-58,-57,-56,-55,-54,-53,-52,-51,-50,-49,-48,-47,-46,-45,-44,-43,-42,-41,-40,-39,-38,-37,-36,-35,-34,-33,-32,-31,-30,-29,-28,-27,-27,-26,-25,-24,-23,-22,-21,-20,-19,-18,-17,-16,-15,-14,-13,-12,-11,-10,-9,-8,-7,-6,-5,-4,-3,-2,-1,0
-2.19398274482602e-10,8.01571489740844e-11,-9.29005559312761e-11,9.80955324274009e-11,2.4904326965804e-10,-1.67827249648129e-10,3.39066317360091e-10,-2.30887854039281e-10,-2.59670745753007e-10,4.1599001040123e-10,-5.02411988011874e-11,3.72172120153733e-10,1.47186710419835e-11,3.5725061016796e-10,4.27560623070654e-10,-1.80578737751525e-10,4.11848998491727e-11,2.04297891096467e-10,3.055610552138e-10,3.41344766791268e-10,8.49929609679925e-11,-2.44074906385889e-10,2.19393248172111e-10,-8.23788355724726e-12,-1.26193540210437e-10,-9.59745713859938e-11,1.09810472389904e-10,1.81021410930249e-10,4.54883395254434e-11,-2.38381683434557e-11,-3.33090313209131e-10,-2.79091836604774e-10,-2.86262150102132e-10,-1.33281974760562e-10,3.44685284562424e-10,-2.61105633113335e-10,-6.99367951511545e-11,4.62267328580341e-10,-1.1081300787367e-10,-2.23973303663763e-10,3.49988293268155e-11,4.53640707165494e-11,-4.01716420282944e-10,4.61210248673048e-11,-3.33482916571266e-10,3.08933344620673e-10,-5.51409083314513e-10,-5.62730141309504e-11,1.41078155180304e-10,-3.97416359479584e-10,-1.11036712294821e-10,-2.67414603381624e-10,-1.3357431197234e-10,6.29080037254242e-10,1.66885877522417e-10,-5.79508857904772e-10,-8.01198623146228e-11,-1.30243728820576e-10,4.9804728247996e-10,3.63038562652135e-11,9.39446977496854e-11,-4.31838784749575e-10,-3.8224599389069e-11,-3.81912750167088e-10,2.80335857075137e-10,1.05212174208749e-10,-4.21945613561307e-10,-3.98681842820891e-10,-3.21506303649504e-10,1.36923149153006e-10,1.69626450677447e-10,-2.98715125259272e-10,3.76199650721e-10,-3.64071632040708e-10,4.69412521239171e-10,3.55842544312696e-10,-1.10945856932061e-10,9.81710468934133e-11,-2.77283816478227e-10,2.6377524980682e-10,2.36086093472712e-10,-3.05673911169889e-10,1.78619223402716e-10,1.51375201997414e-10,3.52677005074462e-10,-1.75633100654102e-10,2.37592315359528e-10,-1.73581778070507e-10,-3.2731392880283e-10,-2.55477385571288e-10,-2.00415830548101e-10,-4.82752209630758e-11,3.13789138576905e-11,2.7938580045298e-10,1.08131976997501e-10,-2.38448371372665e-10,9.92951704967394e-11,-1.33584715853561e-10,-3.93739985661097e-11,-2.4130113200513e-10,3.45285126233693e-10,-4.19831023562644e-11,-2.34137333084653e-11,2.15226322392907e-10,-2.89778120489272e-10,-2.26828527912284e-10,4.48371059354961e-11,1.78928913327647e-10,3.05286724100246e-10,1.00428678508476e-10,-1.88300855428277e-10,-1.45584401754204e-10,2.4426899217114e-10,-2.37487051380182e-10,3.00520884493666e-10,-4.72914731815725e-10,6.16446544032205e-10,5.22246752037154e-10,1.99620043064467e-10,1.09715362779359e-10,-3.1002743451119e-10,3.9598682422646e-10,2.4546364651312e-10,7.10117770127541e-10,1.87739355942008e-10,-2.71313345164855e-10,-1.49342613485521e-10,2.50997420566974e-10,-5.12161224109308e-10,2.62080251891755e-10,-2.59024355673611e-10,6.13180959479158e-12,-3.18288003967301e-10,-2.55472716883311e-10,-9.13591673962201e-11,9.07330690045048e-11,1.57154269517614e-10,9.69576083675817e-11,3.09958620626432e-10,-1.48001075656742e-10,-1.80327534402035e-10,-7.85627331760002e-11,-1.24761852775136e-10,3.1200081921228e-11,8.62526335696474e-12,-1.76151648809493e-10,-1.87196687809981e-10,7.61477153960179e-10,-1.36916366759813e-11,3.98318931745652e-10,-1.91696286003195e-10,4.2430791737323e-11,1.45919989323923e-10,-2.97939556902559e-10,-1.58411103464722e-10,-3.05885345003539e-10,2.47646280235529e-10,6.8986138071499e-11,1.34410768056517e-10,1.8840471575723e-10,-4.9588680046367e-11,-7.2684243308686e-10,-2.51230960679965e-10,-2.48831922106937e-10,5.50070427298957e-11,-4.345601688708e-10,-2.25132431926376e-10,-2.81656828977149e-10,-5.47013779976663e-11,-2.51701635795883e-10,9.45197067008331e-11,1.78209832258253e-10,-1.30067196699255e-10,7.59937239243139e-11,-1.10867253404163e-10,1.70963291406819e-11,3.79380987823815e-11,6.60643412724888e-11,2.36673915588586e-10,-3.87086142973307e-10,7.80604229552408e-11,-4.64453536015701e-10,1.14405025154235e-10,6.09976070299019e-11,-4.54032141494484e-11,1.93685298701418e-10,5.35438723807548e-11,9.80487525866226e-11,1.45642481143617e-10,9.7936618121818e-12,-1.29305379343596e-10,1.52388429161625e-10,-2.39805058256717e-11,-3.92193118018106e-10,3.15035217156577e-10,-9.08145604665022e-11,7.04698391476082e-11,-4.86387280239589e-11,2.58817614246296e-10,-1.68493586680349e-10,-1.61061042629692e-10,4.15860174172632e-10,-4.62884168682682e-10,2.75075343582546e-10,3.90602085224637e-10,6.22535073860735e-11,-4.76326025737364e-10,-1.81631313577154e-10,2.09417155467814e-10,-3.32338050690254e-10,-4.36356617822358e-10,-3.02556293198536e-10,-1.80657636830592e-10,3.88404745080968e-11,-2.44851411256565e-11,6.45024736111233e-11,1.46895904346908e-10,2.83893244466797e-10,-1.25622561281857e-10,2.86395055369598e-11,1.92902147373182e-10,-1.56274333535499e-10,6.1592494978865e-11,-3.76749618656661e-10,-4.70073973811762e-10,-4.40659474777096e-10,3.55398434805297e-10,-1.78796098836328e-10,2.07311291054004e-10,1.52862933102316e-10,1.93911921515599e-10,1.49500028661282e-10,-7.16536023660725e-12,-3.18483571151578e-10,2.43529575195015e-10,-1.18119132639829e-10,1.2195453920756e-10,-3.15177049975125e-10,-1.91644506442237e-10,-9.04130990575547e-11,-6.12927862237326e-11,-1.06692242347608e-10,9.95536059082122e-11,-3.8620611461178e-10,-4.12178538472445e-11,3.1023472365161e-10,-2.86017105542513e-11,1.16059548208044e-10,-2.42317620765687e-10,1.49258360396534e-10,1.24251416645874e-10,-6.6302730331562e-11,3.06819250165834e-11,1.70266922133701e-10,2.04561541729339e-10,-1.99391686842051e-10,-1.38098545932102e-10,-9.40950284839258e-11,-7.60606312468326e-11,3.93682105957359e-10,-5.79577798367051e-10,1.87654565364231e-10,3.93906109662372e-11,2.89518184526679e-10,-2.08991371395931e-10,8.71084867874784e-11,-3.44621594164901e-10,-3.65612211091232e-10,2.30851804867378e-10,2.96159879920374e-11,3.32463299565361e-10,1.04921667043577e-10,1.5759512654214e-10,3.90798175648171e-10,-5.64142065440101e-10,-2.59732813608212e-11,-1.80889041325718e-10,8.24225255121961e-11,3.01393563509671e-10,1.2515151334128e-10,-2.40324253504777e-11,-2.76409710822758e-10,5.14264028478225e-10,2.98919187461093e-10,1.20246307678282e-10,4.60222700813045e-10,1.66793832971153e-10,1.0453132949672e-10,-1.39470373029249e-10,1.94585777360129e-10,-3.83978247970832e-10,-1.77570702656324e-10,-1.27533499603773e-10,-2.70356876474876e-10,-9.49425291593936e-11,2.32592657589055e-10,-3.20016471831641e-11,-1.17340472796799e-10,-1.17522987876431e-10,3.08048009086659e-10,-9.7818032975993e-11,3.53509347524785e-10,-3.4210650479314e-10,-2.94121820222639e-10,5.38961285700589e-11,-1.24493125395444e-10,2.94608635938751e-11,-9.12437953696059e-11,-3.02532906027382e-10,3.72743884522457e-10,1.74634043616638e-10,-1.76187506317338e-10,-8.12197863656348e-12,-2.84328862912327e-10,2.34866082734894e-10,-6.86341103048859e-10,2.57076301467563e-12,-2.43809424724384e-11,-1.58482096116905e-10,-3.72333699440924e-10,3.30140253133005e-11,1.7311488046369e-10,-6.2018872246133e-10,-1.67934021601291e-10,1.57025345935004e-10,-2.04109027877861e-10,-2.14040595583197e-10,-1.36837348213621e-10,-4.05827441161095e-10,-1.55021236514501e-10,1.67738442830915e-10,-7.16888504551772e-11,-1.15759038000273e-10,-6.87495114851729e-10,4.41551113700901e-10,1.98512378238044e-10,-2.37292073328114e-10,-4.18702921605778e-11,2.79184577649584e-11,1.00687240628261e-10,-9.60511798820438e-11,-2.54766544443887e-10,9.30453928183626e-11,3.3264677913531e-10,-6.9778331365658e-11,-1.21777698783019e-10,3.582852636472e-10,-7.50331177979017e-12,3.3915257115282e-10,4.50731396434283e-10,-3.04679326153131e-11,-6.31172267051104e-11,3.14102325968433e-10,1.13711712984143e-10,-1.73729604231584e-10,-3.22787544465197e-10,-6.24635698137278e-10,-2.5463295078944e-11,-4.40259224603744e-10,1.84457932426675e-10,1.76989983351381e-10,6.75099147912223e-11,-1.82033697530341e-10,1.36166049873023e-10,2.07738562737898e-11,-4.02756234586665e-10,-4.88702154885004e-10,4.25064993088805e-10,4.83618017991774e-10,3.81680677229615e-10,4.88030785499572e-10,-2.75188591838597e-10,-1.97726672731036e-11,2.01376018986943e-10,2.66519391983553e-10,1.7232528386724e-10,-2.09978035953294e-10,6.58767964598929e-11,1.98452918291153e-10,2.19886647153405e-10,-4.0843013049409e-11,4.67176197074798e-10,2.06867800503263e-10,3.49652036051305e-10,-1.60262733403194e-10,2.59244846231908e-10,-1.57111329825293e-11,-3.82125609125606e-11,-5.70185657866799e-10,-6.68917118202867e-11,1.7530169902623e-10,-2.71649653970186e-10,1.02067137845411e-10,7.36059367397105e-11,-6.40595954422874e-12,3.79570728554699e-10,3.11979914522614e-10,7.62378650609186e-11,2.52230650928921e-10,-2.6303227872037e-11,-4.68838864721255e-10,7.47868313702332e-11,-9.2708422336543e-11,3.92709411262458e-10,-1.3328850326435e-10,-1.61658118841429e-10,1.83188792991484e-10,-1.35029396311231e-10,-3.43423271693573e-10,-1.94045920577758e-10,3.81947270041144e-10,-1.4280147553529e-10,2.66987307313932e-13,-3.82070124949004e-10,1.17511186194319e-10,1.34942846898823e-10,3.0861832296145e-11,2.2931556175551e-10,2.56068799583279e-10,-1.22469443402609e-10,-3.1156376872589e-10,-5.95361179953789e-11,1.28663098777648e-10,1.61707160912146e-11,2.64974461987692e-11,7.50798800552027e-11,-5.59494249182623e-11,-7.8133973497322e-11,2.24849021921665e-11,3.14339927335019e-10,3.25160237433965e-10,-2.0088146140868e-10,-1.00699604662558e-10,-3.67227600780427e-10,-5.38057502328131e-11,-1.00958567720367e-10,1.56194972553328e-10,1.0344970934995e-10,3.04379774166119e-10,2.74625700543666e-10,-6.67801808645802e-11,1.64695838004436e-10,8.1181767428712e-11,-3.63045531901562e-10,1.05815043768434e-10,5.41101604166958e-11,5.98491249682544e-11,1.08027272121082e-10,-2.92308496968764e-10,-1.282742050447e-10,2.63236352374826e-10,-3.54974215615044e-10,7.86825583395421e-11,-1.02163272098738e-10,-3.72544137905785e-11,8.6664266220237e-11,-1.96080535513039e-10,2.21001848274552e-10,3.77082318794511e-11,-1.11051703355187e-10,-1.4421352623034e-10,-1.61999476462955e-10,4.77566837134983e-10,-4.67373334469114e-11,3.67911189418146e-10,-3.01076897251673e-10,1.21453007629326e-10,-2.42183337121811e-10,1.66066434422756e-10,-1.3674812177737e-10,-2.2347192839543e-10,-3.89819691595309e-13,-2.30629516005227e-10,4.0345287906361e-10,-5.8715457752009e-10,4.30658849220264e-10,3.52430487315936e-10,8.2245654326666e-11,2.07167928210307e-10,9.19368451884205e-11,-9.08497077844916e-11,3.29385597548779e-10,-3.40987938321364e-11,4.91658560699785e-10,3.02025521905025e-11,5.46353138806402e-10,-4.25507487362765e-10,1.34050615740961e-10,-2.53211900092356e-10,2.09726108254582e-10,-1.09254463072954e-10,1.12649809579475e-10,-8.23394570975143e-11,2.28527932791086e-10,1.59017903537669e-10,9.469555585413e-11,-3.89125208774011e-10,2.85954948838903e-11,2.65599183492633e-10,-1.32152740436218e-10,6.12214649926037e-12,3.00969731507931e-10,8.13344338006782e-11,4.56936264666598e-11,-2.76612806414492e-10,-3.0510810024464e-11,4.9152325865874e-10,2.76384964921691e-10,8.71779436523525e-11,1.72804834070119e-11,4.07964273293285e-10,-1.55155913761742e-10,-5.76735954030427e-11,2.16406411805626e-11,-1.22096939943479e-10,1.24554678320663e-11,3.72851797406516e-10,-2.46396813659518e-10,-2.14328840385238e-10,4.22679495833714e-10,-9.29620138507374e-11,4.66131428285534e-10,9.20770333043359e-11,-1.74600359454778e-10,-1.99920366135838e-10,-2.54291073198983e-10,3.76924973041398e-10,-2.14105680696712e-10,4.56801696098639e-10,-1.31210711915584e-10,1.29213431936474e-10,-1.65138610798926e-10,2.25976084768579e-10,-1.67399716613781e-10,-4.6883913489049e-10,3.08926747565927e-10,-1.9123123227261e-10,-1.93800624116818e-10,1.90781815699401e-10,-1.32456816917211e-10,-1.56985489234555e-10,-2.88059334049246e-10,6.91971814108121e-11,-1.2495398895392e-10,-6.5017990583315e-12,-7.39192532329077e-11,-1.2115426772711e-11,-1.74749580793576e-10,-1.37532895023963e-10,-3.34816261609065e-10,-1.46702546815312e-11,-3.5836799056125e-10,-1.00309188707516e-11,-3.67304333378028e-10,-2.25451572109014e-10,3.20152431530529e-10,-3.22776558755263e-10,-7.81862371562037e-11,2.58968195906859e-10,1.22132978091246e-10,-2.00133871759307e-10,-1.86602639779455e-11,7.86562219868154e-11,1.85298588053463e-10,-3.69430552821158e-10,5.02581587705233e-10,1.07409055647421e-10,-3.28656768824715e-10,-1.41437752920304e-10,-2.0738302549551e-10,-4.48238422889086e-10,-1.68716560221446e-10,-4.55863123015635e-10,3.65980943841726e-10,-1.35363401327619e-10,-1.68197885261442e-10,3.3772916338593e-11,5.09518891899769e-11,4.88103468781846e-12,3.45077360375833e-11,-2.06825630429777e-10,-1.92019277744403e-10,2.61264799683949e-10,5.70088163745082e-10,3.65829560640695e-10,-2.97143193357925e-10,3.81742174704761e-11,-1.77351014590482e-10,6.80813492697942e-11,2.25804185764262e-10,2.52914224666703e-10,-2.54982989028205e-10,-4.11212284351048e-10,-1.92542881198974e-10,-5.83266856780242e-11,6.14377474248799e-11,1.01451376058176e-10,-2.95479383409286e-10,3.49879529567224e-11,-6.25209700805059e-12,1.26779184284151e-10,-1.03064358300439e-10,2.35825438968105e-10,-1.96131555401957e-10,-1.20808238237242e-10,3.67975979622727e-11,-1.74862458264244e-10,-8.86044808892127e-11,-1.12203703912025e-10,-2.53890986221095e-10,-2.59481243738254e-10,-7.07402040282208e-12,1.96292704858218e-10,-4.80712712759508e-10,-3.85314421199211e-10,-1.87292769164208e-10,1.5047090138017e-10,3.43540169724029e-11,7.67004825694249e-11,3.00467544395443e-10,3.63588367545861e-11,-8.88236269967529e-11,-1.28034522561337e-10,-1.00073086019701e-10,-2.39499640240861e-11,-4.23032214243545e-10,1.10113927478431e-10,3.49525865217556e-10,-3.43767812068854e-10,1.56161555571306e-10,-4.62481461233555e-10,3.7676244597842e-10,2.54495504589566e-10,2.71179643262879e-11,-9.77466177607999e-11,-2.94865175697888e-12,-8.12221970655759e-11,-2.59360840358466e-10,1.75413181600826e-10,8.82556400450052e-10,1.53924992160956e-10,7.71249035448668e-11,-2.07919981989777e-11,-2.59054187412056e-10,2.65395741484826e-10,-2.00154360362985e-10,-1.49742967726463e-10,2.29848372672884e-11,-1.17646158560422e-10,-3.69383469483348e-10,5.25486916821531e-12,3.37623851723848e-11,-1.0460811426646e-10,-1.88731952735656e-11,6.10015717807262e-13,4.94555937112094e-11,-2.76726122194306e-10,8.32168762195295e-11,2.42332424562712e-11,2.49810832206055e-10,-1.98451317401526e-10,-2.6820407674445e-10,-1.48262757705192e-10,-3.06295787251517e-10,3.33642615163519e-10,2.42730324355603e-10,1.43383273757187e-10,-5.4565743497871e-11,6.08424409221626e-11,4.76530066438636e-10,-4.0661585826508e-10,-3.56499652774158e-10,3.04442641455424e-10,-6.72980996918657e-10,-8.36464087485448e-11,2.56703181246076e-10,3.62505586300512e-12,-4.089785672822e-10,1.78585016885431e-10,2.11988314523594e-10,-5.62140880739835e-11,6.04598621153003e-10,2.58753212335204e-10,-1.97262974493932e-10,-1.35018392211659e-10,-4.84750183507193e-11,-1.09839569292725e-10,5.24316241127668e-10,2.75399111811508e-10,-4.05449971537574e-11,1.06361694738672e-10,-1.82164833418954e-10,3.2585472506582e-10,-4.3510921287678e-11,3.00451364418901e-10,-1.44888308024925e-10,-1.44887179904837e-10,-1.30327001063568e-10,2.16187591126095e-10,-2.41971299993912e-10,-1.67608524672299e-10,-2.2957218776998e-10,2.45033310355674e-10,3.87599483233846e-10,2.49196576539164e-10,4.63911352727293e-10,-6.49143299680894e-11,2.04188412915542e-11,3.05216295497653e-10,2.24655080334276e-10,-4.29228128994038e-11,4.18564360349895e-10,5.82379655769615e-12,-1.32779905696389e-10,-3.16586477563919e-10,9.1217405980918e-11,-4.19467584381133e-11,-4.4938404467985e-10,1.78049631566434e-10,-2.12415577686023e-10,2.4106339463553e-10,1.66806487645193e-10,-1.66080546976903e-10,-2.7585473394566e-10,-3.42667802958172e-10,-3.30781235225696e-10,-1.33081118442571e-10,-3.99152275827908e-11,-4.26268670663689e-10,-6.82597150950109e-10,-1.49317672632983e-10,-1.88809640208811e-10,-4.06947104670994e-10,-2.90319223951401e-10,4.81868128557086e-11,-3.90271202897803e-10,1.02401650317457e-10,-4.76625383708557e-11,4.76594507722707e-10,1.14853905738062e-10,-1.22266042807372e-10,1.04944609336505e-10,1.02283611601049e-10,-1.18917101885441e-10,-3.58867636772373e-11,2.56342468299879e-10,-1.08700064227895e-10,-4.04969057214342e-10,4.39016766925865e-10,7.25800904162031e-13,5.06449773927783e-10,4.17023317895309e-11,4.63882501691668e-10,-3.66675849427284e-11,-2.39886278515336e-10,-2.12728348398753e-10,1.45064691269002e-10,-1.76696888913795e-10,-1.25648997975126e-10,7.29766351945524e-11,-1.126686514276e-10,-2.24123616206785e-10,-1.63580034824021e-10,-1.20020236958707e-10,2.76290049860094e-11,-1.57186945335655e-10,-5.77010454602041e-11,1.0112487444342e-10,5.20411336449633e-12,-5.05544050484397e-10,3.4327495274061e-11,2.42026881806847e-10,1.33987550456377e-10,-2.63691682876649e-10,-2.41879111129236e-10,2.66858755242681e-10,1.9876258893341e-10,-4.9421013124671e-11,6.89841839483584e-11,-1.01818640306001e-10,1.47602336619509e-10,1.47809525299905e-10,1.80641523178002e-10,1.21136415283787e-10,-1.33357142390212e-10,4.341385983038e-10,-2.37681717708416e-10,4.7551810520835e-10,-8.15205396639532e-11,-5.37718475245976e-10,1.64237294311097e-10,1.74388439342819e-10,4.47199528032062e-10,-4.17385025907792e-11,-9.22616647508012e-11,4.1879586720329e-10,4.59164437972052e-10,1.52383929671648e-10,2.06095057336613e-10,3.48454676484198e-10,4.13589058321462e-10,6.62322958474085e-11,-5.43976129812944e-11,-1.82506081679161e-10,-3.41458138556812e-10,-2.6217495927793e-10,7.44311044850092e-11,-4.302921757218e-10,8.73759553042439e-11,-3.55036065960696e-10,6.98537072283616e-11,-3.7502266962212e-12,1.26921211998871e-10,4.05669042452705e-10,-1.07075894118969e-11,-2.20837650595547e-11,-1.30838945625312e-10,6.58007595388951e-11,-1.23076776227735e-10,-4.65589719926327e-11,-2.31108897120753e-10,-1.69022972669488e-10,-7.04750760339865e-11,1.37498061750658e-10,6.75590118894694e-11,2.21985745156128e-10,-1.41301773957598e-10,-3.71240122652767e-10,-1.97896814180436e-10,7.24222124632961e-11,-4.26791200672868e-10,-3.80133238588414e-10,3.45326538909711e-11,-2.95140979107397e-10,2.51055808386463e-10,-1.2279130194052e-10,2.99573386080505e-10,-4.73282345237705e-10,-3.16176347334184e-10,-2.85536730631752e-11,-7.71468111795943e-11,3.47708618892199e-11,-6.75180994447886e-11,-4.73131316677456e-11,1.88009219608466e-10,3.49284144074013e-10,2.56853600967901e-10,1.89911722191484e-11,1.20114223352453e-10,-4.325455041347e-10,1.70878045759889e-11,4.70719998605168e-11,2.51726170663303e-10,1.78726910693019e-10,4.88317360754784e-12,8.44739566511619e-11,-1.75127739961758e-10,-1.3136041994242e-10,6.0018004938867e-11,1.56700705247681e-10,1.03998162589199e-10,1.69592766330735e-10,-1.52883322944557e-11,-6.69701345835908e-11,8.21080802475011e-11,3.26004856357956e-10,5.31581494454767e-11,8.0871262464264e-11,9.05286838369826e-11,3.65821294168025e-10,-9.52184595436083e-11,-1.42202854768409e-10,1.2762544761747e-10,-2.57504694377623e-10,-1.7029268429976e-10,-1.67684132763035e-11,-2.91616680562316e-10,2.39074341453555e-10,5.08128702114514e-11,-3.89147215833744e-10,1.28055847997011e-10,-2.48410284763188e-10,1.24787093918482e-10,-2.39028430712808e-10,-2.74101401628622e-10,-1.06996190329368e-10,1.92695133937255e-10,2.46133927134147e-10,3.80729725811679e-10,-4.87892607819939e-10,-1.04667191505628e-10,-1.02982876958455e-10,-3.36666517828678e-10,1.27603382743039e-10,-4.57478651906419e-10,1.32532007100894e-10,-2.49813017355489e-10,3.25764726433992e-10,-9.26318664417425e-12,2.55015344629202e-11,2.53452063327585e-10,1.22577692359046e-11,2.6239623107831e-10,-1.00515211829107e-10,-6.25276342946195e-10,-1.00874255624018e-12,-1.44805894399229e-10,7.54281766503281e-11,2.42697041174901e-10,-2.6364123485871e-11,-2.96259640963327e-10,-1.29763913953643e-11,6.6050031130645e-10,-1.23455948666066e-10,1.9022612508636e-10,1.6781401767844e-10,3.95792492313772e-10,1.71556624491912e-10,1.09961066292995e-10,2.12984673367824e-11,-3.30656701853846e-11,9.43836169898597e-11,-6.05118386071214e-13,7.38578114720136e-11,7.86385443183554e-11,2.52230862332268e-10,1.99534095206516e-10,1.52056524886994e-10,-3.35030822054337e-11,8.72921185939967e-11,3.81507011201899e-10,-3.02210177060682e-10,1.12880887825745e-10,7.29393829083976e-11,2.84769641031493e-10,-1.91981730126809e-10,-1.47169627834937e-10,3.76840649782874e-11,1.68548821821271e-10,4.42570549026257e-10,6.63818423062932e-11,1.05000865768761e-10,-6.72123844988949e-11,2.64305635904742e-10,-4.79857058506609e-10,-5.69425006847974e-10,5.81222098149392e-10,1.33788101407722e-10,1.42972344016904e-11,3.44272053375401e-10,-3.65765145745636e-10,-1.29094130823807e-10,1.47324842760097e-10,-2.73232407091722e-10,-1.18552810196848e-10,-1.89391839401305e-10,4.21009734760792e-10,5.77983277965726e-11,-7.29962980109279e-12,2.23242205132024e-10,-1.62508723669203e-11,-1.75269120769493e-10,4.35623630206703e-10,-8.20726609606619e-12,1.94350862011143e-10,-3.03395118210125e-11,1.14305005586393e-10,-3.03304498551238e-10,-1.49167041345297e-10,-2.38008514819661e-10,-1.68870840230779e-11,-2.28115394044906e-10,3.81425494295312e-11,1.52236833919404e-10,-1.55531108894439e-10,2.42378386581433e-10,1.09300582006072e-10,-3.24877478339659e-10,1.14242549240873e-10,-1.79561198475028e-10,-2.32901760750515e-10,2.95417448115278e-11,-2.10476477422191e-10,4.60516784181921e-10,3.45139810770808e-10,4.2616747746794e-11,5.42248983099469e-10,-1.99988921158198e-10,1.61413356883961e-10,1.40712564753385e-11,6.16228325156603e-11,1.61254248313887e-10,3.70827948543561e-10,3.45400402385378e-10,6.16344720610176e-11,3.76508890951389e-10,5.06615882415364e-10,-3.17555184070856e-10,3.20703908281762e-10,-1.06506160980216e-10,-4.78473213043109e-11,-3.51217469718699e-10,-9.10013072749123e-11,-4.4691960136905e-10,1.13457539564554e-10,-8.0404481674881e-11,-7.14349309098621e-11,-2.66402595994484e-10,5.48956237242429e-11,-1.24352692749673e-11,-4.8431623596539e-10,1.96777177924615e-10,2.86420726584832e-11,-1.77668854204869e-10,1.48117460922658e-10,1.8508699772775e-10,5.02136890932763e-10,2.08460537793935e-10,4.81533648862196e-11,2.13401660902485e-10,7.80811474156549e-11,-3.2240325611202e-10,-2.5370157359487e-10,1.58390651802301e-10,-9.58882334351103e-11,3.05525721151566e-10,-4.61629626422549e-10,-4.72473455476304e-11,-5.0016412236815e-11,-9.8332601272225e-11,-7.75603938154403e-11,-2.98623963130194e-10,-1.54983468204382e-10,-6.49581537766734e-11,2.024441866303e-10,2.20291457440312e-10,-4.1818698088434e-10,-1.70247105148002e-10,-1.48049236521715e-10,-1.98513002910097e-10,-4.48886141898513e-11,-3.75892960242848e-10,-5.17723732508973e-11,7.25745557845226e-11,-1.27990106118441e-10,8.43273220900169e-11,-1.01969752513434e-10,2.7083795492218e-10,-7.4715038300757e-11,2.20225871412757e-10,2.83791224387489e-10,5.45109945678975e-10,1.51707211805657e-10,3.38583271447191e-10,-1.49357407067167e-10,-1.03722197194275e-10,3.17911994667774e-10,-1.00016178187878e-10,-4.21911284606482e-10,-4.51232970651615e-10,3.77838648322655e-10,-3.26473400849272e-10,-1.48341097437419e-10,-4.87485463713523e-11,1.86970376653984e-10,4.41613712477696e-11,2.76108157944127e-10,4.65217000874512e-10,6.85197537698905e-11,-1.9825697511213e-10,-1.00132978897391e-10,1.83670169471122e-11,-2.0888737160542e-11,1.64500722388732e-10,3.4727871637498e-11,2.06080339425589e-10,2.85398126481546e-10,-2.0501892366271e-10,-4.15826800922211e-10,4.57075836261465e-10,1.23599916770428e-10,2.29130489587285e-10,4.26547511454297e-10,-1.54448175592735e-10,-1.67053344516815e-10,1.93722075040292e-10,-2.90538614703177e-10,5.08060606117039e-11,-1.79779525632941e-10,-1.10212634538576e-10,-1.4829477034472e-11,-5.86921036166079e-11,5.77574663650921e-11,8.33185433163033e-11,-9.57759819414753e-11,-1.38663134224838e-10,-1.16227982005901e-10,2.0865888018186e-10,-3.55529591748527e-10,-2.51627581311445e-10,5.36070751392467e-11,1.41418580054877e-10,-6.24201001132689e-10,-2.54906615116804e-10,3.26990086955124e-10,-8.11201505861475e-12,3.16740429317918e-10,-6.96152039038883e-12,2.75927090543845e-10,2.39374386515326e-10,4.80952219085225e-10,-2.17898619998823e-10,2.77990685149787e-10,3.26111489724636e-10,2.92428800564574e-10,5.4081957251503e-10,7.04433499605747e-10,4.80471372157627e-10,3.09460589379091e-10,-5.09069496819609e-11,4.04811932491777e-10,6.51603226473747e-10,6.38520414731336e-10,3.26570671807101e-10,8.50146020585027e-10,5.18242914991078e-10,3.50890507977932e-10,7.0343346767125e-10,1.01272414358456e-09,6.21564749787525e-10,9.54928812226384e-10,7.95245242658304e-10
