v,0.25
Patm,100000
g,9.81
r,500
G,10^9.4
rho,2800
mu,10^3.74
rc,20
 
M,10^5.17
sigma,0.5
 
tilt_erupt,31.3895nrad
 
-1474,-1473,-1472,-1471,-1470,-1469,-1468,-1467,-1466,-1465,-1464,-1463,-1462,-1461,-1460,-1459,-1458,-1457,-1456,-1455,-1454,-1453,-1452,-1451,-1450,-1449,-1448,-1447,-1446,-1445,-1444,-1443,-1442,-1441,-1440,-1439,-1438,-1437,-1436,-1435,-1434,-1433,-1432,-1431,-1430,-1429,-1428,-1427,-1426,-1425,-1424,-1423,-1422,-1421,-1420,-1419,-1418,-1417,-1416,-1415,-1414,-1413,-1412,-1411,-1410,-1409,-1408,-1407,-1406,-1405,-1404,-1403,-1402,-1401,-1400,-1399,-1398,-1397,-1396,-1395,-1394,-1393,-1392,-1391,-1390,-1389,-1388,-1387,-1386,-1385,-1384,-1383,-1382,-1381,-1380,-1379,-1378,-1377,-1376,-1375,-1374,-1373,-1372,-1371,-1370,-1369,-1368,-1367,-1366,-1365,-1364,-1363,-1362,-1361,-1360,-1359,-1358,-1357,-1356,-1355,-1354,-1353,-1352,-1351,-1350,-1349,-1348,-1347,-1346,-1345,-1344,-1343,-1342,-1341,-1340,-1339,-1338,-1337,-1336,-1335,-1334,-1333,-1332,-1331,-1330,-1329,-1328,-1327,-1326,-1325,-1324,-1323,-1322,-1321,-1320,-1319,-1318,-1317,-1316,-1315,-1314,-1313,-1312,-1311,-1310,-1309,-1308,-1307,-1306,-1305,-1304,-1303,-1302,-1301,-1300,-1299,-1298,-1297,-1296,-1295,-1294,-1293,-1292,-1291,-1290,-1289,-1288,-1287,-1286,-1285,-1284,-1283,-1282,-1281,-1280,-1279,-1278,-1277,-1276,-1275,-1274,-1273,-1272,-1271,-1270,-1269,-1268,-1267,-1266,-1265,-1264,-1263,-1262,-1261,-1260,-1259,-1258,-1257,-1256,-1255,-1254,-1253,-1252,-1251,-1250,-1249,-1248,-1247,-1246,-1245,-1244,-1243,-1242,-1241,-1240,-1239,-1238,-1237,-1236,-1235,-1234,-1233,-1232,-1231,-1230,-1229,-1228,-1227,-1226,-1225,-1224,-1223,-1222,-1221,-1220,-1219,-1218,-1217,-1216,-1215,-1214,-1213,-1212,-1211,-1210,-1209,-1208,-1207,-1206,-1205,-1204,-1203,-1202,-1201,-1200,-1199,-1198,-1197,-1196,-1195,-1194,-1193,-1192,-1191,-1190,-1189,-1188,-1187,-1186,-1185,-1184,-1183,-1182,-1181,-1180,-1179,-1178,-1177,-1176,-1175,-1174,-1173,-1172,-1171,-1170,-1169,-1168,-1167,-1166,-1165,-1164,-1163,-1162,-1161,-1160,-1159,-1158,-1157,-1156,-1155,-1154,-1153,-1152,-1151,-1150,-1149,-1148,-1147,-1146,-1145,-1144,-1143,-1142,-1141,-1140,-1139,-1138,-1137,-1136,-1135,-1134,-1133,-1132,-1131,-1130,-1129,-1128,-1127,-1126,-1125,-1124,-1123,-1122,-1121,-1120,-1119,-1118,-1117,-1116,-1115,-1114,-1113,-1112,-1111,-1110,-1109,-1108,-1107,-1106,-1105,-1104,-1103,-1102,-1101,-1100,-1099,-1098,-1097,-1096,-1095,-1094,-1093,-1092,-1091,-1090,-1089,-1088,-1087,-1086,-1085,-1084,-1083,-1082,-1081,-1080,-1079,-1078,-1077,-1076,-1075,-1074,-1073,-1072,-1071,-1070,-1069,-1068,-1067,-1066,-1065,-1064,-1063,-1062,-1061,-1060,-1059,-1058,-1057,-1056,-1055,-1054,-1053,-1052,-1051,-1050,-1049,-1048,-1047,-1046,-1045,-1044,-1043,-1042,-1041,-1040,-1039,-1038,-1037,-1036,-1035,-1034,-1033,-1032,-1031,-1030,-1029,-1028,-1027,-1026,-1025,-1024,-1023,-1022,-1021,-1020,-1019,-1018,-1017,-1016,-1015,-1014,-1013,-1012,-1011,-1010,-1009,-1008,-1007,-1006,-1005,-1004,-1003,-1002,-1001,-1000,-999,-998,-997,-996,-995,-994,-993,-992,-991,-990,-989,-988,-987,-986,-985,-984,-983,-982,-981,-980,-979,-978,-977,-976,-975,-974,-973,-972,-971,-970,-969,-968,-967,-966,-965,-964,-963,-962,-961,-960,-959,-958,-957,-956,-955,-954,-953,-952,-951,-950,-949,-948,-947,-946,-945,-944,-943,-942,-941,-940,-939,-938,-937,-936,-935,-934,-933,-932,-931,-930,-929,-928,-927,-926,-925,-924,-923,-922,-921,-920,-919,-918,-917,-916,-915,-914,-913,-912,-911,-910,-909,-908,-907,-906,-905,-904,-903,-902,-901,-900,-899,-898,-897,-896,-895,-894,-893,-892,-891,-890,-889,-888,-887,-886,-885,-884,-883,-882,-881,-880,-879,-878,-877,-876,-875,-874,-873,-872,-871,-870,-869,-868,-867,-866,-865,-864,-863,-862,-861,-860,-859,-858,-857,-856,-855,-854,-853,-852,-851,-850,-849,-848,-847,-846,-845,-844,-843,-842,-841,-840,-839,-838,-837,-836,-835,-834,-833,-832,-831,-830,-829,-828,-827,-826,-825,-824,-823,-822,-821,-820,-819,-818,-817,-816,-815,-814,-813,-812,-811,-810,-809,-808,-807,-806,-805,-804,-803,-802,-801,-800,-799,-798,-797,-796,-795,-794,-793,-792,-791,-790,-789,-788,-787,-786,-785,-784,-783,-782,-781,-780,-779,-778,-777,-776,-775,-774,-773,-772,-771,-770,-769,-768,-767,-766,-765,-764,-763,-762,-761,-760,-759,-758,-757,-756,-755,-754,-753,-752,-751,-750,-749,-748,-747,-746,-745,-744,-743,-742,-741,-740,-739,-738,-737,-736,-735,-734,-733,-732,-731,-730,-729,-728,-727,-726,-725,-724,-723,-722,-721,-720,-719,-718,-717,-716,-715,-714,-713,-712,-711,-710,-709,-708,-707,-706,-705,-704,-703,-702,-701,-700,-699,-698,-697,-696,-695,-694,-693,-692,-691,-690,-689,-688,-687,-686,-685,-684,-683,-682,-681,-680,-679,-678,-677,-676,-675,-674,-673,-672,-671,-670,-669,-668,-667,-666,-665,-664,-663,-662,-661,-660,-659,-658,-657,-656,-655,-654,-653,-652,-651,-650,-649,-648,-647,-646,-645,-644,-643,-642,-641,-640,-639,-638,-637,-636,-635,-634,-633,-632,-631,-630,-629,-628,-627,-626,-625,-624,-623,-622,-621,-620,-619,-618,-617,-616,-615,-614,-613,-612,-611,-610,-609,-608,-607,-606,-605,-604,-603,-602,-601,-600,-599,-598,-597,-596,-595,-594,-593,-592,-591,-590,-589,-588,-587,-586,-585,-584,-583,-582,-581,-580,-579,-578,-577,-576,-575,-574,-573,-572,-571,-570,-569,-568,-567,-566,-565,-564,-563,-562,-561,-560,-559,-558,-557,-556,-555,-554,-553,-552,-551,-550,-549,-548,-547,-546,-545,-544,-543,-542,-541,-540,-539,-538,-537,-536,-535,-534,-533,-532,-531,-530,-529,-528,-527,-526,-525,-524,-523,-522,-521,-520,-519,-518,-517,-516,-515,-514,-513,-512,-511,-510,-509,-508,-507,-506,-505,-504,-503,-502,-501,-500,-499,-498,-497,-496,-495,-494,-493,-492,-491,-490,-489,-488,-487,-486,-485,-484,-483,-482,-481,-480,-479,-478,-477,-476,-475,-474,-473,-472,-471,-470,-469,-468,-467,-466,-465,-464,-463,-462,-461,-460,-459,-458,-457,-456,-455,-454,-453,-452,-451,-450,-449,-448,-447,-446,-445,-444,-443,-442,-441,-440,-439,-438,-437,-436,-435,-434,-433,-432,-431,-430,-429,-428,-427,-426,-425,-424,-423,-422,-421,-420,-419,-418,-417,-416,-415,-414,-413,-412,-411,-410,-409,-408,-407,-406,-405,-404,-403,-402,-401,-400,-399,-398,-397,-396,-395,-394,-393,-392,-391,-390,-389,-388,-387,-386,-385,-384,-383,-382,-381,-380,-379,-378,-377,-376,-375,-374,-373,-372,-371,-370,-369,-368,-367,-366,-365,-364,-363,-362,-361,-360,-359,-358,-357,-356,-355,-354,-353,-352,-351,-350,-349,-348,-347,-346,-345,-344,-343,-342,-341,-340,-339,-338,-337,-336,-335,-334,-333,-332,-331,-330,-329,-328,-327,-326,-325,-324,-323,-322,-321,-320,-319,-318,-317,-316,-315,-314,-313,-312,-311,-310,-309,-308,-307,-306,-305,-304,-303,-302,-301,-300,-299,-298,-297,-296,-295,-294,-293,-292,-291,-290,-289,-288,-287,-286,-285,-284,-283,-282,-281,-280,-279,-278,-277,-276,-275,-274,-273,-272,-271,-270,-269,-268,-267,-266,-265,-264,-263,-262,-261,-260,-259,-258,-257,-256,-255,-254,-253,-252,-251,-250,-249,-248,-247,-246,-245,-244,-243,-242,-241,-240,-239,-238,-237,-236,-235,-234,-233,-232,-231,-230,-229,-228,-227,-226,-225,-224,-223,-222,-221,-220,-219,-218,-217,-216,-215,-214,-213,-212,-211,-210,-209,-208,-207,-206,-205,-204,-203,-202,-201,-200,-199,-198,-197,-196,-195,-194,-193,-192,-191,-190,-189,-188,-187,-186,-185,-184,-183,-182,-181,-180,-179,-178,-177,-176,-175,-174,-173,-172,-171,-170,-169,-168,-167,-166,-165,-164,-163,-162,-161,-160,-159,-158,-157,-156,-155,-154,-153,-152,-151,-150,-149,-148,-147,-146,-145,-144,-143,-142,-141,-140,-139,-138,-137,-136,-135,-134,-133,-132,-131,-130,-129,-128,-127,-126,-125,-124,-123,-122,-121,-120,-119,-118,-117,-116,-115,-114,-113,-112,-111,-110,-109,-108,-107,-106,-105,-104,-103,-102,-101,-100,-99,-98,-97,-96,-95,-94,-93,-92,-91,-90,-89,-88,-87,-86,-85,-84,-83,-82,-81,-80,-79,-78,-77,-76,-75,-74,-73,-72,-71,-70,-69,-68,-67,-66,-65,-64,-63,-62,-61,-60,-59,-58,-57,-56,-55,-54,-53,-52,-51,-50,-49,-48,-47,-46,-45,-44,-43,-42,-41,-40,-39,-38,-37,-36,-35,-34,-33,-32,-31,-30,-29,-28,-27,-26,-25,-24,-23,-22,-21,-20,-19,-18,-17,-16,-15,-14,-13,-12,-12,-11,-10,-9,-8,-7,-6,-5,-4,-3,-2,-1,0
-5.44411135332966e-10,2.02488935236819e-10,3.5380242657384e-10,-6.52066561769069e-10,-2.29165024851438e-10,1.95738391181709e-11,6.4903071837258e-10,-5.12350591559425e-10,4.92032596677063e-10,3.97867082662094e-10,-2.58524108761153e-10,3.70346266537559e-10,1.95007422069057e-11,-2.60272456035729e-10,-6.06588782874839e-10,-5.9687895592612e-10,9.9922193277897e-11,3.31809930103458e-10,-1.2907473923259e-10,-1.72007479578966e-10,-7.43900135715949e-11,-1.04819576500902e-09,-8.52550895169327e-10,-6.12747692748971e-10,4.00441555236879e-10,-1.41565630354137e-10,-5.05734788684213e-10,4.95210480188987e-10,4.97662062042223e-11,-4.52453515169148e-10,7.19027155907109e-10,-1.19855653690799e-09,8.24891561971931e-10,-3.98960606671315e-10,1.51077198655722e-10,-5.29466190983544e-10,-8.99439698701673e-11,-1.26414456695345e-10,-9.55551343802954e-10,2.82521661731656e-10,-2.06477924584888e-10,-3.68995839410782e-10,3.38093590185998e-10,8.59223089084856e-10,-3.02889728165292e-10,8.6047770215932e-11,-7.73635778823454e-10,4.21194136748705e-10,-1.66427140251242e-10,7.88699541895e-11,-3.49172164967509e-10,-3.19149002895505e-10,-5.23338999799143e-10,-2.40365020362225e-10,6.85337454816493e-10,7.75302825105982e-11,-7.44468218797351e-10,-2.64596648740765e-10,4.15125755575523e-10,-7.94315956851802e-10,1.50604620136406e-10,-1.75476723972524e-10,5.60138878328597e-10,-3.4885531219379e-10,2.95612820047647e-10,-3.01596554089332e-10,2.24020255892107e-10,-2.55057528002926e-10,1.79223833760016e-10,1.41519634503211e-09,7.97245552216223e-10,2.18246475973619e-10,-9.44238835356244e-10,-2.4695321412711e-10,9.6057800890908e-10,-4.40229786543781e-10,-3.38781211127485e-10,-3.92909903822989e-10,-5.38995002440322e-10,-7.7239101374702e-10,7.03393359389469e-10,-2.5978265005608e-10,-4.20238777891863e-10,-3.74000630727598e-11,-2.00331147783975e-10,1.38138243831629e-10,3.8068505257245e-10,1.02283060987723e-10,1.92868658108252e-11,5.47514245895006e-10,2.7252547375606e-10,-2.02578728770811e-10,2.46808152602111e-10,-5.81896752660596e-10,-4.01770251588117e-10,-1.20238784728629e-10,-1.09121976316592e-10,-5.04886053359253e-10,-2.13197460305161e-10,-1.85077228290756e-10,-2.40389265610728e-10,-4.33926651117091e-10,-7.25766796117526e-10,-1.31783416500505e-10,-5.48682467014967e-10,3.37357610632046e-10,5.92636902504852e-10,1.4365022644155e-10,3.65666294321281e-10,2.82135759607479e-11,9.86028704539273e-11,-6.10563906927527e-10,-1.02172499484097e-10,-5.78007476824059e-10,-4.05547594359482e-10,-9.51074611297433e-11,2.82444349617222e-10,1.91907207103311e-10,2.22191294328465e-10,-5.04677950731782e-10,-1.42512634760725e-10,-1.28619066506192e-10,2.56230882082261e-10,-5.0111437743203e-10,-1.43015397738945e-10,-7.33986432607762e-11,1.91950993169245e-10,4.98006435203194e-10,-2.54080377169127e-10,3.66547855905935e-10,8.16734467022685e-10,2.93803723399827e-10,-4.59207374760966e-10,5.90481344142398e-10,-1.05773989117121e-09,-6.47292085619095e-10,-2.39732796898045e-10,-1.62730193994332e-10,-6.63925364435249e-10,-2.64372464568914e-10,5.06915197793178e-10,-1.55863779068332e-10,-1.91006566809669e-10,-3.30149086749177e-10,-2.27772191457729e-10,-3.35459015052974e-10,-6.94763420424812e-10,-6.47702752339525e-10,3.78591083491175e-10,-3.63067033678804e-10,8.02496380520461e-10,-2.32429713212261e-10,-7.3455107723579e-10,8.71549471515437e-10,3.0806270750782e-10,-2.07902467570544e-10,-5.14296014555017e-11,-3.04556232707286e-10,-6.4693178563148e-10,5.64529759081469e-10,3.24995252590392e-11,1.70125034768029e-10,-1.23323144748665e-10,4.62438500167661e-10,2.96674327113274e-10,2.67420143744804e-10,2.08670686247198e-10,1.40127088394818e-09,-1.17655180831421e-09,-4.28019006907043e-10,-4.46883499269654e-10,-1.09439208523417e-09,-1.88004889742042e-10,3.8265544492901e-10,-8.71871647954189e-10,-5.13479760071553e-10,1.3340625124626e-11,1.13883420524316e-10,-4.03497337503926e-10,1.1300636211134e-09,1.29338938348597e-09,-2.86209343349012e-10,4.01675040229307e-10,4.29077661484896e-10,-2.02481921837576e-10,-8.01082687828725e-11,3.06376557627139e-10,-3.28984992323917e-10,9.4919711389425e-10,3.91346609998193e-10,-7.44229730578321e-10,1.93718323251574e-10,1.08663923562347e-12,6.47510385101032e-10,2.1195227589284e-11,5.35499558399787e-10,5.44761015650474e-10,-1.49756806530231e-10,3.68564867966612e-10,-4.83223421262497e-10,2.04728942022669e-10,-5.88234215368757e-10,2.55927875537391e-10,6.71304185719994e-10,-2.51725265564104e-10,-1.13603837146725e-09,-3.89764152306813e-10,5.09016362154424e-11,7.3939802168009e-10,2.451643811464e-10,3.70353052426804e-10,1.27725406701456e-11,1.14785252729272e-10,-4.96241158723609e-10,2.79639470963428e-10,-1.55081619296556e-10,5.96710685497926e-10,8.67561109312378e-10,4.70678052125731e-10,2.60639168292151e-10,2.35989670673857e-10,4.16746284988638e-10,6.7678076833663e-10,-6.62794076620338e-10,2.7219494880029e-10,-1.054668397249e-10,3.55023392616092e-10,-1.04922546287937e-10,3.90790915486864e-10,-1.07042396851232e-09,4.52683202709909e-10,1.12348079378909e-09,2.29965382984685e-10,2.94982256488195e-10,2.64649498471738e-10,3.38615243523017e-10,-9.70058401260156e-10,-5.02918103699171e-10,2.36820292470411e-11,-1.20324419825391e-10,1.05034252409454e-09,7.68945339220774e-10,9.35015034535084e-10,5.13339868383328e-10,7.84117650961838e-11,6.26097796000447e-10,1.79407368588899e-10,5.58606101857728e-10,8.80307563668535e-10,-2.32830741241194e-10,2.75552299109228e-10,1.27122498050362e-10,8.03464480428186e-10,-6.11086914463542e-10,3.8364761561765e-10,6.72780369365918e-10,5.30981190824414e-10,2.43626364649435e-10,5.33442942698247e-10,5.13795444466138e-10,-5.61918908414522e-10,-5.84548122517173e-10,-5.55145311519174e-11,-1.03295321244688e-09,-4.58349776355854e-10,2.20108477361847e-10,-5.80125565333119e-10,-8.31762829036235e-11,2.88521169086438e-10,-4.74807205162405e-10,-4.26423655784627e-10,2.15493525331574e-10,-7.25263883429123e-11,1.49957735107072e-10,-6.1797806776014e-10,-9.68917623610781e-11,5.7003667040919e-10,-7.28119457021387e-11,-5.58128630531892e-10,3.79268834633104e-10,5.49783084204736e-10,7.25960739949473e-10,-6.57875917568213e-10,6.27877936827933e-10,1.33202599551618e-10,8.82323676140068e-10,-1.79123607546055e-10,2.76176310271663e-10,-3.69095985221331e-10,-7.02314329093723e-10,-8.67915295592444e-11,3.73066609751226e-11,3.58685980526784e-10,-4.80024756422752e-11,-7.63773577554732e-10,2.88348089588843e-10,-2.01070752970971e-10,-4.21487952951382e-10,9.51815996445401e-10,8.855316583442e-10,5.05134051862942e-11,1.02800186990867e-10,-2.29820997239998e-10,1.04258373265191e-10,-4.04208422765557e-10,3.62912147466492e-10,8.74983291442106e-11,4.36341200698234e-11,-4.65829241608586e-11,-8.88393717840696e-10,-1.16016969785252e-10,5.94267712175728e-10,4.20007130756625e-10,3.62958491561497e-10,-4.59402498884405e-10,3.1720300314113e-10,-6.2308766203815e-10,7.49767792793651e-10,8.05190243677311e-10,4.53882350714104e-10,2.51245329042432e-11,-9.70941566863048e-10,-8.86986032439739e-10,2.25547900701219e-10,-1.70203308385701e-10,6.16894340251583e-10,8.20748827374577e-11,3.20626225380677e-10,-2.3352369265105e-10,1.11075556271102e-09,-2.6754499007397e-10,-2.3266248083841e-10,-1.36108935941739e-10,-5.69261674216502e-10,-6.8144504173026e-10,-3.34300948572285e-10,4.95366845731827e-10,-5.50165160500065e-10,1.36107524202609e-10,-2.31749596864296e-10,6.16413932584585e-10,1.16994936640985e-10,2.89214529280197e-10,-4.88847044458024e-10,9.02139537271028e-10,3.6922461684678e-11,-1.87704116517702e-10,2.40479085488067e-10,-2.87079240242483e-10,4.14468671876483e-10,-2.34646514719907e-10,4.31089420138029e-11,9.81879098201042e-10,3.73455011235192e-10,-5.84673671837135e-11,-2.93711815001478e-10,9.54306600284856e-11,7.63467563004494e-11,7.72234194738782e-10,6.54757012456193e-10,2.8044196111324e-10,-9.86443638544429e-11,-2.66842761842e-10,3.33243364421891e-10,-6.3467818491582e-10,3.79362865473038e-10,-1.69299617412546e-10,4.25000985984975e-11,-5.3166112216834e-10,8.34072427901602e-11,-4.62201880462224e-10,3.46657089611068e-10,-7.59929871445319e-10,-5.64127769336372e-11,-7.5621647980163e-10,1.61103218029604e-11,1.1065069773916e-10,5.83489539553373e-11,-1.73796391407756e-10,-1.1966813642251e-10,6.00002932595043e-10,5.306481729157e-11,-9.7539978031043e-10,1.09548022980102e-10,3.43439610333885e-10,-1.99916964442361e-11,2.54426456151664e-10,-5.8058671198906e-11,-2.30736333281294e-10,1.0490997160614e-09,-2.88289777509999e-10,6.73565826311727e-10,2.58921454169931e-10,4.64778457215201e-10,2.96247707176145e-10,4.04828850269806e-10,-9.25729790650008e-11,-7.59871118342392e-10,3.7924940744814e-10,3.64439672314299e-10,6.54468191800861e-10,4.19501827643074e-11,3.19566649882417e-10,-2.51034255154278e-10,6.93944237028347e-10,3.06903520909511e-12,-1.37291916721954e-09,-7.96358817054473e-10,-7.7445360359598e-10,2.39531859462476e-10,1.20658197907097e-09,-2.10504961937024e-10,2.66278863390706e-10,-1.26972887359394e-09,-4.36905217682395e-10,-6.84899394810828e-12,-3.36615939766623e-11,-2.90525089458771e-10,1.16876185655917e-10,8.40771692218181e-10,6.06859279635711e-10,6.63450335963263e-10,1.36654302438814e-10,-6.23282483746944e-10,-4.89913389366376e-10,6.11587181957537e-11,-4.07219086263981e-10,1.12866196612063e-10,2.26284665988294e-10,-3.85476847468731e-12,2.87708315855142e-10,5.12330804524536e-10,-8.6356866112788e-10,-1.2420337948736e-09,1.15697010163e-09,3.9081182630467e-10,3.66458393566733e-10,2.69541653529096e-10,5.0926212913646e-10,8.75666006846209e-10,7.84625998553628e-11,-4.20747934489547e-11,-4.69607906258843e-10,5.31481693669013e-10,2.74648779259904e-10,1.24633765459011e-09,-1.37210040079187e-10,-3.51067403758025e-10,-1.34203032494838e-10,5.77955104565686e-10,3.7389343620175e-10,-7.02373918035217e-10,-3.66823065818661e-10,8.18181496246532e-10,-2.41489957648031e-10,6.30512608471757e-10,4.49817043346246e-10,-4.06133432319474e-11,-9.79070432028217e-10,3.76119029259063e-10,-7.43884339569401e-10,-7.7440413177181e-10,1.76789524384071e-10,2.77876045321316e-10,3.30617093376498e-10,3.05822643316588e-10,-1.3582021643547e-10,-8.00840658664728e-11,-4.08674271438761e-10,4.55714348909538e-10,4.83950465253107e-10,-1.8470187421645e-10,-5.02934751369171e-10,1.93347835760031e-10,3.60112370444848e-10,8.79116097475207e-10,7.40798970773807e-10,9.69483229819906e-11,-4.81632940188118e-10,1.22435572166143e-10,2.19071532971231e-11,-1.99889765053254e-10,-1.18810398575095e-09,-6.03232980592172e-10,2.93970215822485e-10,8.29165836150244e-10,-5.32922160368293e-10,-1.10564764725775e-09,-3.65360449534756e-10,3.16674723909931e-10,-8.55034797550406e-10,-4.06693374968264e-10,-1.21733414106558e-09,-2.14169082619861e-10,7.39568774333869e-10,-3.4588077878046e-10,-1.07814798182998e-10,-4.54253796762799e-10,3.49581353028294e-10,1.05265231894632e-10,1.35012709463506e-10,-4.29128916376387e-10,-2.8164548376239e-10,-5.21966653842699e-10,1.73075628859849e-10,4.33472188196923e-10,6.38607514757193e-10,-4.64341900896871e-10,-6.40022183999899e-10,6.67003390623868e-10,-1.49370159232915e-11,-2.3771439131647e-10,-4.93604229283022e-11,-5.08985373976871e-10,1.13107398975839e-10,-6.82631405541746e-10,1.57631052463565e-10,-1.30358544121121e-09,-2.25435682893979e-11,-4.92058080881284e-10,-3.65622326894784e-10,-5.30234285309209e-10,1.23900235634241e-10,9.34915216263879e-10,-2.97828328005334e-10,1.591453207735e-09,-3.17711480152746e-10,4.4909037897376e-10,2.67345267162774e-10,5.28264528850404e-11,4.05942053189413e-10,6.55894240421677e-10,3.92555370410205e-10,-4.06160949352233e-10,3.74446030408861e-10,3.0190026227961e-10,5.4575355979758e-10,9.17730229691062e-10,1.4702700201158e-10,2.34768590022047e-10,-5.85740720074759e-10,3.40529566115568e-10,-6.0324172020942e-10,-3.55360679704337e-10,-1.86932520424152e-10,-2.77850883257764e-10,-6.49526829642099e-10,5.95664939158666e-10,4.5790566338883e-10,-1.48401850846397e-10,-5.75102941946288e-11,5.88068167715308e-11,1.70171495971807e-10,-4.29313115687925e-10,8.88711350358871e-10,-1.36552034604291e-10,-4.02107077458895e-10,-5.9610227817319e-11,2.99850639232553e-10,-2.90292620238876e-10,2.688581954393e-10,2.57856216842548e-10,8.41511217511634e-10,-4.56838325129505e-11,-6.58354755200825e-10,-3.75565975314044e-10,4.55644760613251e-10,-2.33499364946679e-11,4.66064480167119e-10,-5.64459913033912e-11,-1.98909203060705e-10,-6.1098567900583e-10,-7.2593098201613e-10,6.72885490859771e-10,-4.02154116794246e-10,-1.98481771411371e-10,3.59355521967013e-10,-9.29590974533794e-12,-1.81376390656661e-10,2.98803589903308e-10,-1.7117619454089e-10,5.98974429498884e-10,-1.1779264776133e-10,6.3125526767175e-10,6.33090328002169e-10,-5.70912396627143e-10,9.38600807034994e-11,4.42616078213645e-10,3.61293105805588e-10,-4.17599739339997e-10,-7.05381536125819e-10,7.77147845649402e-10,-6.39257326365072e-10,8.26080837912406e-10,-3.54704961536721e-10,-8.96366458427482e-11,-1.24596544313545e-10,-3.39974487297571e-10,-2.75198363922983e-10,-2.21537132479332e-10,3.26837320096442e-10,-1.31772688607132e-10,-2.72229117209453e-10,-4.71077168872347e-10,-3.4266754361105e-10,-2.14987258488362e-11,2.45500199782995e-10,8.79464248443094e-10,-3.39525113718541e-11,-3.56808810693406e-10,-2.57622565296886e-10,3.31653122487411e-11,1.74340300129787e-10,6.67228263751311e-10,-6.27060212278714e-10,2.47168631528566e-10,6.18357551901745e-10,-1.49375753039713e-10,7.44364974045328e-10,3.8190248511364e-10,-3.8065735737607e-10,5.17487945793444e-10,-2.68312021793417e-10,1.31385556481264e-09,2.45745194130476e-12,3.59339804305155e-10,-1.9537348287691e-11,-6.81224318357187e-10,-2.04343403224583e-10,-9.00024056692657e-11,9.41994917545935e-10,1.77345468466466e-10,1.00887099409445e-09,6.17026315446945e-10,1.29099129566689e-10,-3.08604740475317e-10,-2.80690206339326e-10,1.88164897376278e-11,-1.20462218336011e-09,1.23820276207569e-10,-4.82300627564547e-10,-1.7512718225564e-10,9.22634046361568e-10,-3.47491928738241e-10,5.43624062507592e-10,2.29789761546741e-10,-2.30353463651255e-10,8.97203779130815e-11,-5.07343064248089e-10,1.62270867622546e-10,7.88751726718335e-11,4.66024679965743e-10,-1.00455846437064e-09,-7.89094704086047e-10,-2.03163874856539e-10,-5.73537350998473e-10,-4.74792048873481e-10,-1.04766571791812e-10,5.92282925952488e-10,5.72354294192986e-10,-2.0703308297476e-10,6.97035771645611e-10,1.65721911462183e-10,4.54575224538749e-10,-9.17059553837377e-10,5.12328220571934e-10,-5.17299360520587e-10,-2.25565757847749e-10,9.35088017604423e-11,5.37418797047461e-10,-1.58449972265482e-10,-1.03231774472944e-09,-1.54365414196045e-10,-3.68031282956883e-10,-1.4903098031624e-10,-9.48316266845811e-10,-3.64803231828348e-10,-9.78487475999715e-10,9.07015907487345e-10,-9.84546981801573e-10,1.23004794483678e-11,-5.37034796546423e-10,-1.8961538197181e-10,-5.91653402985404e-10,5.50579437000204e-11,-7.42002211360756e-10,1.71835916920656e-10,-4.72034645278778e-10,-1.03368650995041e-09,-3.37106253594415e-10,-3.921477601338e-10,5.01861222744705e-10,4.47778235143624e-10,8.68185293607834e-11,-4.58611741213729e-11,-7.90046359944168e-10,8.42714999140028e-10,-4.34355749306135e-10,-1.51298934057243e-10,2.55239053748595e-10,2.3437888756398e-10,-6.61825381262682e-10,1.43322917201987e-09,5.65575312591008e-10,2.78115723320081e-10,3.27635717428281e-10,-5.16389922874645e-11,-5.72340596595593e-10,5.86329733014035e-12,-3.54446182123599e-10,-5.01756650146289e-10,-4.70823232951857e-10,2.71860485668628e-10,4.75549626272269e-11,2.97692347604931e-10,-4.11435108899777e-10,3.88201971197377e-10,1.42290085674211e-11,-8.64262654159536e-10,-2.48357682222278e-10,-4.25902591022165e-10,8.76989531552682e-11,-4.39845238522535e-10,9.93483025101105e-11,-3.32553421248797e-10,5.9023102230586e-10,-5.08801174754744e-10,-3.73223152981209e-10,-7.16531332075811e-10,1.76187839981374e-11,-6.88780464236884e-11,5.21452730277199e-10,1.52939368557106e-10,2.55742131089475e-10,4.30403118388265e-10,6.12660943799596e-10,7.31762632190238e-10,-5.863959637053e-11,-3.55044935055597e-10,1.15984746504993e-10,2.47471272755502e-10,-6.25284957854359e-11,-7.28722155508894e-10,-8.26599101824721e-10,1.02201679713479e-10,5.33016002161424e-10,-2.37741353451962e-10,2.4112596126171e-10,9.62742332057283e-12,-1.98874930879176e-10,1.72070561979652e-10,-3.34117619445135e-11,7.78593510485713e-10,-3.67077165117266e-10,1.45883669978171e-10,1.36526985829247e-10,-2.17041049576915e-10,5.97877892095571e-10,6.19745088222278e-10,3.54548460616988e-10,-1.16347541489155e-10,5.04893789227652e-10,-3.80370707371452e-10,6.92844570284944e-10,-2.34433019215584e-10,2.36319301909529e-11,-2.36938481394767e-10,4.43956646892306e-10,8.04780601975952e-11,-5.6916603362337e-10,-2.37222931488612e-10,1.52175549360149e-10,-2.41218860970059e-10,-3.97758563425253e-10,4.86048186339176e-10,-2.7445173925091e-10,9.94605128491353e-10,7.32892789529469e-11,-4.96748055938779e-10,-4.53504507829815e-10,-3.1319855052627e-10,-1.82889076912712e-10,-5.59894223083054e-10,4.33926032468863e-10,-4.87466207971021e-10,-1.41120706590146e-10,-1.09404584597958e-10,-5.33374607652467e-10,1.03743285307407e-09,6.49638743864263e-11,-3.49972012499751e-10,4.70470945494165e-10,1.4415734261269e-10,4.62698441591049e-10,3.1957646128376e-10,-2.4859898105165e-10,-3.44327532235582e-10,-7.57872255195583e-10,-7.81198827742709e-11,-3.43597069347048e-10,1.31035743120557e-12,-5.1154683774084e-10,4.43169065974156e-10,3.42832951794236e-10,5.46656533456609e-10,5.50696774856433e-10,1.60888862650516e-09,-6.77198419470287e-11,-4.05817337947899e-10,-6.87907476577234e-10,-8.13056019594581e-10,1.19431924317417e-10,-4.45121511717906e-10,8.65485437833405e-10,-2.82573507787068e-10,-7.88602583538329e-10,-4.56611359999166e-10,8.76386499955135e-11,2.83529792857996e-10,5.82266022983646e-10,7.14361625088332e-10,-4.51675265121168e-10,3.52203554017732e-11,3.43675240045666e-10,1.3727962137244e-10,-3.75510822512171e-10,8.20644426247945e-10,-5.01675522244766e-10,-6.78528821054539e-10,-9.29647903939692e-10,-1.71053135906903e-10,8.70228836902108e-11,1.08317547843969e-09,5.92817890509456e-12,5.00378419245774e-10,6.78126933866249e-10,2.63300766902602e-10,1.8741789614824e-10,-6.52044304589064e-11,6.48024521066782e-11,-1.34228479234022e-10,-3.39523366757018e-11,-2.16357805337464e-10,6.28409198900183e-10,-6.72736865498151e-11,5.98448719156607e-10,-3.56322884258436e-10,-4.27180859134068e-10,4.50660353260738e-10,1.39886396203639e-10,4.34463620010781e-12,4.80730791671896e-10,1.37302461724823e-10,-1.64278888610046e-10,1.68181920594028e-10,-7.06186565405861e-10,-4.43385611864743e-10,-5.83642360958518e-10,4.65122582102607e-10,-2.07904577146798e-10,-1.02837315904226e-09,-8.45922813455225e-10,-1.03935265460718e-09,-1.14484634333253e-10,2.65300288296362e-10,5.74690084795213e-10,-9.8050292310985e-10,-7.45046436270573e-11,1.87228130026431e-10,-4.30883411483008e-10,-1.17847142313602e-09,-3.78375807547219e-10,-3.61010196989452e-10,2.35496420763142e-10,-3.78074975641504e-10,6.85097344894559e-10,-4.06767784391927e-11,-1.76709614189575e-10,2.53393689150642e-10,3.36880366815295e-10,-5.40022349492565e-10,8.18025942689218e-10,-8.57435370469498e-10,4.82301922686554e-11,1.50279542065922e-10,3.68187731454314e-10,1.47028893160254e-10,5.79564310027105e-10,5.27481540186196e-11,-2.2655792911711e-10,-6.98030219692229e-10,-1.14327998731586e-09,9.25117896392328e-10,1.61072847348158e-10,6.83391670587784e-11,4.79029812597227e-10,-1.21235265666269e-10,-1.13091804073753e-12,-3.44706825516159e-10,-2.38831044561897e-10,9.88788892767342e-11,-5.05030770948022e-11,4.20493851548535e-10,-3.79552940889269e-10,-2.5148229863591e-10,-1.27750395546726e-09,-1.32035003696396e-10,-1.02705923450753e-10,3.92326475471054e-11,-5.15071144037283e-10,-1.65782214158147e-10,9.58791146250326e-11,9.58369574637721e-10,-1.55134879719057e-10,6.29509440418939e-10,-2.35955502785052e-10,-4.92720044736947e-10,4.2918235566149e-10,1.25263387390519e-10,-2.47565305181368e-10,1.94787479711184e-10,-1.43817942290724e-09,8.50039875737996e-10,7.63289377653171e-10,7.66565857134491e-10,3.85510712297877e-13,5.36017316900516e-10,-4.03125635005425e-11,3.03382788466045e-11,3.01058819066404e-11,3.56336948304945e-10,-4.11217272757461e-10,-8.73592530205375e-11,-8.96540390274589e-10,-5.12581256183112e-11,1.58980694599486e-10,-2.84333077219009e-10,5.39901039310675e-10,-2.01076590456556e-10,-8.59679132040757e-11,-1.94640242871488e-10,1.75699619512788e-10,-1.7015018827407e-10,-6.05872411429048e-11,2.83251203134148e-10,-5.66046061638091e-10,-9.65572273149442e-11,-2.01397036745137e-10,-1.15422424959832e-10,4.69079799674864e-10,-1.08054711251016e-10,1.10679888309904e-09,2.16944481314618e-10,-7.73553394382963e-11,6.6582142870614e-10,-6.58513405322582e-10,-6.85814154812162e-12,-1.05483088717161e-09,3.70265417359304e-10,-2.06842560047128e-10,-1.50612762601693e-09,7.23567824386773e-10,-2.06076168143994e-10,-5.41752466990916e-10,-4.09864376928842e-10,4.7517215757146e-10,-4.22699662424445e-10,1.60091592017806e-09,-3.49157536164406e-10,3.16077862511638e-10,-3.62436325886628e-10,2.26181147748832e-10,1.75655421668169e-09,1.02807217191315e-09,2.09758368940968e-10,-3.82877315791307e-10,-3.13095993232244e-10,-4.94011858148811e-10,-1.74799396401089e-10,2.48196422105263e-11,3.93725715800221e-11,-1.59742050188698e-10,-8.34500372951631e-11,5.87225608307741e-10,-6.83664801448952e-10,-6.85179429661645e-11,-4.3171344185454e-10,-3.60830327923768e-10,-1.45656881196727e-10,2.03680459485595e-10,8.86714783362436e-10,7.50202800424752e-11,1.9022712056711e-10,1.48553082526425e-10,-8.74586702541183e-10,3.30827771863626e-10,-1.82530419625391e-10,-1.71603673230286e-10,-1.6581280218522e-10,-8.86175342366297e-10,-2.09410950918234e-10,6.04176150860354e-10,-5.85477738032822e-10,1.03105571768608e-09,-1.76437346673028e-10,4.86183122825477e-10,-9.18189307067816e-10,1.23054350617565e-10,-3.44016932753968e-10,4.42036418327511e-10,5.04040567011093e-10,2.29330862816846e-11,4.26705362554886e-10,-7.00813572711837e-10,4.75681262912271e-11,-4.94555792549897e-10,-1.02547340356081e-10,2.36087453272425e-10,-2.25552211637808e-10,-3.29128663245053e-10,-6.01259104821972e-10,-7.09150834391195e-11,-5.22123771650027e-10,1.72135981465092e-11,-5.35124069540675e-10,-5.03094269996229e-10,-4.41704752986414e-10,5.1488457223364e-11,-3.8432990198481e-10,-6.14443076118736e-10,-2.17186942746888e-10,6.52372421131606e-10,-3.74116078537695e-10,1.28242581967154e-10,-3.86826325138541e-10,-1.99216907332675e-10,3.82521029566642e-10,7.07404281853525e-11,-8.09911000172431e-12,1.61385510755522e-10,3.32776903695727e-10,-3.45958919839784e-10,-5.35826308826618e-10,-1.34747232820509e-09,-9.59340725063321e-10,5.77696440435414e-10,-2.43440207593867e-10,7.35946975185367e-10,5.25655772220765e-11,4.24994513271663e-10,-2.41469066102973e-11,-2.97652025624335e-10,4.09166092740147e-10,6.77909353486764e-10,-1.26216405805531e-09,2.55105475950297e-10,2.68018213074738e-10,6.10764219274213e-10,-1.04979065913516e-09,5.21406069062859e-10,3.3917542730365e-11,-4.77515996394553e-10,-2.86526562452762e-10,1.1434251127861e-09,2.63385584994712e-11,-2.14139499110218e-10,-9.8675501691802e-10,-3.71066509064128e-10,-4.04134690999521e-10,2.6500547283838e-12,-2.65323943105779e-10,-7.09288031551398e-10,1.12281761023553e-10,2.27489218839212e-10,6.84987715564864e-12,-6.93991336579383e-10,2.24346083548809e-11,-1.91052886925238e-10,-6.1417813996378e-10,-9.9334687003726e-10,-6.37855450994783e-10,6.37254029359587e-10,6.18979376006158e-10,2.60351875049466e-10,-1.83650179587165e-11,9.29585667545695e-10,1.16978128015638e-09,4.31318839908527e-10,5.78411685817452e-10,-9.25527560972978e-10,5.61943305329658e-10,6.41082990001979e-10,2.04569018376351e-10,3.26017013481416e-10,3.75774316352792e-10,1.6917737953368e-10,1.75858411995202e-11,-8.56671387698126e-10,2.62927524178943e-10,4.97188995202069e-10,-5.84708791445665e-10,4.99844673449038e-10,-1.18470479986664e-10,4.77811701920899e-10,-5.14346022472125e-10,-2.57828083731002e-10,6.78339099108056e-10,1.2462109806627e-09,-3.43786863899716e-10,1.52772905162581e-09,1.01781106697967e-10,-2.43411237493115e-10,1.69964077895556e-10,-2.13430669555778e-10,-4.33436334541198e-10,5.12095192005607e-10,8.14461229146946e-11,-6.26259620465809e-10,-1.3079726006066e-09,1.45504565131181e-11,-2.63533192814535e-10,3.95289505324738e-10,-1.67358045393856e-10,-1.79515774261294e-10,1.06621928552376e-09,8.93383103614844e-10,-1.56454740571953e-10,3.31762338259005e-10,2.44257953143816e-10,-1.27309464081425e-10,6.12957881697959e-10,-4.07928987696569e-10,-9.44648060375065e-11,-3.38446136955775e-12,-4.17325944251674e-11,4.37608255067688e-10,8.46952853916986e-10,1.15679717253345e-10,3.23643909996456e-10,1.0767240526004e-09,2.84416346394377e-10,1.07642414061554e-10,1.2098198984596e-09,-3.32625441720564e-10,2.76209983381031e-10,5.75180896497557e-10,-6.77804399588439e-10,-4.86844668747452e-10,-3.45836838033283e-10,8.2625201828639e-11,-4.68036366060516e-10,-3.66484268030459e-10,1.09303239155011e-10,-4.69966094319988e-10,6.8135219136099e-11,-3.19251827279512e-10,3.04192555834028e-10,4.9957102492822e-10,1.99070866750912e-11,2.7952460426056e-10,-3.74187727312394e-11,5.85080684569874e-10,-6.9635515516592e-10,1.09081454415063e-11,-1.20988817118736e-09,-3.06861374462977e-10,1.10007532839549e-10,5.38977851775562e-10,-5.22927537384334e-10,-1.84479966267146e-10,8.83064970922325e-12,5.3068026392586e-10,4.93183504561308e-10,-1.88239492213135e-10,8.76822391014e-10,-7.5573811872376e-10,-1.19649571411551e-11,6.72204927257904e-10,-7.27317832966705e-10,1.17435603839412e-10,3.94603539481334e-10,5.40101041117956e-11,2.04908768511644e-10,-6.62311725643156e-10,-1.0978678246193e-10,-1.68156480382857e-10,-1.14694357861802e-11,-4.99907590948579e-10,-1.72464213740267e-11,4.97309516803921e-10,-6.23584865995361e-10,2.82050744130782e-10,-3.37755160806821e-10,1.70741112136694e-10,4.49978126235333e-10,2.72422375879763e-11,-1.40222936818515e-10,2.81513264094838e-10,3.78120363114311e-10,7.79204523971217e-10,2.08735614980651e-10,-8.18377663935433e-11,1.0114956716742e-10,-6.18263010578046e-10,4.74120566125484e-11,-9.09985707419715e-11,-8.59033839851235e-10,-2.19119339421059e-10,-6.09104527185632e-10,2.88518893544202e-10,-1.06740865566204e-09,-1.16862903137101e-10,1.43118039966331e-10,-2.18474649195519e-10,1.39005322746796e-10,5.94774318670497e-10,3.60660476622559e-10,4.28675122694458e-10,1.09027369695464e-10,-5.60664084612541e-10,9.46092138164984e-10,2.14259532759003e-10,-3.3267018539393e-10,-2.95218830649599e-10,6.89664695426528e-10,-7.51272741208709e-11,3.86013582472294e-10,6.60033932419309e-10,5.85944714372747e-13,-2.21039620398899e-10,8.02441279427169e-11,1.83803889258436e-10,9.76908055443476e-10,-3.62835041286004e-10,-7.55503892317411e-10,-1.55143457732879e-10,-1.4950666592542e-10,3.20640900084727e-11,-9.6586483575016e-10,5.6846459452437e-10,-7.0722670245802e-10,6.86987367992399e-10,-6.47634037620812e-10,5.86284484137252e-10,-7.0150244921356e-12,1.02778341575989e-10,3.65765792453045e-10,-1.09827365495351e-10,-5.08768508370423e-10,5.74939296770443e-10,5.8877345219698e-10,3.04877207367213e-11,-4.19741332979306e-10,-6.140807639539e-10,-3.64303990731745e-10,6.99914576474229e-10,3.92183148160121e-10,1.48355520906859e-10,7.05954628619713e-10,1.25264271207013e-10,5.06019081888424e-11,5.85120626247046e-10,-9.91314438792187e-11,-6.66103611883634e-10,-6.18340041036997e-10,1.86605958819714e-10,5.97361205317611e-10,1.74617629692229e-10,4.51627596275493e-10,-4.71382406570289e-10,9.8648420513585e-11,6.20927176731864e-11,-6.92836033254779e-10,-6.91254299190471e-10,-3.43484378104127e-10,1.10082132859902e-09,1.54310893832613e-10,-4.33850424551788e-10,-8.60358168436826e-10,-7.03189343750088e-10,-4.90655108452408e-10,1.25287840806737e-10,4.89373725010519e-10,-7.70592975134949e-10,-8.24995451445891e-10,1.20376357105092e-09,4.35065691127273e-10,-2.51230944613166e-10,6.28424095456165e-10,-3.83191618692746e-11,-3.07237342957835e-11,8.6797363795648e-10,1.35210733528937e-10,-2.65442170464851e-10,-5.55422192742828e-10,1.21786621360654e-10,-7.81737012987558e-10,-8.17179839820568e-10,-2.15970050001366e-10,4.95246438836494e-10,-3.59267154869596e-11,5.78086752907505e-10,-5.6401104625944e-10,5.11419650298621e-10,-2.94503988625102e-10,-1.00892272383059e-10,4.273832025939e-10,-4.41054680608596e-10,5.15636109581206e-10,2.25088549706836e-10,-2.78711769828734e-10,1.11042393836926e-11,-5.52950968412403e-10,-2.93849793104401e-10,-1.36646436700654e-10,-2.64110508013477e-10,-4.64632726017207e-10,1.33791117709081e-10,-1.97636441032825e-11,3.50848972653814e-10,5.84001111986994e-10,3.16067889588541e-10,1.66919412560022e-10,1.03298659028861e-09,-2.08280851614364e-10,-7.31775526014589e-11,1.07844690475486e-10,2.21828041935867e-10,2.4090031698321e-10,2.67607082480018e-11,-5.09226195257149e-10,-2.07591282331769e-10,-5.25901109712102e-10,7.62898498899554e-10,2.06295595237326e-10,-7.21466320835068e-11,-1.98137295472813e-10,-3.79260511093567e-10,-9.86031198159556e-10,-4.69795674649631e-10,1.15901531603452e-10,5.09188714287532e-10,-3.67062018206837e-10,-2.29049566315086e-10,3.8684408760414e-10,6.45159212592845e-10,-3.40128349532114e-10,-8.65881082002548e-10,-1.12333755047895e-09,1.11420745906268e-09,-1.2993562656317e-10,-1.6564158344786e-10,5.98826330720311e-10,-1.67145968996576e-10,4.9484008415619e-10,-4.18337711277195e-10,-4.22791455458038e-10,-2.67003856182932e-10,-5.12576836700271e-11,5.54535767067944e-10,-2.59746902597208e-10,1.52597422443605e-10,-1.74793322703208e-10,-3.52740668580722e-10,-5.37188131787239e-10,1.07126882366224e-09,-4.61481794139687e-10,-1.97336206989576e-10,-4.74259283338282e-10,4.22744412207039e-10,6.30569023321578e-10,1.54552123549438e-10,2.21110885315076e-10,4.52158205695899e-11,-6.40234534735922e-10,-6.30759958521216e-11,-4.81707250888733e-10,3.72316964039834e-10,-8.93214544341885e-10,-2.01188787329187e-10,5.68724380005101e-10,6.23848977432522e-10,1.68583055330996e-11,1.10539839938372e-09,-8.08791734454005e-10,-4.08752243471796e-10,-1.24484199170662e-09,-4.54713529676668e-10,-4.7688373789809e-10,-7.23885915028842e-10,3.42804782288411e-10,4.91422005754889e-10,7.14458844734955e-10,-9.69137567421657e-10,1.3666388616945e-10,8.13787809036579e-10,-4.88204392715516e-10,8.47314236948399e-10,3.09370806068574e-10,3.16064177293276e-10,-2.83615115728292e-11,-2.90418480954992e-10,-4.18398720388142e-10,-1.65627959539988e-09,2.65194299584516e-10,-2.97060509683347e-10,-2.82251882400581e-10,-1.80384998143162e-10,-4.07786002928998e-10,-5.07852339140464e-10,-9.61842471809777e-11,-6.84868754807787e-11,8.06419430116504e-10,-2.42913843853543e-10,-5.6011607274912e-10,-9.37716773863035e-10,-4.7792450831505e-10,4.29569934625606e-10,-3.38676681892458e-10,7.40438180646112e-11,1.16928664350854e-10,-1.16348274976399e-11,2.49366167109869e-10,5.87891929838217e-10,-6.24885513099898e-10,-2.32291345892619e-10,-4.00075899587039e-10,-9.35869140542772e-11,-3.3242377961304e-10,-2.44194195539186e-10,5.97608110577847e-11,-2.36981893721157e-10,4.38017683378052e-10,1.11207327666628e-09,1.03214480140714e-09,-2.41522461139117e-11,-9.31747300296774e-11,2.32918235556353e-10,4.78306349103725e-10,-7.61180078907854e-10,-2.75491955136606e-10,4.96780766238908e-10,1.74752188884426e-09,1.63593796651333e-10,8.41659639777444e-10,6.01787744191677e-10,-1.51747659698389e-10,-5.09428857112014e-10,-5.11075813879069e-11,-1.32089483131082e-10,-5.40229583306003e-11,-5.10652363942893e-10,-9.3058580497693e-10,8.70934703530187e-10,6.38161988187296e-10,1.48860753146096e-10,-2.71685152652516e-10,-5.71175913187253e-10,2.03517104266361e-10,5.24679311827849e-10,6.05178249800224e-10,-7.44760015383387e-10,2.05720135448603e-10,2.7226529711773e-10,5.54629447639498e-10,1.37110935340052e-09,2.95786764803155e-09,4.7010866748778e-09,6.19317940721457e-09,7.7245152663022e-09,9.71151918055813e-09,1.1694902828889e-08,1.48200284193861e-08,1.8910061294769e-08,2.45386437919266e-08,3.11676927917267e-08
