v,0.25
Patm,100000
g,9.81
r,500
G,10^9.4
rho,2800
mu,10^3.74
rc,20
 
M,10^6.29
sigma,0.25
 
tilt_erupt,264.5587nrad
 
-1479,-1478,-1477,-1476,-1475,-1474,-1473,-1472,-1471,-1470,-1469,-1468,-1467,-1466,-1465,-1464,-1463,-1462,-1461,-1460,-1459,-1458,-1457,-1456,-1455,-1454,-1453,-1452,-1451,-1450,-1449,-1448,-1447,-1446,-1445,-1444,-1443,-1442,-1441,-1440,-1439,-1438,-1437,-1436,-1435,-1434,-1433,-1432,-1431,-1430,-1429,-1428,-1427,-1426,-1425,-1424,-1423,-1422,-1421,-1420,-1419,-1418,-1417,-1416,-1415,-1414,-1413,-1412,-1411,-1410,-1409,-1408,-1407,-1406,-1405,-1404,-1403,-1402,-1401,-1400,-1399,-1398,-1397,-1396,-1395,-1394,-1393,-1392,-1391,-1390,-1389,-1388,-1387,-1386,-1385,-1384,-1383,-1382,-1381,-1380,-1379,-1378,-1377,-1376,-1375,-1374,-1373,-1372,-1371,-1370,-1369,-1368,-1367,-1366,-1365,-1364,-1363,-1362,-1361,-1360,-1359,-1358,-1357,-1356,-1355,-1354,-1353,-1352,-1351,-1350,-1349,-1348,-1347,-1346,-1345,-1344,-1343,-1342,-1341,-1340,-1339,-1338,-1337,-1336,-1335,-1334,-1333,-1332,-1331,-1330,-1329,-1328,-1327,-1326,-1325,-1324,-1323,-1322,-1321,-1320,-1319,-1318,-1317,-1316,-1315,-1314,-1313,-1312,-1311,-1310,-1309,-1308,-1307,-1306,-1305,-1304,-1303,-1302,-1301,-1300,-1299,-1298,-1297,-1296,-1295,-1294,-1293,-1292,-1291,-1290,-1289,-1288,-1287,-1286,-1285,-1284,-1283,-1282,-1281,-1280,-1279,-1278,-1277,-1276,-1275,-1274,-1273,-1272,-1271,-1270,-1269,-1268,-1267,-1266,-1265,-1264,-1263,-1262,-1261,-1260,-1259,-1258,-1257,-1256,-1255,-1254,-1253,-1252,-1251,-1250,-1249,-1248,-1247,-1246,-1245,-1244,-1243,-1242,-1241,-1240,-1239,-1238,-1237,-1236,-1235,-1234,-1233,-1232,-1231,-1230,-1229,-1228,-1227,-1226,-1225,-1224,-1223,-1222,-1221,-1220,-1219,-1218,-1217,-1216,-1215,-1214,-1213,-1212,-1211,-1210,-1209,-1208,-1207,-1206,-1205,-1204,-1203,-1202,-1201,-1200,-1199,-1198,-1197,-1196,-1195,-1194,-1193,-1192,-1191,-1190,-1189,-1188,-1187,-1186,-1185,-1184,-1183,-1182,-1181,-1180,-1179,-1178,-1177,-1176,-1175,-1174,-1173,-1172,-1171,-1170,-1169,-1168,-1167,-1166,-1165,-1164,-1163,-1162,-1161,-1160,-1159,-1158,-1157,-1156,-1155,-1154,-1153,-1152,-1151,-1150,-1149,-1148,-1147,-1146,-1145,-1144,-1143,-1142,-1141,-1140,-1139,-1138,-1137,-1136,-1135,-1134,-1133,-1132,-1131,-1130,-1129,-1128,-1127,-1126,-1125,-1124,-1123,-1122,-1121,-1120,-1119,-1118,-1117,-1116,-1115,-1114,-1113,-1112,-1111,-1110,-1109,-1108,-1107,-1106,-1105,-1104,-1103,-1102,-1101,-1100,-1099,-1098,-1097,-1096,-1095,-1094,-1093,-1092,-1091,-1090,-1089,-1088,-1087,-1086,-1085,-1084,-1083,-1082,-1081,-1080,-1079,-1078,-1077,-1076,-1075,-1074,-1073,-1072,-1071,-1070,-1069,-1068,-1067,-1066,-1065,-1064,-1063,-1062,-1061,-1060,-1059,-1058,-1057,-1056,-1055,-1054,-1053,-1052,-1051,-1050,-1049,-1048,-1047,-1046,-1045,-1044,-1043,-1042,-1041,-1040,-1039,-1038,-1037,-1036,-1035,-1034,-1033,-1032,-1031,-1030,-1029,-1028,-1027,-1026,-1025,-1024,-1023,-1022,-1021,-1020,-1019,-1018,-1017,-1016,-1015,-1014,-1013,-1012,-1011,-1010,-1009,-1008,-1007,-1006,-1005,-1004,-1003,-1002,-1001,-1000,-999,-998,-997,-996,-995,-994,-993,-992,-991,-990,-989,-988,-987,-986,-985,-984,-983,-982,-981,-980,-979,-978,-977,-976,-975,-974,-973,-972,-971,-970,-969,-968,-967,-966,-965,-964,-963,-962,-961,-960,-959,-958,-957,-956,-955,-954,-953,-952,-951,-950,-949,-948,-947,-946,-945,-944,-943,-942,-941,-940,-939,-938,-937,-936,-935,-934,-933,-932,-931,-930,-929,-928,-927,-926,-925,-924,-923,-922,-921,-920,-919,-918,-917,-916,-915,-914,-913,-912,-911,-910,-909,-908,-907,-906,-905,-904,-903,-902,-901,-900,-899,-898,-897,-896,-895,-894,-893,-892,-891,-890,-889,-888,-887,-886,-885,-884,-883,-882,-881,-880,-879,-878,-877,-876,-875,-874,-873,-872,-871,-870,-869,-868,-867,-866,-865,-864,-863,-862,-861,-860,-859,-858,-857,-856,-855,-854,-853,-852,-851,-850,-849,-848,-847,-846,-845,-844,-843,-842,-841,-840,-839,-838,-837,-836,-835,-834,-833,-832,-831,-830,-829,-828,-827,-826,-825,-824,-823,-822,-821,-820,-819,-818,-817,-816,-815,-814,-813,-812,-811,-810,-809,-808,-807,-806,-805,-804,-803,-802,-801,-800,-799,-798,-797,-796,-795,-794,-793,-792,-791,-790,-789,-788,-787,-786,-785,-784,-783,-782,-781,-780,-779,-778,-777,-776,-775,-774,-773,-772,-771,-770,-769,-768,-767,-766,-765,-764,-763,-762,-761,-760,-759,-758,-757,-756,-755,-754,-753,-752,-751,-750,-749,-748,-747,-746,-745,-744,-743,-742,-741,-740,-739,-738,-737,-736,-735,-734,-733,-732,-731,-730,-729,-728,-727,-726,-725,-724,-723,-722,-721,-720,-719,-718,-717,-716,-715,-714,-713,-712,-711,-710,-709,-708,-707,-706,-705,-704,-703,-702,-701,-700,-699,-698,-697,-696,-695,-694,-693,-692,-691,-690,-689,-688,-687,-686,-685,-684,-683,-682,-681,-680,-679,-678,-677,-676,-675,-674,-673,-672,-671,-670,-669,-668,-667,-666,-665,-664,-663,-662,-661,-660,-659,-658,-657,-656,-655,-654,-653,-652,-651,-650,-649,-648,-647,-646,-645,-644,-643,-642,-641,-640,-639,-638,-637,-636,-635,-634,-633,-632,-631,-630,-629,-628,-627,-626,-625,-624,-623,-622,-621,-620,-619,-618,-617,-616,-615,-614,-613,-612,-611,-610,-609,-608,-607,-606,-605,-604,-603,-602,-601,-600,-599,-598,-597,-596,-595,-594,-593,-592,-591,-590,-589,-588,-587,-586,-585,-584,-583,-582,-581,-580,-579,-578,-577,-576,-575,-574,-573,-572,-571,-570,-569,-568,-567,-566,-565,-564,-563,-562,-561,-560,-559,-558,-557,-556,-555,-554,-553,-552,-551,-550,-549,-548,-547,-546,-545,-544,-543,-542,-541,-540,-539,-538,-537,-536,-535,-534,-533,-532,-531,-530,-529,-528,-527,-526,-525,-524,-523,-522,-521,-520,-519,-518,-517,-516,-515,-514,-513,-512,-511,-510,-509,-508,-507,-506,-505,-504,-503,-502,-501,-500,-499,-498,-497,-496,-495,-494,-493,-492,-491,-490,-489,-488,-487,-486,-485,-484,-483,-482,-481,-480,-479,-478,-477,-476,-475,-474,-473,-472,-471,-470,-469,-468,-467,-466,-465,-464,-463,-462,-461,-460,-459,-458,-457,-456,-455,-454,-453,-452,-451,-450,-449,-448,-447,-446,-445,-444,-443,-442,-441,-440,-439,-438,-437,-436,-435,-434,-433,-432,-431,-430,-429,-428,-427,-426,-425,-424,-423,-422,-421,-420,-419,-418,-417,-416,-415,-414,-413,-412,-411,-410,-409,-408,-407,-406,-405,-404,-403,-402,-401,-400,-399,-398,-397,-396,-395,-394,-393,-392,-391,-390,-389,-388,-387,-386,-385,-384,-383,-382,-381,-380,-379,-378,-377,-376,-375,-374,-373,-372,-371,-370,-369,-368,-367,-366,-365,-364,-363,-362,-361,-360,-359,-358,-357,-356,-355,-354,-353,-352,-351,-350,-349,-348,-347,-346,-345,-344,-343,-342,-341,-340,-339,-338,-337,-336,-335,-334,-333,-332,-331,-330,-329,-328,-327,-326,-325,-324,-323,-322,-321,-320,-319,-318,-317,-316,-315,-314,-313,-312,-311,-310,-309,-308,-307,-306,-305,-304,-303,-302,-301,-300,-299,-298,-297,-296,-295,-294,-293,-292,-291,-290,-289,-288,-287,-286,-285,-284,-283,-282,-281,-280,-279,-278,-277,-276,-275,-274,-273,-272,-271,-270,-269,-268,-267,-266,-265,-264,-263,-262,-261,-260,-259,-258,-257,-256,-255,-254,-253,-252,-251,-250,-249,-248,-247,-246,-245,-244,-243,-242,-241,-240,-239,-238,-237,-236,-235,-234,-233,-232,-231,-230,-229,-228,-227,-226,-225,-224,-223,-222,-221,-220,-219,-218,-217,-216,-215,-214,-213,-212,-211,-210,-209,-208,-208,-207,-206,-205,-204,-203,-202,-201,-200,-199,-198,-197,-196,-195,-194,-193,-192,-191,-190,-189,-188,-187,-186,-185,-184,-183,-182,-181,-180,-179,-178,-177,-176,-175,-174,-173,-172,-171,-170,-169,-168,-167,-166,-165,-164,-163,-162,-161,-160,-159,-158,-157,-156,-155,-154,-153,-152,-151,-150,-149,-148,-147,-146,-145,-144,-143,-142,-141,-140,-139,-138,-137,-136,-135,-134,-133,-132,-131,-130,-129,-128,-127,-126,-125,-124,-123,-122,-121,-120,-119,-118,-117,-116,-115,-114,-113,-112,-111,-110,-109,-108,-107,-106,-105,-104,-103,-102,-101,-100,-99,-98,-97,-96,-95,-94,-93,-92,-91,-90,-89,-88,-87,-86,-85,-84,-83,-82,-81,-80,-79,-78,-77,-76,-75,-74,-73,-72,-71,-70,-69,-68,-67,-66,-65,-64,-63,-62,-61,-60,-59,-58,-57,-56,-55,-54,-53,-52,-51,-50,-49,-48,-47,-46,-45,-44,-43,-42,-41,-40,-39,-38,-37,-36,-35,-34,-33,-32,-31,-30,-29,-28,-27,-26,-25,-24,-23,-22,-21,-20,-19,-18,-17,-16,-15,-14,-13,-12,-11,-10,-9,-8,-7,-6,-5,-4,-3,-2,-1,0
2.14329446097082e-10,1.99604393144808e-10,-3.01737620598076e-10,-2.77444782525344e-10,1.97892140545931e-10,4.71494401741572e-11,3.23462223498464e-10,-4.09787322387378e-10,-5.83380647970218e-11,6.03695736721072e-11,-3.29678081181557e-10,1.91908382534952e-11,-3.99190333593104e-11,3.13711057126524e-10,-2.09531713382575e-10,-2.08644250839341e-10,-6.2408646011494e-10,4.08172196038328e-10,5.33167650158816e-11,6.21199000888583e-10,3.33153807101197e-11,-1.79320234050541e-10,2.39783579316675e-10,-4.56514982020907e-11,-2.17814274381149e-10,5.90937147387797e-10,-1.73775999255678e-10,1.73968030387838e-10,-1.81628131041493e-11,-9.27370137452502e-11,3.00618932940705e-11,-3.48347151699131e-10,4.00819363963415e-10,1.20306726926187e-10,9.25846637899727e-11,-1.17512673902869e-10,-6.65764387546293e-11,-1.90835764567311e-10,2.39883746368216e-10,2.75801077792779e-10,5.33373649948955e-11,3.40582163033777e-10,1.22924225426811e-10,2.58046243464654e-10,-2.70296024861606e-11,4.94930404481011e-11,-8.29889181371343e-12,-2.71056669525807e-10,-2.14488139851447e-10,1.73017757307237e-10,3.40409762114871e-11,-1.12237214714393e-10,-4.95768590568192e-11,-3.30134875573998e-10,1.57802906300276e-10,-4.0528869626605e-11,3.2288892634397e-10,2.78756047931871e-10,-4.66149884281918e-11,2.92095999801876e-10,1.07175568907626e-10,-1.05811413611665e-10,-4.62320418321445e-10,-5.89325525101736e-12,1.12012374287523e-10,-2.43834919138579e-10,-2.14011367828739e-10,1.16464476306666e-10,-1.20345219031336e-10,4.7832824725342e-10,-2.68644891037086e-10,1.89638002569232e-10,-2.37968010801606e-10,-7.69827660582414e-11,-3.70729660549301e-10,4.3340604344871e-10,3.49575488846067e-10,-1.99094156801473e-10,3.42914512596874e-10,6.89801263636568e-11,1.39231967364701e-10,1.1977715347123e-11,3.81065546216351e-10,2.54102239208849e-10,1.66975775136918e-10,2.24594615156592e-10,-2.39491177594099e-10,3.33354751469917e-10,3.97142018267473e-10,1.16695913916545e-10,5.85122090871079e-11,8.67020927300465e-11,-1.11048778628806e-10,1.45481378550728e-10,-1.96482002337889e-11,1.78888590627615e-10,-1.87773838874624e-10,4.67609219156512e-11,1.5207001060377e-10,4.13969537911095e-11,2.25766963598262e-10,-5.62126873556447e-11,2.03684178504548e-10,6.15656011543466e-11,1.3580425396203e-10,-1.22242823051655e-10,2.06679583681292e-10,-1.30955005411212e-10,-1.16992799353834e-10,-5.89084341660278e-10,-1.74259572239435e-10,-2.10795641875609e-10,-2.47255424881889e-10,1.6151410180804e-10,-3.16815447987266e-11,4.5225834717473e-11,3.11374638128145e-10,-1.49363803898645e-11,4.06867471769445e-10,-7.7236711114443e-11,9.65123199683165e-11,-2.73532317823743e-11,2.80135793393681e-10,2.21750777386962e-10,1.98149483189089e-10,-1.14591393862011e-10,-2.18072343807185e-10,2.28449260917521e-10,1.60126289503789e-10,1.4703008703373e-11,-1.68238000911785e-10,4.8971919822158e-11,-2.87839624135014e-10,-2.89942545379324e-11,-1.9781453862757e-10,-8.83347449860361e-11,2.461545473349e-11,-2.65046483399291e-10,-3.84330384341839e-10,-5.19244784770532e-10,1.58436796172002e-10,-2.32116708853191e-10,-3.38967490346983e-11,3.66258918271254e-10,-9.3369772683685e-11,2.64953992072586e-10,2.08619985104628e-10,-1.91645879602242e-10,3.07073204876732e-10,-2.39414864894044e-11,-1.54542195142472e-10,1.40288546603568e-10,2.91236070342617e-10,2.19248248920964e-10,1.02143023692492e-11,-2.04959801418156e-10,-3.72924416371892e-10,-1.70496975242819e-10,-1.94055264595289e-11,1.26430020029808e-10,-1.37078788159655e-10,-5.26588006249203e-11,5.58943238932566e-11,-1.91248697295823e-10,1.50521308009014e-10,2.22579694899408e-10,2.93803502889334e-10,1.14907893119417e-10,2.23214715174153e-10,2.91876080293066e-10,9.07378166809182e-11,6.24101617844369e-11,2.97508247716892e-12,5.06472378770848e-10,-3.78014166259652e-10,-3.80735392816376e-10,7.87129018933242e-11,2.51896485166257e-11,2.32310922582688e-10,4.01830481815365e-10,9.4054608889054e-11,-6.56614665341324e-11,-1.36153944167678e-10,6.2234826212374e-11,1.90885731365174e-10,1.49047282928282e-10,2.86495225214976e-11,1.28713615050979e-10,1.31840536069175e-10,-2.66416902726249e-10,-3.40396932376109e-10,-5.96366229509622e-11,-8.89249537841758e-11,4.17843127948474e-10,2.27816348273269e-10,-2.73251322370783e-10,2.15187139627752e-10,-1.36986872813261e-10,-1.27662026969064e-10,-6.72035429872526e-11,1.0057101750758e-10,3.25076679736763e-10,-2.12474032312047e-10,-1.46072780386967e-10,1.24548113418235e-10,-1.31986674734838e-10,6.08769051845371e-10,2.33452363355144e-11,4.99454123622187e-11,-1.12961357314786e-10,-1.38136825519659e-10,1.15900425739734e-10,5.74387373109241e-10,2.53043326342765e-10,1.33259128876781e-10,-1.43934236303954e-10,1.93523314835713e-10,1.96061017963337e-10,1.83301252572651e-10,-1.97328537675861e-10,-3.26756298117491e-10,-6.04032027468475e-11,-1.80715762989734e-11,2.30684752282583e-10,-6.72131175948008e-11,3.55188467682612e-10,7.81804295604125e-11,4.36641753843503e-10,1.71408521572249e-11,-3.48581812751531e-10,7.70335259939301e-11,1.46124902436766e-10,-3.38173249127366e-11,5.97703864924962e-11,-5.5299763912145e-11,3.203667381144e-10,1.31792158231735e-10,-2.9758056081495e-10,-1.78350693815638e-11,2.77719284659691e-10,-2.88342855294315e-10,9.34137424126792e-11,2.07317823514924e-10,6.52164249465172e-11,-2.18512104160789e-10,2.58409241024453e-10,4.2359797115406e-10,-6.07396296666895e-11,-2.58861773371566e-10,-9.37870214965798e-11,-1.41470082975082e-10,5.43952113124293e-11,-2.19610033787924e-11,-1.33094767298507e-10,2.93580185319891e-10,3.59053289429455e-11,-3.79368772278688e-10,1.82049173713048e-10,-5.33288296555851e-10,6.59557956535872e-12,3.29053847202832e-10,1.26486984088671e-10,-1.67864895909162e-10,-2.61704654421191e-10,-2.84983491906034e-10,2.7300683226725e-10,-9.95883249537603e-11,2.18779305162014e-10,4.03314519310143e-10,-5.0091561025734e-10,3.58803393130793e-11,1.42218459057316e-11,2.24652906823527e-10,-1.00918834293799e-10,-1.6102782262219e-10,-1.3233922184816e-10,-1.54922244104985e-10,-1.07305971554801e-10,4.36825171936214e-10,-1.08304546298104e-10,-5.98324116266884e-11,6.14344312361817e-11,-8.13139159562527e-11,-5.77380619028444e-11,-1.158760837272e-10,1.76643943846759e-10,2.38282263252402e-10,-3.1751457098379e-10,-1.10084429311127e-10,-1.86043780763363e-10,4.06311838463949e-10,-2.56444844010733e-10,-1.61428241438464e-10,-8.3711097021676e-11,1.6995050206926e-10,-1.74858119642748e-11,-1.22109754597594e-10,4.23450786426521e-10,-4.98895311607607e-10,4.20582794400051e-10,-2.3752585218792e-10,-2.24677835696613e-10,1.40725473483291e-11,2.57692439607739e-10,-2.5550288415079e-10,-2.09525960505155e-10,5.04065788315487e-10,-3.79656111264579e-11,-3.54740965155032e-10,6.3573487639216e-11,-2.3051187246437e-10,-2.62336881339813e-11,3.66305994310406e-10,-4.38383518876199e-10,-3.29413786226967e-11,2.9813660162589e-10,1.89949102521091e-10,7.53606617509136e-11,-4.70540767562323e-10,4.84854574829747e-10,-3.18897070875138e-11,2.85421868386052e-10,2.97987062403025e-10,1.94729960746346e-10,2.80828016966686e-11,-2.35199940249696e-10,-2.44683630886658e-10,1.43709888684411e-10,2.13664551263546e-10,1.43955214850569e-10,-1.36038859191901e-10,1.6551615554518e-10,2.35918330611096e-10,-1.01157650062965e-10,-4.47802165939178e-10,-3.96380463922128e-11,-1.76507668238261e-10,6.3440751262401e-11,3.96420687064782e-10,2.97181349496832e-10,3.52533195707557e-10,2.94751034228434e-10,4.09333993232195e-11,7.29331711690941e-12,1.01417901285065e-11,-3.4761802122122e-10,3.44231145418853e-10,1.64073746647972e-10,1.57481654619684e-10,-2.25029852575226e-10,4.96972584697865e-10,-2.74791808243051e-10,-1.87123490111904e-10,2.86241764477353e-10,-1.07800938156983e-10,2.00348057566104e-12,-1.15102415767311e-11,1.81100543728674e-10,-4.4818974813892e-12,3.66948951836734e-12,-7.31536512432391e-10,5.75143296015951e-12,-6.05238358935249e-12,2.33320941838238e-10,1.76589610271555e-10,5.67792755218335e-10,-3.72316436725469e-10,-4.68746072587365e-11,-3.90921484934884e-11,1.65607734367736e-10,3.62799564790726e-11,2.43561030820235e-10,-2.78522641587079e-11,-4.73303750685178e-11,-5.55170702126909e-10,-1.39302383511416e-10,1.54303724944377e-10,-1.09909394304864e-10,3.04520367942795e-10,1.53513421963799e-10,-5.77369473408722e-11,-1.75551202097827e-10,4.20697592145437e-10,-6.93834948061226e-11,-1.44245041202008e-10,5.53434342516269e-11,5.97050545286617e-11,-2.19132006192682e-10,-2.4023973952133e-10,-4.24102722482529e-10,1.44634182604245e-10,-2.13895449525639e-10,5.97488247636111e-10,-4.31452886542506e-11,-2.25694521604786e-10,-1.41058991738155e-10,3.22139552578903e-10,9.9344390105251e-11,1.60422191166551e-10,8.00380016366373e-11,-6.30179435094004e-11,2.10446518337352e-10,2.8550714077919e-10,-1.75086061821521e-10,-1.15229274705987e-10,-3.76843119703435e-10,-6.84743916534961e-11,-2.1517555370716e-10,5.86906210621081e-10,-7.28272330714665e-10,2.00076998411325e-11,-1.76636424874316e-10,7.32693099784463e-10,-2.31026699931935e-10,1.17073173650607e-10,2.3717262501096e-10,1.74465509928546e-10,1.65100140776779e-10,-9.4055321705318e-11,4.66238198016361e-10,4.60383870576378e-12,2.98638050479243e-10,1.20647208176359e-10,-3.02315067355948e-10,-5.99648603374573e-13,-3.44419637939986e-10,-1.29292919500971e-10,2.42747377123166e-10,-2.96235213861897e-10,5.15895125284612e-10,-1.11472237230049e-10,-3.8962823157902e-10,4.62336909094296e-10,2.82126875562745e-10,-7.73375820542374e-12,7.02150631188148e-11,-2.73372176670543e-10,2.49292367381344e-10,1.44747844789017e-10,2.53795068973461e-12,-4.58643170596318e-11,-1.47075276927906e-10,1.24231277971873e-11,-3.96392004357236e-11,-1.56632641658523e-10,-6.99113238043972e-11,-2.59876955978554e-10,7.12876342653713e-11,-1.39302061236374e-10,1.85261684887962e-10,3.21530967091995e-10,-2.65128019501486e-10,-6.83980455246428e-11,-2.06379561468818e-10,-2.50717333513213e-10,-3.82837816084838e-10,-2.86231375328417e-11,-4.21054165440675e-11,1.68332032591828e-10,-6.13163923278437e-11,-1.64581716696392e-10,-2.76977524401577e-10,-1.18701322466957e-10,-1.79375016852089e-11,1.61247507629401e-10,3.16996211114767e-10,5.49683990218217e-11,2.33653550104365e-11,3.51651155870085e-10,-2.64560178148776e-10,1.34173410195003e-10,-2.95543179400576e-11,-5.08800281253678e-10,3.10663087234972e-10,2.48487178388619e-10,-3.14376264823232e-10,-1.58875028632202e-11,1.16442932356202e-11,-4.14501295342748e-10,9.34283124975368e-11,-2.02174260740157e-10,-4.57167360121873e-10,-8.55135511860338e-11,1.22770815692918e-10,1.53636150229927e-10,3.49353781411154e-10,-2.61181574590768e-10,-2.51793383820542e-10,-5.25373554725763e-10,4.06705466803788e-11,-2.89180091847958e-10,-5.21231833932116e-10,1.87340797570754e-10,-1.49527335950125e-10,-1.33829282096011e-10,-3.57444728436075e-10,-1.48721920280586e-10,-1.3730263290694e-10,4.18016393432943e-10,1.79866149705191e-10,8.18298003643449e-11,-1.37268988290947e-10,-2.74849952549941e-10,4.85423114012372e-10,-7.94023936417214e-11,-1.97530132807031e-10,-2.04774735094508e-11,-3.96952547204203e-10,2.35544080453245e-11,3.0569604346621e-10,-5.8468719361045e-10,2.19295638291502e-10,-3.74274641586185e-10,4.54637981822298e-11,-4.68393760491999e-11,3.95464671995821e-11,3.10677833901625e-10,-7.55694987496783e-11,4.62190498911568e-10,-2.82233543312417e-10,-1.90908524084999e-11,-1.4426799755718e-10,-1.79880936884685e-10,2.00060463386211e-10,-2.94698050079578e-10,1.18532990356699e-10,-1.16379879493879e-10,1.89560377093039e-10,-1.72698605207228e-10,-4.61094777227598e-10,-3.71824797454753e-10,1.61282702895127e-10,-9.88732709719118e-11,-1.58909009343725e-10,3.35190520999081e-10,-2.06057627016974e-10,1.61195185484059e-10,-2.09936901644633e-10,4.39304863571089e-10,-2.01979142247985e-11,-1.00695088261923e-10,5.33124126179438e-11,-1.30310145698976e-10,3.18440912409756e-10,5.05781558541953e-11,-1.49187807719971e-10,-2.96715920106098e-10,-1.13040477781308e-10,-2.28496328854002e-11,2.3699363968595e-10,4.33502893693378e-10,-4.69401488707705e-10,1.55988771867343e-12,-1.81483251254998e-10,3.80494279271436e-10,-4.5909752628599e-10,3.29115367529902e-10,2.11230057322688e-10,2.5975685876478e-11,-1.22359778353371e-10,1.91166138983158e-10,-1.069037665043e-10,-1.17207493902854e-10,2.41327979785909e-10,2.03110009942422e-11,1.71411620705876e-10,1.44311916475765e-10,2.17430313655428e-10,-2.32978982708903e-10,1.10646908851307e-10,-1.31926235801389e-10,-3.09358930405329e-10,7.69913346155909e-11,-2.66311959284579e-11,-1.33418999888104e-10,-3.11531664754636e-11,-1.44702730075705e-10,1.57320797120894e-11,-1.79779931670197e-10,9.8774877095076e-11,2.44215919846532e-11,-2.80836451694502e-10,-2.00631717153969e-10,-8.09054703531316e-11,-1.68728238624661e-10,-1.79283063348109e-10,2.29915896155197e-10,9.03194460636338e-12,-1.4695954524082e-10,9.31606358344176e-11,-7.96392538017484e-11,-6.44007290036785e-10,2.9926908221538e-10,-1.89010904024038e-10,-3.77783431099984e-10,-3.92078160331705e-11,5.52865813429822e-11,5.40012035277915e-11,-4.11091745236359e-10,-1.30577446117616e-10,-9.51389613355266e-11,-4.91757493529278e-10,2.97185419753296e-10,2.77446847621185e-10,-9.59608523071078e-11,1.99039960125901e-10,2.33693506171745e-10,8.58331421649447e-11,2.75937475283512e-10,2.66030677828033e-11,-3.66134780018916e-10,-1.47724102843379e-10,-1.20889140469378e-10,-4.8900138373038e-10,2.58577898012299e-10,-1.40336689689522e-10,5.77202407992388e-10,-2.17151383374445e-10,1.20295072389517e-10,3.36279300220952e-11,3.87443774527957e-10,-2.01938499698185e-10,-1.27191169943911e-10,6.45466593213685e-10,-5.62728727474292e-12,8.14364054226929e-11,-1.49674351886436e-10,-3.6689134998873e-10,2.5402295649881e-11,-8.06496511009915e-11,2.45249547820281e-10,8.44822892334159e-11,1.7536885903935e-10,-3.70951160426775e-10,-4.52341181572606e-10,5.46744532336362e-12,-3.01650935457535e-10,-2.22273992467955e-10,-2.92454620621707e-10,-3.24272571621356e-11,-4.99197724278909e-11,-1.38250543217599e-11,3.34352234964984e-11,-4.7548428665946e-11,1.13072444403141e-10,3.86002808879291e-10,-2.42094548967778e-10,8.73722194360997e-11,2.56943522379598e-11,-2.35198927494545e-10,-5.56990462662787e-10,-2.4879635883519e-10,-2.08312384991141e-10,-1.43356771624352e-10,5.82259405717546e-11,-1.99086780912168e-10,-1.75957340409326e-10,2.46501086895882e-10,-1.57557266001704e-10,-2.22702519606457e-11,-3.55725877957194e-10,2.17947784499246e-10,-3.49586411230785e-10,-3.44342546194431e-10,1.12454654098486e-10,-2.9896820026649e-10,-7.8566249836563e-11,-5.39157215093905e-11,-4.31953777768885e-10,-4.26837234541257e-10,-1.84410973444317e-10,-5.10922140775646e-11,1.18156130269114e-10,-3.39561747244435e-10,-7.95923595060313e-11,4.88517630160118e-11,-2.43277559851006e-10,3.52120417990117e-10,2.88699940028358e-11,-3.45567182734883e-11,-3.53853591074813e-10,5.13827921221193e-12,4.55897504942467e-11,3.3444762458659e-10,2.37749095643031e-10,-9.71447996192461e-11,-1.08888476945489e-10,-1.83587600302049e-10,3.22311088360963e-10,8.56573868973578e-11,-3.21879011869535e-10,2.13701777370004e-10,-3.36170510517363e-10,-1.46994286549238e-10,1.25297529490037e-11,-1.33061216412804e-10,-1.02058586355295e-10,5.74414130438618e-11,-7.58709892940964e-11,-2.51091686274075e-10,-3.25390924747267e-11,-1.81148954290142e-10,2.07921917261394e-10,-2.86845263261062e-10,2.26512488479667e-10,-8.21054228355173e-11,-3.68990792014929e-10,-1.92413779811242e-10,-1.35583592513186e-11,-3.18430222403941e-11,-2.23139434083267e-10,9.49158756023677e-11,-1.61978142236889e-10,2.19212335238673e-11,-3.5140240864994e-10,-2.42539409598925e-10,-3.04087381859343e-11,-8.15552581060814e-12,1.36462054485812e-10,3.22339800343817e-10,2.03828339241664e-11,-8.13809082335004e-11,-2.16461289807965e-10,-3.15505854798547e-10,3.31964338220151e-12,1.29178183864953e-10,-4.03922103869067e-10,-1.78260144544015e-10,6.92804328049329e-10,1.40196402169012e-10,-2.28155027965883e-10,-3.43740730586218e-10,-2.47248896899657e-10,-1.68381284931052e-10,-3.64595775413795e-10,3.35767848070829e-11,4.81203752823297e-10,-9.40120199986926e-11,-5.04892319711238e-10,4.68429790793905e-10,-1.51582873785193e-10,-4.42505952662496e-10,-1.2501611686124e-10,3.57076088074026e-11,5.07133423266158e-10,2.26789173080364e-10,-3.98766549061429e-11,2.7350280648612e-11,6.39505220399339e-11,-9.62569679266201e-11,4.50703966761459e-11,-6.17557099470117e-11,4.29937694938679e-11,3.06243809384395e-10,5.36632008227567e-10,-1.17673009632846e-10,1.83215375759949e-10,-7.37484119787871e-12,2.22664704554118e-10,-1.54382628208596e-10,-5.84645448042977e-12,-1.99691804446354e-10,2.80653571962728e-10,3.30975430746277e-10,-6.03596395278534e-11,-1.70808883409724e-10,-3.03721390520983e-11,2.1553198148559e-10,5.40863834203543e-10,2.83971190740342e-10,-1.38290912276302e-10,-3.63912379142601e-10,-1.72750644281435e-10,3.72662756314319e-10,5.92721354797772e-11,-2.31429174320232e-10,-2.68336645334248e-10,-1.80387024635233e-10,-1.71923154028819e-10,-2.27144891458497e-10,-6.58808024616472e-12,-2.11127587611322e-10,4.38926236591323e-10,7.51034501661269e-11,1.22401521197958e-11,5.59695575143833e-12,2.48993749230488e-10,4.62845328693433e-10,-4.02536144118478e-11,1.45380643434906e-10,-1.02561566195756e-11,-1.65347579370332e-10,-1.25507641267389e-10,3.51085082423987e-11,-2.33037477179829e-10,-8.06204168318738e-12,3.5407930748739e-10,-8.66878527686522e-11,-1.84873620919172e-11,1.62681315333901e-10,-2.80357975443775e-10,-3.06315635002894e-10,4.91899415148952e-11,-1.47360893039944e-10,-5.83763882872806e-11,-6.55508044441099e-11,8.40852994410673e-11,8.95635365496988e-11,-2.95125202106319e-10,-2.99016344936133e-10,-1.9418012799743e-10,1.15516354799905e-10,-1.79343548857895e-10,-8.73035704121581e-11,2.94262283658226e-10,-5.25004464059813e-12,3.09672283671644e-11,-1.87857515567929e-12,1.81510223019433e-10,1.13183899865089e-10,-2.50533086064378e-11,-8.2461600619696e-10,-2.16619607278485e-10,5.72374197865678e-11,-1.8986882775169e-11,1.07268910516784e-10,-1.62386272804447e-10,-4.00919266692378e-10,3.84489334124633e-10,-4.65411961255367e-10,-1.02113973204811e-10,7.07580242901496e-10,9.14739732172877e-11,3.58799663203801e-10,6.38656474091821e-11,8.82877274074609e-11,4.07969272408302e-11,-1.40999023245435e-10,6.34983919061379e-11,1.98126173212711e-10,2.85359541371144e-10,2.85641604277434e-10,1.39599265228364e-10,-4.20250308149061e-11,-1.27332748946672e-10,4.34946334776412e-10,7.20584244831255e-11,-1.24330059210712e-10,-3.28189913744138e-10,4.10806801936494e-10,1.18828922555891e-10,-8.9874139974415e-12,-3.08865261795135e-10,-2.78806006940942e-11,8.01874483977569e-11,3.19120019262313e-10,-2.57725873556659e-10,-6.01475751710655e-12,1.05000927803482e-11,-2.0323526244271e-10,2.1723777276221e-11,5.10451627048425e-10,-1.02346786949142e-10,-9.33202605314462e-11,1.87865752265672e-11,1.78140582316515e-10,4.75997251753688e-10,4.1821291263035e-10,-5.16082322337631e-10,9.57788678096001e-12,-3.59215410617209e-10,9.50018265817006e-12,-2.22236991075024e-10,-7.36502696149396e-10,-2.83468949632756e-11,-1.62797151084278e-10,5.76286430682616e-11,2.57408696440545e-10,-2.10528382789334e-11,2.61085924786945e-10,-1.45256277660844e-10,1.66511018319574e-10,4.88303098426634e-10,-6.6611328792243e-12,-6.06067967925425e-11,-8.2819280694267e-12,1.06976190786929e-10,1.44473162223186e-10,-5.02419296041192e-10,2.15114447519488e-10,-1.65148621719221e-11,-1.04099777709726e-10,-7.40673541366511e-10,-1.2985325168811e-10,-2.43791982372681e-10,8.79916519713975e-11,7.63203660547649e-11,2.16883814224567e-10,3.52213605920291e-10,2.44087663831967e-10,-3.42801765791089e-10,-3.9437098099685e-10,-2.27532646943381e-10,5.38793868730673e-11,1.12962967493036e-10,1.03092159513861e-10,1.91313691858078e-10,4.2665303468061e-10,-8.53069002620663e-11,-5.63383077371229e-11,-1.34893441462591e-10,-3.12982352661592e-10,6.66831067947778e-11,2.71842456912108e-10,4.07540726477631e-10,-1.28696713533113e-10,-3.71708625923243e-10,7.18443931531771e-11,-2.68984503056771e-10,-4.04185230074245e-10,-4.48171620591906e-10,-8.26023915196353e-11,1.66456375682251e-10,2.02630947442279e-10,-2.00418011922331e-10,-3.57807379038567e-10,7.48793302012163e-11,-9.99550430979959e-11,4.66185026201079e-10,9.82822164956237e-11,4.58784044259629e-10,-9.57625242593402e-11,-2.74693034826278e-10,-7.19571862660445e-10,-7.65096126848684e-11,-2.74010067559552e-10,-1.48820505398702e-10,4.9619200087068e-10,-2.46342899042991e-10,1.55566329959225e-10,2.28620425361514e-10,3.68853233964678e-11,-1.09445806335891e-10,9.8957783805142e-11,3.04430061126777e-10,-2.25806114275323e-10,9.26115187673227e-11,-2.50312866352492e-10,-5.83081173692106e-11,-1.47996393427628e-12,-2.36140608892137e-10,-3.91374386470898e-11,8.89708546693374e-11,-8.27164375624508e-11,6.95210559918841e-10,9.59455984750713e-11,-4.60993027561686e-11,1.0148567071084e-10,-3.50785116314512e-10,-5.3123507472641e-10,-3.33511896899726e-10,1.82502977279758e-10,-2.2770074695145e-10,-5.87220952804691e-11,2.85548594689658e-10,-2.17859683239746e-10,1.16372462850614e-10,4.14672014139467e-10,1.67581998218546e-10,-8.18484533250788e-11,-4.00373113307477e-11,-4.06292609687022e-10,-1.58391051468971e-10,-4.32009659534555e-11,-1.57491658091013e-10,4.5182907040144e-11,4.24658968945602e-10,2.16202549282603e-11,1.90706229015174e-10,-6.21055526927455e-13,-4.19507142278938e-10,-2.30227426217908e-10,-3.4168689483643e-10,2.10281857925363e-10,2.69577986943812e-10,-2.67753540631219e-10,-2.42278277321634e-10,3.33095407476021e-10,-1.91380137585389e-10,1.65918762402216e-10,4.12989782883173e-10,-3.25423069822761e-10,3.07942785077761e-10,4.02985510393107e-11,4.68474842499463e-10,-1.21168864576969e-10,2.29863108438995e-10,-3.36040257584887e-10,1.85874710192967e-10,1.00734211982603e-10,3.46750706087073e-10,-2.14741019565885e-10,4.11096754317649e-11,1.26899951254158e-10,4.02629527400931e-10,4.97905380534777e-10,2.5666950412301e-10,1.15320178553191e-10,3.54581185227381e-10,-2.32938603016145e-10,3.54923067465158e-10,3.14808942956988e-10,1.7973120609882e-10,8.78275327362072e-11,-1.95205693270638e-10,3.15172642257424e-10,1.04087261543539e-10,2.74915298902402e-10,1.92175694096122e-10,-4.84951746040306e-10,-4.72858805186616e-11,2.62622387472194e-10,3.33810011307226e-10,-2.52466580516311e-11,2.18140814975841e-11,4.75749460140585e-10,3.19329720933834e-12,-1.60176708220239e-10,9.96798787004422e-11,3.73465213787702e-10,-4.84732869092028e-10,3.62296628051966e-11,1.20455377897071e-10,-4.03154522848209e-10,-6.28767792708399e-11,-1.95929819175863e-10,2.51963682090244e-11,-1.29606947007082e-10,1.12325504578707e-10,4.39608092563324e-10,4.35872132919772e-10,2.86172054319224e-10,-2.20992021078911e-10,1.54453775285315e-10,-3.22166240358758e-10,-5.12878425870449e-10,-4.11358737072739e-10,-8.88512549644242e-11,4.33954074096862e-11,1.50124832375192e-10,7.6789654408522e-11,-7.9481144848435e-11,-1.48047874930852e-10,-2.12967992260523e-10,5.51648756345131e-10,-2.53033087065656e-11,-4.58611863832827e-10,1.5299746433724e-10,2.00520093980538e-10,2.19295320658827e-10,7.79906753132866e-12,-4.3724964451963e-10,-3.50987848811027e-11,-2.03470638388008e-10,-5.02080135325139e-10,2.2554706847497e-10,1.13251085704194e-10,-1.69405112002396e-10,-1.86494311524081e-11,1.5099707606874e-10,1.03391914461214e-10,-6.79247814767268e-11,6.0622334581443e-10,-1.71115894430557e-10,2.71352354418491e-10,3.62887831155099e-10,2.99916356602217e-10,5.10416908455571e-10,2.27288365983634e-10,-1.09436341362636e-10,2.45265639552088e-10,3.16985529614789e-11,2.43573627182888e-10,-2.30097453804942e-10,-2.32646271781596e-10,1.63734926705284e-11,9.86876488013632e-11,-1.92623146381115e-10,2.5671378865445e-10,1.19725190992503e-10,2.69409671816475e-10,-5.27004177298598e-11,-5.22381163745717e-12,-1.30142910293918e-10,2.89809140074203e-10,-3.3218016879495e-11,-2.34261367852329e-10,-2.25982733304472e-10,6.62977342955248e-10,1.42509771771755e-10,1.69923231196321e-10,-1.01488311884981e-10,3.4127478886614e-10,-2.35462533563331e-10,-5.4141542907081e-10,8.20550647075942e-11,-2.84423563542861e-10,3.02056025871053e-12,4.07993798029491e-12,-1.60710719482041e-10,5.99408336936521e-11,-6.12146318669641e-10,3.24256249222732e-10,1.7137519565821e-10,-5.71676802687121e-11,2.33793941545528e-11,6.63817504415886e-10,2.18200663635356e-10,3.31087176417187e-10,-2.41071896691858e-10,2.47925249098696e-10,-2.24762345285216e-10,-1.17787387038078e-10,1.36520358638461e-11,3.27203518746575e-10,-2.48954868544217e-10,3.67745231716807e-10,-1.7980519494085e-10,-3.05094818851279e-10,-1.60459872411368e-10,-1.21026062764747e-10,-1.21660881578419e-10,-4.46381918836573e-10,-2.54996792950333e-10,-2.37862219818536e-10,1.89045072406096e-10,6.36139018785383e-11,-2.05775427670016e-10,-1.33548935339175e-10,9.83249782240365e-11,3.02134543217227e-10,-2.66063720540789e-10,3.5444583905707e-10,-3.68930976939127e-10,-1.45618878314024e-10,1.17516279612287e-10,3.55920370566175e-10,8.11892189825206e-11,-9.21441421778919e-11,3.21187629499154e-10,6.1269151407085e-11,1.71991946990636e-10,-2.03473482336353e-12,-1.48657860650309e-10,-5.06729948389299e-11,1.15423151969863e-10,-3.32198827325628e-10,2.19534693520832e-10,-1.51483776590066e-11,2.33758713679733e-10,-1.72941523418506e-10,4.15558738672521e-10,2.9129162613761e-10,-6.40942799142952e-11,-5.68201513053614e-11,1.53127040451757e-11,1.80370269556775e-10,-3.33365151881521e-10,1.73110895042798e-10,2.79835969621034e-10,-5.91487820753553e-11,4.73468791144295e-10,-8.08497591252891e-10,-7.74576166558325e-11,-3.25381162599934e-12,-1.39455541174839e-10,3.03139535453162e-10,5.41131790214538e-11,3.02302180693422e-11,2.90300741192233e-10,-2.7223206634025e-10,-1.50541238378743e-10,2.32478372669361e-10,2.38040949966233e-10,6.06828955419377e-10,-3.44113303938124e-10,-1.17948785469393e-10,1.20765103885907e-10,-7.30244376377085e-11,-3.71875418681388e-10,1.82577956502242e-11,-2.16021800640891e-10,1.04405111981283e-10,-6.22697345821728e-11,-1.77661080902691e-11,-4.49717459853817e-11,-3.73746936271132e-10,-2.78678930782181e-10,-2.31778416399265e-10,2.95227589578313e-11,3.38632315520748e-11,2.30656133998764e-10,2.26208379178765e-10,-2.39023788677138e-11,-1.23017688274353e-10,-4.7645366018643e-10,1.63482635874641e-10,2.80023739302181e-11,1.45899706360479e-10,1.60292079368182e-10,1.18878847574654e-10,-4.87800524364249e-11,-3.03328053935879e-10,3.16655964682824e-10,-7.93691326247195e-11,3.8995175565488e-11,-2.45503920923355e-10,3.85829619767791e-11,-1.22731977870648e-10,-6.29884324418707e-11,-6.71449590261148e-11,-6.77046414829308e-10,6.67217570516238e-11,7.47737707567674e-11,1.09851074999076e-10,-8.49891496126333e-11,2.39622883474299e-10,-2.73366638687304e-10,-7.17073569553258e-10,2.97352703137805e-10,-1.82194454599017e-10,-2.11881031253159e-10,5.55104127851341e-10,2.05679231824526e-10,1.41733696445264e-10,3.03803243234504e-10,6.33822180063598e-11,-1.75854176067843e-10,3.65513251231929e-11,1.41717792115321e-10,1.13004806279677e-10,1.80623651954265e-10,-4.92311943561572e-10,3.71082719200081e-10,-5.33421277558122e-11,5.13444938093225e-10,-1.94714833474016e-10,5.79619328599335e-10,2.71615753496264e-10,-2.12831227915858e-10,-2.49975473782268e-10,4.93717449051118e-10,-1.54344776882593e-10,2.81770709701328e-10,-1.16306576551434e-10,-3.42267348888351e-10,4.26456381057317e-11,2.2643258584575e-10,2.41359009563908e-10,6.694402699708e-11,4.86062673192643e-11,7.58506241651604e-11,2.5547594404402e-10,1.41207680194999e-10,1.28092382366857e-10,1.24774799798444e-10,-1.15765281481772e-10,-2.13882486545096e-10,1.93241870391342e-11,-3.26323641665488e-10,2.16512922792821e-10,2.04290011678265e-11,-1.89160758582622e-10,-2.79035750294823e-10,-5.24171309026642e-10,-6.87362625929437e-10,-6.31741592782021e-10,-1.04716727000253e-09,-1.07928041968485e-09,-1.45793230507267e-09,-1.63518623347509e-09,-1.65454795693605e-09,-1.77071965685955e-09,-2.14212537438321e-09,-2.20857710378609e-09,-2.61644935844349e-09,-2.63455870036769e-09,-3.03960484804809e-09,-3.04999703184775e-09,-3.37056136444863e-09,-3.53301778281667e-09,-4.14272456017939e-09,-3.60195559332244e-09,-4.35855572862586e-09,-3.82045552988599e-09,-4.44834002506172e-09,-4.6482484322021e-09,-5.10077236162412e-09,-5.18819323599959e-09,-5.35296220826077e-09,-5.47844321792777e-09,-6.46793893649183e-09,-6.3911729233187e-09,-6.6686667243861e-09,-6.28298580669243e-09,-6.92459065472757e-09,-7.10602788798439e-09,-7.40584165898319e-09,-7.52037974776056e-09,-7.9755470511983e-09,-7.4174908875618e-09,-7.96213699208075e-09,-8.9516532972773e-09,-8.83269227179077e-09,-8.71045515140679e-09,-8.99782960769704e-09,-9.62281036631049e-09,-9.99414874053435e-09,-1.00842755054463e-08,-1.04862097356173e-08,-1.07861003082589e-08,-1.11928765820654e-08,-1.0976876132776e-08,-1.11333958416139e-08,-1.16042546652298e-08,-1.17046709156332e-08,-1.22717227412872e-08,-1.24047409839693e-08,-1.27246968471417e-08,-1.25441784865924e-08,-1.29684491621751e-08,-1.32724527828682e-08,-1.36138518778221e-08,-1.39564686387568e-08,-1.42538593741731e-08,-1.46068610419836e-08,-1.48357542283271e-08,-1.56527827413039e-08,-1.54005337335261e-08,-1.57833312896216e-08,-1.54238236130178e-08,-1.60013702732711e-08,-1.65359984745749e-08,-1.71523857349668e-08,-1.72125535137478e-08,-1.76586759354732e-08,-1.76559774521293e-08,-1.8035934144122e-08,-1.80316780931462e-08,-1.87237052054914e-08,-1.885093643307e-08,-1.94440441308577e-08,-1.96930821571932e-08,-1.97618859418516e-08,-2.00266667222302e-08,-2.08191537260246e-08,-2.11082855648755e-08,-2.12936629821861e-08,-2.20651496203445e-08,-2.19289823237378e-08,-2.24341216899917e-08,-2.27283662153653e-08,-2.30410339812447e-08,-2.30438916974331e-08,-2.41545848164577e-08,-2.38775418858728e-08,-2.48105589284792e-08,-2.44973638574844e-08,-2.46056414501709e-08,-2.52266561648296e-08,-2.56871066053371e-08,-2.62905206984736e-08,-2.63634005065513e-08,-2.68588989109726e-08,-2.71063015997965e-08,-2.77416952831011e-08,-2.75595487838981e-08,-2.79635814496143e-08,-2.80295118155215e-08,-2.85939477898452e-08,-2.91554550226347e-08,-2.90073257793124e-08,-3.0131425809075e-08,-3.0762519558681e-08,-3.02970101329942e-08,-3.08196810776033e-08,-3.18062041117e-08,-3.15594955905232e-08,-3.17350784738082e-08,-3.24679118865559e-08,-3.26486829744543e-08,-3.35722856900648e-08,-3.33246843820107e-08,-3.3671681120678e-08,-3.39910718985939e-08,-3.43512508061991e-08,-3.41663065331464e-08,-3.51414024718504e-08,-3.58138880445328e-08,-3.59688222525172e-08,-3.6733534423431e-08,-3.69324947267633e-08,-3.71354598703541e-08,-3.7240761404271e-08,-3.76094008852739e-08,-3.76019220565466e-08,-3.82325295782914e-08,-3.8904608148891e-08,-3.91972355669443e-08,-3.92441656832865e-08,-3.94137020676642e-08,-3.99593256125975e-08,-4.04454198911062e-08,-4.03513117988515e-08,-4.06490217450197e-08,-4.08960701118817e-08,-4.13681705484921e-08,-4.12548338359512e-08,-4.1539130514105e-08,-4.17728638646225e-08,-4.25130312134272e-08,-4.23472504225202e-08,-4.24583528359446e-08,-4.24691028747902e-08,-4.25090008939235e-08,-4.32241776938338e-08,-4.29551078084184e-08,-4.31675228775288e-08,-4.32612502675293e-08,-4.32799945147295e-08,-4.24737874545099e-08,-4.30453872274927e-08,-4.3223850382393e-08,-4.32024778735327e-08,-4.29819020146326e-08,-4.22540932868602e-08,-4.2148964501322e-08,-4.1798638711276e-08,-4.17116296759964e-08,-4.13735972694294e-08,-4.09767775363513e-08,-4.04000060535576e-08,-3.98513007378777e-08,-3.89371104582001e-08,-3.87396867949563e-08,-3.7706167762216e-08,-3.63765128692849e-08,-3.54347785161198e-08,-3.42172888231042e-08,-3.32281349135088e-08,-3.19060323550663e-08,-3.05261888963839e-08,-2.9016812478355e-08,-2.6583597142818e-08,-2.50062541121266e-08,-2.25125451828703e-08,-2.03074046168686e-08,-1.73414091233344e-08,-1.43696897823621e-08,-1.09680309848007e-08,-7.54482129281647e-09,-3.33486899774645e-09,4.54821096168405e-10,5.3721484232545e-09,1.05627132252594e-08,1.65053490518979e-08,2.31135638410429e-08,3.00282631205654e-08,3.82264546139898e-08,4.7588886726842e-08,5.72734309193459e-08,6.81712795007483e-08,8.08051571454614e-08,9.47046824998177e-08,1.10738609009628e-07,1.28598102148349e-07,1.49508768087211e-07,1.72339683847506e-07,1.99265152377291e-07,2.29663836260146e-07,2.64012495559338e-07
