v,0.25
Patm,100000
g,9.81
r,500
G,10^9.4
rho,2800
mu,10^3.74
rc,20
 
M,10^5.28
sigma,0.1
 
tilt_erupt,40.2115nrad
 
-1128,-1127,-1126,-1125,-1124,-1123,-1122,-1121,-1120,-1119,-1118,-1117,-1116,-1115,-1114,-1113,-1112,-1111,-1110,-1109,-1108,-1107,-1106,-1105,-1104,-1103,-1102,-1101,-1100,-1099,-1098,-1097,-1096,-1095,-1094,-1093,-1092,-1091,-1090,-1089,-1088,-1087,-1086,-1085,-1084,-1083,-1082,-1081,-1080,-1079,-1078,-1077,-1076,-1075,-1074,-1073,-1072,-1071,-1070,-1069,-1068,-1067,-1066,-1065,-1064,-1063,-1062,-1061,-1060,-1059,-1058,-1057,-1056,-1055,-1054,-1053,-1052,-1051,-1050,-1049,-1048,-1047,-1046,-1045,-1044,-1043,-1042,-1041,-1040,-1039,-1038,-1037,-1036,-1035,-1034,-1033,-1032,-1031,-1030,-1029,-1028,-1027,-1026,-1025,-1024,-1023,-1022,-1021,-1020,-1019,-1018,-1017,-1016,-1015,-1014,-1013,-1012,-1011,-1010,-1009,-1008,-1007,-1006,-1005,-1004,-1003,-1002,-1001,-1000,-999,-998,-997,-996,-995,-994,-993,-992,-991,-990,-989,-988,-987,-986,-985,-984,-983,-982,-981,-980,-979,-978,-977,-976,-975,-974,-973,-972,-971,-970,-969,-968,-967,-966,-965,-964,-963,-962,-961,-960,-959,-958,-957,-956,-955,-954,-953,-952,-951,-950,-949,-948,-947,-946,-945,-944,-943,-942,-941,-940,-939,-938,-937,-936,-935,-934,-933,-932,-931,-930,-929,-928,-927,-926,-925,-924,-923,-922,-921,-920,-919,-918,-917,-916,-915,-914,-913,-912,-911,-910,-909,-908,-907,-906,-905,-904,-903,-902,-901,-900,-899,-898,-897,-896,-895,-894,-893,-892,-891,-890,-889,-888,-887,-886,-885,-884,-883,-882,-881,-880,-879,-878,-877,-876,-875,-874,-873,-872,-871,-870,-869,-868,-867,-866,-865,-864,-863,-862,-861,-860,-859,-858,-857,-856,-855,-854,-853,-852,-851,-850,-849,-848,-847,-846,-845,-844,-843,-842,-841,-840,-839,-838,-837,-836,-835,-834,-833,-832,-831,-830,-829,-828,-827,-826,-825,-824,-823,-822,-821,-820,-819,-818,-817,-816,-815,-814,-813,-812,-811,-810,-809,-808,-807,-806,-805,-804,-803,-802,-801,-800,-799,-798,-797,-796,-795,-794,-793,-792,-791,-790,-789,-788,-787,-786,-785,-784,-783,-782,-781,-780,-779,-778,-777,-776,-775,-774,-773,-772,-771,-770,-769,-768,-767,-766,-765,-764,-763,-762,-761,-760,-759,-758,-757,-756,-755,-754,-753,-752,-751,-750,-749,-748,-747,-746,-745,-744,-743,-742,-741,-740,-739,-738,-737,-736,-735,-734,-733,-732,-731,-730,-729,-728,-727,-726,-725,-724,-723,-722,-721,-720,-719,-718,-717,-716,-715,-714,-713,-712,-711,-710,-709,-708,-707,-706,-705,-704,-703,-702,-701,-700,-699,-698,-697,-696,-695,-694,-693,-692,-691,-690,-689,-688,-687,-686,-685,-684,-683,-682,-681,-680,-679,-678,-677,-676,-675,-674,-673,-672,-671,-670,-669,-668,-667,-666,-665,-664,-663,-662,-661,-660,-659,-658,-657,-656,-655,-654,-653,-652,-651,-650,-649,-648,-647,-646,-645,-644,-643,-642,-641,-640,-639,-638,-637,-636,-635,-634,-633,-632,-631,-630,-629,-628,-627,-626,-625,-624,-623,-622,-621,-620,-619,-618,-617,-616,-615,-614,-613,-612,-611,-610,-609,-608,-607,-606,-605,-604,-603,-602,-601,-600,-599,-598,-597,-596,-595,-594,-593,-592,-591,-590,-589,-588,-587,-586,-585,-584,-583,-582,-581,-580,-579,-578,-577,-576,-575,-574,-573,-572,-571,-570,-569,-568,-567,-566,-565,-564,-563,-562,-561,-560,-559,-558,-557,-556,-555,-554,-553,-552,-551,-550,-549,-548,-547,-546,-545,-544,-543,-542,-541,-540,-539,-538,-537,-536,-535,-534,-533,-532,-531,-530,-529,-528,-527,-526,-525,-524,-523,-522,-521,-520,-519,-518,-517,-516,-515,-514,-513,-512,-511,-510,-509,-508,-507,-506,-505,-504,-503,-502,-501,-500,-499,-498,-497,-496,-495,-494,-493,-492,-491,-490,-489,-488,-487,-486,-485,-484,-483,-482,-481,-480,-479,-478,-477,-476,-475,-474,-473,-472,-471,-470,-469,-468,-467,-466,-465,-464,-463,-462,-461,-460,-459,-458,-457,-456,-455,-454,-453,-452,-451,-450,-449,-448,-447,-446,-445,-444,-443,-442,-441,-440,-439,-438,-437,-436,-435,-434,-433,-432,-431,-430,-429,-428,-427,-426,-425,-424,-423,-422,-421,-420,-419,-418,-417,-416,-415,-414,-413,-412,-411,-410,-409,-408,-407,-406,-405,-404,-403,-402,-401,-400,-399,-398,-397,-396,-395,-394,-393,-392,-391,-390,-389,-388,-387,-386,-385,-384,-383,-382,-381,-380,-379,-378,-377,-376,-375,-374,-373,-372,-371,-370,-369,-368,-367,-366,-365,-364,-363,-362,-361,-360,-359,-358,-357,-356,-355,-354,-353,-352,-351,-350,-349,-348,-347,-346,-345,-344,-343,-342,-341,-340,-339,-338,-337,-336,-335,-334,-333,-332,-331,-330,-329,-328,-327,-326,-325,-324,-323,-322,-321,-320,-319,-318,-317,-316,-315,-314,-313,-312,-311,-310,-309,-308,-307,-306,-305,-304,-303,-302,-301,-300,-299,-298,-297,-296,-295,-294,-293,-292,-291,-290,-289,-288,-287,-286,-285,-284,-283,-282,-281,-280,-279,-278,-277,-276,-275,-274,-273,-272,-271,-270,-269,-268,-267,-266,-265,-264,-263,-262,-261,-260,-259,-258,-257,-256,-255,-254,-253,-252,-251,-250,-249,-248,-247,-246,-245,-244,-243,-242,-241,-240,-239,-238,-237,-236,-235,-234,-233,-232,-231,-230,-229,-228,-227,-226,-225,-224,-223,-222,-221,-220,-219,-218,-217,-216,-215,-214,-213,-212,-211,-210,-209,-208,-207,-206,-205,-204,-203,-202,-201,-200,-199,-198,-197,-196,-195,-194,-193,-192,-191,-190,-189,-188,-187,-186,-185,-184,-183,-182,-181,-180,-179,-178,-177,-176,-175,-174,-173,-172,-171,-170,-169,-168,-167,-166,-165,-164,-163,-162,-161,-160,-159,-158,-157,-156,-155,-154,-153,-152,-151,-150,-149,-148,-147,-146,-145,-144,-143,-142,-141,-140,-139,-138,-137,-136,-135,-134,-133,-132,-131,-130,-129,-128,-127,-126,-125,-124,-123,-122,-121,-120,-119,-118,-117,-116,-115,-114,-113,-112,-111,-110,-109,-108,-107,-106,-105,-104,-103,-102,-101,-100,-99,-98,-97,-96,-95,-94,-93,-92,-91,-90,-89,-88,-87,-86,-85,-84,-83,-82,-81,-80,-79,-78,-77,-76,-75,-74,-73,-72,-71,-70,-69,-68,-67,-66,-65,-64,-63,-62,-61,-60,-59,-58,-57,-56,-55,-54,-53,-52,-51,-50,-49,-48,-47,-46,-45,-44,-43,-42,-41,-40,-39,-38,-37,-36,-35,-34,-33,-32,-31,-30,-29,-28,-27,-26,-25,-24,-23,-22,-21,-20,-19,-18,-17,-16,-16,-15,-14,-13,-12,-11,-10,-9,-8,-7,-6,-5,-4,-3,-2,-1,0
-1.09073018713821e-11,-1.77529467610045e-10,9.89193278831109e-11,-1.30559766391131e-10,-4.31044979349682e-11,-6.17161308309323e-11,-9.07934124860069e-11,2.16962883621257e-10,-8.44534714225712e-11,-1.47350987420807e-10,1.71057834825462e-11,-1.19615402866714e-10,5.35651628476743e-11,2.04397153681736e-11,-2.66526658235181e-11,-5.41801554852434e-11,2.45222806075112e-11,-1.22040207276252e-10,-1.15344402478177e-11,1.51815448392931e-10,4.65899529474029e-11,7.91370364277095e-11,-1.48475221686786e-10,-3.84027647662187e-11,-2.18303351857512e-11,-1.32562230536461e-10,1.3816848666413e-10,1.65356985544893e-11,-6.50089094361045e-12,-3.91805553183191e-11,1.38583245657849e-11,-1.568354332744e-10,2.99327459668963e-11,2.50014754808323e-11,-7.69869460758332e-11,1.01622200334284e-10,9.57486377961457e-11,1.3420081614051e-10,5.85539938247456e-11,5.15331017345802e-11,2.52970222495077e-12,1.03239306635788e-10,9.48830655009355e-11,-4.31024567958336e-11,-3.25494984287676e-11,1.9869330203212e-11,-6.12991580831701e-11,6.93810909612663e-11,-6.77395371085468e-11,-4.97758059070939e-11,3.14659331848108e-11,7.95080428235265e-11,1.39826224904195e-10,6.41978452334513e-12,-7.52588511875205e-12,9.16563240689078e-11,1.26667587633784e-12,5.90886734573475e-11,4.95073779651065e-11,-2.30059365115801e-11,1.62767442864047e-11,7.13861594473162e-11,-1.3790722862106e-10,1.12489571182775e-11,-3.37301392835411e-11,-2.66776755007472e-11,2.25557284537498e-11,-6.32626532950626e-11,3.70292904311193e-11,8.32699005030909e-11,3.36890595124859e-11,-8.62901357834596e-11,-8.77235670625264e-11,-7.60598119303496e-11,2.1856806106733e-10,4.26879294577662e-11,-1.32801917822679e-11,-1.41857089916883e-12,-6.65276634850662e-11,-9.48171215218214e-11,-8.80049790495669e-11,-5.16565887639096e-11,1.66936178504333e-11,5.1341369617071e-11,-4.66438321447821e-11,6.40773890724081e-11,-8.80033100749895e-11,5.56876433343755e-11,-1.86973623268507e-11,-2.95578916227247e-11,1.12051513305811e-10,-8.55846340368863e-11,-2.0190383908163e-11,-7.21684170128484e-11,-1.65527140848356e-11,1.04766287210157e-10,1.28231417053174e-10,-1.45888025615096e-10,-1.50819357210005e-10,1.25511251967432e-10,3.30829747127755e-11,-1.09281013303288e-10,-7.9321123867741e-11,-9.86131190558556e-11,-7.23371364502683e-11,4.18318384029043e-11,-1.01662231072899e-10,-2.39940892296566e-10,2.00738451031579e-11,-8.88912521581717e-11,-1.89188575306602e-11,1.34369891326886e-10,5.08768381797357e-11,-3.61396480463723e-11,-1.85813755180066e-10,-4.64801373074687e-11,-1.28723554442689e-10,-1.14794584395247e-10,-1.82153719119228e-10,-4.56561310605075e-11,2.02528662300966e-10,-1.38053615785491e-10,-1.56501421981945e-10,1.01991825307059e-10,-3.76622116593663e-11,1.46171778273448e-11,5.12773848415598e-11,2.25907373914107e-11,7.05902020647637e-11,-1.6078635104874e-10,1.42927910461813e-10,4.56777889124344e-11,2.61285285896817e-11,1.34185486590884e-10,6.01171228674037e-11,4.20259845902212e-11,7.51374966068175e-11,2.53885564372353e-11,1.55114159240199e-10,8.56336644774307e-11,1.021182556003e-10,1.11176322149428e-10,6.13024259995784e-11,-1.89049559268569e-11,-6.72710886260027e-11,2.54009972259974e-11,-1.14985639815208e-10,8.71177298421291e-11,-2.03679170508357e-11,5.9215344412182e-11,1.3436043083773e-10,8.2189887053629e-12,1.60242005437374e-10,9.79928557302395e-11,-8.87362908059858e-11,-4.81156706714548e-11,-5.45946528256286e-11,-2.60996877717389e-10,3.26592734416859e-11,-1.63641410368503e-10,1.75755198080871e-10,-1.12960090153815e-10,1.0864120602898e-11,-5.43772157326966e-11,-6.99070341418803e-11,5.06614783011755e-11,5.33077882903584e-11,4.61549551572404e-11,1.38228201664127e-10,-2.38447233996263e-11,9.37173767388269e-12,-3.35513298028371e-11,-2.76824804680136e-11,2.08431833540431e-11,-4.0765335184177e-11,-1.52144315015852e-10,-5.38162922069958e-11,1.11757656312661e-10,-8.75121997216823e-11,1.68996776320803e-10,8.21882072384944e-11,9.698170711799e-11,7.63673109827081e-11,-1.97598513574345e-11,-1.24861792147858e-10,-1.25314525233298e-10,-1.22116781660667e-10,1.30490443056416e-10,-1.81331473311378e-10,-8.6915175091799e-12,6.50436539509532e-11,3.17402888436876e-12,-1.92610515614632e-10,-2.5154910665626e-10,1.0153408068436e-10,-9.56861067125034e-11,-3.27978154735644e-11,2.55524248107204e-11,1.20996555987132e-11,-8.02528972366587e-11,-1.69725796904069e-10,-2.62757078763637e-10,-3.57655389707369e-11,-1.31773641431064e-11,8.41377997164097e-11,8.75708246634439e-11,-2.13258580145991e-12,1.32537471679175e-10,4.94915081576014e-11,1.8529348393981e-10,-8.65826805469701e-11,1.97190432684105e-11,-1.25226425846075e-10,2.8213806616455e-11,5.79568854937827e-11,-1.86037076208306e-10,2.6442303939843e-11,1.97230919379114e-11,-1.62078407030626e-11,2.74628139321865e-11,4.88747970905445e-11,-2.04389898168159e-11,-1.30747322025006e-10,-1.49009198778507e-10,7.67722676567458e-11,-6.49022192384075e-11,-1.82121296057087e-10,2.22267873522195e-11,-5.91555330594644e-11,-7.34940077277422e-12,-1.223957738286e-10,3.09586468922763e-11,-4.20380942772175e-11,6.72975465959977e-11,4.01013421609545e-11,8.53585562833398e-11,6.19786451682953e-11,-5.52799456468399e-11,8.84710733670154e-11,5.8658029166358e-11,-1.03122567946488e-12,9.23093595130434e-12,-1.97936617341935e-12,-1.46639878239303e-10,2.28435861699912e-10,-5.94448891630735e-11,1.4733338061438e-10,5.02494130928269e-11,6.66063143257653e-11,-1.14169294466295e-10,4.62068294904328e-11,2.91342060017232e-11,6.39513183477069e-11,-2.71857989609911e-11,-1.01593939161092e-11,1.28269172294777e-10,-2.39786437714767e-11,1.26443680453461e-11,7.25902649175222e-11,-6.29530287164524e-11,-1.68097063304127e-11,2.95417298832075e-11,9.52809582484255e-11,-6.58605955855117e-11,1.48401397507387e-10,-8.95742103252773e-11,-4.74042344096651e-11,-1.27946217186136e-11,-7.06770740019643e-11,8.82059922634722e-11,6.12691199372738e-11,2.94277285129418e-11,-1.22576241084069e-10,-5.41136418238145e-11,-4.62938415435556e-11,-6.09222206330279e-11,-1.33065998470733e-10,-7.58210589027907e-11,6.72291958281418e-11,-2.39710516770943e-10,9.68864410303657e-11,-1.44848784161205e-10,1.29482298638337e-10,4.96189716321254e-11,1.21694985119895e-10,1.3275560603349e-10,6.22996495077457e-11,-2.38439931500046e-11,-3.21140101899228e-11,1.54714756111471e-10,1.08591546554689e-11,8.75701070354455e-11,4.30498714753978e-11,-1.41921692851292e-11,-2.34299303074957e-10,1.50972061696209e-10,1.82085931845752e-11,9.25283205398567e-11,-3.50781967489107e-11,1.94375558743538e-10,2.13155099810598e-11,-1.16034294842547e-10,3.93656272917602e-11,-8.64830665506234e-11,-1.1305474219214e-11,-6.31102548523877e-11,-5.27094900201032e-11,8.19367238500554e-11,-1.44021599021957e-10,-8.11520864727697e-11,9.32223449300936e-11,-5.83256672916749e-11,2.68681106202474e-10,2.73007500404608e-11,-6.20767308533465e-11,1.34251096575123e-10,1.35783006091233e-10,6.18708017592218e-11,-1.6215647680465e-11,-1.71388383023599e-10,2.58303647530362e-10,-7.34167946610065e-12,4.48388553600865e-11,1.45034710573726e-10,1.15864539503167e-10,-1.99413943433388e-12,1.04436144995364e-11,-6.17380954143851e-11,-1.81823152893384e-11,-3.87716356641096e-12,2.05510046454477e-12,-9.04125026160407e-11,4.60741106459472e-11,1.88033783812574e-13,1.45953897561926e-10,9.21584709579087e-11,2.84862939889087e-11,7.83531361629365e-11,1.15299778469681e-11,-1.2075983152227e-13,-1.27889083630568e-10,1.53733175120748e-10,1.02280663511248e-10,-8.65122455396958e-11,-1.30520431841188e-11,-9.50077955917857e-11,1.14310617827483e-11,1.39928126683132e-10,-5.40881585576676e-11,-6.91435832117129e-11,9.9589197302394e-11,-7.56950414617218e-11,-1.13009518774356e-10,-7.72439785822707e-11,-6.49199497665743e-11,-2.25758613185849e-11,1.15053616827293e-11,1.62201337708048e-11,4.11146831567089e-11,1.6055888754975e-10,1.66079644676504e-10,-2.05796876772997e-10,8.24946529105933e-11,-1.7225898359909e-11,3.64710450926821e-11,6.30009935218448e-11,3.14288045798785e-11,2.24212306708238e-10,-2.86140740559433e-11,-1.93636491026168e-10,1.97435069102354e-10,-7.37105966181136e-12,-1.53162265329339e-10,2.60387765322794e-11,-9.25635370346488e-11,7.52985375754108e-11,-4.25629777747859e-12,-1.42988267992202e-10,1.08165887953056e-10,1.85997819311074e-12,1.4033816366061e-10,2.49858804013178e-12,-4.37181174374253e-11,3.31163182801442e-11,-2.89432312451171e-11,5.6205327113449e-11,-1.34667688004019e-10,6.38107115348308e-11,1.70632378575208e-10,-1.1569143163101e-10,5.89797032866189e-11,4.28735064027064e-11,1.66412613927852e-11,-6.62033254781516e-12,-9.01916382475072e-11,9.63992540394122e-11,-4.35639418057202e-11,-1.38112467516757e-10,-9.16933714930279e-11,7.29343136450927e-11,4.3007871490742e-11,-1.24715806750596e-10,-7.83540728669302e-11,-6.82385091212557e-11,1.61900984090876e-10,-2.41077787132994e-10,1.18666143237983e-11,1.58986091470478e-10,-4.75425318029286e-12,5.31937718050455e-11,2.42145606135359e-11,2.69402712120659e-11,3.93413611325332e-11,2.37569603644545e-10,5.00159846626648e-11,-9.61341748753159e-11,-4.00728592327032e-11,5.24381714833717e-11,-2.93513994937466e-12,2.16730331628173e-11,-1.56086308406733e-10,4.72645940280358e-11,-6.9856022516887e-11,-1.61051703655076e-11,7.95940434021515e-11,1.81667120089442e-10,-8.68517935748737e-11,-6.1649891657788e-11,1.12225126912822e-10,1.29392869816107e-10,-1.39030151951197e-10,5.20043747175e-11,6.98242508214104e-11,5.56236218966929e-11,2.36310479963293e-12,-2.4728677240492e-11,-1.30745275685181e-10,1.33899396629003e-10,2.92901569379896e-11,6.89549743629679e-11,1.29298904745552e-11,2.97211993134862e-12,-9.4512113344023e-11,7.12069122145415e-11,-7.86480347300425e-11,-9.78874872086665e-11,-5.98745013514203e-11,1.5425503740744e-10,1.61351715685711e-11,-4.09019832554369e-11,-1.00772240388692e-10,-1.18140800306407e-10,-5.97646835712805e-11,1.07420181420789e-10,-9.98673434918729e-11,4.98992225491553e-11,-4.7930890089647e-11,2.68990255303641e-11,6.53609368232901e-11,-9.56808500752486e-11,2.26364184335446e-11,1.12422879198754e-10,7.39831353275324e-11,6.81873414284413e-11,-8.76961586376411e-11,-1.06715482736752e-10,3.30635366543431e-11,-2.8976480404308e-11,-3.18612859502319e-12,6.96104328407718e-11,-1.05671469137954e-10,-4.92567310854133e-11,-8.47691712802184e-11,6.4265202033436e-11,1.61587919610928e-10,1.07598501017098e-10,-3.23430703312775e-10,-6.70475008828253e-11,5.76168259512234e-12,1.01905319258781e-10,5.4400440630231e-11,2.8152190358475e-11,1.42425859740187e-10,-1.21926889857031e-10,1.85196170062553e-10,-1.15184345033374e-11,7.74968363309621e-11,-6.86672645376735e-11,9.39578830734968e-11,-1.37294897290358e-10,-6.63923965345957e-11,-2.00316841655451e-10,1.65480044706916e-12,9.429967832984e-11,-6.73196568124767e-11,-1.29093689759346e-10,-6.28991262716312e-11,4.47980639107488e-11,-5.12080553831407e-11,2.19024248776916e-11,4.88305092747753e-11,-6.42624695210434e-11,1.2662273077662e-10,1.02423519137891e-11,-1.10838494839842e-10,-1.04808724314779e-12,-1.82426093797994e-10,8.53486800002473e-11,-1.65001504830492e-11,7.45027608944507e-11,-5.69782846763442e-11,-2.28595224574758e-11,1.07254320588576e-11,-1.41658641699033e-10,7.80978936962864e-11,1.24854976525461e-10,6.56333440023124e-12,-1.43594674217437e-10,1.30346416496777e-10,-5.40343613224611e-11,-7.81932195707262e-11,-1.18730929010765e-10,-1.68031546478303e-10,1.68639617762517e-10,-8.67359702995375e-11,8.05619001976232e-11,-2.29309463316507e-12,1.58263813492737e-10,-8.13081215872028e-11,-6.36616348279604e-11,7.91285226942943e-11,-1.77628287804321e-10,-7.54735352468912e-12,-1.46311267404844e-10,-4.40528369198098e-11,8.39022489481846e-12,3.13259463522705e-11,-2.33492068264789e-10,-3.53269403841238e-11,1.87662260876359e-10,-1.57337377943103e-10,-2.09983652591011e-11,-1.33335479666469e-10,-6.84749894841802e-11,1.05161875368403e-11,2.18079068947233e-10,1.06744549637034e-10,7.16345846888624e-11,3.43669604347854e-11,1.35977061169427e-10,1.82808218057332e-10,1.57937611106656e-11,-6.68304187126451e-11,9.23748794587815e-11,-6.36931760288466e-11,4.60041329140317e-13,1.07972858184492e-10,3.91311593047772e-11,-8.78504199849237e-11,-1.93378265617884e-10,4.60234408291081e-11,1.28828887197785e-10,4.48098030080855e-11,3.5759955803019e-11,-3.77295524712685e-12,9.39694115798297e-11,-4.4278530189377e-11,-4.71167298591777e-11,5.31736686860279e-11,9.57321926258706e-11,-1.16088319970086e-10,1.25876825183631e-10,1.44603689563008e-10,-2.540798775576e-11,-2.21007936877214e-11,1.91994141835848e-11,-2.72411173105289e-11,-6.47032343770728e-11,6.80474298136886e-11,4.51657140567123e-11,6.50505283665539e-11,-1.93114195103435e-10,-1.72366245952596e-10,3.34811559276991e-11,-4.82325586292917e-11,5.62653375987274e-11,1.41764729814227e-11,-1.63990357600708e-11,1.8626145278097e-10,3.18661674759e-11,-6.43850306839442e-11,-4.06260161517748e-12,-1.85160680690419e-10,-2.09085999312444e-10,1.2334147967306e-10,-6.58684378050667e-11,-1.06009250330676e-11,-2.46708479682202e-10,5.95407255368036e-11,2.7029030991269e-10,3.5280563422653e-11,4.93459924018141e-11,7.25656404508531e-11,3.07293499189094e-11,-3.19909664412934e-11,-1.22610258384302e-11,-8.28878072836984e-11,-5.71751769229217e-11,5.61347261324821e-12,9.88586587799939e-11,8.010818129982e-12,-2.15359399373332e-10,2.87887455840704e-10,-1.43588802780534e-10,4.41431517147726e-11,-6.12932340667558e-11,7.558655269245e-11,-6.77285182000152e-11,-1.59644239567493e-11,-6.95964673646254e-11,-2.64713296953051e-11,4.90674737767306e-11,1.26375019094972e-10,-7.12185519787359e-11,-7.63706840567211e-11,7.78748957574337e-11,2.41184066244004e-11,-1.91696029190098e-10,-8.64808325973249e-11,7.30249516115212e-11,-3.22453335351224e-12,1.29712628463486e-10,-8.03624674829059e-11,-9.9176637444946e-11,6.17764679468051e-11,6.61826346525528e-12,4.23016505890806e-11,1.63243720483807e-10,1.67476378119111e-10,1.43346271433756e-10,-5.38861861852159e-11,3.31899966003291e-11,-1.16269390619515e-10,-1.66734172701143e-10,8.04177727939854e-11,1.43297214404119e-11,-2.11460083475698e-10,-4.52450142048199e-11,1.56617228855771e-10,2.13049584840091e-11,8.35908803609992e-11,-1.2836453726726e-11,7.10347537952787e-11,3.00130896963175e-11,-1.74902159704342e-10,2.38673157425268e-10,-1.00546473129912e-10,-4.48231767605903e-11,1.4348265772634e-10,1.66518896820422e-10,1.67818403288944e-10,3.87897252446621e-11,7.77195900827472e-11,1.61171499748598e-11,-3.41954070960434e-11,7.10160583166877e-11,8.50158001051848e-11,-9.12321709447655e-11,1.35199618725302e-10,-7.91618173739993e-13,-2.0719215824541e-12,2.67007550215831e-11,6.28403194836852e-12,4.93550086307494e-11,6.4020851748777e-11,1.49711540483855e-10,-1.24246540391672e-10,-5.19592918814019e-11,-6.66518229828213e-11,-4.16776149857897e-11,1.34948795009059e-11,2.88053163032352e-11,5.22520090304624e-11,5.56775096327972e-11,-2.12805234768739e-11,-1.14243443437891e-10,-6.38191025133038e-11,-9.74731864556285e-13,-1.04002982785164e-10,9.723513223938e-11,2.68246186350477e-11,4.03039652205521e-11,5.7141586347261e-11,6.92112664911484e-11,-5.16459476432435e-12,3.25194806262285e-11,1.42155803678751e-10,-9.99847141854803e-11,5.26321620851667e-11,5.5915733706939e-11,9.78497196605667e-11,-1.18236152450574e-11,8.39901317073988e-11,-1.36041210004379e-10,6.13017415269195e-11,8.84421268726034e-11,1.87613759229262e-10,-1.41903343357302e-10,-1.19635776864213e-10,-2.05363146162497e-10,-8.29422387331041e-11,-6.52991071274346e-11,-2.01587996619377e-12,-9.9579277502312e-11,-4.29573565396072e-11,7.06070373462425e-11,1.04876221643782e-10,-2.4143620553719e-12,-1.09007626268713e-10,1.4231000206319e-10,-1.05749595247198e-10,5.57817099834674e-12,-6.83702189375576e-11,1.5340727486056e-10,1.58051954932467e-11,-8.76853536217316e-11,1.1512162086574e-10,-6.28480294722141e-11,9.84779956164871e-11,-8.17514006458303e-11,-5.8340171055608e-11,1.38526570656914e-10,1.82468570813243e-11,2.58756501444404e-10,-1.56742586661794e-10,8.65143452592596e-11,-6.33195877082894e-11,-1.96616628625201e-10,2.03348651065008e-11,1.69953214383904e-10,-7.6062572656825e-11,-1.72186788956333e-10,-4.43982015245699e-12,3.09409611476109e-11,4.37409662742593e-11,9.53084705242332e-12,-5.26700006354058e-11,6.94961777552297e-11,6.63729121929381e-11,-1.77354497808531e-13,1.73681149281874e-10,6.27152837309459e-11,-1.84241560386049e-10,-2.10558083722369e-11,-1.37601511023281e-10,-2.09550047145418e-10,2.27204674952059e-10,1.92973786135067e-10,6.05450547753009e-11,-8.24893765459504e-11,-4.46192271585298e-11,1.37550201595697e-10,-7.30423388585346e-12,-1.01260221288783e-10,6.49348579374914e-11,7.49899044714215e-11,1.83637267410151e-11,6.15654064119778e-11,-3.18833515146996e-11,-1.38794966457987e-10,-9.49741406309978e-11,1.18481241528074e-10,1.41264110575961e-11,-4.57378825607143e-11,-7.04058349183841e-11,1.18571373142797e-10,-1.14548777183606e-10,7.73867260574101e-11,-4.7461948948339e-11,-2.45592367115202e-10,2.23432356435644e-11,1.92165107606619e-11,-9.4632130250006e-11,-6.84313988136806e-11,-1.40625735675591e-10,-1.08271492820291e-11,1.42237831423465e-10,-7.69914854856231e-12,-1.98174987494414e-11,3.82071968571388e-11,4.66540722631801e-11,-4.30118827490015e-11,8.98758460742248e-11,1.80728931118246e-10,9.84545926105394e-11,-1.83919385968777e-10,-1.65009068195758e-10,-7.28294197457824e-11,6.49818313293675e-11,6.74319521668957e-11,1.56128603075427e-11,-1.6553422209103e-10,-2.37174511134927e-10,-1.89680887124584e-11,-9.44935902726008e-11,-4.0426736724302e-12,-3.23388056163958e-11,-1.6564816238075e-10,1.3241435663246e-10,-5.73938910484174e-11,4.43733324870898e-11,7.16965249644181e-11,-1.09874654591452e-10,9.33300386603682e-11,-7.24868753895112e-11,1.38032503013862e-10,9.33217019217249e-11,-4.66880926129122e-11,-9.23216886922051e-12,-1.02218520150386e-10,-6.28961540977116e-11,1.11070208544772e-10,-4.22585275175755e-11,-1.12751797883189e-10,6.90760848998538e-12,-6.7654810041703e-12,-8.79780922340593e-11,-1.67116848815253e-10,5.37777101812904e-11,3.09544452720932e-11,-5.50930323792886e-11,-7.83299109993642e-11,-4.12724541633639e-11,2.11912164770031e-11,7.82082446197445e-11,4.40336757997871e-11,1.30951614743066e-11,-9.61315893884128e-11,-5.25693071639451e-12,2.11250262093665e-11,8.89708967158964e-12,-3.40550321065253e-11,8.45961606922465e-11,5.6047231995203e-11,2.13765856568318e-10,-3.13752703754994e-11,5.68905733676837e-11,-3.06831925005703e-11,2.10203503010746e-11,-6.77621221045855e-11,-2.85431839586791e-11,1.86443336723937e-10,-2.79740604153766e-10,6.63039265456484e-12,4.71508287941398e-11,-1.19061275794174e-10,-1.1477965936886e-11,-1.59213664853787e-10,-9.75218146737731e-11,9.29947224897242e-11,5.79525387748731e-11,6.10397998773087e-11,-6.49514893847557e-11,-9.58175847102817e-11,-4.65680501639794e-11,4.96233123896266e-11,1.67004813546717e-10,1.21302139179523e-10,1.34508861174463e-10,-4.90472199183852e-11,-1.05740157802511e-10,-6.57105767286142e-11,-1.50750082338719e-10,-2.4783362073291e-11,1.41402723052544e-10,-3.61027908149269e-11,5.51703671667133e-11,5.43509407429367e-11,2.7487748191014e-11,-6.95728415806835e-12,1.16887397860707e-11,-7.34494901861146e-11,1.80413349632011e-10,2.11333631170849e-10,-1.51855508821711e-10,4.39533456185323e-11,1.52255959112995e-10,4.71492651887829e-11,2.06855833773003e-10,-8.84221989260945e-11,-1.25947649039347e-10,2.72717502549655e-10,2.31996568276718e-10,4.28181763220862e-12,-2.04909503594464e-11,1.35586212180248e-10,7.21288046494241e-11,-3.66669177974306e-11,5.91970411413459e-11,-9.75492520197881e-12,4.34620688554633e-11,-1.1774945114524e-11,7.33324702888453e-11,6.3692540955213e-11,-1.9172921599707e-11,9.5766508560181e-14,3.29013676344137e-12,-8.11666469785886e-11,7.01322942310336e-12,5.47517975114444e-11,-9.34077001323216e-11,-2.70302544641675e-11,2.02940839634795e-11,5.59944832389866e-11,8.03818889349075e-11,-3.06200244300001e-11,-8.46541058739261e-11,7.42374894719891e-11,-4.1441110275692e-11,9.48226982251256e-11,1.3253876155323e-10,-3.21871534677393e-11,-5.22730029014596e-11,1.424887623175e-10,-4.40284671309469e-12,-3.71581003561825e-11,-3.4382922628616e-11,1.59156053763582e-10,-4.99438442821421e-11,-8.94344400246954e-11,-1.67447958565602e-11,-5.95612528926452e-11,2.58896039477907e-11,-4.85200855304945e-11,3.2568773799734e-11,1.03375479856246e-10,-3.4066885493026e-11,2.00753018583916e-11,-2.90890383370599e-11,1.59777833926924e-10,-6.04011964003909e-11,-1.41598555714489e-10,-3.26052530260591e-11,1.15130767321187e-11,3.40135401980355e-11,5.22590698050938e-12,8.39742920288633e-11,2.03857285566885e-10,-3.82283931249988e-11,1.41875464450189e-10,-6.54299776243127e-11,5.053607524767e-11,-1.66588045935039e-10,1.80287331399691e-10,-1.13933269837456e-10,2.90204499678817e-10,5.79236770461772e-11,1.56914666195966e-10,-3.25393246673301e-11,1.62096402958714e-10,3.35436064490467e-11,-1.70591694355555e-10,2.29649893079489e-10,-1.81828398269865e-10,-1.35945828118395e-11,6.47298792550947e-11,1.00814585289634e-10,6.50358707192104e-11,1.37592340460367e-10,6.33737489369554e-11,-9.01782952531182e-11,-6.00251838946786e-11,-3.25427261755636e-11,-1.34864271006048e-10,-6.66219712390894e-11,-8.14448505498914e-11,2.74177631109264e-11,-8.36735417427213e-11,-1.36533248451645e-10,-5.54022214690669e-11,-1.09628211896261e-10,6.17478354000366e-11,1.04910061416884e-10,1.22532820119326e-10,-7.85090238624825e-11,-6.46690383813129e-11,-2.23899777675307e-10,4.17187717065056e-11,9.24867515606071e-12,-1.96231499059908e-10,1.21348536951252e-11,-5.5062212088812e-11,6.81955757614871e-11,6.96263623388837e-11,6.868065169017e-12,4.60278027896182e-11,6.7584830470653e-11,6.12605433555387e-11,7.19576982584195e-11,-7.52817829860404e-11,4.83091973458767e-11,1.32392115980875e-11,-7.07063076812095e-11,1.15325987930587e-10,6.59234465684666e-11,5.8145141446634e-11,-4.70378977349694e-11,1.93631399876887e-10,-2.95860908437353e-10,-2.84065948408089e-11,-7.99755231357019e-11,-3.45892174541944e-11,1.55905484595411e-10,1.50543927873398e-10,2.25052482050975e-10,-1.28054252134198e-10,-8.93985433092243e-11,1.40357362528933e-10,1.14898364792456e-10,1.26164639251635e-10,1.64898066426106e-10,2.92474023761718e-11,-6.11530617895247e-11,6.72035096632898e-11,8.26778292215999e-11,4.35271380941917e-12,-4.93036334349386e-11,7.7147057644903e-11,1.83547420619038e-10,9.21713006935547e-11,-6.59556928145696e-11,1.92096984523972e-10,2.81526519646014e-10,-4.04189465502736e-11,2.88251809603101e-11,2.89468507808574e-11,-8.75747518114282e-11,8.6025282206562e-11,6.00017380535064e-12,-9.1434088877401e-11,-1.29888962199025e-10,7.06380935318988e-11,-4.80545119401437e-11,-7.29821149919752e-11,-3.5904525348225e-10,-3.88627546914052e-11,-1.13799533780306e-10,-2.18155382167982e-11,1.48657114794435e-10,-1.15269765904767e-10,-8.36971957793769e-11,-4.8635366623241e-11,-2.2284233205543e-11,-1.72754989120387e-10,-5.9216551876308e-11,-1.51686205824869e-10,-8.73945034228818e-11,-8.26547873295798e-12,1.49258875600473e-10,-5.81613377464834e-11,-8.45990098944226e-11,2.20348675548606e-10,-1.45279075570817e-10,-1.5349245901655e-10,7.76772244519669e-11,-9.41777845644501e-12,-6.1819003556797e-11,-3.84012610615385e-11,-2.6304631253066e-11,-8.20393696539179e-12,3.82438917681379e-11,-2.86316865150261e-11,-4.11034801651959e-11,-4.90310491070873e-11,-1.11157585941197e-10,-2.20892332725057e-10,-2.86717967229473e-12,5.80977363547003e-11,1.87263537497861e-10,-3.9640137191606e-11,1.66104060496288e-10,6.92907439535129e-11,1.00279624508218e-11,-2.06327475055805e-10,6.06557545524723e-11,-4.64060487819932e-11,-5.05482209783797e-11,-1.07802783471145e-10,-2.4024493966892e-13,-4.15155943432564e-11,-1.21302494866992e-10,-5.29424830198213e-11,8.96606695365716e-12,2.04254108252888e-10,4.55522314358986e-11,-1.28109391169407e-11,1.26085791477889e-10,-9.8937703135e-11,3.38639612080534e-11,5.86865086762046e-11,-3.08339102829269e-11,-3.10185904600542e-11,-1.98299868067927e-10,-5.55308220342113e-11,6.54007939734188e-11,-8.30933527928645e-11,1.28844515885414e-10,4.64230040663013e-11,4.55792795187785e-12,4.09756165635412e-11,9.28109958032087e-11,4.14166809989903e-11,1.90977398879258e-10,2.79491379636434e-12,7.85799626905781e-10,1.67061735776371e-09,2.35095969904996e-09,3.42024822095051e-09,4.64649251105933e-09,5.97142211245945e-09,7.35445214447078e-09,9.03416261545121e-09,1.11480719787857e-08,1.34882862904288e-08,1.58844707746155e-08,1.91641297188627e-08,2.2583056557447e-08,2.68542421911086e-08,3.22675359706554e-08,4.01385572706466e-08
