v,0.25
Patm,100000
g,9.81
r,500
G,10^9.4
rho,2800
mu,10^3.74
rc,20
 
M,10^6.29
sigma,0.1
 
tilt_erupt,264.5587nrad
 
-1469,-1468,-1467,-1466,-1465,-1464,-1463,-1462,-1461,-1460,-1459,-1458,-1457,-1456,-1455,-1454,-1453,-1452,-1451,-1450,-1449,-1448,-1447,-1446,-1445,-1444,-1443,-1442,-1441,-1440,-1439,-1438,-1437,-1436,-1435,-1434,-1433,-1432,-1431,-1430,-1429,-1428,-1427,-1426,-1425,-1424,-1423,-1422,-1421,-1420,-1419,-1418,-1417,-1416,-1415,-1414,-1413,-1412,-1411,-1410,-1409,-1408,-1407,-1406,-1405,-1404,-1403,-1402,-1401,-1400,-1399,-1398,-1397,-1396,-1395,-1394,-1393,-1392,-1391,-1390,-1389,-1388,-1387,-1386,-1385,-1384,-1383,-1382,-1381,-1380,-1379,-1378,-1377,-1376,-1375,-1374,-1373,-1372,-1371,-1370,-1369,-1368,-1367,-1366,-1365,-1364,-1363,-1362,-1361,-1360,-1359,-1358,-1357,-1356,-1355,-1354,-1353,-1352,-1351,-1350,-1349,-1348,-1347,-1346,-1345,-1344,-1343,-1342,-1341,-1340,-1339,-1338,-1337,-1336,-1335,-1334,-1333,-1332,-1331,-1330,-1329,-1328,-1327,-1326,-1325,-1324,-1323,-1322,-1321,-1320,-1319,-1318,-1317,-1316,-1315,-1314,-1313,-1312,-1311,-1310,-1309,-1308,-1307,-1306,-1305,-1304,-1303,-1302,-1301,-1300,-1299,-1298,-1297,-1296,-1295,-1294,-1293,-1292,-1291,-1290,-1289,-1288,-1287,-1286,-1285,-1284,-1283,-1282,-1281,-1280,-1279,-1278,-1277,-1276,-1275,-1274,-1273,-1272,-1271,-1270,-1269,-1268,-1267,-1266,-1265,-1264,-1263,-1262,-1261,-1260,-1259,-1258,-1257,-1256,-1255,-1254,-1253,-1252,-1251,-1250,-1249,-1248,-1247,-1246,-1245,-1244,-1243,-1242,-1241,-1240,-1239,-1238,-1237,-1236,-1235,-1234,-1233,-1232,-1231,-1230,-1229,-1228,-1227,-1226,-1225,-1224,-1223,-1222,-1221,-1220,-1219,-1218,-1217,-1216,-1215,-1214,-1213,-1212,-1211,-1210,-1209,-1208,-1207,-1206,-1205,-1204,-1203,-1202,-1201,-1200,-1199,-1198,-1197,-1196,-1195,-1194,-1193,-1192,-1191,-1190,-1189,-1188,-1187,-1186,-1185,-1184,-1183,-1182,-1181,-1180,-1179,-1178,-1177,-1176,-1175,-1174,-1173,-1172,-1171,-1170,-1169,-1168,-1167,-1166,-1165,-1164,-1163,-1162,-1161,-1160,-1159,-1158,-1157,-1156,-1155,-1154,-1153,-1152,-1151,-1150,-1149,-1148,-1147,-1146,-1145,-1144,-1143,-1142,-1141,-1140,-1139,-1138,-1137,-1136,-1135,-1134,-1133,-1132,-1131,-1130,-1129,-1128,-1127,-1126,-1125,-1124,-1123,-1122,-1121,-1120,-1119,-1118,-1117,-1116,-1115,-1114,-1113,-1112,-1111,-1110,-1109,-1108,-1107,-1106,-1105,-1104,-1103,-1102,-1101,-1100,-1099,-1098,-1097,-1096,-1095,-1094,-1093,-1092,-1091,-1090,-1089,-1088,-1087,-1086,-1085,-1084,-1083,-1082,-1081,-1080,-1079,-1078,-1077,-1076,-1075,-1074,-1073,-1072,-1071,-1070,-1069,-1068,-1067,-1066,-1065,-1064,-1063,-1062,-1061,-1060,-1059,-1058,-1057,-1056,-1055,-1054,-1053,-1052,-1051,-1050,-1049,-1048,-1047,-1046,-1045,-1044,-1043,-1042,-1041,-1040,-1039,-1038,-1037,-1036,-1035,-1034,-1033,-1032,-1031,-1030,-1029,-1028,-1027,-1026,-1025,-1024,-1023,-1022,-1021,-1020,-1019,-1018,-1017,-1016,-1015,-1014,-1013,-1012,-1011,-1010,-1009,-1008,-1007,-1006,-1005,-1004,-1003,-1002,-1001,-1000,-999,-998,-997,-996,-995,-994,-993,-992,-991,-990,-989,-988,-987,-986,-985,-984,-983,-982,-981,-980,-979,-978,-977,-976,-975,-974,-973,-972,-971,-970,-969,-968,-967,-966,-965,-964,-963,-962,-961,-960,-959,-958,-957,-956,-955,-954,-953,-952,-951,-950,-949,-948,-947,-946,-945,-944,-943,-942,-941,-940,-939,-938,-937,-936,-935,-934,-933,-932,-931,-930,-929,-928,-927,-926,-925,-924,-923,-922,-921,-920,-919,-918,-917,-916,-915,-914,-913,-912,-911,-910,-909,-908,-907,-906,-905,-904,-903,-902,-901,-900,-899,-898,-897,-896,-895,-894,-893,-892,-891,-890,-889,-888,-887,-886,-885,-884,-883,-882,-881,-880,-879,-878,-877,-876,-875,-874,-873,-872,-871,-870,-869,-868,-867,-866,-865,-864,-863,-862,-861,-860,-859,-858,-857,-856,-855,-854,-853,-852,-851,-850,-849,-848,-847,-846,-845,-844,-843,-842,-841,-840,-839,-838,-837,-836,-835,-834,-833,-832,-831,-830,-829,-828,-827,-826,-825,-824,-823,-822,-821,-820,-819,-818,-817,-816,-815,-814,-813,-812,-811,-810,-809,-808,-807,-806,-805,-804,-803,-802,-801,-800,-799,-798,-797,-796,-795,-794,-793,-792,-791,-790,-789,-788,-787,-786,-785,-784,-783,-782,-781,-780,-779,-778,-777,-776,-775,-774,-773,-772,-771,-770,-769,-768,-767,-766,-765,-764,-763,-762,-761,-760,-759,-758,-757,-756,-755,-754,-753,-752,-751,-750,-749,-748,-747,-746,-745,-744,-743,-742,-741,-740,-739,-738,-737,-736,-735,-734,-733,-732,-731,-730,-729,-728,-727,-726,-725,-724,-723,-722,-721,-720,-719,-718,-717,-716,-715,-714,-713,-712,-711,-710,-709,-708,-707,-706,-705,-704,-703,-702,-701,-700,-699,-698,-697,-696,-695,-694,-693,-692,-691,-690,-689,-688,-687,-686,-685,-684,-683,-682,-681,-680,-679,-678,-677,-676,-675,-674,-673,-672,-671,-670,-669,-668,-667,-666,-665,-664,-663,-662,-661,-660,-659,-658,-657,-656,-655,-654,-653,-652,-651,-650,-649,-648,-647,-646,-645,-644,-643,-642,-641,-640,-639,-638,-637,-636,-635,-634,-633,-632,-631,-630,-629,-628,-627,-626,-625,-624,-623,-622,-621,-620,-619,-618,-617,-616,-615,-614,-613,-612,-611,-610,-609,-608,-607,-606,-605,-604,-603,-602,-601,-600,-599,-598,-597,-596,-595,-594,-593,-592,-591,-590,-589,-588,-587,-586,-585,-584,-583,-582,-581,-580,-579,-578,-577,-576,-575,-574,-573,-572,-571,-570,-569,-568,-567,-566,-565,-564,-563,-562,-561,-560,-559,-558,-557,-556,-555,-554,-553,-552,-551,-550,-549,-548,-547,-546,-545,-544,-543,-542,-541,-540,-539,-538,-537,-536,-535,-534,-533,-532,-531,-530,-529,-528,-527,-526,-525,-524,-523,-522,-521,-520,-519,-518,-517,-516,-515,-514,-513,-512,-511,-510,-509,-508,-507,-506,-505,-504,-503,-502,-501,-500,-499,-498,-497,-496,-495,-494,-493,-492,-491,-490,-489,-488,-487,-486,-485,-484,-483,-482,-481,-480,-479,-478,-477,-476,-475,-474,-473,-472,-471,-470,-469,-468,-467,-466,-465,-464,-463,-462,-461,-460,-459,-458,-457,-456,-455,-454,-453,-452,-451,-450,-449,-448,-447,-446,-445,-444,-443,-442,-441,-440,-439,-438,-437,-436,-435,-434,-433,-432,-431,-430,-429,-428,-427,-426,-425,-424,-423,-422,-421,-420,-419,-418,-417,-416,-415,-414,-413,-412,-411,-410,-409,-408,-407,-406,-405,-404,-403,-402,-401,-400,-399,-398,-397,-396,-395,-394,-393,-392,-391,-390,-389,-388,-387,-386,-385,-384,-383,-382,-381,-380,-379,-378,-377,-376,-375,-374,-373,-372,-371,-370,-369,-368,-367,-366,-365,-364,-363,-362,-361,-360,-359,-358,-357,-356,-355,-354,-353,-352,-351,-350,-349,-348,-347,-346,-345,-344,-343,-342,-341,-340,-339,-338,-337,-336,-335,-334,-333,-332,-331,-330,-329,-328,-327,-326,-325,-324,-323,-322,-321,-320,-319,-318,-317,-316,-315,-314,-313,-312,-311,-310,-309,-308,-307,-306,-305,-304,-303,-302,-301,-300,-299,-298,-297,-296,-295,-294,-293,-292,-291,-290,-289,-288,-287,-286,-285,-284,-283,-282,-281,-280,-279,-278,-277,-276,-275,-274,-273,-272,-271,-270,-269,-268,-267,-266,-265,-264,-263,-262,-261,-260,-259,-258,-257,-256,-255,-254,-253,-252,-251,-250,-249,-248,-247,-246,-245,-244,-243,-242,-241,-240,-239,-238,-237,-236,-235,-234,-233,-232,-231,-230,-229,-228,-227,-226,-225,-224,-223,-222,-221,-220,-219,-218,-217,-216,-215,-214,-213,-212,-211,-210,-209,-208,-208,-207,-206,-205,-204,-203,-202,-201,-200,-199,-198,-197,-196,-195,-194,-193,-192,-191,-190,-189,-188,-187,-186,-185,-184,-183,-182,-181,-180,-179,-178,-177,-176,-175,-174,-173,-172,-171,-170,-169,-168,-167,-166,-165,-164,-163,-162,-161,-160,-159,-158,-157,-156,-155,-154,-153,-152,-151,-150,-149,-148,-147,-146,-145,-144,-143,-142,-141,-140,-139,-138,-137,-136,-135,-134,-133,-132,-131,-130,-129,-128,-127,-126,-125,-124,-123,-122,-121,-120,-119,-118,-117,-116,-115,-114,-113,-112,-111,-110,-109,-108,-107,-106,-105,-104,-103,-102,-101,-100,-99,-98,-97,-96,-95,-94,-93,-92,-91,-90,-89,-88,-87,-86,-85,-84,-83,-82,-81,-80,-79,-78,-77,-76,-75,-74,-73,-72,-71,-70,-69,-68,-67,-66,-65,-64,-63,-62,-61,-60,-59,-58,-57,-56,-55,-54,-53,-52,-51,-50,-49,-48,-47,-46,-45,-44,-43,-42,-41,-40,-39,-38,-37,-36,-35,-34,-33,-32,-31,-30,-29,-28,-27,-26,-25,-24,-23,-22,-21,-20,-19,-18,-17,-16,-15,-14,-13,-12,-11,-10,-9,-8,-7,-6,-5,-4,-3,-2,-1,0
-1.10739377552435e-10,-4.71401340895808e-11,-1.00101563664056e-11,2.41766910408583e-10,-1.40866053010614e-10,2.31927830121299e-10,1.73238606831512e-11,4.70226673581033e-11,-1.31134233356393e-11,1.08148267943238e-10,-1.1770756304629e-10,1.45863388001256e-10,-4.5044821125004e-11,-4.72925453995564e-11,-5.08190225378238e-11,1.28549910025871e-11,-8.88231295143331e-11,-1.79610934563813e-11,3.00370548816393e-10,3.95602811036744e-11,-4.69022258289793e-11,-9.24216364273997e-11,-2.61379410644664e-11,-6.09239945614774e-11,1.05166825898293e-10,1.51761261969637e-11,-1.23737882719661e-11,-1.27780163615553e-10,-9.19634397926354e-11,-6.56768186155931e-11,-1.69842748875151e-10,7.17557966814462e-11,-8.52324157098876e-11,9.96883290977783e-13,-5.21197088520101e-11,-2.03489482622131e-11,1.80924867418785e-10,-5.09179622924578e-12,-2.62275295317326e-12,-1.14186579894528e-10,2.19330848750442e-13,-2.04406845917012e-10,5.87191926911658e-11,-1.16036259026795e-10,1.59137982685169e-10,6.54299915613885e-11,1.30260018282807e-10,-1.74507073361909e-11,9.31606849420469e-11,2.47861599288975e-11,-2.76421964833654e-12,-9.30444808295736e-12,1.76858657154483e-10,-2.45380199477281e-10,-2.3293597356733e-11,-9.89411595106131e-11,-2.62471514848464e-10,1.22506020564143e-11,6.29849366249748e-11,7.4333520262146e-11,6.15968475742796e-11,1.65372533147906e-11,-2.78338356274403e-11,2.78399877061688e-11,1.93229944489808e-11,1.09037403707646e-11,-1.47908640843163e-11,6.22660944192046e-11,2.02573571405071e-11,3.32976352651098e-11,2.10754276914605e-10,-1.75479199679977e-10,-9.07103384628072e-11,-7.07624920392061e-11,6.68572025896209e-11,-2.98295657773718e-11,-4.81341536523264e-11,-1.98758001231459e-11,1.55014411445946e-10,2.5082147662111e-10,-9.86279846983465e-12,7.00210327888628e-11,1.13700914143545e-10,-1.20805482007739e-11,-6.39724036436542e-11,1.99641483417651e-10,2.12459424901138e-11,-6.78256626443456e-11,4.22270678742616e-11,-1.50549111978527e-10,2.10294280455315e-10,-2.29914071317815e-11,-5.92581675772841e-11,-9.55816884748667e-11,2.21525658286315e-11,-1.28334579657137e-10,1.88292241223536e-11,-3.80429638309519e-11,1.17388492124002e-10,-3.02180732529947e-11,-1.26231083235739e-10,3.72107312434821e-11,-1.14857375724212e-10,-2.76524838508832e-11,3.0712817818712e-10,-2.62078778652199e-10,9.29196409146947e-11,-6.62148925322108e-11,-1.68182004871123e-11,-4.17896753656654e-11,-3.88299741822795e-11,9.09289831229308e-11,-1.03815759962032e-10,-1.47065920743656e-10,-8.41819850972044e-11,-9.54305262376371e-11,7.61197883143008e-11,-8.18034874370119e-11,8.34707087137421e-11,-1.35344861425513e-10,-1.62942425072728e-11,1.12073207205153e-10,-1.40183494761794e-10,-6.29422750238833e-11,-1.00764839349285e-10,-8.64210163950422e-12,-1.58229504901641e-10,7.4781378832741e-11,-1.08358392015786e-10,8.89682969713678e-11,-6.85081692854634e-11,2.78943305198712e-11,1.25856275300328e-10,-5.12181725674982e-11,2.8466766795262e-11,2.42112239120813e-10,1.3771361858221e-10,-2.4082739223706e-11,-6.81993186898388e-11,1.85963659198462e-11,-1.69517033773991e-10,4.34541213682603e-11,1.15648089459947e-11,5.73197792545267e-11,-2.10607342280364e-12,1.43143939751107e-10,8.16946421794882e-11,-8.86947469769212e-11,-4.06385589059149e-11,-1.08993682589212e-10,-7.44730628993372e-11,-1.62598477398437e-10,-6.06813754581048e-11,9.76420706887576e-11,2.55473398651413e-11,-3.85192310349387e-11,-1.22436829666294e-10,-3.65151685120668e-11,6.22607706094424e-11,-2.63065515403685e-11,-4.40227270173306e-11,2.20023976079602e-11,1.49016248598948e-10,-6.68025739781175e-11,-2.15676032525684e-10,-1.8382296264056e-11,-1.15489240894214e-10,-2.13013496230684e-11,1.57056437009351e-10,-5.16983519813003e-11,4.98215458225207e-11,-1.31110819340285e-11,-1.02332345559393e-10,9.45808102832822e-11,-4.028816496618e-11,9.32382977015106e-13,-6.62249034879195e-11,-2.25588606635999e-10,6.12835164763298e-11,-7.59969574875261e-11,3.31606069355912e-11,9.19256247787726e-11,-1.39214962088232e-10,-1.2562359615941e-11,1.09384759261983e-10,1.18583648580236e-10,-5.61318561792388e-11,-8.69372314291999e-12,-3.16665828394577e-11,1.69772109618652e-10,1.89033089791866e-10,1.67033448725535e-11,-1.30188679831481e-10,2.01737578408471e-11,2.77113237432519e-11,4.44479610630475e-11,1.0879931562138e-10,5.23951472640285e-11,7.09300524394351e-11,8.32901452771912e-11,8.97879254450734e-11,-7.28837557081592e-11,-9.90695861840819e-11,-6.41947067045891e-11,7.35058428561089e-11,-1.0750185018702e-10,-8.32961133877592e-11,-6.06106114642092e-11,-4.34938650984014e-11,-1.37368246189397e-10,1.03590665464807e-10,9.43842809251322e-12,1.397128445035e-11,-1.50825995412251e-10,-3.83516281767421e-11,1.07018923808903e-11,-1.7281888913379e-11,1.13451409842684e-10,-4.53060718758815e-11,-6.91684535926882e-11,4.98684881099063e-11,2.15502399613654e-10,-8.48578352909842e-11,-1.18310464790242e-10,3.978190536683e-11,-1.26902766192742e-10,-8.86521548636851e-11,-7.28831043389017e-11,8.19638571383854e-11,-6.88906634626205e-11,-5.85733942807541e-11,7.80894374372422e-11,2.5569612941777e-11,2.00745509782358e-10,1.36133259369635e-10,-4.38133552644366e-11,3.02382701455433e-11,-1.66669721433741e-10,-1.90536898676689e-11,3.49576957879933e-11,6.29474759004969e-11,9.42066336424188e-11,-6.04736578436559e-11,4.81584502800276e-11,1.65000257272918e-10,8.65270493525085e-11,-2.1906659530258e-11,1.81241706539954e-11,-4.7299909382761e-11,2.10294389134582e-11,7.21412769326541e-11,7.33262478083452e-11,-1.30345689885795e-10,3.36339074956085e-11,9.52595785219396e-11,-2.33208135614975e-11,7.66999673082007e-11,1.05917588025963e-10,-7.59684192506536e-11,-5.16829160271188e-11,-1.60352975893919e-10,6.87210134203239e-11,6.65002731456165e-11,1.272005914242e-10,-9.44543125671235e-12,7.29065864811755e-11,-2.60659482757311e-10,-1.59381109778501e-10,-1.0105884457397e-11,1.79299945388638e-11,1.77869254858541e-10,-1.09460872250852e-10,1.6030148530633e-10,1.6951867574355e-10,-1.33698041320836e-12,1.29429965422273e-10,-4.15429597173794e-11,-1.43292805413716e-11,-3.10339394131597e-11,5.79328250240999e-11,-8.12813635600272e-11,5.77989529234934e-11,2.22236222728778e-11,-3.7884459997596e-11,-6.56208839810179e-11,7.36562466687791e-11,3.25992961061011e-11,-7.99678386939249e-11,-1.22459370698246e-10,-5.20496447040872e-12,1.05512747435639e-10,2.44621800009099e-11,-1.19852549119261e-13,-6.23095329368461e-11,4.05678224747465e-12,8.1936689341204e-11,-8.98587010129809e-11,-4.80327992545815e-11,-5.77667912608643e-11,-1.61753419520744e-10,1.85546137033726e-10,-1.05440886772696e-10,1.03256485275824e-11,1.76222089323155e-10,-6.02262692685459e-11,-1.32402726334798e-10,-7.43873956749097e-11,-9.57582150655139e-11,-1.28295778963219e-10,-1.07348085674987e-10,-1.41060579928297e-10,6.4450445170828e-11,4.16998585578406e-11,1.81372716259543e-10,-1.17444018572953e-11,-1.74725884738904e-10,1.12381536260775e-10,-1.48176475176565e-11,6.1324967416677e-11,1.64495680033449e-10,-5.48842991618571e-11,-1.92312920542033e-12,-6.22311581455247e-12,-4.44637699785933e-11,1.49007103191817e-11,-4.38721330804758e-11,-4.99747537248441e-11,1.35857338961371e-11,1.45721558930826e-10,-1.53721835905728e-11,-5.5237064553701e-11,-1.33854628988761e-10,-1.15447826473487e-10,-2.54713233045601e-11,-1.63241892691049e-10,1.04417600530396e-10,-2.329928460591e-12,-3.54955036262723e-11,-1.6486558291453e-11,-3.61195084529453e-11,8.46004336115915e-11,-1.13101039938424e-10,4.09801689343124e-11,7.39113733119437e-11,2.45474070733229e-11,5.79344190545497e-11,-2.37941241848923e-11,-1.55233494061324e-10,7.88292124445079e-11,7.11831528469863e-11,-2.15064089990337e-10,1.40539267714795e-10,-1.26454576962721e-10,1.17141828384097e-10,-1.38857614974329e-11,2.38991897785804e-10,8.67588913657991e-11,1.77891252790722e-10,1.40641637869538e-11,-6.04884764186472e-11,-1.11481867903248e-10,-2.77684441072244e-12,-1.61236035124934e-10,6.5761119059542e-11,7.63696327683187e-12,-1.25977919951968e-10,6.27544743221035e-11,1.18331110506524e-10,1.41264937580543e-10,-1.587630630164e-11,2.15125487100081e-11,8.95100701401758e-11,5.10935136495453e-11,1.12947965228503e-10,-2.64792324728794e-11,-1.18787874706367e-10,1.35170056835952e-10,6.16666880498137e-11,1.97168052068798e-10,3.56241372631686e-11,4.533289182673e-11,-2.64013002252749e-11,3.18036612041137e-11,-3.44003456000974e-11,-9.4910737617282e-11,1.26841567322608e-11,-4.15168638787818e-11,1.49879923570989e-11,1.01415351594683e-11,1.70032920535314e-10,9.52239351626895e-11,1.25785489982855e-10,-1.47701040240611e-10,-3.27949526148649e-12,3.79323056548571e-11,1.60270854162334e-10,7.51149045972093e-11,4.13278714715139e-11,1.63457904212433e-10,1.25649950069981e-10,2.52163835327562e-11,-1.64032348484225e-10,7.04985349866305e-11,9.23859480684612e-11,-2.05917451188553e-12,-9.86322293737106e-11,1.12560627013117e-11,-1.48681583168941e-11,1.13429760476106e-10,-8.24765242873886e-11,-1.08357601518607e-10,6.28525770070235e-11,1.27084709292978e-10,-1.06350724150118e-11,2.00632797923834e-11,1.42699329255296e-12,1.63750746491985e-11,5.45751386057346e-11,3.88517575073803e-11,2.79835796098187e-11,-2.18067752149283e-10,-1.52333375107913e-12,-1.90465840323923e-11,-2.71579063436949e-11,1.6715760578428e-11,-1.19477849565511e-10,-9.46209807494892e-11,8.52429854251519e-12,4.25964454723784e-11,1.46419170811165e-10,-8.26557156864661e-11,-1.00622820655473e-10,-1.6149305499569e-10,-1.84750030952571e-12,7.25245088969543e-11,-9.10046382805648e-11,-7.21652717726416e-11,3.98639507743219e-11,-3.44677599835979e-11,3.37613758539642e-11,-1.02991631538593e-11,2.10424186753812e-11,7.56290242181204e-11,8.52600418247943e-11,9.84981126923774e-11,-6.32303618087859e-11,8.1779619401137e-11,-6.18236995271618e-11,2.22485226765785e-10,-9.3166797241453e-11,2.11248377604858e-11,-8.29604363418799e-11,1.24216813254901e-10,-3.6364419550905e-11,-6.91624500122888e-11,-1.39810426104472e-10,4.14386396283749e-11,-4.11728354951486e-11,3.14761749636553e-11,-5.61437410178391e-11,6.30721957176915e-11,2.88464105189699e-11,3.15760045593581e-11,7.4772631738184e-11,-4.83688953313629e-11,3.5574534845598e-11,1.5285048825199e-11,-1.02803899233649e-10,5.03630050631961e-11,3.35819633397147e-11,9.93290703419946e-12,9.65858719649928e-11,-8.48184924018026e-11,2.53484525744538e-11,-2.46996641218787e-10,3.55819062917242e-11,-1.15505259366826e-10,6.82047765977638e-11,3.906460774361e-11,8.70874051854768e-11,2.59922725747216e-11,-2.44463059149887e-10,1.02639303672e-10,-4.19106754963825e-11,-1.24936086042226e-11,9.69124039876187e-12,-1.05760448504915e-10,-5.06566776654089e-11,-1.80301072521172e-12,-6.2156858446996e-11,1.20653403749996e-10,1.07476518639968e-10,1.40515222115115e-10,1.6287815608372e-10,6.69206927719519e-11,-3.73270475256487e-11,9.35752176394861e-11,7.39179052356698e-12,4.61591472974523e-11,-2.53030122867687e-11,1.89017178606057e-10,5.23479701039019e-11,1.09295872113292e-10,1.98821558719474e-12,1.32738450326834e-10,1.1932284358785e-10,-2.09960294182487e-10,1.84132073824713e-10,3.51474797364744e-11,-3.3540526148709e-11,1.59373284741361e-10,-6.01187638564463e-11,1.34235043532191e-10,1.01796405649335e-10,-1.37435545815792e-11,-1.434442381316e-10,-1.51661832835529e-11,1.18481020419778e-10,-1.01560060649962e-10,4.62100330715585e-11,-5.53499429982487e-11,1.20266450898316e-10,8.27435877717041e-11,9.07760995409357e-11,1.34516179875159e-12,-6.62583130652328e-11,-6.61131799277356e-11,2.5546867540006e-11,2.35465174157521e-11,2.55389652150701e-11,7.74700011676558e-13,2.0773602998258e-10,2.30997774338384e-11,-1.048038204587e-10,-5.64946124511798e-11,1.27002033511228e-10,8.96772472369229e-11,-2.14846386798626e-11,-1.41056785411297e-10,-1.59810950826919e-11,8.57705294032836e-11,-4.66412440175979e-11,1.16150569480952e-11,-1.08085282177322e-10,3.18137812590533e-11,1.18572504074685e-10,2.03017714259938e-10,-2.16358689043285e-11,7.85835666835305e-11,-1.45693748848469e-10,-1.07765789450251e-10,-7.68764531101611e-11,-9.25646234865924e-11,1.40296062988779e-10,1.22513509623137e-10,1.03867452756153e-11,1.24563956479542e-11,-6.42725157901049e-11,1.3744546342403e-10,-1.34613728127503e-10,1.21733823198242e-10,1.85807905280887e-11,-5.15493939206143e-11,-3.88448403584218e-11,9.67702773291778e-11,-1.37072994349823e-10,-3.62559729784569e-11,9.32063244568591e-11,-1.33765042387723e-10,-6.981419973994e-11,-3.76997011900102e-12,-4.17613773860731e-11,-1.21896333014412e-10,-3.26078275750935e-11,5.04979161409805e-12,6.64825854074128e-11,-1.14313005002961e-10,8.61605750453393e-11,9.41731225474403e-12,3.37035514120483e-11,3.71726684722329e-11,-1.34442680212591e-10,-2.3965609608266e-11,-7.10707515580682e-11,4.69731540001749e-11,1.61533639763886e-10,1.29726582660833e-10,1.86513200460673e-10,9.42852732144146e-11,8.95865307816804e-11,-9.85959994716967e-11,1.56910431260715e-10,-7.68868769206086e-11,-6.28075136916408e-11,2.08275537393899e-10,1.00415184872288e-10,-3.37596923224792e-12,1.55832563793665e-11,8.33275749523872e-11,-8.26550632224126e-11,7.17993626425929e-11,-4.86368877074951e-11,5.48063074607169e-11,2.41386628922815e-11,-1.34580285203341e-10,1.3346975111211e-10,-3.38311287809203e-12,-1.19232453061726e-10,3.8966581029909e-11,-2.24048781403916e-10,-2.08198125757002e-10,-1.04880043687417e-10,-1.528297577711e-10,4.36075666958323e-11,-2.45422003465694e-12,8.56556991776899e-11,7.93685363424484e-11,-1.07749851305581e-10,1.00744267038143e-10,-1.63630364624556e-10,1.02898573928596e-10,-2.32468098187049e-10,4.26574525493258e-11,7.28808034716232e-11,7.34838575398477e-11,1.10606938292071e-10,-1.54275729495038e-10,1.1782186121347e-10,8.06201894689603e-12,-1.05288751123827e-10,8.75709884418264e-11,-4.2359652521479e-11,-3.58234510281097e-12,8.40503589082963e-11,-1.03173421209571e-10,3.90405804539959e-11,-5.04223593333089e-11,7.10266908940526e-11,-3.53406409004197e-11,3.56029899118306e-12,9.92203063742714e-12,-4.60068927849617e-11,-6.97609727959236e-11,-3.17442389971688e-11,2.85306710175784e-11,1.17044847089669e-10,2.17468365473909e-10,-1.70257521526728e-11,-6.29051014606896e-11,-5.94761760596328e-11,-1.61104680000608e-10,1.14574355543214e-10,-3.93188318709631e-11,2.83795356990526e-11,1.92314361936001e-11,-1.09573735295335e-10,-2.77916581201773e-11,9.87248655248417e-11,3.53925174511922e-11,2.32811419219837e-11,-5.46656425509406e-11,3.64434072412398e-11,3.7588705081013e-11,4.16467732818221e-11,2.22711126773699e-11,-3.04665157428508e-11,-1.57608211061277e-10,-9.52606399891106e-12,-8.21885615700102e-11,7.37541196435731e-11,-6.52367243230315e-11,1.34663297849266e-10,1.01593666854878e-11,-1.57288103071318e-10,-1.13891517905327e-10,-6.15849293359229e-11,5.58609885134447e-11,-9.34440180487448e-11,1.00154498541661e-10,-4.90077904265457e-11,5.51193116211035e-11,1.36279721610621e-11,-2.55964120859381e-11,2.35956558863476e-10,-1.05862878590761e-10,-1.26773733570064e-10,-8.33194466084939e-11,-1.11642927250191e-10,-9.68155483834987e-11,7.86586577403005e-11,-2.20081620793114e-11,-7.94972286763597e-11,7.59177415975814e-12,-1.35793778131837e-10,-2.48339031939811e-10,-2.81612889999403e-11,1.14213179861163e-10,9.15953599150586e-11,-2.34790328204854e-10,8.44095137798944e-11,1.19344506306736e-10,1.93333981081827e-10,1.00719898853159e-10,-6.70532720208479e-11,-4.70213970704225e-11,-8.77189268662211e-11,-4.04863415132161e-11,4.41463791930457e-11,-4.67066758689539e-11,-4.54230783967986e-11,-1.40078847836782e-11,6.90112153422101e-11,9.47640084601922e-11,-8.75312653946824e-11,-6.57990097510722e-11,1.98159415115299e-10,3.88032357711579e-11,-6.08584605149482e-11,-1.59764019998236e-10,1.3295864422229e-10,3.18322305260045e-11,1.456195622648e-11,8.91814119978003e-11,9.26995334840637e-11,-3.6107620365313e-11,8.84616306558974e-11,7.92827334568055e-11,-2.76908443341585e-11,-6.33675098599058e-11,-6.17491840007758e-13,1.01946248088265e-10,-5.44480384778526e-12,-1.36371043818911e-10,-6.4019982217907e-11,6.63139911199725e-11,-1.23734776573093e-11,5.0508855472881e-11,2.47824431732316e-11,-5.74534351142787e-11,-3.10358886326314e-11,-2.20576285322365e-11,-6.82779950961591e-11,1.27471364713171e-10,4.70321984713726e-11,-1.19217519327059e-10,-6.21634496417796e-11,-4.10234460731937e-11,-5.92959819550326e-11,6.15131871258171e-11,1.38335380831793e-10,6.89852434155611e-11,-2.21770812746789e-10,8.66388081954791e-11,-4.15787195217252e-11,8.57752475063285e-11,6.16043061339607e-11,-9.3266819010342e-11,1.24974100378061e-10,5.5517828591714e-11,-3.64762044862699e-12,9.91003074759896e-11,1.08838772024623e-10,-1.11603241004341e-10,4.90878493576689e-12,7.63538538818213e-11,1.24293068637677e-10,1.58865795157173e-11,1.75797308347729e-10,-4.2687133246146e-11,-6.0156070995859e-11,-8.76904623217214e-11,-1.78387391542599e-10,5.11257071868016e-11,8.58491618518627e-11,4.05320304365316e-11,1.40928087079119e-11,7.15358638022662e-11,1.36798722520458e-10,5.35659837798889e-11,5.33031901299811e-11,-1.2333117699379e-10,-3.58150851012591e-11,3.19184078440982e-11,2.21943775373193e-10,-5.73070640406262e-11,-1.73714076963337e-10,6.91848766156688e-11,-8.00470797516871e-12,8.780609424615e-11,-1.5401446864944e-10,9.60518521458207e-11,1.23142977676582e-10,5.44889773842367e-11,-3.17011474795608e-12,-2.13378028231004e-10,-1.76242884799168e-10,8.44493392937746e-11,-2.56892423080168e-10,2.11265459043136e-11,-2.32112574626954e-11,-1.49458601992862e-10,-9.24756433373197e-11,5.62043687404805e-11,-2.2033929165024e-11,4.93915198297761e-11,-1.22043730114862e-10,-6.70102136276157e-12,1.5066747219677e-10,3.36151064047491e-11,5.24193458226883e-11,3.85533723993396e-11,-1.73959733159319e-10,-1.65849698706784e-10,-9.44453194956849e-11,-1.29315383324652e-10,-7.18329118149419e-11,4.31569972890873e-12,-1.18944868032235e-10,-4.51426187608883e-11,-6.52052074732849e-12,1.40992141605663e-10,-9.45317443116148e-11,8.44631790785472e-11,1.58471010297648e-10,-8.47991607119394e-13,-6.59450581133286e-11,2.66534822980389e-11,9.25125355953978e-11,-1.7779120067976e-10,6.79836837262315e-11,1.10725453362078e-10,1.12973701502667e-10,-1.14588444432907e-10,-1.21828957081947e-11,-4.25901578476034e-11,-9.2566253968935e-11,4.97524038717042e-11,-1.54170265684892e-10,-9.11116396578791e-11,-5.06975667517241e-11,-1.07894515061447e-10,-1.1548076721744e-10,2.0266970921555e-11,-1.38392572522654e-10,1.62034556462577e-10,3.36489114626862e-11,-7.59323052054897e-11,-1.23344150091989e-10,-3.01257200651678e-12,1.10976561355933e-10,-2.43498059439101e-10,-1.78308095591961e-10,1.24532855620083e-10,-1.73784349608592e-11,-2.27047046820179e-10,-5.15792164608938e-11,-1.11334006617622e-10,5.6568395036617e-11,2.70867770861406e-11,-5.06989737794408e-11,-5.15250495138663e-11,-8.58818049296342e-11,-8.98419171147093e-11,-3.73640270405322e-11,-1.02959337071576e-10,-4.84050727935906e-11,-8.88877268345577e-12,1.0922793075155e-10,5.88218671601736e-11,-1.410703587398e-10,-1.14566667718152e-10,-1.99203858340666e-11,3.58869758360527e-11,8.46899699635835e-11,-6.45813301535708e-11,-3.14131076618793e-11,-3.14346067391772e-11,-9.1700352528011e-11,3.7996478585934e-11,2.19763734321102e-11,8.99208484478671e-11,7.53682456327655e-11,-1.86526700624958e-10,1.5622198738447e-12,-2.28216466624759e-11,-9.89107893054537e-11,-5.84015499373792e-11,-9.2252499306351e-11,3.39196755101506e-11,2.1363261020112e-12,9.25306201783255e-11,4.27363123685341e-11,8.60060616675525e-11,3.00770488250072e-12,-1.56563394718875e-11,2.62319155317993e-11,-1.56686995212254e-11,-2.88232923621444e-11,2.03296445945339e-10,-1.18604549906696e-10,-1.60231962625072e-10,4.94505399429004e-11,-1.11973991792214e-10,-1.35644433880144e-10,2.64063632102538e-10,-5.2158690462889e-11,-1.98299474488724e-10,-1.17244023775654e-10,4.00730702188104e-11,8.99486930801638e-11,-3.58181841729634e-12,5.04945434448614e-11,6.48023385544045e-11,1.41919532463081e-12,-4.98416853043806e-11,1.47504654133908e-10,-3.4284946839401e-11,-6.92651570947504e-11,2.26045233116268e-10,8.14937735368969e-11,2.8805385577848e-11,1.3399585179899e-11,7.42347378946469e-11,-4.97452673064125e-13,-2.67603196977532e-11,-1.23238306898084e-11,-1.89666232960433e-10,1.07595785045911e-11,8.8733951107151e-11,7.58387656657369e-11,-1.78881327488531e-11,1.8785375021324e-10,8.22491299614758e-11,-4.55458679993761e-11,-5.92871702930081e-12,-1.15432667739894e-10,6.57885862418142e-11,3.36692365383841e-11,-5.70209095279719e-11,1.9437865747576e-10,-5.31926541004294e-11,-1.27352133537705e-10,-5.29798830213194e-11,-4.37372223130824e-11,-7.0265169446446e-11,6.53071223276691e-12,1.22210490798203e-10,1.08554077830212e-10,-7.68617227908536e-11,1.857989497425e-10,-1.18942126313785e-10,-1.44955128339443e-12,-9.74450215083016e-12,-1.23367318010247e-10,2.56526635109783e-11,-6.07921862405076e-11,-6.65708869282661e-11,6.2135320196599e-11,-8.22809518469431e-12,3.65223275164359e-11,5.39555735626157e-11,6.39726610987843e-11,3.81598690417103e-11,5.77261995002796e-11,2.2426897622436e-11,-4.94815412622322e-11,3.84994106564038e-11,3.52822475541576e-11,-2.68955947739864e-11,-3.40566409550226e-11,2.37878882318155e-10,-2.64048380993979e-11,3.60596245425471e-11,-1.21184525149853e-10,-7.4756752163807e-11,-3.77029343841026e-11,-4.14088329901745e-12,2.20945990123444e-10,-1.3244669312681e-10,1.35944800385156e-10,-1.10390161966451e-10,1.7370996057425e-10,2.53894814567644e-11,1.76197011480119e-10,-2.44072916355682e-11,1.37448914235274e-10,-3.59186350188721e-11,4.96446670823691e-11,-1.62048052066139e-10,1.18677203098221e-10,6.83610707355677e-11,-4.23050995971398e-11,6.25864603248572e-11,2.20417615904325e-11,2.56460853329563e-10,1.26752082536365e-10,-6.53063672282239e-11,5.52478141756712e-11,-3.4181345196313e-11,3.98864206168505e-11,3.9705352937486e-11,1.07247465037117e-10,-2.35503221214713e-11,8.27108533553387e-11,5.8476357472156e-11,1.18258809333224e-10,8.86796321838998e-11,-1.02909675201391e-10,-1.13712111977497e-10,1.08387000557851e-10,-8.56062965881018e-11,-5.40150345246547e-11,-2.69376892659746e-11,7.00764350087072e-11,-7.53568853862059e-11,2.59224994634424e-11,1.21696475492404e-10,1.24563829010257e-11,-1.58999550522246e-10,5.74273888802711e-11,-1.06568230268771e-11,-1.00249055639953e-10,7.16932519582823e-11,4.65958960701167e-11,-5.32717453277223e-12,1.27466226680179e-10,2.70239462110149e-11,-5.43621902017915e-11,4.6982556789519e-12,-4.87761952453695e-11,-1.26195703078363e-11,3.80515916984424e-11,1.80090862448208e-10,-7.31839252451774e-11,-7.44754059634676e-11,-2.10302651220455e-11,-5.28167216806841e-11,3.52995887009129e-11,-1.50604440105188e-10,-1.90265723224766e-10,3.00341874295926e-11,2.79595518263583e-11,1.90150840403969e-10,-1.32194657929705e-11,-7.27239446676542e-11,-7.98550039084804e-11,7.54009890817625e-11,-1.31109650333142e-10,-1.20540054936796e-10,-6.52279479228672e-11,-4.5502183209444e-11,6.91434451674608e-11,7.91578690810092e-11,-1.06306045918521e-10,7.07429405894671e-11,6.34543161257433e-12,1.16837101695755e-10,-2.19724845826063e-10,-1.15536544023185e-10,2.12178541789668e-11,3.7621909893568e-11,3.80896700374386e-11,2.26466813209621e-11,1.17840722681624e-10,1.90264403629752e-10,-1.01735309900723e-10,-1.51807248492073e-11,-1.92992742586733e-11,1.45132460718182e-10,-6.92110691388433e-12,-1.49722334785167e-11,6.91938366073994e-11,1.23277122348768e-10,1.26583644352712e-10,1.84450015088761e-11,6.88010739838656e-12,-1.50646713923673e-10,4.96091903103035e-11,8.64118865705111e-11,-1.31657396368087e-10,2.30444336176952e-10,-1.04684674966661e-11,-5.21119111642988e-11,7.63538695721573e-11,1.67949812895681e-12,9.95454619407942e-11,8.47310795543074e-11,1.33006434474606e-10,3.53208316132322e-11,-1.75707143609807e-11,-1.24298243101854e-10,8.1878929564728e-11,2.97768696908723e-11,1.9618532009765e-11,-2.01393681530805e-10,3.12008426719524e-11,-7.79095222156414e-12,2.74163076930901e-11,1.02261437984481e-11,-1.61229380276188e-11,1.58402896284335e-10,5.16212461908805e-11,-2.47286435583089e-11,1.20054377128764e-10,-9.8365852895321e-11,4.83578407518461e-11,2.58366143405856e-11,4.10560692702382e-11,3.15124450941057e-11,1.3503651363274e-10,2.64354171354425e-11,-2.68716409318463e-11,7.55925705925367e-11,5.38740203865718e-11,5.09936394668623e-11,-6.39423132801646e-11,-1.17912860980886e-10,1.00070744607003e-10,1.40955385113894e-10,-3.65086389548808e-11,8.96634512144017e-11,5.24957404303238e-11,-1.02994186628061e-10,-1.62409972259786e-11,2.52271639762214e-11,-3.15180689441814e-11,-9.25280892573229e-11,8.29978804183251e-11,4.63813495548371e-11,-2.31746020789883e-11,-9.36384528852395e-11,8.36146916281864e-11,-2.283365872716e-11,9.84737220509461e-12,1.38850797638546e-10,1.63914450504005e-10,-9.68552471851809e-11,2.41836263651049e-12,-1.13125761609031e-10,1.03695784065907e-11,-9.5175302168527e-11,-2.82060476578303e-11,3.92310005655601e-11,1.01254711127395e-11,6.17226974326779e-11,-2.36819511435446e-11,7.24723671537251e-11,-2.46733605350935e-11,-3.7008839090478e-11,-6.12047466359917e-11,1.95804042708833e-11,-1.63924456864608e-10,-2.25517957287636e-11,-2.94224398616449e-11,9.37468996530879e-11,-2.73224825179832e-11,-1.44761329585298e-10,-4.19866644427307e-11,2.14231883757049e-10,-1.43892862668147e-11,-9.07866294102409e-11,-5.85546967588093e-11,-6.18242507271231e-11,-8.86850856613842e-11,1.06758125383978e-11,4.21428525753796e-11,6.05498392463189e-11,-1.01187765575683e-10,8.84820609470774e-12,2.73421732353863e-11,7.50599174996448e-11,2.56388033570589e-12,-8.6313911500799e-11,-4.13572992356943e-11,3.06865031460834e-12,-1.80053118861499e-10,1.66135426614039e-11,-8.36194680460838e-11,-2.09415320024821e-10,2.20847623529092e-11,-5.89368199258181e-11,-1.35064326640359e-10,7.19880197333184e-11,2.73580277393349e-11,6.23367581121195e-12,-2.12717203568636e-12,-1.06829210288655e-10,3.23885879464962e-11,-8.68674578316296e-11,-2.14952737828343e-11,1.3608163339341e-11,-1.48641431230033e-10,7.86875199911748e-12,2.12158255922224e-11,1.13213453123904e-10,-7.49024640447755e-12,9.30174996437416e-11,-1.04148818554574e-10,-1.74730188512769e-11,-7.33393287794545e-11,1.0429751827796e-11,-1.62219428632283e-10,-3.7568297702404e-12,-3.12237518279435e-11,3.2445403092774e-11,2.77363646595806e-11,-2.51032919496118e-12,3.31181459416683e-11,-1.18088560732266e-10,1.07614638118904e-10,-1.6182167146912e-11,-2.89983005313356e-11,3.34890096883787e-11,-1.85189824377186e-10,-2.13899772627771e-11,-8.8733349796363e-11,6.49068740295788e-11,-7.95812224073537e-12,6.53097660436798e-11,-8.61507662558563e-11,-1.19946707036012e-10,3.49451615275814e-11,3.03077726207827e-11,1.10666745848552e-10,-1.52190298162604e-10,8.22890180269463e-11,-2.62474990540249e-11,5.83641839145478e-11,-9.36799092645268e-11,-1.19938245123796e-10,-1.53664419557105e-12,4.82886762121009e-11,1.32838926169703e-10,-1.55585250190913e-10,7.0397558677984e-11,-1.36237327676402e-10,-1.54914550887217e-11,5.72384642495395e-11,-2.79796715785613e-10,-3.32310457632969e-11,-3.19837919618373e-11,-5.26598924886455e-11,-5.29532231174522e-11,-1.79895941249395e-11,-9.13618732832563e-13,7.44693584487533e-11,6.95283266622253e-11,1.24526564957365e-10,-2.20385230527361e-11,-1.33848408116141e-11,1.45941349238064e-11,2.11753588495216e-10,5.26982617587992e-11,2.37234935889499e-10,-1.0486729897619e-10,9.68389135424236e-11,-7.70293987574592e-11,-8.0800554725823e-11,1.00182863115353e-10,-5.09789521651639e-11,8.38025921921773e-12,8.51245126700294e-11,1.5755891461764e-10,-2.63106808482817e-10,-4.1458815756311e-10,-4.02080193600426e-10,-7.09709215749125e-10,-9.18963180066073e-10,-1.0654321355216e-09,-1.295401477052e-09,-1.61843541487791e-09,-1.72305364881375e-09,-1.94231937393316e-09,-2.02982054535336e-09,-2.49508750231459e-09,-2.62323808636718e-09,-2.60851208427652e-09,-2.96914011243159e-09,-3.29551385932042e-09,-3.31607015312976e-09,-3.52852784857784e-09,-3.88140296354859e-09,-4.07564235867619e-09,-4.10981518677577e-09,-4.33671783896122e-09,-4.83414798174849e-09,-4.90053982652961e-09,-5.01755985932944e-09,-5.26940316585372e-09,-5.41503506605146e-09,-5.68764288508383e-09,-6.05844601046237e-09,-6.01340704302616e-09,-6.49160868726613e-09,-6.62000574189426e-09,-6.93723973827382e-09,-7.12322526301427e-09,-7.44128811226236e-09,-7.40928148827765e-09,-7.80564712460626e-09,-8.0163875675911e-09,-8.31882580003204e-09,-8.33613031739948e-09,-8.62463274220874e-09,-8.87645934145843e-09,-9.14815299780643e-09,-9.59687949090278e-09,-9.84484192341307e-09,-9.98435138689291e-09,-1.02175467937757e-08,-1.0709621209075e-08,-1.07204175926882e-08,-1.09351392977234e-08,-1.11497035807062e-08,-1.14837719040387e-08,-1.17774772503999e-08,-1.20779606087321e-08,-1.23446519655471e-08,-1.27800238042937e-08,-1.2746165929781e-08,-1.33870132803511e-08,-1.36416763955298e-08,-1.36373348277746e-08,-1.39287078601036e-08,-1.41345651057546e-08,-1.45671548787719e-08,-1.48951913809433e-08,-1.49663780139695e-08,-1.56791652325079e-08,-1.57018529306092e-08,-1.61422625786085e-08,-1.64011235426373e-08,-1.6632680091956e-08,-1.67677725084885e-08,-1.71747136280038e-08,-1.74053831696738e-08,-1.77903346066456e-08,-1.80279745758287e-08,-1.84553412175866e-08,-1.87563342337553e-08,-1.91863517140242e-08,-1.9359369222433e-08,-1.96975007550394e-08,-2.01536450565302e-08,-2.0303507559434e-08,-2.07428703393484e-08,-2.0970625702826e-08,-2.11796657320808e-08,-2.17617243012935e-08,-2.20188187420971e-08,-2.20786420072104e-08,-2.2696358069565e-08,-2.29904798078216e-08,-2.34362310925161e-08,-2.36111548870088e-08,-2.37617668375611e-08,-2.42016936429712e-08,-2.45789526190894e-08,-2.49907795512295e-08,-2.52750802099037e-08,-2.57139791828807e-08,-2.59788809500444e-08,-2.64855205218452e-08,-2.68083900152443e-08,-2.69773982632693e-08,-2.73275924322618e-08,-2.77766008112052e-08,-2.80542240077141e-08,-2.85477725803346e-08,-2.90717265586792e-08,-2.91054129748909e-08,-2.95965308962914e-08,-3.00352631512784e-08,-3.02769918566256e-08,-3.07291460228328e-08,-3.10672346155785e-08,-3.14056704467778e-08,-3.17013939158458e-08,-3.20954692090455e-08,-3.23547152506446e-08,-3.27908961337539e-08,-3.32144143781965e-08,-3.34951960647475e-08,-3.38169547408461e-08,-3.42000732697406e-08,-3.46576385084429e-08,-3.50763197791794e-08,-3.55072002217993e-08,-3.57139426535752e-08,-3.61372643473841e-08,-3.61826635195264e-08,-3.64513388017707e-08,-3.70591925950768e-08,-3.74052552112432e-08,-3.78248199652826e-08,-3.8062598393494e-08,-3.8459872705565e-08,-3.88102664538555e-08,-3.88366175980535e-08,-3.92408929561361e-08,-3.97096077049461e-08,-4.00991176050536e-08,-4.02693495792356e-08,-4.04435395084125e-08,-4.06470699959758e-08,-4.10721975864e-08,-4.13429007285041e-08,-4.13896408668292e-08,-4.17008456692277e-08,-4.18977854985575e-08,-4.22895284879232e-08,-4.23208337928155e-08,-4.25767219648273e-08,-4.27134595676639e-08,-4.28001277825955e-08,-4.29447576240033e-08,-4.28452090554733e-08,-4.30643264474936e-08,-4.30568296763603e-08,-4.31809471246716e-08,-4.31144593122243e-08,-4.30751471199638e-08,-4.29285594516765e-08,-4.26995018972118e-08,-4.28124614405232e-08,-4.25292164129036e-08,-4.24115633424312e-08,-4.19468083270994e-08,-4.16342732294553e-08,-4.12020271882066e-08,-4.07621803810257e-08,-4.0206298988009e-08,-3.97308693251161e-08,-3.9152677095237e-08,-3.82878469610258e-08,-3.75040020528482e-08,-3.67232976599072e-08,-3.54825732874903e-08,-3.44292715623845e-08,-3.32703078178518e-08,-3.21233093283884e-08,-3.028866215351e-08,-2.86298880761796e-08,-2.70044915436184e-08,-2.4665546000811e-08,-2.27436674183513e-08,-2.02138105675636e-08,-1.76214555397899e-08,-1.44719815709846e-08,-1.15378057593937e-08,-7.71621916910485e-09,-3.97299670175114e-09,5.92519152552322e-10,5.29393266523817e-09,1.07534702090635e-08,1.66484194469791e-08,2.3056387754832e-08,3.01967518199313e-08,3.84383509489608e-08,4.72174060990069e-08,5.73979772128179e-08,6.85944745144063e-08,8.08067961611079e-08,9.53022947106475e-08,1.10888534482268e-07,1.29049978633193e-07,1.49325352865952e-07,1.72380612921682e-07,1.9924773049438e-07,2.29752104868722e-07,2.64500611030557e-07
