v,0.25
Patm,100000
g,9.81
r,500
G,10^9.4
rho,2800
mu,10^3.74
rc,20
 
M,10^5.28
sigma,0.25
 
tilt_erupt,40.2115nrad
 
-1428,-1427,-1426,-1425,-1424,-1423,-1422,-1421,-1420,-1419,-1418,-1417,-1416,-1415,-1414,-1413,-1412,-1411,-1410,-1409,-1408,-1407,-1406,-1405,-1404,-1403,-1402,-1401,-1400,-1399,-1398,-1397,-1396,-1395,-1394,-1393,-1392,-1391,-1390,-1389,-1388,-1387,-1386,-1385,-1384,-1383,-1382,-1381,-1380,-1379,-1378,-1377,-1376,-1375,-1374,-1373,-1372,-1371,-1370,-1369,-1368,-1367,-1366,-1365,-1364,-1363,-1362,-1361,-1360,-1359,-1358,-1357,-1356,-1355,-1354,-1353,-1352,-1351,-1350,-1349,-1348,-1347,-1346,-1345,-1344,-1343,-1342,-1341,-1340,-1339,-1338,-1337,-1336,-1335,-1334,-1333,-1332,-1331,-1330,-1329,-1328,-1327,-1326,-1325,-1324,-1323,-1322,-1321,-1320,-1319,-1318,-1317,-1316,-1315,-1314,-1313,-1312,-1311,-1310,-1309,-1308,-1307,-1306,-1305,-1304,-1303,-1302,-1301,-1300,-1299,-1298,-1297,-1296,-1295,-1294,-1293,-1292,-1291,-1290,-1289,-1288,-1287,-1286,-1285,-1284,-1283,-1282,-1281,-1280,-1279,-1278,-1277,-1276,-1275,-1274,-1273,-1272,-1271,-1270,-1269,-1268,-1267,-1266,-1265,-1264,-1263,-1262,-1261,-1260,-1259,-1258,-1257,-1256,-1255,-1254,-1253,-1252,-1251,-1250,-1249,-1248,-1247,-1246,-1245,-1244,-1243,-1242,-1241,-1240,-1239,-1238,-1237,-1236,-1235,-1234,-1233,-1232,-1231,-1230,-1229,-1228,-1227,-1226,-1225,-1224,-1223,-1222,-1221,-1220,-1219,-1218,-1217,-1216,-1215,-1214,-1213,-1212,-1211,-1210,-1209,-1208,-1207,-1206,-1205,-1204,-1203,-1202,-1201,-1200,-1199,-1198,-1197,-1196,-1195,-1194,-1193,-1192,-1191,-1190,-1189,-1188,-1187,-1186,-1185,-1184,-1183,-1182,-1181,-1180,-1179,-1178,-1177,-1176,-1175,-1174,-1173,-1172,-1171,-1170,-1169,-1168,-1167,-1166,-1165,-1164,-1163,-1162,-1161,-1160,-1159,-1158,-1157,-1156,-1155,-1154,-1153,-1152,-1151,-1150,-1149,-1148,-1147,-1146,-1145,-1144,-1143,-1142,-1141,-1140,-1139,-1138,-1137,-1136,-1135,-1134,-1133,-1132,-1131,-1130,-1129,-1128,-1127,-1126,-1125,-1124,-1123,-1122,-1121,-1120,-1119,-1118,-1117,-1116,-1115,-1114,-1113,-1112,-1111,-1110,-1109,-1108,-1107,-1106,-1105,-1104,-1103,-1102,-1101,-1100,-1099,-1098,-1097,-1096,-1095,-1094,-1093,-1092,-1091,-1090,-1089,-1088,-1087,-1086,-1085,-1084,-1083,-1082,-1081,-1080,-1079,-1078,-1077,-1076,-1075,-1074,-1073,-1072,-1071,-1070,-1069,-1068,-1067,-1066,-1065,-1064,-1063,-1062,-1061,-1060,-1059,-1058,-1057,-1056,-1055,-1054,-1053,-1052,-1051,-1050,-1049,-1048,-1047,-1046,-1045,-1044,-1043,-1042,-1041,-1040,-1039,-1038,-1037,-1036,-1035,-1034,-1033,-1032,-1031,-1030,-1029,-1028,-1027,-1026,-1025,-1024,-1023,-1022,-1021,-1020,-1019,-1018,-1017,-1016,-1015,-1014,-1013,-1012,-1011,-1010,-1009,-1008,-1007,-1006,-1005,-1004,-1003,-1002,-1001,-1000,-999,-998,-997,-996,-995,-994,-993,-992,-991,-990,-989,-988,-987,-986,-985,-984,-983,-982,-981,-980,-979,-978,-977,-976,-975,-974,-973,-972,-971,-970,-969,-968,-967,-966,-965,-964,-963,-962,-961,-960,-959,-958,-957,-956,-955,-954,-953,-952,-951,-950,-949,-948,-947,-946,-945,-944,-943,-942,-941,-940,-939,-938,-937,-936,-935,-934,-933,-932,-931,-930,-929,-928,-927,-926,-925,-924,-923,-922,-921,-920,-919,-918,-917,-916,-915,-914,-913,-912,-911,-910,-909,-908,-907,-906,-905,-904,-903,-902,-901,-900,-899,-898,-897,-896,-895,-894,-893,-892,-891,-890,-889,-888,-887,-886,-885,-884,-883,-882,-881,-880,-879,-878,-877,-876,-875,-874,-873,-872,-871,-870,-869,-868,-867,-866,-865,-864,-863,-862,-861,-860,-859,-858,-857,-856,-855,-854,-853,-852,-851,-850,-849,-848,-847,-846,-845,-844,-843,-842,-841,-840,-839,-838,-837,-836,-835,-834,-833,-832,-831,-830,-829,-828,-827,-826,-825,-824,-823,-822,-821,-820,-819,-818,-817,-816,-815,-814,-813,-812,-811,-810,-809,-808,-807,-806,-805,-804,-803,-802,-801,-800,-799,-798,-797,-796,-795,-794,-793,-792,-791,-790,-789,-788,-787,-786,-785,-784,-783,-782,-781,-780,-779,-778,-777,-776,-775,-774,-773,-772,-771,-770,-769,-768,-767,-766,-765,-764,-763,-762,-761,-760,-759,-758,-757,-756,-755,-754,-753,-752,-751,-750,-749,-748,-747,-746,-745,-744,-743,-742,-741,-740,-739,-738,-737,-736,-735,-734,-733,-732,-731,-730,-729,-728,-727,-726,-725,-724,-723,-722,-721,-720,-719,-718,-717,-716,-715,-714,-713,-712,-711,-710,-709,-708,-707,-706,-705,-704,-703,-702,-701,-700,-699,-698,-697,-696,-695,-694,-693,-692,-691,-690,-689,-688,-687,-686,-685,-684,-683,-682,-681,-680,-679,-678,-677,-676,-675,-674,-673,-672,-671,-670,-669,-668,-667,-666,-665,-664,-663,-662,-661,-660,-659,-658,-657,-656,-655,-654,-653,-652,-651,-650,-649,-648,-647,-646,-645,-644,-643,-642,-641,-640,-639,-638,-637,-636,-635,-634,-633,-632,-631,-630,-629,-628,-627,-626,-625,-624,-623,-622,-621,-620,-619,-618,-617,-616,-615,-614,-613,-612,-611,-610,-609,-608,-607,-606,-605,-604,-603,-602,-601,-600,-599,-598,-597,-596,-595,-594,-593,-592,-591,-590,-589,-588,-587,-586,-585,-584,-583,-582,-581,-580,-579,-578,-577,-576,-575,-574,-573,-572,-571,-570,-569,-568,-567,-566,-565,-564,-563,-562,-561,-560,-559,-558,-557,-556,-555,-554,-553,-552,-551,-550,-549,-548,-547,-546,-545,-544,-543,-542,-541,-540,-539,-538,-537,-536,-535,-534,-533,-532,-531,-530,-529,-528,-527,-526,-525,-524,-523,-522,-521,-520,-519,-518,-517,-516,-515,-514,-513,-512,-511,-510,-509,-508,-507,-506,-505,-504,-503,-502,-501,-500,-499,-498,-497,-496,-495,-494,-493,-492,-491,-490,-489,-488,-487,-486,-485,-484,-483,-482,-481,-480,-479,-478,-477,-476,-475,-474,-473,-472,-471,-470,-469,-468,-467,-466,-465,-464,-463,-462,-461,-460,-459,-458,-457,-456,-455,-454,-453,-452,-451,-450,-449,-448,-447,-446,-445,-444,-443,-442,-441,-440,-439,-438,-437,-436,-435,-434,-433,-432,-431,-430,-429,-428,-427,-426,-425,-424,-423,-422,-421,-420,-419,-418,-417,-416,-415,-414,-413,-412,-411,-410,-409,-408,-407,-406,-405,-404,-403,-402,-401,-400,-399,-398,-397,-396,-395,-394,-393,-392,-391,-390,-389,-388,-387,-386,-385,-384,-383,-382,-381,-380,-379,-378,-377,-376,-375,-374,-373,-372,-371,-370,-369,-368,-367,-366,-365,-364,-363,-362,-361,-360,-359,-358,-357,-356,-355,-354,-353,-352,-351,-350,-349,-348,-347,-346,-345,-344,-343,-342,-341,-340,-339,-338,-337,-336,-335,-334,-333,-332,-331,-330,-329,-328,-327,-326,-325,-324,-323,-322,-321,-320,-319,-318,-317,-316,-315,-314,-313,-312,-311,-310,-309,-308,-307,-306,-305,-304,-303,-302,-301,-300,-299,-298,-297,-296,-295,-294,-293,-292,-291,-290,-289,-288,-287,-286,-285,-284,-283,-282,-281,-280,-279,-278,-277,-276,-275,-274,-273,-272,-271,-270,-269,-268,-267,-266,-265,-264,-263,-262,-261,-260,-259,-258,-257,-256,-255,-254,-253,-252,-251,-250,-249,-248,-247,-246,-245,-244,-243,-242,-241,-240,-239,-238,-237,-236,-235,-234,-233,-232,-231,-230,-229,-228,-227,-226,-225,-224,-223,-222,-221,-220,-219,-218,-217,-216,-215,-214,-213,-212,-211,-210,-209,-208,-207,-206,-205,-204,-203,-202,-201,-200,-199,-198,-197,-196,-195,-194,-193,-192,-191,-190,-189,-188,-187,-186,-185,-184,-183,-182,-181,-180,-179,-178,-177,-176,-175,-174,-173,-172,-171,-170,-169,-168,-167,-166,-165,-164,-163,-162,-161,-160,-159,-158,-157,-156,-155,-154,-153,-152,-151,-150,-149,-148,-147,-146,-145,-144,-143,-142,-141,-140,-139,-138,-137,-136,-135,-134,-133,-132,-131,-130,-129,-128,-127,-126,-125,-124,-123,-122,-121,-120,-119,-118,-117,-116,-115,-114,-113,-112,-111,-110,-109,-108,-107,-106,-105,-104,-103,-102,-101,-100,-99,-98,-97,-96,-95,-94,-93,-92,-91,-90,-89,-88,-87,-86,-85,-84,-83,-82,-81,-80,-79,-78,-77,-76,-75,-74,-73,-72,-71,-70,-69,-68,-67,-66,-65,-64,-63,-62,-61,-60,-59,-58,-57,-56,-55,-54,-53,-52,-51,-50,-49,-48,-47,-46,-45,-44,-43,-42,-41,-40,-39,-38,-37,-36,-35,-34,-33,-32,-31,-30,-29,-28,-27,-26,-25,-24,-23,-22,-21,-20,-19,-18,-17,-16,-16,-15,-14,-13,-12,-11,-10,-9,-8,-7,-6,-5,-4,-3,-2,-1,0
-1.00583302353849e-10,-4.91423134283811e-11,-2.43850823843762e-10,-1.39064804830359e-10,5.77557486414624e-12,-1.93932675327924e-11,-2.40389090903951e-10,-1.66317387362852e-11,-2.4023346515897e-10,1.09624683371312e-10,2.66413156327627e-10,-1.11774675998682e-10,3.22627423760142e-10,-2.79472268227385e-10,-2.66471530059772e-10,3.94623721100268e-10,-4.65294447800601e-10,-2.69251344666074e-10,4.37991015655244e-11,1.58999060707153e-10,1.25626923748542e-10,-2.76255676996837e-10,-6.23525432758526e-12,1.23621701804335e-10,-3.19271537968991e-11,-5.02299249120194e-11,-1.4913028133832e-10,4.90970387338461e-10,3.38488343651052e-11,4.70250811545763e-10,-4.71287164535115e-10,-1.94702466401152e-10,-1.00977562865022e-10,-3.48404855053427e-10,-2.72250967573449e-10,-1.64878921956777e-10,-2.78866836755665e-10,-3.27998427119078e-10,2.58704126978267e-10,2.8396517631341e-10,4.25510670645668e-10,1.97215709475047e-10,4.06610680870322e-10,1.75373462541801e-10,8.89554372378775e-11,-5.12222241107074e-11,2.76621744382469e-10,3.91371132787061e-10,-5.80061825218831e-11,2.93469518615864e-10,3.25737540420369e-10,-5.98363883033443e-11,2.36262707185465e-10,-1.79625151671695e-10,1.18673913882285e-10,2.01313276727647e-10,3.7054082433265e-10,-1.45462045262049e-10,-4.36005288096135e-11,1.34114506402538e-10,3.66903025809797e-10,-4.10562017672756e-10,1.45079906231132e-10,-3.15394386067761e-10,3.3066293359195e-11,1.03192050420856e-10,3.22904244642798e-10,-2.07556837466737e-10,1.91156918409695e-10,-2.342021035572e-10,3.09011498061785e-10,-2.70816030384949e-10,5.12043302451621e-10,-3.5663383944252e-10,3.81941653813666e-10,3.14739682209475e-11,-3.05415628925203e-10,-7.29244321680381e-12,1.17386258452862e-11,1.49233654016109e-10,2.67436098427662e-10,3.83090423078114e-12,3.02528841341765e-10,-8.72242985806526e-11,2.92066178461033e-10,-2.81785186596404e-10,-6.14303408575996e-11,-1.45969517018893e-10,-1.21751632372565e-10,2.93792781697164e-11,2.98612755506234e-10,1.73200938155107e-10,-1.53247937398908e-10,-9.83349086632388e-11,1.04095535234153e-10,-3.32832595566375e-10,-7.49839596580947e-11,-1.16669970039488e-10,-1.25301540921953e-10,-8.74679897238228e-11,8.15547568088188e-11,-6.85493288954947e-10,3.99069758328515e-10,-7.60509082939504e-11,1.70302261267977e-10,2.16189872080076e-10,3.72850819142702e-10,-1.10360565180044e-10,5.69709363694111e-11,-4.13991576015227e-11,-8.70661084610237e-11,4.79540672678356e-11,6.4917664885463e-10,-2.00237419412733e-10,1.55415166870089e-10,-2.66205867545976e-10,-2.53808062652602e-10,2.86434612955647e-10,-3.77232656230604e-10,3.37839441802385e-10,-4.31827592263776e-10,-5.22854486314682e-11,2.04434700076678e-10,-1.65832022853762e-10,3.73625515155511e-11,7.4376616219717e-11,6.40203615532372e-11,2.79376234849672e-10,-1.71125429426121e-10,-6.20039450385054e-11,2.02890390222309e-10,-7.89443077871752e-11,3.39768610756079e-10,2.93173047796625e-10,-5.26142538349775e-10,1.81364397588608e-10,1.34803973461883e-10,4.66228932821523e-11,3.45394550254052e-10,-2.26734304953485e-10,-4.46282786699368e-11,9.70895442524267e-11,-2.84201836531326e-11,-2.527577841917e-10,-3.88841900346624e-10,-7.59012935296526e-11,-9.97137638208153e-11,-5.79773976594267e-11,-2.53535280492853e-10,-1.49504226375277e-10,-2.02683772022823e-10,2.64252702028471e-10,-4.81596949723139e-11,-5.56660083971754e-11,-1.72695534156218e-10,-5.37383924639073e-11,1.67464150197272e-10,1.6760716819441e-10,9.38014695324872e-11,1.43668484418277e-10,2.76627104755498e-10,2.16322622267234e-10,1.35648878910794e-10,1.83877995918816e-10,-4.17617932725145e-10,-1.41424648026852e-10,5.03873108660487e-11,-8.84858620339904e-11,-1.81211909966514e-10,3.98896255029577e-10,2.19133985276596e-10,-2.92510508029916e-10,3.2173382021147e-10,3.22034175688408e-10,4.72418147496681e-11,-4.50228428637918e-10,4.65202911726138e-10,4.2146187063081e-11,2.10331563139166e-10,2.45384890240237e-10,-1.25599122763561e-10,-7.88798001172166e-11,2.8218863398685e-10,-3.1314945101384e-10,-5.49240244275142e-11,8.19426030796016e-11,2.90680577418724e-10,1.83290111112522e-10,-8.37708854705676e-11,-1.27218799877577e-10,-3.20076118292935e-10,5.69689565657558e-10,-1.10023226112435e-10,1.14408814595573e-10,-2.77440959094374e-10,2.27531132588848e-10,5.36315786325434e-11,-5.25039346239625e-11,-3.12698015324189e-11,2.79183469405828e-10,-2.66997251046371e-10,4.86776456283122e-11,-4.07786018115786e-11,1.27746451533996e-10,-4.71005648221404e-11,3.32378602513957e-10,3.71856442550666e-10,-4.39072207031493e-10,1.66033649160964e-10,-1.50205087243667e-11,1.32731448765468e-10,3.63008173718359e-10,-3.18558256521082e-11,-1.31590840305459e-10,-4.99860455355914e-11,2.99146021372985e-11,-4.08057786740406e-11,3.44987379384744e-10,-5.02312164089434e-12,1.96869106324934e-10,3.94488662358208e-11,-2.66036629917648e-10,-1.68803030998244e-10,-8.04194605331918e-11,8.37878459863656e-11,-1.46224620026825e-10,7.90140012086259e-11,-1.70945152092476e-10,1.92196195475089e-10,9.60792412363329e-11,3.41416628897812e-10,-4.93720244666881e-11,-1.54049608484925e-10,7.43688678405686e-11,1.11249448547744e-10,2.72935278122566e-11,-3.14292356880691e-10,1.31471253003162e-10,1.25975214261537e-10,1.47871584562028e-11,-5.14243845780317e-11,-3.30981629504112e-10,3.05115475232631e-10,-1.58299350547663e-10,3.43157386198662e-10,9.56654303576581e-11,-4.25475087932547e-10,-1.66421033683179e-10,-1.31723444049404e-12,2.60375721358174e-10,3.02367224365173e-11,-2.0776327918853e-10,-6.66466981750603e-11,1.62619995497129e-10,-1.94623433493374e-10,-2.26450049068431e-10,-2.06487224673132e-10,1.93261994822926e-10,-4.44679256164202e-10,4.63732733379053e-10,2.85211437948191e-10,-1.45810592266896e-10,6.96244654867717e-11,-1.59940570324789e-10,3.96627017662706e-10,-1.57432034104884e-10,-2.29001774708648e-10,1.45606967069849e-10,1.78843640112024e-10,-2.00732562463657e-10,5.04939745453146e-11,2.3452291986649e-10,1.24568897243015e-11,-5.69085524953787e-11,1.89350599089455e-10,-3.60190959254871e-10,-2.40257210868357e-10,1.52156347567354e-10,2.05457212442266e-10,3.70803105260299e-10,-5.08469084934305e-10,5.15165950846505e-10,1.64923164953057e-10,-1.53879400184754e-10,3.26380937560036e-10,1.28199371917508e-10,-7.95562100880723e-11,-1.66053240492477e-10,5.44292030910002e-11,-2.0912816086217e-10,-6.24006076847275e-11,-6.44294098265435e-11,2.09058737565965e-10,-1.17185207030162e-10,2.25380415768188e-10,-1.78990124779155e-12,-1.61599424967898e-10,2.40209612584169e-10,-5.01664118121162e-12,-3.72144190754294e-10,5.90771902021728e-10,-2.14352233601924e-10,-2.54877973168999e-10,1.52299805746467e-10,3.13122324427844e-10,-4.37767218384263e-10,4.81810902725695e-11,1.87260572451855e-10,-1.46746568125445e-10,6.63821625391133e-11,-9.60786126422155e-11,-1.28145899362503e-10,-2.12466785022096e-10,7.5571052714065e-11,-4.90770652122577e-10,-1.92960710563542e-10,5.30280786144788e-10,-9.47767310918943e-11,3.02632393365104e-10,-2.46847702930924e-10,1.64041475837087e-10,4.08828005631716e-11,2.99789948846148e-10,-1.06870932762341e-10,-4.91300514693347e-10,-6.65834615283581e-11,-7.29356356836838e-11,2.27284564691324e-10,1.14811856391148e-10,-1.26138831434491e-10,-2.56009405243638e-10,-4.25583981302422e-10,2.99044586082909e-10,1.80349568001409e-10,-8.41959135749787e-11,4.68890515952257e-10,3.4590772138433e-10,4.10035438576076e-10,-2.31923936702753e-10,-1.03141671071813e-10,-1.22480659665127e-10,-2.81642306511096e-10,2.90869155084717e-10,-5.62270226784728e-11,9.24056534962463e-11,1.36747369532815e-10,2.92738916293965e-10,-3.55171768002177e-11,-4.239425094444e-10,1.99144729301897e-10,6.34954554763723e-11,3.40239739528803e-10,1.35690838325744e-10,3.20334732865078e-13,2.07736695502069e-10,3.64537911373681e-10,1.56482944744282e-11,-1.5665917046012e-10,-8.97038395919385e-11,5.41880963916562e-10,2.66649241368914e-10,-4.18300962789798e-10,1.12998322589408e-10,-2.82112997631398e-13,-2.10616557103929e-10,2.21826602046371e-10,7.12383672467695e-11,-8.74206760295228e-11,1.01780830805478e-10,-8.84194357531032e-11,-4.98078261570909e-10,7.85080233823504e-10,8.80615969740459e-11,8.5095696015222e-11,-8.51429511035926e-11,1.49831448802184e-10,-3.00537046629994e-10,2.08171752983448e-10,2.15891796443996e-10,-3.44480851274061e-10,-1.31275450598286e-10,-2.65552153364659e-10,-2.04689233708662e-10,2.45453244186472e-11,4.61685566737308e-11,4.48697566192341e-11,-3.60418611535425e-10,2.83690689314225e-11,-1.41660801853112e-10,2.95797025585229e-11,-2.14349005932969e-10,5.67622157358837e-11,-3.9580203928674e-10,4.9024512112908e-11,3.64815221690345e-10,2.59047621606862e-10,-5.84362187939002e-11,3.31268797395157e-10,-2.72522400105164e-10,-1.92777411207412e-10,-1.76359693601868e-10,3.113603753442e-10,-2.13590232755882e-10,8.14243683750294e-11,-2.5068907777942e-10,-1.39442005560841e-10,3.22152522254609e-10,-2.105124340738e-10,2.99446341069906e-10,-3.4936155213088e-11,-7.84447753250331e-11,2.78438246692142e-10,-2.62929051947197e-10,6.04989309708586e-12,1.23156015355145e-10,1.47114783133991e-10,1.57237306165424e-10,-1.79693042148248e-10,1.22068216561591e-11,6.57679684923342e-12,-2.28262180181213e-10,-2.78663487955769e-11,1.4025547325537e-10,2.4084553598251e-10,2.33138615938062e-10,-1.44739204724665e-10,4.18136196378174e-11,5.23595925355883e-10,-3.15344069101734e-10,2.93076423334269e-10,-1.04754220944536e-10,-3.989310029097e-10,5.38551651765332e-10,-2.7389041312561e-10,-1.68272998389144e-10,-4.13524759384711e-10,-4.0232582682901e-10,2.36744193470741e-10,2.71946568917834e-11,4.27347271307329e-11,-3.7559124421063e-10,1.16748950998121e-10,1.67915022262161e-10,1.70031154117899e-10,9.51193862223033e-11,-3.94266055662059e-11,-2.9283472966878e-10,-7.63626834931707e-11,-4.02249193389898e-10,-1.71912654808054e-10,-5.85916209211545e-11,-1.90465794576731e-10,-8.28116848607733e-11,-3.19373220789315e-10,-2.27600612216283e-10,2.51039484393262e-10,-8.03984855822162e-11,6.76317244975398e-10,3.08763289615157e-10,-4.46428200145207e-10,-9.89080912003624e-11,-3.9162096046028e-10,-2.08508007039344e-10,-3.04218882155003e-10,2.70439704785207e-10,1.92229424409494e-10,4.47715264187219e-10,2.30374129190691e-11,-4.53340229952853e-11,-2.63338093776374e-10,-1.54329385039693e-10,-1.07316154513922e-10,3.70490769790487e-11,4.13269904874116e-10,2.53290611508821e-10,1.43891163115346e-11,1.58985831902263e-10,-1.01826539668214e-11,-1.42224733193493e-10,-2.67668367436758e-10,6.29030116295106e-11,4.16633938933924e-10,-2.90195318738165e-10,7.02066547147832e-11,-1.64217459588167e-10,3.1403711091076e-10,-6.21649955750855e-10,-9.95543956722002e-11,-4.34654417523545e-10,-6.16623535418393e-10,2.85699604907203e-10,-1.70554191979683e-10,-4.75804717748249e-10,4.03454977237046e-10,4.14710964697706e-11,1.09162360540101e-10,1.98880726873431e-10,2.28197195632187e-10,-1.6506512962927e-11,-1.32303949740551e-10,3.00509419427284e-10,9.80436183555203e-11,2.33621477798079e-10,1.81244026453436e-10,3.25904526917169e-10,-1.61908039395707e-10,3.85627804945032e-10,-4.93365040001417e-10,-2.30974461826719e-10,1.03610626081357e-10,-1.58727411327548e-11,-1.44399490035508e-10,-3.10810298885915e-10,-2.76878338423093e-10,-7.4833916585423e-11,2.10812393079446e-11,5.31175123579481e-10,-3.11744278238442e-10,2.47696686442533e-10,2.83742915120402e-10,1.54682090840255e-10,-1.67068942780242e-10,1.78047043965556e-10,7.45790572414822e-11,-6.277025656549e-10,2.41414922524807e-10,-5.7392059706683e-11,-4.74165908810478e-10,1.44540956364272e-10,4.9830771499786e-10,2.72011696563034e-10,2.89398551075025e-11,-1.88071039999046e-10,-1.22545586018848e-10,-1.35447765985351e-10,-2.51601079360495e-10,8.74401856018826e-11,-9.627340725127e-11,2.21682410685015e-10,2.18433764544894e-10,8.06904051294186e-11,1.89348996369309e-10,-2.48870046430011e-10,-6.95664050169688e-12,-3.05126687117658e-10,1.0384372551904e-11,-2.38317960207938e-10,-7.01748621574031e-11,3.71642000890516e-10,9.70681119187192e-11,2.47982493217587e-10,-9.87704799271846e-11,-1.14609927482534e-10,4.07792811414779e-10,1.85334243597304e-10,-4.6135144893291e-10,-5.30892180896816e-10,3.7985190818836e-10,3.03006810997691e-10,3.90892525802428e-10,-5.87150255727905e-10,4.18606692303931e-11,4.97624586503388e-10,1.81546969694595e-11,-9.78037408893515e-11,1.32308039408253e-10,-4.64377855781986e-10,1.67663978133133e-10,-2.16922871165727e-10,-4.49542424217262e-10,-2.16246596550149e-10,-6.80751008862979e-11,5.38846261024263e-10,9.23439365741591e-11,-7.81476788721109e-11,-1.19417393553473e-10,-3.10245947458804e-11,-8.60178152945609e-11,2.11903892823092e-10,3.07735531394539e-10,-4.70287965740653e-10,-4.97605272877432e-10,1.14972694063289e-10,3.34446974569863e-11,1.00862818014805e-10,-6.40151936992264e-11,-7.03639199559743e-12,5.02547189184948e-10,1.37135138981792e-10,5.83757357056634e-10,-2.40723248597245e-10,2.22914355538837e-10,-2.87754519742237e-10,-2.73244539042712e-10,-8.3157241207061e-11,1.77975272195669e-11,-1.10111142140348e-10,-2.27346967959027e-10,-5.01781056408494e-11,3.43037010261361e-10,-8.53093303467613e-11,7.60444401293722e-11,1.07447446029992e-10,-6.92894300016796e-10,-6.47245638770808e-11,-1.51022366695187e-12,-1.61670665993949e-10,-4.85584384394705e-10,-4.46894240769446e-11,-2.13001447309409e-10,2.35032939553286e-11,-3.16067809228986e-11,1.98358771206125e-10,-7.58144678809385e-11,1.16710678764518e-10,4.41529371336585e-10,9.03719333610542e-11,5.12010325979377e-10,-1.77899318968154e-10,-4.26003849461414e-10,-1.83504786199342e-10,-2.39784056649942e-10,-1.73061780459822e-10,6.35687847658049e-10,-2.60410768381376e-10,-2.54678021280429e-10,9.77745477721973e-11,1.20017747954322e-10,-5.2662181493579e-11,7.62177299492102e-11,-1.58441146222902e-10,-1.48780559560804e-10,1.56922212850814e-10,-6.19159744264854e-10,-1.47307538301419e-10,2.90927532957781e-10,-1.72166804965601e-10,6.66565286503751e-12,1.6577851945838e-10,6.96312683472728e-10,-2.44319296957378e-11,1.86524933142457e-10,1.94253873557118e-11,3.02233688713537e-10,-8.83960251325755e-11,-8.2051000358736e-11,-1.36730179498446e-10,9.35071793560426e-11,1.81744678248293e-10,-3.58539812951785e-10,4.94667466906146e-11,-1.5392127839345e-12,-1.51224477623765e-11,1.29306160981119e-10,1.11611622560129e-10,1.3553892376495e-10,-5.09153603842118e-10,-4.317978861646e-10,-6.99671428993373e-10,-9.84636459749849e-11,1.44598352041587e-10,-3.16622769867699e-10,-2.4428228054611e-10,-3.49162366924981e-10,2.220281833439e-10,3.97274660140987e-10,3.36866048424356e-11,-1.4252884750531e-10,1.31196390477199e-10,3.34135815699062e-10,-6.24908386801393e-11,2.2406648034249e-10,4.95240900641737e-11,-2.20143459228403e-10,7.35606277484057e-11,2.55911898512506e-10,-2.56734285098304e-10,5.47191291605331e-11,-1.8526260571134e-10,-3.36853098279412e-10,-7.66219901619344e-11,-9.62453267362393e-11,3.36393701128038e-11,-3.73272132088601e-10,-3.66754020928785e-10,1.86592966105147e-10,2.90232645375087e-10,-1.22504669328664e-11,1.17009951300462e-10,-1.33051525007965e-10,2.63917559411315e-10,-3.745891951309e-10,-1.32957294339507e-10,-6.44501329543534e-10,1.53936413900157e-10,2.29806105947774e-11,-2.98198511688165e-10,-2.41369774721628e-10,-1.65758866305186e-11,9.18857744454192e-11,2.09645513321132e-11,3.28251714176929e-10,-3.86177109351725e-10,2.05723926340606e-10,5.13335993584959e-11,-5.51193666033099e-11,3.74895718964232e-10,-5.82433558372208e-10,-2.56329258637648e-11,2.30286115270381e-10,-3.42957184915543e-10,-1.9126832440039e-10,-1.12826663933522e-10,9.76139525325737e-12,-3.29479962439759e-10,-7.87474487715817e-11,-8.34704944721378e-11,6.22401992805984e-11,1.28075230995442e-11,1.91051052944065e-10,-1.36616660238615e-10,2.97994342566913e-11,4.02454956163759e-10,-3.00127576260608e-10,3.62120682571831e-10,2.51748047612802e-10,3.2678240512902e-11,-2.82910392376028e-10,8.0769259405726e-11,-1.12884395001825e-10,5.42330589867774e-11,-3.08061608080326e-10,-3.34306562394129e-11,6.20863749645453e-11,1.2787522001162e-10,1.99206509102929e-11,1.83408999243991e-10,4.40710366346527e-11,-2.0581684322193e-10,1.38715267134377e-10,1.03041453284367e-10,-8.01982590175477e-11,2.04083040830725e-11,2.76225704490756e-10,-1.76766519857971e-10,-3.93322253497758e-10,-1.38469040460003e-10,3.69191288693259e-11,-3.8640457214807e-10,-1.18540104087124e-10,4.64943573996073e-10,4.39691011283831e-10,3.4170838058505e-10,-9.19013744398618e-11,-2.24029720631189e-11,-7.28849101853919e-11,-2.99163228971732e-10,-3.88918689201582e-11,-1.44052086019857e-12,4.87380371336587e-11,-7.37376003017886e-11,1.74386761374607e-10,-5.30372009463466e-11,1.01820451619853e-10,-4.53511543605984e-10,1.52267178611546e-10,1.1718758151629e-10,-2.85554514965755e-10,5.60659098878571e-11,-9.72374590801544e-11,-5.27488978531869e-11,-4.59134396874223e-11,8.24999182006882e-11,-6.03847809729371e-11,3.06153020154771e-10,3.58733971131324e-10,1.37381174044806e-10,1.89260218029476e-10,1.15104729256413e-10,-4.18585115375837e-10,1.11783401206897e-10,-8.00056342853547e-11,-9.77181764150072e-11,4.04492840188092e-10,1.55669062975693e-11,6.31431400664133e-11,2.27239315788827e-10,4.77923203339731e-11,4.93943257160844e-11,-2.86343557575953e-10,3.73651686149205e-10,1.79442758152732e-10,-5.66875573017657e-10,-1.42995023965494e-10,9.66472706942319e-11,1.59127109293412e-10,1.72729990460157e-10,-1.17498621372756e-10,2.18258116829094e-10,1.10944403317808e-10,-4.04001607594167e-10,-9.60957947051738e-11,3.41014528591951e-10,2.1319118938371e-11,-3.4835871415129e-11,1.21385806528363e-10,-5.75034874632115e-11,4.52700266966762e-11,1.35433035528432e-10,1.99229240168992e-11,5.22394233063213e-11,3.87029814113611e-12,1.08497921461341e-10,4.02836415338476e-10,6.35551001689759e-10,-2.20050086228298e-10,5.20839507680661e-10,-1.4421741008789e-10,3.92266174144482e-10,4.56526093069376e-10,-1.40140112012427e-10,-3.33545787757598e-10,3.64838333111106e-11,-4.15474141672321e-11,-8.88435399872918e-11,5.13822724745416e-11,-4.01323034205081e-11,-4.28309505363691e-10,5.6200789393988e-10,-1.3881527449803e-11,-4.35668715949908e-11,-1.70743043830161e-10,3.43230915454861e-10,3.37167249836518e-10,-2.13877097325536e-10,-2.86314137920666e-10,-6.86756951014254e-11,1.43469416265365e-10,7.61581200590374e-11,-7.55800315087764e-11,-2.91267733000224e-10,-2.1447584453817e-10,-1.73022809105655e-11,-2.52372787900573e-10,3.67336217218822e-10,-3.80522821718562e-10,-6.42206550665713e-11,6.04153578898455e-11,-1.04968354336108e-10,9.14471037456842e-11,2.42308436028498e-11,1.02528339879122e-10,8.17455145547586e-11,8.95805373329409e-11,-4.06467323582824e-11,-2.41020127861239e-10,-2.86721735996512e-10,-3.78170683006093e-11,-2.25945994733023e-10,-7.07877190301855e-13,1.85006274366134e-10,2.05211530577816e-10,1.66085505217059e-10,4.20779890220147e-10,2.97923413863782e-10,1.18158441681603e-10,8.51216599265806e-12,-3.76191919431906e-11,5.62528938120509e-11,-5.19687987149374e-11,-5.47567717281727e-12,2.88133532716932e-10,-3.02400678671056e-10,-3.86025462033349e-10,-7.63963120865228e-11,3.02189905470572e-11,-1.47115440188134e-10,2.85287742283107e-10,5.85805749599847e-11,6.85305425980075e-11,2.9803114779801e-10,1.78503332112696e-10,4.979218950069e-11,1.14562614549203e-11,5.58656812781765e-10,2.46401739990204e-10,8.87906159315172e-11,7.24400211021814e-11,-2.30314186254201e-10,-1.43730536130351e-10,-1.98063397500058e-10,-2.38026453976302e-10,2.62993831742823e-10,-5.24220272979489e-11,8.30596095524779e-11,-5.99953312319413e-10,-4.07323143576549e-10,2.64989192247545e-10,2.68318166930981e-10,-3.64857838732177e-11,-1.81401211163024e-10,-2.52499470381e-11,1.93128225775541e-10,-1.79782732794536e-10,2.79386134481433e-10,3.03266675591272e-10,1.37313776316236e-10,-4.64884293102867e-11,-3.55740254524582e-10,2.01120223091381e-10,-5.96959033733812e-11,2.07398786002249e-10,4.72315839546897e-10,-1.05482620770701e-10,2.02591843169688e-10,1.25554249237284e-11,-6.8498485433911e-10,2.58832599104783e-11,1.07213177142645e-10,1.44653368547919e-10,-4.83817278750428e-10,-6.91664618481401e-11,-2.40600175201209e-10,-2.20540380903177e-10,-3.24405509890088e-10,-4.78037058074379e-11,-9.87813882294004e-11,4.21707060633337e-10,2.36093340589963e-10,-3.56354887338801e-10,-3.61532140435302e-10,-7.67496437403528e-10,3.17470937460276e-10,-2.10346331340934e-10,-2.62453895103706e-11,-4.75374158356799e-11,1.28220989124622e-10,-2.92500322408042e-11,1.99694737656263e-10,2.11375209576923e-10,-1.84063350073853e-11,3.67677982180718e-10,3.77622769097504e-10,-1.54400833525943e-10,-9.57819225140117e-11,-3.88961223675676e-10,-5.43204447131039e-11,-1.50467868609494e-10,1.74270700301806e-10,-2.04667287701225e-10,-2.38271491401687e-10,-1.43587538339035e-11,-1.74492923494245e-10,-5.26253509635617e-12,2.82492122520184e-11,1.65903423458948e-10,-3.92706689303151e-10,-3.20228620394114e-10,1.84702372930251e-10,1.70836335730064e-10,-2.15060237901567e-10,1.25320055987736e-10,2.14045335731788e-10,-6.31912561231908e-11,2.36347216575889e-10,-8.70015081618063e-11,2.05737405416135e-10,3.31654275602246e-10,1.45785591769356e-10,1.11561151662046e-10,6.4289446066919e-10,2.79463766031249e-10,-2.51743376764877e-11,-1.96683568297733e-11,3.03241454019006e-10,-1.17270280582398e-10,-3.22084919281017e-10,1.10438880830309e-10,-1.46457493478245e-10,-4.28781482997605e-11,-5.41221312195293e-11,2.0135560842581e-10,-1.70794535125575e-10,-5.16899878635535e-10,-1.01487366107954e-10,-2.59699327639715e-10,4.74491967594788e-11,-1.2481129561736e-10,-1.34778671027391e-10,-3.21900106991691e-10,-5.1723256351691e-10,2.76408329458294e-10,-1.61189638477837e-10,4.2113344970351e-10,1.2097913928392e-10,1.49135731530259e-10,2.47342377620144e-10,-2.80260667897189e-10,9.68025327941269e-11,-9.38447862621598e-11,-2.15429951157597e-10,-3.90645459027086e-10,2.65015372257029e-10,-3.58356156417605e-10,1.61093454225076e-10,1.11963947180062e-10,-1.3119482104493e-10,4.32906384894334e-10,5.70462388052882e-10,4.53729825583268e-10,2.72249770126341e-10,-8.01442555182988e-11,-1.31791903173994e-10,-1.04348623934975e-10,5.72209000648059e-11,-1.15503099531889e-10,3.39971206386641e-10,-3.38715459200154e-10,1.22629206864122e-10,-2.27564095377423e-10,-2.75916993581861e-11,3.09655161598509e-11,-2.9256675211595e-11,-2.30908591595257e-10,4.57186534358447e-11,-1.48412251891163e-10,-3.71104749027482e-10,1.12955918788191e-10,-8.39930510944937e-11,-2.7427278035618e-11,3.53499526011905e-10,-2.18186974656956e-10,-3.38079867077088e-11,5.01503795385608e-11,3.75720174870336e-10,1.31910624325559e-11,-8.39881668347041e-11,-4.16190167898301e-10,-1.27696497225515e-10,-3.40913430974287e-11,8.39415339316227e-11,8.66379017768243e-11,1.1770202003847e-10,-1.1223436093999e-10,-2.821985945801e-10,-9.84917379242963e-11,-5.85216237475764e-11,-1.45218260617475e-10,2.09810120824848e-10,-3.41224804688512e-10,-4.1907671211424e-10,-8.42513283242938e-11,2.11768505988881e-10,-5.27641846763803e-11,4.61246324903322e-10,-2.26416873529151e-10,-1.60346566466324e-10,1.93252402549373e-10,5.18441721308409e-11,-6.97555466452084e-10,-2.90581555156753e-10,-4.84228213603229e-10,-2.84519464698386e-10,-7.44699229311331e-10,-4.82392406676346e-11,-2.32980711280164e-10,-1.61627548991479e-10,-5.38681932766738e-11,3.96101320828036e-10,1.40679221155717e-10,-2.58107599590105e-11,1.91210461935039e-10,-4.13827179017667e-11,3.01462141603655e-10,4.78125033371185e-10,2.4639797532468e-10,3.69810257009451e-10,2.53163922655786e-10,1.49563196846314e-10,1.56071900554512e-10,3.90184149379982e-11,-2.75566049900231e-10,-2.3217907148263e-10,-3.81390233778886e-11,6.6658434190788e-11,3.4535312372321e-10,-1.53551781601236e-10,5.02818770860775e-11,-5.01480058452234e-11,2.919097975988e-10,-1.42125508432043e-10,-1.04129566768237e-10,-2.14110664803222e-10,-3.53561226631313e-10,1.62827087355856e-10,-2.38487120901412e-11,-6.99547772821048e-11,1.48389612422678e-10,-4.11088331950795e-11,-7.33260177309073e-11,-6.2787081146527e-12,-2.43115724218648e-10,1.9152278116873e-10,-2.91871674732861e-10,4.20597919706134e-11,8.2186801571448e-11,-1.50230495890665e-10,4.68590637239008e-10,1.07958815675404e-10,-3.9611902310619e-10,-2.05993371105194e-10,-5.55316059209689e-11,-1.98536970944909e-10,1.11586768836274e-11,4.82855854901661e-11,-7.05350162062817e-11,2.39909416947327e-11,-1.05468447589425e-10,-2.37388255650277e-11,-3.12389657076733e-11,-3.28551277239843e-10,3.15837843877397e-10,-5.68039290034255e-10,5.67897615749367e-11,-2.69058444710211e-10,7.36746855382976e-11,4.53319818650562e-10,-7.50635059138702e-11,7.03913737542259e-11,6.70785003045329e-11,7.25079583770401e-12,-4.63300610977864e-10,-3.4805073468567e-10,-5.38291610147095e-11,3.21487998822737e-10,-1.29990910838359e-10,1.18045065328122e-10,-2.55581392766898e-10,-2.25084404959696e-10,-1.36858328842428e-10,-4.64584862332793e-10,-1.34256444703289e-11,-1.24439264130377e-10,1.02444949465206e-10,-9.64981413008716e-11,-1.37143305306458e-10,-1.94839551176625e-10,5.16821285947188e-10,-7.34612023617474e-10,9.1949253250837e-11,-2.21879824156361e-10,1.45017120946891e-10,-4.44902889718813e-10,4.17928381645262e-10,1.19501284678586e-10,-2.28229654869802e-10,1.10509487747026e-10,-4.03122167483284e-10,3.50585997050333e-11,2.36030100073987e-10,-6.44421933762909e-10,9.64811349534109e-11,1.33378015328904e-10,-2.78170420813062e-10,-1.70750208659665e-10,1.77088691006355e-10,-4.38653467144669e-10,-2.53157753461394e-10,-1.61673736225173e-10,3.44885291528772e-12,-2.84617311377442e-11,-1.98147238903616e-11,-3.16279124643089e-11,6.60648574387838e-11,2.50932815174579e-10,2.10753879004641e-10,-3.96910241973571e-10,3.56739296610631e-11,4.08139394737818e-10,5.41141821842567e-10,3.32891063421938e-10,1.12519294979125e-10,-3.52795465000218e-10,2.94040540106765e-10,-4.34841959705538e-10,6.8601033553357e-11,1.55412260256768e-10,3.9802293761163e-10,1.30355041635604e-10,-7.74277085583651e-11,-2.35625527288609e-10,1.62931685442731e-10,3.50427950633198e-10,-1.91014558754295e-10,-1.69935196735566e-10,2.5172664627167e-10,-5.45649724395041e-11,9.15105315608463e-11,1.69213714541925e-10,-4.63657943868929e-10,-3.22676152071851e-10,2.38560762032509e-11,6.56629458531333e-11,8.62415223209961e-12,2.09356591626142e-10,6.3041723826268e-11,-1.66366244975587e-10,-1.15073790519462e-11,-3.42620634834456e-10,2.31483468776775e-10,1.76879752357961e-10,-1.69759559188465e-10,-2.89448130298607e-10,1.29438307971106e-10,1.70071346743989e-11,-7.26809846214423e-11,1.5609705307126e-10,1.54114512514492e-11,1.49838523153832e-10,-9.56788744472983e-11,-4.3039256207608e-10,1.97840265782198e-10,3.44396927432428e-10,-6.61537678448612e-10,1.91894852585663e-10,5.12215567458933e-11,1.65811077816853e-10,3.91394487467726e-10,1.1936527882586e-10,-3.57176831507202e-10,3.79716730304375e-10,5.3062541153383e-11,-7.94872746480177e-11,-4.47487618900848e-11,-1.53871315823464e-10,4.53720817955762e-11,-1.57850560654315e-10,-2.59488876278777e-10,-4.80736727776761e-11,1.44369461343187e-10,-3.33071984638802e-11,-2.47789129713538e-11,-2.50714907403917e-10,3.75102463839282e-10,-2.77619219686224e-10,1.3108007976537e-11,-3.86252327913049e-10,1.11855194509299e-10,-9.94587744979225e-11,2.87432983714695e-11,-2.3980655155797e-10,5.7452815136309e-10,1.49427211443171e-10,2.23651387572807e-10,-9.45336164377575e-11,1.11867266572032e-10,1.69294481053505e-10,2.48631364639803e-11,9.71530409689307e-13,-2.25456064574157e-10,-1.56820962572457e-10,-1.12104725980972e-11,4.87122222298702e-10,1.86038013271896e-10,2.86034270042579e-10,-1.79198737538452e-10,4.07649556190304e-10,-7.0243125763891e-11,-7.08586408726595e-11,-4.60789090164563e-10,7.66683489170751e-11,5.30103724819457e-10,3.53565972644957e-10,8.57491757852258e-12,1.64307265671202e-10,2.68087286116705e-10,1.0855118681738e-10,3.84670487887199e-10,-2.51413694398632e-10,4.34250147444268e-11,-1.87035425943634e-10,-2.27578069581201e-10,3.16767617230457e-10,2.1509957866206e-10,-2.87319121361131e-10,5.75810836895083e-11,1.37134508669524e-11,-7.36944668697684e-12,-3.23908913212781e-10,-3.12084356850659e-10,1.3453108336945e-10,-3.95439318514389e-11,6.35957759940206e-11,4.47595833558277e-10,-4.97245878922803e-10,-5.50760413918223e-11,3.92966675457947e-10,1.32794048063128e-10,8.31412909591047e-11,2.28412180065232e-10,-5.18287281149568e-11,-4.7453747421306e-10,6.30049953726396e-11,1.82106076911016e-10,-1.34004094158813e-11,3.01227499784388e-10,1.84980538121192e-11,5.21448459373114e-11,1.29154109058803e-10,5.13726788446589e-11,-5.5398386806521e-10,-2.30292876247989e-13,-2.12742656172448e-10,3.65101417865818e-10,6.08104206074333e-11,-3.65485505092067e-10,9.96795498109673e-11,4.1133408472414e-10,3.55614468175163e-11,8.27940911635755e-11,-3.29236747633465e-10,-8.08414501468613e-11,4.65683549482652e-10,-3.77664069816962e-10,-2.98433101572558e-10,1.49309557437285e-10,-2.96903077900109e-10,1.00598472342365e-10,1.48654594605381e-10,2.02329920586904e-11,3.91392823823907e-10,2.60014894828296e-10,-2.15325416331697e-10,2.83331331143132e-10,-2.45486890651976e-10,-2.1686792765747e-10,-1.80365747477837e-10,2.59361128650758e-10,2.80607646259678e-10,-2.02286899481267e-10,-2.43597597817035e-10,-2.6641702355273e-10,-2.42302060063487e-10,-1.35577554403417e-10,2.44996424466238e-10,-1.63533867367493e-10,5.01772824965421e-11,4.42134126533995e-10,-2.38350487614292e-10,-5.28989339795888e-11,-4.98693271292522e-11,-1.19038726516174e-10,-1.03081524043474e-11,1.76320719725492e-10,2.32375142590096e-10,-2.31323368734351e-10,2.97865263680515e-10,-4.09662398225249e-11,-4.75492334912467e-11,-3.58526300901928e-10,3.8124682949253e-11,2.3780907494666e-11,-1.11635085481128e-11,-9.3763152639777e-11,2.64811828420615e-10,-4.15817958222102e-11,1.29946665632768e-11,2.49885737314142e-10,7.40575856291779e-11,-1.23218266591385e-10,-6.46972054811964e-11,-2.35508618199659e-11,-1.72881024659431e-10,-6.08979639809666e-11,-1.65678436845164e-10,-1.00548030224041e-11,1.01915281015249e-10,-1.87869796285949e-11,1.33989607066468e-10,-2.24552519983693e-10,-1.15741462857828e-10,-1.70720993341818e-11,-1.50039338797836e-10,1.22595021644481e-11,-8.38670712498866e-12,1.69866641226593e-10,-9.71518360686241e-11,3.56886292462086e-10,-2.66560862201114e-11,6.27261737820232e-10,2.01116339681097e-10,9.85066252909927e-12,2.83812883531627e-10,-2.1844872812166e-10,-1.19221127528708e-10,-2.51003724012054e-10,-2.85661040293839e-11,1.95779153122336e-10,5.39247203763162e-11,6.22484407237025e-10,-5.7333311340645e-11,-3.73819536138656e-10,-1.74756592757188e-10,2.08138159372103e-10,3.02867307072212e-10,-6.13344143144106e-11,-2.44956098586487e-11,-2.44415371458989e-10,9.51222510772623e-11,1.12193129504861e-10,-9.69765391101882e-11,1.71134998499389e-10,-2.28405465446615e-10,2.69951282264493e-10,8.03422727125981e-10,2.06324725299114e-09,2.57646851180004e-09,3.29345001681122e-09,4.91698657727737e-09,5.73411765077868e-09,7.49397191848083e-09,9.24716425600037e-09,1.0950960319989e-08,1.35421365347469e-08,1.59595217455192e-08,1.87314111638692e-08,2.23927399646897e-08,2.68258234121787e-08,3.24957603963778e-08,4.04564141685838e-08
