v,0.25
Patm,100000
g,9.81
r,500
G,10^9.4
rho,2800
mu,10^3.74
rc,20
 
M,10^4.89
sigma,0.1
 
tilt_erupt,13.7694nrad
 
-1405,-1404,-1403,-1402,-1401,-1400,-1399,-1398,-1397,-1396,-1395,-1394,-1393,-1392,-1391,-1390,-1389,-1388,-1387,-1386,-1385,-1384,-1383,-1382,-1381,-1380,-1379,-1378,-1377,-1376,-1375,-1374,-1373,-1372,-1371,-1370,-1369,-1368,-1367,-1366,-1365,-1364,-1363,-1362,-1361,-1360,-1359,-1358,-1357,-1356,-1355,-1354,-1353,-1352,-1351,-1350,-1349,-1348,-1347,-1346,-1345,-1344,-1343,-1342,-1341,-1340,-1339,-1338,-1337,-1336,-1335,-1334,-1333,-1332,-1331,-1330,-1329,-1328,-1327,-1326,-1325,-1324,-1323,-1322,-1321,-1320,-1319,-1318,-1317,-1316,-1315,-1314,-1313,-1312,-1311,-1310,-1309,-1308,-1307,-1306,-1305,-1304,-1303,-1302,-1301,-1300,-1299,-1298,-1297,-1296,-1295,-1294,-1293,-1292,-1291,-1290,-1289,-1288,-1287,-1286,-1285,-1284,-1283,-1282,-1281,-1280,-1279,-1278,-1277,-1276,-1275,-1274,-1273,-1272,-1271,-1270,-1269,-1268,-1267,-1266,-1265,-1264,-1263,-1262,-1261,-1260,-1259,-1258,-1257,-1256,-1255,-1254,-1253,-1252,-1251,-1250,-1249,-1248,-1247,-1246,-1245,-1244,-1243,-1242,-1241,-1240,-1239,-1238,-1237,-1236,-1235,-1234,-1233,-1232,-1231,-1230,-1229,-1228,-1227,-1226,-1225,-1224,-1223,-1222,-1221,-1220,-1219,-1218,-1217,-1216,-1215,-1214,-1213,-1212,-1211,-1210,-1209,-1208,-1207,-1206,-1205,-1204,-1203,-1202,-1201,-1200,-1199,-1198,-1197,-1196,-1195,-1194,-1193,-1192,-1191,-1190,-1189,-1188,-1187,-1186,-1185,-1184,-1183,-1182,-1181,-1180,-1179,-1178,-1177,-1176,-1175,-1174,-1173,-1172,-1171,-1170,-1169,-1168,-1167,-1166,-1165,-1164,-1163,-1162,-1161,-1160,-1159,-1158,-1157,-1156,-1155,-1154,-1153,-1152,-1151,-1150,-1149,-1148,-1147,-1146,-1145,-1144,-1143,-1142,-1141,-1140,-1139,-1138,-1137,-1136,-1135,-1134,-1133,-1132,-1131,-1130,-1129,-1128,-1127,-1126,-1125,-1124,-1123,-1122,-1121,-1120,-1119,-1118,-1117,-1116,-1115,-1114,-1113,-1112,-1111,-1110,-1109,-1108,-1107,-1106,-1105,-1104,-1103,-1102,-1101,-1100,-1099,-1098,-1097,-1096,-1095,-1094,-1093,-1092,-1091,-1090,-1089,-1088,-1087,-1086,-1085,-1084,-1083,-1082,-1081,-1080,-1079,-1078,-1077,-1076,-1075,-1074,-1073,-1072,-1071,-1070,-1069,-1068,-1067,-1066,-1065,-1064,-1063,-1062,-1061,-1060,-1059,-1058,-1057,-1056,-1055,-1054,-1053,-1052,-1051,-1050,-1049,-1048,-1047,-1046,-1045,-1044,-1043,-1042,-1041,-1040,-1039,-1038,-1037,-1036,-1035,-1034,-1033,-1032,-1031,-1030,-1029,-1028,-1027,-1026,-1025,-1024,-1023,-1022,-1021,-1020,-1019,-1018,-1017,-1016,-1015,-1014,-1013,-1012,-1011,-1010,-1009,-1008,-1007,-1006,-1005,-1004,-1003,-1002,-1001,-1000,-999,-998,-997,-996,-995,-994,-993,-992,-991,-990,-989,-988,-987,-986,-985,-984,-983,-982,-981,-980,-979,-978,-977,-976,-975,-974,-973,-972,-971,-970,-969,-968,-967,-966,-965,-964,-963,-962,-961,-960,-959,-958,-957,-956,-955,-954,-953,-952,-951,-950,-949,-948,-947,-946,-945,-944,-943,-942,-941,-940,-939,-938,-937,-936,-935,-934,-933,-932,-931,-930,-929,-928,-927,-926,-925,-924,-923,-922,-921,-920,-919,-918,-917,-916,-915,-914,-913,-912,-911,-910,-909,-908,-907,-906,-905,-904,-903,-902,-901,-900,-899,-898,-897,-896,-895,-894,-893,-892,-891,-890,-889,-888,-887,-886,-885,-884,-883,-882,-881,-880,-879,-878,-877,-876,-875,-874,-873,-872,-871,-870,-869,-868,-867,-866,-865,-864,-863,-862,-861,-860,-859,-858,-857,-856,-855,-854,-853,-852,-851,-850,-849,-848,-847,-846,-845,-844,-843,-842,-841,-840,-839,-838,-837,-836,-835,-834,-833,-832,-831,-830,-829,-828,-827,-826,-825,-824,-823,-822,-821,-820,-819,-818,-817,-816,-815,-814,-813,-812,-811,-810,-809,-808,-807,-806,-805,-804,-803,-802,-801,-800,-799,-798,-797,-796,-795,-794,-793,-792,-791,-790,-789,-788,-787,-786,-785,-784,-783,-782,-781,-780,-779,-778,-777,-776,-775,-774,-773,-772,-771,-770,-769,-768,-767,-766,-765,-764,-763,-762,-761,-760,-759,-758,-757,-756,-755,-754,-753,-752,-751,-750,-749,-748,-747,-746,-745,-744,-743,-742,-741,-740,-739,-738,-737,-736,-735,-734,-733,-732,-731,-730,-729,-728,-727,-726,-725,-724,-723,-722,-721,-720,-719,-718,-717,-716,-715,-714,-713,-712,-711,-710,-709,-708,-707,-706,-705,-704,-703,-702,-701,-700,-699,-698,-697,-696,-695,-694,-693,-692,-691,-690,-689,-688,-687,-686,-685,-684,-683,-682,-681,-680,-679,-678,-677,-676,-675,-674,-673,-672,-671,-670,-669,-668,-667,-666,-665,-664,-663,-662,-661,-660,-659,-658,-657,-656,-655,-654,-653,-652,-651,-650,-649,-648,-647,-646,-645,-644,-643,-642,-641,-640,-639,-638,-637,-636,-635,-634,-633,-632,-631,-630,-629,-628,-627,-626,-625,-624,-623,-622,-621,-620,-619,-618,-617,-616,-615,-614,-613,-612,-611,-610,-609,-608,-607,-606,-605,-604,-603,-602,-601,-600,-599,-598,-597,-596,-595,-594,-593,-592,-591,-590,-589,-588,-587,-586,-585,-584,-583,-582,-581,-580,-579,-578,-577,-576,-575,-574,-573,-572,-571,-570,-569,-568,-567,-566,-565,-564,-563,-562,-561,-560,-559,-558,-557,-556,-555,-554,-553,-552,-551,-550,-549,-548,-547,-546,-545,-544,-543,-542,-541,-540,-539,-538,-537,-536,-535,-534,-533,-532,-531,-530,-529,-528,-527,-526,-525,-524,-523,-522,-521,-520,-519,-518,-517,-516,-515,-514,-513,-512,-511,-510,-509,-508,-507,-506,-505,-504,-503,-502,-501,-500,-499,-498,-497,-496,-495,-494,-493,-492,-491,-490,-489,-488,-487,-486,-485,-484,-483,-482,-481,-480,-479,-478,-477,-476,-475,-474,-473,-472,-471,-470,-469,-468,-467,-466,-465,-464,-463,-462,-461,-460,-459,-458,-457,-456,-455,-454,-453,-452,-451,-450,-449,-448,-447,-446,-445,-444,-443,-442,-441,-440,-439,-438,-437,-436,-435,-434,-433,-432,-431,-430,-429,-428,-427,-426,-425,-424,-423,-422,-421,-420,-419,-418,-417,-416,-415,-414,-413,-412,-411,-410,-409,-408,-407,-406,-405,-404,-403,-402,-401,-400,-399,-398,-397,-396,-395,-394,-393,-392,-391,-390,-389,-388,-387,-386,-385,-384,-383,-382,-381,-380,-379,-378,-377,-376,-375,-374,-373,-372,-371,-370,-369,-368,-367,-366,-365,-364,-363,-362,-361,-360,-359,-358,-357,-356,-355,-354,-353,-352,-351,-350,-349,-348,-347,-346,-345,-344,-343,-342,-341,-340,-339,-338,-337,-336,-335,-334,-333,-332,-331,-330,-329,-328,-327,-326,-325,-324,-323,-322,-321,-320,-319,-318,-317,-316,-315,-314,-313,-312,-311,-310,-309,-308,-307,-306,-305,-304,-303,-302,-301,-300,-299,-298,-297,-296,-295,-294,-293,-292,-291,-290,-289,-288,-287,-286,-285,-284,-283,-282,-281,-280,-279,-278,-277,-276,-275,-274,-273,-272,-271,-270,-269,-268,-267,-266,-265,-264,-263,-262,-261,-260,-259,-258,-257,-256,-255,-254,-253,-252,-251,-250,-249,-248,-247,-246,-245,-244,-243,-242,-241,-240,-239,-238,-237,-236,-235,-234,-233,-232,-231,-230,-229,-228,-227,-226,-225,-224,-223,-222,-221,-220,-219,-218,-217,-216,-215,-214,-213,-212,-211,-210,-209,-208,-207,-206,-205,-204,-203,-202,-201,-200,-199,-198,-197,-196,-195,-194,-193,-192,-191,-190,-189,-188,-187,-186,-185,-184,-183,-182,-181,-180,-179,-178,-177,-176,-175,-174,-173,-172,-171,-170,-169,-168,-167,-166,-165,-164,-163,-162,-161,-160,-159,-158,-157,-156,-155,-154,-153,-152,-151,-150,-149,-148,-147,-146,-145,-144,-143,-142,-141,-140,-139,-138,-137,-136,-135,-134,-133,-132,-131,-130,-129,-128,-127,-126,-125,-124,-123,-122,-121,-120,-119,-118,-117,-116,-115,-114,-113,-112,-111,-110,-109,-108,-107,-106,-105,-104,-103,-102,-101,-100,-99,-98,-97,-96,-95,-94,-93,-92,-91,-90,-89,-88,-87,-86,-85,-84,-83,-82,-81,-80,-79,-78,-77,-76,-75,-74,-73,-72,-71,-70,-69,-68,-67,-66,-65,-64,-63,-62,-61,-60,-59,-58,-57,-56,-55,-54,-53,-52,-51,-50,-49,-48,-47,-46,-45,-44,-43,-42,-41,-40,-39,-38,-37,-36,-35,-34,-33,-32,-31,-30,-29,-28,-27,-26,-25,-24,-23,-22,-21,-20,-19,-18,-17,-16,-15,-14,-13,-12,-11,-10,-9,-8,-7,-6,-6,-5,-4,-3,-2,-1,0
1.6539152115387e-10,-3.15951737563282e-11,-2.82110573713954e-12,-3.26036227843139e-12,-2.06187283484396e-10,2.38953023318383e-11,4.85206356048516e-11,-1.04113887784771e-10,4.74176850966103e-11,3.82237834240272e-12,-2.51226070814438e-11,9.91114644033046e-11,8.38700042181641e-11,8.95845234678036e-11,8.5402455233887e-11,-4.71690101410083e-11,1.10934019780934e-11,8.15809231773659e-11,6.02810304523407e-11,1.46640987998007e-10,-4.21095013672976e-11,-1.0904911583696e-10,-9.95157903085649e-11,-1.02363109219816e-10,5.21438471115242e-11,-5.5299046149267e-11,2.44172976533373e-11,4.6663157561518e-11,1.15038068880407e-10,-1.13296189359254e-10,2.54286687518937e-10,-1.46509126610931e-10,-1.86499957254028e-11,-5.58633186638055e-11,3.14368043552068e-11,-4.81587886272732e-11,-1.64187858687687e-11,-7.16653314224024e-11,7.79559034900951e-11,-1.03345699734779e-11,4.11453233584535e-11,1.36250569947777e-10,-1.29231278944596e-11,1.32927262230761e-10,1.00586878641904e-11,2.50647908282747e-10,2.00202301479302e-11,2.09873550676155e-12,-1.41400355486418e-10,2.55377755190759e-11,-5.43065273134093e-11,-1.1871383081253e-10,-2.62269340323605e-10,1.87192435919847e-10,-1.20379678625927e-10,-3.87760542560692e-11,-1.15262560800763e-11,1.46252322682407e-10,-6.77226172887706e-11,4.63589549049194e-11,6.16428859627005e-11,4.27500905467631e-11,2.70212634433884e-11,-7.34568372304416e-11,-2.49735151240618e-11,-3.51542760465988e-11,-5.55661509241773e-11,5.14000603690449e-11,1.12695164206139e-10,-8.82592957669624e-11,9.73551144121444e-11,-1.72708453040419e-10,-6.46223486280582e-11,9.46809064866533e-11,-9.88942628390666e-11,7.6889600559051e-11,1.3853807454608e-10,-2.59464774804975e-11,2.04436899070808e-10,-1.03398798669727e-11,-4.88863770091499e-11,-1.68696014497302e-10,-3.16156302089435e-11,3.41634348668748e-11,-8.06738740594686e-11,-3.34468838956569e-11,4.24358861949214e-11,7.64336408070307e-11,8.81075569729174e-11,3.92734098762807e-11,5.00527812619848e-11,3.67372029903668e-11,2.20385421896616e-10,-5.27016747431871e-11,-6.0119212669107e-11,5.37449367569177e-11,-7.2457554209968e-11,-1.07942865032227e-10,3.28259330383811e-12,4.40541826552265e-11,2.74387683067133e-11,1.3231017027087e-11,-1.57304047037062e-11,-2.02188063087892e-11,-1.08527949093636e-10,-1.24037148447336e-11,-5.78646529558031e-11,6.34984207404252e-11,5.89077612065011e-11,-8.64986728093287e-11,-1.54447675322823e-10,1.22438130620114e-11,-7.39753385222818e-11,-1.57510262616107e-10,1.35716255056634e-10,-4.52393673803729e-12,-1.76411120677614e-12,7.6221941727623e-11,7.13834455728795e-11,-6.03129214154834e-11,-5.092033646794e-11,-6.47006096455972e-13,2.61519469941544e-11,1.69529902228394e-10,-5.40288703322249e-11,2.03749556794667e-10,8.04491755577932e-11,1.52951815464958e-10,-6.8720850142154e-11,3.73514139760794e-11,3.30359520913888e-11,-1.36512467690041e-10,-5.00313487268408e-11,-1.25274505274615e-10,-1.51202119814495e-11,-6.29644023496588e-11,1.64359963304028e-10,3.51554304267394e-11,2.05402438574312e-11,-1.09314501101583e-11,-4.79314719827126e-11,-1.69388418730065e-10,2.47820958969853e-10,1.02353191065241e-11,5.32072589500011e-11,8.77956235090284e-11,1.98552492313172e-11,-8.65972585200153e-12,2.07025109824362e-11,-4.25014699828053e-11,-1.06783283944952e-10,1.25747273696497e-11,-6.90783698203772e-11,-2.43931092970983e-11,8.17971404675189e-11,-1.897724722128e-11,-1.76320510265283e-10,5.04388643225134e-11,1.57620981000175e-10,6.66067289105628e-11,2.11967639023754e-11,-1.53782289845697e-10,3.67702812359997e-12,-1.12510963360882e-10,-1.87167902451667e-10,-1.37416271048308e-10,-2.46400371360897e-10,-1.30459575833375e-10,-1.58861233076125e-10,-5.73385613268394e-11,-3.61741660185785e-12,-1.17065077553682e-10,8.37408538270869e-11,-3.68788922355962e-13,4.29788757226669e-11,1.29927863890718e-10,1.30252967096678e-10,-2.54352340124356e-10,-1.81914195949874e-10,2.91815449711946e-11,1.78945115346479e-10,-7.75922533063551e-11,-6.19032190608971e-12,-5.19435576631924e-11,-9.65179129880142e-11,-4.66637341709158e-11,3.0309255802709e-11,-1.42065160770413e-10,4.42229841452767e-11,-1.47901343528401e-10,-1.8901429943993e-11,2.87670039049483e-11,2.30058943899193e-10,8.43728148061449e-11,2.11763694815116e-11,7.95012112203654e-11,6.40126183787153e-11,-3.77589332883156e-11,-1.69554232438522e-10,-5.12725595447652e-11,-4.56893981495029e-11,-2.08827795394002e-10,-3.65245032615291e-13,8.11619316020299e-11,-5.69468682255324e-11,5.48948281791716e-11,-7.51594364158097e-11,-1.18556246175409e-10,8.71881097945709e-11,-3.75871617288031e-11,-2.33571716386505e-11,4.01502263500732e-12,-1.06320692421782e-10,2.00199681476509e-10,-2.27275041604035e-11,-4.8210408542824e-11,7.93094747262548e-11,6.99619369703403e-11,8.62820043847223e-11,-6.149485238076e-11,-8.56959904689887e-11,-6.47569006418904e-11,2.53720148524634e-11,2.88166273674572e-11,-7.35841554877527e-11,7.63563685058212e-11,6.20143804949254e-11,7.18935131054123e-12,-4.30882288622532e-11,-2.48564340659995e-10,-1.87176740249863e-10,2.55468792580435e-11,1.5654951273813e-10,3.10028497095398e-11,-5.98917783309798e-11,-3.64877008181788e-11,-5.58393305019565e-11,-1.69727238883248e-11,-6.0071379599194e-12,-3.95592868554008e-11,1.37363690145587e-10,-4.36425491549655e-11,-5.28201179144752e-11,3.67115163981339e-11,-8.54503619362271e-12,1.10416939755318e-10,1.64069333858676e-12,-1.40731028572991e-10,1.30090807004626e-11,-8.53096217699305e-11,-9.23260801435412e-11,2.45899800631801e-10,-2.04230099055267e-10,-1.74591438351361e-10,-4.98422132212795e-11,-2.86646504146461e-11,5.03425551866667e-12,-1.38669574585303e-10,1.05595606625087e-10,-1.19257605864572e-10,-1.48816661081016e-10,7.48676724961443e-11,1.28107239595577e-10,-9.59069249593447e-11,2.43170497056756e-12,-1.33089227146833e-11,2.07290166220296e-11,-1.55684152221766e-10,-9.19029651058949e-11,-1.30878664326492e-10,-7.21500117257941e-11,1.04272976725673e-11,6.38845783460023e-11,-5.27235123460012e-11,5.74086885512535e-11,6.47701591989048e-11,1.33174529005519e-10,-2.53642404047284e-11,-1.88727900065486e-10,1.71609856731389e-11,-1.03618782751938e-10,-1.59644013237841e-10,-7.65459984747609e-12,-1.36441753181781e-10,-5.31976336969267e-11,-2.59981237286684e-10,-5.67206504569605e-12,-5.89799069950811e-11,-1.44723794344021e-11,3.29835049551967e-11,2.77872381332894e-10,1.32663846586641e-10,-2.52904925525176e-10,-2.21741787598252e-11,1.30522903912233e-10,-1.88769599698977e-10,-5.90760595778198e-11,1.43014043983319e-11,-2.92320918515193e-11,1.2260455925234e-11,8.14293831758525e-11,-1.28831736709655e-10,-1.63405207750252e-10,1.19830651391212e-10,9.48376164421341e-11,1.85424239357737e-10,8.48568176670155e-11,-1.44512098104354e-10,5.01413470969487e-11,1.28657241868617e-10,-1.03982906926997e-10,2.83599285849982e-11,1.044877668131e-10,4.22470028813347e-11,3.5900595763229e-11,-2.13059340205052e-10,-5.08346383581266e-11,1.04559232955707e-11,-1.61803530412121e-10,1.56311778974716e-11,-1.57291226069638e-10,-2.82110992631056e-11,1.49026510098849e-10,-1.10242756275075e-10,-8.53714788419619e-11,1.04319225379815e-10,8.39044969538493e-11,2.7693971756894e-11,4.84305230231015e-11,4.25608361990468e-11,-7.633458038368e-11,-1.4645994892126e-12,-6.3169673584161e-11,-1.06332861836727e-11,-1.05751615795468e-10,5.29497895368666e-11,1.40794744163262e-10,-1.02813850131331e-11,-3.41465146216652e-11,-5.84372119622322e-11,-2.40033756068687e-10,-2.50422292853343e-13,-6.7719266473434e-11,-5.73879817199919e-11,8.3497286422346e-11,-6.33866582975967e-11,1.99718681538086e-10,-1.49301798234825e-11,-1.24096394707692e-11,1.22630501150996e-10,-8.37455985512534e-12,-9.64421273803424e-11,-1.88027340193636e-11,1.00514579956505e-10,-7.03080918766558e-11,-3.64386831934731e-11,9.22405179687416e-11,6.29831995490071e-11,6.984270527048e-11,3.21871546284914e-11,-1.52864571542609e-10,6.51634184931022e-11,-1.40103326593268e-10,9.26337974979098e-11,1.16921819201136e-10,4.08785383349317e-11,-6.87597073219048e-11,4.40144661104296e-11,-1.76416011707902e-11,-7.48845290494887e-11,3.00179883471255e-11,4.18728098467153e-11,-1.06641239553682e-10,-2.07684582277389e-10,3.59505998251303e-11,-1.12147898236981e-10,6.81568835361644e-11,-2.21252408187057e-11,-7.63067099638408e-11,4.25872583767451e-11,-3.55433245877034e-11,5.39452819030066e-11,6.35457932901523e-11,1.92893180679094e-11,-8.5497247127426e-11,1.15424893286187e-11,3.86757380941634e-11,-2.34804962308053e-11,4.52554525301988e-11,3.21691905566519e-11,-1.02913744561576e-10,6.63751564140079e-11,2.10804445486149e-10,6.24416786921057e-12,-6.62109913100737e-12,2.89963914941477e-13,-9.61614703885242e-11,-2.60478271688827e-11,9.5095432568371e-11,9.03595646118523e-11,-3.52417913959736e-12,-1.10151464662402e-10,-3.86974287071596e-11,-2.64239678528504e-11,-8.09299283545302e-11,-1.38419025608729e-10,4.0439136805147e-11,1.14199147515433e-10,-9.60417207571745e-12,-7.78838045928408e-11,-1.95278909391667e-10,-7.08949539946252e-11,-2.68058796981815e-11,7.38267846965834e-11,5.04008813826571e-11,-6.23017533483905e-11,-1.26213403409885e-10,-1.11557187254976e-10,6.39086871708582e-11,-1.29259545912051e-11,9.86146371482551e-11,2.91863125558318e-11,-1.66960045600108e-11,1.07333736640241e-10,1.03073144340225e-10,5.99121531769792e-11,-1.87860956015625e-10,-1.41254428014818e-10,-3.78991727930006e-11,-1.43138719350469e-10,1.46379992978714e-10,-7.49519669583311e-11,6.67805867644181e-11,-5.81855574007436e-11,-1.02756248499523e-10,1.82265553134346e-11,2.66278518006478e-11,5.4375241118045e-12,-3.79178521389969e-11,-8.57410395884113e-11,-1.11428030264823e-10,-3.73679325476188e-11,3.5260759705218e-11,-6.28912902402882e-11,2.82097047038282e-11,3.68812539472853e-11,9.93611066682746e-11,5.22631896746877e-11,-1.71905910172848e-10,-1.97129808379949e-11,1.86996531628914e-10,2.51144129541983e-10,9.28979589781869e-11,2.67002520637957e-11,-1.27353437272869e-11,-1.58987915813433e-10,-2.00340310868752e-11,-1.45495969475922e-10,3.80127653054183e-11,7.87621845560104e-11,1.92361620057735e-10,1.61058164322346e-10,2.16022080295164e-11,-1.77518393199897e-11,4.72282632947926e-11,-1.2975675174428e-10,5.67858403924522e-11,1.14331443549297e-10,-1.51597346235524e-10,-3.93288720906039e-11,6.4802527890744e-13,-3.0616171785952e-11,-9.67144576039457e-12,-6.06705621213343e-11,1.78725777810371e-10,-1.86784958849629e-10,-1.50413020461972e-11,4.72575469814444e-11,-2.04077474960445e-11,-1.94500480967206e-11,-3.61251955589512e-11,-2.13097571659718e-10,-1.14799896260075e-10,9.78939881581218e-11,-4.1318390813096e-11,3.62248828431784e-11,-1.72989119260976e-10,-1.9073013383953e-11,-5.15307615578555e-11,-5.94607362839189e-11,-3.98190153624939e-11,2.09523395476332e-11,3.82713535873991e-11,2.95223218462732e-11,7.01048852977521e-11,-8.5057934659391e-11,2.1146839260514e-11,1.2712036872048e-10,-6.64012722073324e-11,-1.18754228896239e-11,-7.6351139079126e-11,7.47837388833324e-11,1.40560525747751e-10,-5.20524418857182e-11,6.60253022737e-11,-1.12742669681715e-10,-9.24569861623192e-11,3.05264785077753e-11,1.80401977146076e-11,1.1133559056379e-10,7.19432559172505e-11,1.29712676258039e-10,-3.26593861921919e-11,-2.00989167769185e-11,3.22959382988902e-11,1.02697121629345e-10,5.77390559669328e-11,1.01787733191511e-10,-2.34359323084302e-10,1.96400203380219e-11,2.6962768812931e-11,1.11344658714464e-10,5.01343516841429e-11,-1.32169417624047e-10,5.63419251395713e-11,5.1577283654702e-11,3.92652757345071e-11,6.11905459440685e-11,9.15339065135762e-11,1.37168793332757e-10,4.01411564269445e-11,5.06300862003877e-11,1.78592507669288e-11,1.04111999861761e-10,1.26763373278856e-11,1.29177013904607e-11,8.8863440800313e-12,1.58419558009754e-10,-6.7279841342438e-11,6.64110770890486e-11,1.10331416742934e-11,-2.90250407581043e-12,-2.34015138878989e-10,-2.01499291511781e-10,1.64007432872828e-10,7.51933278250089e-11,-9.053960832674e-12,4.59554427579702e-11,-6.31923672382628e-11,2.37610028729964e-11,1.37827667809545e-11,1.20990618703224e-11,-9.9376881742034e-11,5.51662224054001e-11,1.21891687143544e-10,-1.20208303002396e-10,9.21673798518273e-11,8.02009915752609e-11,-6.76728534183856e-11,1.29230387143868e-10,-1.511151571783e-10,1.7008342876016e-10,-3.04243596942669e-11,-2.22025422798314e-10,2.74465494792101e-10,-1.19667039239653e-10,-5.17543336028029e-11,-1.30493064963714e-10,1.17482447984336e-10,-1.72860959759809e-11,-1.52694007126988e-10,-2.38725183791063e-11,1.57441690228134e-10,1.62330162707881e-10,-7.57422283132176e-11,-4.45276959936853e-11,-5.31006913631589e-12,-7.31074602089016e-11,2.68333259251901e-10,6.10787051077498e-11,-7.46627118694086e-11,5.2024732909801e-11,-2.13044775686065e-10,-2.34020984621405e-11,5.30401976962516e-11,9.73161650768987e-11,2.07355350853139e-10,7.28440766623881e-11,-9.11529964611574e-11,1.44225715103279e-10,8.1418414752984e-11,5.14221992098229e-12,-2.01988654854758e-10,-4.55620260016109e-11,7.60937994189058e-11,9.45785507106328e-11,-3.89191465157994e-11,7.52248014644452e-11,3.8313774863315e-11,-4.04119416407207e-11,-1.71713768114902e-11,1.24506466969443e-11,2.05184129884969e-11,-5.74442262923257e-11,3.59987976672822e-11,1.01831539432067e-11,1.1346258018665e-10,1.34510377006514e-10,8.36581707424139e-11,-7.99186803526884e-11,-7.31753578855971e-11,4.64493798732726e-11,-4.4800768135202e-11,8.45641525808389e-11,-4.03816617778789e-11,-1.528740337801e-10,3.18063234566846e-11,-1.56816346342818e-10,-6.86225992539458e-11,2.06938691353836e-11,1.11228259734036e-10,5.99109148896848e-11,-3.91974923541093e-11,2.08516376012133e-10,-7.30884422241646e-11,1.35447923985477e-10,-6.44080857876913e-11,-2.85420296725162e-11,-6.28732024879139e-11,2.94764040184721e-11,7.04510375434107e-11,-2.45335918485802e-11,4.7813896823302e-11,-1.18616702619754e-11,-6.43139741967243e-11,1.62665665912759e-11,5.84021135817032e-11,-9.37719288168354e-11,5.53937187737516e-11,-2.98100087702345e-11,3.7210742712314e-11,1.37870936263145e-10,-1.59129113184573e-10,-4.15419895144168e-11,-1.27262255658882e-10,1.38497965671456e-10,3.88318336281958e-11,1.70140572722135e-11,4.07916531260726e-11,7.33671124136896e-11,4.39038985942383e-11,9.86750239595425e-11,9.59958545556554e-11,-1.17324809962971e-10,2.01452730268864e-10,-3.84675964651844e-11,-2.07007465613605e-10,6.41118655421977e-11,2.21395545762365e-10,2.67623385210734e-10,4.03381932589096e-11,5.67076650409109e-11,-2.50948556705854e-11,2.30284254659152e-11,-5.13315140009238e-11,-7.37465131248391e-11,-3.08948374681785e-11,1.15797934868386e-10,-1.12688763130474e-10,-1.34645690664926e-10,3.82675202323222e-11,-1.33675499120528e-11,1.90123883737905e-10,-1.21911578163236e-10,-1.47586207898236e-10,-1.91540411643877e-10,-1.34830049635717e-10,-9.34844712192388e-11,-1.86731498945645e-10,4.38365064973341e-11,-5.22223696584624e-11,1.25562170161728e-10,-2.11832315249368e-11,1.50550494427758e-10,-5.05036958275525e-11,-2.51205784976454e-10,5.22090486896946e-11,4.27984908001813e-11,5.72713292727812e-11,-1.3517686679448e-10,3.84569216745834e-11,-1.35365616549617e-11,5.07551720312054e-11,-2.00666666643808e-10,4.7411065914819e-11,-3.15436661084889e-11,9.22084510306204e-11,-2.20993701940521e-10,1.06284735244325e-10,-8.69487609123426e-11,-9.59961721411205e-11,9.2465340005604e-11,2.4270769639569e-11,-3.46753811536001e-11,-1.20515812786686e-10,-6.45579351962207e-11,5.3166187324234e-11,1.56391200978539e-10,-1.24334333808779e-10,9.23626582992327e-12,-4.25440428398083e-11,4.82107314113732e-11,3.48493343073223e-11,-3.72438635938292e-11,-5.60612475116376e-12,1.28437709892499e-10,-6.82834844800117e-11,-1.6331606663209e-10,7.11664409792026e-11,4.20452024015074e-11,7.57119927668683e-12,4.7283805715785e-11,-5.23431228307792e-11,1.96978512661877e-10,-9.67498028777834e-12,-2.92762678893937e-11,2.48072259650397e-11,-1.32991690483596e-10,-9.85446462013031e-11,-1.55802697712433e-11,-1.05016983762058e-10,-1.74832553479641e-10,1.33267762880416e-10,4.52854689051937e-11,8.35573877531023e-11,-3.4970776445087e-11,-8.36278152206021e-11,-2.54699623666064e-11,-7.17080641509283e-11,4.5024595076401e-11,1.03778277759293e-10,-1.18887091195873e-10,9.25752652765527e-11,-8.9766861070505e-11,9.58643845290665e-11,1.61543959458307e-10,-1.29802232045212e-11,1.61215937300173e-11,6.19448249222548e-11,1.65497740641397e-11,9.55580368476763e-12,-1.05217383680638e-10,1.79820813839864e-12,5.38092666417432e-11,-1.51977673105e-10,5.59318535310305e-11,-1.43196032613097e-10,-3.75897605486595e-11,6.15784570062539e-11,4.80779539726145e-11,-6.00520356987189e-11,-4.1443741718163e-11,-1.32108116713083e-10,-1.58192114637673e-10,-6.02971725067583e-11,-2.04007043627593e-11,-9.55606015714183e-11,5.10427348107395e-11,-1.55288587270125e-11,5.75033273358511e-11,1.20147634108635e-10,2.84875284196693e-10,-8.21880449702618e-11,-8.30542178805404e-11,7.39710846084164e-12,-8.77110330842687e-11,-8.09482817757785e-11,-1.60373911763138e-10,3.31659193952465e-11,1.72846688460137e-10,-9.85368163793664e-11,3.07849172415546e-11,-2.4426008113074e-11,-2.83421028212288e-11,-6.59847786250546e-12,-9.07594980806164e-11,7.67381603491719e-11,4.44410435411545e-11,4.47119549136743e-11,-5.16005043034685e-12,8.05210362000396e-11,7.84188091334701e-11,-1.43629026851333e-11,-1.76948554914756e-10,-1.60335033965085e-10,1.33906090141555e-10,-1.4235025530304e-10,2.39191031651201e-11,-5.2879471441396e-11,2.65648189917662e-10,-8.29970591716431e-12,1.11812321711612e-10,2.28091237409555e-10,-8.41076196716433e-11,9.01929583241206e-11,1.17786828038539e-10,1.96354904372868e-11,-1.76090985881032e-10,2.44510174518636e-11,4.14088736206581e-11,-5.08238765519783e-11,-4.75999025014751e-11,-1.0387316864524e-11,1.01077130204914e-10,-4.25650640016073e-11,-1.1204819003357e-10,-4.57539605226855e-11,-2.35411047229186e-10,-4.02631953964575e-11,2.7501980790684e-11,-8.05117275184958e-11,7.47787783954496e-11,-1.66454488893171e-11,6.15141140967703e-11,-6.85602665861779e-11,-7.4004204039519e-11,1.21455182223917e-11,8.7013587753782e-11,9.82735939422462e-11,-4.16263402058313e-11,4.99612941987684e-11,-1.65305344455545e-10,2.02592173039341e-11,-1.20463089796722e-10,5.49712365458198e-11,-6.54121111699404e-11,-2.63139349691942e-11,-9.15908319701744e-11,-6.40155526811409e-11,-1.08950694970971e-10,1.21749195212156e-10,-5.63618291188603e-11,-3.61830046093606e-11,1.07957328704245e-10,2.33648486656816e-10,8.00561580357214e-11,1.55234740699687e-10,-2.0162143681935e-11,-3.5255000660198e-11,5.12801993045455e-11,4.75913719110418e-11,-1.08701585828652e-10,7.26693358645722e-11,1.84329351438751e-10,-1.47338795070271e-10,3.20270118263354e-11,-9.20633977979047e-11,-1.37968181199762e-10,-1.08744457612018e-10,-1.45905368977935e-11,-2.80044288382564e-10,2.2659727703194e-11,-4.94662089997197e-11,-3.90680811357958e-11,-1.35970530143584e-10,-5.72036470792633e-12,-5.9685899010507e-12,3.55953537099686e-11,1.49313623320842e-10,1.74056908484411e-10,2.26565367383403e-11,-3.26490857251808e-11,-6.42055637004791e-11,1.19567285554563e-10,7.5976930679734e-11,-4.48655434052364e-11,-4.05007071095652e-12,5.43690187753693e-11,-4.7629522813735e-11,-1.00152851252925e-11,1.51674187738645e-10,-1.07911524893128e-11,3.96828001530924e-11,2.07055337948228e-11,8.98206809087856e-12,-1.05235395376028e-11,1.76032240668986e-11,9.48005693726259e-11,3.67536416175761e-11,6.06321530013435e-11,-2.91835341912049e-11,1.50365493216263e-10,4.86788127212108e-11,-9.31535756272197e-11,1.18433641640334e-10,-6.08270763089254e-11,-1.14536259223554e-11,-4.00159536467925e-11,-2.14299460665754e-10,-6.8101126320023e-11,-1.54116985412548e-11,-1.25235766608981e-10,-9.89544653983991e-11,8.24923737182675e-11,8.46990427264384e-11,1.67378172204208e-10,3.82163640796049e-11,-9.07549109484873e-11,2.78652880793024e-11,-1.63668347903456e-10,4.6469977540874e-11,-9.52113208176438e-11,1.78145289139039e-10,1.69684094555195e-10,-1.85093235027888e-10,5.05557128960744e-11,1.7581170119801e-10,-2.19738523009946e-10,-3.55764252510064e-11,2.97063991055807e-11,-3.01311110774844e-11,-3.04515937844385e-11,-8.83029634125678e-11,4.70296341729506e-11,6.11458152873704e-11,-8.55064593224539e-12,-2.67177149295388e-11,-2.71652320212152e-11,8.39646739753948e-11,-1.88795935031264e-10,-1.40176888690836e-10,-2.28123099538732e-11,-5.86492560621881e-11,1.55524168028352e-11,9.85493311706295e-11,-1.36436626680354e-10,9.95062386431347e-11,-3.67059630405975e-11,1.20048115605856e-10,6.44394058836476e-11,2.16636985907791e-11,-1.18764136483368e-11,3.63706498578258e-11,-1.46068262335463e-10,5.14037573370121e-12,-5.78283727476872e-11,-1.03772226141374e-10,-1.82742093864607e-10,1.03000116801388e-10,-1.75195471457025e-10,1.38484492663642e-11,8.64292497762016e-11,-1.45994120769201e-11,9.83366169515158e-11,-1.58482699001555e-10,4.26433513228999e-11,-6.59180202390622e-11,-7.69167984940738e-11,2.27153224202383e-10,1.66596203031575e-10,-2.66937609351642e-10,-1.34259130351772e-10,4.1830406819935e-11,-1.09445586901823e-10,9.10838648568988e-12,-1.31290892546166e-11,-4.85056950765806e-12,9.8291213044904e-11,5.38283692971407e-11,-5.65996818530989e-11,-1.71116233998433e-11,4.66530205724853e-11,1.28639273068063e-11,1.40072674923543e-10,-7.0432879257385e-11,-2.4291774724245e-11,1.9825567762992e-10,9.45662939246646e-11,-7.94891653343674e-11,6.28096050346222e-11,2.15322478208086e-11,-9.5297535011497e-11,2.85581182671492e-12,-4.26549900479947e-12,3.29120561345544e-11,5.23883480695024e-12,-2.49921431539647e-11,-4.36633403540914e-11,1.89958224196811e-11,-1.37252228779504e-11,-4.8058571389889e-11,4.15020719606802e-11,-2.80825827366351e-11,-5.97134886827151e-11,-1.09139370924277e-10,-5.76972193240093e-11,-2.52466696803491e-10,1.00222414743319e-10,4.70308540519457e-11,-1.4578417922532e-10,8.84577169475707e-11,-1.38007772147863e-10,1.54582474093776e-10,-1.49621104886886e-10,-1.07426972548597e-10,2.17719496913232e-11,9.10831166271531e-11,2.3500695406485e-11,-1.02587613681896e-11,-9.09686094620331e-11,1.0118889502102e-10,-1.20526029923735e-10,-4.75599379400614e-12,1.1746287719326e-11,-5.88861684449964e-11,-1.07420242266768e-10,4.95857693081632e-11,-4.86737737827833e-11,1.96351634575956e-10,-5.75495968355312e-11,-2.60666112155162e-11,5.51206913048961e-11,1.02193592964199e-10,-1.1932824891749e-10,1.61949417535815e-10,5.48034081155018e-12,1.7472964378763e-12,1.00996753673298e-10,2.73515490435058e-11,-4.52712443828642e-11,-9.63284708007945e-11,1.69937022186213e-10,-1.15854122764732e-11,3.65750819068021e-12,-1.43319952134275e-10,-6.95691333498413e-11,-8.01113075260381e-11,6.03760624014091e-11,-5.66258380296744e-11,-1.90463948786056e-10,8.2417108016404e-11,9.70792273597981e-11,2.60975408052782e-10,4.68306180650701e-11,-2.06628671884529e-10,-7.24447152155233e-11,6.94990688190475e-11,-2.62478006514437e-12,-3.22415320773418e-11,-9.6765748888581e-11,-1.62279205763494e-10,1.38907220674892e-10,2.81193132638086e-11,-6.86368402381394e-11,1.0171931052877e-10,5.62455981086759e-12,1.25322472310853e-10,-5.2513599242622e-11,-8.30739365808746e-11,8.06529879432064e-11,2.1038038848927e-10,-1.18256136270055e-10,-1.65407397102571e-11,-1.71054151085523e-10,-3.76793106106998e-11,-2.26226982264553e-10,-2.89291160774081e-11,2.96090416429452e-11,-1.66809548507689e-10,-7.35474274111961e-12,-3.46012659177797e-12,-8.65595625306375e-11,-4.07340012572047e-11,8.64785926266342e-11,-5.17912474463375e-11,-1.22167981354931e-10,4.49109488727524e-11,-5.11617530390979e-11,-9.77274286015171e-11,1.53054922391766e-12,-1.32112108157632e-10,-5.24497434293983e-11,-1.4016163289042e-10,-6.26405638452638e-11,-7.78290177712365e-11,6.01187164506288e-11,-1.41802742222572e-10,4.58708762337899e-11,-9.66472879301044e-11,-6.68677078450281e-11,-1.88552180216101e-12,1.01590487107459e-10,8.45718412669865e-11,1.74887356345728e-10,-1.44364580847994e-10,-1.43109006633087e-11,6.72172912063911e-12,3.0239810932657e-11,-2.44408490148459e-11,6.00931941609541e-11,-4.25856034886839e-11,7.27607989299223e-11,5.56661386663373e-11,-4.66242824866475e-11,1.24065223013099e-10,-2.45635613105123e-10,-1.34154474075023e-10,4.56589801079131e-11,9.25388060849979e-11,-2.17954458378483e-10,-7.99187914210115e-11,-1.02994143916361e-10,9.32854815346168e-11,-1.01127561786734e-11,-2.24796581021985e-11,-2.39750851148136e-11,-1.48004521226941e-10,-4.01022988173708e-11,8.38880862241812e-11,9.88747910290099e-11,6.94186766673201e-11,-2.96315421320252e-11,8.2068662391864e-11,1.20404711945688e-10,-7.79444439480624e-11,-8.37592769247912e-11,2.72236459194185e-10,-4.82940100781262e-11,-8.49517061600016e-11,1.59160836410378e-10,-1.07712259081883e-11,5.43104593297001e-11,9.939130783366e-11,-1.0977976332869e-10,1.39613258551775e-10,1.40115611085439e-10,1.10956321495428e-10,-2.32001508566227e-10,-2.31112924449497e-11,1.90801455091285e-11,-6.0290894695314e-11,-1.04570146027293e-10,-1.4678392515793e-10,1.36167936829373e-11,3.30449647947405e-10,5.43855044754714e-11,2.85684424943393e-11,-4.76005705912638e-11,1.63441364813391e-10,2.65786536979962e-11,1.26666120700122e-10,1.40730235605958e-10,9.91797433529006e-11,1.28651112886255e-10,6.51807841558339e-11,-1.38986257237389e-11,3.11751810773863e-12,1.12078135666187e-10,4.95636841182136e-11,7.48662162943332e-11,-3.55571812087373e-12,-1.07596171211009e-10,1.28330603180327e-10,1.04333713455751e-10,-4.44496370728747e-12,-1.1403261257296e-10,-6.36060918622318e-11,-1.17114693579596e-10,1.00562130503296e-10,-9.81573466585879e-11,-1.11032346554237e-11,-7.57754680718314e-11,1.15348181408028e-10,-2.26328687312899e-11,1.21489829089768e-10,-1.34580321725573e-10,-7.84155837127859e-11,3.75819924065239e-11,-1.99622177770609e-11,-2.54768278687074e-10,8.98228336629598e-11,-3.61258066380999e-11,1.27714935014829e-10,-1.01671225730287e-10,-7.98940332290223e-11,-1.09044816367816e-10,-1.4126659601722e-10,-9.52069499294892e-11,-1.55116848266192e-10,-5.52655172497625e-11,3.19842126609676e-11,-6.86805381124658e-11,-2.1714184572047e-11,2.05462159338603e-10,2.23035618510683e-11,4.82405915464114e-11,-1.51188123479529e-10,3.36848815973331e-11,-1.96830878379929e-10,-6.43130823791115e-11,-1.1707291913029e-10,4.7966300085061e-11,-1.25318163624266e-12,1.26636314893602e-11,2.10513573060751e-10,1.06965880874706e-10,-1.89682441775311e-11,-7.60734240895229e-12,1.0250186403905e-10,-6.07193328595515e-11,-4.91789058182638e-11,-1.51064504207072e-10,1.28535457877653e-10,-3.61074461264545e-11,-9.96291231334631e-11,4.36512169739356e-11,1.57442218691444e-10,2.66324690762111e-10,-4.21968490967568e-11,2.10040719165408e-12,-1.96355169712152e-10,-1.31969858555268e-10,-9.06400353574102e-11,8.5077439468905e-11,-2.87288173587802e-11,1.00168338696909e-10,-9.06102091470505e-12,1.06095410800356e-10,-6.71969117928641e-11,1.89039967413309e-10,-1.79249538178297e-11,3.54544406263245e-11,-1.87192929138427e-11,-1.27222838916091e-10,-7.54906030420373e-12,5.54153713591968e-11,1.75997942206803e-10,2.16173088826731e-11,-7.81938799405269e-11,2.71308649218619e-11,7.12586096599767e-11,-1.47335800864144e-10,2.00584001544768e-11,-1.54729335735006e-12,8.31771304340905e-11,-2.7595639779713e-12,-2.96630284049831e-11,1.24797000817845e-10,-4.4530956179567e-11,-1.59352128451642e-10,1.95569992345997e-10,-4.4916336497573e-11,2.34379337758552e-11,-1.21719329440125e-10,-1.92952577390552e-11,2.18134210773847e-11,7.81365643697742e-11,-5.93520623158554e-11,-7.19625541828804e-11,1.32168469387112e-10,-1.83546838136913e-10,1.15731629458702e-10,8.67522373986218e-11,-8.33762890140218e-11,-6.25905935776256e-12,-1.36573743213073e-11,1.64144486656046e-10,3.68448171769822e-11,-6.07590479074208e-11,7.98213446624564e-11,-4.27588028130843e-11,2.23430891914611e-10,-4.04307583068373e-11,9.00034567767807e-12,-1.27909124455768e-10,2.61506807724261e-12,1.58542256896582e-10,1.18756383600143e-10,2.1684643018558e-11,4.45805919314824e-11,1.98324799298726e-11,-6.27078414679173e-11,-2.53953017854584e-11,1.41736903803236e-12,-1.04646960955092e-10,-1.15453370582033e-10,-4.7567211393398e-11,-6.73122790742332e-11,1.25221630833116e-10,-9.87614875556226e-11,8.93277090691364e-11,1.27965334478616e-10,2.89233436148967e-13,-1.1880768350934e-10,-1.78429631070173e-10,3.66918043352784e-10,4.38539076642408e-11,1.79210624749268e-10,-6.20259573147616e-11,2.84106675496687e-11,-1.03191201731586e-10,-1.72422504897961e-10,1.19255633825721e-10,-5.91479836142942e-11,1.5317287433029e-11,-1.02246461128054e-10,6.40969636053497e-11,-7.89928914876065e-11,-2.17131935784254e-11,-2.29563128509431e-10,-1.95515625984555e-11,-5.91249944441506e-11,-3.70950442221312e-11,1.73290651556734e-10,1.06137933421006e-10,1.1540216442674e-10,1.88785742071656e-11,1.25832739914039e-10,-1.67402525851146e-10,1.39462136865988e-10,-1.50413369530444e-10,7.98116799558995e-12,8.53711049510251e-11,-4.46746796657946e-11,-6.96269307539464e-11,5.45417244358757e-11,2.0278195933871e-12,1.71835794626216e-10,5.31509848116295e-11,2.18980825067975e-10,1.15091065926334e-10,2.00314938019375e-11,-4.03514608770064e-11,-1.83148737655779e-11,-1.85658150593912e-11,2.05220887489195e-11,2.58935605849617e-11,-1.05039752908032e-11,-6.96983046997838e-11,6.71154702174714e-11,-1.06126387687437e-10,5.70724894315165e-11,-9.87413457942701e-11,-2.26551128266367e-11,1.43798625004465e-10,-9.14053883772827e-11,-1.30840486431093e-10,-1.78601249723944e-10,-1.51390954957942e-12,9.9140061757533e-11,4.46972529143519e-11,1.60294570087077e-12,1.28142775623782e-10,1.35812480185143e-10,-1.81301049587168e-11,2.3043523567862e-10,4.95553351068964e-11,-1.10286334609072e-10,-8.58231720957371e-11,5.04146095270447e-11,-4.18031580923367e-11,-2.60653818327574e-11,-2.10340897656815e-11,1.14200640386629e-11,6.54639655722985e-12,7.31828614531232e-11,-1.47354007702278e-10,2.30809390231944e-12,-6.25812694871384e-11,-1.51780502271776e-10,1.07631118266447e-10,-5.33199181631342e-11,-7.20368408832846e-13,1.74331041849485e-10,1.65139009737253e-10,-1.1724940715741e-10,-2.72742306878322e-11,-2.4095381629217e-11,1.0443147205772e-10,8.25658177944903e-11,5.52733424408584e-11,2.34655785819333e-11,1.60149361702979e-10,-2.03535891713992e-11,1.1226789676766e-11,-6.00061328038565e-11,-1.69429303095194e-10,6.42966046568373e-12,-5.15275172370203e-11,-2.28965442463017e-11,-3.77313862365674e-11,1.26838983473508e-10,1.25686611646153e-10,2.04142973118802e-10,2.30175339490622e-10,-2.64197700130179e-11,-5.99199087865736e-11,3.53697024748296e-11,7.22138203493401e-11,-9.09218184563742e-11,3.10284231757556e-11,1.29423782012541e-09,2.37896946317489e-09,3.78327575149639e-09,5.57926759600777e-09,8.47661897251518e-09,1.37446827525711e-08
