v,0.25
Patm,100000
g,9.81
r,500
G,10^9.4
rho,2800
mu,10^3.74
rc,20
 
M,10^6.42
sigma,0.25
 
tilt_erupt,442.4744nrad
 
-1413,-1412,-1411,-1410,-1409,-1408,-1407,-1406,-1405,-1404,-1403,-1402,-1401,-1400,-1399,-1398,-1397,-1396,-1395,-1394,-1393,-1392,-1391,-1390,-1389,-1388,-1387,-1386,-1385,-1384,-1383,-1382,-1381,-1380,-1379,-1378,-1377,-1376,-1375,-1374,-1373,-1372,-1371,-1370,-1369,-1368,-1367,-1366,-1365,-1364,-1363,-1362,-1361,-1360,-1359,-1358,-1357,-1356,-1355,-1354,-1353,-1352,-1351,-1350,-1349,-1348,-1347,-1346,-1345,-1344,-1343,-1342,-1341,-1340,-1339,-1338,-1337,-1336,-1335,-1334,-1333,-1332,-1331,-1330,-1329,-1328,-1327,-1326,-1325,-1324,-1323,-1322,-1321,-1320,-1319,-1318,-1317,-1316,-1315,-1314,-1313,-1312,-1311,-1310,-1309,-1308,-1307,-1306,-1305,-1304,-1303,-1302,-1301,-1300,-1299,-1298,-1297,-1296,-1295,-1294,-1293,-1292,-1291,-1290,-1289,-1288,-1287,-1286,-1285,-1284,-1283,-1282,-1281,-1280,-1279,-1278,-1277,-1276,-1275,-1274,-1273,-1272,-1271,-1270,-1269,-1268,-1267,-1266,-1265,-1264,-1263,-1262,-1261,-1260,-1259,-1258,-1257,-1256,-1255,-1254,-1253,-1252,-1251,-1250,-1249,-1248,-1247,-1246,-1245,-1244,-1243,-1242,-1241,-1240,-1239,-1238,-1237,-1236,-1235,-1234,-1233,-1232,-1231,-1230,-1229,-1228,-1227,-1226,-1225,-1224,-1223,-1222,-1221,-1220,-1219,-1218,-1217,-1216,-1215,-1214,-1213,-1212,-1211,-1210,-1209,-1208,-1207,-1206,-1205,-1204,-1203,-1202,-1201,-1200,-1199,-1198,-1197,-1196,-1195,-1194,-1193,-1192,-1191,-1190,-1189,-1188,-1187,-1186,-1185,-1184,-1183,-1182,-1181,-1180,-1179,-1178,-1177,-1176,-1175,-1174,-1173,-1172,-1171,-1170,-1169,-1168,-1167,-1166,-1165,-1164,-1163,-1162,-1161,-1160,-1159,-1158,-1157,-1156,-1155,-1154,-1153,-1152,-1151,-1150,-1149,-1148,-1147,-1146,-1145,-1144,-1143,-1142,-1141,-1140,-1139,-1138,-1137,-1136,-1135,-1134,-1133,-1132,-1131,-1130,-1129,-1128,-1127,-1126,-1125,-1124,-1123,-1122,-1121,-1120,-1119,-1118,-1117,-1116,-1115,-1114,-1113,-1112,-1111,-1110,-1109,-1108,-1107,-1106,-1105,-1104,-1103,-1102,-1101,-1100,-1099,-1098,-1097,-1096,-1095,-1094,-1093,-1092,-1091,-1090,-1089,-1088,-1087,-1086,-1085,-1084,-1083,-1082,-1081,-1080,-1079,-1078,-1077,-1076,-1075,-1074,-1073,-1072,-1071,-1070,-1069,-1068,-1067,-1066,-1065,-1064,-1063,-1062,-1061,-1060,-1059,-1058,-1057,-1056,-1055,-1054,-1053,-1052,-1051,-1050,-1049,-1048,-1047,-1046,-1045,-1044,-1043,-1042,-1041,-1040,-1039,-1038,-1037,-1036,-1035,-1034,-1033,-1032,-1031,-1030,-1029,-1028,-1027,-1026,-1025,-1024,-1023,-1022,-1021,-1020,-1019,-1018,-1017,-1016,-1015,-1014,-1013,-1012,-1011,-1010,-1009,-1008,-1007,-1006,-1005,-1004,-1003,-1002,-1001,-1000,-999,-998,-997,-996,-995,-994,-993,-992,-991,-990,-989,-988,-987,-986,-985,-984,-983,-982,-981,-980,-979,-978,-977,-976,-975,-974,-973,-972,-971,-970,-969,-968,-967,-966,-965,-964,-963,-962,-961,-960,-959,-958,-957,-956,-955,-954,-953,-952,-951,-950,-949,-948,-947,-946,-945,-944,-943,-942,-941,-940,-939,-938,-937,-936,-935,-934,-933,-932,-931,-930,-929,-928,-927,-926,-925,-924,-923,-922,-921,-920,-919,-918,-917,-916,-915,-914,-913,-912,-911,-910,-909,-908,-907,-906,-905,-904,-903,-902,-901,-900,-899,-898,-897,-896,-895,-894,-893,-892,-891,-890,-889,-888,-887,-886,-885,-884,-883,-882,-881,-880,-879,-878,-877,-876,-875,-874,-873,-872,-871,-870,-869,-868,-867,-866,-865,-864,-863,-862,-861,-860,-859,-858,-857,-856,-855,-854,-853,-852,-851,-850,-849,-848,-847,-846,-845,-844,-843,-842,-841,-840,-839,-838,-837,-836,-835,-834,-833,-832,-831,-830,-829,-828,-827,-826,-825,-824,-823,-822,-821,-820,-819,-818,-817,-816,-815,-814,-813,-812,-811,-810,-809,-808,-807,-806,-805,-804,-803,-802,-801,-800,-799,-798,-797,-796,-795,-794,-793,-792,-791,-790,-789,-788,-787,-786,-785,-784,-783,-782,-781,-780,-779,-778,-777,-776,-775,-774,-773,-772,-771,-770,-769,-768,-767,-766,-765,-764,-763,-762,-761,-760,-759,-758,-757,-756,-755,-754,-753,-752,-751,-750,-749,-748,-747,-746,-745,-744,-743,-742,-741,-740,-739,-738,-737,-736,-735,-734,-733,-732,-731,-730,-729,-728,-727,-726,-725,-724,-723,-722,-721,-720,-719,-718,-717,-716,-715,-714,-713,-712,-711,-710,-709,-708,-707,-706,-705,-704,-703,-702,-701,-700,-699,-698,-697,-696,-695,-694,-693,-692,-691,-690,-689,-688,-687,-686,-685,-684,-683,-682,-681,-680,-679,-678,-677,-676,-675,-674,-673,-672,-671,-670,-669,-668,-667,-666,-665,-664,-663,-662,-661,-660,-659,-658,-657,-656,-655,-654,-653,-652,-651,-650,-649,-648,-647,-646,-645,-644,-643,-642,-641,-640,-639,-638,-637,-636,-635,-634,-633,-632,-631,-630,-629,-628,-627,-626,-625,-624,-623,-622,-621,-620,-619,-618,-617,-616,-615,-614,-613,-612,-611,-610,-609,-608,-607,-606,-605,-604,-603,-602,-601,-600,-599,-598,-597,-596,-595,-594,-593,-592,-591,-590,-589,-588,-587,-586,-585,-584,-583,-582,-581,-580,-579,-578,-577,-576,-575,-574,-573,-572,-571,-570,-569,-568,-567,-566,-565,-564,-563,-562,-561,-560,-559,-558,-557,-556,-555,-554,-553,-552,-551,-550,-549,-548,-547,-546,-545,-544,-543,-542,-541,-540,-539,-538,-537,-536,-535,-534,-533,-532,-531,-530,-529,-528,-527,-526,-525,-524,-523,-522,-521,-520,-519,-518,-517,-516,-515,-514,-513,-512,-511,-510,-509,-508,-507,-506,-505,-504,-503,-502,-501,-500,-499,-498,-497,-496,-495,-494,-493,-492,-491,-490,-489,-488,-487,-486,-485,-484,-483,-482,-481,-480,-479,-478,-477,-476,-475,-474,-473,-472,-471,-470,-469,-468,-467,-466,-465,-464,-463,-462,-461,-460,-459,-458,-457,-456,-455,-454,-453,-452,-451,-450,-449,-448,-447,-446,-445,-444,-443,-442,-441,-440,-439,-438,-437,-436,-435,-434,-433,-432,-431,-430,-429,-428,-427,-426,-425,-424,-423,-422,-421,-420,-419,-418,-417,-416,-415,-414,-413,-412,-411,-410,-409,-408,-407,-406,-405,-404,-403,-402,-401,-400,-399,-398,-397,-396,-395,-394,-393,-392,-391,-390,-389,-388,-387,-386,-385,-384,-383,-382,-381,-380,-379,-378,-377,-376,-375,-374,-373,-372,-371,-370,-369,-368,-367,-366,-365,-364,-363,-362,-361,-360,-359,-358,-357,-356,-355,-354,-353,-352,-351,-350,-349,-348,-347,-346,-345,-344,-343,-342,-341,-340,-339,-338,-337,-336,-335,-334,-333,-332,-331,-330,-329,-328,-327,-326,-325,-324,-323,-322,-321,-320,-319,-318,-317,-316,-315,-314,-313,-312,-311,-310,-309,-308,-307,-306,-305,-304,-303,-302,-301,-300,-299,-298,-297,-296,-295,-294,-293,-292,-291,-290,-289,-288,-287,-286,-286,-285,-284,-283,-282,-281,-280,-279,-278,-277,-276,-275,-274,-273,-272,-271,-270,-269,-268,-267,-266,-265,-264,-263,-262,-261,-260,-259,-258,-257,-256,-255,-254,-253,-252,-251,-250,-249,-248,-247,-246,-245,-244,-243,-242,-241,-240,-239,-238,-237,-236,-235,-234,-233,-232,-231,-230,-229,-228,-227,-226,-225,-224,-223,-222,-221,-220,-219,-218,-217,-216,-215,-214,-213,-212,-211,-210,-209,-208,-207,-206,-205,-204,-203,-202,-201,-200,-199,-198,-197,-196,-195,-194,-193,-192,-191,-190,-189,-188,-187,-186,-185,-184,-183,-182,-181,-180,-179,-178,-177,-176,-175,-174,-173,-172,-171,-170,-169,-168,-167,-166,-165,-164,-163,-162,-161,-160,-159,-158,-157,-156,-155,-154,-153,-152,-151,-150,-149,-148,-147,-146,-145,-144,-143,-142,-141,-140,-139,-138,-137,-136,-135,-134,-133,-132,-131,-130,-129,-128,-127,-126,-125,-124,-123,-122,-121,-120,-119,-118,-117,-116,-115,-114,-113,-112,-111,-110,-109,-108,-107,-106,-105,-104,-103,-102,-101,-100,-99,-98,-97,-96,-95,-94,-93,-92,-91,-90,-89,-88,-87,-86,-85,-84,-83,-82,-81,-80,-79,-78,-77,-76,-75,-74,-73,-72,-71,-70,-69,-68,-67,-66,-65,-64,-63,-62,-61,-60,-59,-58,-57,-56,-55,-54,-53,-52,-51,-50,-49,-48,-47,-46,-45,-44,-43,-42,-41,-40,-39,-38,-37,-36,-35,-34,-33,-32,-31,-30,-29,-28,-27,-26,-25,-24,-23,-22,-21,-20,-19,-18,-17,-16,-15,-14,-13,-12,-11,-10,-9,-8,-7,-6,-5,-4,-3,-2,-1,0
8.32189771076777e-11,4.26751914740049e-10,1.53390750899195e-10,-1.63380255945398e-10,1.7517907308229e-10,2.91768707669068e-11,-1.24600268121029e-10,-1.33847782241433e-10,-3.62087099844168e-11,-5.96348226129077e-11,1.49106635976538e-10,-1.44122694839514e-10,1.07915113397191e-10,1.05884601986669e-10,1.60826414149662e-10,1.07825342804458e-10,-1.88627319613396e-10,1.37675241224585e-10,-4.24861903979469e-10,-1.07228484012355e-11,4.0644203047985e-10,-9.36938945566114e-11,1.16020984829555e-10,-8.85507158470194e-11,-2.22246157777517e-10,4.21752504988844e-10,-1.20015881681427e-10,-2.21507616645345e-10,-2.04313757060199e-10,4.26300928239831e-10,-8.38372142946031e-11,1.86035946961516e-10,-1.2977186142226e-10,-4.24907933622841e-11,3.78875582149857e-11,-2.95169152233262e-10,-5.478334023556e-10,-2.59814860927495e-10,5.38390890042164e-11,3.81413184042927e-10,4.00469661738511e-10,5.67604875576617e-10,-2.50996709498104e-10,-6.99039832975144e-11,-3.26189310893661e-10,2.85833386152278e-10,-5.17914549141241e-10,-4.15165781116426e-10,-1.28390148919849e-10,-7.28637807662884e-11,-4.59134849991918e-10,2.68237465140393e-11,-1.22206293216717e-10,-1.62521750500447e-10,-5.86802182208419e-10,1.15171384354961e-10,1.54677819996382e-10,-1.19897889331901e-10,-5.63104824673688e-10,-1.3489230494212e-10,-9.12095228389295e-12,-2.81065465782959e-10,-2.6084758390989e-11,1.98789691070912e-10,3.33803171074787e-10,5.98074851432095e-10,-3.93235145658148e-11,-3.06660864107707e-10,1.40873046608356e-10,-2.98353199339724e-10,5.76891216872319e-10,3.42627436882926e-10,3.30521319884649e-10,-3.72396986281021e-10,1.50936219882832e-10,1.68034563666593e-10,-1.4555948510737e-11,4.40253273420912e-10,-5.79396253561447e-12,2.15030342334866e-10,3.56306919472608e-11,-4.18547234754157e-10,1.91173349126848e-10,-2.87790278921386e-10,1.17865791299328e-10,-5.1163979232583e-10,3.8873135426637e-10,-3.37664080319774e-11,3.4967872517269e-10,1.73801549213159e-11,-5.43981197450524e-10,-1.52799166588069e-10,1.38165383959121e-10,-1.49744682658091e-10,-2.26412342421367e-10,1.98547765566322e-10,3.90704184001061e-10,3.43829498051348e-11,-4.80950046153969e-11,-3.31845047544748e-10,-1.47092996366468e-10,8.55902752094197e-11,1.35824240244107e-10,-1.57259242662747e-10,-9.11516344065843e-11,-2.30226503562435e-10,-5.5422006494861e-11,-4.49495898481375e-10,1.90770268657229e-10,-1.51314664482124e-10,2.27536702918946e-10,7.66376348542675e-11,1.57135032538195e-10,4.92340148482758e-10,-6.60915181510682e-11,7.44160412910812e-11,4.69225293249435e-10,2.5299954453593e-11,-2.07174874701348e-10,1.71710560440108e-10,7.54889236740122e-11,-4.48812998483379e-10,-1.56661894422411e-11,-1.89111593325005e-10,6.03840031764829e-11,2.47166769394733e-11,1.14199213002521e-10,3.51268708031574e-10,2.42514691077314e-10,4.10528836327856e-10,2.81159364861143e-10,-2.62459731820349e-10,6.20204313456385e-11,-7.80102725845739e-11,-4.0217095160465e-10,-1.68469232984179e-10,-1.47184535961084e-10,-1.00938006358749e-10,1.82398100530897e-10,4.30412276269516e-10,1.38070008477691e-10,-1.46191752599391e-11,-2.25451969953032e-10,4.67906623400859e-10,1.25437094559659e-10,-7.36423070365906e-11,1.24731407764052e-10,-7.10956639037803e-11,-1.56600432351523e-10,-3.08866737103569e-10,2.47535244423729e-10,2.2957900986e-10,-1.54283356172186e-10,-1.08367854290591e-10,2.45682729817078e-10,1.9779209555394e-10,-2.1907595467407e-11,1.26039917256447e-10,-2.08282159275009e-10,-8.47062639444891e-11,1.68855742783797e-11,8.64934941454416e-11,-8.19179143650905e-11,-5.65987700911837e-10,3.16734363346212e-10,3.7154349078808e-10,1.91930074339998e-10,-1.69785313248615e-11,3.48674082073161e-10,1.82042126088358e-11,2.57051599308988e-10,-1.54313989401008e-10,-2.51119776143048e-10,-9.40850054765767e-11,3.73602587179552e-12,-3.50990812813717e-10,-1.63939873031941e-10,4.24655526478655e-10,3.67070741458992e-10,7.28551005555466e-11,2.75957391428029e-10,-1.36274518273878e-10,1.66787210120269e-10,1.10535013671229e-10,3.06791212514389e-10,-2.10448197844056e-10,-1.14396553957971e-10,-2.34476111597e-10,2.07189535516069e-10,-9.81850036842107e-11,3.43301666125943e-10,-1.06853337524885e-10,3.16041081348114e-10,1.89726489476565e-10,-1.75645799173142e-10,-4.83494840451067e-10,9.85833734539033e-11,-1.18413257799383e-10,2.59668714921894e-10,-3.92085215491375e-10,-5.71094730605398e-10,-3.7361735971751e-11,6.0785495768479e-12,-2.09366165515655e-10,-2.38467302764238e-10,-9.04397171398889e-11,1.55475627094702e-10,6.13100137124592e-11,-5.84893346490512e-10,-8.67600981492414e-11,-2.54223180459334e-10,-4.21706225617619e-11,3.88762387671185e-10,-1.76042941374962e-10,-2.16012478329558e-10,-2.03432523163159e-12,2.38780432787611e-10,-3.44949441289977e-11,-1.84677504212266e-10,-4.18553847341373e-10,-8.81807965695371e-11,-7.00597003356644e-10,1.31182444272096e-11,-5.19823887232044e-11,-1.80293807390305e-10,-4.84225315958886e-10,5.7607027967158e-10,-3.41493387905279e-11,-2.98659266916074e-10,1.75593304703872e-10,2.81812136740922e-10,1.96469335442907e-10,8.03485454879089e-11,-5.30893646678712e-11,1.36149169032185e-10,-2.76073885551164e-10,-2.19812045654543e-11,8.86450439188806e-11,-9.18083211517262e-11,7.82950776345998e-11,-1.03133164562317e-10,1.99445950357443e-10,-1.87195378985554e-11,-7.96473271266094e-11,4.00910819495353e-10,2.17495837227537e-10,6.74559620858823e-10,1.84875162389254e-10,4.97012812538233e-11,1.11935513416318e-10,2.57253707210112e-10,2.08114660628863e-10,-9.04442009732897e-11,6.80329178130667e-10,4.11882910872496e-11,-1.21511020792532e-10,-9.53710577044148e-11,-2.7025045997261e-11,-1.30839430366787e-10,-1.15639676914183e-10,1.04529909580149e-11,7.15940283289155e-10,-3.15265947546973e-10,1.97790052898815e-10,3.74837064904786e-10,1.84252878586921e-10,4.84619831503115e-11,-2.32565488701214e-11,-2.2530518803011e-10,-1.28415213037662e-10,-8.1668457800117e-11,1.65314324962398e-10,7.76882109877058e-10,-3.55014473737588e-10,9.47820798804133e-12,-1.42117738787701e-10,1.64805707999305e-10,4.00564968463746e-10,-6.37857157819179e-10,2.2762012200534e-10,-4.54393842951818e-10,2.17433164780554e-10,-1.06696233029468e-10,-1.74242784941971e-10,4.69713691265494e-11,3.85223272259806e-10,-1.9725271073896e-10,-2.34647613198507e-10,6.73821958151531e-12,1.34891220552532e-10,-1.25588261899864e-10,-1.73740938923749e-10,1.64707397307428e-10,4.47498307124035e-11,4.14001420561812e-10,4.92640922803336e-11,8.23928443760887e-11,-1.29905323203606e-10,4.35246373791009e-10,1.43252289721063e-10,2.03642704668688e-10,2.80847165587505e-10,-1.61394974574505e-10,-6.20212161481278e-12,-1.78440405058441e-10,-2.85690199521041e-10,2.391047329191e-10,-7.01586511217642e-12,-3.27294539786256e-11,-2.71470534073751e-11,-5.47806821124034e-10,2.79237817081245e-10,1.6963643788935e-10,9.44566184262706e-11,-1.56128222884539e-11,7.687626428091e-12,-1.67737101585831e-10,1.19575520961935e-10,-1.34535963509571e-10,1.28185668187676e-10,-2.50538639334487e-10,-5.0545516148316e-11,6.57349659299287e-11,6.25143320893709e-10,1.26588295004284e-10,1.45049205373006e-10,4.89447461926603e-11,-3.14704368277656e-11,-1.98469220695877e-10,-1.83680549150724e-10,-6.87740742919639e-10,4.01301711904578e-10,-3.77949357033398e-10,1.26222593340574e-10,-4.14597110763462e-10,-7.01936593844245e-10,-1.05777472086105e-10,1.91594222330637e-10,1.27130199963919e-10,-1.21137840156466e-11,-1.33422126584935e-10,-2.05837537001977e-10,-3.23996937048278e-10,2.81072770998668e-10,1.94089343956786e-11,-7.15171816375656e-10,-3.59917994432657e-10,-3.10346402707965e-10,1.46256211580487e-10,-2.05850449929107e-10,1.66685775381298e-10,4.05283267348368e-11,1.41274363903516e-11,1.60366107790157e-10,-3.52730345186283e-11,1.43337905672181e-10,-4.7546264010541e-10,-6.19253367095528e-11,-2.21143388764531e-10,2.93067412703225e-11,-4.41272197517217e-10,-5.84018567718817e-11,6.93154672289477e-11,4.70702437510046e-12,-3.05021609170854e-10,-1.21117463078112e-10,-2.01527896889721e-10,5.20266978633719e-10,3.2427028025192e-11,-1.54224234118374e-10,4.89891772832871e-10,7.25298613913896e-10,1.98192173073348e-10,-4.46780004973893e-10,-3.58130477168199e-10,-3.91563717131125e-10,1.34895687575976e-10,-1.59630940785574e-11,-1.4321353449015e-11,2.45847837774608e-11,-2.10775132142742e-10,1.27848692927154e-10,8.75344490289686e-12,-8.14807449731229e-11,3.76741573101656e-10,-1.19833673589085e-10,-5.6906168757464e-10,-2.14985076583054e-10,-1.83069175448325e-10,-1.55125539959247e-10,2.4098253352619e-10,-3.61070015186909e-10,-8.95787775638479e-10,2.4185122577507e-10,-3.60748750334276e-10,2.76217663242948e-10,-9.27674113809807e-11,4.44767078784318e-11,-2.46038296682366e-10,-5.33590630488403e-10,2.79611850021821e-10,-1.33724183914474e-10,3.41346325306143e-10,5.10199304727953e-10,1.62137930566153e-10,2.15012939687833e-10,-6.73776356102638e-11,2.89139438044991e-10,-4.39890969382028e-10,1.3237533873451e-11,-3.31351754037411e-11,-5.24868137589167e-10,-5.13045957799128e-11,-7.56919282991164e-10,7.60158332514553e-12,2.2585623396436e-10,5.06536437924081e-11,1.16338650068821e-10,1.02036176992227e-10,-2.24012508944883e-10,-3.16188350381523e-10,1.36285773408996e-10,3.06987210708627e-10,2.58196745633923e-10,3.37313184474232e-10,-1.85622237368223e-10,9.87273027223233e-11,-2.45824010854648e-10,-1.24306196996786e-10,3.08495488801664e-11,3.82909686387371e-10,-2.92786199121863e-11,-4.31537490770885e-10,1.78685661633303e-10,6.33071915490256e-11,7.23771878101495e-11,-2.03542203348142e-10,-1.27912282781244e-10,-2.85353735833126e-10,4.82395159174986e-10,-7.05167521476581e-11,-5.30876903964371e-10,1.9237195815141e-10,2.37458606085758e-10,1.21614703982282e-11,5.37570421914235e-10,2.87842798162846e-10,-2.3204929345346e-10,6.3040773240213e-11,-2.12067907348709e-10,-1.4327667250922e-10,-1.57307945721939e-11,-3.42540521850721e-11,1.53002930954444e-10,1.45678433708431e-10,3.388908192144e-10,7.17173759108967e-11,1.86644094005998e-10,-5.26591077745688e-10,5.32461532325251e-10,1.79552441716746e-10,2.25436392291422e-10,3.26748171287227e-10,3.90336352195938e-11,-2.90754574240279e-10,-1.29906166952091e-10,-1.20180740038661e-10,-5.69436429593467e-10,1.77284864858801e-10,-3.91163339012894e-11,2.29748604119946e-10,-1.8403905872027e-10,3.17338578270278e-10,9.34596395913361e-11,-1.30947785160045e-10,1.18276642325169e-10,1.48132744016556e-10,1.60472613996877e-10,4.23829196856202e-10,-1.17915893498501e-10,-1.65977312544111e-10,3.95911076911934e-11,-8.35476973020471e-12,7.59327124604184e-12,1.50646707337767e-10,-1.06569618209848e-10,1.04614203299349e-10,6.58151326078542e-12,-1.49763782953005e-10,-2.47841838030071e-10,-2.58695607192373e-10,4.37626131693408e-11,8.0307973612217e-11,4.01762056583667e-10,4.3753813312588e-10,-1.60531601899077e-10,8.58987591621954e-11,1.12349184430453e-10,-1.74933005447521e-10,1.85583572389404e-10,7.78033723666306e-11,-3.50969330733221e-10,7.09942091237209e-11,-3.78059925390602e-11,-1.31084661114885e-10,-3.89354684460407e-10,-1.02177182502291e-10,3.03010015868729e-10,-2.49959342538833e-10,-1.65254282538425e-10,-3.67965436003006e-10,2.39773011469639e-10,3.35654464810453e-10,-3.01983828947446e-10,1.8880102620816e-10,-3.23977304696659e-10,1.52543902905174e-10,-3.6110454984936e-10,-3.01644227408743e-10,-2.86169164714659e-10,4.16407347913878e-10,1.17413270316484e-10,4.70553654687362e-10,-6.31748436866006e-10,1.68722676561354e-11,-1.66477334169984e-10,3.02973798014162e-11,-1.76561459058514e-10,9.6860670536049e-11,-3.50622837857654e-10,4.38223597839193e-10,-4.08584654755946e-11,1.00708485318175e-10,-1.2173708262354e-10,-2.96103632572274e-11,-1.7184378125278e-11,2.51191418426592e-10,-2.09267215021927e-10,-1.82934833560143e-10,2.86603571445009e-10,1.88777622847887e-10,5.37710049180061e-10,1.73478061041362e-12,1.60716637050557e-10,3.09428114805067e-11,-1.01011400983757e-10,-4.68213839697376e-11,-8.00196112927239e-11,1.40016874052835e-10,-5.36974507510756e-10,1.03897099603056e-10,-2.73591409405062e-10,4.11045366367758e-10,-1.83134350964178e-10,1.19252993327944e-10,-8.31768357253867e-11,1.24675087450144e-10,1.67122149705315e-10,-1.53788975807135e-10,-1.6957591827297e-10,-2.61643296282353e-10,2.67914459895363e-10,-3.06831476065235e-10,2.1582116732105e-10,-1.5021830236103e-10,-4.56009353732819e-10,-2.75395511874971e-10,-2.30725623555193e-11,2.36475769876498e-10,9.90319871568893e-11,-1.49376456739317e-10,-1.13524830723742e-10,7.00564874855046e-10,2.19858908740549e-10,2.17377729152859e-10,-3.75827220607362e-10,6.20718414046019e-11,-2.23830517302524e-10,-1.93039629062521e-10,-2.67615914704963e-10,-1.62648272557617e-10,2.93303656077696e-10,-7.39308455881508e-11,-2.83481392357437e-11,1.80177008339372e-10,2.10151129631843e-10,-7.86515759072865e-11,-3.13698095596353e-10,9.3747945560034e-11,1.89778169242508e-10,-6.28346789288481e-11,-2.65028700631109e-10,3.09771128158419e-10,-1.91874528198695e-10,6.38513469872434e-11,1.16081304364634e-10,2.58896465700174e-10,-5.11619649750569e-10,4.38748712007211e-10,-2.68410736543971e-12,-4.26030406977926e-10,5.73995806046199e-10,5.45188021565176e-11,1.30828948218287e-10,1.47792885716884e-10,-3.76054522344105e-10,7.73992865637309e-11,1.01842110218625e-10,6.61336397514755e-11,1.10035397580766e-10,2.59570316384509e-10,-3.24354287664738e-10,2.53016584504655e-10,4.90311363379169e-10,-4.8697128763278e-12,8.36454777403372e-11,3.1938214074002e-11,-5.54237284329512e-11,-7.31695509968837e-11,-1.71310797324565e-10,-2.02799665463872e-11,4.70585140181455e-10,1.94440970522722e-10,-2.87927078747164e-10,-3.66585863045854e-10,-4.6997254108652e-10,6.75956459277556e-11,-1.59771315116181e-10,1.98958685219134e-10,-1.89885895561474e-10,-1.54045275825335e-10,4.05090023394169e-10,8.16062191088859e-11,1.21307440686344e-10,-3.22862307571784e-10,3.33443529860443e-10,-3.91547125603996e-11,-6.23264404688621e-11,4.02516165081477e-10,-2.71040442977192e-10,-2.96406346877499e-10,-1.86033869013202e-10,6.10124746863381e-11,-4.1547863572714e-10,-1.03983120263691e-10,1.31959997476363e-11,-5.17161913219902e-11,-4.53133406102305e-11,-9.26870044678623e-11,-1.7290855446651e-10,4.23266489694607e-10,-8.78108539906893e-11,3.2276059182787e-10,1.14476081289418e-10,-3.82282478262285e-10,-1.6910093126247e-10,1.54763123605173e-10,3.95223388842796e-10,1.07027838061844e-10,1.01974439325707e-10,-9.11337784542789e-11,2.5159668307601e-10,-1.88457458520942e-10,-1.06472947698883e-10,3.11144370882778e-10,-2.28548113736457e-10,2.14550024676542e-10,3.90756456357848e-11,2.67429523135174e-10,1.47430660936223e-10,-1.81220817816609e-10,-8.41525362868631e-11,2.41921628364474e-10,1.45456514771619e-10,3.16535787101523e-10,-9.03767118201666e-11,3.26068444658344e-10,-5.15102729624947e-10,4.55332840473136e-10,-3.6816720374807e-10,-1.7914700155354e-10,1.79434436010158e-10,2.56532585680731e-10,3.90241951439663e-10,2.17180825445695e-10,2.56932879405557e-10,-1.58752845559382e-10,3.43984160072434e-10,-3.16606252992381e-10,1.96703731160252e-10,-5.17853219023777e-10,2.88834883309132e-10,2.53264417774327e-10,-6.11371323513209e-11,1.87838552930167e-10,2.66606471078954e-10,1.53998728343504e-10,-3.53256785299242e-10,2.14791856973556e-10,-2.87266334431122e-10,1.67424482340402e-10,-2.65315340156441e-10,-1.95774448297989e-10,-8.5364655569432e-11,1.24628871339698e-10,1.63159386520831e-10,-1.72579679534715e-10,-8.35818634533111e-11,4.33134581075937e-10,3.94194419635104e-11,1.18991771555959e-10,1.9554589299447e-10,1.60724282926624e-10,-1.09376551226962e-10,5.06521851418908e-10,3.05350834605608e-10,2.05668408920134e-10,-8.65213555392951e-11,-8.28487818333126e-11,1.76698692642544e-10,1.18149798303856e-10,-3.64249730717792e-11,2.5982761126427e-10,1.1551619275412e-10,-1.28795579600256e-10,2.37618254032343e-10,8.14537465898495e-11,1.65665594133075e-10,-1.21041859990427e-11,-4.30759456398224e-12,-6.48183400065755e-10,-1.73160166829823e-10,3.33495437346704e-10,4.75343534599246e-10,5.69010969825545e-11,2.44404239411963e-10,1.21602905935544e-11,-3.10628127905382e-11,-2.04912327483245e-10,3.22646053523458e-11,-3.89694047451758e-13,4.40973841583478e-10,-1.61312843749665e-10,3.97374643701345e-10,2.82350350018824e-10,4.09806927560353e-11,2.76965807278323e-10,8.74489152063974e-11,-2.36549886977866e-10,-2.4778746189879e-10,-1.3003475321746e-10,2.2350746866776e-10,-8.06470913440531e-11,-7.09781043858543e-11,-2.48276826975053e-10,-3.46362315604307e-10,1.38690261861543e-11,2.24660549300126e-10,-1.79346265465243e-11,4.99961015956484e-11,-6.29490133790808e-11,-2.46628418906702e-10,-3.37441722512864e-11,4.57232392633196e-11,2.86289949227173e-10,-3.2234648088371e-11,9.2632995229173e-11,5.55913999330528e-11,-3.23673087819687e-10,1.12675843950917e-10,6.23470480838439e-11,-1.13385037712624e-10,2.12136205061203e-10,1.92796537786416e-10,1.92887539463124e-10,-7.30947906999768e-10,1.22708843211769e-10,1.73443101769006e-10,-4.33553506747723e-10,-2.41029780264782e-10,1.05299274694246e-10,-8.05808536594999e-11,1.60372123867383e-10,9.47629815695209e-11,1.18667083095853e-10,1.87377064591885e-10,2.78461433331914e-11,-3.06997989092524e-10,-2.98799619148657e-10,-2.7224178893238e-10,4.89404472583258e-11,-6.38851669258483e-11,-4.84477098232809e-10,-2.25664613676936e-10,-1.72670664974578e-10,1.69447604338501e-10,2.15245353338152e-10,3.50809424900276e-11,5.19932840880812e-11,-5.64589818259384e-11,5.48150029145533e-10,-8.85058740946998e-11,2.1821546842934e-10,1.18378603733471e-10,-8.56883931850028e-11,-2.42455646745486e-10,4.66201538571916e-11,2.39963690457023e-11,1.21309010028465e-10,-4.05944076906498e-11,4.33810431498769e-10,-3.48747370198806e-10,-1.38676749693695e-10,1.18611747004231e-10,-4.33035750471094e-11,7.4578604154486e-10,-3.91255929897895e-10,1.52930956134641e-10,5.35546007273395e-11,3.53343672980571e-10,8.52615160496091e-11,-4.12265514152834e-10,-4.42375075643238e-10,-2.60679386762121e-10,8.78644987391712e-11,2.16211903721165e-10,-9.01101598720177e-11,4.77029826817705e-10,1.8041981447068e-10,-1.18620333686551e-10,6.69888513763211e-10,3.91041599123933e-10,-4.46156293644157e-10,2.98021229133628e-10,-4.94272820541915e-12,-1.47589692383897e-10,3.47818937291269e-11,9.37959571845247e-12,2.02295990628402e-11,-5.22093686679215e-11,-7.42585739440668e-11,-2.33539028509469e-10,3.11038300459613e-10,2.38100399363475e-10,3.34262456190645e-10,1.70000172175162e-10,3.64384234292117e-10,-3.01897072975194e-10,-2.74379774890876e-10,-1.42015226074794e-10,-2.48331125881651e-10,-1.46729358548006e-10,-2.92081479209579e-10,-2.07138073808368e-10,-2.84122055599548e-11,7.83133208920116e-11,-7.49025216632964e-11,-2.09373239187614e-10,1.46096594101054e-10,-3.22975110587084e-11,2.84850328885815e-10,-4.01443924606739e-11,-5.81686292318341e-10,2.39537789069691e-10,3.15305958064833e-10,8.94712973858878e-11,9.80912607333059e-11,4.26814306675096e-10,5.22720068718805e-10,-1.73091515059202e-10,-4.00705241214142e-11,4.51089586392722e-11,1.06905333969335e-10,1.02788284454322e-10,2.57944566611384e-10,-1.54748888208794e-10,4.8050810064217e-10,1.26514171864611e-11,2.22519112526588e-10,-2.05534403397918e-10,4.48940610963826e-10,2.15769948877842e-10,3.31098203229136e-10,2.47946394643675e-10,-3.6196246957401e-10,-2.09801298966826e-10,5.03331985786733e-11,-6.95729392228635e-11,4.88589245023654e-11,-1.78738185809952e-10,1.31527577330815e-10,1.39199028140599e-11,2.83396343467768e-10,3.0203405291805e-11,2.31615406087874e-10,2.11977522262826e-10,2.19596512869307e-10,1.35302768506678e-10,-4.39472740188775e-11,-1.78427837659449e-10,3.82475772931203e-10,4.25513833762364e-10,-4.17548838675637e-10,-1.20340798886435e-10,3.66706780275422e-10,1.78085473612535e-10,3.00040451376486e-10,-1.30878882708062e-10,2.07244190683866e-10,-1.11672845584482e-10,6.41837472233419e-11,4.05532303441816e-11,5.46666161560309e-11,7.79583468898319e-11,-2.28328928205277e-10,-1.30919289624256e-10,3.04049007123719e-10,3.11578977752234e-10,3.78283545737064e-10,-1.0094006446403e-10,2.22030061030177e-10,-7.97026238754383e-11,3.53641450644871e-10,4.40792187085328e-10,1.50291863353127e-10,-1.4128689641465e-10,-1.73761632896618e-10,-1.4047875284697e-10,-1.4120095747842e-10,-3.38475800856151e-10,5.38166297169022e-10,1.01468703369944e-10,-2.46089422686177e-10,-2.31054019306128e-10,1.26075162408951e-10,6.91729203783876e-11,-6.07497074735227e-11,-2.14275134544649e-10,-1.90040364101512e-11,1.43031420585177e-10,1.27909648500308e-10,2.35485851364426e-10,-5.80211269932214e-11,1.3634953597293e-10,-2.09309353324522e-10,3.10302850070504e-10,-9.62874186032072e-11,-2.17182017767664e-10,-1.11698039179896e-10,1.23209184637934e-10,3.05549690306948e-10,-1.39363249470067e-10,-2.40794945510338e-11,-1.9194680501549e-10,9.18788567954466e-12,-5.24989262332777e-11,2.22189636525945e-10,2.00436479761997e-10,1.01063147988218e-10,2.54058678451757e-11,-1.16154274761733e-10,-3.41646938645365e-11,-2.39737117059136e-10,-2.24419573659381e-10,2.94536194939702e-12,-4.21901201051775e-11,-5.74245178974866e-10,2.87820676918488e-10,-1.58943372582277e-11,2.96135293004845e-10,-3.41869984520986e-11,-1.18058363094237e-10,-3.77078435883643e-10,3.89256002520991e-10,-4.36093015743492e-11,-1.62707300750465e-10,-4.41969827732232e-10,1.40063348104246e-10,9.17280624270743e-11,3.21459938948966e-10,-3.50631614151251e-10,-2.28725679099289e-10,-5.70890637629598e-11,-2.60928509241025e-10,2.81693917092171e-10,-7.47794813597816e-11,-2.5245636231542e-10,1.3197060937419e-10,1.54853211147368e-10,-3.24134524205356e-12,4.40700823624836e-10,-6.43554735881132e-10,-5.17652241166435e-11,-1.48606166991107e-10,1.60035850216458e-10,2.92152675045918e-11,1.42419455565064e-10,1.76398548510786e-10,-9.34311365316429e-11,-1.16122562832946e-12,3.00952363694178e-10,-8.13705958776979e-11,-2.61034714686456e-10,-1.25632637095191e-10,-3.86805458207718e-10,1.33546960135015e-10,-4.25280897362592e-10,2.26834220823228e-10,9.78386134783891e-11,-2.79550972283316e-10,1.63565028296141e-10,6.22402958161548e-11,2.76741855871066e-12,2.4982347347167e-10,1.42015803925866e-10,-1.32616285282463e-10,1.53154739395679e-10,-5.23391432068761e-11,-4.22503851101251e-11,-3.29659011550104e-11,6.38545657123511e-10,-1.16859946953708e-10,2.61615269110708e-10,5.01559422429684e-10,-2.41789674822946e-10,-1.22736637378478e-10,-5.2616980686787e-10,-2.27600549150658e-12,7.49291582707495e-11,-8.91896823617023e-11,-2.83217911358875e-10,-6.78774933507719e-11,2.04990846734235e-10,-1.52305726149392e-10,6.95330317204409e-12,-1.29628046061246e-11,2.11179884691402e-10,-8.07406278305063e-11,-2.60673663529919e-10,8.6823285239215e-12,2.10617112668201e-10,1.94501199912747e-10,7.51787792491444e-11,-1.3968835124025e-10,1.00294162047361e-10,-4.45029015751805e-11,-3.67574490793682e-10,-1.13277303634555e-10,-6.10919635139859e-11,3.31643499086258e-10,-1.36617695839268e-10,-8.50882799067397e-11,-6.53082575273545e-11,8.71130977105467e-11,1.65437151200396e-11,-5.30295375949033e-11,1.4596701353615e-10,1.24432343596208e-10,5.92882296084849e-10,-2.97624369326658e-10,-1.70432368360631e-10,1.75471584890829e-10,-1.1224483669231e-10,9.57299714643189e-13,3.24429064530827e-10,-3.08436687032191e-10,6.31267386746235e-10,-2.75730346963627e-10,-4.77013595412577e-10,-1.353344336649e-11,3.29076248185179e-10,-5.25445042138842e-10,-1.71441221509578e-10,-4.32538383886594e-11,-1.43920276791722e-10,-2.91132750857991e-10,-1.04912913198323e-10,-1.12666083716586e-10,4.68596134929814e-11,-2.80796520625605e-10,3.54627930072367e-10,2.03605254846911e-10,2.07936080643255e-10,-7.55425566686083e-11,-3.26781440146952e-11,-1.82814709242699e-10,-2.46861927786524e-10,4.29815161036056e-11,2.6851953301733e-10,-1.97728706171248e-10,9.64270649261646e-11,3.58667327824383e-10,4.19214337008554e-10,-9.46608274355804e-11,-3.24173934107271e-10,-2.77517711058631e-10,1.87321677336766e-10,-1.67231986717904e-10,-5.62138791247562e-11,-2.6142248226223e-10,7.77260777555479e-11,3.75828041174772e-10,-5.72696282027413e-10,-5.48636163435098e-11,-3.60445824640439e-11,5.60806656749999e-10,-3.37678923480907e-10,-2.81922457023212e-10,3.36406597572252e-10,1.09942605919366e-10,-3.89452738294966e-10,1.47912439506639e-11,1.1725291416175e-10,-4.26037631482056e-11,1.06381880401033e-10,-2.03249239138679e-11,4.10016654904612e-10,8.90271131910093e-11,8.26543391544143e-11,3.24038682885816e-10,7.53530318857473e-12,-4.72014761848298e-10,-1.37740536415151e-10,3.27400340968846e-10,-1.82541434913085e-10,-4.72105398630902e-10,-5.4583243015744e-12,-3.55390379849572e-10,-3.63829190616062e-10,1.10495580399726e-10,-1.80961266731758e-10,-1.51915470504858e-10,-1.15628873149122e-09,-1.09760503137111e-09,-9.5208571443054e-10,-1.09078825605323e-09,-1.49622877984981e-09,-1.76908847243427e-09,-1.8593425284798e-09,-1.36880648819854e-09,-1.98212808113974e-09,-1.76782700939965e-09,-1.93517307502188e-09,-1.96070500497041e-09,-2.45953503264727e-09,-2.90726317925024e-09,-3.00221296797201e-09,-2.99139932251888e-09,-3.20456906761548e-09,-3.00413442112885e-09,-3.20295612692456e-09,-4.04013632803182e-09,-3.41755700712914e-09,-4.39916113297638e-09,-3.82733915155082e-09,-4.65470361353407e-09,-4.58619227645128e-09,-5.05596022288615e-09,-4.84800407382355e-09,-4.93127586908422e-09,-5.69369105747974e-09,-5.79971125763707e-09,-5.3820100791139e-09,-5.74699269189614e-09,-6.26990168151547e-09,-5.99663095362852e-09,-6.84653651485883e-09,-6.46161749810044e-09,-6.71861569971212e-09,-7.06085910093843e-09,-7.01988302478178e-09,-7.18429617299921e-09,-7.9808833571142e-09,-7.57862617088331e-09,-7.94015956834729e-09,-7.77070701423278e-09,-8.31143953718808e-09,-8.51275755869854e-09,-9.2401539278787e-09,-9.05721278954485e-09,-8.84291612714299e-09,-9.29882926482049e-09,-9.77775633554696e-09,-9.93983936941133e-09,-1.01850938111056e-08,-1.06165889451308e-08,-1.02227326345494e-08,-1.02651175991171e-08,-1.07434665813138e-08,-1.08877615513633e-08,-1.11241409749665e-08,-1.13687466443158e-08,-1.2112730487516e-08,-1.23012074222605e-08,-1.21147661429835e-08,-1.26973134469569e-08,-1.29848734899437e-08,-1.3091491042425e-08,-1.29946145800547e-08,-1.33237853189687e-08,-1.37398926341297e-08,-1.33408832898267e-08,-1.38959143404164e-08,-1.43367391426689e-08,-1.44213405465207e-08,-1.45727275257819e-08,-1.47995324901378e-08,-1.49410397747003e-08,-1.54613742437492e-08,-1.58481413059389e-08,-1.54965350429534e-08,-1.58509805712248e-08,-1.60788789919426e-08,-1.69140213201074e-08,-1.70801780574028e-08,-1.70598676483739e-08,-1.73900273434167e-08,-1.76455637379333e-08,-1.81432763215395e-08,-1.77123610394137e-08,-1.85654940262905e-08,-1.88883682447694e-08,-1.93233253930309e-08,-1.95055829861401e-08,-1.96706868821295e-08,-1.95860199612527e-08,-2.00069681009613e-08,-2.03878645597712e-08,-2.08031461947828e-08,-2.07069301477111e-08,-2.12577274759598e-08,-2.13808994661427e-08,-2.14835725604229e-08,-2.23269907633237e-08,-2.19577445226456e-08,-2.26603639955267e-08,-2.30030426276532e-08,-2.31307290857095e-08,-2.31888581597951e-08,-2.32728175510856e-08,-2.3731990704157e-08,-2.45770343547963e-08,-2.4408198586761e-08,-2.51225960992367e-08,-2.51190996937674e-08,-2.56714525043591e-08,-2.56040387470949e-08,-2.63465885040978e-08,-2.64615368374643e-08,-2.67264841496932e-08,-2.70604948852344e-08,-2.70434966119462e-08,-2.75111979183178e-08,-2.75198297811092e-08,-2.79646703249404e-08,-2.9023354216252e-08,-2.87660237657717e-08,-2.94454081653899e-08,-2.93268514326582e-08,-2.96733376285962e-08,-3.04796622857808e-08,-3.01862100459242e-08,-3.07985653653017e-08,-3.16831357367851e-08,-3.15041298077303e-08,-3.19033411093911e-08,-3.22241816044904e-08,-3.2823897735776e-08,-3.32070011611055e-08,-3.36588744993327e-08,-3.38062559323217e-08,-3.41511437740571e-08,-3.44045959510017e-08,-3.460593631639e-08,-3.48368218630981e-08,-3.56831569486036e-08,-3.56061386949936e-08,-3.57397972539919e-08,-3.66271624057117e-08,-3.64997446798229e-08,-3.73913047126227e-08,-3.73669818716782e-08,-3.80065527247733e-08,-3.84901487598674e-08,-3.92238774579519e-08,-3.96127375418761e-08,-3.9901687133585e-08,-4.00726480539191e-08,-4.07370702148672e-08,-4.1143274568777e-08,-4.12784110940812e-08,-4.20113039656454e-08,-4.18479241701834e-08,-4.30862196895486e-08,-4.28785454912116e-08,-4.35967080088684e-08,-4.31788205819214e-08,-4.40741683301722e-08,-4.42072311644043e-08,-4.4794193789497e-08,-4.51493481107361e-08,-4.53105357077148e-08,-4.62621801788722e-08,-4.69600081980872e-08,-4.68378842702817e-08,-4.7487455958169e-08,-4.80017867665524e-08,-4.79412544360296e-08,-4.84292793648401e-08,-4.88800857967689e-08,-4.92104056514966e-08,-4.96329970615746e-08,-5.03454859367662e-08,-5.05856180498221e-08,-5.07740850085166e-08,-5.13417709796175e-08,-5.22738656940314e-08,-5.17355853541285e-08,-5.24391232043264e-08,-5.37966294510833e-08,-5.37576111984159e-08,-5.38841846178352e-08,-5.42742270439542e-08,-5.49611715830031e-08,-5.52364878190134e-08,-5.52138717750188e-08,-5.61775813732674e-08,-5.63963326008723e-08,-5.64702314428936e-08,-5.68686724168462e-08,-5.70119329873512e-08,-5.75087560636244e-08,-5.82890367412914e-08,-5.83534726559613e-08,-5.89104167479119e-08,-5.90300154039192e-08,-5.97580278054125e-08,-6.0049126033436e-08,-6.02451424829572e-08,-6.08687418730863e-08,-6.09384068905665e-08,-6.10527946392497e-08,-6.09630134223421e-08,-6.1378936933121e-08,-6.18790226069366e-08,-6.25519705278022e-08,-6.23559167834691e-08,-6.28104774917517e-08,-6.29095219850945e-08,-6.3197638537881e-08,-6.31418886290989e-08,-6.3464789390757e-08,-6.3449819206299e-08,-6.30463493261406e-08,-6.29545503013043e-08,-6.34912922443566e-08,-6.34207703237943e-08,-6.32169418587687e-08,-6.38570180242493e-08,-6.3302278429442e-08,-6.3493942228587e-08,-6.28713356975394e-08,-6.27630506064538e-08,-6.2214616314911e-08,-6.18036799088162e-08,-6.16797137311822e-08,-6.10406132806156e-08,-6.08936319683112e-08,-6.00200425001518e-08,-5.91076684407574e-08,-5.84379875549324e-08,-5.83903439765563e-08,-5.69537466450344e-08,-5.56289330736145e-08,-5.46408223631933e-08,-5.33282818577997e-08,-5.19709721812302e-08,-5.07118349988191e-08,-4.91469589828065e-08,-4.73385455589969e-08,-4.54853273580101e-08,-4.32117766995962e-08,-4.11363272727445e-08,-3.83958827651382e-08,-3.55073459410947e-08,-3.28808159124669e-08,-2.93121141121749e-08,-2.55522736261179e-08,-2.18410177403118e-08,-1.75387507332035e-08,-1.25575637504063e-08,-8.26791854416421e-09,-3.12268860611187e-09,3.56899096591229e-09,1.03608057539211e-08,1.75612668531613e-08,2.57719750738761e-08,3.43541375473811e-08,4.33655654259586e-08,5.35714805088203e-08,6.52674562314397e-08,7.78549152349034e-08,9.19897072743718e-08,1.07482254536909e-07,1.24857879023364e-07,1.43453813128956e-07,1.64317600143857e-07,1.8744065598646e-07,2.13638628989718e-07,2.42025731247454e-07,2.74398760691411e-07,3.1060534362549e-07,3.49978039202723e-07,3.94019935760951e-07,4.42662738010364e-07
