v,0.25
Patm,100000
g,9.81
r,500
G,10^9.4
rho,2800
mu,10^3.74
rc,20
 
M,10^5.43
sigma,0.25
 
tilt_erupt,56.2764nrad
 
-1311,-1310,-1309,-1308,-1307,-1306,-1305,-1304,-1303,-1302,-1301,-1300,-1299,-1298,-1297,-1296,-1295,-1294,-1293,-1292,-1291,-1290,-1289,-1288,-1287,-1286,-1285,-1284,-1283,-1282,-1281,-1280,-1279,-1278,-1277,-1276,-1275,-1274,-1273,-1272,-1271,-1270,-1269,-1268,-1267,-1266,-1265,-1264,-1263,-1262,-1261,-1260,-1259,-1258,-1257,-1256,-1255,-1254,-1253,-1252,-1251,-1250,-1249,-1248,-1247,-1246,-1245,-1244,-1243,-1242,-1241,-1240,-1239,-1238,-1237,-1236,-1235,-1234,-1233,-1232,-1231,-1230,-1229,-1228,-1227,-1226,-1225,-1224,-1223,-1222,-1221,-1220,-1219,-1218,-1217,-1216,-1215,-1214,-1213,-1212,-1211,-1210,-1209,-1208,-1207,-1206,-1205,-1204,-1203,-1202,-1201,-1200,-1199,-1198,-1197,-1196,-1195,-1194,-1193,-1192,-1191,-1190,-1189,-1188,-1187,-1186,-1185,-1184,-1183,-1182,-1181,-1180,-1179,-1178,-1177,-1176,-1175,-1174,-1173,-1172,-1171,-1170,-1169,-1168,-1167,-1166,-1165,-1164,-1163,-1162,-1161,-1160,-1159,-1158,-1157,-1156,-1155,-1154,-1153,-1152,-1151,-1150,-1149,-1148,-1147,-1146,-1145,-1144,-1143,-1142,-1141,-1140,-1139,-1138,-1137,-1136,-1135,-1134,-1133,-1132,-1131,-1130,-1129,-1128,-1127,-1126,-1125,-1124,-1123,-1122,-1121,-1120,-1119,-1118,-1117,-1116,-1115,-1114,-1113,-1112,-1111,-1110,-1109,-1108,-1107,-1106,-1105,-1104,-1103,-1102,-1101,-1100,-1099,-1098,-1097,-1096,-1095,-1094,-1093,-1092,-1091,-1090,-1089,-1088,-1087,-1086,-1085,-1084,-1083,-1082,-1081,-1080,-1079,-1078,-1077,-1076,-1075,-1074,-1073,-1072,-1071,-1070,-1069,-1068,-1067,-1066,-1065,-1064,-1063,-1062,-1061,-1060,-1059,-1058,-1057,-1056,-1055,-1054,-1053,-1052,-1051,-1050,-1049,-1048,-1047,-1046,-1045,-1044,-1043,-1042,-1041,-1040,-1039,-1038,-1037,-1036,-1035,-1034,-1033,-1032,-1031,-1030,-1029,-1028,-1027,-1026,-1025,-1024,-1023,-1022,-1021,-1020,-1019,-1018,-1017,-1016,-1015,-1014,-1013,-1012,-1011,-1010,-1009,-1008,-1007,-1006,-1005,-1004,-1003,-1002,-1001,-1000,-999,-998,-997,-996,-995,-994,-993,-992,-991,-990,-989,-988,-987,-986,-985,-984,-983,-982,-981,-980,-979,-978,-977,-976,-975,-974,-973,-972,-971,-970,-969,-968,-967,-966,-965,-964,-963,-962,-961,-960,-959,-958,-957,-956,-955,-954,-953,-952,-951,-950,-949,-948,-947,-946,-945,-944,-943,-942,-941,-940,-939,-938,-937,-936,-935,-934,-933,-932,-931,-930,-929,-928,-927,-926,-925,-924,-923,-922,-921,-920,-919,-918,-917,-916,-915,-914,-913,-912,-911,-910,-909,-908,-907,-906,-905,-904,-903,-902,-901,-900,-899,-898,-897,-896,-895,-894,-893,-892,-891,-890,-889,-888,-887,-886,-885,-884,-883,-882,-881,-880,-879,-878,-877,-876,-875,-874,-873,-872,-871,-870,-869,-868,-867,-866,-865,-864,-863,-862,-861,-860,-859,-858,-857,-856,-855,-854,-853,-852,-851,-850,-849,-848,-847,-846,-845,-844,-843,-842,-841,-840,-839,-838,-837,-836,-835,-834,-833,-832,-831,-830,-829,-828,-827,-826,-825,-824,-823,-822,-821,-820,-819,-818,-817,-816,-815,-814,-813,-812,-811,-810,-809,-808,-807,-806,-805,-804,-803,-802,-801,-800,-799,-798,-797,-796,-795,-794,-793,-792,-791,-790,-789,-788,-787,-786,-785,-784,-783,-782,-781,-780,-779,-778,-777,-776,-775,-774,-773,-772,-771,-770,-769,-768,-767,-766,-765,-764,-763,-762,-761,-760,-759,-758,-757,-756,-755,-754,-753,-752,-751,-750,-749,-748,-747,-746,-745,-744,-743,-742,-741,-740,-739,-738,-737,-736,-735,-734,-733,-732,-731,-730,-729,-728,-727,-726,-725,-724,-723,-722,-721,-720,-719,-718,-717,-716,-715,-714,-713,-712,-711,-710,-709,-708,-707,-706,-705,-704,-703,-702,-701,-700,-699,-698,-697,-696,-695,-694,-693,-692,-691,-690,-689,-688,-687,-686,-685,-684,-683,-682,-681,-680,-679,-678,-677,-676,-675,-674,-673,-672,-671,-670,-669,-668,-667,-666,-665,-664,-663,-662,-661,-660,-659,-658,-657,-656,-655,-654,-653,-652,-651,-650,-649,-648,-647,-646,-645,-644,-643,-642,-641,-640,-639,-638,-637,-636,-635,-634,-633,-632,-631,-630,-629,-628,-627,-626,-625,-624,-623,-622,-621,-620,-619,-618,-617,-616,-615,-614,-613,-612,-611,-610,-609,-608,-607,-606,-605,-604,-603,-602,-601,-600,-599,-598,-597,-596,-595,-594,-593,-592,-591,-590,-589,-588,-587,-586,-585,-584,-583,-582,-581,-580,-579,-578,-577,-576,-575,-574,-573,-572,-571,-570,-569,-568,-567,-566,-565,-564,-563,-562,-561,-560,-559,-558,-557,-556,-555,-554,-553,-552,-551,-550,-549,-548,-547,-546,-545,-544,-543,-542,-541,-540,-539,-538,-537,-536,-535,-534,-533,-532,-531,-530,-529,-528,-527,-526,-525,-524,-523,-522,-521,-520,-519,-518,-517,-516,-515,-514,-513,-512,-511,-510,-509,-508,-507,-506,-505,-504,-503,-502,-501,-500,-499,-498,-497,-496,-495,-494,-493,-492,-491,-490,-489,-488,-487,-486,-485,-484,-483,-482,-481,-480,-479,-478,-477,-476,-475,-474,-473,-472,-471,-470,-469,-468,-467,-466,-465,-464,-463,-462,-461,-460,-459,-458,-457,-456,-455,-454,-453,-452,-451,-450,-449,-448,-447,-446,-445,-444,-443,-442,-441,-440,-439,-438,-437,-436,-435,-434,-433,-432,-431,-430,-429,-428,-427,-426,-425,-424,-423,-422,-421,-420,-419,-418,-417,-416,-415,-414,-413,-412,-411,-410,-409,-408,-407,-406,-405,-404,-403,-402,-401,-400,-399,-398,-397,-396,-395,-394,-393,-392,-391,-390,-389,-388,-387,-386,-385,-384,-383,-382,-381,-380,-379,-378,-377,-376,-375,-374,-373,-372,-371,-370,-369,-368,-367,-366,-365,-364,-363,-362,-361,-360,-359,-358,-357,-356,-355,-354,-353,-352,-351,-350,-349,-348,-347,-346,-345,-344,-343,-342,-341,-340,-339,-338,-337,-336,-335,-334,-333,-332,-331,-330,-329,-328,-327,-326,-325,-324,-323,-322,-321,-320,-319,-318,-317,-316,-315,-314,-313,-312,-311,-310,-309,-308,-307,-306,-305,-304,-303,-302,-301,-300,-299,-298,-297,-296,-295,-294,-293,-292,-291,-290,-289,-288,-287,-286,-285,-284,-283,-282,-281,-280,-279,-278,-277,-276,-275,-274,-273,-272,-271,-270,-269,-268,-267,-266,-265,-264,-263,-262,-261,-260,-259,-258,-257,-256,-255,-254,-253,-252,-251,-250,-249,-248,-247,-246,-245,-244,-243,-242,-241,-240,-239,-238,-237,-236,-235,-234,-233,-232,-231,-230,-229,-228,-227,-226,-225,-224,-223,-222,-221,-220,-219,-218,-217,-216,-215,-214,-213,-212,-211,-210,-209,-208,-207,-206,-205,-204,-203,-202,-201,-200,-199,-198,-197,-196,-195,-194,-193,-192,-191,-190,-189,-188,-187,-186,-185,-184,-183,-182,-181,-180,-179,-178,-177,-176,-175,-174,-173,-172,-171,-170,-169,-168,-167,-166,-165,-164,-163,-162,-161,-160,-159,-158,-157,-156,-155,-154,-153,-152,-151,-150,-149,-148,-147,-146,-145,-144,-143,-142,-141,-140,-139,-138,-137,-136,-135,-134,-133,-132,-131,-130,-129,-128,-127,-126,-125,-124,-123,-122,-121,-120,-119,-118,-117,-116,-115,-114,-113,-112,-111,-110,-109,-108,-107,-106,-105,-104,-103,-102,-101,-100,-99,-98,-97,-96,-95,-94,-93,-92,-91,-90,-89,-88,-87,-86,-85,-84,-83,-82,-81,-80,-79,-78,-77,-76,-75,-74,-73,-72,-71,-70,-69,-68,-67,-66,-65,-64,-63,-62,-61,-60,-59,-58,-57,-56,-55,-54,-53,-52,-51,-50,-49,-48,-47,-46,-45,-44,-43,-42,-41,-40,-39,-38,-37,-36,-35,-34,-33,-32,-31,-30,-29,-28,-27,-26,-25,-24,-24,-23,-22,-21,-20,-19,-18,-17,-16,-15,-14,-13,-12,-11,-10,-9,-8,-7,-6,-5,-4,-3,-2,-1,0
1.05320785407862e-11,-5.83934778726846e-10,-6.10750890329002e-12,-2.76114984311095e-10,3.18312611837014e-11,-2.78344503762207e-10,2.13731511913871e-10,2.70700915125264e-10,1.66126294722031e-10,3.21672498040651e-11,-6.06298582133426e-11,-2.3914248096359e-10,3.57967106324365e-10,-2.14462505555483e-10,3.43305224991896e-10,4.62921309878425e-11,3.38397839304082e-10,-4.81836715059338e-10,1.67347590842334e-10,2.74573876351211e-11,-1.29230754922922e-11,-2.8085379893502e-10,-1.49092277380372e-10,6.51494326451625e-11,-6.76220655851965e-11,-1.28231774683413e-10,-7.5169380333625e-11,-8.03079388119714e-11,-2.99237111959378e-10,-1.83901061600038e-11,4.2903453849167e-10,-8.39947006796216e-11,-9.2344104816387e-12,-1.3212927032302e-10,-9.98299982683413e-11,8.37757082747988e-11,5.21686398831744e-10,-6.40461117359636e-11,6.22106713197332e-11,-2.17074015454688e-10,-1.68853282530129e-10,-1.72423770275672e-11,2.47842958278912e-11,1.35153447885585e-12,-2.10054170512436e-10,5.62451971348893e-11,2.5467738338825e-10,-4.22596162690256e-10,4.01646521667033e-10,-3.67380292489494e-11,-1.0970329569657e-10,1.64098856641447e-10,3.04200805593597e-10,4.00370831123563e-10,2.16486606242019e-10,2.77395381261874e-10,-4.05331618036364e-10,-6.25791814927824e-11,1.36977610301115e-10,2.70807925003149e-10,-1.11668256548982e-10,9.20530441919654e-11,2.94113847974927e-10,-2.57562473314879e-10,-2.54301184656208e-11,4.39244145923219e-10,-1.86413563264229e-10,-1.20923273939541e-11,2.54184017354289e-10,-1.14955998748071e-10,2.93167228011964e-10,-1.87389925323679e-10,1.52826929844279e-11,3.53425779124007e-10,-2.41098421962191e-11,2.51662957974197e-10,1.78939005129477e-11,-9.56467788498638e-11,1.91782472740033e-10,-4.48337688259058e-10,2.69396934243777e-10,2.52839311426713e-11,4.53081874811174e-10,-2.45748746056003e-10,-3.11597334498929e-10,3.76353033301549e-10,1.37782863616217e-10,-1.24803006591368e-10,2.65694609253803e-10,3.55988312584938e-10,1.84824011778789e-10,3.35262622171545e-11,-1.94641341780823e-11,-1.37868038308588e-10,-2.67023983838605e-10,5.92184699994114e-11,-1.21834046114499e-10,-1.25363427254515e-10,1.89816264371666e-10,-1.71624210134627e-10,1.95022706156671e-10,2.38385032305015e-10,1.79685968672389e-10,-3.87334809919006e-11,-6.27950198619331e-11,1.78321548251418e-10,-1.31242636082774e-10,-3.26113241725754e-10,3.90233505567372e-10,5.13569542758854e-11,3.16708487760866e-10,1.53392785699031e-10,3.15651364341209e-12,1.72292177218752e-10,3.19981378016492e-11,7.9024103156811e-11,1.79253181252343e-12,-2.7048157244945e-11,-1.19242530397736e-10,3.67374564563528e-10,4.15415567294473e-10,2.02629344146801e-10,-2.27695083290596e-10,2.6205598098264e-10,-1.64194658103551e-10,1.10868374541652e-11,-5.4534625936144e-11,3.09907263226354e-10,-2.20590627622016e-10,2.33164804729258e-10,3.81073896965947e-10,-1.79001167601149e-10,6.00652119202831e-10,-1.80299026407648e-10,1.9681923694494e-10,8.45667623534227e-11,-1.60723695188525e-10,3.5514112449732e-11,-5.94048330666719e-11,-5.27807831751285e-11,1.53985886435569e-10,1.52094546274111e-10,5.62718682687103e-10,-2.07023075718598e-10,-3.51352136448086e-10,1.63099351148364e-10,-1.29002006768548e-11,8.37817921594857e-11,1.41502916656189e-10,3.98709486335718e-10,2.08710622543095e-10,3.53953666881407e-10,-2.20272348196981e-10,1.50159487595332e-10,-1.10875327054879e-10,-3.10076871426995e-10,-8.71556087877297e-11,-3.88742585998495e-10,-2.9937392572216e-10,-9.67036078020351e-11,3.29398977714698e-10,-2.34927439513267e-10,-4.18184521519103e-10,1.19868261788504e-10,-2.53863592718213e-10,3.1223645765624e-10,-5.12848503746746e-10,6.96893485797017e-12,2.4987801289782e-10,5.36056764284622e-11,-1.46389477593198e-10,1.4705880018023e-10,-3.93137724617731e-11,4.91135548815936e-10,4.91238528529176e-10,-7.75105860461035e-12,-7.70451477248562e-11,3.84868036600466e-10,2.34603859397102e-10,-3.04494518356662e-11,-9.3743635840266e-11,4.22121221852644e-11,3.61538816692754e-10,-5.00929337744804e-10,-6.20228355591564e-11,-3.80988536250218e-10,-5.74366251072082e-11,-1.68021622733213e-10,1.64475809986798e-10,-4.560410242354e-10,1.29098627320627e-10,-2.05907123445179e-10,4.68602036341253e-10,2.11934863018399e-10,-2.83718833547906e-10,3.032238532996e-10,1.98961492602378e-10,-2.8002331431994e-10,-7.50212614443714e-11,-1.45001276977545e-10,-1.80101097983311e-10,2.06724503908967e-10,-2.92662366934749e-10,-1.79729788980062e-10,8.60503888418826e-11,1.36220650136104e-10,-2.4214563688978e-10,-3.08800755616482e-10,-2.50495408669672e-10,-1.91738424723799e-10,2.97024788071941e-10,-2.83774725883909e-11,7.09165674534196e-11,-2.2933668647187e-10,1.99349667079814e-10,1.69876986019859e-10,-5.13338885466049e-11,-3.22193352760011e-10,1.00208421254097e-10,-5.58277332785064e-10,2.30872788572051e-11,-3.16927415412589e-11,5.7125279374558e-11,2.67222214834851e-10,2.35931992686704e-10,2.91552531205559e-10,1.11766151354985e-10,-2.77201966397239e-10,-2.6000958572578e-11,5.97618018543739e-11,-3.037172335082e-10,2.44235342873607e-10,-3.48061497951257e-10,5.88591297431309e-10,2.79691953573999e-11,1.63622863934226e-10,3.9113454328009e-10,-8.20184016642116e-11,-1.73327987651249e-10,-3.60724620783266e-10,-7.2918510405799e-11,3.50857042743473e-11,1.36137873087806e-10,1.38046064260854e-10,-3.56008185883347e-10,-2.79574845053614e-11,9.79902381277164e-11,-1.79554628513309e-10,-3.76721454778289e-11,1.12612683439605e-10,-3.23105232721517e-11,-2.32586263269129e-11,-3.72783265799647e-11,-3.08772078639999e-10,-2.8622277834787e-10,-5.708106212284e-10,-2.45403555327365e-11,1.04338376833381e-10,-1.51355248948312e-10,6.55349113216965e-11,-9.78244656138638e-11,1.40671674876702e-10,-2.12135999210201e-10,-2.8382743919123e-10,-1.42714611625308e-10,-1.99130644835902e-10,-3.24848757672172e-10,4.51946872039478e-10,6.64747449428094e-11,1.20879473513444e-10,-1.47396820095838e-10,-1.20644209259966e-10,1.50740628807896e-11,-4.3998536334631e-10,-2.11795055690402e-10,-9.04347210137665e-11,1.27605006686999e-11,1.94422778839504e-10,1.50589233706119e-10,1.10443172062536e-11,-8.58917179099643e-11,-1.75975835300044e-11,2.80884173487304e-10,4.22517403506081e-10,-1.30458249112231e-10,1.8473258830926e-10,-1.16381204212183e-10,-1.83904680970428e-10,-5.48238800555576e-10,1.31845840521521e-10,1.09788970328496e-11,-1.10344339874824e-10,6.28231954193953e-11,9.56034361946827e-12,-3.59384709242722e-10,-5.35126041764224e-10,-2.4701459429756e-10,-4.55884967566346e-10,3.94334240961474e-11,-4.86890998832387e-11,9.7677501037419e-11,1.85820762465206e-11,2.95835271540396e-10,-1.3398934554295e-10,-2.92615299101503e-10,1.20741302816325e-10,2.28173753627612e-11,-4.73092472224728e-10,2.84225888994488e-10,-4.57048788271976e-10,-2.70606141206506e-10,-3.52154542018277e-11,-3.18141843193043e-12,-2.96353224785056e-11,1.4753425430458e-10,2.9414253558964e-10,7.76076437366163e-11,1.1965567941065e-10,2.29791461842261e-10,7.10828548749451e-10,2.20854809923291e-10,-1.14256834777088e-10,-5.39844404198281e-11,1.87866897682627e-10,-8.01279439101981e-12,1.97356886944231e-10,-1.85121245514639e-10,5.21564742874624e-10,3.99731768120538e-10,5.90836727848352e-11,1.99668259452101e-10,2.12829943353666e-10,2.1063938867088e-10,1.49733548779406e-10,3.75869162796877e-10,1.66566138592858e-10,-2.86995507173877e-10,-9.45860372747445e-11,-2.33038774412775e-10,3.34530625734676e-10,2.79715959036984e-10,-1.20401806030301e-10,-2.91995361811956e-11,-6.69724340581675e-11,-1.65058302788607e-10,-1.7464431027868e-10,2.51436495406547e-10,8.52079219455763e-11,-2.08896030774912e-10,2.22689157119101e-10,-4.9353907075542e-10,2.71967310306149e-10,-3.28333356815879e-10,-3.88859613440867e-10,-8.05436075518613e-11,-1.12584588393681e-10,9.47853294433189e-11,2.93927072068994e-11,1.87920123154209e-10,-3.43230627370639e-10,1.8865643347751e-10,1.96603547490737e-10,-4.36313041897932e-11,-3.58478556513688e-11,-2.05423954109773e-11,-6.65376883994992e-11,4.8798976598525e-11,-3.00594979706485e-11,3.25728266010278e-10,-2.9306928557858e-11,3.1191640549386e-10,8.81099648384752e-11,-4.14857721660135e-11,3.86659550538761e-10,1.15811449246108e-10,2.05050733085878e-10,-1.68622305773517e-10,2.79964276650994e-11,-2.57245121937132e-10,-1.96557024427347e-10,-1.87228318837606e-12,2.31776438005081e-10,-2.5826448617389e-10,5.10546430439486e-10,-1.92439269660095e-10,-1.60285947616211e-12,-4.39911520317907e-10,2.9160493657227e-10,-4.61379496541963e-11,2.44961528137379e-10,-1.93540245542888e-10,1.55855926245813e-10,-2.98734523015432e-10,-1.34293522059288e-10,-4.09273443660794e-10,-2.96089417451844e-10,2.59658156866366e-10,4.34660041429935e-10,5.92621447306099e-11,2.9554684915412e-10,5.94281039168854e-11,1.89253511674198e-10,-1.69085095208385e-10,-6.69814995822383e-11,-8.85710532625401e-11,1.65660817694966e-10,9.76569084280244e-11,-1.21283893292071e-10,1.32575629957641e-10,2.23780000182589e-11,2.44430152400101e-10,5.97987401603658e-11,-2.47601003281659e-10,-1.46890163393461e-10,3.59515668372004e-10,-2.47014379335481e-10,-2.85633039361911e-10,-2.46520543101956e-10,2.72034219318547e-10,1.30154018339975e-10,9.80201121295979e-11,7.116571458222e-11,-1.91324540632627e-10,1.45996768752635e-11,5.01250623649516e-11,-2.7556672109536e-10,-2.66023220521229e-10,-3.55527110238962e-10,1.5619538639144e-10,2.70863704492909e-10,-2.9058272701832e-10,-5.07045409105043e-10,4.03566612908172e-10,-4.67646011087748e-10,4.44337362016509e-11,8.02116724699737e-11,-6.27703997878995e-10,4.16517831977414e-10,1.21812193450556e-11,-1.11431745065498e-10,2.85835939385919e-11,1.78117833470943e-10,-2.32458003247705e-10,-2.07784192439133e-10,4.33400661421604e-11,-2.87014357681371e-10,-3.29319647345045e-10,3.93507983216134e-10,-3.23207409031156e-10,-7.86986726421332e-10,1.32203433291886e-11,-1.14018192535928e-10,1.51690969903112e-10,1.14692025199202e-10,8.3655047616591e-11,-2.31948299370257e-10,-2.80469651614063e-10,-3.8556698665699e-11,-1.74850609604562e-11,1.92258207891165e-14,-3.01020378514298e-10,6.614674056757e-11,-3.58926588636806e-10,-3.16083950465591e-10,5.11203249592645e-12,-2.48322820065558e-10,-3.8514784655155e-11,-2.36770006899763e-10,1.1453630169539e-10,2.8991686099232e-10,-2.95339219276956e-11,-2.59514892729492e-10,2.30517245087036e-10,-1.7030918263558e-10,8.88353082211006e-11,-3.10092105498248e-10,-1.62339573025693e-10,-5.95858493959322e-10,-2.08744339781758e-10,-2.73139772324939e-10,3.48688170614671e-10,4.03595063189528e-10,2.60939870130164e-10,-1.96388446599145e-10,-1.94818128381706e-10,-3.51056297779117e-10,3.27836891801071e-11,-4.19455452007183e-10,-6.93005111744532e-10,-3.84660406965595e-12,5.46103826856738e-11,-1.76283161914603e-10,6.16032879948184e-10,1.46883389034555e-10,-2.54921068274186e-10,1.09702679681177e-10,1.02647149081391e-10,1.45477485692234e-10,-3.60781735608914e-10,1.19594449688576e-10,-1.26880021395814e-10,6.9298130045182e-11,2.52081532975505e-10,-3.68927510474093e-10,2.79892541201881e-10,1.99179101859982e-10,7.50437574746703e-11,-5.52901377888129e-11,2.14482950556464e-11,-3.88911578130797e-10,-6.95032813832412e-11,2.04343607907708e-10,-1.39627071612891e-10,1.14179556628568e-10,6.53918784597601e-10,2.28793029460501e-10,8.43603776044548e-10,-1.33344050464419e-10,-1.49186104050114e-10,6.12411105550711e-10,-1.20901965735664e-11,1.90784301553311e-10,1.9002250877518e-10,1.26195035521679e-10,1.05039567637815e-10,1.83299769153815e-10,9.88350915865519e-11,-8.56825765638034e-12,3.72767211967991e-10,5.85922873481185e-11,-3.06605991651394e-10,2.36216741479515e-10,-1.13136010498429e-10,6.07724601846183e-10,2.6887593826481e-10,-4.89768220026682e-10,-1.79560045057257e-10,-1.038805801388e-11,-3.13992286217664e-10,-1.20179282157373e-10,-1.15846726242053e-10,3.81330400045e-11,-3.18089187783886e-10,1.2257467145236e-10,8.91977450371105e-11,2.30438351210028e-10,-2.94072024107593e-10,2.24638721960129e-10,-1.08469955405809e-10,2.10444410282534e-10,-1.78778827400919e-10,-2.71250652232991e-10,-2.55551083899993e-10,-9.25107488695061e-11,-2.29962383597899e-10,-3.62190430716441e-10,-7.63984699101643e-11,7.00453170683722e-11,1.76820518380062e-10,8.50181234245609e-12,-4.55323702521119e-11,1.69639960087366e-10,-2.96813283102928e-10,-3.80380968087858e-10,-2.22138407675449e-11,-1.89158076194358e-10,-1.86934942735522e-11,3.84576323404833e-11,2.36015758373627e-10,-1.27466915845312e-10,-1.36616573842761e-10,-1.06427477376749e-10,3.64319666751592e-11,1.60516750525971e-10,4.90667836468291e-11,4.01633027098493e-11,8.64951262686359e-11,1.04871365104265e-10,2.28934017712248e-10,-2.26721850625982e-10,2.90898589542898e-10,4.58587342214825e-10,2.85346359369073e-10,-3.59700057585784e-10,-2.9530020569318e-10,-1.04040514546679e-10,4.6359153990763e-10,-2.80481613992849e-10,1.98060479529106e-10,-2.45564227501662e-10,1.53000200768271e-10,4.19412551069669e-10,2.71077798443191e-10,3.83397965346762e-11,-4.66663292489171e-11,1.84681683000718e-10,1.05134082725624e-10,2.26026365418086e-10,-6.1561499807956e-10,2.59815942548179e-10,-1.44255544849025e-10,2.80576377626275e-11,-2.73892498123204e-10,-1.2432270197365e-10,1.57632711020246e-10,7.81766340958239e-11,2.22525723704911e-10,-1.5561136165707e-10,1.41377429183681e-10,-1.8735145255883e-10,4.31076080980703e-10,9.27714155430902e-11,-5.80127189691563e-10,-1.52227085507978e-10,-4.69373166666516e-10,1.98798568345838e-10,5.05104578760563e-10,1.78840681582676e-10,-1.40184094743229e-10,-4.4895529417634e-10,-3.12386158136334e-10,-1.33870805550381e-10,4.38077477543647e-10,-5.36207134493694e-10,-5.51500424968537e-11,1.88504685569861e-10,2.54778879186015e-10,-2.80821003440527e-11,-1.37083720939218e-10,-4.38444556412592e-10,1.66409967898818e-10,-1.39258245141566e-10,-2.59146836437607e-10,4.76113883165886e-10,1.60509812838741e-10,-2.27192247741688e-12,9.41725082307667e-11,-2.00743735312964e-10,-3.40097918727999e-10,-6.72281153292665e-11,-2.50590725758659e-10,-3.13111216248825e-11,-2.97239447020088e-11,1.27089164024797e-11,-4.1337215689079e-10,1.67311891962813e-10,-1.76167983976633e-10,-9.83377787337412e-11,-3.92932764139946e-11,9.91594916545455e-11,1.52536432350976e-10,3.83485457431618e-10,-3.99015533332725e-10,4.54693754862448e-10,-2.8479253991024e-10,-4.80482018027946e-11,2.13952333893151e-10,-3.10079347802684e-11,-6.35843230542463e-10,3.19046249718263e-10,2.89649064361024e-10,9.69382619694774e-11,-1.03634838593743e-10,-4.93039650512407e-10,-2.27996648499448e-11,-2.94829631867417e-11,-2.23850773649378e-10,-3.56161437677016e-10,1.19870227880848e-10,1.08687124542553e-10,5.26203350776881e-11,4.98890710218856e-10,-3.09664104338657e-10,3.36888321771065e-10,5.83245806209378e-10,-3.64504850691689e-10,-1.53405884323461e-10,-2.0691305753025e-10,2.4701618471993e-10,8.23196327469428e-11,-1.86173378821463e-10,-5.03635609352368e-10,1.60290471328139e-10,2.2619152803781e-10,-1.03500749934455e-10,2.44672299331911e-10,-2.96955541282969e-11,-3.50831656050399e-11,2.26857372270158e-10,-2.46100804684089e-10,1.04506596780773e-10,-1.46481282078436e-10,-3.72681006894709e-10,2.06977877261127e-10,2.57666740884088e-10,2.14937201959214e-10,2.42254317922076e-11,3.32402798915699e-10,6.79411057320692e-10,2.27065047088389e-10,-2.4594223990758e-10,-1.76453077893411e-10,3.48109918986485e-11,1.34754452319253e-10,-4.36645582809665e-10,-5.30628873204756e-10,1.79259400554537e-10,-3.06971537887559e-10,-2.1155955218853e-10,3.44595785134863e-10,2.87226396588896e-10,4.97575627185815e-10,1.85384490564191e-10,2.1133612094344e-11,-3.46513315861096e-11,-3.15664515662471e-10,1.97608288805771e-10,-3.23075204003297e-10,-4.70195923615966e-10,-3.35796751059493e-11,2.66836507779232e-10,-4.76896308441736e-10,-7.45358298940499e-11,-1.37169295626684e-10,-1.80756952920632e-11,-1.32497495478509e-10,9.51796721791247e-11,-5.8617831990681e-10,-2.88673099717601e-10,-1.66038379230171e-10,4.10149406293499e-10,3.26545646862962e-11,4.04101439150431e-10,-1.31573913860434e-10,-6.13577808874523e-11,1.86123622259269e-10,4.66376820423321e-10,6.00325230635543e-11,1.01527320172402e-10,-3.53610203231523e-10,-2.15009230480154e-10,-4.9853055836521e-10,2.57817104281257e-11,-5.15856063267718e-10,-7.55223638670225e-11,1.89320111191819e-10,-2.3469877155446e-10,7.02960640001124e-11,1.39326469218581e-10,1.91346266262383e-10,-3.30078141251182e-10,2.06279692649246e-10,4.98000723919647e-10,-1.43823793951666e-10,-1.7329354690695e-10,-1.1751794325507e-10,-7.22646042949867e-11,2.51608180955533e-11,1.73275696576338e-10,1.60922462874039e-10,-2.74525955487054e-10,-1.52172549943057e-10,1.30298024647674e-10,2.08530130318899e-11,2.22648295122341e-10,3.32986147142313e-10,6.9443291069925e-11,-1.20646933618306e-10,-6.55659484055001e-11,-1.50703965500079e-10,4.98628365646519e-11,-5.71440164190182e-11,2.23174321708949e-11,-2.00942962437944e-10,-1.18301392410172e-11,1.60303382220628e-10,2.43053075490132e-10,2.09501457925653e-10,-1.51269542435952e-10,-5.25373997568421e-11,-8.78152033677698e-11,-2.44831557117228e-10,6.94273256820061e-11,-4.55119210054549e-10,5.05825123678169e-11,6.63682768678555e-11,-2.40517342612709e-10,2.40584393359126e-10,2.70636233244664e-10,-2.97435595862487e-10,-2.04765176762888e-10,-2.52455536524782e-10,-8.90337261244337e-11,-3.04511005999619e-10,5.36177959651826e-11,-1.84078379563368e-10,7.06117531608243e-11,2.18538551690559e-10,-2.89292280373241e-11,2.28183643664849e-10,1.83709236031145e-10,-3.31906457180232e-10,3.53035903843651e-10,-2.68718191543952e-10,-1.36496415399847e-10,-1.26814969705736e-10,-1.16757264795407e-10,-1.36070330752906e-10,-5.22557617739472e-11,-5.8929628199701e-10,5.41711356010014e-11,8.78766073078044e-11,-8.52279309293006e-11,-1.14834033945099e-10,4.3688763187819e-11,2.69874284518742e-10,1.97477965158325e-10,-1.06458984964473e-10,-4.62414577704407e-11,2.48427574574889e-10,2.21208861535623e-10,-3.07423170070292e-10,-1.94217251681956e-10,3.44162587332114e-10,-9.31792297732215e-11,4.78289572717735e-13,8.06861506701576e-11,3.23899523207033e-10,-8.3845390968147e-11,1.44424074888346e-10,-1.74240087517164e-10,-3.67984672163016e-10,-9.40404356025095e-12,1.94300412661318e-10,-1.60890795364292e-10,7.66490693562936e-11,-3.78321384982143e-10,-1.50504827561018e-10,5.52043430420351e-11,1.94605661609994e-11,-7.91406487994507e-11,-3.29075010816916e-10,2.34864773240095e-10,3.52626846184261e-10,-6.5826962155355e-11,-1.69819008468756e-10,-9.46444996224823e-11,-2.691066096797e-10,1.31466555928711e-10,3.92203629219183e-10,-8.0877725775552e-11,-8.7322758190052e-11,6.20987951383851e-11,-1.83885118495514e-10,4.35939175957393e-10,2.11449578104811e-10,-2.40534291915766e-10,-1.4670544664406e-10,-1.99150110847124e-10,7.32533541042158e-11,-5.51668043298498e-10,3.61899152939008e-10,-5.10718474306836e-11,2.16430669530347e-10,2.16557848628206e-10,-1.78605222693968e-10,-8.44663090652109e-11,-1.3449612567304e-10,1.63276254051129e-10,-1.9823871668417e-10,1.34702497341008e-10,-1.34427361313355e-10,-1.06370990726951e-10,6.00058007598814e-11,-4.25524983155416e-10,-4.72292501647828e-10,-2.03364223637357e-10,8.45626897090709e-13,1.99993692254254e-11,4.05792023847756e-10,-6.92365277473868e-11,-1.75391941672134e-10,9.97205875868022e-11,2.99230003868054e-10,2.37682319185439e-10,-4.75022219347564e-10,7.16166315774045e-11,6.07170178012663e-10,1.17621392558089e-10,-9.90044685077943e-11,-3.27773485877861e-10,8.85609713870116e-11,1.55247858118807e-10,-1.08292839601553e-10,4.37933292923634e-11,-4.71386556276127e-10,4.06729174610132e-10,3.91803602197498e-10,-1.22203080707611e-10,2.45325056908678e-10,2.72153443411358e-10,2.44989950355986e-10,2.10131047856203e-10,6.82538389439815e-11,-3.08690982993241e-10,1.54520610244499e-10,-3.99074980752896e-10,-4.53631721019732e-10,-2.54352067093771e-11,-5.96338864491956e-10,1.0499405566185e-10,-2.84485236512072e-10,1.01750064957381e-10,7.97401530312229e-12,2.29187630280952e-10,2.1699770483531e-10,1.22446227312569e-10,3.67127412343029e-12,3.03964609395048e-11,3.84245270107776e-10,3.91047573071125e-10,-5.79728038501947e-11,-2.44515051901686e-10,2.05023811410047e-10,3.00567092286933e-11,-1.01808106904023e-10,3.56947868987173e-10,-1.14047437714583e-10,-3.20249955972472e-10,3.14125174755113e-10,-8.37543464284435e-11,-4.73380930635774e-10,-3.70031189172011e-10,-2.78960751826297e-10,-1.04525137782842e-10,-2.76455261401589e-10,-2.24595847514064e-10,1.02367351600583e-10,-2.63134994111975e-10,2.3511980909702e-10,1.05642485902999e-10,4.06715242379916e-10,1.02542933956364e-10,-2.8793740566092e-10,-1.33850636209667e-10,-1.08459752988704e-10,-7.44890568257117e-11,1.49501342555383e-11,-1.08158957563845e-10,1.16182291429126e-10,3.42902929574975e-10,-3.60446967578752e-10,8.40910790879825e-11,-5.88005820504139e-10,2.21149031869872e-10,-1.11650888212457e-10,-6.92740462718905e-10,-9.62740485104599e-11,2.74781809196601e-11,-3.0942178026113e-10,-2.27318129473664e-10,9.94330403698568e-11,-1.38252721602852e-10,1.04757693617879e-11,4.44773277681338e-10,-2.72219038500599e-11,-1.28538993362182e-10,3.2879137746167e-10,2.03211552703207e-10,-9.3263355696571e-11,-1.06161215642831e-10,-6.41104625795841e-11,-1.32218887135629e-11,7.55822359928964e-11,4.2160998097012e-10,1.49614385604282e-10,2.56153539191593e-10,-2.45496130191251e-10,3.52453717407341e-10,-1.25011460134758e-10,2.96385213523364e-10,-3.54783096634021e-10,5.60423113688456e-12,2.52844010613499e-10,-4.91612578751954e-10,2.79777957381803e-10,-5.60122224146341e-10,-2.51741732870923e-10,-3.37980823522569e-10,2.71099599336522e-11,2.98894409154584e-10,3.33067514695768e-10,7.52671816214775e-11,-2.29711432869129e-10,-3.69309196600155e-10,3.00691728116178e-11,-2.8440305164401e-10,-1.83668687366244e-10,1.129349150708e-10,-2.37591483696802e-10,-3.88015434576272e-10,2.53216338126684e-10,3.42472898325495e-11,-2.02993890399061e-11,-2.48634862517823e-10,-7.46899226386727e-12,3.7884421610763e-10,-2.2930476360938e-11,7.22861380432607e-11,-5.83422977297729e-11,3.34503831260021e-10,3.45698231702755e-10,3.98008633508247e-11,-9.2823581328385e-11,4.04826852205553e-10,-1.68191193888913e-10,5.15924752483461e-11,-2.45010056035425e-10,1.31007458456837e-10,8.27884751646712e-12,-3.9982928076235e-10,-1.93765949775859e-10,-2.02246030095173e-10,-6.62503419412075e-10,3.26338315609622e-10,2.47656632108878e-10,1.33266116914898e-10,-8.69108636276413e-11,-2.83924134847926e-10,-4.12754262732766e-10,1.87743133186326e-10,-1.25626201994088e-11,1.7508075338491e-10,-1.01611078705545e-10,2.70850774692934e-10,-1.25908654153924e-10,-4.10385223536454e-10,3.87358787170389e-10,2.6359789231604e-10,2.56088011632195e-10,-2.09861440663316e-10,2.48075257774884e-11,-3.53985426350205e-10,4.46769188482913e-10,7.86582392663674e-11,5.36979257655925e-11,1.61604938645735e-10,-4.13475633339841e-10,-1.20955158418414e-10,1.2469952782773e-10,-5.9053707677527e-12,2.43203253161445e-10,1.85163279876542e-11,2.53613731676513e-10,-3.71191715968422e-10,-4.22526297145995e-10,-7.75045510327126e-11,-2.97580700937198e-10,2.68198337039765e-10,-7.55668675484141e-12,8.55038174886114e-11,-1.31106911345368e-10,1.57050116887787e-10,1.88486709004408e-10,-1.39468663918977e-10,2.85789247697822e-10,-2.01087528643674e-10,2.70790908944331e-10,-1.06610316979094e-10,-3.97439572808588e-10,3.6492847390968e-10,-2.20274553208431e-10,-1.9073973482818e-10,2.0773100561938e-10,4.05495803033476e-12,-2.53217501833707e-10,-1.39412377616226e-10,-1.832080016722e-10,1.776661812165e-10,-2.26183804087189e-10,-2.17729731863772e-10,-1.3492437670954e-10,-4.92651337095014e-11,-3.30888551265662e-10,3.808861139911e-10,1.27356884985842e-10,2.08590357197446e-10,1.67152734636764e-10,-2.16489727916775e-10,1.64119902161123e-10,1.51009593428484e-10,-2.42239217792347e-10,7.73361919711443e-12,1.99998577622923e-10,-4.53198244447593e-10,-2.42939650532188e-10,4.93722892845449e-10,-8.90228999327905e-11,-4.02246098875052e-10,1.75340889328083e-10,1.35770242350822e-10,-1.03743754347396e-10,-4.57024968592742e-10,2.5954838509281e-10,-1.88437450424815e-10,2.14817857129563e-10,1.34841128194179e-10,-1.07003894179768e-10,3.5146905874377e-10,1.4063092722919e-10,-1.63534175047788e-10,5.6335200698495e-11,1.50636296541548e-10,1.9687738628487e-10,-1.52211543630378e-10,3.19060545783689e-10,1.17108251874597e-10,-4.00452614281016e-10,-2.83977962415977e-10,-6.86579143976763e-11,4.7629858162154e-11,5.44754252256217e-10,-4.03730664064035e-11,-7.63588614377748e-11,-1.62412725469265e-10,-2.3247673593262e-10,-2.52322536559383e-10,2.31990018388908e-10,-1.02358893894599e-11,3.89764633632133e-10,-1.55988499098732e-10,2.910389121262e-10,-3.07971315419717e-10,4.01051898029522e-11,-3.62930621150416e-10,2.06247141696519e-10,-2.09005126366908e-10,-3.35468753798282e-10,-8.81596230005346e-11,-1.34391042711374e-10,-1.41122776771047e-11,3.56999696723678e-10,1.49690692102607e-10,3.62931099411864e-10,1.86998726370613e-10,-1.34043861303328e-10,-2.77822924958683e-10,1.72765075093875e-10,1.52760677953468e-10,1.50451334929197e-10,4.62442950365524e-10,3.17984088715466e-11,-2.85663864027443e-10,-1.21802287740348e-10,-3.76600281563455e-10,1.22573847716633e-10,-3.06648716585423e-10,4.57498630038999e-10,7.77350478873011e-10,1.47520510418766e-10,-1.10811346648518e-11,1.31964763580006e-10,2.21072908572597e-10,-3.07579189699971e-10,-1.85926214642999e-10,-2.56396108745428e-10,-4.86074418661741e-11,-1.21998603892815e-10,2.43906789717275e-10,2.02959374356505e-10,1.86443044215243e-11,-5.37954818667814e-11,1.85938528925886e-10,-1.68762597572821e-11,9.90785636309747e-11,1.28503193516079e-10,1.51886844016993e-10,-6.54216976646697e-11,9.973907861866e-11,2.11115990140784e-10,-5.15788037359656e-10,5.21402795956009e-12,-2.15501788572381e-10,2.89746247498436e-12,-3.46046026240593e-10,-5.32575010169446e-12,-7.23557412740691e-11,-1.83014722362597e-10,1.45820481883315e-10,1.01087305470629e-10,1.8226904377644e-10,-2.52644854091608e-10,4.19364311567004e-10,-2.7618222921407e-11,4.14371523347953e-10,4.69547511061579e-10,-2.99833844899805e-10,-4.8775022248993e-10,1.31422184821983e-11,2.37564957722967e-11,-8.87652813870062e-11,1.33402868718182e-10,1.85252007212967e-10,7.65084506560951e-11,-3.08803507827259e-10,1.49624708239906e-10,-2.80257209878202e-11,-3.54590514194869e-10,-3.20614366219724e-10,8.04339405895837e-11,1.7870080617673e-10,9.8036596952777e-11,3.88346854737012e-10,-1.54099143072226e-10,-1.72170218547994e-10,-1.2353878287227e-10,-1.14090213999582e-10,-5.52066646266548e-10,1.61463723378863e-10,-4.43160722016372e-11,3.21840311471518e-10,-4.83381287136387e-11,1.83492370554629e-10,-1.24772493759932e-10,2.84697598555152e-10,5.67155113646846e-11,1.22445364544313e-10,-1.31807640873171e-10,1.80403230833933e-10,-3.2665019032023e-11,1.75876992638069e-11,-7.50659593411708e-11,4.19711297442263e-10,-1.6436267262331e-10,-4.58215923667565e-10,-3.20016627210507e-10,-1.92390447245903e-10,1.90003149940453e-10,-6.61644590440936e-10,1.19658932829385e-10,-5.32798408468588e-10,-5.255593799417e-11,4.26952763449245e-10,9.72223704658066e-11,3.22939897312587e-11,2.79984612321578e-10,-2.18789199595697e-10,-2.8949936305045e-11,-3.41360709802658e-11,2.4499449559827e-10,1.56717306691568e-10,-5.14168157306444e-10,3.7048286028759e-10,-1.63296191385754e-10,-7.74979768532014e-11,-1.96272471586978e-10,-5.01613274862503e-10,-2.15748629704963e-10,1.86847236042528e-10,-5.02990964483694e-10,-4.03167492106826e-10,1.62955072845415e-11,-5.70538830434991e-11,-7.52254108247679e-10,2.21219635151311e-10,1.37692360357977e-10,2.23412168838977e-10,-5.65072042679929e-10,-3.32332050834139e-10,-2.84018641367687e-10,-3.5341528290202e-10,-3.24998361946531e-10,-3.49166577491966e-11,1.69775312090155e-10,2.61739930064082e-10,-9.90287632050781e-11,-2.98176972977823e-10,9.9371014376262e-11,3.00962764307741e-10,-3.320759281062e-11,-4.49200167082171e-11,1.16165370733419e-10,6.63978545718671e-11,4.52193025360042e-10,-1.99080122107776e-10,3.85743895311813e-11,-1.78948510581508e-11,2.17034661895932e-10,-1.97193846999512e-10,8.89952556764542e-10,1.34730830584547e-09,2.09207173918205e-09,2.59747378484536e-09,3.48286375637998e-09,4.01997806218685e-09,5.19847162055293e-09,6.04645766254036e-09,7.80633405866484e-09,8.34284243033736e-09,9.42906047258198e-09,1.13990317385103e-08,1.26893084208128e-08,1.42598580133726e-08,1.64010411354686e-08,1.87647703794311e-08,2.02411155648927e-08,2.25836330233062e-08,2.58712468797757e-08,2.94555842836615e-08,3.36218984736387e-08,3.94648341695292e-08,4.67526622476704e-08,5.60146108225639e-08
