v,0.25
Patm,100000
g,9.81
r,500
G,10^9.4
rho,2800
mu,10^3.74
rc,20
 
M,10^6.42
sigma,0.5
 
tilt_erupt,442.4744nrad
 
-1313,-1312,-1311,-1310,-1309,-1308,-1307,-1306,-1305,-1304,-1303,-1302,-1301,-1300,-1299,-1298,-1297,-1296,-1295,-1294,-1293,-1292,-1291,-1290,-1289,-1288,-1287,-1286,-1285,-1284,-1283,-1282,-1281,-1280,-1279,-1278,-1277,-1276,-1275,-1274,-1273,-1272,-1271,-1270,-1269,-1268,-1267,-1266,-1265,-1264,-1263,-1262,-1261,-1260,-1259,-1258,-1257,-1256,-1255,-1254,-1253,-1252,-1251,-1250,-1249,-1248,-1247,-1246,-1245,-1244,-1243,-1242,-1241,-1240,-1239,-1238,-1237,-1236,-1235,-1234,-1233,-1232,-1231,-1230,-1229,-1228,-1227,-1226,-1225,-1224,-1223,-1222,-1221,-1220,-1219,-1218,-1217,-1216,-1215,-1214,-1213,-1212,-1211,-1210,-1209,-1208,-1207,-1206,-1205,-1204,-1203,-1202,-1201,-1200,-1199,-1198,-1197,-1196,-1195,-1194,-1193,-1192,-1191,-1190,-1189,-1188,-1187,-1186,-1185,-1184,-1183,-1182,-1181,-1180,-1179,-1178,-1177,-1176,-1175,-1174,-1173,-1172,-1171,-1170,-1169,-1168,-1167,-1166,-1165,-1164,-1163,-1162,-1161,-1160,-1159,-1158,-1157,-1156,-1155,-1154,-1153,-1152,-1151,-1150,-1149,-1148,-1147,-1146,-1145,-1144,-1143,-1142,-1141,-1140,-1139,-1138,-1137,-1136,-1135,-1134,-1133,-1132,-1131,-1130,-1129,-1128,-1127,-1126,-1125,-1124,-1123,-1122,-1121,-1120,-1119,-1118,-1117,-1116,-1115,-1114,-1113,-1112,-1111,-1110,-1109,-1108,-1107,-1106,-1105,-1104,-1103,-1102,-1101,-1100,-1099,-1098,-1097,-1096,-1095,-1094,-1093,-1092,-1091,-1090,-1089,-1088,-1087,-1086,-1085,-1084,-1083,-1082,-1081,-1080,-1079,-1078,-1077,-1076,-1075,-1074,-1073,-1072,-1071,-1070,-1069,-1068,-1067,-1066,-1065,-1064,-1063,-1062,-1061,-1060,-1059,-1058,-1057,-1056,-1055,-1054,-1053,-1052,-1051,-1050,-1049,-1048,-1047,-1046,-1045,-1044,-1043,-1042,-1041,-1040,-1039,-1038,-1037,-1036,-1035,-1034,-1033,-1032,-1031,-1030,-1029,-1028,-1027,-1026,-1025,-1024,-1023,-1022,-1021,-1020,-1019,-1018,-1017,-1016,-1015,-1014,-1013,-1012,-1011,-1010,-1009,-1008,-1007,-1006,-1005,-1004,-1003,-1002,-1001,-1000,-999,-998,-997,-996,-995,-994,-993,-992,-991,-990,-989,-988,-987,-986,-985,-984,-983,-982,-981,-980,-979,-978,-977,-976,-975,-974,-973,-972,-971,-970,-969,-968,-967,-966,-965,-964,-963,-962,-961,-960,-959,-958,-957,-956,-955,-954,-953,-952,-951,-950,-949,-948,-947,-946,-945,-944,-943,-942,-941,-940,-939,-938,-937,-936,-935,-934,-933,-932,-931,-930,-929,-928,-927,-926,-925,-924,-923,-922,-921,-920,-919,-918,-917,-916,-915,-914,-913,-912,-911,-910,-909,-908,-907,-906,-905,-904,-903,-902,-901,-900,-899,-898,-897,-896,-895,-894,-893,-892,-891,-890,-889,-888,-887,-886,-885,-884,-883,-882,-881,-880,-879,-878,-877,-876,-875,-874,-873,-872,-871,-870,-869,-868,-867,-866,-865,-864,-863,-862,-861,-860,-859,-858,-857,-856,-855,-854,-853,-852,-851,-850,-849,-848,-847,-846,-845,-844,-843,-842,-841,-840,-839,-838,-837,-836,-835,-834,-833,-832,-831,-830,-829,-828,-827,-826,-825,-824,-823,-822,-821,-820,-819,-818,-817,-816,-815,-814,-813,-812,-811,-810,-809,-808,-807,-806,-805,-804,-803,-802,-801,-800,-799,-798,-797,-796,-795,-794,-793,-792,-791,-790,-789,-788,-787,-786,-785,-784,-783,-782,-781,-780,-779,-778,-777,-776,-775,-774,-773,-772,-771,-770,-769,-768,-767,-766,-765,-764,-763,-762,-761,-760,-759,-758,-757,-756,-755,-754,-753,-752,-751,-750,-749,-748,-747,-746,-745,-744,-743,-742,-741,-740,-739,-738,-737,-736,-735,-734,-733,-732,-731,-730,-729,-728,-727,-726,-725,-724,-723,-722,-721,-720,-719,-718,-717,-716,-715,-714,-713,-712,-711,-710,-709,-708,-707,-706,-705,-704,-703,-702,-701,-700,-699,-698,-697,-696,-695,-694,-693,-692,-691,-690,-689,-688,-687,-686,-685,-684,-683,-682,-681,-680,-679,-678,-677,-676,-675,-674,-673,-672,-671,-670,-669,-668,-667,-666,-665,-664,-663,-662,-661,-660,-659,-658,-657,-656,-655,-654,-653,-652,-651,-650,-649,-648,-647,-646,-645,-644,-643,-642,-641,-640,-639,-638,-637,-636,-635,-634,-633,-632,-631,-630,-629,-628,-627,-626,-625,-624,-623,-622,-621,-620,-619,-618,-617,-616,-615,-614,-613,-612,-611,-610,-609,-608,-607,-606,-605,-604,-603,-602,-601,-600,-599,-598,-597,-596,-595,-594,-593,-592,-591,-590,-589,-588,-587,-586,-585,-584,-583,-582,-581,-580,-579,-578,-577,-576,-575,-574,-573,-572,-571,-570,-569,-568,-567,-566,-565,-564,-563,-562,-561,-560,-559,-558,-557,-556,-555,-554,-553,-552,-551,-550,-549,-548,-547,-546,-545,-544,-543,-542,-541,-540,-539,-538,-537,-536,-535,-534,-533,-532,-531,-530,-529,-528,-527,-526,-525,-524,-523,-522,-521,-520,-519,-518,-517,-516,-515,-514,-513,-512,-511,-510,-509,-508,-507,-506,-505,-504,-503,-502,-501,-500,-499,-498,-497,-496,-495,-494,-493,-492,-491,-490,-489,-488,-487,-486,-485,-484,-483,-482,-481,-480,-479,-478,-477,-476,-475,-474,-473,-472,-471,-470,-469,-468,-467,-466,-465,-464,-463,-462,-461,-460,-459,-458,-457,-456,-455,-454,-453,-452,-451,-450,-449,-448,-447,-446,-445,-444,-443,-442,-441,-440,-439,-438,-437,-436,-435,-434,-433,-432,-431,-430,-429,-428,-427,-426,-425,-424,-423,-422,-421,-420,-419,-418,-417,-416,-415,-414,-413,-412,-411,-410,-409,-408,-407,-406,-405,-404,-403,-402,-401,-400,-399,-398,-397,-396,-395,-394,-393,-392,-391,-390,-389,-388,-387,-386,-385,-384,-383,-382,-381,-380,-379,-378,-377,-376,-375,-374,-373,-372,-371,-370,-369,-368,-367,-366,-365,-364,-363,-362,-361,-360,-359,-358,-357,-356,-355,-354,-353,-352,-351,-350,-349,-348,-347,-346,-345,-344,-343,-342,-341,-340,-339,-338,-337,-336,-335,-334,-333,-332,-331,-330,-329,-328,-327,-326,-325,-324,-323,-322,-321,-320,-319,-318,-317,-316,-315,-314,-313,-312,-311,-310,-309,-308,-307,-306,-305,-304,-303,-302,-301,-300,-299,-298,-297,-296,-295,-294,-293,-292,-291,-290,-289,-288,-287,-286,-286,-285,-284,-283,-282,-281,-280,-279,-278,-277,-276,-275,-274,-273,-272,-271,-270,-269,-268,-267,-266,-265,-264,-263,-262,-261,-260,-259,-258,-257,-256,-255,-254,-253,-252,-251,-250,-249,-248,-247,-246,-245,-244,-243,-242,-241,-240,-239,-238,-237,-236,-235,-234,-233,-232,-231,-230,-229,-228,-227,-226,-225,-224,-223,-222,-221,-220,-219,-218,-217,-216,-215,-214,-213,-212,-211,-210,-209,-208,-207,-206,-205,-204,-203,-202,-201,-200,-199,-198,-197,-196,-195,-194,-193,-192,-191,-190,-189,-188,-187,-186,-185,-184,-183,-182,-181,-180,-179,-178,-177,-176,-175,-174,-173,-172,-171,-170,-169,-168,-167,-166,-165,-164,-163,-162,-161,-160,-159,-158,-157,-156,-155,-154,-153,-152,-151,-150,-149,-148,-147,-146,-145,-144,-143,-142,-141,-140,-139,-138,-137,-136,-135,-134,-133,-132,-131,-130,-129,-128,-127,-126,-125,-124,-123,-122,-121,-120,-119,-118,-117,-116,-115,-114,-113,-112,-111,-110,-109,-108,-107,-106,-105,-104,-103,-102,-101,-100,-99,-98,-97,-96,-95,-94,-93,-92,-91,-90,-89,-88,-87,-86,-85,-84,-83,-82,-81,-80,-79,-78,-77,-76,-75,-74,-73,-72,-71,-70,-69,-68,-67,-66,-65,-64,-63,-62,-61,-60,-59,-58,-57,-56,-55,-54,-53,-52,-51,-50,-49,-48,-47,-46,-45,-44,-43,-42,-41,-40,-39,-38,-37,-36,-35,-34,-33,-32,-31,-30,-29,-28,-27,-26,-25,-24,-23,-22,-21,-20,-19,-18,-17,-16,-15,-14,-13,-12,-11,-10,-9,-8,-7,-6,-5,-4,-3,-2,-1,0
2.42971034702066e-10,7.99967645423787e-10,5.17816264765814e-10,-2.91033879554629e-10,-2.7905936615005e-10,-1.49061632251931e-10,1.28299593783057e-10,-2.35703282065054e-10,-3.75887470807552e-10,5.13858562344177e-10,-3.75503711554742e-10,-5.29838275001278e-10,-1.25222363642092e-10,-8.21557349348014e-10,-3.83064082698735e-10,8.50860744865092e-11,-7.97757726947279e-11,-3.29708115501606e-10,-5.49289925467565e-10,-6.22895544563658e-10,2.74740281227371e-10,-5.9224228296234e-10,-2.30613771310469e-10,1.93586202716492e-10,1.61735536721115e-10,-9.63295392945403e-12,-2.03206459836812e-10,-5.59451716931042e-10,-2.59649676071753e-10,-1.69185458930788e-10,2.03544922912257e-10,-2.19419751544515e-10,6.27337124926869e-10,5.54181306648469e-10,3.39715228021246e-10,-1.44678589418641e-09,3.3108371380183e-10,2.61402663502996e-10,-4.73950639094939e-10,-1.89119095723426e-10,7.28522892499363e-10,-1.28106001916516e-10,-1.21648861074175e-10,1.1145509041555e-10,-4.63746177353121e-10,6.58164291878745e-11,1.26970827170692e-10,2.27506283947977e-10,1.12421918865319e-10,-1.52558448772638e-10,2.18545379396836e-10,-2.15802375240162e-10,-6.17831659293446e-10,-1.18354474416954e-09,8.65470870847686e-11,-1.36000480648703e-10,1.66799044403486e-10,-1.72886924922069e-11,-1.03312279331002e-10,2.38555072168976e-10,5.70637359280705e-10,4.81676793670884e-10,-3.9894882036844e-10,-5.33317265123746e-10,1.72639662229486e-10,-4.76833481336486e-10,2.67392581718942e-10,-1.09008814247916e-10,-5.7502413876234e-10,-1.3614329444327e-10,-4.49669579685587e-10,3.49639937435428e-11,1.14989127233747e-09,-6.99671594493901e-10,-2.71105941479033e-10,4.26780278025725e-10,-1.58963090163415e-10,-6.75242353292352e-10,-3.94571209164813e-10,-6.17897998403228e-10,-3.99188782672117e-10,-1.95509580771584e-10,1.03396068193112e-09,-7.63662707956671e-10,7.29970670766399e-10,-6.69966100219181e-10,-6.52086663861717e-10,2.38918225664469e-10,7.82693448844941e-10,4.48079452409945e-10,5.16220580066441e-10,-3.77755550024887e-11,4.64718613852428e-10,2.12357697647141e-10,-1.91839190231755e-10,2.00711466525787e-10,4.70515664105705e-10,7.80679103296708e-10,9.79809078422702e-11,3.41743585256706e-11,3.47266102541745e-10,4.87442588648416e-10,-9.4195562627354e-11,-6.21617944071161e-10,1.84632348095692e-10,-4.54632890938419e-11,5.26943409907635e-10,3.77052215339947e-10,2.82860155308106e-11,-2.0969495913109e-10,-5.04650262473496e-10,1.74051682823021e-10,-4.98194639676379e-10,5.79734504932204e-11,-5.96005399345895e-10,-3.23451668971388e-10,-1.8199342283795e-10,-3.52391154690112e-11,4.83613276303064e-10,-4.75383653480302e-10,1.0628747811246e-10,-2.32902939675954e-10,1.40448891668437e-10,-5.96907566385579e-11,4.80282231955487e-10,5.10957355411791e-10,-1.20170039527673e-10,8.02709112549142e-10,-5.40019099256055e-10,-1.46772730087615e-09,5.4064491597123e-10,-7.17813519744047e-10,-1.58009794448124e-10,7.24941243516361e-10,-1.23318444966225e-09,-1.94625916926529e-10,7.64956646055225e-10,-1.09801558451048e-10,-8.44892657739062e-11,-4.65746231472737e-11,-5.85188604365625e-10,-7.44859192483633e-10,-5.69668591962093e-10,4.9211466497406e-11,6.30213110465469e-10,1.39036501134004e-10,4.83607420934579e-10,-1.66343221955657e-11,5.44755883635279e-11,3.40757033173658e-10,-1.61107648550963e-10,-8.3861100915991e-10,-2.35352708123383e-10,-5.98540764410257e-11,1.72790236714143e-10,-8.14522707034562e-12,4.82333977228308e-10,1.1685003570946e-09,-2.08334233705708e-10,3.66592728197604e-10,-1.44112610659544e-12,-4.87208616070794e-10,-1.5325107955105e-09,9.17114951134139e-11,-3.42679710724522e-10,-1.71121132893884e-10,3.13611586012599e-10,2.57539011615202e-10,6.54612636235009e-11,-1.40130839097571e-09,-8.42943078618476e-10,2.72482497663132e-10,-2.56148433109429e-10,5.62774639718251e-10,8.96977720255511e-11,-7.70901508374643e-10,-2.04706790537713e-10,2.67922989177206e-10,3.80694592517185e-10,-5.02267017817728e-10,1.29010243003584e-10,5.55959387227711e-11,-1.83979431537662e-10,4.74906505444235e-10,-5.01529820586899e-10,1.68990000333864e-10,6.86075358322097e-11,-1.48554518393238e-09,-1.51795871140022e-10,1.11240506060022e-10,7.3717004009345e-10,-7.64422626851899e-10,-8.77360508911827e-10,-4.44522318344361e-10,1.29308011396641e-10,-1.36591822017956e-10,-4.69111152596711e-11,7.46167159416143e-10,-7.40081146372681e-10,2.1160630858129e-10,2.79492148988072e-10,5.79122601781075e-10,-2.51385387881772e-10,-1.11971172151143e-11,5.58042733887396e-10,1.0764538828328e-09,4.59547428054704e-10,4.94606857152065e-12,1.8180885340653e-10,-1.22113483357991e-09,1.17229500643408e-10,7.75731044263579e-11,8.94541516152041e-10,-1.9596567843273e-10,3.60481068321534e-10,-4.97997479420057e-10,9.40114449519204e-10,-1.14982825981121e-10,1.09795688137808e-09,2.29667835020059e-10,7.81427824220919e-10,-3.70047803583886e-10,2.81773487043717e-10,2.18300414964739e-10,6.90545567159105e-10,7.24310792051012e-10,2.64904412716185e-10,1.77832103624817e-10,9.52682024807997e-10,-4.22174863379469e-10,-4.65287168401985e-11,5.92002090317385e-10,-4.11861915795899e-10,-8.38612834381298e-10,4.74125068971597e-10,-6.16354483040352e-10,3.76014699248293e-10,-2.45369155392185e-10,2.25005613983482e-10,8.44724539336705e-10,-2.25816640332427e-10,3.14342457569707e-10,9.21060183682902e-11,-7.24400975162013e-10,-5.06933742739484e-10,1.14931431612585e-10,1.09704593278737e-09,9.54289851901762e-11,7.50625615016725e-11,-2.47827941229895e-10,4.30658205427852e-10,2.7629298133364e-10,-7.55435530699599e-11,1.69506810575828e-10,-1.09397496632338e-09,-7.30531350806247e-11,2.15882980703263e-10,1.41869638642096e-10,-9.71642504288039e-11,2.54145747312659e-10,-9.81177341107241e-10,-1.01388113467881e-10,7.07611651039262e-10,-9.62321265830099e-10,-3.03628469732463e-10,3.46931505495332e-10,4.02308882240418e-10,-3.95107511688932e-10,-2.30426201158414e-10,-6.14940283585059e-11,5.65064841673075e-10,1.04305095428348e-10,-2.29012706488832e-11,6.1623351268586e-10,-3.56777811589082e-10,-1.76563817734881e-10,-3.95938557367718e-11,1.92614854053276e-10,8.77317419719546e-10,-3.69735653614577e-10,5.49060325311937e-10,-4.66759131464913e-11,-7.43274034267234e-10,2.83940138190187e-10,4.0348026530776e-10,-9.62282654426168e-11,8.28378262697957e-11,-1.3712564937138e-10,-4.23876558447876e-10,-5.96048931298322e-11,7.70296126623609e-11,-2.74771722521336e-10,4.53959705451152e-10,3.29736727492859e-10,5.00159119870506e-10,1.81441480448237e-10,-3.57683981501719e-10,-2.57786573409762e-10,-4.23755087692479e-10,-3.02985304537964e-12,-1.2274191180482e-10,-1.00370564107804e-09,-2.45934655601841e-10,-3.35553530081374e-10,7.09006502094525e-10,-5.05750708516265e-10,-3.05591840633166e-10,-4.25271488815244e-10,-3.31801839716859e-10,3.30429056604692e-10,5.95951489412146e-10,1.79635222264491e-10,3.05167410629998e-10,-3.91322360575743e-10,5.05058174503636e-10,-1.99436252520268e-10,3.71137123556177e-10,-6.41863300166536e-10,2.58261824485277e-10,9.83689166751408e-10,-2.66767969883385e-10,-3.23295085899304e-10,-1.58610111795799e-10,-5.20734096080728e-10,4.30152735319748e-10,1.10203875909306e-10,-5.52381718143536e-11,6.47259083844061e-10,6.91924708304981e-10,5.49288703486322e-10,-2.56355929806569e-10,4.45475901466674e-10,1.08460324520379e-10,2.01448338881732e-10,-1.27086688983486e-10,-5.76680203407186e-11,-6.8868412507119e-11,-2.69487833977481e-10,-2.50315611509471e-10,3.98468735897187e-11,3.74678091782224e-10,-1.591452732826e-10,6.52015654298857e-10,4.08204733874473e-11,-2.32025046488494e-10,-6.96406775827382e-10,5.28668076224064e-12,5.8143435083229e-10,-3.39683895076327e-10,8.74269567978327e-11,-4.79412478904876e-10,-1.82884875836683e-10,-4.19663802283856e-10,-1.52100019109718e-10,-9.16033429878081e-10,2.18051188046353e-10,2.50246130565123e-10,8.17450911853824e-11,5.25641911478973e-11,6.20875842284152e-11,-3.19461760123807e-11,8.13668597517257e-10,-3.14457529432461e-10,-5.86090513195642e-10,-8.1527192905552e-10,4.09231411828968e-10,-2.42452176129363e-10,1.16986168325318e-09,-2.38386689368705e-10,3.34036893739674e-10,5.957525670099e-10,-6.07397843471328e-10,-1.78046789978926e-10,7.07470506297182e-10,2.57231876976373e-10,-5.28993932490142e-10,2.98187479944531e-10,3.17616985541946e-10,-1.61582383430958e-10,3.8373264456109e-10,8.36236838529845e-10,5.31560098277683e-10,-1.52292595723455e-09,-3.17695851432796e-10,-7.98174481275683e-11,2.17116048152372e-10,3.19216607386804e-11,-3.91830775022988e-10,-8.20021824723848e-11,1.03883453613504e-09,9.0428138689812e-10,-1.27271255081325e-09,-8.60514896194262e-10,3.41624974445392e-10,-3.28119636634212e-10,-9.76636123346405e-10,3.53349905202279e-10,9.18106613205286e-10,8.550060544095e-11,9.22943268935741e-10,-2.73102324865252e-10,5.73288275140667e-10,3.67386642865226e-10,2.44890112353207e-10,-1.46661494095331e-10,4.88313868112864e-10,4.11167888261102e-10,-6.45452971379261e-11,-4.35289775820868e-10,-8.19474189239249e-10,-1.12425486298302e-09,8.39639555259935e-11,5.48376434377389e-10,-3.00070508151518e-10,1.08040687243003e-09,-4.96725962780921e-10,2.40486312489769e-10,-1.91467524342464e-10,-4.21461738846474e-10,-7.95274548943157e-11,5.10283502088697e-10,-5.49879459517346e-10,7.10012093554391e-10,-2.36509927466156e-10,-1.99398909014901e-10,4.50257688143562e-10,4.88550507985395e-11,6.19013458441477e-11,-1.776203079306e-10,-9.45389070703547e-11,-9.15625726180701e-11,-3.79697004893907e-10,3.8093526977166e-10,-1.14425672117475e-10,1.51653734923936e-09,1.39597544666074e-11,1.91510755453517e-11,5.98603261134023e-10,1.49813238012491e-10,9.2832211524092e-10,-6.58799205323556e-10,-1.68060914785646e-10,1.32755834413555e-10,-6.70868010839794e-10,-2.78108951057907e-10,-8.61327814671207e-11,-6.96174898212832e-10,-9.39463562698441e-10,6.10096829236764e-10,3.90314932301912e-10,-2.12772460015688e-10,-4.61520277426127e-11,-4.24773492245205e-10,2.7585633381272e-10,1.84690246623998e-10,-9.87392197625533e-10,6.75157874162993e-10,-4.4360570055518e-10,-2.63000061355581e-10,8.76955532934781e-10,2.03531307696826e-10,-3.59441501680238e-10,4.22356372888905e-10,-6.03379643176309e-10,-4.4526187501034e-10,-7.06114888355389e-10,8.23553100802252e-10,4.15220576535887e-10,2.74791118429142e-10,-9.75955557158299e-10,-3.0621815016888e-10,-8.43466459921332e-10,-8.39247262549805e-10,3.96814594182218e-10,-3.43403721590113e-10,-7.52097343539986e-10,3.4108580673853e-10,5.74658647879762e-10,3.21912565771913e-10,-2.02517299917489e-11,1.81305204848576e-10,-6.45799014519154e-10,-3.45799023434885e-10,-2.48121710412302e-10,-1.14225599935721e-10,4.52625240148774e-10,-7.72532337079327e-10,1.31997885384828e-10,-6.05105588276048e-10,3.32695345382802e-10,6.31918357946849e-10,7.04970371285604e-10,4.92863629036464e-10,6.72019872292946e-11,-4.0067888666824e-10,-2.02332866987573e-10,1.43948168336508e-10,5.78541730371343e-10,5.93188927516881e-10,-7.86285515477622e-10,-9.7404912171126e-10,-6.71818515324672e-10,-3.12408279678345e-10,-4.40557703063867e-10,2.98695001237813e-10,6.62854015489834e-10,-5.55721680079261e-10,2.82930548976861e-10,-3.50101443176441e-10,1.10671907214233e-09,9.328583353325e-11,-3.63807841488926e-11,-5.55473442213923e-10,-5.34981705356472e-11,2.76286521427278e-10,-7.7544931709338e-11,-6.44117120776256e-10,-3.99455805668529e-10,2.94853381997746e-10,5.26408511456816e-10,9.78728732788478e-11,3.67423550099404e-10,-4.13309315577775e-10,-1.57817566758318e-10,-8.05763971608491e-10,-9.32388898203981e-10,1.12514376820266e-09,-6.37786783447288e-10,3.07236899345874e-10,-8.21859849145659e-10,3.64907391418295e-10,1.44214531628714e-10,1.66142621968357e-10,3.25122618063908e-10,-6.20055064236463e-11,-3.16807026959003e-10,1.54760668769208e-10,-6.31780667461129e-10,2.07013004441388e-10,-2.47326150760022e-11,7.85345796842669e-11,-3.5638472857427e-10,-3.06452054338308e-10,6.66953047197757e-10,-5.72587995470048e-11,3.65343654508479e-10,5.2046816617724e-11,1.3725796241272e-11,-7.06408669182999e-11,-1.33696067483709e-10,5.06995732639929e-10,3.60507252309919e-11,2.50845659025022e-10,5.31228155757252e-11,1.23083041274329e-10,-2.50024185778931e-10,5.69291553222234e-10,2.3223806677054e-10,9.25576110069446e-10,2.41254896442562e-10,-6.14830578907137e-10,-3.51680180644152e-10,-6.16360410075935e-12,5.1200768168939e-10,-3.43588014516751e-10,-6.49867810224656e-10,1.77139044216269e-10,-8.56072070507308e-11,7.60082657798711e-11,5.75109219922856e-10,-3.71833647661262e-10,3.36210156807272e-10,-6.54883708869961e-10,-6.26602449613281e-10,2.24675825877791e-10,-1.70679311328558e-10,2.17408830253585e-10,9.88840764067153e-10,-1.29111288144767e-10,-6.63361711486354e-10,2.19534345502319e-10,-8.11277951203191e-10,3.45597759409694e-10,-5.39546244478174e-10,5.04072463352967e-10,-3.50609573123922e-10,1.98523693767088e-11,-7.05898379859464e-11,-1.38881637484903e-11,2.87073962693483e-12,1.07207563686014e-10,1.34546140403242e-10,7.55039560066443e-10,-6.4256385167524e-10,2.6537404419152e-11,1.46754890109947e-10,4.77236157158528e-10,5.29450895482088e-10,8.51183560638705e-10,4.32688151536471e-10,6.19212981462486e-10,1.70025490891827e-10,5.69242365646772e-10,4.0588227422808e-10,5.72479208039634e-10,-9.5336337323015e-11,-7.61128174172762e-10,4.35746683871481e-11,1.10270069642251e-09,-1.26784952451744e-09,-3.22435631298973e-10,-8.37946742757225e-10,6.48357505965904e-10,-3.45054943696893e-10,-5.58116038502711e-10,5.60183518409621e-10,5.67902463940051e-10,-1.01427487371887e-10,7.16189562128323e-10,8.56587137950863e-10,-6.9965651576635e-13,-1.20912534837373e-10,1.65186843804405e-10,-1.97035381044277e-10,-3.32501665190934e-11,7.87584715127671e-10,7.28412480008742e-11,-1.02090150977242e-10,-9.66119126824534e-10,-5.50908640214773e-10,-3.78729233407339e-10,1.91647530392964e-10,-1.35699658668365e-10,3.93152287637961e-10,5.41971332441279e-10,-1.56148239756086e-10,1.06631584877256e-10,6.56570694704926e-10,-4.07157992027239e-10,6.03278222810157e-10,9.66682147353965e-10,4.94315081726307e-10,-4.39095292207037e-10,-8.47073943610483e-10,3.07929876058208e-10,-5.10898619368031e-10,-1.86109504467798e-10,7.16950426942057e-10,7.81895780247429e-10,-2.45993522355579e-10,2.35563750208486e-10,6.26732256436178e-10,-9.78620824295948e-10,-1.70175210415192e-11,2.38847592209902e-10,1.72933323979123e-10,-7.68118355544602e-11,7.6614562878446e-12,-7.89188755106134e-10,5.17628659047397e-10,6.13325163005395e-10,-1.46593338105852e-10,4.90075771753812e-11,6.99313967399937e-11,-2.96480389470708e-10,6.65383953330236e-12,-1.11920425310998e-12,3.92613302341245e-10,-1.27236754216469e-10,-1.05136420203907e-09,-6.11117166957824e-10,3.95656634236882e-10,4.33851701100882e-10,-4.63507204610923e-10,9.88431441295104e-10,1.4131047679284e-10,2.90212884288836e-10,3.60759922719508e-10,1.3033572579749e-10,7.93346596417343e-10,-3.03336129502405e-10,3.130977908804e-10,-4.72180703511847e-10,-1.78915288590736e-10,-4.01668886567916e-10,7.51185105458681e-11,-8.5950084815018e-11,2.41598064182699e-10,1.90802303869121e-11,7.30817442492879e-10,9.90881241355522e-12,6.7693287051327e-10,-4.20988880768186e-10,-2.09003536206915e-10,-6.32310228907508e-11,5.91589048852888e-10,-1.45579586983756e-10,-5.4411730601646e-10,-7.16103243954639e-11,4.22396458456365e-11,-9.6280295511147e-11,2.94609553374023e-10,-2.9675752527337e-10,2.4572507673897e-10,-9.82489931038925e-10,-7.9073465727522e-10,-9.39699390264001e-10,8.07113807676696e-11,-8.75374721783215e-10,-6.27511780857654e-10,6.51177770930747e-10,2.90225424175595e-10,-1.23073021826425e-09,4.19089566132264e-10,-3.60327983723312e-10,5.08270195571251e-10,3.11591762831575e-10,-8.34457364274641e-10,4.78750124637153e-10,2.34468613250378e-10,3.00233587358702e-10,3.62716898419849e-10,-3.00396142435331e-10,-3.06892630849134e-10,-3.69655733629758e-10,6.326863404289e-10,4.80727236171924e-10,-4.66806498409587e-11,-5.32751013141721e-10,1.88877525612721e-10,-1.41372348991915e-12,9.43134658477847e-11,7.09662763176279e-10,2.21578381898327e-10,-3.64492543344836e-10,-6.65457359093417e-11,-7.41598071158854e-10,-4.85345561386628e-12,7.21506326500828e-10,3.53029217635244e-11,-6.59463865599795e-11,2.93810898474937e-10,8.70707783214161e-10,2.17759189788185e-10,2.54548839732482e-10,2.47268338194796e-10,6.21721527710702e-10,-1.12373232198354e-10,6.19804712407136e-10,-2.98039679690423e-11,-8.63541373118787e-11,8.5044577833722e-10,-4.67715678734776e-10,2.99936053795976e-10,1.5341899404323e-10,-1.90154664499495e-10,1.71085298087295e-10,5.10137903835967e-10,1.26280909711383e-09,2.51184105732217e-10,-2.92459867000988e-10,-2.70243445583232e-10,6.09494911340745e-10,-3.0129152915153e-10,-4.87195259586592e-10,-8.5301900745194e-10,1.20755934815476e-10,-4.6789937949356e-10,3.88034400271554e-10,1.06281138393077e-10,-1.34229381317268e-10,-4.09470221626093e-11,1.13208688890633e-10,-1.06037884039684e-09,8.28102799101254e-11,1.13551015325562e-10,-3.65058756350613e-10,3.97853605979287e-10,-5.51172011770973e-10,3.4482006361342e-10,-1.89909529313396e-10,1.94886959086024e-10,-2.89555614266656e-10,1.30308493654186e-10,-4.32080551957764e-10,-6.31967122659165e-10,2.55548981105436e-10,2.24858479209674e-10,1.67384402381698e-10,-3.14859349510015e-10,1.74923892077969e-10,-5.29000413832754e-11,-1.51013387564184e-10,7.93091326773932e-10,5.33748060449723e-10,4.98299884832093e-10,-2.51672396721315e-10,7.97171500198973e-10,5.94408292909019e-10,-1.92388792591395e-10,8.85357000686573e-10,8.01130690389531e-10,-1.77899071281612e-10,3.60892230320553e-10,3.95215186748613e-10,-3.84904397883951e-11,-4.72643741406755e-11,5.46194002094078e-10,5.06542128163995e-10,-1.16525538715071e-09,-7.71645199547213e-10,-1.15355879671609e-09,-7.18422406590648e-10,-2.24798338568813e-11,7.7274576824897e-10,-1.07573656152986e-09,5.37990553119146e-11,-7.31931343532043e-12,-3.10905720592435e-10,-1.07089470377666e-09,3.2762900166352e-10,7.92504109269253e-10,1.4771267707916e-09,-2.98337433923592e-12,4.24119545820248e-10,-5.05999752956164e-10,1.94448616066177e-10,-5.98693918716158e-10,-2.38183339304525e-10,-9.78348459998717e-10,-5.98985041551253e-10,1.33487635681545e-11,-1.12140881399957e-09,-2.53093862805934e-10,3.07735765594625e-10,-1.2904563031971e-10,4.65588305553515e-10,-3.57943184735421e-10,-1.81500604276948e-10,-4.27363834993251e-10,-3.01403471307802e-10,-8.75898018524572e-10,-1.89469097297136e-10,4.17258008415143e-11,-1.24342467161281e-09,8.69786333094107e-10,1.95854241207297e-10,-7.31823873848213e-10,3.18621485218626e-10,-1.10755562758157e-09,6.78073711707247e-10,1.06322148789645e-09,4.78575158289496e-10,-4.31973798388889e-10,-3.15679995593478e-10,4.96844371096666e-10,8.63138668000853e-12,-4.9195225571026e-10,1.42827263371826e-10,5.6445191191816e-11,-2.27796355120153e-10,-6.40051068765247e-10,1.00062490022845e-09,-1.17164944921094e-10,1.67591130307604e-10,-6.47712777913368e-10,1.03268554800731e-10,-3.67452791301356e-10,2.9041879174085e-10,-8.93722745630846e-11,-1.16334075909242e-10,-5.48486739589235e-10,7.43412327613958e-10,1.82145754677689e-11,4.48160626195256e-11,4.46155769062612e-10,9.33931880337833e-10,1.13756763390383e-09,2.1708916060825e-10,-3.82864779693266e-11,3.35325075522644e-10,-2.16994439816994e-10,-9.76402177451495e-11,-3.68855684238691e-10,-4.92688939019075e-11,-2.18025655347298e-10,3.49947474388871e-11,-1.0686216663218e-10,5.15855729068549e-10,-9.44221488524072e-10,5.16214546478836e-10,3.68464198131992e-10,-5.59718889557489e-10,-2.92525439135411e-10,-1.03285034774617e-09,-3.62694824134016e-10,1.69075085739389e-10,7.7881310658881e-11,1.49662898920583e-09,-5.93900071196833e-10,6.13811057141997e-10,1.01041853342088e-09,-3.39284105956485e-11,-4.56794592680707e-10,-4.36067128643255e-10,7.13529665434021e-10,1.63507656035117e-10,2.41602971092938e-10,-4.14890202334058e-10,-6.17451580839248e-11,4.772060931187e-10,1.31516618809193e-10,-4.58884527129119e-10,3.67513782349775e-10,1.54617336386078e-11,-8.41413497458155e-10,3.76185493475103e-10,8.87841515921836e-10,6.4708709463533e-10,-1.70225371108869e-11,-2.79611423639561e-10,4.32610435397148e-10,8.70402266975642e-10,3.15212558564093e-10,7.4536216743434e-10,1.44755856565108e-10,-3.33740289507105e-10,-2.68408090434693e-10,9.26996108849138e-10,-2.88221603804929e-10,8.39188520054996e-10,-6.14833787812713e-11,-8.3521078556827e-10,7.56971285113229e-10,-7.10490291080178e-10,-3.34408098893577e-11,-7.299239871096e-11,-3.11220309658739e-11,2.67675955487292e-10,5.46898883123893e-10,-4.35611580569284e-10,2.73242130022409e-11,1.22724030398817e-10,-4.80970699085022e-10,-7.77558453587234e-10,6.36110004151668e-11,1.59717894647577e-10,5.91131850140899e-10,-1.2696578366698e-10,9.30456479654996e-12,-1.4873981494184e-10,-1.05583044755203e-10,-5.57340515600472e-11,5.85314520546696e-10,-1.91810985389158e-10,-1.44750548031062e-10,-5.99389209080719e-10,3.0907807530191e-10,-3.58889803420627e-10,4.67702863483409e-10,5.78069247733178e-11,4.46029332771032e-11,3.44482076038616e-11,9.38638038146249e-12,-1.01650203469161e-09,-3.40534012781334e-10,-1.06260261136395e-09,-3.14434637858402e-10,4.81367926960055e-10,-2.24470969601015e-11,-1.3584979478636e-10,-8.70548759467613e-10,-1.19787821143084e-10,-4.00059953080661e-10,7.30101107171786e-11,3.06247302670318e-11,7.56661914921209e-10,6.13778063853552e-11,-4.17647982439625e-10,4.57164093804e-10,3.61450878812651e-11,6.5044512938173e-10,2.92446565142482e-10,3.46586179798943e-10,1.1225866602879e-10,-1.24241092682181e-10,2.38960754506736e-10,3.10430525907463e-10,-1.0099939475555e-10,5.43837513278338e-10,3.24544224433344e-10,-4.74806750054616e-10,-5.72517581061149e-10,4.08601363184788e-10,-2.35987879590772e-10,4.39943455835999e-10,1.02748590215318e-09,4.21749752666713e-10,1.33153041439086e-10,-4.09687858475796e-10,1.56732266937682e-10,6.29129259074853e-10,6.85696510385089e-10,-8.76695155702896e-10,-5.31442041268798e-10,-3.55464742391145e-10,4.44813099369956e-10,-6.196317905995e-10,5.01769546810725e-12,-1.52566300425678e-11,-1.61805622652989e-10,8.08906643559492e-10,4.51103245423512e-10,3.5883732484976e-10,8.2772495816045e-11,2.27135050232238e-10,4.72868799514721e-10,-2.08145815749883e-10,4.36968509602529e-10,8.07068146944645e-10,-5.65268118860141e-11,-8.28851229960999e-10,-2.46180062798255e-11,-8.66925185992006e-10,3.82201683724487e-10,2.98566250298034e-12,-4.87112373353201e-10,-1.5667639933359e-10,-1.63028427747005e-11,-7.38676909136012e-11,-5.89656385420871e-10,-1.50115011393832e-10,-6.90723845882116e-10,-1.04124489680406e-09,-1.278456974878e-09,-1.5950028158862e-09,-1.25890469479667e-09,-1.20643137819386e-09,-2.72665986229931e-09,-2.3830180457426e-09,-1.90167164912169e-09,-2.02690768531054e-09,-2.87259440608629e-09,-2.26405605629293e-09,-1.85511884483648e-09,-3.06489340153053e-09,-2.76938525247585e-09,-2.85318392086028e-09,-3.24730186581512e-09,-4.23643801424581e-09,-3.49553412601683e-09,-3.60802969263116e-09,-4.05093993946147e-09,-4.50516595828373e-09,-3.80186575817841e-09,-4.22302030991291e-09,-5.24941028651515e-09,-4.8013423846724e-09,-4.41038909289239e-09,-4.74482168871216e-09,-5.47869617963251e-09,-5.43351397764599e-09,-5.71479584493704e-09,-6.25943525214906e-09,-5.77321668642265e-09,-6.81412298566309e-09,-5.82670721450291e-09,-6.66084502262219e-09,-6.97569819824006e-09,-6.69077017052486e-09,-6.97152627127796e-09,-7.05688517543699e-09,-8.33885314856433e-09,-7.74156747282177e-09,-6.98876776905651e-09,-8.45522616842412e-09,-9.30456066936326e-09,-8.28185338590179e-09,-8.67636761857059e-09,-9.3293140640256e-09,-8.6581844216425e-09,-9.72139800625036e-09,-1.00150041101861e-08,-9.91833848681182e-09,-1.03073363750362e-08,-9.35821457760951e-09,-1.05666009425797e-08,-1.05799349269004e-08,-9.96520642456246e-09,-1.16920351753448e-08,-1.01891351823303e-08,-1.14360414920346e-08,-1.14342508298832e-08,-1.19624390693083e-08,-1.13706002464673e-08,-1.30141729860815e-08,-1.21724801507069e-08,-1.30242366428413e-08,-1.23018733348817e-08,-1.25556085279378e-08,-1.35691301677836e-08,-1.3393469465047e-08,-1.44932832949812e-08,-1.37233584099667e-08,-1.41126056562739e-08,-1.58822205121679e-08,-1.48632568855461e-08,-1.48017579703034e-08,-1.54989562590259e-08,-1.57612452463491e-08,-1.54035544351393e-08,-1.59164428705901e-08,-1.67908991420114e-08,-1.61670847323417e-08,-1.70424337050074e-08,-1.74503068772181e-08,-1.83998692284151e-08,-1.70128448963133e-08,-1.78835126439118e-08,-1.84288226110304e-08,-1.80931854227838e-08,-1.82136412905817e-08,-1.88447118218769e-08,-1.87462707969313e-08,-1.87848558281593e-08,-1.95357086450612e-08,-1.94721342239519e-08,-1.99573362143606e-08,-2.02476315206623e-08,-2.03628058942896e-08,-2.17877907699946e-08,-2.16019163660499e-08,-2.22661065077157e-08,-2.22853997552514e-08,-2.22495618739073e-08,-2.24220362709205e-08,-2.25366076669579e-08,-2.37701522203506e-08,-2.37282169850473e-08,-2.30572610976863e-08,-2.43527739116441e-08,-2.4320808205009e-08,-2.46295754208391e-08,-2.59986185723698e-08,-2.48908630178438e-08,-2.5938155182856e-08,-2.50086378319672e-08,-2.62395547217452e-08,-2.69008639883731e-08,-2.59499072144473e-08,-2.72490057850079e-08,-2.75408232133818e-08,-2.66247615043628e-08,-2.77588217367841e-08,-2.81561075789806e-08,-2.85569087493845e-08,-2.91315787390981e-08,-2.90041925061261e-08,-2.98414509459264e-08,-2.98592817105004e-08,-2.99608382624226e-08,-2.97985920369031e-08,-3.01846170542209e-08,-3.07639639041198e-08,-3.2598697368251e-08,-3.24970087545606e-08,-3.29530260685776e-08,-3.22720949936592e-08,-3.37199926578369e-08,-3.43224037444209e-08,-3.41967929473328e-08,-3.40400924236837e-08,-3.41905064209874e-08,-3.44323352489317e-08,-3.42530675877875e-08,-3.50670268185249e-08,-3.58412183432472e-08,-3.71114808105139e-08,-3.62154383713263e-08,-3.71395795741455e-08,-3.76958091490431e-08,-3.72839012911807e-08,-3.81088540640522e-08,-3.86153080714706e-08,-3.80231682847587e-08,-3.96265719246785e-08,-3.89995430425435e-08,-4.01129414953539e-08,-4.07918129819118e-08,-4.02056077914823e-08,-4.20038226089795e-08,-4.09228077840097e-08,-4.21625227802526e-08,-4.16986197091485e-08,-4.25245593560443e-08,-4.38930567440344e-08,-4.43612332888041e-08,-4.40193538941186e-08,-4.54016188657967e-08,-4.43659444742011e-08,-4.59067624764478e-08,-4.6026615934745e-08,-4.58576286294594e-08,-4.65421682690431e-08,-4.6059391683966e-08,-4.7050502439273e-08,-4.7615507126393e-08,-4.84628214513086e-08,-4.93874247365585e-08,-4.95334018690581e-08,-4.99854134097672e-08,-4.95391737601392e-08,-5.04465171215888e-08,-5.07912564955757e-08,-5.04880402271127e-08,-5.14766580676512e-08,-5.16870977623699e-08,-5.29129471219375e-08,-5.22175964188632e-08,-5.30253584035914e-08,-5.37611541017265e-08,-5.42726386685395e-08,-5.45856982269296e-08,-5.50998864756506e-08,-5.46711515681735e-08,-5.57384332160443e-08,-5.62837070704963e-08,-5.67223061820917e-08,-5.65933940056856e-08,-5.6819949965974e-08,-5.76619162081555e-08,-5.83489293593382e-08,-5.79161928630185e-08,-5.86417978644599e-08,-5.87938564920364e-08,-5.97483838643151e-08,-5.9286230654434e-08,-6.02460254695357e-08,-6.01670984133104e-08,-6.09797149925517e-08,-6.10732337449327e-08,-6.11224473122259e-08,-6.21706689903419e-08,-6.07091900384803e-08,-6.16801256855532e-08,-6.21845077212363e-08,-6.24513652268281e-08,-6.33815821629889e-08,-6.20894479947681e-08,-6.3453030065666e-08,-6.39833388090153e-08,-6.32626865431166e-08,-6.40219915105266e-08,-6.40814317738436e-08,-6.30308188669946e-08,-6.33721091994786e-08,-6.42182410324593e-08,-6.32423800589249e-08,-6.33723689282425e-08,-6.28543879263493e-08,-6.29662239093607e-08,-6.23617915749929e-08,-6.28835440692646e-08,-6.18232514566523e-08,-6.18606700922415e-08,-6.16748440001701e-08,-6.15866604523839e-08,-6.07330028228615e-08,-6.09270137931383e-08,-5.904923429502e-08,-5.82743035973386e-08,-5.75067591127077e-08,-5.66221745501735e-08,-5.55117502288649e-08,-5.52190457566185e-08,-5.39802221380677e-08,-5.10262818938546e-08,-5.02760976611186e-08,-5.01280736917378e-08,-4.75681426044378e-08,-4.55635602587651e-08,-4.34458324067371e-08,-4.09074740471508e-08,-3.9027549959043e-08,-3.59969417438042e-08,-3.28285270661848e-08,-2.84857908607362e-08,-2.50607266590889e-08,-2.05041271748121e-08,-1.70214237163211e-08,-1.30428381911003e-08,-8.26091324321322e-09,-3.29315247940351e-09,4.39056848596617e-09,1.05457077389028e-08,1.71937538584216e-08,2.57073183115301e-08,3.34195471549952e-08,4.29801847211623e-08,5.32424758524662e-08,6.51967347962616e-08,7.71019736780627e-08,9.22591643023386e-08,1.06796130465927e-07,1.24860900233183e-07,1.43150830793385e-07,1.63987603273264e-07,1.86841904717269e-07,2.1350843524478e-07,2.42288023650619e-07,2.74263658999033e-07,3.11572632274147e-07,3.50332878015556e-07,3.94346265995843e-07,4.42209203152602e-07
