v,0.25
Patm,100000
g,9.81
r,500
G,10^9.4
rho,2800
mu,10^3.74
rc,20
 
M,10^5.67
sigma,0.5
 
tilt_erupt,68.8488nrad
 
-1464,-1463,-1462,-1461,-1460,-1459,-1458,-1457,-1456,-1455,-1454,-1453,-1452,-1451,-1450,-1449,-1448,-1447,-1446,-1445,-1444,-1443,-1442,-1441,-1440,-1439,-1438,-1437,-1436,-1435,-1434,-1433,-1432,-1431,-1430,-1429,-1428,-1427,-1426,-1425,-1424,-1423,-1422,-1421,-1420,-1419,-1418,-1417,-1416,-1415,-1414,-1413,-1412,-1411,-1410,-1409,-1408,-1407,-1406,-1405,-1404,-1403,-1402,-1401,-1400,-1399,-1398,-1397,-1396,-1395,-1394,-1393,-1392,-1391,-1390,-1389,-1388,-1387,-1386,-1385,-1384,-1383,-1382,-1381,-1380,-1379,-1378,-1377,-1376,-1375,-1374,-1373,-1372,-1371,-1370,-1369,-1368,-1367,-1366,-1365,-1364,-1363,-1362,-1361,-1360,-1359,-1358,-1357,-1356,-1355,-1354,-1353,-1352,-1351,-1350,-1349,-1348,-1347,-1346,-1345,-1344,-1343,-1342,-1341,-1340,-1339,-1338,-1337,-1336,-1335,-1334,-1333,-1332,-1331,-1330,-1329,-1328,-1327,-1326,-1325,-1324,-1323,-1322,-1321,-1320,-1319,-1318,-1317,-1316,-1315,-1314,-1313,-1312,-1311,-1310,-1309,-1308,-1307,-1306,-1305,-1304,-1303,-1302,-1301,-1300,-1299,-1298,-1297,-1296,-1295,-1294,-1293,-1292,-1291,-1290,-1289,-1288,-1287,-1286,-1285,-1284,-1283,-1282,-1281,-1280,-1279,-1278,-1277,-1276,-1275,-1274,-1273,-1272,-1271,-1270,-1269,-1268,-1267,-1266,-1265,-1264,-1263,-1262,-1261,-1260,-1259,-1258,-1257,-1256,-1255,-1254,-1253,-1252,-1251,-1250,-1249,-1248,-1247,-1246,-1245,-1244,-1243,-1242,-1241,-1240,-1239,-1238,-1237,-1236,-1235,-1234,-1233,-1232,-1231,-1230,-1229,-1228,-1227,-1226,-1225,-1224,-1223,-1222,-1221,-1220,-1219,-1218,-1217,-1216,-1215,-1214,-1213,-1212,-1211,-1210,-1209,-1208,-1207,-1206,-1205,-1204,-1203,-1202,-1201,-1200,-1199,-1198,-1197,-1196,-1195,-1194,-1193,-1192,-1191,-1190,-1189,-1188,-1187,-1186,-1185,-1184,-1183,-1182,-1181,-1180,-1179,-1178,-1177,-1176,-1175,-1174,-1173,-1172,-1171,-1170,-1169,-1168,-1167,-1166,-1165,-1164,-1163,-1162,-1161,-1160,-1159,-1158,-1157,-1156,-1155,-1154,-1153,-1152,-1151,-1150,-1149,-1148,-1147,-1146,-1145,-1144,-1143,-1142,-1141,-1140,-1139,-1138,-1137,-1136,-1135,-1134,-1133,-1132,-1131,-1130,-1129,-1128,-1127,-1126,-1125,-1124,-1123,-1122,-1121,-1120,-1119,-1118,-1117,-1116,-1115,-1114,-1113,-1112,-1111,-1110,-1109,-1108,-1107,-1106,-1105,-1104,-1103,-1102,-1101,-1100,-1099,-1098,-1097,-1096,-1095,-1094,-1093,-1092,-1091,-1090,-1089,-1088,-1087,-1086,-1085,-1084,-1083,-1082,-1081,-1080,-1079,-1078,-1077,-1076,-1075,-1074,-1073,-1072,-1071,-1070,-1069,-1068,-1067,-1066,-1065,-1064,-1063,-1062,-1061,-1060,-1059,-1058,-1057,-1056,-1055,-1054,-1053,-1052,-1051,-1050,-1049,-1048,-1047,-1046,-1045,-1044,-1043,-1042,-1041,-1040,-1039,-1038,-1037,-1036,-1035,-1034,-1033,-1032,-1031,-1030,-1029,-1028,-1027,-1026,-1025,-1024,-1023,-1022,-1021,-1020,-1019,-1018,-1017,-1016,-1015,-1014,-1013,-1012,-1011,-1010,-1009,-1008,-1007,-1006,-1005,-1004,-1003,-1002,-1001,-1000,-999,-998,-997,-996,-995,-994,-993,-992,-991,-990,-989,-988,-987,-986,-985,-984,-983,-982,-981,-980,-979,-978,-977,-976,-975,-974,-973,-972,-971,-970,-969,-968,-967,-966,-965,-964,-963,-962,-961,-960,-959,-958,-957,-956,-955,-954,-953,-952,-951,-950,-949,-948,-947,-946,-945,-944,-943,-942,-941,-940,-939,-938,-937,-936,-935,-934,-933,-932,-931,-930,-929,-928,-927,-926,-925,-924,-923,-922,-921,-920,-919,-918,-917,-916,-915,-914,-913,-912,-911,-910,-909,-908,-907,-906,-905,-904,-903,-902,-901,-900,-899,-898,-897,-896,-895,-894,-893,-892,-891,-890,-889,-888,-887,-886,-885,-884,-883,-882,-881,-880,-879,-878,-877,-876,-875,-874,-873,-872,-871,-870,-869,-868,-867,-866,-865,-864,-863,-862,-861,-860,-859,-858,-857,-856,-855,-854,-853,-852,-851,-850,-849,-848,-847,-846,-845,-844,-843,-842,-841,-840,-839,-838,-837,-836,-835,-834,-833,-832,-831,-830,-829,-828,-827,-826,-825,-824,-823,-822,-821,-820,-819,-818,-817,-816,-815,-814,-813,-812,-811,-810,-809,-808,-807,-806,-805,-804,-803,-802,-801,-800,-799,-798,-797,-796,-795,-794,-793,-792,-791,-790,-789,-788,-787,-786,-785,-784,-783,-782,-781,-780,-779,-778,-777,-776,-775,-774,-773,-772,-771,-770,-769,-768,-767,-766,-765,-764,-763,-762,-761,-760,-759,-758,-757,-756,-755,-754,-753,-752,-751,-750,-749,-748,-747,-746,-745,-744,-743,-742,-741,-740,-739,-738,-737,-736,-735,-734,-733,-732,-731,-730,-729,-728,-727,-726,-725,-724,-723,-722,-721,-720,-719,-718,-717,-716,-715,-714,-713,-712,-711,-710,-709,-708,-707,-706,-705,-704,-703,-702,-701,-700,-699,-698,-697,-696,-695,-694,-693,-692,-691,-690,-689,-688,-687,-686,-685,-684,-683,-682,-681,-680,-679,-678,-677,-676,-675,-674,-673,-672,-671,-670,-669,-668,-667,-666,-665,-664,-663,-662,-661,-660,-659,-658,-657,-656,-655,-654,-653,-652,-651,-650,-649,-648,-647,-646,-645,-644,-643,-642,-641,-640,-639,-638,-637,-636,-635,-634,-633,-632,-631,-630,-629,-628,-627,-626,-625,-624,-623,-622,-621,-620,-619,-618,-617,-616,-615,-614,-613,-612,-611,-610,-609,-608,-607,-606,-605,-604,-603,-602,-601,-600,-599,-598,-597,-596,-595,-594,-593,-592,-591,-590,-589,-588,-587,-586,-585,-584,-583,-582,-581,-580,-579,-578,-577,-576,-575,-574,-573,-572,-571,-570,-569,-568,-567,-566,-565,-564,-563,-562,-561,-560,-559,-558,-557,-556,-555,-554,-553,-552,-551,-550,-549,-548,-547,-546,-545,-544,-543,-542,-541,-540,-539,-538,-537,-536,-535,-534,-533,-532,-531,-530,-529,-528,-527,-526,-525,-524,-523,-522,-521,-520,-519,-518,-517,-516,-515,-514,-513,-512,-511,-510,-509,-508,-507,-506,-505,-504,-503,-502,-501,-500,-499,-498,-497,-496,-495,-494,-493,-492,-491,-490,-489,-488,-487,-486,-485,-484,-483,-482,-481,-480,-479,-478,-477,-476,-475,-474,-473,-472,-471,-470,-469,-468,-467,-466,-465,-464,-463,-462,-461,-460,-459,-458,-457,-456,-455,-454,-453,-452,-451,-450,-449,-448,-447,-446,-445,-444,-443,-442,-441,-440,-439,-438,-437,-436,-435,-434,-433,-432,-431,-430,-429,-428,-427,-426,-425,-424,-423,-422,-421,-420,-419,-418,-417,-416,-415,-414,-413,-412,-411,-410,-409,-408,-407,-406,-405,-404,-403,-402,-401,-400,-399,-398,-397,-396,-395,-394,-393,-392,-391,-390,-389,-388,-387,-386,-385,-384,-383,-382,-381,-380,-379,-378,-377,-376,-375,-374,-373,-372,-371,-370,-369,-368,-367,-366,-365,-364,-363,-362,-361,-360,-359,-358,-357,-356,-355,-354,-353,-352,-351,-350,-349,-348,-347,-346,-345,-344,-343,-342,-341,-340,-339,-338,-337,-336,-335,-334,-333,-332,-331,-330,-329,-328,-327,-326,-325,-324,-323,-322,-321,-320,-319,-318,-317,-316,-315,-314,-313,-312,-311,-310,-309,-308,-307,-306,-305,-304,-303,-302,-301,-300,-299,-298,-297,-296,-295,-294,-293,-292,-291,-290,-289,-288,-287,-286,-285,-284,-283,-282,-281,-280,-279,-278,-277,-276,-275,-274,-273,-272,-271,-270,-269,-268,-267,-266,-265,-264,-263,-262,-261,-260,-259,-258,-257,-256,-255,-254,-253,-252,-251,-250,-249,-248,-247,-246,-245,-244,-243,-242,-241,-240,-239,-238,-237,-236,-235,-234,-233,-232,-231,-230,-229,-228,-227,-226,-225,-224,-223,-222,-221,-220,-219,-218,-217,-216,-215,-214,-213,-212,-211,-210,-209,-208,-207,-206,-205,-204,-203,-202,-201,-200,-199,-198,-197,-196,-195,-194,-193,-192,-191,-190,-189,-188,-187,-186,-185,-184,-183,-182,-181,-180,-179,-178,-177,-176,-175,-174,-173,-172,-171,-170,-169,-168,-167,-166,-165,-164,-163,-162,-161,-160,-159,-158,-157,-156,-155,-154,-153,-152,-151,-150,-149,-148,-147,-146,-145,-144,-143,-142,-141,-140,-139,-138,-137,-136,-135,-134,-133,-132,-131,-130,-129,-128,-127,-126,-125,-124,-123,-122,-121,-120,-119,-118,-117,-116,-115,-114,-113,-112,-111,-110,-109,-108,-107,-106,-105,-104,-103,-102,-101,-100,-99,-98,-97,-96,-95,-94,-93,-92,-91,-90,-89,-88,-87,-86,-85,-84,-83,-82,-81,-80,-79,-78,-77,-76,-75,-74,-73,-72,-71,-70,-69,-68,-67,-66,-65,-64,-63,-62,-61,-60,-59,-58,-57,-56,-55,-54,-53,-52,-51,-50,-49,-48,-47,-46,-45,-44,-44,-43,-42,-41,-40,-39,-38,-37,-36,-35,-34,-33,-32,-31,-30,-29,-28,-27,-26,-25,-24,-23,-22,-21,-20,-19,-18,-17,-16,-15,-14,-13,-12,-11,-10,-9,-8,-7,-6,-5,-4,-3,-2,-1,0
5.36908473382551e-10,-3.1564817540277e-10,3.20001095007639e-10,-1.5200538203435e-10,-1.2449725415486e-11,-6.22544616455674e-10,9.7886066322019e-10,-2.32328855275714e-10,5.29776420914914e-10,1.52789993521809e-10,3.06875281244592e-10,2.78845942253412e-11,-2.59271273044515e-10,-3.80661296360926e-10,2.09657354208889e-10,4.93082689888203e-11,6.67846006452286e-10,1.20333756575119e-10,1.97629677468058e-10,3.35156744154317e-10,-1.4274908149065e-10,-5.7166813033144e-10,-1.04151841981397e-10,1.4896997795497e-09,-3.57170325851672e-10,2.80319568449537e-10,-1.60492240326617e-10,3.71601964987673e-10,5.82014291266075e-10,-2.89989069783899e-10,2.45158721164422e-10,-8.86492815124347e-10,7.76795746558017e-10,2.32112698784143e-10,5.60480005453798e-10,1.03551908247473e-10,2.20287298183675e-10,-7.49491212344429e-11,6.19926808128834e-10,-2.1257086548847e-11,-4.44484993494426e-10,-4.50566861087606e-10,-3.68421809220584e-10,-2.52783379600138e-10,-5.67685218548239e-10,5.5950714944632e-10,7.7655596339062e-10,-5.32649493736179e-10,1.20967483756352e-10,3.63249298760076e-10,-2.21895643867631e-10,1.82284365956416e-11,6.40161345367092e-11,-1.93391953386263e-10,-3.38331348790535e-11,-4.10176762803874e-10,-2.49149988499899e-10,6.3844083705436e-10,7.23534138018682e-10,-7.35747051983215e-10,1.23347368293877e-10,9.75408231522852e-10,1.80417287879946e-10,-5.28869818667906e-10,7.13676649544625e-10,2.94001522743835e-10,1.8442520482125e-10,5.82445215552027e-11,5.26517362791788e-10,2.34289769476301e-10,1.40410414188006e-10,6.33695284101447e-10,-4.75842291662198e-10,-9.53641553567068e-10,-1.40945319000022e-09,3.1600376443666e-10,-3.05130102251178e-10,-5.31069941547008e-10,7.2614071274118e-11,-1.01166840769643e-09,5.49795198731096e-10,8.99753497347097e-10,-6.80488330840183e-11,4.86563499201589e-10,-9.08790528898249e-10,1.59659565604426e-10,-1.82251025498267e-10,-9.47453594275814e-10,9.54622327311515e-11,2.57142267576595e-10,-4.24287969624887e-10,-5.42052721138344e-10,2.91434278377927e-11,6.14633309136006e-10,-3.68997488763388e-10,9.99625185823359e-11,-5.46833743961049e-11,6.30052958912989e-10,-6.33124589623451e-10,5.03285041088166e-10,-5.53577373993499e-11,-5.98692094546467e-10,1.42789035357244e-10,8.90501000081229e-11,1.907616147959e-10,1.39899986908221e-10,4.18542522177823e-10,-4.153355978334e-10,-8.74574754592819e-10,9.73037131733751e-11,-3.43096394290138e-10,2.62758783804652e-10,4.91379906070966e-10,-4.52142926234849e-10,9.51342419954252e-10,3.57092321872945e-10,-3.12687522740912e-10,-6.89765707552231e-10,6.26708236050878e-10,7.34953832262076e-10,1.16435542169611e-10,3.18623267155752e-11,1.60550428310601e-10,1.06451132759541e-11,2.53699430997704e-11,-3.98707487055639e-10,-3.13092901796918e-10,2.24522414368667e-10,5.92401179997535e-10,-1.83598489427257e-10,-3.48641973927716e-10,-6.2370021327304e-10,8.58084963572626e-10,-5.20049123540333e-11,8.27838079056144e-10,-5.34542219203169e-11,8.2803416085503e-10,-5.96354812343956e-10,-4.04074681951854e-10,5.27368899635731e-10,-1.18121002666376e-10,2.00402072669229e-10,1.17446410940192e-09,6.49956258300656e-10,-4.64340204777518e-10,-8.78298387879907e-10,1.33134857922063e-10,5.69758818356089e-10,-7.72934267867536e-10,2.55979203133758e-10,-5.08726926452992e-10,-4.96798275378117e-10,1.75792568726496e-11,1.29617239363413e-10,-8.01727442503284e-11,6.94367725445846e-10,6.59455364879843e-10,-1.04846616497225e-10,3.04740124009544e-10,-1.39203407809875e-10,4.80357034130662e-10,-1.14991769829372e-09,4.56536126744014e-10,-9.91878775628664e-11,-6.70300130241821e-10,-5.54283633667071e-10,4.45474277545879e-10,3.86398008189217e-10,-5.65788901403446e-10,-4.00174514986018e-10,-4.94369066981911e-10,-2.52228990466943e-10,2.14258832020005e-10,5.62604809179354e-10,-2.45702760973754e-11,-2.24215420880441e-10,-8.8367334543656e-10,8.85925231311708e-11,1.50450405317671e-10,-2.60025542111256e-10,-1.52926351653426e-10,4.8962948008031e-10,6.92547418889697e-10,-1.04536141996942e-09,1.14303762840543e-10,1.93161022950463e-10,7.88141769370856e-10,-8.3682779825293e-10,-1.18747970046421e-09,-2.15200207251529e-10,3.69933161633346e-11,-3.48072412535837e-10,-1.55609747449223e-11,-6.84643383872003e-10,6.78037023413234e-10,8.90893903829331e-10,1.08010772314343e-10,5.6732589990812e-10,-2.18976980598517e-10,2.42985784368361e-10,2.6385344074978e-10,7.83216492114829e-11,7.20537436890372e-10,5.71360643557506e-10,3.12211330032953e-10,2.84827598955324e-10,1.01374326095074e-09,-3.99385308889977e-10,-2.41586055215578e-10,-5.52472421641454e-10,1.44608167672372e-09,1.4489173586504e-10,-8.70314446466349e-10,8.00560147076958e-10,3.58633354735562e-10,-7.77086026434206e-10,-7.393663941987e-10,4.51155880725122e-10,-6.20228599603352e-10,-9.3233418035068e-11,7.73573186173734e-10,2.61577436993065e-10,4.80580805815049e-11,9.39061890139465e-11,-8.28031828953194e-11,1.29238037050912e-10,-9.92040311545779e-11,4.37112529486305e-10,6.59432668691632e-10,3.50052077438679e-10,-9.9466431417423e-10,-4.92808609605918e-10,1.58814792347664e-10,-6.08763474254131e-10,-3.92940707543279e-10,2.58229046893484e-10,-7.15099321145928e-10,-2.56975685320207e-10,-7.17518930492935e-10,-8.15178214120197e-10,-2.0757321302425e-10,-3.49462706773598e-10,7.17595604478999e-10,-6.11385914048968e-10,-1.62929636813223e-10,-1.77310758592956e-10,-4.11562204930515e-10,3.75689352932206e-10,1.18847441071947e-09,7.19716312179999e-10,-2.19236597465588e-10,-9.57661732707968e-11,-6.85745056721023e-10,6.37978237350578e-10,1.97612566157674e-10,-7.12874005916742e-12,5.30931911405213e-10,2.23665554152683e-10,4.5767642643535e-10,6.09484152566693e-10,-2.49840040946056e-10,-4.1952284284039e-10,-2.28220018387799e-10,-4.78729490939462e-10,1.50430959122543e-10,1.79586703504942e-10,-9.69871769367001e-10,3.78475905271757e-10,4.42215093248433e-11,3.06124808678119e-10,-5.58213395768314e-10,3.09648438874137e-10,-1.50286385640143e-10,-2.73194515980383e-10,-2.76451687469111e-10,5.85471442913487e-10,-4.34952715808851e-10,-6.75358696835388e-10,-2.16767559516235e-10,4.93804251086209e-11,-6.30288562552082e-10,-3.08771688143796e-10,4.89457128276669e-10,-1.76137019388671e-10,2.11685618026086e-10,1.50235399004072e-10,-6.7403802878907e-10,8.68314669604603e-11,1.18171390994322e-10,1.44717619698613e-09,-6.41129000608375e-10,-2.34909225743002e-10,6.20143454311442e-10,-2.16434913328533e-10,-6.68650681506138e-11,-2.5533108016291e-11,-7.58696146561041e-10,-2.03416402355138e-10,3.60905803753606e-10,-2.17609646336201e-10,-5.0526451358669e-11,-2.17339454134081e-11,2.22810777165265e-10,-4.45933833824499e-10,-3.64409844549836e-10,1.64822363820353e-10,5.37239041992824e-10,-2.08337486831373e-10,3.41088646835449e-10,-2.49860342161937e-10,9.77709247688542e-11,3.18217055950412e-10,-5.5658258065412e-11,8.51992727267729e-10,-5.24200707241059e-10,-4.38851639792324e-10,-6.97468294029856e-11,6.41901753921864e-10,-5.51837410766569e-10,1.28150008423754e-10,5.68632368657365e-10,-1.67007493126325e-10,1.06078622515246e-09,1.15993654424714e-10,7.47362180075013e-11,-2.74846535444756e-10,-8.23423271571439e-10,8.05647134439647e-10,9.01361554346753e-11,-1.22788339967888e-10,-9.34414537493865e-11,-5.16800267358133e-10,-1.18751332521871e-10,-2.55217416912191e-10,4.34701600403747e-10,6.07775374578488e-10,1.41966060464381e-11,2.56650111825233e-10,9.29465595458367e-10,2.24980406221714e-10,-2.1915315992894e-10,1.65090849104883e-10,8.34823764603466e-10,-1.92009884231439e-10,-3.62379770533363e-10,1.238105860405e-10,-1.54590006107287e-11,-4.78150464025753e-10,-3.65488797855822e-10,-6.41876084975165e-10,8.42062693258997e-10,6.08327353365163e-10,6.35748296410361e-11,5.98043852329357e-10,-1.02964078195951e-10,-3.70176137486566e-10,-2.28989910101708e-10,-3.9603308746264e-10,2.25125039984077e-10,-7.57653324136263e-11,-3.44903720065604e-10,9.99220227558153e-11,5.27653044865317e-10,-5.02126744283178e-10,7.64856941481601e-10,1.30704327512188e-09,4.73206256911336e-10,1.3350074920185e-10,6.45575791039748e-10,-9.44164273416079e-10,-9.43319792105552e-10,-6.04258746897079e-10,-2.4943824253756e-10,6.5770868991665e-10,-7.6536701196417e-10,3.91636280162609e-10,3.20123955691236e-10,-3.61596786169585e-10,-6.1622675186749e-10,3.40748193760106e-10,9.80330700912841e-11,6.58088725240173e-11,8.14240094998942e-10,-8.25652058083954e-10,-4.41162085915885e-10,-8.62612662340016e-10,-1.51838863289406e-10,4.43108429909579e-11,4.96033406031885e-11,5.73657937031392e-10,5.59104732683001e-11,3.30535339245255e-10,3.05067796493349e-11,1.39010613025782e-09,7.01161996593466e-10,-3.21083178570521e-10,7.01957079051251e-10,8.17155872301743e-10,4.31683834181145e-10,1.22359044546135e-10,-3.16867987999147e-10,2.02775302196949e-10,1.02046128437937e-09,-3.76740595300961e-10,1.58398981094955e-11,-9.53150282545475e-11,-1.59398930740429e-10,-9.24433477562145e-10,-4.27115868284333e-10,1.52826045947966e-10,-3.88439238610955e-10,-3.02936322503163e-10,-6.37714618870919e-11,2.86118356024869e-10,4.16390741256154e-10,6.62991173944978e-10,-6.99038963130638e-10,-2.4426838607254e-10,-4.55312408818422e-11,9.17078805198465e-10,1.815176116981e-10,3.63828696234458e-10,-2.48475705006697e-10,2.15888287841022e-10,-2.04289455736146e-10,-2.14926558240516e-10,-5.00789868460919e-10,-1.81558897078022e-10,3.86828804009228e-11,-4.21606342125223e-10,-4.52168188775448e-10,-2.88811853165672e-10,-1.18395488220266e-10,-4.35689194585315e-10,-4.53935568265467e-10,5.84240120456271e-10,-9.33323113501637e-11,-6.21885054754119e-10,-1.07528606680749e-10,-1.27471635746235e-10,-1.132336383503e-09,-4.9970232955219e-10,-8.45273799973114e-11,-4.20629764791658e-10,7.99482792261695e-10,3.10043747648159e-10,2.55014736998748e-10,4.8033565750549e-11,3.24843338631875e-10,-3.50893383007696e-10,7.20479970497669e-10,3.73233486940321e-10,2.57309124377402e-11,4.26831650421396e-10,-1.35587475802908e-10,6.56192013903455e-11,1.04018813365087e-09,1.24533414494586e-10,3.15521033068215e-10,-1.83130804289913e-10,8.1041746923464e-10,7.46085005419426e-10,-8.19287036837226e-11,-3.02554950142846e-10,3.20715670586049e-10,2.95703189941996e-10,2.1690775737548e-10,-6.31446413331195e-10,-4.83556592394183e-10,-1.15276250639128e-09,-6.47562283825875e-11,-6.80974675494788e-10,-4.49445204219037e-10,-4.85199203968177e-10,-1.40914915396393e-10,-1.40408273568564e-10,2.23699489463015e-11,-1.08526989487299e-10,-1.84293231459507e-09,1.07174508412065e-09,-1.52074130546462e-10,-2.77347504115454e-10,9.43075160632387e-10,3.2491878783348e-10,1.47179315828488e-10,-8.05763824386319e-10,1.29072649881844e-10,-3.18924994869197e-10,-5.09136003903806e-12,5.12972466696848e-10,-6.03563940581333e-10,1.02677535429701e-10,1.80512186839405e-10,-6.63189620760508e-10,1.01207205689134e-09,-3.5666855011445e-10,-1.70600694450879e-10,3.95359579751504e-10,-1.00824747579591e-09,3.35053522275868e-10,6.06665973744488e-10,-5.89835049406508e-11,-3.99278277204746e-10,-5.8664375402183e-10,-3.82261861039111e-10,-6.90909253924166e-10,3.80663899623096e-10,-1.20112850257711e-09,-3.03734538938537e-12,2.47418845530543e-10,-6.84982945828916e-10,-3.43629326909301e-10,-5.27815841809924e-10,7.55626892601515e-10,5.99666796103605e-10,1.08757717468445e-09,1.66291123389643e-10,-1.16820456683436e-09,7.19294549908129e-10,8.40012797224017e-10,-7.31474928357809e-10,3.62034401406012e-11,2.73030729211842e-10,-1.33611394987272e-10,-1.61943265189566e-10,6.51092051698073e-10,4.76033875196768e-10,7.92606495557022e-10,6.59232847979301e-10,-2.97558039305606e-10,2.98776553864118e-10,-4.47800779033173e-10,5.46879926655068e-10,-8.49866299452817e-10,-2.24604674539521e-10,-4.73500262496106e-11,-4.21335788715612e-10,4.8730730838376e-10,1.99108924293979e-10,3.84245293480307e-10,-8.12159416513626e-10,-3.87319658880778e-10,-2.40840306292549e-11,8.6382306630326e-10,2.118719963923e-10,-1.24414426494799e-09,5.80457790806862e-10,-3.35768286491274e-10,-6.83756186068965e-11,-8.56837757103125e-10,-1.0856383210644e-10,2.76685564712747e-10,5.90220857301178e-10,4.27316204176812e-10,-6.47956782253839e-10,-1.46150952783664e-10,-3.36400458301855e-10,-7.01403836180197e-11,-7.64026820627961e-10,1.16518965748347e-09,5.16215259562369e-10,-2.65861187830856e-10,7.84249709306238e-10,5.50036174637592e-12,-7.14666210943075e-12,-1.02071282308103e-10,-7.30789312043624e-10,-1.61244164716469e-12,-3.20626688923094e-10,-3.88191332358639e-10,-4.36043435340056e-10,-3.52931545135843e-10,8.1666676662169e-10,-2.1043539021139e-10,8.46188384087216e-10,1.1649195688573e-09,-3.09636718826887e-10,-5.29762066047122e-10,3.1701737631596e-10,2.81356054633838e-10,9.25342495506438e-10,-1.55860706945191e-10,3.95666676655081e-10,1.58800353390041e-10,-7.76544000581514e-10,4.39161319846815e-10,-5.72050041350514e-10,-4.14023539230021e-10,2.11504612434433e-10,-7.25723824429144e-10,8.47816928580236e-11,-5.20438019143584e-10,5.93447052405226e-10,1.07751754207919e-10,5.43391908719413e-10,-4.73673505752293e-10,-2.93277985963621e-10,-1.01980611779613e-09,5.75915569062635e-10,5.27260184826527e-10,5.81259836700438e-10,4.51959725719977e-11,-1.65137087328181e-11,2.99436607628237e-10,2.93791541307939e-10,-4.97987777399029e-10,-4.82970540782813e-10,-2.25758905446796e-10,-6.58521070673667e-10,4.47376028402058e-10,4.30752964008143e-10,-1.24208384139768e-10,3.01461407117965e-10,2.09441036142259e-10,1.11770134208514e-09,6.14173164124477e-11,7.68979239888986e-10,1.13092586994733e-10,-1.78114205336403e-10,-2.9059037982055e-10,3.20129878094859e-10,8.95379697429886e-10,5.41205332440604e-10,-8.49135338361355e-10,7.78502206380544e-10,-3.96047724565627e-10,4.02024877362922e-10,-2.36214821706615e-10,-4.04488181612852e-10,4.26612242026252e-10,-1.46099971977695e-10,-7.32956188585803e-10,1.21697067451965e-10,3.43683495936358e-10,3.98096275531864e-10,1.53055984309697e-10,-7.41335948029254e-10,5.50858720697725e-10,-4.02171673463015e-10,-2.80832536273108e-11,9.42281472119991e-11,-3.24128678367007e-10,-1.73187356634641e-10,-2.92073612099615e-10,-2.01468496452071e-10,-3.3928570205739e-10,-3.24599753713719e-10,-8.434580880227e-11,6.62210068958178e-10,-1.69620744878019e-10,-8.65279710030176e-11,-2.33683624709872e-10,-2.33953960270727e-10,-3.18510525160325e-11,-4.71918541546953e-10,-1.22235047587801e-10,1.0478123114918e-09,-1.90365375957796e-10,-1.61396232464293e-10,-3.79575626719598e-10,6.05225057712058e-10,3.81228919704056e-10,-3.30834599785379e-10,-3.35409042105228e-10,-7.13077465133707e-10,3.61247129949875e-11,-8.40447762722442e-10,5.90080800351944e-10,8.0010382626744e-10,-2.79302298914113e-10,-4.59316137540338e-10,-1.30207936051769e-10,9.05921026386625e-11,-1.1955934839186e-10,-4.35079880993908e-11,-4.34801984319714e-10,3.09873087904787e-10,-2.06337190430354e-10,7.01530184681468e-11,1.91720165559223e-10,-4.99277716704751e-11,-2.92258978556869e-10,3.77276290740367e-10,3.50575365847812e-11,1.00429928304669e-09,-1.14923627175225e-09,-6.50169715685907e-10,1.84700268228652e-11,3.45122762345146e-10,-1.18342471815724e-11,2.07670219319151e-10,-1.18813677476323e-11,-5.83380128415609e-10,-1.03007398644897e-09,4.93450232114315e-10,7.51049932351187e-10,4.73320043291163e-10,4.11678772416906e-10,2.68405518070265e-10,-6.75604722576322e-10,4.01203216174749e-10,-5.13730614794356e-10,-3.21709146246512e-10,-5.06874103453447e-10,1.86245583784582e-11,1.38831810438045e-11,1.4721136022037e-10,4.51714111655322e-10,-1.76876676874342e-10,-4.20543330824363e-10,-2.52656413343032e-10,-1.68960589437888e-10,-4.96558039437996e-10,1.58304363397127e-10,-6.18741159758546e-10,7.67971459079201e-10,6.71600372137309e-10,5.90785708637309e-11,-3.07825976111483e-11,1.32030073780601e-09,-5.03197600983707e-10,-5.02851308703831e-10,2.5978917882209e-11,1.13572014304726e-09,2.40430333299861e-10,2.54627994118534e-11,4.90158904734755e-11,-5.50654969443117e-10,6.8380283503827e-10,1.94200157487078e-10,1.87291511183835e-10,6.64863059220442e-10,-6.37550641906336e-10,7.13713728941633e-10,8.04015159150485e-10,5.864910830752e-10,5.78442743397927e-10,4.39144388730472e-10,2.41835112336189e-10,2.53772108103607e-10,1.14688856299331e-10,4.16778667313392e-10,3.41207435328427e-10,4.21825298359047e-10,8.50768386741554e-10,9.63738262893868e-10,2.71959839631712e-10,-3.3303979593533e-10,7.52165274234525e-11,-6.57521903619661e-10,-4.1257900459809e-10,-2.53913148078906e-10,4.7775375824221e-10,-8.81764402565881e-11,1.4200225655091e-10,8.20975383241868e-10,-5.99761401081071e-10,1.14688523334833e-09,5.01837213322889e-11,6.45661557720162e-10,-3.71902809013698e-10,-6.93270976763235e-10,2.60307065446379e-10,8.55780120543642e-10,-9.43191306096078e-10,-4.34039131040418e-10,-1.38160046964312e-10,-6.58064039362731e-10,2.43400913060844e-11,8.2591297362806e-10,1.76680358012372e-10,1.13690651950723e-09,-1.6387797724627e-10,2.32417073821953e-10,4.96830585926479e-10,-4.60326126750138e-10,-1.05407623935929e-09,-2.28483860698964e-10,4.78214771984573e-10,9.47555089200433e-10,2.48981624225148e-10,9.04245607347838e-11,1.12544933229401e-10,2.17932105550441e-10,3.2240550675982e-10,-4.62487826332302e-10,3.70440562818265e-10,-8.71742681335442e-11,4.15916902912912e-10,-5.74599208618449e-10,-4.01307738787578e-10,-1.61371383725089e-10,2.59242861626237e-10,-3.10353532309469e-10,3.65586724624231e-10,-2.79414709162034e-10,5.12383562859545e-10,7.66319220146393e-10,1.05502252426721e-10,-4.98437258250008e-10,7.72584004113123e-11,7.14220003085835e-10,-4.27421477974418e-10,2.7154050080034e-10,7.97983257331667e-11,-1.04880932690244e-10,1.30230519737509e-09,-7.8361698534282e-10,-8.67961267200254e-11,-5.47922492380346e-10,6.21733832561996e-10,-7.7927911958991e-10,-1.52702677997493e-10,-8.54806428811902e-10,-4.69758816195251e-10,1.23879069444479e-10,-5.30068690294865e-10,4.4245530080122e-10,1.11074295204912e-09,-9.63277364069805e-10,9.21439647069879e-10,9.80203388492835e-10,4.29603308046622e-10,-3.46072280866332e-10,-3.3063062888806e-10,1.32561717854454e-09,-1.2178658612702e-09,-5.47654401654487e-10,-1.81672352795172e-10,6.59534949677875e-10,-6.63420968730555e-11,-9.87838945105371e-10,2.85818751796711e-10,1.56936160638162e-10,1.08086645312205e-10,-4.08106156152861e-10,-2.03938827426166e-10,1.18549580229053e-10,-1.36575407292231e-10,-3.52410110460483e-10,9.40772549420731e-10,-2.76640920437292e-10,2.88816520403989e-10,2.77674821106694e-10,-6.33222645744312e-10,-2.94803869401626e-10,9.54260669488111e-10,-5.90480094472375e-11,-2.22815297189508e-10,6.37714006495736e-10,3.43824536253727e-11,-3.43414478923838e-10,-6.10535555355696e-10,-3.45050857551771e-10,-2.77475419510514e-10,9.21425710054649e-11,-9.99314865004203e-11,2.82458225030018e-10,1.06134421113699e-10,-9.97308453817202e-10,5.19834263337792e-11,-1.55348466466883e-10,3.44322327912081e-10,3.19988510097576e-11,5.29523339232136e-10,-7.26954309252169e-10,1.24189822022066e-10,2.03214884406482e-10,-1.88290891634581e-10,5.08251873026154e-10,4.52814187030551e-10,8.32097291972518e-10,-3.48064896432364e-10,-1.13493602729315e-10,-8.08226074012792e-10,3.04734816058748e-11,-5.70132565634911e-10,-5.2779672123439e-10,-6.39228468525044e-10,-7.58848116555886e-11,-1.32553409083464e-10,-8.08392557581654e-10,1.08686272637055e-10,-3.02032854617021e-11,1.81631780509387e-10,6.17730087595749e-11,3.42186032185537e-10,-6.42562335207554e-10,-9.52527113705495e-11,4.82816143029753e-10,6.71753024955307e-10,7.30975814371082e-10,-3.07667809230669e-10,-3.56421711079964e-10,4.40582180209421e-10,-9.11706211237459e-10,-1.16969259443505e-09,7.03324361352435e-10,1.12402830354867e-09,7.7021830169619e-10,-8.72969390180256e-10,6.40853685792689e-10,1.0385784995263e-09,-1.10414971161511e-09,-7.96592639079092e-10,6.06067924674443e-10,-2.94750889885043e-10,-5.6339127842912e-10,1.21333386337912e-10,1.24306724803362e-10,-8.6024454618602e-10,-1.73879098371574e-10,9.25347157886829e-11,1.1479701217513e-10,4.93015139077438e-10,3.44530949216881e-10,2.24014105817669e-10,6.15684817785038e-11,4.93044533662285e-10,5.24255935050913e-10,-8.75132064651363e-10,2.83197910840966e-10,-7.85493714650954e-10,-6.51778612886753e-10,-1.01293597035217e-09,-5.33518129721253e-10,2.82468300737577e-10,-4.24104448326482e-10,3.67532379518794e-10,5.6885502020128e-10,2.69651795762168e-10,5.21224501917534e-10,1.25706390867463e-10,8.24963056568515e-10,-2.55239534525411e-10,1.45695947371486e-10,-7.97461267307881e-11,-3.17803202718674e-10,1.50538324500354e-10,4.66943692168912e-11,5.24713727767026e-10,-1.09001265652064e-09,7.21697799095625e-11,8.37505148834816e-10,9.28979663650484e-11,4.63750072105783e-10,5.99960467608707e-10,-1.05548747585692e-10,-3.78395948513904e-11,6.30704969943099e-10,-1.28748223763467e-11,1.93630198734383e-10,6.09056025605214e-10,-2.57964215493136e-10,7.82103250134209e-10,-2.58555712834148e-10,-9.61737981385207e-11,2.29374261402442e-10,3.78282681800598e-11,-5.28048688641565e-10,1.15637783675232e-10,6.99059173140449e-10,-6.06270211981122e-11,1.23417725724731e-09,-1.42929692448159e-10,-4.90005639911893e-10,1.21728511344617e-09,1.05183483354943e-09,-6.94230831878968e-10,5.41175019674901e-10,-1.71272800908403e-10,-2.98133513855547e-10,-6.72718987929287e-10,1.24032469138938e-10,3.65249456021195e-10,-9.10453182193893e-12,1.0941020880603e-09,6.59390775871208e-11,-1.72807723416725e-10,8.27792071075617e-10,-5.20334275512391e-10,-3.06619406899073e-10,-3.82439812455255e-10,-9.69288296253211e-11,2.46478512306046e-10,-1.17020976255456e-09,8.10626114096269e-10,1.98061667780605e-11,1.19009027143971e-10,1.92361264519003e-10,2.96272427165019e-10,-5.70849884926243e-10,-4.45837052810226e-10,-9.23227113350287e-12,9.20554889373528e-11,1.17025678480212e-10,-1.60483221242844e-10,7.83358481841954e-10,3.19872991737127e-10,-2.49277751376571e-10,-6.88631057947302e-10,6.79450904922253e-11,-9.67074099648202e-10,-5.28394509088654e-10,4.6395847016599e-10,7.43813015614769e-10,-2.71941124328815e-10,5.79776463804781e-10,-1.46390331100446e-09,1.34459611420335e-10,-8.53742694949189e-10,-2.92492484877874e-10,2.03843057839363e-10,7.84147423490353e-10,-4.22425844998668e-11,-3.91383756690551e-10,-3.0429829406549e-11,-3.03975578676906e-10,-5.21693841513497e-10,-7.44751840237323e-10,-2.58526922273956e-10,-2.48495801179265e-10,3.65161225537495e-10,-6.22824851821626e-12,-3.3167175709139e-10,3.37121417149396e-10,-4.96098120335784e-10,8.81256121264728e-10,-4.6815090149974e-10,3.07394540780377e-10,2.23891528835707e-10,1.58845634531197e-10,-2.09575323554692e-10,7.29886567961662e-10,-6.1736626226923e-12,-6.30676221635832e-10,9.95856008059403e-10,4.62716751268353e-10,-6.80767704626007e-10,1.4448144002506e-10,-1.44918136394717e-10,6.63403847922666e-10,-1.45501908134615e-10,-6.15926103138063e-10,-4.54563012984507e-10,-2.34633619503356e-10,-1.7054178268798e-10,-6.34511650235876e-10,8.36720443174591e-11,8.39214152926636e-10,2.2024153728141e-10,3.54431740615733e-10,-8.34251719092776e-10,7.16434251808402e-11,9.05603203174502e-12,-1.84753239633686e-10,-4.03651783801165e-10,2.33675408257048e-10,1.20616138360363e-10,-8.29857450163246e-11,6.24725792270257e-10,-3.14845966410673e-10,1.65976364143837e-10,1.06163788416826e-10,8.80693106870861e-10,2.18152612573177e-10,2.34166438190692e-10,4.82990410272774e-10,-3.81425508899539e-10,2.97118082502849e-10,-3.20023873963353e-11,-7.00198310705742e-10,1.83470466088046e-10,-2.38350262761534e-10,4.90532975347935e-10,1.83567107277475e-10,1.39497736750533e-11,6.48706341414851e-11,2.68970804390881e-10,-1.49056520028947e-10,-2.87157723694119e-10,-4.4379527211699e-10,-2.56461592378132e-11,3.10829176639108e-10,-4.83451210079272e-11,-1.495579266918e-10,3.66120093059589e-10,1.28723554290019e-10,1.81126217468272e-10,-3.03591496099126e-10,-6.45750014346635e-10,5.26949702514958e-11,2.63995502884413e-10,8.01783137865263e-10,2.90615716081421e-10,1.0031959564919e-10,-2.15601750883795e-10,1.98769430022755e-10,1.83348408349012e-10,3.57822060509197e-10,-7.0434682833986e-11,-9.71830698072392e-10,8.04207128681963e-10,1.19619884085052e-10,8.0422504503645e-11,2.01819382412896e-10,8.84609473522637e-12,7.08011718427112e-12,2.62258045575553e-10,-6.4730125544697e-10,5.0299403262145e-10,6.18842140953608e-10,2.28963313992514e-10,5.6353763431144e-10,-6.1546382617069e-10,2.68198149317985e-10,-8.18460998620285e-10,-3.57900733743413e-10,8.89103140307307e-10,1.64639775408061e-10,-8.1167728831032e-12,5.09470096491881e-10,1.78947706991213e-10,-7.27266023113962e-10,-6.85507554368549e-10,-2.82846179676342e-10,-1.28903647295384e-10,-9.40553944341473e-11,3.64701529592113e-10,-1.77738134211084e-10,-4.20157459511588e-10,-3.08340173088188e-11,-1.70907711111022e-10,-7.40861277185711e-10,-8.70432416646119e-10,-2.49231289063778e-10,-4.47715941308579e-12,-4.89970450754354e-10,-5.11125569818823e-10,3.59174193641696e-10,3.24251854682129e-10,-8.37838635894779e-10,-3.12288961562662e-10,7.38516867182226e-12,5.18162996901318e-10,-6.65402213059784e-10,6.71693866729088e-10,-1.5794539467723e-10,-1.17538960179341e-09,6.48807308445781e-10,7.40862040508149e-10,2.3177959873434e-10,-5.02732937971917e-10,2.25836957205342e-10,3.375272550628e-10,1.33783681855413e-09,7.49926951113361e-10,7.17113755389635e-10,2.89344602545703e-10,-4.50272239472969e-10,3.13533682585679e-10,6.81095306311738e-11,3.83812117541002e-10,-2.29122576449619e-11,-3.08683180885538e-10,1.14759585556749e-09,-3.57467622763855e-11,-9.32323930371485e-11,-1.85603624619516e-10,1.00643240205274e-10,1.20468867764074e-10,1.17500108846972e-11,-7.66680138134771e-10,7.28393918811926e-10,1.05741337737475e-10,-1.10182999003947e-10,2.34916115150389e-10,1.16940486788629e-09,1.47546736181738e-09,-8.53449743632386e-10,-5.55879577414931e-10,1.77985803189901e-11,5.06837289572431e-10,-4.78144450504785e-10,-3.62547730518711e-10,-1.47232991349607e-10,-2.21571662554017e-11,1.48151341822149e-10,-4.42870002853124e-10,2.53542735244738e-10,5.05676946491278e-10,-5.24998151285561e-10,-2.57575558181749e-10,1.76123521989013e-10,-9.61976417128378e-10,1.72716157008255e-11,-8.62331640446982e-10,-2.87483481157852e-10,-3.44299583831457e-11,7.36211055059563e-10,-2.75203175471042e-10,4.29502920809591e-10,1.07052448613382e-09,3.67888428066667e-10,-4.12268673116838e-10,-1.20767890777397e-10,-6.28041218557895e-10,4.84736464947545e-10,-7.42778887384858e-10,7.68040332216549e-10,-4.23805103813088e-10,-3.67759561858999e-10,8.83292245501477e-11,-6.35389789320366e-10,-4.28446369336575e-10,-5.04307237040271e-10,-4.01901556588286e-10,-4.7445592427411e-10,-1.0019649661906e-10,6.2188091224946e-10,-6.42643573279318e-10,2.50753781426305e-10,1.55724148735768e-11,-8.10690959102049e-10,-5.71695914777574e-10,-1.83256496130967e-10,2.25966498976287e-10,3.32600635102875e-10,-6.23975222973532e-11,-8.74119633207824e-10,6.82034911172522e-10,-3.92248828512813e-10,-2.06129082662203e-10,7.92840973700813e-10,6.23038343331201e-10,-4.90737410957406e-10,1.75700129032772e-10,-1.19636551886662e-10,-7.11816989723636e-10,-2.42042795236253e-10,-2.89793360830944e-10,8.90921035285804e-10,3.54113304624576e-10,-3.64303306239004e-10,-5.1297760845647e-10,-5.8523735848339e-10,-1.25075012543423e-10,4.70480146876354e-10,-5.6161664885982e-10,-1.01319537234136e-09,-6.36176229165962e-10,-1.93110352025083e-10,4.0300061133607e-10,1.45998994426672e-10,-8.42583947738446e-10,7.08656219824333e-10,-2.75278837213699e-10,-3.37340167884038e-10,-3.31858463872779e-10,2.27020775237633e-10,2.52416618497757e-10,2.2672288246952e-10,-2.18594274954866e-10,-4.3385120511271e-11,-1.63935200754108e-10,-3.5766892799273e-10,3.9445881423309e-10,3.7216580413191e-10,1.50162450102252e-10,-2.96608102271606e-10,-4.81110364048549e-11,6.2551804520452e-12,8.34452638443412e-10,3.39370183249216e-11,-4.51346649551675e-11,-2.66253862457616e-10,6.35037040033703e-11,4.62148600774788e-10,-3.98709303450503e-11,-2.16996197024797e-10,-1.09029077956797e-10,1.40649445837012e-10,-5.17722762700478e-10,1.63453925776336e-10,3.72488122225077e-10,-1.20582340236068e-10,-2.18132787125856e-10,-4.57851241241063e-10,8.41683674895447e-10,2.11272593249563e-10,1.19311545700489e-10,-6.83283971450412e-10,-4.57146680661587e-10,-4.46845503800794e-10,6.38395269485029e-11,4.41931398641827e-10,-6.92207812543602e-10,-1.30408215497282e-10,-4.60716450527865e-10,4.74240577714521e-10,3.9531927221945e-10,-1.90521579647104e-10,-2.5811963590666e-11,4.61345404928637e-10,-2.20763947072257e-11,-3.84748741108585e-10,-3.90796288004486e-10,6.74471161903211e-10,-4.51468812669694e-10,-3.04784524592693e-10,8.11043414149573e-10,1.34773810090821e-11,-1.52968529704343e-10,1.76328936291087e-10,2.31989186041766e-11,9.33572709587058e-10,-5.54999280638231e-10,3.71727895508487e-10,3.73524237971708e-10,-2.87779274362563e-10,-1.21016738117525e-10,1.06902597532679e-09,-1.08509892054883e-10,-2.30583836717968e-10,3.58373182830977e-10,8.17120015899772e-10,-1.40963900207611e-09,5.80937446371444e-10,-1.84232848495066e-10,-1.64197795788852e-10,1.73605981843704e-10,-2.86501601524046e-10,-9.33148766536403e-10,7.81969458755496e-10,3.2881228585151e-10,1.3882689076062e-10,-6.24226808002673e-10,6.71638455920845e-10,-8.64017976975582e-11,-1.31074067542939e-09,9.02449970263667e-10,9.66607895695939e-10,1.59529263777984e-10,-1.46199143895738e-10,-4.2190158136176e-10,-1.15300613508084e-09,-5.40965493289147e-10,-4.91946503972188e-10,-7.30517624015688e-10,-5.41281693345186e-10,-5.83973387101383e-11,-6.54670363293547e-10,4.40652003783184e-10,-1.28468660936719e-09,7.07524635073424e-10,2.44074822870508e-11,1.55014169851401e-10,-3.75885243241181e-10,-2.95431402952131e-10,5.65912168462367e-10,-2.54927275013606e-10,4.88962679820244e-10,1.17612883485748e-09,-2.3117100528899e-10,1.38952970371256e-09,-3.59907250861639e-10,-6.34432603723705e-10,6.91291169317293e-11,-9.1173266382774e-10,-7.03485384855342e-10,6.35115656237309e-11,9.15784911419452e-10,-1.09544392505147e-09,-4.42799819452075e-10,-5.56797719457323e-11,-1.23472305966846e-10,7.2023343678704e-10,5.17205084893428e-10,4.80759266291799e-12,-7.24997107333762e-11,-1.34331242154448e-09,-5.3040181425964e-10,-8.40832818541324e-10,3.15608789528473e-10,7.53902951085744e-10,-3.27173230120752e-10,1.59513566758449e-10,-2.41449946394843e-10,-2.21153954565889e-10,6.42199012820621e-10,-5.52889387763515e-10,-3.34285072467517e-10,3.21984972881718e-10,3.41140626588931e-10,2.94927201659938e-11,-1.2599170222836e-10,2.28420344632797e-10,-4.56375484059137e-10,-4.53752617013927e-10,3.72444915581045e-10,-1.13077158722849e-10,7.68134178367039e-10,3.70900079935201e-11,-4.47784088694172e-10,1.15691690255647e-10,6.29167466835336e-11,-2.02365782446801e-10,-5.21598247605074e-10,6.68875148258211e-11,-2.94615287971202e-10,5.92426282158045e-10,-6.44869869190831e-10,-5.88436259822105e-10,1.49789747662653e-10,-7.38548568512104e-11,7.08864786613277e-10,-7.58731587694926e-11,-6.82724672653875e-10,-1.29571361025919e-11,5.09445579683021e-11,-2.73393036442319e-10,-8.04053162317735e-11,4.09986772551486e-10,4.14604250704664e-10,6.49834679142362e-10,7.29540668006425e-10,3.77265338680134e-10,1.65381162767587e-09,2.67892561910375e-09,2.17462230040809e-09,2.69257652408044e-09,3.03481286559329e-09,2.67387739334986e-09,2.54999030338143e-09,3.87843963899786e-09,4.72333346167634e-09,4.66656450955814e-09,4.63908642986208e-09,5.07211175942045e-09,6.79611572416919e-09,6.95262833843294e-09,7.38357178704742e-09,8.10772597141359e-09,8.93206933972199e-09,9.99345463558313e-09,9.78082502120547e-09,1.06269169371462e-08,1.20895294652416e-08,1.37639209274618e-08,1.51512546961474e-08,1.66160844260277e-08,1.78023453118722e-08,1.83586605407234e-08,1.97870119783704e-08,2.15965369077397e-08,2.40015280717945e-08,2.52370272458141e-08,2.69335911945326e-08,3.09977413150853e-08,3.32894463752226e-08,3.74865914970454e-08,4.11418223289693e-08,4.4565086668983e-08,5.21117483558604e-08,5.96710653699394e-08,6.9512461913608e-08
