v,0.25
Patm,100000
g,9.81
r,500
G,10^9.4
rho,2800
mu,10^3.74
rc,20
 
M,10^5.22
sigma,0.25
 
tilt_erupt,38.6304nrad
 
-1174,-1173,-1172,-1171,-1170,-1169,-1168,-1167,-1166,-1165,-1164,-1163,-1162,-1161,-1160,-1159,-1158,-1157,-1156,-1155,-1154,-1153,-1152,-1151,-1150,-1149,-1148,-1147,-1146,-1145,-1144,-1143,-1142,-1141,-1140,-1139,-1138,-1137,-1136,-1135,-1134,-1133,-1132,-1131,-1130,-1129,-1128,-1127,-1126,-1125,-1124,-1123,-1122,-1121,-1120,-1119,-1118,-1117,-1116,-1115,-1114,-1113,-1112,-1111,-1110,-1109,-1108,-1107,-1106,-1105,-1104,-1103,-1102,-1101,-1100,-1099,-1098,-1097,-1096,-1095,-1094,-1093,-1092,-1091,-1090,-1089,-1088,-1087,-1086,-1085,-1084,-1083,-1082,-1081,-1080,-1079,-1078,-1077,-1076,-1075,-1074,-1073,-1072,-1071,-1070,-1069,-1068,-1067,-1066,-1065,-1064,-1063,-1062,-1061,-1060,-1059,-1058,-1057,-1056,-1055,-1054,-1053,-1052,-1051,-1050,-1049,-1048,-1047,-1046,-1045,-1044,-1043,-1042,-1041,-1040,-1039,-1038,-1037,-1036,-1035,-1034,-1033,-1032,-1031,-1030,-1029,-1028,-1027,-1026,-1025,-1024,-1023,-1022,-1021,-1020,-1019,-1018,-1017,-1016,-1015,-1014,-1013,-1012,-1011,-1010,-1009,-1008,-1007,-1006,-1005,-1004,-1003,-1002,-1001,-1000,-999,-998,-997,-996,-995,-994,-993,-992,-991,-990,-989,-988,-987,-986,-985,-984,-983,-982,-981,-980,-979,-978,-977,-976,-975,-974,-973,-972,-971,-970,-969,-968,-967,-966,-965,-964,-963,-962,-961,-960,-959,-958,-957,-956,-955,-954,-953,-952,-951,-950,-949,-948,-947,-946,-945,-944,-943,-942,-941,-940,-939,-938,-937,-936,-935,-934,-933,-932,-931,-930,-929,-928,-927,-926,-925,-924,-923,-922,-921,-920,-919,-918,-917,-916,-915,-914,-913,-912,-911,-910,-909,-908,-907,-906,-905,-904,-903,-902,-901,-900,-899,-898,-897,-896,-895,-894,-893,-892,-891,-890,-889,-888,-887,-886,-885,-884,-883,-882,-881,-880,-879,-878,-877,-876,-875,-874,-873,-872,-871,-870,-869,-868,-867,-866,-865,-864,-863,-862,-861,-860,-859,-858,-857,-856,-855,-854,-853,-852,-851,-850,-849,-848,-847,-846,-845,-844,-843,-842,-841,-840,-839,-838,-837,-836,-835,-834,-833,-832,-831,-830,-829,-828,-827,-826,-825,-824,-823,-822,-821,-820,-819,-818,-817,-816,-815,-814,-813,-812,-811,-810,-809,-808,-807,-806,-805,-804,-803,-802,-801,-800,-799,-798,-797,-796,-795,-794,-793,-792,-791,-790,-789,-788,-787,-786,-785,-784,-783,-782,-781,-780,-779,-778,-777,-776,-775,-774,-773,-772,-771,-770,-769,-768,-767,-766,-765,-764,-763,-762,-761,-760,-759,-758,-757,-756,-755,-754,-753,-752,-751,-750,-749,-748,-747,-746,-745,-744,-743,-742,-741,-740,-739,-738,-737,-736,-735,-734,-733,-732,-731,-730,-729,-728,-727,-726,-725,-724,-723,-722,-721,-720,-719,-718,-717,-716,-715,-714,-713,-712,-711,-710,-709,-708,-707,-706,-705,-704,-703,-702,-701,-700,-699,-698,-697,-696,-695,-694,-693,-692,-691,-690,-689,-688,-687,-686,-685,-684,-683,-682,-681,-680,-679,-678,-677,-676,-675,-674,-673,-672,-671,-670,-669,-668,-667,-666,-665,-664,-663,-662,-661,-660,-659,-658,-657,-656,-655,-654,-653,-652,-651,-650,-649,-648,-647,-646,-645,-644,-643,-642,-641,-640,-639,-638,-637,-636,-635,-634,-633,-632,-631,-630,-629,-628,-627,-626,-625,-624,-623,-622,-621,-620,-619,-618,-617,-616,-615,-614,-613,-612,-611,-610,-609,-608,-607,-606,-605,-604,-603,-602,-601,-600,-599,-598,-597,-596,-595,-594,-593,-592,-591,-590,-589,-588,-587,-586,-585,-584,-583,-582,-581,-580,-579,-578,-577,-576,-575,-574,-573,-572,-571,-570,-569,-568,-567,-566,-565,-564,-563,-562,-561,-560,-559,-558,-557,-556,-555,-554,-553,-552,-551,-550,-549,-548,-547,-546,-545,-544,-543,-542,-541,-540,-539,-538,-537,-536,-535,-534,-533,-532,-531,-530,-529,-528,-527,-526,-525,-524,-523,-522,-521,-520,-519,-518,-517,-516,-515,-514,-513,-512,-511,-510,-509,-508,-507,-506,-505,-504,-503,-502,-501,-500,-499,-498,-497,-496,-495,-494,-493,-492,-491,-490,-489,-488,-487,-486,-485,-484,-483,-482,-481,-480,-479,-478,-477,-476,-475,-474,-473,-472,-471,-470,-469,-468,-467,-466,-465,-464,-463,-462,-461,-460,-459,-458,-457,-456,-455,-454,-453,-452,-451,-450,-449,-448,-447,-446,-445,-444,-443,-442,-441,-440,-439,-438,-437,-436,-435,-434,-433,-432,-431,-430,-429,-428,-427,-426,-425,-424,-423,-422,-421,-420,-419,-418,-417,-416,-415,-414,-413,-412,-411,-410,-409,-408,-407,-406,-405,-404,-403,-402,-401,-400,-399,-398,-397,-396,-395,-394,-393,-392,-391,-390,-389,-388,-387,-386,-385,-384,-383,-382,-381,-380,-379,-378,-377,-376,-375,-374,-373,-372,-371,-370,-369,-368,-367,-366,-365,-364,-363,-362,-361,-360,-359,-358,-357,-356,-355,-354,-353,-352,-351,-350,-349,-348,-347,-346,-345,-344,-343,-342,-341,-340,-339,-338,-337,-336,-335,-334,-333,-332,-331,-330,-329,-328,-327,-326,-325,-324,-323,-322,-321,-320,-319,-318,-317,-316,-315,-314,-313,-312,-311,-310,-309,-308,-307,-306,-305,-304,-303,-302,-301,-300,-299,-298,-297,-296,-295,-294,-293,-292,-291,-290,-289,-288,-287,-286,-285,-284,-283,-282,-281,-280,-279,-278,-277,-276,-275,-274,-273,-272,-271,-270,-269,-268,-267,-266,-265,-264,-263,-262,-261,-260,-259,-258,-257,-256,-255,-254,-253,-252,-251,-250,-249,-248,-247,-246,-245,-244,-243,-242,-241,-240,-239,-238,-237,-236,-235,-234,-233,-232,-231,-230,-229,-228,-227,-226,-225,-224,-223,-222,-221,-220,-219,-218,-217,-216,-215,-214,-213,-212,-211,-210,-209,-208,-207,-206,-205,-204,-203,-202,-201,-200,-199,-198,-197,-196,-195,-194,-193,-192,-191,-190,-189,-188,-187,-186,-185,-184,-183,-182,-181,-180,-179,-178,-177,-176,-175,-174,-173,-172,-171,-170,-169,-168,-167,-166,-165,-164,-163,-162,-161,-160,-159,-158,-157,-156,-155,-154,-153,-152,-151,-150,-149,-148,-147,-146,-145,-144,-143,-142,-141,-140,-139,-138,-137,-136,-135,-134,-133,-132,-131,-130,-129,-128,-127,-126,-125,-124,-123,-122,-121,-120,-119,-118,-117,-116,-115,-114,-113,-112,-111,-110,-109,-108,-107,-106,-105,-104,-103,-102,-101,-100,-99,-98,-97,-96,-95,-94,-93,-92,-91,-90,-89,-88,-87,-86,-85,-84,-83,-82,-81,-80,-79,-78,-77,-76,-75,-74,-73,-72,-71,-70,-69,-68,-67,-66,-65,-64,-63,-62,-61,-60,-59,-58,-57,-56,-55,-54,-53,-52,-51,-50,-49,-48,-47,-46,-45,-44,-43,-42,-41,-40,-39,-38,-37,-36,-35,-34,-33,-32,-31,-30,-29,-28,-27,-26,-25,-24,-23,-22,-21,-20,-19,-18,-17,-16,-15,-14,-14,-13,-12,-11,-10,-9,-8,-7,-6,-5,-4,-3,-2,-1,0
2.1547410758202e-10,-2.75339437791776e-10,-7.37591662922208e-11,-8.06792034328387e-11,-2.52827912232839e-10,2.82819678468015e-10,1.66371226395664e-10,1.97283841260129e-10,1.74363782731081e-10,-6.69235665192799e-11,3.14482302390798e-11,3.64793974213324e-10,-3.00683561399509e-11,-3.33061218045646e-10,-1.10003656027138e-10,-6.65348113465854e-11,9.24906215719384e-11,4.51103938550298e-11,-2.85089290445324e-10,-5.10445075607544e-11,2.10489368019034e-10,-2.95243112673693e-10,-8.71676277500615e-11,2.54129267235394e-10,1.10495967653536e-10,2.60725392055083e-11,1.09841253263508e-11,-1.64418444310338e-10,2.53522273575577e-11,8.72456141410535e-11,-1.07413755429327e-10,-1.15746637420051e-10,-2.52225217430317e-10,-1.06427003753674e-10,-1.22448176672293e-10,7.00329195310453e-11,-1.13035077919538e-11,2.61359875957537e-11,-3.7757457945576e-11,9.06611559182261e-11,2.31547960362464e-10,-4.46354907098381e-10,3.33923663135279e-10,-1.05320266120072e-10,-4.63021629203379e-10,6.39235809338715e-11,-3.2766423818852e-10,3.41601954052379e-10,1.25067947541607e-10,2.10542449757072e-10,2.89403335262296e-10,-2.5954688096795e-10,1.52201162029983e-10,-6.46178611209174e-13,-4.19986299247629e-11,-3.42528523490839e-10,-3.58680726951526e-10,3.05481316668527e-10,1.9568804979395e-12,9.91779750385599e-11,2.85180123978826e-10,3.10854487914406e-11,-6.22097984348423e-10,-8.95714092264012e-11,-4.1724409663976e-11,4.16320866690226e-10,2.57768565831913e-10,-6.54105339851684e-11,2.85463839030011e-10,-5.05139715693571e-11,1.4613067982117e-11,1.79653157154109e-10,1.76862232705787e-10,3.88820812308908e-11,2.93898024144831e-10,2.18301319812724e-10,1.41472517870427e-10,3.45381134639983e-10,-1.72164837681359e-10,-5.05387002450414e-11,5.13393203692247e-11,-2.53247389312669e-11,-2.55713226287278e-10,3.09774383179185e-10,2.01082097131155e-10,3.01808547697529e-10,2.8306186285938e-11,3.73439660027763e-10,2.60072050254442e-10,5.62051134144073e-10,2.22059886683853e-11,-7.71389008360201e-11,-1.37527598930117e-10,-7.55057871641861e-12,-2.2494159875496e-10,-1.85556964054592e-10,1.60447299938138e-10,-1.1615233647874e-10,6.27766697790371e-10,-1.26521684887382e-10,3.40906037679187e-10,1.35572790345426e-10,-7.46723963057602e-11,-2.04597639441273e-10,2.54708257764823e-10,-1.06360286824565e-10,6.54868754331371e-11,-2.92318263910662e-11,1.83496558233374e-10,-1.4483943978811e-10,1.85503141913038e-10,1.99580416722608e-10,-1.5780647524714e-10,-2.99520696846484e-10,1.83669283664616e-10,-4.47329526693424e-10,-1.51588297788708e-10,3.67079783257021e-11,-1.76208320557059e-10,2.21718485819553e-11,2.28340859531708e-10,1.17285134916053e-10,-3.6555351460389e-11,2.15790082334141e-11,6.35720705264663e-10,4.35080160193198e-10,1.80909401170698e-10,-2.13115114381859e-10,1.02918289020907e-10,-1.9217118157809e-10,-6.02753145436848e-11,-2.28821382119601e-10,-3.00260418373842e-10,1.4698519454099e-10,3.40359986933625e-10,1.59877787310939e-10,3.26501091231087e-10,-6.21090598685363e-11,-4.42256332382968e-10,7.73995900185589e-11,3.85868281772984e-10,-1.25076544908613e-11,-2.60226877615451e-10,-5.38235315531297e-10,-2.96480449719941e-10,-9.16004539047234e-11,-2.70253577540034e-10,5.78818491395355e-11,9.1422427564199e-11,-5.23821423058831e-11,3.33603181300302e-10,-5.82146409072855e-10,7.19054504622372e-12,-1.02083435670136e-10,-1.77718235371082e-11,-4.41604981724273e-11,-1.75133923388278e-11,4.88872186500712e-10,5.10265048261424e-11,-4.37129229674947e-11,4.49490757441979e-11,8.57735364279181e-11,3.50600286864395e-10,-3.18162041158775e-10,-9.32786715022462e-11,-1.66701513434495e-10,-1.14573762995184e-10,-2.3386895904101e-10,4.39134464493422e-10,3.19739264503311e-10,2.90483677358062e-10,-6.36187754748107e-10,-3.0903666431634e-10,-3.02266483069999e-10,-2.46395908675908e-11,2.17954040788798e-11,-2.26231978812237e-10,-5.09617732899057e-10,-3.59503466006511e-10,9.00137534319149e-11,2.01750875941029e-11,7.7546427252738e-11,1.62542959391826e-10,-1.56842264374826e-10,8.78591169726486e-11,2.64759437091218e-10,-8.66929499853976e-11,1.36754308438398e-10,5.66730715768901e-10,3.8726932988276e-10,-1.14107122157492e-10,-3.15140276914364e-10,-4.45954107206147e-11,7.59592453849316e-11,3.23256863250989e-10,2.09641704186119e-10,-4.00304442120815e-10,1.68527635636198e-10,-2.53962632568468e-10,-5.00249458725374e-10,1.85862833809658e-10,7.21436755063782e-11,-2.00573185970997e-11,-1.83979232730127e-10,-3.89533647262251e-10,2.66560805034627e-10,-1.24836845540659e-10,3.67344953941809e-10,-3.05150007956574e-10,1.7578587865492e-10,-5.14812417818015e-10,-1.78875313487222e-10,2.57258449722166e-10,6.50021657674455e-11,-4.14206567174953e-11,2.81405628888782e-10,3.49027233847613e-12,-3.29180629522338e-13,2.78382360946091e-10,1.72477245735716e-10,-3.67196328291243e-10,3.99314194447203e-12,1.83985601521797e-10,2.04276362850296e-10,-5.12930054108804e-10,-2.05664775734224e-10,-4.51425599947159e-11,5.12671065528076e-11,1.89863746378229e-10,5.50566319157088e-10,-3.2241664674768e-10,-1.31479725058039e-10,-1.47536130877608e-10,-1.20017049867823e-10,2.67733261851136e-10,1.38173193451409e-10,-2.06650460677938e-10,-8.64264060317745e-11,-1.65421167867062e-11,-2.27280420456961e-10,1.86840045602917e-10,2.68830370466188e-10,-3.07747083869112e-10,1.69157050328704e-11,9.38362308022872e-11,-1.88837803215433e-10,2.50694448298148e-10,1.31067491803886e-10,2.95545917956187e-10,4.34258820028998e-11,-3.979914450365e-10,-4.02796990009708e-10,2.2039997189089e-10,3.23954687365045e-10,-1.58753179078799e-10,6.42497070236415e-12,-1.76150872882614e-10,-7.97582455651169e-12,1.07261534470438e-10,3.77255436683093e-10,1.55597156061352e-11,-4.19352659893878e-10,6.81323668823976e-11,-3.00377311724811e-11,-5.40866353193632e-11,1.8205480407415e-10,3.22283817242994e-11,-9.5057797376275e-11,-3.83503730471657e-10,1.75172135084458e-10,6.34147945110858e-11,5.92294144783503e-11,-3.99506744560075e-11,2.64333861718172e-10,-2.75064588481401e-10,-4.49739961974735e-10,-1.10286091459246e-10,3.66111286979415e-10,9.18232392128306e-11,3.06581998300937e-11,-1.989029623857e-10,-2.2184182074511e-10,3.35474691334689e-10,-4.63015150961274e-10,-2.66161502280113e-10,1.28601123232349e-10,-1.58593831018788e-10,1.29281182988005e-11,5.7825566111386e-10,-5.40617163038233e-11,9.06848120375186e-11,1.26939009959473e-10,-6.48739666698178e-11,-2.63013531749154e-10,1.84010095082088e-10,7.7338054791357e-11,3.87283933437082e-10,1.7029284487423e-10,2.49648318487541e-10,-1.49181080552157e-10,2.11720219389312e-10,2.29233880059748e-10,-2.74208171228906e-11,-1.0837304323664e-10,-1.25546429528366e-10,-2.92306431510741e-10,2.38204165388791e-11,1.081245246376e-10,-4.96393768920261e-10,5.1213659915225e-10,2.53339201201562e-10,3.70622002980051e-11,-2.80838743271319e-10,-1.02077950702589e-11,9.29288542905092e-11,1.64544273518865e-10,1.46348423380012e-10,-8.52613163625803e-11,-1.72686320162028e-10,2.79765152964973e-10,-7.87345816792743e-11,-1.52188710141609e-10,5.10541688651008e-11,-1.42012061204286e-10,-3.3134584868361e-10,1.21040403378798e-10,-1.5253552871234e-10,2.38342770687673e-10,4.54284970514878e-10,3.23679281789511e-10,1.30061314991249e-10,1.36520494742988e-10,1.08202941647941e-10,-1.73211086669157e-10,-2.12259294451195e-10,8.02310915257109e-11,8.15162135494631e-11,-4.26787658424479e-11,1.87588143731678e-10,1.27348750664178e-10,-2.36964661094942e-12,-3.33423727229758e-11,-1.86982576157084e-10,1.97880914247016e-10,2.77162562755717e-10,9.45947666599137e-11,3.44970626920451e-10,-3.57764325407441e-10,4.99994950910791e-10,1.3829224079368e-10,2.41155935749097e-10,2.374911848317e-10,-3.14950689941973e-10,2.40700716700415e-10,1.19247008168949e-10,5.91790376721457e-11,-1.64800487989405e-10,-3.03282301895209e-10,-2.09136604989566e-10,2.11379213924111e-10,2.60559995807052e-10,-3.31387715165933e-10,-2.0878919549275e-10,-3.20105875640563e-10,2.98485820888308e-11,9.1116599200454e-11,1.58297349296323e-10,-1.79089801180036e-10,8.69064478139576e-11,1.62264945716887e-11,-1.46025298430554e-10,-3.53019364907104e-10,-1.80173802458444e-10,-4.69200189175346e-11,-4.64213917605877e-11,1.78500276199664e-10,1.32516930499494e-10,-5.35272727754413e-10,3.45999812179371e-10,-1.97700127291406e-11,2.7375504782578e-10,-7.74420723105564e-11,5.05643536261543e-11,4.88239098564773e-10,-3.08005375811785e-12,-3.39234469778262e-10,-7.04257549859264e-11,-8.78432039838008e-11,3.44661032932309e-10,1.39353747441824e-10,-3.14159898454145e-10,2.38090636518228e-10,1.05641613799932e-10,5.75118235173527e-11,8.61730309909385e-11,-5.99338389516752e-11,2.45348821759074e-11,-1.24549162811415e-10,-4.21503350449182e-10,-6.08751855083441e-11,1.49736508297372e-10,4.5544851995046e-11,-3.30974805346948e-10,-2.47397902021067e-10,-1.12681010205072e-10,-2.72554297921915e-10,7.27918635254477e-11,-2.1172539693386e-10,-2.02158603418443e-10,6.7341774659773e-10,-4.95564223505289e-12,-3.33660237559721e-11,-6.59105469903635e-11,-5.68996212329172e-10,2.53463474554247e-10,-1.54379918716563e-10,1.68931945561145e-10,-2.95852887320415e-10,3.16442602407173e-11,1.49309002419791e-10,4.49723761146236e-11,4.8452618511101e-11,9.98444648061556e-11,3.34867124271595e-10,-2.06287916365937e-10,-6.11138260322064e-11,5.23100764700948e-11,-3.59504220395619e-10,-6.41190737100077e-11,7.45183385314893e-11,-1.16979716300938e-10,-1.29203324602538e-10,-2.01090054086778e-10,3.15726249566322e-10,8.30585680003514e-11,1.48232050405596e-12,4.75007023550998e-10,4.67723812008519e-10,5.60041530017457e-12,5.67767229747347e-11,-5.29297935741446e-10,1.68658847636679e-10,-2.63843078261196e-10,-1.25182309204014e-10,-4.73125237858045e-10,-1.49467284659624e-10,-2.71461663202137e-11,-4.3683205662397e-10,4.28464167371068e-10,3.77465989473253e-10,-7.9408989616149e-11,-2.2988730446708e-10,1.07442896831678e-10,7.02241795986615e-12,-4.00475348896323e-10,-1.00924863289071e-10,7.31303852611728e-11,-3.39974387936242e-10,-6.13875182591709e-10,6.67563180540626e-12,1.05348596711979e-10,1.22161983218791e-10,5.56517021046602e-10,2.27091980895392e-10,-8.33556322052042e-11,1.11380626248107e-10,-9.06040752472115e-11,-5.85149376731461e-11,1.1037751270596e-10,-4.05536578113147e-11,6.04902080636219e-10,-3.64441741116308e-10,5.37469600365866e-10,-1.11895606169861e-10,-3.09934642581538e-10,7.53429338220935e-10,-2.78005585852966e-11,1.7307828594005e-11,-4.56551509017561e-10,-1.03111248977264e-10,3.5953337887247e-10,4.2240877750928e-10,2.0735941831891e-10,-1.32048427416662e-10,2.38835190571707e-10,2.40535946493841e-10,-7.61590872236568e-11,4.67804998352001e-10,-1.06247877884375e-10,4.30183960915515e-10,6.24761291760077e-11,1.85797834372023e-11,-3.05479131002303e-10,-2.54725104666947e-10,4.96233457503795e-10,7.31484196798588e-11,-7.8299504033016e-12,-2.04378483361382e-10,-4.07380432223934e-10,2.0496878339311e-10,3.03744481879209e-10,3.64475647471979e-10,-3.67105792539669e-10,1.03624238018959e-10,-6.83857885140461e-11,3.1292821451373e-10,-2.56458543014137e-10,-3.28777660115128e-11,-7.31569848406859e-11,1.10259382588668e-10,-8.96482664597069e-11,-1.07614711022285e-10,-1.50757807872834e-10,2.8505873913047e-10,2.78208111807916e-10,-2.13656785282469e-10,-4.83131372875338e-11,3.32790103527254e-11,7.06556212198432e-11,1.98971857023412e-10,-2.52388451044253e-10,3.40096892432487e-11,-1.10202645129837e-10,4.14207646722315e-10,1.42781101237705e-10,6.01574959421753e-10,-9.06984110765555e-11,1.81291696345423e-10,-9.09554402206835e-11,-1.69917852200671e-10,-1.04419996426635e-10,-7.41708686902889e-11,-7.8936776499182e-12,-1.38918490787654e-10,-9.2180175978585e-11,1.79532694685997e-10,-3.05733202899008e-11,7.94966237402254e-12,1.22625304052536e-10,-3.56942152810132e-10,-1.55966388553433e-10,4.61344963642364e-11,-3.34127904811996e-10,5.61844508243625e-10,4.45472021711681e-10,-2.54993445042545e-10,-2.60072197802363e-11,1.79025474601772e-10,-5.37839767341902e-10,-5.97649069628478e-11,1.42809696023851e-10,1.9091456054863e-10,-4.84896217967848e-10,-2.34145862710028e-10,3.02383688905413e-12,-4.75129218212913e-10,-4.39173314040489e-10,1.39415233405616e-10,2.75201871476969e-10,-2.67823488813975e-10,2.47871044397095e-10,1.00108534750304e-10,-3.59798098674864e-10,4.33823010686484e-11,-6.16636004851217e-10,-4.26472450063626e-11,-4.37934703027682e-10,1.80714017725379e-10,-5.38596291293622e-11,5.30706314717886e-11,-5.93662503346642e-11,-2.46019615382124e-10,-2.253080561746e-11,-1.13889866745531e-10,-4.64909734611684e-11,-1.60284872071768e-11,2.4890838986015e-10,2.95812908037596e-10,-1.66755310247317e-10,-9.84314528103293e-11,-2.6190048508321e-10,-3.06463508348186e-11,2.84776729817884e-10,5.32422515155022e-10,-1.639818790449e-10,2.3801715517129e-10,5.74963220438346e-10,1.22374601182244e-10,-3.55153106311362e-10,6.28792300223821e-11,3.52453609981063e-10,6.21425152594226e-12,3.2107692347314e-10,-2.30538532296217e-10,4.22842987187772e-10,-1.03548491250478e-11,-1.59505008752935e-10,2.22838058579875e-10,1.66894408031564e-10,4.20427429956997e-10,-2.06039380215057e-10,3.16241327190267e-10,1.22222943492869e-10,-4.08175303244735e-11,-3.89319028192903e-10,4.14745711190718e-10,-7.7221096558704e-11,-9.05861035699278e-11,5.46705051116673e-10,-9.06866621403848e-12,-7.66977232975408e-11,-1.34398024414411e-10,-2.32223388487071e-10,2.31741234740675e-10,8.11016457180328e-12,1.31809861979575e-10,2.35976204074824e-10,-3.96216928750412e-10,-4.06775993169205e-10,-6.6985413388861e-11,-4.86874040862732e-10,2.73008145896115e-10,-2.26056560518842e-10,1.11165140976649e-10,-3.46265193267854e-11,4.53374540303873e-10,3.40649677073186e-10,1.64592214778642e-10,-3.5665723889862e-10,-2.63450716820265e-10,1.60565557627474e-10,1.17273524158692e-11,-3.73710295233757e-10,7.71407780366958e-11,-3.28499578835862e-10,-2.84028869845106e-10,-1.56525082026274e-10,8.73028890318207e-11,-7.33512417822397e-11,-3.28429201085271e-10,1.51000958040759e-11,-2.78085364341705e-10,2.02620714138517e-10,1.92396543527403e-10,6.35633559134722e-11,3.76262909563398e-10,8.75832045451935e-11,-4.83674345826617e-10,-4.73173992863401e-10,-2.68612529213016e-10,2.6987482161095e-10,-1.40155968802348e-10,-4.87538552026541e-11,2.71714218453885e-10,2.37007776331196e-10,1.65106857213911e-10,1.31416113931326e-10,-3.39549253766533e-11,-2.65407612165848e-10,-2.09525805955869e-11,-3.42846085740975e-10,1.24523125132695e-10,2.27143813779747e-10,3.25227838143739e-10,-7.03168321162378e-11,4.04348614198207e-11,1.9236057416383e-10,1.01287774860437e-10,6.37812924542338e-11,3.29290672658417e-10,-9.42608294329106e-11,-6.24718504257757e-10,-4.5310687059278e-10,-3.12938327035025e-11,-1.92876459662804e-10,2.11136564076991e-10,1.87842769589655e-10,-9.34695563078609e-11,2.38095914798832e-10,-3.08718862700917e-10,-2.65623650273509e-10,-1.76857548530635e-11,2.40930882030168e-10,-2.02685642779311e-10,-1.77608620430375e-10,-4.81480096206354e-11,-1.81755828151585e-10,-8.70371575732711e-11,-1.32680029257234e-10,-8.31527250085823e-11,3.67935117691565e-11,2.51317397601935e-10,-3.60824719521724e-10,-1.21731167690236e-11,1.90688546679979e-10,-8.85047352603867e-11,-1.16093493964105e-10,-1.63403283221895e-10,3.97889723332173e-10,-2.68806096449942e-11,-1.41938187901901e-10,2.65852397171959e-10,6.05143957263501e-11,1.75148083154636e-10,-8.67080635670209e-11,-2.06913902459331e-11,-1.74950121056108e-10,-1.63396875314528e-10,2.41779662253503e-10,-1.97153585091511e-10,-3.34803157894743e-10,3.50106211630295e-11,1.33021147755147e-11,5.48865503740751e-11,-1.66080506871811e-10,1.20038423525123e-11,-2.61920467708622e-10,1.6406696934122e-11,-1.2519292228849e-10,-4.1164386810077e-11,-1.96476617107857e-10,2.59953536557221e-11,5.69872084606706e-10,-4.13126075135924e-10,1.79521912345512e-10,-8.03546686369487e-11,2.31576658960524e-10,2.36880545352922e-11,7.05240876104193e-10,-1.02449277212774e-10,1.00823010856943e-11,1.64894099622385e-10,-1.58166618509617e-10,-1.2128529115922e-10,2.32213154275287e-10,2.71222536438697e-10,-2.66235977629046e-10,-2.14267426041888e-10,3.02302588040242e-10,3.03282425000722e-10,7.46865166015908e-10,3.35936722452669e-10,-4.59483064570168e-10,3.28754650726377e-10,7.29258040628275e-12,-5.99779381114606e-11,5.81361274988571e-11,-2.69091234253961e-10,3.71925293362612e-11,-2.89021351626609e-10,-2.28740043799475e-10,3.52675994923274e-10,-7.85228474199215e-11,2.90216337874303e-10,2.50786412125658e-10,5.31574892640352e-11,-2.01681497269213e-10,-6.16920073752154e-11,1.73545253794532e-10,-2.14702929902999e-10,-4.99519729916676e-10,-3.65344070870604e-10,-6.12960049937925e-11,2.21238768118841e-11,1.72796241802946e-10,-1.6985409461644e-10,-3.01349353069938e-10,-2.29082605772201e-10,3.51070334920364e-11,3.0041877185898e-10,-3.48932344353997e-10,1.2927866694608e-10,-2.72211159868871e-10,2.42173641816935e-10,-3.37187167560139e-10,2.96967448040111e-11,3.25568590905871e-10,-8.44290369263055e-11,-1.19263711484961e-11,-1.00963864061719e-10,-4.19523684055143e-11,-6.44882395952447e-10,6.06884867747951e-10,1.50773329302759e-10,-3.50448720183885e-10,1.40461937340595e-10,-2.76256437622901e-11,-4.54155963412954e-10,1.05814190205893e-10,8.29686278121258e-11,1.61462668389954e-10,-3.26406291648278e-10,2.89745672692292e-10,-1.12549996254451e-10,5.6169425031e-11,-1.03159945483002e-10,1.86883052388586e-10,1.04585504084123e-10,-3.42635173984076e-10,-2.07868808988129e-10,1.82455453955895e-10,5.54372688066495e-10,-1.63439868540066e-10,-4.47674556003072e-11,-2.90015411680291e-10,-3.08308052688283e-10,-5.91412234250248e-11,-1.50892951335809e-10,-1.74604623490675e-10,5.55904741257871e-11,1.55027851050022e-10,-1.13349523466281e-10,-4.98621287918208e-11,2.47214564559413e-10,5.75788573256494e-10,-2.41504963583737e-10,-4.51913542272634e-10,-1.82562410095989e-10,1.1029789232113e-10,-1.25954871771184e-10,-5.34077445345261e-10,1.24122561462775e-10,1.19927219717132e-10,-3.17237199979206e-11,-5.393031845318e-11,-2.31268137092771e-10,1.93755932496395e-11,7.58547102540764e-11,-7.72540566446364e-11,5.50207961520665e-11,1.91672853094455e-10,2.23541518307135e-10,-7.06739641857965e-11,8.78442806437863e-11,-3.03959401979014e-11,-1.63560146497551e-12,3.06772496695295e-10,6.72430982801359e-11,1.04199652720642e-11,2.2503418977619e-10,2.43352354482695e-10,2.92218851020301e-11,5.99960447222119e-10,-5.17572172768661e-11,-2.88932539405954e-10,1.54425859071618e-10,3.98049303956433e-10,-9.49819184090081e-11,6.61660936833847e-12,2.26368667375048e-10,1.07747201075823e-10,1.40796747567969e-10,-1.03066345761835e-10,-4.3149390991632e-10,-2.52435005579661e-11,-1.54897292392162e-10,-1.05876287031371e-10,1.5191820275894e-10,1.74153088623401e-10,-3.45627487629711e-10,3.78545562443245e-10,-3.19551460061888e-10,-2.919768871977e-11,9.47748697506596e-13,-6.29729271804357e-11,-2.29340436191906e-10,-1.7312296795698e-11,1.61122090491859e-10,-1.18552139916775e-10,-1.72251868193009e-10,-2.85881252667527e-10,-3.31148904327304e-10,3.21693890406042e-10,-2.29947897875137e-10,1.33216165160584e-10,1.82226834237082e-10,-2.22861352301252e-10,-4.01702705728247e-12,2.2714467738214e-10,2.37444321422244e-10,1.00830837697367e-10,4.28472118915634e-10,1.62060531901584e-10,-3.55130741354133e-10,-1.22753631245696e-10,3.62601531082461e-10,-5.7592185822581e-11,-3.08169321821231e-10,9.68445681526017e-11,-4.25487661297944e-10,1.81114200836649e-11,1.96047772485359e-10,1.21971251538244e-10,1.24907768774704e-10,2.53827142969831e-10,-5.06777608747092e-10,3.50541602578581e-10,1.70349456279855e-10,-1.91980645897057e-10,1.60155796587207e-10,1.0532025009343e-10,-2.3109692718873e-10,-4.97538070229303e-11,2.98217432774692e-10,1.23679638653339e-10,8.25894929589139e-11,-1.93870597536382e-10,-1.11014041581522e-11,4.41882430748228e-12,-1.53437421880672e-10,-2.69004488329072e-10,8.49886686207258e-10,-1.34361296811153e-10,1.92788956890848e-11,2.72653327966037e-10,2.03690457590672e-10,-2.60594317183313e-10,-1.80473103370807e-10,-2.16554193277661e-10,-1.03853969731308e-10,2.32957493376143e-10,2.53288166770686e-10,-3.89285963339267e-10,2.40846304719313e-10,1.22919687919075e-10,-1.25168365240222e-11,-1.80153984019801e-10,5.54284375243176e-11,-2.42279920367184e-10,3.22754158151573e-10,-6.79430856672897e-11,-2.50041273886198e-10,-5.25134746167431e-10,-1.45190979163398e-11,-2.84390979209786e-10,-2.12342987589304e-10,-1.37837989927927e-10,-1.01743484044085e-10,1.22994344844023e-10,3.92451606005938e-10,5.77937543556442e-11,-6.23661090201071e-11,-4.44629913284608e-10,1.56696194609886e-10,-3.57468536102437e-10,2.38299680115761e-10,1.37545641933627e-10,1.03334323078251e-10,3.34260532820391e-10,-1.29697741880675e-10,1.40571328661782e-10,3.5351378632058e-10,1.67272994295787e-10,-1.96037374552294e-10,-5.02924996538491e-11,4.85553157117583e-11,-2.06063933896716e-10,-2.85402151723307e-10,3.02316915749504e-11,-5.30832713481365e-10,-5.66722578874391e-11,1.92489811880558e-10,4.6135867127909e-10,-1.80052815093924e-10,1.88483735333328e-11,1.43796742772981e-10,-9.97927154322275e-11,-2.03199406588233e-10,1.43220750899752e-10,5.89778470179615e-10,-1.44443827048701e-11,3.91108940919954e-10,1.40677691696558e-10,2.67845473869002e-10,3.19350591409768e-11,4.86774170989157e-11,-1.09902105030019e-11,9.2798173054579e-11,-1.83532265179191e-11,2.64561626831246e-10,2.38744371958707e-11,1.68810949787255e-10,1.03814727023102e-10,7.13608540077887e-12,1.65682789510811e-10,3.26025028634082e-10,-3.7736922049349e-10,-2.60084243828399e-10,4.0943825365174e-10,1.40774346171793e-10,3.29721323113621e-10,3.13696933932075e-10,2.75170998423727e-10,-3.60015674342226e-11,5.60877062125277e-11,4.9813696143266e-10,2.3871324607591e-10,4.47539309242999e-11,-1.72706968091643e-10,-2.14999888244121e-10,1.09972399659991e-10,-2.27103690722495e-10,-3.59214398513392e-10,-7.87169825834417e-11,9.93660901386549e-11,-3.25606079563845e-10,-3.09270635195571e-11,-1.25739197972133e-10,-2.39450131369399e-10,1.37270177293671e-10,2.23997567918396e-10,-4.09891925630565e-11,2.46557049906536e-10,-1.10985771994437e-10,2.87331445900803e-10,1.36261808877158e-10,1.34805588335578e-10,1.17677768496135e-10,1.28394894220817e-10,3.6577840047342e-10,1.87501155985156e-10,-6.30093404969236e-11,-1.92549752340836e-11,-2.15759727683135e-10,4.28801012137486e-10,-1.8803609897857e-10,-5.03055298227558e-11,-6.25286482251285e-11,-6.8757136145796e-11,-3.19060148060298e-10,-2.62924369337488e-10,2.47788071366887e-10,1.41316754921236e-10,5.66226520707184e-10,-1.04265305314434e-11,4.3326334805515e-11,-3.96532075297521e-11,5.63573008365456e-10,2.53866785254808e-10,2.26756456225892e-10,-1.03156736336332e-10,2.31472177209058e-11,3.58044093467425e-10,9.28193689206225e-11,1.94693619728121e-10,-2.59166625799093e-11,-1.15858127835749e-11,-2.73914567262152e-10,2.17408483913617e-10,-2.07972878863839e-10,5.59875052216791e-12,-1.61971400061503e-10,2.117400129477e-10,7.15646703880083e-11,1.20427080413155e-10,-7.43014180640789e-11,4.73752227829424e-10,9.27443665738087e-11,2.83916403774128e-11,4.92519877551136e-11,4.73858259719387e-11,2.70219088500258e-10,-3.45919159967796e-10,-1.6233644197959e-11,-1.28667863908509e-10,2.71500345393457e-10,1.71498611850804e-11,-1.939703473996e-10,-2.67751775248628e-10,-5.12637125986406e-10,1.03881106529968e-10,-8.48265651305557e-12,-5.2986615080974e-11,1.94085262001443e-10,-4.55998139533377e-10,-3.88759243617296e-10,3.78563734404623e-10,-2.84878407100041e-10,1.67656547307948e-10,5.03350043822266e-13,-2.99577196015321e-10,2.419878667235e-10,3.471363088044e-10,3.05698698665482e-10,-2.82511684052975e-10,-5.55719260782807e-10,-4.43923234761671e-11,9.62778779739396e-11,9.00658862712623e-11,2.66475614564206e-11,-2.07998456993289e-10,2.20659800432163e-10,-7.98086302066356e-11,2.94500999767715e-10,3.88148975192137e-10,-8.4438199220148e-11,-5.82539901591408e-11,9.68542271498451e-11,-4.8295912392424e-10,-2.22272505504332e-10,-3.56383615685046e-11,7.9135968877457e-12,-2.40640875697763e-10,-2.58833823875241e-10,-4.49740648953574e-10,-5.13639594632291e-10,-1.43371910162974e-10,6.86108666005471e-11,-3.44409900348401e-12,4.07801777799746e-10,-2.6573336055594e-10,-1.53735630951103e-10,1.6729279941773e-10,-2.75228138419027e-10,1.34794031697943e-10,-1.71964966010711e-10,-5.09564382223743e-10,7.21444948600723e-12,-6.66688886695671e-10,7.85012457900246e-12,1.6966040446351e-10,-7.01392786550914e-11,1.63658972975685e-10,-2.39686075767667e-11,-3.72202280030869e-10,-2.659585676681e-10,-2.20053001274709e-11,4.68525287906558e-11,-4.61197401994432e-10,9.85249345376751e-11,1.76366780559175e-10,1.53122694447466e-10,1.14029721990051e-10,3.38569292825665e-10,1.75687325614071e-10,1.01913055139096e-10,-2.46616122617901e-10,-3.27182160023116e-11,-1.91249289137194e-10,2.24098671209739e-10,-1.96608805642432e-10,3.16838857970357e-10,-1.92664800397784e-10,-2.11381220976133e-10,-5.43806564846919e-10,1.92042270795124e-11,2.31923470792738e-10,1.55247893325893e-10,1.7238168304357e-10,1.99674249597882e-10,2.39666503521467e-10,1.72961302684038e-10,1.29595898425145e-10,9.30406678274199e-11,-9.51188583717968e-11,3.05506912721322e-10,-2.83049024021891e-10,-1.84374902140314e-10,1.65701222959727e-10,2.04955358623173e-10,-3.29918307721534e-11,3.5670815574411e-10,1.41234430936527e-09,1.66237905055515e-09,3.05330367290625e-09,3.76146531902113e-09,5.33395147563791e-09,6.47474140655946e-09,8.39488344501755e-09,1.02416007954675e-08,1.31982348659392e-08,1.58580735008137e-08,1.93116283442549e-08,2.38507159690974e-08,2.99806434136333e-08,3.83962259226377e-08
