v,0.25
Patm,100000
g,9.81
r,500
G,10^9.4
rho,2800
mu,10^3.74
rc,20
 
M,10^5.28
sigma,0.5
 
tilt_erupt,40.2115nrad
 
-1034,-1033,-1032,-1031,-1030,-1029,-1028,-1027,-1026,-1025,-1024,-1023,-1022,-1021,-1020,-1019,-1018,-1017,-1016,-1015,-1014,-1013,-1012,-1011,-1010,-1009,-1008,-1007,-1006,-1005,-1004,-1003,-1002,-1001,-1000,-999,-998,-997,-996,-995,-994,-993,-992,-991,-990,-989,-988,-987,-986,-985,-984,-983,-982,-981,-980,-979,-978,-977,-976,-975,-974,-973,-972,-971,-970,-969,-968,-967,-966,-965,-964,-963,-962,-961,-960,-959,-958,-957,-956,-955,-954,-953,-952,-951,-950,-949,-948,-947,-946,-945,-944,-943,-942,-941,-940,-939,-938,-937,-936,-935,-934,-933,-932,-931,-930,-929,-928,-927,-926,-925,-924,-923,-922,-921,-920,-919,-918,-917,-916,-915,-914,-913,-912,-911,-910,-909,-908,-907,-906,-905,-904,-903,-902,-901,-900,-899,-898,-897,-896,-895,-894,-893,-892,-891,-890,-889,-888,-887,-886,-885,-884,-883,-882,-881,-880,-879,-878,-877,-876,-875,-874,-873,-872,-871,-870,-869,-868,-867,-866,-865,-864,-863,-862,-861,-860,-859,-858,-857,-856,-855,-854,-853,-852,-851,-850,-849,-848,-847,-846,-845,-844,-843,-842,-841,-840,-839,-838,-837,-836,-835,-834,-833,-832,-831,-830,-829,-828,-827,-826,-825,-824,-823,-822,-821,-820,-819,-818,-817,-816,-815,-814,-813,-812,-811,-810,-809,-808,-807,-806,-805,-804,-803,-802,-801,-800,-799,-798,-797,-796,-795,-794,-793,-792,-791,-790,-789,-788,-787,-786,-785,-784,-783,-782,-781,-780,-779,-778,-777,-776,-775,-774,-773,-772,-771,-770,-769,-768,-767,-766,-765,-764,-763,-762,-761,-760,-759,-758,-757,-756,-755,-754,-753,-752,-751,-750,-749,-748,-747,-746,-745,-744,-743,-742,-741,-740,-739,-738,-737,-736,-735,-734,-733,-732,-731,-730,-729,-728,-727,-726,-725,-724,-723,-722,-721,-720,-719,-718,-717,-716,-715,-714,-713,-712,-711,-710,-709,-708,-707,-706,-705,-704,-703,-702,-701,-700,-699,-698,-697,-696,-695,-694,-693,-692,-691,-690,-689,-688,-687,-686,-685,-684,-683,-682,-681,-680,-679,-678,-677,-676,-675,-674,-673,-672,-671,-670,-669,-668,-667,-666,-665,-664,-663,-662,-661,-660,-659,-658,-657,-656,-655,-654,-653,-652,-651,-650,-649,-648,-647,-646,-645,-644,-643,-642,-641,-640,-639,-638,-637,-636,-635,-634,-633,-632,-631,-630,-629,-628,-627,-626,-625,-624,-623,-622,-621,-620,-619,-618,-617,-616,-615,-614,-613,-612,-611,-610,-609,-608,-607,-606,-605,-604,-603,-602,-601,-600,-599,-598,-597,-596,-595,-594,-593,-592,-591,-590,-589,-588,-587,-586,-585,-584,-583,-582,-581,-580,-579,-578,-577,-576,-575,-574,-573,-572,-571,-570,-569,-568,-567,-566,-565,-564,-563,-562,-561,-560,-559,-558,-557,-556,-555,-554,-553,-552,-551,-550,-549,-548,-547,-546,-545,-544,-543,-542,-541,-540,-539,-538,-537,-536,-535,-534,-533,-532,-531,-530,-529,-528,-527,-526,-525,-524,-523,-522,-521,-520,-519,-518,-517,-516,-515,-514,-513,-512,-511,-510,-509,-508,-507,-506,-505,-504,-503,-502,-501,-500,-499,-498,-497,-496,-495,-494,-493,-492,-491,-490,-489,-488,-487,-486,-485,-484,-483,-482,-481,-480,-479,-478,-477,-476,-475,-474,-473,-472,-471,-470,-469,-468,-467,-466,-465,-464,-463,-462,-461,-460,-459,-458,-457,-456,-455,-454,-453,-452,-451,-450,-449,-448,-447,-446,-445,-444,-443,-442,-441,-440,-439,-438,-437,-436,-435,-434,-433,-432,-431,-430,-429,-428,-427,-426,-425,-424,-423,-422,-421,-420,-419,-418,-417,-416,-415,-414,-413,-412,-411,-410,-409,-408,-407,-406,-405,-404,-403,-402,-401,-400,-399,-398,-397,-396,-395,-394,-393,-392,-391,-390,-389,-388,-387,-386,-385,-384,-383,-382,-381,-380,-379,-378,-377,-376,-375,-374,-373,-372,-371,-370,-369,-368,-367,-366,-365,-364,-363,-362,-361,-360,-359,-358,-357,-356,-355,-354,-353,-352,-351,-350,-349,-348,-347,-346,-345,-344,-343,-342,-341,-340,-339,-338,-337,-336,-335,-334,-333,-332,-331,-330,-329,-328,-327,-326,-325,-324,-323,-322,-321,-320,-319,-318,-317,-316,-315,-314,-313,-312,-311,-310,-309,-308,-307,-306,-305,-304,-303,-302,-301,-300,-299,-298,-297,-296,-295,-294,-293,-292,-291,-290,-289,-288,-287,-286,-285,-284,-283,-282,-281,-280,-279,-278,-277,-276,-275,-274,-273,-272,-271,-270,-269,-268,-267,-266,-265,-264,-263,-262,-261,-260,-259,-258,-257,-256,-255,-254,-253,-252,-251,-250,-249,-248,-247,-246,-245,-244,-243,-242,-241,-240,-239,-238,-237,-236,-235,-234,-233,-232,-231,-230,-229,-228,-227,-226,-225,-224,-223,-222,-221,-220,-219,-218,-217,-216,-215,-214,-213,-212,-211,-210,-209,-208,-207,-206,-205,-204,-203,-202,-201,-200,-199,-198,-197,-196,-195,-194,-193,-192,-191,-190,-189,-188,-187,-186,-185,-184,-183,-182,-181,-180,-179,-178,-177,-176,-175,-174,-173,-172,-171,-170,-169,-168,-167,-166,-165,-164,-163,-162,-161,-160,-159,-158,-157,-156,-155,-154,-153,-152,-151,-150,-149,-148,-147,-146,-145,-144,-143,-142,-141,-140,-139,-138,-137,-136,-135,-134,-133,-132,-131,-130,-129,-128,-127,-126,-125,-124,-123,-122,-121,-120,-119,-118,-117,-116,-115,-114,-113,-112,-111,-110,-109,-108,-107,-106,-105,-104,-103,-102,-101,-100,-99,-98,-97,-96,-95,-94,-93,-92,-91,-90,-89,-88,-87,-86,-85,-84,-83,-82,-81,-80,-79,-78,-77,-76,-75,-74,-73,-72,-71,-70,-69,-68,-67,-66,-65,-64,-63,-62,-61,-60,-59,-58,-57,-56,-55,-54,-53,-52,-51,-50,-49,-48,-47,-46,-45,-44,-43,-42,-41,-40,-39,-38,-37,-36,-35,-34,-33,-32,-31,-30,-29,-28,-27,-26,-25,-24,-23,-22,-21,-20,-19,-18,-17,-16,-16,-15,-14,-13,-12,-11,-10,-9,-8,-7,-6,-5,-4,-3,-2,-1,0
-5.07123612280071e-10,5.06288530614382e-11,-1.42634877638259e-10,-9.93503785592081e-10,5.35205767018522e-10,-7.32691314354993e-11,7.37254902982167e-10,-7.36603285303362e-10,-1.05039858589672e-10,1.67342991779987e-10,-7.38655606557077e-11,-4.14551714499605e-10,4.76857390458424e-10,5.22536777076474e-11,-3.96355935168906e-12,-3.60594688656059e-10,-6.92937753900884e-10,-5.65300047563042e-10,4.03720637458455e-10,1.35390821157729e-10,-1.04334704654304e-10,1.24585476973157e-10,3.33087146799833e-11,-2.48247294087082e-10,-7.09733775442362e-10,-1.12339190742548e-10,3.98936138517385e-10,2.22781894970774e-11,3.53114980872278e-10,1.61672838608893e-10,3.58375527153648e-10,-5.07676314954843e-10,-3.33359300561525e-11,8.32119515209298e-10,-8.0513014016486e-11,1.90754341108983e-10,-6.06919422100117e-10,2.64355308168716e-11,4.8070207101169e-11,-3.6811993054504e-10,2.02047781462261e-10,-8.83019985169781e-10,6.54538484745299e-10,7.28680215395833e-10,2.37792755215766e-10,3.77648588462429e-11,-3.18178073358868e-10,1.61179649223582e-10,-4.75809656845741e-10,-1.63145785074239e-10,4.28739024239197e-10,4.34208948432404e-10,-6.4243008119699e-11,-2.04137120798394e-10,4.14078006486247e-10,8.36615896141026e-10,-3.33970859991672e-10,1.26136610358623e-10,-7.61727566684754e-10,3.50898660741236e-10,1.70003799010327e-11,-2.2669620239273e-10,9.52775231713643e-10,-9.31761444806698e-10,3.63168660061704e-10,-2.03883287260733e-10,1.72592450298946e-10,-1.43200433723095e-10,1.24446817782302e-09,-2.99756743053117e-10,2.60198498069976e-10,-1.84626286681495e-10,5.70027948784328e-10,-8.87387071687552e-11,8.37911148516329e-10,-3.24144566182622e-10,-2.55005926045407e-10,1.64310133422768e-10,-1.29345613824917e-10,-1.81578431301843e-11,-1.63637060483791e-10,3.47595827284145e-10,1.35578629592345e-10,-3.67426674659626e-10,-2.11643420228688e-10,5.37602705019889e-10,-5.64970675913155e-10,-4.88190590814743e-10,1.93670331019271e-10,-7.28791795818146e-10,7.37011725730454e-10,7.46138968878571e-10,1.25076153540746e-10,-5.60356119712281e-10,4.26501147710825e-11,5.14962944078935e-11,-9.35817805509278e-11,3.29381416507385e-11,-1.30981170689876e-10,2.29049536747035e-10,3.74926866967231e-10,-4.74623819405779e-10,-5.19025950889632e-10,6.86821246773502e-10,-4.13396161255817e-10,-1.46921515960256e-09,-1.78258106755239e-10,-1.21483062098366e-10,4.91546005151382e-11,9.59954484247672e-11,4.70755503509805e-10,1.68244408015364e-10,1.39322215209371e-10,5.16101287958138e-10,2.34866628742706e-10,-7.78177701269486e-10,2.75665040767552e-10,-1.17994657617121e-10,2.60823234932244e-10,-3.74301092772902e-10,1.1104766572852e-09,-2.77036174856682e-10,-8.16559107606758e-10,7.61652213592412e-10,-4.02195058418561e-12,-6.74029789362436e-10,-5.84830757936777e-10,1.57656869568622e-10,4.67784649990837e-10,-3.06638072596607e-10,2.74875529042758e-10,-4.15056849877598e-10,9.27037985468969e-10,2.37872538280302e-10,-1.42410783515698e-10,7.03152027775405e-10,1.14642494472342e-10,2.54585023376896e-10,-4.55817601898894e-10,8.81106723206802e-11,3.60025160610952e-10,-3.45370527881023e-11,3.2926911404295e-10,-6.67648932988708e-11,2.63501393789411e-10,-6.43067342415005e-10,-5.32291411312005e-10,-4.37005031463049e-10,7.12025057821645e-10,3.72522216772655e-10,2.62218305352107e-11,-4.89015545783376e-10,-1.60141611100524e-10,-1.41731338851948e-10,-3.04070962799842e-10,7.82139525275937e-10,5.77002987071895e-10,4.8710185424052e-10,-5.21358808328605e-10,-1.97262799172247e-10,8.53854822285797e-11,1.06831310818305e-09,1.64786222463894e-10,-5.59331851483083e-10,-3.49121944019022e-10,-7.47022446571853e-10,2.09447989977489e-10,5.20392920438776e-10,1.33805938333946e-10,-1.23656228281803e-10,1.012743475491e-09,4.14243877662733e-11,-2.79077891869229e-10,-5.99719666216839e-10,2.7152961254475e-10,9.31885257572708e-10,3.28245017911953e-10,2.20825051342846e-10,4.97364372473602e-11,6.67471848189869e-10,8.16463675088425e-10,1.97225605139271e-10,-8.04779086729303e-10,-1.8582325315734e-12,3.22637938527158e-10,4.56611224826934e-10,-7.55298563531717e-10,-4.12761093278702e-10,-7.77656463685996e-10,-9.64112820258528e-10,3.95810563773635e-10,-1.21453894718032e-10,3.65744486554686e-10,-1.43542976135317e-10,-3.14282460489982e-10,1.2094885166104e-10,-2.35935527406073e-10,3.83553707002853e-10,8.0012462697041e-13,1.80761290555139e-10,2.364227524239e-10,4.74606126086042e-10,4.25461698679611e-10,1.42990893916633e-10,-1.62060930143611e-10,-4.4034715791766e-11,-6.61629382453755e-10,2.20859280912198e-10,-2.50935343280295e-10,-3.22735037800978e-10,1.21517483987938e-10,7.05686371124705e-11,3.47442646971892e-10,5.92395344886807e-10,9.22139217608831e-11,-5.18792743892118e-10,-1.48066138244089e-10,-7.94287373963817e-10,8.83211343705807e-10,2.88789312302301e-10,-5.34290084842927e-10,-1.26344919473815e-10,2.20504254859598e-10,1.2669888317701e-09,-9.99112204848178e-11,-7.05394187294301e-11,-5.31869333672039e-10,-2.92529204236395e-10,-7.01080607552282e-10,5.91344783502733e-10,-1.24852415124999e-10,9.60989271112638e-12,-3.76675064254798e-10,7.44968440871992e-10,4.37187539632858e-10,2.16365419551004e-10,6.50142733681778e-10,-5.2179648305657e-10,-3.93206119402673e-11,5.1231507133839e-10,-4.00859866651344e-10,-6.73896053997997e-10,4.7068406203715e-10,-7.04839216246069e-10,-6.33927217075633e-10,3.32176648101975e-11,7.80402301510297e-10,-7.10517532207285e-10,-4.17614363895314e-10,5.47440118727734e-10,-4.9797505014657e-11,-7.12661714616392e-10,-4.49197553550046e-10,-5.67083764813223e-10,-2.08553230320304e-10,6.5438387039172e-10,-5.44336811561517e-10,-4.11326332686967e-10,4.94678385219358e-10,-5.27961010777685e-11,-4.78942389240367e-10,7.85142970073559e-10,5.15186544561054e-10,7.80880029320579e-10,-6.41320328444375e-10,4.5202473862147e-11,2.45688841982622e-10,-1.1100079129341e-09,-8.12157023001304e-10,-3.49955933774445e-10,5.34516092973086e-10,-1.81137105644984e-10,-3.38397467569327e-10,3.0640215904536e-10,-3.71705652526059e-11,5.73147373207211e-10,-1.00624945239345e-10,-1.0705767355135e-09,-4.80595596383241e-10,1.35786595518129e-11,4.66830805392052e-10,2.21648785831311e-10,-3.48659909576891e-11,2.90285313233426e-10,4.8820652295335e-14,7.11842130810623e-10,-3.29776345619688e-11,3.57737678133272e-11,-5.91746683937262e-10,-6.96278725951528e-10,2.82128881926997e-10,6.81477806145969e-10,1.19796786049824e-10,2.39900438748245e-10,-9.77165876039325e-11,-6.2734245583081e-10,6.54843858279092e-10,-3.54581013456271e-10,-5.31439362043683e-10,-1.85279182212629e-10,5.40513610296235e-10,-6.64668531752453e-10,-7.61410745841185e-10,-1.55277232326618e-11,4.06608085043075e-10,-2.20488995073915e-10,1.92848897858474e-10,-8.91724392665043e-11,-3.10347811630264e-10,9.25941032490265e-10,5.38811677092762e-10,-1.49184138488957e-10,-7.4231491899378e-10,4.51090030607468e-10,4.36810657838062e-10,3.0234718549954e-10,2.65506661621322e-10,7.37198423542813e-10,6.63558910286975e-10,1.91225875239832e-10,2.14045376212596e-10,1.70280902506784e-11,7.54541371352953e-10,6.99393420626027e-10,-2.15558902652511e-11,-4.42631885200157e-11,1.83949820537045e-10,2.28220563603419e-10,-2.15551734276219e-10,-2.83357440836099e-10,7.90370966870061e-10,5.28564337950321e-11,-2.91698114180413e-10,-6.68698847985749e-10,-2.72629259120458e-10,-2.81346665871184e-12,-5.80691107805312e-10,8.26177266939602e-11,-3.32148000449665e-10,-3.53089909941953e-10,5.5172610855916e-11,7.84280746705507e-11,8.07951232583636e-10,-3.39128674078834e-12,-9.86029895658234e-10,-1.39157946156716e-10,2.51863287205263e-10,1.09068207565729e-10,-6.00355282958865e-10,6.10533953459203e-11,-4.09211565432723e-10,-2.91737279805878e-10,5.91956282694912e-10,-3.92785978195868e-10,-1.11512075915905e-10,-1.40976683426122e-11,-9.32080624688244e-11,-4.31579383102724e-10,-2.86790713925499e-10,2.27234331890306e-10,2.42545764996016e-10,-7.58981380923834e-10,-8.37339696042925e-10,3.27522539774391e-10,2.38865153185028e-10,8.39691725443412e-10,1.56453304380942e-10,5.37884872911775e-11,-7.64427783304796e-10,-6.92056240490855e-10,3.15001573285225e-10,1.62177592126758e-09,2.39857747718515e-11,9.26418117278687e-10,-1.60789825311844e-10,-1.81236774215556e-10,8.08952663346784e-10,-3.42389433805662e-10,1.14636676021132e-09,3.08362725024915e-10,4.51673805172065e-11,1.99228915817287e-10,1.21864389062087e-09,7.48790705860616e-10,-1.11602463408475e-09,-3.95858097370013e-10,-8.91290802109057e-10,-4.39221633508302e-12,-7.72631704537113e-10,1.85908910661878e-10,5.93895571510285e-11,-2.40922243104051e-10,-2.77743401319899e-10,1.26602382816462e-10,3.42599459857017e-10,1.15090097688962e-10,-4.41462003772466e-10,7.69482688204449e-10,2.62296841822169e-10,3.25064647582978e-11,6.11031658697006e-11,-5.02064545859073e-10,1.38145891215322e-09,3.67184804158377e-10,-3.2486839752072e-10,-1.9530087045678e-10,-4.14223311355375e-10,-3.0771014216911e-11,5.41716279846848e-10,-8.86476791674159e-10,-1.40140327140285e-10,5.92543571026121e-10,-3.3756775733346e-10,1.25607089725881e-09,-3.22447472212515e-10,-2.49616233688998e-10,5.61064332821391e-10,-3.14568232459603e-10,1.00049745718891e-09,1.50752251388817e-10,-3.88204349473979e-10,9.95676120770509e-10,3.90088005388081e-12,-7.52647801111943e-11,-2.8539044766633e-10,3.84036463109543e-10,-6.86807232977672e-10,-1.08093735209469e-10,1.5351969950617e-10,1.05959024362234e-10,1.42625217587128e-10,-6.35024175973245e-11,1.47138353764496e-10,1.89456635412385e-10,6.05291303357643e-10,-7.82557375032103e-10,-1.28300819100644e-10,-6.04879397004849e-10,2.25940603977484e-10,-4.91261068705019e-10,9.40577490261846e-10,-3.84564758655151e-10,1.31005072246747e-11,-6.84273933584542e-10,5.84818505790429e-11,1.31130780282019e-10,-2.98180594278047e-10,-3.86092011286909e-10,4.69999849940858e-10,-8.62607419926442e-10,3.06705744513977e-10,7.81662973158195e-10,-1.64001549018911e-10,-1.89457869990316e-10,-5.38038910536036e-10,-8.63620644709452e-10,-2.65709457194812e-10,6.67231297795056e-10,6.13100694694169e-11,1.17282172683424e-10,1.19825323539697e-10,-8.34313237173543e-10,2.1168766457137e-10,-2.10851628315055e-11,-5.39085911847076e-10,-6.2834422242605e-10,-4.90328459588495e-10,-1.27415790843442e-09,-1.29695584164063e-10,3.85776958787561e-10,7.39223267333352e-10,8.65785795417457e-11,-1.92971911163847e-10,1.91887158230281e-10,3.94297153906545e-10,-1.51783152395078e-09,7.72869981167987e-10,-1.34806842990463e-09,-5.48663871400789e-11,8.16411430174128e-10,2.67338672326133e-10,-2.36561892182081e-10,5.98453839523476e-10,4.29500616404747e-11,-1.79536825284375e-10,3.22869793071392e-10,3.39089432186877e-10,-1.73817783285467e-09,2.83472854094606e-10,-6.9046655807389e-10,-4.66466143159792e-10,1.02247645450093e-09,-1.10871019584193e-09,-7.37752239011334e-10,-1.50969206328246e-10,1.6942745563529e-10,5.56843418045665e-11,-4.40995317416903e-10,4.43260076138271e-10,-7.79629357086534e-10,-4.41799775327232e-10,1.22573848564587e-10,9.33108440678486e-12,8.14677654875707e-10,6.14836709933634e-10,-2.51443496228276e-10,2.63789332278814e-10,2.81256491431899e-10,-2.75989490644922e-10,-9.07537185040068e-10,2.22063051910138e-10,2.90875989269766e-10,6.02929416018325e-10,1.94752132368811e-10,-2.45345482931242e-10,-7.46586713591158e-10,-1.9451829823343e-10,-2.96446962593447e-11,-4.59797547265505e-10,3.58298504612065e-10,-4.77487276913664e-10,2.80091676674916e-10,2.8705970465531e-10,-3.11753986075793e-10,3.53019644974364e-11,3.40401859090491e-10,6.32260087635704e-11,2.01951881127331e-10,2.35864839540549e-10,3.67541614567445e-10,3.89910968356789e-11,3.75636004594243e-10,4.11302896671945e-10,-5.21774999887801e-10,2.65458850659296e-10,-1.31368527518248e-09,2.56061984889771e-10,6.49570544307672e-11,-4.11428138660713e-10,2.70969806833018e-10,4.47543737333374e-10,8.54077399509696e-11,1.58112280006717e-10,-3.47072278608096e-10,-2.05188138535017e-10,6.69055403301792e-10,7.57124235557061e-10,-9.01842568843307e-10,5.83278207521756e-10,3.46688928005563e-10,-4.11018596620596e-10,-2.43253920757186e-10,3.75922673847677e-11,8.87365597619538e-10,-6.06526897201492e-11,-2.02939978725189e-11,-5.62304431801841e-10,-5.42800824824122e-11,8.1659735814394e-10,1.35864815037815e-10,-2.99295670031731e-10,5.57551481784874e-10,2.7446887124772e-10,1.31877441117929e-09,2.90837146264452e-10,-2.90639816036489e-10,4.30931423674719e-10,-1.38139243074714e-10,-1.96803867828351e-10,-2.85933263773556e-10,-1.19569107032687e-10,-2.63325463082031e-10,7.41651495219045e-10,-7.00607279152962e-12,5.22375837663808e-10,6.10544878777673e-10,-4.2454120225788e-10,3.04363269155779e-10,6.11256699098369e-10,-3.18343987228577e-10,-2.97655598593599e-10,-3.38741894588862e-10,-2.49394566498982e-10,-3.94194869001226e-10,-4.43330279440666e-10,-4.10971261660313e-10,7.40807186732727e-10,1.32037215090233e-10,3.30724933963283e-10,-7.32692924206396e-10,-4.95501900164966e-10,-6.2649052955985e-10,-2.26673372898509e-10,3.48779592505182e-10,1.47751723647688e-10,2.50626401269134e-10,4.11481412753695e-11,-4.2433185526569e-10,5.94902042601161e-11,8.85338886717489e-11,-4.99759684820763e-10,1.24650339399217e-10,-1.30639748157604e-10,-1.04516294522593e-09,8.44095737772535e-10,-3.47882879081421e-10,8.29123434914268e-10,7.84782683660705e-10,-1.6691973889864e-10,-6.36478459101027e-10,-2.77961360941943e-10,-5.99639994130861e-10,2.00966644117449e-10,-4.3399676911725e-10,-1.54839205142149e-10,5.30440042773667e-10,-1.79948844671111e-10,1.43759536666359e-09,-2.82697934988095e-10,-1.3228012792572e-10,-1.04430972518312e-09,1.08040591312419e-10,1.47540493745441e-10,-4.56123976657223e-11,-3.82824800425385e-10,1.06427315825521e-10,-2.48989764746358e-10,-6.95399491375895e-10,-1.4625074027333e-11,-4.32678552825773e-10,-5.33345023514293e-10,-1.84451690612301e-12,-6.18603030244951e-10,-6.57446101570772e-10,1.45760970637628e-10,4.69996116158046e-11,-3.45021479289642e-10,4.3982659942786e-10,3.25453352526692e-10,-1.06327320050213e-10,-4.53721987611756e-10,1.95616091005628e-10,2.75265035360289e-10,-2.74340050267634e-11,6.41107749033021e-10,3.16995463398116e-10,5.85754726924813e-10,1.08707947746902e-09,8.81303505104618e-11,7.22188005009339e-11,-1.41024654694218e-10,-5.93915129936842e-10,1.24690066883449e-10,-1.38129831601659e-10,-1.87837517699765e-10,7.84159744556273e-10,9.76846550121321e-10,-3.10275834170474e-10,3.58717810370416e-10,1.08281637257224e-10,2.17084399940793e-10,-3.83976564169225e-10,-2.62889362542715e-10,5.05182898604198e-10,4.01891897954248e-10,3.27248510446859e-10,9.86988790895683e-10,-8.74348560019339e-10,7.81365336209358e-10,-3.24857121401441e-11,2.31884516184229e-10,3.19996830241693e-10,3.00136242967638e-10,-6.09114107128294e-10,-4.64731301601891e-10,-1.16227872092993e-10,4.64636746179466e-11,2.48684158700313e-10,9.28371755810853e-10,-7.32264935801283e-10,-3.34800288426965e-11,-4.40251039328955e-10,-2.57207205036855e-10,-1.54966538109961e-10,5.85142170424621e-10,-1.88525111712936e-10,2.04061021907048e-10,-8.41219529564266e-10,-3.07922584490634e-10,-5.38352820112108e-10,-3.27857830448807e-10,-1.97877675357678e-10,-2.99533993431584e-10,-2.17731323848402e-10,5.22549266400399e-10,2.05372210017421e-10,-3.15838641840053e-10,4.02401012037229e-10,2.61566042669376e-10,7.5623403105035e-10,1.42531225696222e-10,6.8713414430158e-10,2.60089974578401e-10,-5.41808542674771e-10,-3.5415779522964e-10,2.05223222089492e-10,-7.54558647343361e-10,2.57125840502477e-10,3.9360468602584e-10,6.90230705811176e-11,1.068319447615e-09,-8.57333983798616e-11,1.91882653222557e-10,-7.26946519107141e-10,1.05004657803373e-10,2.39304212687995e-10,8.83582285810763e-10,-5.71806176623623e-10,4.84367365983587e-10,-3.6508314165805e-10,-3.64666652192045e-11,-3.53799143000045e-10,6.26120807701723e-10,4.33997186690672e-10,-9.19216945895212e-10,-1.74755426056899e-10,1.47235031178069e-10,-1.19796253002176e-09,2.00074532136439e-10,-3.86632364652059e-10,-3.12780195849897e-10,6.06358360873678e-10,2.12821546630098e-10,1.34591880138427e-10,-7.60927678218921e-10,-2.77247585326273e-11,-6.32201746758779e-10,-6.53490733534342e-10,-3.54553545570887e-10,-1.56769984860282e-09,1.8021198128945e-10,-5.98385129569299e-10,-4.42277858179956e-10,-1.17551367321649e-09,-1.22639332469549e-11,8.46743578840165e-10,4.99792886271373e-10,2.84109874701936e-10,-8.86593986992116e-11,-3.64702950318492e-10,-1.64135713375437e-10,-4.36903737163e-10,-6.49389556559722e-10,1.44994790944684e-09,3.07117400804088e-10,-5.8305814818277e-11,-6.88499871995885e-10,2.4498874952212e-10,3.86036366752283e-10,4.40767212831381e-10,-8.20643108435302e-10,1.09390945431158e-09,-7.91366373680839e-10,3.20177657172993e-10,-5.4753334472215e-10,9.31268263384923e-10,-1.21938733518104e-09,4.59959959794366e-10,1.67946021337267e-10,7.30445229579128e-10,9.25833278644545e-11,4.30344760923738e-10,-1.16673098702047e-09,1.12505495251469e-09,4.476969833825e-11,-8.50608189847953e-10,-7.25713806012796e-11,7.73535078665327e-10,-4.83689798517056e-10,-4.16526358522087e-10,4.92021137743647e-10,-1.03157873217505e-09,3.13403481122089e-11,-5.03446893006212e-10,-1.18402042751417e-10,5.26089033028734e-10,-1.71657418442125e-10,-1.02820124402079e-09,-1.31228896717143e-10,-4.06006353444927e-10,-8.17538070816656e-10,2.65661696285463e-10,-2.29288867051697e-10,2.33858788735487e-10,-5.27629475911125e-10,-5.47060929700416e-10,-3.29730139103066e-10,1.30020287462041e-09,-2.38082943145651e-10,-6.43795301967535e-10,4.33985533990114e-10,1.39678287938102e-10,-3.2458679737988e-11,-1.12777428889228e-10,1.65915411928687e-10,-4.09625810279355e-10,-4.88402922117011e-10,-5.21060448517864e-10,6.55990169068092e-10,-8.85801335277518e-11,-6.08147626999658e-10,-5.01460161826663e-10,8.95158025478845e-11,-7.84000915004177e-10,2.82244558030952e-10,-3.80662512692023e-10,-4.34348433978751e-10,-3.31908132752154e-10,-1.90659393440348e-10,-2.74582819369805e-10,-3.37560546323914e-10,4.72486142517989e-10,3.75138379952529e-10,2.80961085153291e-13,-2.73883936255723e-10,-3.21712259242941e-10,-1.79875404406069e-10,4.02464258476839e-11,9.95978063914141e-10,-5.56118265841579e-10,-9.74535590404835e-10,-2.936537435317e-10,-1.2199256961291e-10,3.00665377705313e-10,7.43540027443863e-11,-1.30485387818582e-10,-1.48385318068159e-10,2.3801834393499e-11,-2.25815525614355e-10,-5.63456152983847e-10,-1.37675084083168e-10,3.19600696114977e-10,-3.90836652866298e-11,-3.74750092808368e-10,4.35447928564434e-10,-4.56311295058324e-10,2.59433602511403e-10,2.86287501186513e-10,1.79815090201147e-10,5.01524242719723e-10,7.56493224595638e-10,5.66967882912609e-10,7.20845085678961e-10,-3.90173510907279e-10,7.15026627968274e-10,9.06005702056498e-10,-3.56108206684738e-10,-2.02739675053071e-10,-3.82769596824319e-10,-1.03080477132876e-09,-4.07359166519699e-10,6.84839483214323e-10,-1.39978951476721e-10,1.11719860784044e-11,-1.04154312479051e-10,-8.85522302150402e-11,3.86674691673063e-10,2.0822789068601e-10,-7.52322310981899e-10,-8.44087577235646e-10,6.0516308706529e-10,9.29383741794308e-10,1.20205570811044e-09,-7.15710842671698e-10,-4.13312246725135e-10,-2.09068034202452e-10,-7.44083106223259e-10,5.43368067858442e-10,-9.85418382045486e-11,-1.60095019294416e-10,4.19304874239329e-10,3.78398747809955e-10,2.84174652129386e-10,-6.60431518752081e-10,-1.97223701027586e-10,-6.37943960908464e-10,1.75495457225632e-10,7.53826200819552e-10,-3.80446279973471e-10,7.69478423480011e-10,2.6942250252574e-10,-1.98261550267507e-10,-2.89855519609003e-10,5.85769482162068e-10,6.54109383586618e-10,3.87232228042627e-10,-2.55588165877475e-10,6.04694790716154e-11,9.19555983577116e-10,8.94469023700374e-10,3.55431700639818e-10,-7.5822223199866e-10,1.38016879622908e-13,-5.21855473011672e-10,8.3973896060644e-11,-3.71606719902301e-10,6.45923686176502e-11,-5.58298281431759e-11,4.39066165497206e-10,-5.20837655691253e-10,-6.67597058607326e-11,7.45258927021154e-10,8.96446962781254e-10,-2.22814614208139e-10,1.15971301520464e-09,1.94566405438145e-10,3.22678265084139e-10,-5.66189432536738e-10,5.43129110023289e-10,-5.82786851388662e-10,-3.2823430931976e-10,6.10305601526339e-10,3.8200408414623e-11,-2.73682212564663e-10,-1.19045485746318e-10,4.29967175549895e-10,1.9529214476247e-10,9.28160422211532e-10,1.01646521803695e-10,-5.44650123312877e-10,-3.50242304268133e-11,9.46164818545328e-10,1.22228103179838e-10,6.62917874906974e-11,-5.49908008190882e-10,-4.14428460310502e-10,-4.36546140132993e-10,1.73531181604468e-10,-9.0063671553808e-11,7.7550806557481e-11,-2.12276517207167e-10,1.89718809149031e-10,-2.06871644571788e-11,2.50940331251877e-10,-4.49335612766561e-10,2.26487456507433e-10,-1.20474156548569e-10,9.2633232337823e-10,-2.02642589473183e-10,1.06513673644187e-10,-1.04474933537142e-09,-3.76758134338764e-10,-2.78062180682991e-10,-2.50754309268905e-10,2.78945074806399e-10,-1.95573192887037e-10,-6.10504917397615e-10,2.9646890116387e-10,-3.26863525330047e-10,-5.01826559885412e-10,-8.91369904252202e-10,7.59694630186755e-10,8.61143902408047e-10,-8.01558321379018e-11,-2.5214385272076e-10,-3.72185689940704e-10,1.02105465678621e-09,-1.41850500947339e-10,-3.31073786851901e-11,-1.8990271190324e-10,1.64870025450391e-10,-3.43435900526317e-10,5.85507594385031e-10,-4.78455320053165e-10,-7.99707251356642e-10,1.01566653459776e-10,3.29320922001839e-10,6.79667726610938e-10,-7.74327768483906e-11,-2.27438276723478e-10,-1.84919234658852e-11,1.89181621375244e-11,6.79609493677093e-10,-2.04738865504673e-10,6.60884196235387e-10,1.77272145542767e-10,-7.49017021257326e-10,-3.7854747078732e-10,2.72484362022814e-10,8.42985831873694e-11,-1.74292112216461e-10,4.1395916589387e-10,-3.10434803245429e-10,7.42446867332928e-10,8.54203014971172e-10,8.97069392121316e-10,6.1415682968383e-10,-4.58052351739788e-10,2.19021492857563e-10,-5.34328375737168e-10,1.94195378417433e-11,2.78066236303334e-10,3.0063474110976e-10,2.52206352945227e-10,7.0998117856027e-10,5.99666682508336e-10,2.98355783863248e-10,-2.77443626954004e-10,-4.07686567880066e-10,-1.18949240246856e-09,7.50083537181272e-10,5.34582976384247e-10,-4.29200295690761e-10,-7.09300322771769e-11,-5.85985439991457e-10,1.80746584960372e-10,-7.36312517366265e-11,2.56654040628392e-10,4.87048514672988e-10,4.20505475159674e-10,2.66607145702417e-10,1.79219554255612e-09,1.62781508746916e-09,2.77807243632704e-09,4.54172753017622e-09,5.76599853172142e-09,7.91198611264193e-09,9.12170472556206e-09,1.05549807279537e-08,1.3020627001117e-08,1.50067610109621e-08,1.86941502460032e-08,2.29024122832453e-08,2.61714395666906e-08,3.24101398680062e-08,4.11192476112342e-08
