v,0.25
Patm,100000
g,9.81
r,500
G,10^9.4
rho,2800
mu,10^3.74
rc,20
 
M,10^6.42
sigma,0.1
 
tilt_erupt,442.4744nrad
 
-1070,-1069,-1068,-1067,-1066,-1065,-1064,-1063,-1062,-1061,-1060,-1059,-1058,-1057,-1056,-1055,-1054,-1053,-1052,-1051,-1050,-1049,-1048,-1047,-1046,-1045,-1044,-1043,-1042,-1041,-1040,-1039,-1038,-1037,-1036,-1035,-1034,-1033,-1032,-1031,-1030,-1029,-1028,-1027,-1026,-1025,-1024,-1023,-1022,-1021,-1020,-1019,-1018,-1017,-1016,-1015,-1014,-1013,-1012,-1011,-1010,-1009,-1008,-1007,-1006,-1005,-1004,-1003,-1002,-1001,-1000,-999,-998,-997,-996,-995,-994,-993,-992,-991,-990,-989,-988,-987,-986,-985,-984,-983,-982,-981,-980,-979,-978,-977,-976,-975,-974,-973,-972,-971,-970,-969,-968,-967,-966,-965,-964,-963,-962,-961,-960,-959,-958,-957,-956,-955,-954,-953,-952,-951,-950,-949,-948,-947,-946,-945,-944,-943,-942,-941,-940,-939,-938,-937,-936,-935,-934,-933,-932,-931,-930,-929,-928,-927,-926,-925,-924,-923,-922,-921,-920,-919,-918,-917,-916,-915,-914,-913,-912,-911,-910,-909,-908,-907,-906,-905,-904,-903,-902,-901,-900,-899,-898,-897,-896,-895,-894,-893,-892,-891,-890,-889,-888,-887,-886,-885,-884,-883,-882,-881,-880,-879,-878,-877,-876,-875,-874,-873,-872,-871,-870,-869,-868,-867,-866,-865,-864,-863,-862,-861,-860,-859,-858,-857,-856,-855,-854,-853,-852,-851,-850,-849,-848,-847,-846,-845,-844,-843,-842,-841,-840,-839,-838,-837,-836,-835,-834,-833,-832,-831,-830,-829,-828,-827,-826,-825,-824,-823,-822,-821,-820,-819,-818,-817,-816,-815,-814,-813,-812,-811,-810,-809,-808,-807,-806,-805,-804,-803,-802,-801,-800,-799,-798,-797,-796,-795,-794,-793,-792,-791,-790,-789,-788,-787,-786,-785,-784,-783,-782,-781,-780,-779,-778,-777,-776,-775,-774,-773,-772,-771,-770,-769,-768,-767,-766,-765,-764,-763,-762,-761,-760,-759,-758,-757,-756,-755,-754,-753,-752,-751,-750,-749,-748,-747,-746,-745,-744,-743,-742,-741,-740,-739,-738,-737,-736,-735,-734,-733,-732,-731,-730,-729,-728,-727,-726,-725,-724,-723,-722,-721,-720,-719,-718,-717,-716,-715,-714,-713,-712,-711,-710,-709,-708,-707,-706,-705,-704,-703,-702,-701,-700,-699,-698,-697,-696,-695,-694,-693,-692,-691,-690,-689,-688,-687,-686,-685,-684,-683,-682,-681,-680,-679,-678,-677,-676,-675,-674,-673,-672,-671,-670,-669,-668,-667,-666,-665,-664,-663,-662,-661,-660,-659,-658,-657,-656,-655,-654,-653,-652,-651,-650,-649,-648,-647,-646,-645,-644,-643,-642,-641,-640,-639,-638,-637,-636,-635,-634,-633,-632,-631,-630,-629,-628,-627,-626,-625,-624,-623,-622,-621,-620,-619,-618,-617,-616,-615,-614,-613,-612,-611,-610,-609,-608,-607,-606,-605,-604,-603,-602,-601,-600,-599,-598,-597,-596,-595,-594,-593,-592,-591,-590,-589,-588,-587,-586,-585,-584,-583,-582,-581,-580,-579,-578,-577,-576,-575,-574,-573,-572,-571,-570,-569,-568,-567,-566,-565,-564,-563,-562,-561,-560,-559,-558,-557,-556,-555,-554,-553,-552,-551,-550,-549,-548,-547,-546,-545,-544,-543,-542,-541,-540,-539,-538,-537,-536,-535,-534,-533,-532,-531,-530,-529,-528,-527,-526,-525,-524,-523,-522,-521,-520,-519,-518,-517,-516,-515,-514,-513,-512,-511,-510,-509,-508,-507,-506,-505,-504,-503,-502,-501,-500,-499,-498,-497,-496,-495,-494,-493,-492,-491,-490,-489,-488,-487,-486,-485,-484,-483,-482,-481,-480,-479,-478,-477,-476,-475,-474,-473,-472,-471,-470,-469,-468,-467,-466,-465,-464,-463,-462,-461,-460,-459,-458,-457,-456,-455,-454,-453,-452,-451,-450,-449,-448,-447,-446,-445,-444,-443,-442,-441,-440,-439,-438,-437,-436,-435,-434,-433,-432,-431,-430,-429,-428,-427,-426,-425,-424,-423,-422,-421,-420,-419,-418,-417,-416,-415,-414,-413,-412,-411,-410,-409,-408,-407,-406,-405,-404,-403,-402,-401,-400,-399,-398,-397,-396,-395,-394,-393,-392,-391,-390,-389,-388,-387,-386,-385,-384,-383,-382,-381,-380,-379,-378,-377,-376,-375,-374,-373,-372,-371,-370,-369,-368,-367,-366,-365,-364,-363,-362,-361,-360,-359,-358,-357,-356,-355,-354,-353,-352,-351,-350,-349,-348,-347,-346,-345,-344,-343,-342,-341,-340,-339,-338,-337,-336,-335,-334,-333,-332,-331,-330,-329,-328,-327,-326,-325,-324,-323,-322,-321,-320,-319,-318,-317,-316,-315,-314,-313,-312,-311,-310,-309,-308,-307,-306,-305,-304,-303,-302,-301,-300,-299,-298,-297,-296,-295,-294,-293,-292,-291,-290,-289,-288,-287,-286,-286,-285,-284,-283,-282,-281,-280,-279,-278,-277,-276,-275,-274,-273,-272,-271,-270,-269,-268,-267,-266,-265,-264,-263,-262,-261,-260,-259,-258,-257,-256,-255,-254,-253,-252,-251,-250,-249,-248,-247,-246,-245,-244,-243,-242,-241,-240,-239,-238,-237,-236,-235,-234,-233,-232,-231,-230,-229,-228,-227,-226,-225,-224,-223,-222,-221,-220,-219,-218,-217,-216,-215,-214,-213,-212,-211,-210,-209,-208,-207,-206,-205,-204,-203,-202,-201,-200,-199,-198,-197,-196,-195,-194,-193,-192,-191,-190,-189,-188,-187,-186,-185,-184,-183,-182,-181,-180,-179,-178,-177,-176,-175,-174,-173,-172,-171,-170,-169,-168,-167,-166,-165,-164,-163,-162,-161,-160,-159,-158,-157,-156,-155,-154,-153,-152,-151,-150,-149,-148,-147,-146,-145,-144,-143,-142,-141,-140,-139,-138,-137,-136,-135,-134,-133,-132,-131,-130,-129,-128,-127,-126,-125,-124,-123,-122,-121,-120,-119,-118,-117,-116,-115,-114,-113,-112,-111,-110,-109,-108,-107,-106,-105,-104,-103,-102,-101,-100,-99,-98,-97,-96,-95,-94,-93,-92,-91,-90,-89,-88,-87,-86,-85,-84,-83,-82,-81,-80,-79,-78,-77,-76,-75,-74,-73,-72,-71,-70,-69,-68,-67,-66,-65,-64,-63,-62,-61,-60,-59,-58,-57,-56,-55,-54,-53,-52,-51,-50,-49,-48,-47,-46,-45,-44,-43,-42,-41,-40,-39,-38,-37,-36,-35,-34,-33,-32,-31,-30,-29,-28,-27,-26,-25,-24,-23,-22,-21,-20,-19,-18,-17,-16,-15,-14,-13,-12,-11,-10,-9,-8,-7,-6,-5,-4,-3,-2,-1,0
1.00990200463687e-10,8.74378425684496e-11,7.40827517307742e-11,-9.96207246215679e-11,-2.4456736009561e-11,1.74937272302723e-10,-1.56943667223637e-10,1.9319316293508e-10,2.79118806010276e-11,1.30422603336172e-10,1.69703290140608e-10,-1.40544144269337e-10,7.04432600023712e-11,-8.68905977502885e-11,-3.75080197382849e-12,-1.27692002164202e-10,-7.64035292184388e-11,6.41430985043926e-13,-4.63867347097112e-11,-1.58280380508625e-10,2.37428151310343e-10,-6.37524364254143e-11,7.15107244382279e-11,-5.86129885748562e-11,1.84695378253972e-10,3.12735502720583e-11,2.45577192584933e-11,4.15449750802977e-11,1.23452731250943e-11,-1.67646124377648e-10,3.29202836895597e-11,-8.48474059406644e-11,-8.39162513586704e-11,1.86336378307874e-11,1.16562534363718e-10,1.77186484509669e-11,-1.73048361261131e-10,1.09797394513769e-10,1.05245871971731e-10,2.16797613139536e-10,6.29576762803427e-11,8.13586231557882e-12,-2.61619478413226e-10,-2.26963793609192e-10,-1.19508600122263e-10,-6.28437196516574e-11,-9.69741947988282e-11,5.12827335668927e-11,1.45894524101617e-10,-1.15838692873184e-11,5.09598548985689e-11,-3.20986719960517e-11,-1.26894709976246e-10,3.73781408052547e-11,1.51387696551371e-10,-1.04733436192507e-10,-5.81002956601925e-11,3.957397010014e-11,-3.40069023570605e-11,2.35858578231782e-11,1.07111740978735e-10,-1.14257791374269e-10,6.01707677361316e-11,1.61554047131213e-10,-3.43871112818947e-11,2.63205221190416e-11,-1.39213878127615e-10,-3.58895870118761e-11,2.36062077124297e-10,-8.42868885575812e-11,1.17939379157255e-10,9.38389827000973e-12,-6.30703614156715e-11,-1.97113122358547e-10,8.44894515230726e-11,1.80530826529567e-11,-1.08357527240254e-10,9.64898791303313e-11,3.86070628918035e-11,8.12097106334324e-11,-1.65302975276405e-10,9.97955418027059e-11,1.68586136044683e-11,8.08935617099954e-11,-2.12868879269276e-11,2.04673411244162e-11,-9.95551904711486e-11,-6.43760260045068e-11,2.23920719082444e-11,7.54535778439894e-11,6.06527874795878e-11,9.75679450503467e-12,8.98019785906659e-11,3.51795800319761e-11,-4.81669199535888e-11,-9.77670357359843e-11,-1.06731836794395e-10,1.37949199673226e-11,1.14441629986997e-10,-1.22356776763328e-11,-3.32926865391973e-11,2.75444293816411e-11,-1.15078714509655e-10,1.27977094092745e-10,-1.09717981449871e-10,-1.17500887996629e-10,-4.89185211581759e-11,-1.76494149344716e-11,1.76386414750745e-12,-8.92739401701443e-11,-1.65848356050939e-12,9.96491108604467e-11,-4.31327164436603e-11,-1.30644315459843e-10,-1.04306332837332e-10,1.81448510160482e-11,1.99903149184086e-11,-4.66861702715587e-11,-9.37602539297008e-12,-1.51662349923245e-10,4.05939987243085e-11,-1.16784711848041e-10,-8.64235347751958e-12,9.85174567214319e-11,9.62320667036014e-11,-6.15711166078599e-11,-1.62348612321922e-10,1.22603788992987e-10,-6.20607914706296e-11,-1.39068267783245e-10,6.29028172690646e-12,-5.93295401507945e-11,9.84583320149334e-11,-6.99456293398874e-11,-8.18232737418776e-11,1.04460487117864e-10,-4.13858656129157e-11,-1.27481073260297e-10,1.13664635788348e-10,6.41005498779052e-12,6.25988895161948e-11,-1.40055145035776e-11,-1.38260083910808e-11,5.44986975695668e-12,-2.31051292750715e-10,2.30103672713959e-10,-3.73935124361804e-10,-5.21604499171075e-11,8.83892420637708e-11,-9.52018069146351e-11,-4.42760458071564e-11,-1.23880553160835e-10,-1.59608142686436e-10,1.41548491493606e-10,3.40936428744138e-11,-1.66389116903359e-10,5.28350101780971e-11,1.31610355011049e-11,1.36906220420742e-10,7.54077108319783e-11,-2.80660620411356e-11,-2.01012173307474e-10,-7.88907292838442e-11,1.78959800099513e-10,-9.37708889616031e-11,-3.02460808269472e-11,2.61899388988421e-10,1.16164989759264e-10,8.15580334053462e-11,8.1696137429998e-11,-1.32241295776822e-10,-1.66804286094857e-10,6.88520492069711e-11,4.42591537757219e-11,-1.09091689574443e-10,1.26374196380676e-10,-8.22551759864783e-11,1.04559876031087e-10,-1.93346384060654e-10,-5.16249231925219e-11,2.79784674476135e-11,1.1775772872143e-10,-1.21083525173109e-11,3.29343468632833e-11,-2.34843312324988e-11,7.90633275619164e-11,-1.18592438324273e-10,1.23312297487948e-12,8.23850054528587e-11,1.26990758596316e-10,-3.02816343623911e-11,2.9102445602184e-10,7.59295240947865e-11,4.63349981101359e-11,1.56718137687612e-10,1.30375734304104e-10,3.30288050817645e-11,4.9525076632824e-11,1.43778972762643e-12,-4.41059944878771e-11,-3.96376984618859e-11,-8.50275404729459e-11,-9.18925986576302e-11,-1.00877889015641e-10,-2.34375167558648e-11,1.78973810441914e-10,-1.67319650004983e-10,-1.20162132801504e-10,-1.92173379739235e-11,2.30991587833325e-10,-1.88820903060179e-11,1.44729439221076e-10,6.68206526672858e-11,-3.97133361595336e-11,6.49363976223878e-11,1.02105068623526e-11,-1.38011040693721e-10,-9.29933893208986e-12,-1.7928392324333e-10,-3.04087948789646e-11,8.30855382524812e-11,-1.25088585439166e-10,6.1000345415162e-11,1.78308395694933e-10,-6.97748090068669e-11,7.21400579458999e-11,-1.21596858923738e-10,-3.09268641854011e-11,-1.27825683482842e-11,7.38687298550277e-11,1.52629374155659e-10,-2.68533816982197e-11,8.21554050347421e-11,-1.89770379728306e-11,-6.08280200409163e-11,-2.67854733458009e-11,-7.26577161842178e-11,5.36256468481078e-11,-7.49492111756715e-11,-1.3204574926069e-10,1.84860147091733e-10,1.02404745441294e-10,4.53751725620219e-11,8.1868107715606e-11,-1.47427467029799e-10,-4.78877822721881e-12,-1.48226166772411e-10,-3.85665786591791e-11,6.30511431699721e-11,-7.61869798599303e-11,-1.0442181918989e-10,5.34990720692089e-11,6.00120821951429e-11,6.84992395949586e-12,-7.10388893072378e-11,2.15336130108357e-11,-1.56902905122762e-11,-1.57338449026956e-10,6.12248817444218e-11,1.25642703796351e-10,2.35495554412791e-11,7.02583086402321e-11,-1.29268477909898e-10,5.91108836665237e-11,4.43094631537596e-11,3.04159227993478e-11,5.28713451005747e-11,6.19546345696569e-11,-1.15618708098748e-10,7.52632175854687e-11,-7.72980615653826e-11,-4.62956837012757e-11,-2.60720631670781e-10,4.01446549490199e-11,5.73286056168081e-12,1.31316998665949e-10,7.1142493147509e-11,-1.66557493253837e-10,1.80982722744525e-10,-2.41572504083223e-10,3.58739155770479e-11,2.37460560449134e-11,4.7913400979154e-11,3.25208719023461e-11,-5.97006052884262e-11,8.09130005790577e-11,-1.55069217289548e-11,-1.4478343336413e-10,-4.73357845184229e-11,1.06245882550652e-10,-3.17826302707955e-11,-9.86484271286409e-12,-4.60369812782334e-11,2.06757021645274e-10,-5.34191584889298e-11,2.22064355615395e-10,2.06921926348086e-11,8.40603659450685e-11,4.93898513144157e-11,5.10945743410648e-11,1.28990234787658e-10,-3.44139668319377e-11,4.165069777776e-11,-5.65017566514623e-11,-8.66707579763167e-11,4.24025499977989e-11,5.12692297633777e-11,1.30993535438575e-10,2.10519035785517e-12,-4.42770812441537e-11,-8.6554179644238e-11,-3.7132715402478e-11,-1.121661221885e-10,-6.96925477086868e-11,-1.48921658593542e-10,-7.90466483894207e-11,-7.95719277267745e-11,-1.12719322582272e-10,-3.91382123672861e-12,-1.51037941201966e-12,-1.04669485443575e-10,1.58683599659151e-10,-7.25478860513301e-11,2.36369947648041e-10,2.18313504455541e-11,4.10847807264758e-11,-4.87153895605258e-12,1.28111237333771e-10,6.27625977291194e-11,6.01102356886216e-11,9.88488483633776e-11,-6.65438683314311e-11,-2.77147762924439e-12,6.90901177471825e-11,-1.30136597245405e-10,-1.09717263108448e-10,-7.26304652000433e-11,-1.46777359293133e-10,3.97289357570813e-11,9.22135286551017e-11,-1.77643148118012e-10,-8.6010718337184e-11,1.0558896516771e-10,8.11103166223118e-11,-4.73553156519936e-11,-1.66611942930643e-11,-4.05134819620647e-11,-7.66416070604961e-11,7.98048188590995e-11,-2.31404218236539e-11,1.96689286857966e-10,6.25233322842818e-11,1.3641664543631e-11,7.86463776103947e-12,-2.33163088608416e-11,-1.23155342058276e-10,1.03050570051576e-10,6.94613594275136e-11,1.5516081983356e-10,1.64918592484576e-11,7.51707665481075e-12,3.39474643458604e-11,-4.49399827069711e-11,8.62253916081941e-11,1.48096429130699e-10,-7.97555294544459e-11,-7.74932291344774e-11,-1.85691667289647e-10,2.18026116849105e-10,-1.77376568446836e-10,1.40511533625583e-10,-6.84541757218601e-11,5.02309929666648e-12,1.7869275135248e-10,-3.69042065251856e-11,1.15821160453253e-10,2.33763727922449e-11,6.09436260636546e-11,1.41218043709133e-10,1.68163806153747e-10,-3.25180732208752e-11,-1.85515354519373e-11,-5.05764103012995e-11,7.59470622248258e-11,9.32369963262263e-11,-1.82297056818209e-10,7.5897470596838e-11,-7.60757659516841e-11,6.70532768300775e-11,9.34752232996975e-11,-2.71670402825295e-11,1.26151118515684e-11,2.34420374575737e-11,1.16738034672037e-10,-6.8644851261624e-11,-8.48276441497987e-11,-3.80814194552254e-11,-1.10975761151133e-10,2.29917373304267e-10,7.53913133532836e-11,-1.88643393912568e-10,1.24041281990703e-10,-1.28246802917965e-10,-1.94996281375638e-12,1.00199750601554e-10,1.43084443349426e-10,-6.7726506966189e-11,1.23866189605415e-10,-9.69024376589593e-11,-5.90296548626122e-11,-1.0451781173625e-10,2.17808895544683e-11,-4.19932964490267e-11,7.96540511985002e-11,8.23554741362266e-11,8.81554312977625e-11,-2.89646365527336e-11,-4.24264387389456e-11,-1.36633943616481e-10,-1.71119437828261e-10,-1.54599759718914e-10,-6.82775438424275e-11,-1.10295673007555e-10,-1.37442475894214e-10,1.52869232793211e-10,8.88422753533509e-11,-2.81619711367979e-11,5.96910199854195e-11,5.78005056193427e-11,-8.66084004196036e-11,-9.09672155748972e-11,-1.18729052103078e-10,6.70944516152471e-11,2.56438508567311e-11,-8.77644219992046e-11,4.80157389075109e-11,-8.19103020957506e-11,-1.51066098667418e-10,1.55260819986027e-11,2.92574449424626e-11,-4.17601334410871e-11,1.28188528324219e-10,-6.51808528561051e-12,6.76980054407027e-12,-1.08674148651272e-11,-6.54344690914903e-12,-1.09141912656024e-10,6.16433195872027e-11,-2.0121699121946e-11,-1.46958827739482e-11,4.38887379672744e-11,-5.9581370026656e-11,-2.91596458689491e-11,2.61735427784006e-11,7.89286077778791e-11,-3.12301633116374e-11,-6.29043132837669e-11,9.08199468836516e-11,2.63502203228045e-11,-8.64393365397748e-11,-4.73365556103825e-11,1.35377246477182e-12,-1.52756278733488e-10,5.36488370551733e-11,5.12880720302756e-11,-8.41479930336112e-11,1.62682870751405e-10,-1.12298755181977e-10,1.6419028809519e-11,-4.21714634838753e-11,-7.20074091561972e-11,-5.76234889008886e-11,7.11032280709684e-11,2.52359825256065e-11,-7.39426238261538e-11,1.08470751001416e-10,1.18847665970393e-10,-1.51461823074494e-10,1.72531498323166e-10,4.61149867652535e-11,-9.47514389968921e-11,7.66277619023196e-11,-1.47854483410813e-10,1.40065062180413e-10,-9.61987881606193e-11,1.3549395490207e-11,1.7739150627404e-10,5.06029236603199e-11,4.00370717412847e-11,1.88462553878968e-10,-1.26843660514502e-10,7.05045432267062e-11,-2.97706341730898e-11,1.22194110005211e-10,-1.10122640566412e-10,8.05280875584374e-11,2.38746358423958e-11,1.14019355523693e-10,-2.81387481598077e-12,2.43740069363913e-11,-1.23435256375538e-10,3.63725950393648e-11,-3.97295056264495e-11,9.38642022295662e-11,-1.84393979462392e-11,-4.87589354579737e-11,3.77841668782379e-11,-3.42790271232495e-11,-1.06625538288168e-10,-3.96858190734906e-11,-6.52349654761759e-11,5.26918619137425e-12,-1.04051925416828e-10,5.43377036127567e-11,6.66471988526273e-11,8.98815837061545e-12,2.55269341740507e-11,-5.89484800612099e-11,-2.42773861605712e-11,7.38397897811572e-11,-3.08009891382942e-11,-2.84653741642887e-11,-1.58174975731879e-10,-1.89627825831229e-11,6.29793957233342e-11,6.31878096242768e-11,1.71529188632535e-11,-3.91582703944177e-11,-1.47754555749747e-11,-3.70314697731114e-12,2.7736277890726e-10,-2.85892462182318e-11,7.72952665123696e-11,6.58347310205855e-11,-4.36132021974906e-11,-1.02032842285566e-10,-1.5185071033612e-11,-2.76851355878275e-11,2.31233081462006e-10,1.32927478449003e-10,1.16212922835898e-10,7.94692760850728e-11,3.2363669439769e-11,-1.51825452344828e-11,-6.9712358893106e-12,9.94296255473187e-11,-8.66717965680399e-11,-2.84430342758663e-12,5.72955870911166e-11,5.9175491949315e-11,1.06464870144222e-11,4.36629902808386e-11,1.07139481089972e-10,-7.96849155878139e-11,2.24966211874554e-10,8.67466811122749e-11,6.72902761956706e-11,1.72897612568889e-10,3.98845520767788e-11,7.27278527913949e-11,-2.03514048125251e-11,-3.87274391703317e-11,-5.84020013309966e-12,-3.64914944221061e-11,-2.48462684178361e-12,-8.42444649763743e-12,-2.11711846860396e-11,-6.28723782397334e-11,1.174279209656e-10,1.48270314521649e-10,9.7169552705345e-12,2.1395137400253e-11,-7.67981980181243e-11,3.96252929217473e-11,1.06295176733644e-10,4.42524750045105e-11,6.83901144041688e-12,2.82429696308932e-11,-7.71604611082689e-11,2.49638374203905e-10,-4.18005059746953e-11,-6.61978806248961e-11,-5.17095164491401e-11,-1.42235043389189e-11,1.30434501493534e-10,-9.23734046317346e-11,7.31184712260295e-11,-1.39183760684585e-10,-1.3360595374949e-11,9.03238197019854e-11,1.95815022739077e-10,-2.12736487867954e-10,-7.79466523039507e-11,2.69659087656657e-11,3.26818013316429e-11,-4.78139217832668e-11,8.73129569390083e-11,-6.24323928888244e-11,1.07675570611262e-10,-1.2523023109938e-10,1.51428127127526e-10,1.79157293377727e-10,1.36366503493548e-10,-1.1106306500178e-10,-1.58756087380331e-10,2.14755640521769e-11,6.21682738719441e-11,-6.95337912546486e-11,-3.94959037528906e-11,-4.88577526137008e-11,5.22278009313482e-12,-6.35228926806354e-11,7.93673772697946e-11,-2.0460628450653e-10,-3.91904309962655e-11,9.06957973343244e-11,-4.49958150418335e-11,1.30587341066034e-10,-2.11687239425756e-11,1.72321931386856e-10,6.86516901584839e-12,2.43365171610332e-10,-1.44864139979954e-10,2.05663440458754e-10,-8.535672578635e-11,1.20258782406202e-10,-4.83221393185035e-11,-2.73341406273212e-12,5.39290524044201e-11,-3.16366832832334e-12,-3.435883054642e-11,-2.03193071494586e-11,-9.36264102359009e-11,-2.29693760326167e-11,8.97070425901313e-12,1.78456780793958e-10,-1.98926358077319e-11,4.7750872061548e-11,-7.59726986583826e-11,-8.28017461282324e-11,1.08107125569754e-11,-1.50599273164146e-10,3.19992885031595e-11,1.22885836796142e-10,4.83641344255931e-11,1.25762973109939e-10,6.37729029890053e-12,-1.14815212440641e-10,4.50028674052546e-11,-5.20711283356367e-11,-4.02679777716294e-13,-8.73211913971386e-11,3.68328284208985e-11,2.58294062608921e-11,-1.04841353410081e-10,1.2855572188022e-10,2.06169292717908e-11,-2.96314295786679e-11,1.52361484204002e-10,-9.50311138001336e-11,8.8559141392078e-11,-8.02286568743011e-11,1.96968617746098e-10,-1.52079106759692e-11,-5.90136081327806e-11,-9.26437447485809e-12,-1.11705026043945e-10,-5.14865982388575e-11,-2.60472989115316e-10,3.15786595194327e-11,4.05587879163333e-11,2.27722488020184e-11,-5.65628058731646e-11,8.39554427405953e-12,-1.62376563595265e-10,-1.21752357986654e-10,-2.1135442970498e-11,-3.33062459075188e-11,-1.4564823915123e-10,-1.74936858699392e-10,-1.07970838344923e-10,4.05723834454919e-11,3.75253226968434e-11,-2.49100115342753e-11,-1.26685042508519e-10,-2.45975541877151e-10,-8.1168749522835e-11,-2.20783461305314e-11,6.89752668547564e-11,1.13150952319059e-10,2.28696044142103e-10,-7.58090850074494e-11,-1.50377861555142e-10,1.86297059962994e-11,-1.04266136320077e-10,1.88010345883925e-10,-1.32266746923626e-10,-9.57402550407202e-11,-1.37769489617486e-10,-1.55492203358882e-11,-3.37331910054892e-11,-1.2021243093419e-10,4.27766047534441e-11,3.51229481177068e-11,4.00958257041846e-11,1.3988279940079e-10,9.45843032611392e-11,-5.57912045812278e-11,3.31387055301307e-12,-8.94122095783476e-11,-1.73190518651394e-10,1.41057600674333e-10,2.24702231782205e-10,-1.01097625874716e-10,-5.74731437047692e-12,-6.74475795059129e-13,-1.95950930087438e-13,-1.50468032052914e-10,-1.81882765847646e-11,-7.74004724834776e-11,7.37032668334711e-11,1.20044910643834e-11,-6.2012474256045e-11,4.00713748535757e-12,9.40768230095076e-11,1.16522575433702e-11,-1.57917401250467e-10,-3.11213804250703e-11,-5.42900510602995e-11,1.3850904902263e-10,-1.99360432513896e-10,4.84679118612793e-11,2.23748831095617e-10,1.22772565909561e-10,1.84307675426162e-10,-1.27888497798954e-10,1.34829107679029e-10,8.70664847225993e-11,-2.34430750704369e-10,3.19095892335582e-12,-1.66294073192311e-10,-1.12677193878922e-10,-3.31190156921395e-11,1.02496662097118e-10,-1.26349000432366e-10,4.91158327977982e-11,3.24986928420218e-11,-1.88801593935041e-10,-1.52162222200923e-10,1.5246677589757e-11,8.38423563266831e-11,7.02965577846523e-11,-2.73026734918719e-10,-6.67592095931177e-11,-6.01364372788901e-11,8.62929535809099e-11,-1.00761666797037e-11,-7.75938589851204e-11,-9.94134492429545e-11,1.12469624899471e-11,-6.54017081123027e-11,1.40120489261505e-10,-1.03922873886937e-10,-3.80027482342424e-12,-7.53199026521056e-11,-4.12580473895113e-12,7.78620466805172e-12,6.63679025626732e-11,6.00407049372703e-11,-3.34282021525036e-11,6.83370544194584e-12,2.74335307210557e-11,-2.3589184134421e-11,3.31034402418834e-11,-1.57703933388618e-12,2.27366680799293e-11,-7.76309255513286e-11,-9.45862470805288e-11,2.89533258526414e-11,-9.969298569417e-11,1.95945171280333e-10,-9.2728790091154e-11,5.83299868056716e-11,7.34832610755225e-11,-2.78261849835213e-11,1.17222528727765e-10,-2.17197920896251e-10,-2.27848189231154e-10,-3.40594414866598e-10,-5.50127345273433e-10,-8.00915437632519e-10,-7.77720884765999e-10,-1.1990180539253e-09,-1.31978170421589e-09,-1.52162109790911e-09,-1.4908751225989e-09,-1.60959096565635e-09,-1.79769796841196e-09,-2.14395642875885e-09,-2.25415906296335e-09,-2.52769937281543e-09,-2.4472032553794e-09,-2.63727214001363e-09,-2.77603376179538e-09,-3.26554745923673e-09,-3.30513411680917e-09,-3.48440664650518e-09,-3.55210149041555e-09,-3.81388222660424e-09,-3.79364633270397e-09,-3.95702357872021e-09,-4.2179729198263e-09,-4.33709913420301e-09,-4.7431131512567e-09,-4.70743321534244e-09,-4.93067854973026e-09,-5.02511863140241e-09,-5.2077059331864e-09,-5.43540750065265e-09,-5.53617925524994e-09,-5.99766463382813e-09,-5.92375521977308e-09,-6.07340520633728e-09,-6.45918103246091e-09,-6.51773583386647e-09,-6.85437568588187e-09,-7.10710230126126e-09,-7.16254942561295e-09,-7.30990302309581e-09,-7.66057340124552e-09,-7.92037857796469e-09,-8.14153837387226e-09,-8.20812345287367e-09,-8.44188561133808e-09,-8.56198224490471e-09,-8.72977331416887e-09,-8.96844928023291e-09,-9.30181944043645e-09,-9.37768982235666e-09,-9.55069426007804e-09,-9.71084439065588e-09,-9.95308599679973e-09,-1.04319554148564e-08,-1.03728303242457e-08,-1.0331665573806e-08,-1.09258496459097e-08,-1.10224788509993e-08,-1.11049412216544e-08,-1.13868680450487e-08,-1.1617041097425e-08,-1.17171403556674e-08,-1.21183644613154e-08,-1.24247728110333e-08,-1.2787089536476e-08,-1.2738510778553e-08,-1.31630914963938e-08,-1.31916993921735e-08,-1.35873666763362e-08,-1.3679878121142e-08,-1.38424119067907e-08,-1.40869194137986e-08,-1.4245358341376e-08,-1.47619473065649e-08,-1.4953297425813e-08,-1.50889051651168e-08,-1.53974884585155e-08,-1.57794035415736e-08,-1.59161051920929e-08,-1.6004886684253e-08,-1.65266399116605e-08,-1.66024844423889e-08,-1.68996893309969e-08,-1.68739653326452e-08,-1.74431156292196e-08,-1.76060300152098e-08,-1.78796562901319e-08,-1.80839122934665e-08,-1.83310464906223e-08,-1.86228562024129e-08,-1.8963317462371e-08,-1.91779291589766e-08,-1.94168646041804e-08,-1.96648633618844e-08,-1.99879144431996e-08,-2.03070658605122e-08,-2.05977614872994e-08,-2.08178377181926e-08,-2.08671753439108e-08,-2.11487632792419e-08,-2.15869342994477e-08,-2.18591941017943e-08,-2.23679587824134e-08,-2.25856705697571e-08,-2.27644584271217e-08,-2.30665785057002e-08,-2.34469804339951e-08,-2.39218085977019e-08,-2.39456156284475e-08,-2.42724360471903e-08,-2.46224043425217e-08,-2.48785519306567e-08,-2.53413355000813e-08,-2.5650974904346e-08,-2.58905137381144e-08,-2.60876350559272e-08,-2.64185593993878e-08,-2.67522089327209e-08,-2.71300061763307e-08,-2.75929061173311e-08,-2.74481775775596e-08,-2.78047398442459e-08,-2.83479614599049e-08,-2.86434011850864e-08,-2.88013746773989e-08,-2.92569689097841e-08,-2.96013894827205e-08,-2.99231512815852e-08,-3.02874347866827e-08,-3.06546301047624e-08,-3.10271575254376e-08,-3.13503605454013e-08,-3.15883919144643e-08,-3.19828989810024e-08,-3.23705748098397e-08,-3.27118443294776e-08,-3.29911619782914e-08,-3.34452251298001e-08,-3.38846531244688e-08,-3.40654476239207e-08,-3.44233364723828e-08,-3.47995033119538e-08,-3.51176231953679e-08,-3.54916017593011e-08,-3.60166489240635e-08,-3.62460845449609e-08,-3.66036040624307e-08,-3.71078385122781e-08,-3.74242330486667e-08,-3.77597793313764e-08,-3.82587404267416e-08,-3.85532722247122e-08,-3.88888571934698e-08,-3.95047604083577e-08,-3.95201449905206e-08,-3.99877660955948e-08,-4.06870402197621e-08,-4.07708638491427e-08,-4.12243329700576e-08,-4.16595942430755e-08,-4.21880324532781e-08,-4.2476996599091e-08,-4.2622096959864e-08,-4.33795570701595e-08,-4.36633814542717e-08,-4.41751726611922e-08,-4.44242796521667e-08,-4.48148175045448e-08,-4.5282836608e-08,-4.56457395459102e-08,-4.59036743504414e-08,-4.66930707003823e-08,-4.6879434458656e-08,-4.73454662318318e-08,-4.78576752577707e-08,-4.80891412185855e-08,-4.84890626353155e-08,-4.89618716038183e-08,-4.94432694009441e-08,-4.99010232312583e-08,-5.01694089091145e-08,-5.0602667094465e-08,-5.10112098320966e-08,-5.12452631295485e-08,-5.15684500194903e-08,-5.24183022250718e-08,-5.25645863285905e-08,-5.31503475570517e-08,-5.34061476864984e-08,-5.39210066602057e-08,-5.42187178919999e-08,-5.47986958780062e-08,-5.5263967596374e-08,-5.54120353311186e-08,-5.57672578050902e-08,-5.62787339765647e-08,-5.67375958555686e-08,-5.72209916802483e-08,-5.74236169000039e-08,-5.79448054226152e-08,-5.82356078066787e-08,-5.85116695632863e-08,-5.8878473311279e-08,-5.92666494715643e-08,-5.96027531065522e-08,-5.995163005184e-08,-6.02896283901562e-08,-6.03831875197722e-08,-6.08611555006489e-08,-6.10931640410586e-08,-6.13446859196784e-08,-6.16392191020341e-08,-6.17230126368579e-08,-6.21165611781974e-08,-6.23760072660809e-08,-6.27636493120869e-08,-6.27177888372912e-08,-6.29919027063301e-08,-6.33492900477274e-08,-6.32365244999213e-08,-6.32779354148583e-08,-6.33873513883071e-08,-6.34757478594201e-08,-6.31162635606272e-08,-6.36298208839436e-08,-6.32947627706792e-08,-6.31541756335641e-08,-6.33323478676781e-08,-6.31422574764226e-08,-6.29122232798032e-08,-6.24947960656465e-08,-6.23325677582551e-08,-6.19966409371513e-08,-6.15711662572335e-08,-6.10299833733978e-08,-6.07234296242591e-08,-5.99540494448988e-08,-5.92977361139928e-08,-5.87943240001786e-08,-5.79559670013014e-08,-5.69155644855812e-08,-5.60409732336642e-08,-5.48255370183065e-08,-5.35145370852931e-08,-5.21902140951853e-08,-5.04435552205585e-08,-4.89719307527289e-08,-4.73506269982071e-08,-4.53618461180989e-08,-4.31010403565567e-08,-4.07632734055755e-08,-3.84737339559169e-08,-3.54249918544045e-08,-3.25619788946343e-08,-2.92347817923616e-08,-2.56661324113294e-08,-2.17813994236676e-08,-1.75533958714897e-08,-1.29000091786062e-08,-7.73989925196388e-09,-2.34461816113587e-09,3.60567906918045e-09,1.01954780168066e-08,1.74667145633258e-08,2.53768666122765e-08,3.38197552954082e-08,4.34602309194295e-08,5.38993298404665e-08,6.5210963150602e-08,7.79846279453489e-08,9.19934824740042e-08,1.07266459083641e-07,1.24550903116253e-07,1.43248895721035e-07,1.64188507455261e-07,1.8773837424644e-07,2.13612701736097e-07,2.42481182929769e-07,2.74774542648453e-07,3.10519292733265e-07,3.50121332518544e-07,3.94104004740465e-07,4.42359129841461e-07
