v,0.25
Patm,100000
g,9.81
r,500
G,10^9.4
rho,2800
mu,10^3.74
rc,20
 
M,10^6.42
sigma,0.25
 
tilt_erupt,442.4744nrad
 
-1326,-1325,-1324,-1323,-1322,-1321,-1320,-1319,-1318,-1317,-1316,-1315,-1314,-1313,-1312,-1311,-1310,-1309,-1308,-1307,-1306,-1305,-1304,-1303,-1302,-1301,-1300,-1299,-1298,-1297,-1296,-1295,-1294,-1293,-1292,-1291,-1290,-1289,-1288,-1287,-1286,-1285,-1284,-1283,-1282,-1281,-1280,-1279,-1278,-1277,-1276,-1275,-1274,-1273,-1272,-1271,-1270,-1269,-1268,-1267,-1266,-1265,-1264,-1263,-1262,-1261,-1260,-1259,-1258,-1257,-1256,-1255,-1254,-1253,-1252,-1251,-1250,-1249,-1248,-1247,-1246,-1245,-1244,-1243,-1242,-1241,-1240,-1239,-1238,-1237,-1236,-1235,-1234,-1233,-1232,-1231,-1230,-1229,-1228,-1227,-1226,-1225,-1224,-1223,-1222,-1221,-1220,-1219,-1218,-1217,-1216,-1215,-1214,-1213,-1212,-1211,-1210,-1209,-1208,-1207,-1206,-1205,-1204,-1203,-1202,-1201,-1200,-1199,-1198,-1197,-1196,-1195,-1194,-1193,-1192,-1191,-1190,-1189,-1188,-1187,-1186,-1185,-1184,-1183,-1182,-1181,-1180,-1179,-1178,-1177,-1176,-1175,-1174,-1173,-1172,-1171,-1170,-1169,-1168,-1167,-1166,-1165,-1164,-1163,-1162,-1161,-1160,-1159,-1158,-1157,-1156,-1155,-1154,-1153,-1152,-1151,-1150,-1149,-1148,-1147,-1146,-1145,-1144,-1143,-1142,-1141,-1140,-1139,-1138,-1137,-1136,-1135,-1134,-1133,-1132,-1131,-1130,-1129,-1128,-1127,-1126,-1125,-1124,-1123,-1122,-1121,-1120,-1119,-1118,-1117,-1116,-1115,-1114,-1113,-1112,-1111,-1110,-1109,-1108,-1107,-1106,-1105,-1104,-1103,-1102,-1101,-1100,-1099,-1098,-1097,-1096,-1095,-1094,-1093,-1092,-1091,-1090,-1089,-1088,-1087,-1086,-1085,-1084,-1083,-1082,-1081,-1080,-1079,-1078,-1077,-1076,-1075,-1074,-1073,-1072,-1071,-1070,-1069,-1068,-1067,-1066,-1065,-1064,-1063,-1062,-1061,-1060,-1059,-1058,-1057,-1056,-1055,-1054,-1053,-1052,-1051,-1050,-1049,-1048,-1047,-1046,-1045,-1044,-1043,-1042,-1041,-1040,-1039,-1038,-1037,-1036,-1035,-1034,-1033,-1032,-1031,-1030,-1029,-1028,-1027,-1026,-1025,-1024,-1023,-1022,-1021,-1020,-1019,-1018,-1017,-1016,-1015,-1014,-1013,-1012,-1011,-1010,-1009,-1008,-1007,-1006,-1005,-1004,-1003,-1002,-1001,-1000,-999,-998,-997,-996,-995,-994,-993,-992,-991,-990,-989,-988,-987,-986,-985,-984,-983,-982,-981,-980,-979,-978,-977,-976,-975,-974,-973,-972,-971,-970,-969,-968,-967,-966,-965,-964,-963,-962,-961,-960,-959,-958,-957,-956,-955,-954,-953,-952,-951,-950,-949,-948,-947,-946,-945,-944,-943,-942,-941,-940,-939,-938,-937,-936,-935,-934,-933,-932,-931,-930,-929,-928,-927,-926,-925,-924,-923,-922,-921,-920,-919,-918,-917,-916,-915,-914,-913,-912,-911,-910,-909,-908,-907,-906,-905,-904,-903,-902,-901,-900,-899,-898,-897,-896,-895,-894,-893,-892,-891,-890,-889,-888,-887,-886,-885,-884,-883,-882,-881,-880,-879,-878,-877,-876,-875,-874,-873,-872,-871,-870,-869,-868,-867,-866,-865,-864,-863,-862,-861,-860,-859,-858,-857,-856,-855,-854,-853,-852,-851,-850,-849,-848,-847,-846,-845,-844,-843,-842,-841,-840,-839,-838,-837,-836,-835,-834,-833,-832,-831,-830,-829,-828,-827,-826,-825,-824,-823,-822,-821,-820,-819,-818,-817,-816,-815,-814,-813,-812,-811,-810,-809,-808,-807,-806,-805,-804,-803,-802,-801,-800,-799,-798,-797,-796,-795,-794,-793,-792,-791,-790,-789,-788,-787,-786,-785,-784,-783,-782,-781,-780,-779,-778,-777,-776,-775,-774,-773,-772,-771,-770,-769,-768,-767,-766,-765,-764,-763,-762,-761,-760,-759,-758,-757,-756,-755,-754,-753,-752,-751,-750,-749,-748,-747,-746,-745,-744,-743,-742,-741,-740,-739,-738,-737,-736,-735,-734,-733,-732,-731,-730,-729,-728,-727,-726,-725,-724,-723,-722,-721,-720,-719,-718,-717,-716,-715,-714,-713,-712,-711,-710,-709,-708,-707,-706,-705,-704,-703,-702,-701,-700,-699,-698,-697,-696,-695,-694,-693,-692,-691,-690,-689,-688,-687,-686,-685,-684,-683,-682,-681,-680,-679,-678,-677,-676,-675,-674,-673,-672,-671,-670,-669,-668,-667,-666,-665,-664,-663,-662,-661,-660,-659,-658,-657,-656,-655,-654,-653,-652,-651,-650,-649,-648,-647,-646,-645,-644,-643,-642,-641,-640,-639,-638,-637,-636,-635,-634,-633,-632,-631,-630,-629,-628,-627,-626,-625,-624,-623,-622,-621,-620,-619,-618,-617,-616,-615,-614,-613,-612,-611,-610,-609,-608,-607,-606,-605,-604,-603,-602,-601,-600,-599,-598,-597,-596,-595,-594,-593,-592,-591,-590,-589,-588,-587,-586,-585,-584,-583,-582,-581,-580,-579,-578,-577,-576,-575,-574,-573,-572,-571,-570,-569,-568,-567,-566,-565,-564,-563,-562,-561,-560,-559,-558,-557,-556,-555,-554,-553,-552,-551,-550,-549,-548,-547,-546,-545,-544,-543,-542,-541,-540,-539,-538,-537,-536,-535,-534,-533,-532,-531,-530,-529,-528,-527,-526,-525,-524,-523,-522,-521,-520,-519,-518,-517,-516,-515,-514,-513,-512,-511,-510,-509,-508,-507,-506,-505,-504,-503,-502,-501,-500,-499,-498,-497,-496,-495,-494,-493,-492,-491,-490,-489,-488,-487,-486,-485,-484,-483,-482,-481,-480,-479,-478,-477,-476,-475,-474,-473,-472,-471,-470,-469,-468,-467,-466,-465,-464,-463,-462,-461,-460,-459,-458,-457,-456,-455,-454,-453,-452,-451,-450,-449,-448,-447,-446,-445,-444,-443,-442,-441,-440,-439,-438,-437,-436,-435,-434,-433,-432,-431,-430,-429,-428,-427,-426,-425,-424,-423,-422,-421,-420,-419,-418,-417,-416,-415,-414,-413,-412,-411,-410,-409,-408,-407,-406,-405,-404,-403,-402,-401,-400,-399,-398,-397,-396,-395,-394,-393,-392,-391,-390,-389,-388,-387,-386,-385,-384,-383,-382,-381,-380,-379,-378,-377,-376,-375,-374,-373,-372,-371,-370,-369,-368,-367,-366,-365,-364,-363,-362,-361,-360,-359,-358,-357,-356,-355,-354,-353,-352,-351,-350,-349,-348,-347,-346,-345,-344,-343,-342,-341,-340,-339,-338,-337,-336,-335,-334,-333,-332,-331,-330,-329,-328,-327,-326,-325,-324,-323,-322,-321,-320,-319,-318,-317,-316,-315,-314,-313,-312,-311,-310,-309,-308,-307,-306,-305,-304,-303,-302,-301,-300,-299,-298,-297,-296,-295,-294,-293,-292,-291,-290,-289,-288,-287,-286,-286,-285,-284,-283,-282,-281,-280,-279,-278,-277,-276,-275,-274,-273,-272,-271,-270,-269,-268,-267,-266,-265,-264,-263,-262,-261,-260,-259,-258,-257,-256,-255,-254,-253,-252,-251,-250,-249,-248,-247,-246,-245,-244,-243,-242,-241,-240,-239,-238,-237,-236,-235,-234,-233,-232,-231,-230,-229,-228,-227,-226,-225,-224,-223,-222,-221,-220,-219,-218,-217,-216,-215,-214,-213,-212,-211,-210,-209,-208,-207,-206,-205,-204,-203,-202,-201,-200,-199,-198,-197,-196,-195,-194,-193,-192,-191,-190,-189,-188,-187,-186,-185,-184,-183,-182,-181,-180,-179,-178,-177,-176,-175,-174,-173,-172,-171,-170,-169,-168,-167,-166,-165,-164,-163,-162,-161,-160,-159,-158,-157,-156,-155,-154,-153,-152,-151,-150,-149,-148,-147,-146,-145,-144,-143,-142,-141,-140,-139,-138,-137,-136,-135,-134,-133,-132,-131,-130,-129,-128,-127,-126,-125,-124,-123,-122,-121,-120,-119,-118,-117,-116,-115,-114,-113,-112,-111,-110,-109,-108,-107,-106,-105,-104,-103,-102,-101,-100,-99,-98,-97,-96,-95,-94,-93,-92,-91,-90,-89,-88,-87,-86,-85,-84,-83,-82,-81,-80,-79,-78,-77,-76,-75,-74,-73,-72,-71,-70,-69,-68,-67,-66,-65,-64,-63,-62,-61,-60,-59,-58,-57,-56,-55,-54,-53,-52,-51,-50,-49,-48,-47,-46,-45,-44,-43,-42,-41,-40,-39,-38,-37,-36,-35,-34,-33,-32,-31,-30,-29,-28,-27,-26,-25,-24,-23,-22,-21,-20,-19,-18,-17,-16,-15,-14,-13,-12,-11,-10,-9,-8,-7,-6,-5,-4,-3,-2,-1,0
-8.55328044229024e-12,5.65067923981358e-11,3.5764434043065e-10,-2.93355592432613e-11,-4.79546367795678e-10,3.32143024130479e-10,-3.25388650236083e-11,8.5186609832477e-11,2.04638206818515e-10,2.6926866227506e-10,1.4518169854235e-10,2.27658012600915e-10,1.14075518584991e-10,-1.85899719980822e-10,-7.22643237018966e-10,1.62682879633915e-10,1.01207715867173e-10,1.67336895325067e-10,-3.99166699369199e-10,-1.68819022434549e-10,-9.82571650162864e-11,-7.14554371861399e-11,-2.66499555266658e-10,-4.53976348288323e-10,2.36614286501337e-10,-2.90865974067676e-11,9.55198730001302e-11,-2.41513162542613e-10,-6.09955511664914e-13,4.8703039934005e-10,-4.03751960385175e-10,-1.41108053541991e-10,7.10670557249807e-11,2.60809960391621e-10,4.79977073963682e-10,2.93919828060209e-11,1.39371895378021e-10,4.32933410845931e-11,-2.97562547219493e-11,2.29677068004909e-10,2.73452863033593e-10,-4.88852569846747e-10,-2.58220940948623e-10,-2.45181917314856e-10,-1.51134576220012e-10,1.4931475154319e-10,-2.8368520241767e-10,-3.77470754848049e-10,2.97082030901998e-10,2.70570889700149e-10,-6.20370426005525e-10,-2.7551811842843e-10,-2.63896774985902e-10,4.65762145112903e-10,-3.9967725592619e-10,-3.19077520263959e-11,-4.04481891399622e-11,9.63454647385236e-11,8.63537983062405e-11,1.16481426716162e-10,-1.45253855639865e-10,1.47208374182091e-10,1.41131150597343e-10,-2.23360751980724e-10,1.8807865834213e-10,1.65543144505124e-10,2.34026754807417e-10,6.30657950881449e-12,-3.5927509716593e-11,-1.46134906036759e-10,2.12840234433593e-10,1.25247982311094e-10,-3.02159002359435e-10,4.69329242261044e-10,-1.23872218062028e-10,-2.82432513182669e-10,-6.0170646806569e-11,-3.20226869739559e-10,-1.83844866111842e-10,-1.81453227539138e-10,2.73281981307707e-10,1.78171654074838e-10,-8.53755502289986e-11,2.31419639004362e-11,-2.00277100299437e-10,-3.59726516892444e-11,-1.81553895766336e-10,-2.54392876171457e-10,2.01055159552654e-10,3.91037948269527e-10,-3.64196930382132e-11,6.68489329554186e-11,6.78398007925093e-11,-3.01032062818679e-10,1.88895305361574e-10,-1.64132854418717e-11,-6.37257747100612e-11,1.09877790485561e-10,-4.66922988036804e-12,-1.44604303292273e-10,1.285284953994e-10,2.29679989146387e-11,-2.02953179552806e-11,-3.6624979434348e-10,6.97643494634319e-11,-7.64768700876632e-11,8.96161582807409e-11,-4.24681877890483e-10,2.5052104986194e-10,2.3247255652068e-10,-2.865086764326e-10,1.46992233940805e-10,4.55833863380424e-10,-3.28270591544225e-10,1.07469417146248e-10,-7.89884122232645e-11,-1.03798054023416e-10,-8.70534020573089e-11,1.34419425619725e-10,1.5562555105015e-10,1.60542234922133e-11,-5.57051235118805e-11,2.42765829637923e-10,-2.1628581443688e-10,-6.9153553091618e-13,-3.38795382216847e-10,-9.08916298383487e-11,1.850068336249e-10,2.41404973558439e-10,7.81684991113914e-11,-4.4467553613062e-11,-3.36963860463932e-11,3.82518274328358e-10,6.67514454484963e-12,-1.17239309945239e-10,5.13685501444907e-10,-2.74891476916404e-10,-8.65326227643064e-11,-9.40152967390191e-11,-4.53827582438449e-10,-3.11304225377124e-11,-7.50623850669035e-11,2.62770379595656e-10,5.67692003320153e-10,4.13772791529338e-10,-3.12599669774271e-10,-7.91276178857648e-11,2.34134742235896e-10,4.17337393196397e-10,-6.29283993266537e-10,-9.59533133935122e-12,-1.94463465906445e-10,-1.43337132374518e-11,1.22113493815638e-10,1.13734152570561e-11,7.4938524114968e-11,5.71142818293365e-11,-2.01145851808562e-10,2.81053875794561e-12,-1.72301054191855e-10,5.96093958145336e-12,1.00940741848417e-10,1.1479949474688e-10,2.88709391618508e-11,5.03663427707345e-11,3.83936199174008e-10,1.02655720637134e-11,-3.53155567895478e-10,1.40932672351536e-10,-2.19498818576225e-11,-5.2576247714147e-10,2.84635245470695e-10,8.32512073542271e-11,1.58736658709976e-10,-5.03878693245009e-10,1.18283963833429e-10,5.29930325810667e-11,6.34420389423932e-10,-2.78372176223894e-10,3.09827562646835e-10,-1.55913145089326e-10,6.06990605392338e-11,-1.06309714168547e-10,3.27182353671915e-10,3.75875587323372e-10,-7.85709209344976e-11,-2.64773104015624e-10,-2.55971195199766e-10,-4.70019546294834e-10,2.08229765844861e-10,3.03992836315061e-10,-4.32964033518696e-10,1.25136494024442e-10,1.6162514293404e-10,-7.88547736223348e-11,2.30766548002608e-10,-2.74008384925237e-10,5.16601163625925e-10,1.42476839155441e-10,3.19937631943228e-10,5.00179265534974e-10,-1.84743439360828e-10,9.0357244696878e-11,-3.2099285028054e-10,-3.00682523294633e-10,-5.90565919997792e-10,1.74647782215155e-10,1.57238555615252e-10,2.12195980399897e-11,-2.1392281101436e-10,-3.49989388874569e-10,2.27905277375674e-11,1.66147978034503e-10,2.72956967264837e-10,2.92864993054106e-10,-6.09725927453407e-12,-2.09591198082825e-10,2.33883532948873e-10,-9.52622121311019e-11,-1.96342046142167e-10,1.13657515687725e-10,4.06686382902232e-10,-2.21395267502615e-10,-2.31907096214289e-10,-3.24811988693832e-11,-8.44490979344685e-11,1.32502333761136e-10,1.81224410646245e-10,2.26931435628317e-10,1.8785629380805e-10,-8.49089539425445e-11,-1.65933798008454e-10,2.36382114907877e-10,1.21085759200984e-10,7.48948331854634e-11,2.91288419793477e-10,-6.50612792335689e-11,-2.90764458091064e-10,-4.83489850937865e-10,3.61228629694144e-10,-2.7517378373395e-10,-1.52607898458169e-11,-5.47132507071795e-11,-1.09374432918902e-10,-4.69426146016823e-12,-4.02344502103926e-10,2.49935224548284e-10,-9.77022271442794e-11,3.73678310319392e-10,1.34448282119411e-10,3.43961287820877e-10,-1.19872720901989e-10,5.66681207505491e-10,-2.98532466031976e-10,-2.53425408480527e-10,3.62562263627332e-10,-2.58569085847517e-10,1.73387280148276e-10,5.14417144494882e-11,-2.00085468125973e-10,3.49046194203482e-10,-7.49679605020852e-11,6.59311090370474e-10,-5.34255969884488e-11,-9.30180737210911e-11,1.32208739480997e-10,1.35690169957987e-10,-2.46346275482204e-11,6.91043844083626e-11,4.67508600876141e-10,-5.36180134715047e-11,8.36957489131713e-12,-2.19715708935087e-11,-1.47483528159929e-10,1.96377284429669e-10,-5.81328081885895e-11,1.43408698146565e-10,-1.5770737721752e-10,-1.26297299175117e-10,1.00368907519753e-10,-1.30115267792105e-10,3.06172608279786e-10,1.68766626014274e-10,3.33879631534344e-10,9.9471616498476e-11,5.36775712032667e-11,-1.06794510739186e-10,2.00863996213067e-10,-4.75759820014129e-10,2.17313739182521e-10,7.41054868428517e-11,-2.46174061347932e-11,1.36908709526098e-10,2.7814271223815e-11,2.70515286141973e-10,-8.61226679138942e-13,-5.44894748042177e-11,1.01221239418616e-10,2.16030000426788e-10,-1.37933781026191e-10,4.5392415387227e-10,7.01780708268404e-11,3.53400203347969e-10,1.17151129087682e-10,-2.45849261893465e-10,-2.5611174590396e-11,-3.08551122865714e-10,1.01037214206632e-10,1.05277968548934e-10,-4.2359399777958e-10,-1.82863784290252e-10,-1.52245367391555e-10,5.90842626434554e-10,4.07025025006994e-10,-2.06737926418399e-10,-1.06742564204961e-11,1.75378485325709e-10,-2.14628374573526e-11,4.12756066080546e-10,-5.90882866822495e-11,5.39208864473719e-10,-1.10905689644096e-10,-2.03262073368454e-11,5.02707466524391e-10,2.43533546522886e-10,-3.54229961994969e-10,-1.47073836376766e-10,-2.78046317825713e-11,1.51367245078196e-10,4.70046523796876e-10,-1.38237302249017e-10,7.41789330331614e-11,-4.22075641137618e-10,-9.89993764708551e-12,1.84697704411629e-10,1.81058109253189e-10,-2.50420566434739e-10,9.59834220026447e-11,-3.35436971174564e-10,7.13780011066059e-11,3.34711369686168e-10,7.59854899873018e-11,3.53215342011385e-10,3.37558113870311e-10,-2.13508923340835e-10,4.56775171752553e-10,1.71727462757434e-11,-3.28667634403966e-10,-5.56986268233987e-11,-3.73039871427742e-10,-3.94034183173993e-10,-7.42647910630189e-11,2.16982073149013e-10,6.17435921860446e-11,2.62407989864158e-10,-1.8539801463546e-10,-2.49169418049774e-10,3.6874401042639e-10,1.16984702337882e-10,1.25395858070824e-10,-5.72993314237652e-11,-1.42861097631906e-10,-4.22364704339286e-10,9.2930672855581e-11,4.10607465313897e-10,-2.0167910247133e-10,-4.00494664298414e-10,2.24600050225487e-11,-1.31272988047355e-10,-3.9267786950278e-10,-3.57822500273384e-10,5.76212051744092e-11,-3.12660903209784e-10,-5.95872183648185e-11,-7.34738845311032e-12,6.63897228784246e-12,1.05702562362265e-10,-2.37911473454689e-10,-8.5465144595037e-11,-1.1792688190676e-10,4.70934495662794e-11,-1.08485150702638e-10,2.11482075357855e-10,2.43495358004372e-10,-2.85832738752768e-10,-1.09646828014539e-10,-1.86372684187489e-10,-8.81227424042325e-12,-2.369150044378e-10,-1.5138114936614e-10,-2.87269850372249e-10,-1.51686339566723e-10,-7.56001773372822e-10,-9.24480511400476e-11,7.9276552839203e-11,4.73895530241491e-10,1.74835425921951e-10,-3.15717518457741e-10,-1.81833456268862e-10,1.96291219636507e-10,-1.0365654350082e-10,8.91207925809064e-11,-6.1940043215389e-11,2.65529946900321e-10,1.70367865699142e-10,-3.81147899039674e-11,-8.12453686173193e-11,5.8753374440493e-10,-9.11916203648031e-11,2.03108485891719e-11,-2.75520954569438e-11,-4.09582942455593e-11,-3.14945116842131e-11,-3.10716803662732e-10,-7.35821610302952e-11,3.39986055171659e-11,-2.57763386752647e-10,-2.30727499622804e-10,1.209996771985e-10,-2.18960749536708e-10,-5.01852311708971e-10,-4.59030751694923e-11,-1.77432279854424e-10,-5.00817628446702e-10,-3.64143125080354e-10,-6.18969517543275e-11,-4.39680169165236e-10,3.21983515850024e-10,2.49400156677359e-10,-2.19465444165525e-10,2.1930567151784e-11,-2.04745856711684e-10,-2.69682597870961e-11,-1.31401064112267e-10,-2.65938085199621e-10,-1.45378325824808e-10,6.64559938406308e-10,2.24152650072185e-11,-4.34387266218317e-10,-1.29176858850511e-11,3.44287829424574e-11,2.42923043515103e-10,-2.42620914879014e-10,2.35094558512968e-10,5.47242665162572e-11,-4.45448195175182e-11,-7.72769560830021e-10,8.28946212423538e-12,-1.91960197398659e-10,3.6835366015031e-10,2.0382516746944e-10,1.04576144147666e-11,1.34063097780794e-10,-1.67506543327329e-10,-3.84430022497107e-11,1.85095419008432e-10,-3.20852345172603e-11,1.3293228876601e-10,-4.14703774518862e-10,-9.69678496726313e-11,8.87730241991185e-11,-2.91963741009035e-10,2.51958739832619e-10,-1.43522116719785e-10,-7.27384273897272e-12,1.78133246668747e-10,-1.84640308108896e-11,-2.44829391280827e-11,-2.51482321967423e-10,-9.48431096645151e-11,1.88533407331417e-10,4.51390442564919e-10,-4.17071688501744e-10,-1.75036824784316e-10,1.71517817154806e-10,-1.14794595911499e-10,1.65775052174183e-10,1.75997375319442e-10,-4.82906091402065e-11,6.4736304200287e-11,-7.51158977149152e-11,4.6359035319872e-10,-2.22213969651074e-11,1.01503156461928e-10,-3.7204437189602e-11,-4.76600172588568e-10,1.46985327511347e-10,8.14104416488178e-11,-2.75107924059066e-10,2.25229693824814e-10,2.69605545459218e-10,1.47772134541273e-10,-1.86068970277315e-11,-1.44696163127872e-10,2.06321750304172e-12,4.12454770871137e-10,-1.66944337138182e-10,1.1049786742061e-10,-1.56346468164963e-10,4.48445974170163e-11,-2.31207346330056e-10,5.06997751249931e-12,2.93672661856921e-10,7.93184938741771e-11,-3.82479457212509e-10,2.40460342405357e-10,-2.44458889736849e-10,-4.06272478390327e-10,-6.38139344429157e-10,7.82106568070401e-11,-6.37977777962288e-11,-1.55127929507506e-10,-1.01040641583678e-11,-1.58684140369113e-10,4.8817127318503e-10,6.65253200671292e-11,9.17109419760696e-11,3.87132249550958e-10,2.42910078215079e-10,3.27111541346598e-10,1.27977288465769e-10,3.21731498290611e-10,-1.07064536931507e-10,1.17365771232295e-10,-5.19602628167559e-11,-1.42960263377837e-12,3.6244492150328e-10,-2.72658958628071e-10,1.71619784743505e-10,-1.64645140746881e-10,-5.00207770196689e-11,-5.02822517617211e-10,4.79347651536972e-10,6.09420019079364e-11,1.16808271360156e-10,1.00550905329167e-10,-2.45247240608336e-11,-4.40734470155303e-10,3.27288542806621e-12,-3.72277469006861e-12,-2.59107764088052e-10,3.31039097489886e-11,3.54368971937773e-10,9.98535795254437e-11,-8.57418542841498e-11,-7.56935880062216e-11,3.02638779085009e-10,-6.87556494238363e-10,2.65946790980997e-10,-3.71706533121773e-11,-1.61988990391722e-10,-3.86672858392828e-10,1.35612391302926e-10,-1.11658177548342e-10,1.80145961440353e-10,-1.76825423561214e-10,1.33829459008063e-10,-1.04492699211773e-10,-2.5885887063834e-11,2.00105342504171e-10,2.25477743941994e-10,2.41743519149209e-10,1.42609027720879e-10,6.24421571045322e-11,2.18248986436303e-10,2.90142270599567e-10,-2.72932676328452e-10,-6.37807847955886e-11,2.75771276375308e-10,-6.63881942806451e-11,1.52278894689729e-10,-4.70708330645576e-11,7.65862244788908e-12,1.65634704892522e-10,3.45416792354045e-10,1.24041665706366e-11,-2.33287068111223e-10,3.0377825357e-10,1.78352083095498e-10,2.75283438617121e-10,-1.50531587955777e-10,1.01327371986323e-10,2.30541548859936e-10,-4.85059180283766e-10,6.68495455100139e-12,1.54312196107874e-10,1.07776871050016e-10,1.77404492801481e-11,2.77393218966861e-10,5.26227940318576e-11,-3.43480309727695e-10,-3.4058061551119e-11,-1.75531716160135e-10,-9.23723933837224e-11,4.72881896172923e-11,-4.07634505157656e-11,1.07418510352541e-10,1.26150405766554e-10,-1.40323628663763e-10,2.25500512126651e-10,-1.47238595871863e-10,3.37708508967631e-11,-4.22434707704338e-12,9.2582677870489e-11,-1.14782810862002e-10,-7.73906647793564e-11,-4.95244730281173e-10,1.55287460881727e-10,-2.72990647306143e-10,3.53258487129093e-10,-7.65954605501483e-12,2.32566968912299e-10,-6.48654578363699e-11,-5.20642610281044e-11,1.05925479645094e-10,-2.67389142511852e-10,-2.8356061326599e-10,-2.49822826904191e-11,-1.40403387457113e-10,-1.02935809325539e-10,2.83964455214804e-10,5.50490599146993e-11,-6.50619507785609e-11,1.31341955286797e-10,-1.64346085901577e-10,-3.63588328232431e-12,-2.72773185385868e-10,-2.21834287227197e-10,7.78069546489179e-11,1.08300201669456e-10,-2.06676499775478e-10,-8.69068048183966e-11,-2.80340761804835e-10,1.98521741608379e-11,1.53551401511813e-11,-6.4066866789505e-11,1.14128378803576e-10,-1.50282800122626e-10,1.06124877419291e-10,-9.08370698671007e-11,-2.20578015825983e-10,8.62521703929052e-11,4.11614620796933e-10,-1.20721390697163e-10,-5.26501143595453e-10,5.21880366029149e-10,8.00259097232631e-11,-1.13681623399275e-10,2.28637107866636e-10,-6.02762408081443e-10,4.8404868164461e-10,1.2199026215637e-10,1.0938434508977e-10,2.90964431711816e-11,-2.19042763855072e-10,-7.80477686897318e-11,2.29828584018451e-10,-2.27692635085737e-10,1.48894962982124e-10,1.39552615029781e-10,-5.00575702884817e-11,1.49632705556117e-10,-1.35135046646843e-10,9.69823018255176e-11,-3.29274899693821e-10,3.10677687142688e-10,1.85304391719524e-12,1.96346447111763e-11,-6.16360769853049e-10,1.77182612059295e-10,-1.26960230551649e-10,-2.01384119300805e-10,-7.18120488663142e-11,3.14422653883663e-10,3.52134158655841e-10,1.08302209903874e-10,-4.32922560399014e-10,-8.25387636353453e-11,-4.50714909044439e-10,-3.92464163638288e-10,3.60712542875398e-10,-3.45045023215335e-10,-8.69373598586013e-12,3.06887720765872e-10,-2.4597775824404e-10,2.33274126680284e-10,2.87226593983287e-10,-2.50032670946225e-10,-1.77074839377959e-11,1.78925193558029e-10,-9.50926730248455e-12,-3.24866038467353e-11,-4.49070339755173e-10,-3.86363599379886e-10,-4.03487517795678e-11,9.68267342698654e-11,-1.55138846856105e-10,2.19003967303152e-10,1.25543906444205e-10,1.24780949969973e-10,1.11370140311584e-11,-2.93329451034289e-10,4.64220563747807e-11,-4.30259744704915e-10,-5.1421131752114e-11,-4.56071409388202e-10,2.72357068144484e-11,-6.85177862092959e-11,2.44659604152813e-11,9.60305233402041e-11,5.50982969756744e-10,2.4097418851533e-10,-3.14163292170228e-10,1.84134284858024e-10,-1.48957195308785e-11,4.92378084118894e-10,-1.45110897303955e-10,-1.77269699914247e-10,2.79440252506555e-11,1.09456178617423e-10,9.9256144913077e-11,-2.02568450687406e-10,2.43625547950099e-10,-5.95442575353078e-11,-6.36426545398656e-11,6.80630133379336e-11,3.92698350446918e-10,9.56817436230171e-11,2.28713432444503e-10,-2.39263299184318e-10,2.20707542017171e-10,2.27520914214268e-10,3.48853162546917e-11,-4.4524735158119e-10,-1.45296432923965e-10,5.12283803037511e-10,1.32281324430123e-10,-3.10572969312343e-10,-3.46304553964686e-10,5.39625452822282e-10,2.23468105886815e-10,-1.07003804444516e-11,-2.15245948952161e-11,3.68912986383685e-10,6.34850028936489e-11,-7.87424264289535e-11,1.76507196044579e-11,3.37211787506606e-11,-5.85142151837876e-10,5.22780555574749e-11,2.61345014382883e-10,4.94319032616567e-10,-3.8671347525117e-10,4.40713829851559e-10,-3.88631983340645e-10,2.25388861797946e-10,-4.65870048397908e-11,3.65681511005379e-10,-4.46495350012867e-10,-4.48473419597176e-10,-2.12854793451095e-10,1.6491403610272e-10,-3.29169160750561e-10,-5.779748417487e-11,-3.37090999764311e-10,-6.23239791018104e-11,-7.06851125592714e-10,-2.66494114642901e-10,2.50930734398303e-10,5.4978683740398e-10,-3.77211900396691e-10,-1.91502160946526e-10,5.69291070468564e-11,-2.76443635354008e-10,5.38652264847076e-12,-2.61105495053854e-10,2.72833525888578e-10,9.72306146465749e-11,6.90167873394503e-11,-1.98255715544117e-11,-3.329154460908e-11,-1.66761245853673e-11,1.30011238802886e-11,-3.77271838970188e-10,2.54961792271799e-10,-4.15809050660332e-10,3.55795278612015e-11,-2.68600544180177e-10,-3.32252791220132e-11,-1.46420868640912e-10,-1.15055187259427e-11,1.44612411418432e-10,-2.73776461155827e-10,-1.73586390533975e-10,-2.13562032967084e-10,2.77422739587026e-10,-1.42485384201287e-10,-3.76492124072142e-11,-1.67467210573935e-10,2.32473635471281e-10,1.72050632573477e-10,-2.55736311649503e-10,3.66062503401487e-10,-3.11590701200529e-10,1.89449473232667e-10,1.54126731981104e-10,2.21074554939812e-10,2.88910206982129e-10,4.60007596248133e-10,-1.63284533088536e-10,-1.43134283458182e-10,-1.62983288333205e-10,1.5073258046335e-10,-1.59089845965397e-10,-3.45425391321159e-10,-2.35087456500413e-10,2.94447559697944e-10,-2.29170341084558e-11,5.23942814946844e-11,-3.78084704526414e-10,-5.82545519894144e-10,-4.82041898230296e-11,-1.57340965947049e-10,4.77268283129177e-10,-3.6137013158326e-10,-2.14171880299759e-10,-1.30133450577976e-10,-1.471318876875e-10,-2.6844492583073e-11,-4.2023278593415e-11,9.08238078743171e-11,1.34151914353244e-10,2.56735973264895e-10,-3.13473331663173e-10,-2.3875785141385e-10,1.71832872274679e-10,6.53714808632944e-10,1.21078592862953e-10,-1.56016828335148e-10,4.18701095906448e-10,-3.97537382858822e-10,2.81072437693173e-10,3.03438927008873e-10,4.57760158073928e-10,5.6415574494541e-11,7.11662248877605e-11,-2.36757221997738e-10,5.92316111939146e-10,8.52343596840908e-11,1.28306624433482e-10,-3.31243986224513e-10,4.79231743837359e-11,-2.15757207338061e-10,2.16304762724e-10,-8.68899021202151e-11,-7.71779106539348e-11,2.7032640013853e-11,4.6757096963994e-10,-4.38614757111871e-10,1.05112493143166e-10,-2.08182855711439e-10,-2.11799557157749e-11,8.44979740337377e-11,1.53658529175577e-10,2.41040943658073e-10,-1.41253500005537e-10,1.01929225241732e-10,4.30032758094876e-11,-1.26531759074246e-10,2.19918096905078e-10,-1.8520382218903e-10,2.18933880304057e-10,-2.2350454300752e-10,3.27254070188495e-10,4.43555308391539e-10,3.64103040730854e-10,3.83097729747486e-10,-2.19207203827049e-11,6.80164483107703e-11,-1.32334045106401e-12,1.19990615808474e-10,-1.23351591434306e-10,-5.11921382781439e-10,-3.40470111000679e-10,3.96036298423594e-10,-2.83441850870551e-10,2.35090635743677e-10,-2.80019605355135e-10,-1.10349010250067e-10,-1.32911233651743e-10,-2.11271265740816e-10,-7.81881124818432e-11,-2.39181617383209e-11,6.71030910017967e-11,-3.72042581512828e-10,2.76547134037505e-11,1.86624911072636e-11,-6.67806440282542e-11,-7.10761543275004e-11,2.31983241652123e-10,1.11887960513671e-11,2.61067887621073e-10,6.90936685896237e-10,9.65032800273475e-12,-2.29036134526057e-11,-5.79292152502459e-11,-2.67926909151094e-10,1.19350111897933e-10,-5.41407424715735e-10,-4.55478244707509e-11,-8.90213843462003e-12,-2.92661581896524e-10,4.74987067216701e-10,-9.03120316533893e-11,1.08660642340977e-10,-3.20677698263323e-10,2.59951883979684e-11,-6.47479673635902e-11,-6.15579082789317e-10,-9.60370252194619e-12,6.2037466845852e-11,-4.133967204573e-11,-7.87487782277112e-11,3.00880190184879e-10,2.04651421517082e-11,-1.51125952340785e-10,8.71970673666279e-11,2.27722916325434e-10,7.05402923820531e-10,3.51656258069813e-10,-2.23879904044809e-10,7.86719706676722e-11,1.71153071888808e-10,9.86067630526147e-11,9.71194005445333e-12,8.0645543300778e-11,-1.60298800457796e-11,-1.49320493151159e-11,2.12690585629158e-10,3.34837604496343e-10,5.70467375807715e-11,1.97257384662869e-10,-3.3144998910147e-11,5.30179599606311e-12,-5.11280593234875e-11,-2.88128623312422e-10,-1.20143803436031e-10,8.57088588517056e-11,-2.94017204384276e-10,-3.43651525361616e-11,5.78256600237528e-10,-5.84043778265285e-10,9.69773773866967e-11,-4.97443820526085e-11,-1.27392777523968e-10,4.25524286862452e-11,5.39418059185967e-11,-1.01321169224995e-10,2.85997230254385e-10,8.89279901397801e-11,-1.80438064959127e-10,-3.62861065413266e-10,1.14887544324789e-10,-3.3668750777989e-10,2.4114960324197e-10,-2.44920046306544e-10,1.1318776502876e-10,-5.40829724321883e-11,6.44864208595842e-11,-1.28251773262096e-11,2.76979582572345e-10,1.24629196884275e-10,2.69994586634047e-10,-4.63162099536871e-10,-8.25300619165881e-11,-2.23432080102608e-10,1.81393515221523e-10,2.05939748380166e-10,-1.32225081866403e-10,-4.67105993687336e-10,2.96321070555603e-10,-5.79893185418475e-11,3.92108120248287e-11,2.4364228477306e-10,-9.73662796388823e-11,1.01313506541541e-10,-2.03028343934533e-10,-1.2314462089795e-10,-1.49426765922916e-10,1.93695352163848e-10,-1.38760644565838e-10,9.59343171952586e-11,2.04589513853175e-10,-6.22761547813487e-11,1.40007297155555e-10,-4.84924285633595e-11,-2.21373531198778e-11,1.18372787083062e-10,-5.03072246635712e-10,-3.06900600976612e-10,-3.3159534761078e-10,3.27353446728162e-10,-1.68400167117662e-10,-5.35937256393389e-10,1.92446890499049e-10,9.60272162321511e-11,-3.60017197469804e-10,-5.89772044955481e-11,3.0348345852421e-10,-9.07594163438158e-11,-1.34366542082533e-10,2.11872479263129e-11,9.74428655716135e-11,1.81604889361426e-10,4.21197324991621e-10,2.48420115373213e-10,-7.8675786813621e-11,-1.77762496299199e-10,-2.59430751759199e-10,-3.33842386191884e-10,3.128815474028e-10,4.85180660943678e-10,-3.70735707793258e-10,1.81036652170202e-10,5.33626679518786e-10,-2.42941076223765e-10,1.00585470691778e-12,-8.63364357193012e-11,1.08607143238918e-10,4.3810702782089e-10,1.85280573815865e-11,6.40289298438183e-11,3.74353885587014e-11,1.44858590548836e-10,1.86574814751918e-10,3.95952296759284e-10,-6.05449651458551e-11,-3.01561117171009e-10,-1.38256818759762e-10,-1.6280884313247e-10,-2.26979907780018e-10,-2.4625389499146e-10,1.55307019225638e-10,-4.69350272505827e-10,-3.14309134332844e-10,-7.45271221602676e-10,-1.03640644125159e-09,-1.08123122609868e-09,-8.13873245316802e-10,-9.90966103759319e-10,-1.00235644727551e-09,-1.6416362959674e-09,-1.52214025453822e-09,-1.81062055516604e-09,-1.88850602486841e-09,-2.51728394519822e-09,-2.78214603681456e-09,-2.46901918916353e-09,-2.72537431115059e-09,-3.05717516994218e-09,-2.94266221723238e-09,-3.06593970757441e-09,-3.26838008447623e-09,-3.30525698031105e-09,-3.95063611172799e-09,-3.91935081562232e-09,-4.04542194489351e-09,-3.68269242750937e-09,-4.56459464873797e-09,-4.67820426000669e-09,-4.72471664004566e-09,-4.67648737850499e-09,-5.41508087308997e-09,-5.19455814049054e-09,-5.31841962571667e-09,-5.78583075730443e-09,-6.17402551729427e-09,-6.30872703606764e-09,-6.47161269138068e-09,-6.7838334893089e-09,-6.4862878199757e-09,-6.50382895305602e-09,-6.68376486213121e-09,-6.92276805298369e-09,-7.47486368938516e-09,-7.27777729636429e-09,-7.71659987022276e-09,-7.92152768134082e-09,-7.61462000317878e-09,-7.69223548177576e-09,-8.52094481335614e-09,-9.13789814895449e-09,-8.94923144150584e-09,-9.21727166164552e-09,-9.21004845487588e-09,-9.57559606281873e-09,-9.97995182990298e-09,-1.00650270460715e-08,-9.72533840535983e-09,-1.05035912783131e-08,-1.10275724259916e-08,-1.11874330637207e-08,-1.12196929388378e-08,-1.14313201736348e-08,-1.12831527524314e-08,-1.15753882757148e-08,-1.16484290146954e-08,-1.25269384968099e-08,-1.24126427270439e-08,-1.2684901761203e-08,-1.27171140607976e-08,-1.31218782581641e-08,-1.34434810327681e-08,-1.31848681921311e-08,-1.3704180347714e-08,-1.41012400072099e-08,-1.45019624000474e-08,-1.41697458468299e-08,-1.46769242656183e-08,-1.49416684644091e-08,-1.55379007269851e-08,-1.49320731262579e-08,-1.57265088297563e-08,-1.60825784739557e-08,-1.59618741469501e-08,-1.65576427697994e-08,-1.67315964851038e-08,-1.68531433109444e-08,-1.70719684238713e-08,-1.75270010201513e-08,-1.82241919536208e-08,-1.78535841258325e-08,-1.83784693870495e-08,-1.84196311247372e-08,-1.8444503522433e-08,-1.92058827290699e-08,-1.92385137344022e-08,-1.93754398154405e-08,-1.98181001604056e-08,-1.98789402618735e-08,-2.03149149275776e-08,-2.06517125465036e-08,-2.0883455269991e-08,-2.06288622448769e-08,-2.12571790671753e-08,-2.15993255376038e-08,-2.20559291495445e-08,-2.198584671161e-08,-2.23423492215674e-08,-2.26930400980798e-08,-2.34096700434463e-08,-2.3544319113505e-08,-2.34675241548895e-08,-2.40072238441756e-08,-2.4341667003358e-08,-2.47144809910188e-08,-2.44482202643468e-08,-2.53055271113487e-08,-2.56462835317723e-08,-2.55532517747091e-08,-2.61618682098464e-08,-2.65072781079688e-08,-2.70704728251558e-08,-2.7458226743074e-08,-2.74788934782603e-08,-2.77399147004736e-08,-2.82430597627735e-08,-2.85774019460844e-08,-2.85183578227024e-08,-2.88725582110609e-08,-2.9656272321611e-08,-2.95916957887742e-08,-2.96563757356601e-08,-3.01817636858432e-08,-3.04183153076314e-08,-3.05067317175522e-08,-3.058758375602e-08,-3.15907520040499e-08,-3.17888763362983e-08,-3.1910923609074e-08,-3.23790601628636e-08,-3.32033814520633e-08,-3.3458408198602e-08,-3.40187924768372e-08,-3.41746223131667e-08,-3.45054325505852e-08,-3.45651567037158e-08,-3.54383058786104e-08,-3.53605325369682e-08,-3.57655318665336e-08,-3.59083359273499e-08,-3.70230390964611e-08,-3.70827509336466e-08,-3.69395687003193e-08,-3.80301985865145e-08,-3.80192782318748e-08,-3.8280774858868e-08,-3.93262571647817e-08,-3.93055160908709e-08,-3.95402455418897e-08,-4.04417743012346e-08,-4.02257006623822e-08,-4.0932871163861e-08,-4.09646966204983e-08,-4.1799060808178e-08,-4.18486389516133e-08,-4.2522402676524e-08,-4.24374369137007e-08,-4.31638862076565e-08,-4.36268713613014e-08,-4.42077945043264e-08,-4.48399685907029e-08,-4.4656143700345e-08,-4.53453710380912e-08,-4.58350476148043e-08,-4.57258662130977e-08,-4.70770586924788e-08,-4.71612565977312e-08,-4.74354596604153e-08,-4.73634593702478e-08,-4.8510981956197e-08,-4.90316971843872e-08,-4.89300591372728e-08,-4.93535819123953e-08,-4.95056107619026e-08,-5.05088401481892e-08,-5.09517409602475e-08,-5.10954753419304e-08,-5.16779151707551e-08,-5.18781297531887e-08,-5.20598295220029e-08,-5.29362463166952e-08,-5.29476973818716e-08,-5.37697314061375e-08,-5.41203078174301e-08,-5.46468370105021e-08,-5.50112613114744e-08,-5.52371105582965e-08,-5.53572249452975e-08,-5.59061193276574e-08,-5.63510965792633e-08,-5.62550989410336e-08,-5.72817411466631e-08,-5.76721023062147e-08,-5.81353024389838e-08,-5.81627781795031e-08,-5.85427104088523e-08,-5.93785759226524e-08,-5.92706910916033e-08,-5.99770377519885e-08,-6.00625987354233e-08,-6.03424963500951e-08,-6.06900058669778e-08,-6.05881932490022e-08,-6.11895164333166e-08,-6.1344344190312e-08,-6.1975247006895e-08,-6.15464140646317e-08,-6.20121952416188e-08,-6.20001634299668e-08,-6.2565464428823e-08,-6.2689881938317e-08,-6.2995835136504e-08,-6.28975028847367e-08,-6.30320704471648e-08,-6.33916680478866e-08,-6.32512979833723e-08,-6.35332745730609e-08,-6.37122656169153e-08,-6.3729162172784e-08,-6.30905663816959e-08,-6.33969705676739e-08,-6.34889202249262e-08,-6.30949040954697e-08,-6.2443925168324e-08,-6.23450632361094e-08,-6.24684283698028e-08,-6.19693269110025e-08,-6.12361811180761e-08,-6.11814857608081e-08,-6.03817656369144e-08,-6.00356351030179e-08,-5.93013991812343e-08,-5.90425206449095e-08,-5.8146161470057e-08,-5.6755174449147e-08,-5.5637922790399e-08,-5.49690299118466e-08,-5.3799166287032e-08,-5.27267471475898e-08,-5.06300931523874e-08,-4.92463323307046e-08,-4.72141559182253e-08,-4.53448169560663e-08,-4.32016005504633e-08,-4.06441572116361e-08,-3.82007030935703e-08,-3.56104243625874e-08,-3.29791529033839e-08,-2.96276834918359e-08,-2.61134119864986e-08,-2.16772819628986e-08,-1.76049295841685e-08,-1.29429549691776e-08,-8.12625954695221e-09,-2.07030062929364e-09,3.55380763085012e-09,1.05659963529469e-08,1.75763748843792e-08,2.54812288505535e-08,3.36698691564304e-08,4.30309038090014e-08,5.40311250461226e-08,6.50324676211453e-08,7.84520813301488e-08,9.20380443383959e-08,1.07477767158769e-07,1.2450177875254e-07,1.43685202935886e-07,1.64292825329273e-07,1.87580082268269e-07,2.13458336073378e-07,2.42681302732023e-07,2.74373867062765e-07,3.10508936398576e-07,3.4983252282694e-07,3.94062313016295e-07,4.42474156483977e-07
