v,0.25
Patm,100000
g,9.81
r,500
G,10^9.4
rho,2800
mu,10^3.74
rc,20
 
M,10^5.67
sigma,0.1
 
tilt_erupt,68.8488nrad
 
-1316,-1315,-1314,-1313,-1312,-1311,-1310,-1309,-1308,-1307,-1306,-1305,-1304,-1303,-1302,-1301,-1300,-1299,-1298,-1297,-1296,-1295,-1294,-1293,-1292,-1291,-1290,-1289,-1288,-1287,-1286,-1285,-1284,-1283,-1282,-1281,-1280,-1279,-1278,-1277,-1276,-1275,-1274,-1273,-1272,-1271,-1270,-1269,-1268,-1267,-1266,-1265,-1264,-1263,-1262,-1261,-1260,-1259,-1258,-1257,-1256,-1255,-1254,-1253,-1252,-1251,-1250,-1249,-1248,-1247,-1246,-1245,-1244,-1243,-1242,-1241,-1240,-1239,-1238,-1237,-1236,-1235,-1234,-1233,-1232,-1231,-1230,-1229,-1228,-1227,-1226,-1225,-1224,-1223,-1222,-1221,-1220,-1219,-1218,-1217,-1216,-1215,-1214,-1213,-1212,-1211,-1210,-1209,-1208,-1207,-1206,-1205,-1204,-1203,-1202,-1201,-1200,-1199,-1198,-1197,-1196,-1195,-1194,-1193,-1192,-1191,-1190,-1189,-1188,-1187,-1186,-1185,-1184,-1183,-1182,-1181,-1180,-1179,-1178,-1177,-1176,-1175,-1174,-1173,-1172,-1171,-1170,-1169,-1168,-1167,-1166,-1165,-1164,-1163,-1162,-1161,-1160,-1159,-1158,-1157,-1156,-1155,-1154,-1153,-1152,-1151,-1150,-1149,-1148,-1147,-1146,-1145,-1144,-1143,-1142,-1141,-1140,-1139,-1138,-1137,-1136,-1135,-1134,-1133,-1132,-1131,-1130,-1129,-1128,-1127,-1126,-1125,-1124,-1123,-1122,-1121,-1120,-1119,-1118,-1117,-1116,-1115,-1114,-1113,-1112,-1111,-1110,-1109,-1108,-1107,-1106,-1105,-1104,-1103,-1102,-1101,-1100,-1099,-1098,-1097,-1096,-1095,-1094,-1093,-1092,-1091,-1090,-1089,-1088,-1087,-1086,-1085,-1084,-1083,-1082,-1081,-1080,-1079,-1078,-1077,-1076,-1075,-1074,-1073,-1072,-1071,-1070,-1069,-1068,-1067,-1066,-1065,-1064,-1063,-1062,-1061,-1060,-1059,-1058,-1057,-1056,-1055,-1054,-1053,-1052,-1051,-1050,-1049,-1048,-1047,-1046,-1045,-1044,-1043,-1042,-1041,-1040,-1039,-1038,-1037,-1036,-1035,-1034,-1033,-1032,-1031,-1030,-1029,-1028,-1027,-1026,-1025,-1024,-1023,-1022,-1021,-1020,-1019,-1018,-1017,-1016,-1015,-1014,-1013,-1012,-1011,-1010,-1009,-1008,-1007,-1006,-1005,-1004,-1003,-1002,-1001,-1000,-999,-998,-997,-996,-995,-994,-993,-992,-991,-990,-989,-988,-987,-986,-985,-984,-983,-982,-981,-980,-979,-978,-977,-976,-975,-974,-973,-972,-971,-970,-969,-968,-967,-966,-965,-964,-963,-962,-961,-960,-959,-958,-957,-956,-955,-954,-953,-952,-951,-950,-949,-948,-947,-946,-945,-944,-943,-942,-941,-940,-939,-938,-937,-936,-935,-934,-933,-932,-931,-930,-929,-928,-927,-926,-925,-924,-923,-922,-921,-920,-919,-918,-917,-916,-915,-914,-913,-912,-911,-910,-909,-908,-907,-906,-905,-904,-903,-902,-901,-900,-899,-898,-897,-896,-895,-894,-893,-892,-891,-890,-889,-888,-887,-886,-885,-884,-883,-882,-881,-880,-879,-878,-877,-876,-875,-874,-873,-872,-871,-870,-869,-868,-867,-866,-865,-864,-863,-862,-861,-860,-859,-858,-857,-856,-855,-854,-853,-852,-851,-850,-849,-848,-847,-846,-845,-844,-843,-842,-841,-840,-839,-838,-837,-836,-835,-834,-833,-832,-831,-830,-829,-828,-827,-826,-825,-824,-823,-822,-821,-820,-819,-818,-817,-816,-815,-814,-813,-812,-811,-810,-809,-808,-807,-806,-805,-804,-803,-802,-801,-800,-799,-798,-797,-796,-795,-794,-793,-792,-791,-790,-789,-788,-787,-786,-785,-784,-783,-782,-781,-780,-779,-778,-777,-776,-775,-774,-773,-772,-771,-770,-769,-768,-767,-766,-765,-764,-763,-762,-761,-760,-759,-758,-757,-756,-755,-754,-753,-752,-751,-750,-749,-748,-747,-746,-745,-744,-743,-742,-741,-740,-739,-738,-737,-736,-735,-734,-733,-732,-731,-730,-729,-728,-727,-726,-725,-724,-723,-722,-721,-720,-719,-718,-717,-716,-715,-714,-713,-712,-711,-710,-709,-708,-707,-706,-705,-704,-703,-702,-701,-700,-699,-698,-697,-696,-695,-694,-693,-692,-691,-690,-689,-688,-687,-686,-685,-684,-683,-682,-681,-680,-679,-678,-677,-676,-675,-674,-673,-672,-671,-670,-669,-668,-667,-666,-665,-664,-663,-662,-661,-660,-659,-658,-657,-656,-655,-654,-653,-652,-651,-650,-649,-648,-647,-646,-645,-644,-643,-642,-641,-640,-639,-638,-637,-636,-635,-634,-633,-632,-631,-630,-629,-628,-627,-626,-625,-624,-623,-622,-621,-620,-619,-618,-617,-616,-615,-614,-613,-612,-611,-610,-609,-608,-607,-606,-605,-604,-603,-602,-601,-600,-599,-598,-597,-596,-595,-594,-593,-592,-591,-590,-589,-588,-587,-586,-585,-584,-583,-582,-581,-580,-579,-578,-577,-576,-575,-574,-573,-572,-571,-570,-569,-568,-567,-566,-565,-564,-563,-562,-561,-560,-559,-558,-557,-556,-555,-554,-553,-552,-551,-550,-549,-548,-547,-546,-545,-544,-543,-542,-541,-540,-539,-538,-537,-536,-535,-534,-533,-532,-531,-530,-529,-528,-527,-526,-525,-524,-523,-522,-521,-520,-519,-518,-517,-516,-515,-514,-513,-512,-511,-510,-509,-508,-507,-506,-505,-504,-503,-502,-501,-500,-499,-498,-497,-496,-495,-494,-493,-492,-491,-490,-489,-488,-487,-486,-485,-484,-483,-482,-481,-480,-479,-478,-477,-476,-475,-474,-473,-472,-471,-470,-469,-468,-467,-466,-465,-464,-463,-462,-461,-460,-459,-458,-457,-456,-455,-454,-453,-452,-451,-450,-449,-448,-447,-446,-445,-444,-443,-442,-441,-440,-439,-438,-437,-436,-435,-434,-433,-432,-431,-430,-429,-428,-427,-426,-425,-424,-423,-422,-421,-420,-419,-418,-417,-416,-415,-414,-413,-412,-411,-410,-409,-408,-407,-406,-405,-404,-403,-402,-401,-400,-399,-398,-397,-396,-395,-394,-393,-392,-391,-390,-389,-388,-387,-386,-385,-384,-383,-382,-381,-380,-379,-378,-377,-376,-375,-374,-373,-372,-371,-370,-369,-368,-367,-366,-365,-364,-363,-362,-361,-360,-359,-358,-357,-356,-355,-354,-353,-352,-351,-350,-349,-348,-347,-346,-345,-344,-343,-342,-341,-340,-339,-338,-337,-336,-335,-334,-333,-332,-331,-330,-329,-328,-327,-326,-325,-324,-323,-322,-321,-320,-319,-318,-317,-316,-315,-314,-313,-312,-311,-310,-309,-308,-307,-306,-305,-304,-303,-302,-301,-300,-299,-298,-297,-296,-295,-294,-293,-292,-291,-290,-289,-288,-287,-286,-285,-284,-283,-282,-281,-280,-279,-278,-277,-276,-275,-274,-273,-272,-271,-270,-269,-268,-267,-266,-265,-264,-263,-262,-261,-260,-259,-258,-257,-256,-255,-254,-253,-252,-251,-250,-249,-248,-247,-246,-245,-244,-243,-242,-241,-240,-239,-238,-237,-236,-235,-234,-233,-232,-231,-230,-229,-228,-227,-226,-225,-224,-223,-222,-221,-220,-219,-218,-217,-216,-215,-214,-213,-212,-211,-210,-209,-208,-207,-206,-205,-204,-203,-202,-201,-200,-199,-198,-197,-196,-195,-194,-193,-192,-191,-190,-189,-188,-187,-186,-185,-184,-183,-182,-181,-180,-179,-178,-177,-176,-175,-174,-173,-172,-171,-170,-169,-168,-167,-166,-165,-164,-163,-162,-161,-160,-159,-158,-157,-156,-155,-154,-153,-152,-151,-150,-149,-148,-147,-146,-145,-144,-143,-142,-141,-140,-139,-138,-137,-136,-135,-134,-133,-132,-131,-130,-129,-128,-127,-126,-125,-124,-123,-122,-121,-120,-119,-118,-117,-116,-115,-114,-113,-112,-111,-110,-109,-108,-107,-106,-105,-104,-103,-102,-101,-100,-99,-98,-97,-96,-95,-94,-93,-92,-91,-90,-89,-88,-87,-86,-85,-84,-83,-82,-81,-80,-79,-78,-77,-76,-75,-74,-73,-72,-71,-70,-69,-68,-67,-66,-65,-64,-63,-62,-61,-60,-59,-58,-57,-56,-55,-54,-53,-52,-51,-50,-49,-48,-47,-46,-45,-44,-44,-43,-42,-41,-40,-39,-38,-37,-36,-35,-34,-33,-32,-31,-30,-29,-28,-27,-26,-25,-24,-23,-22,-21,-20,-19,-18,-17,-16,-15,-14,-13,-12,-11,-10,-9,-8,-7,-6,-5,-4,-3,-2,-1,0
8.2947430203591e-11,-2.35055578349862e-10,-1.43250454047484e-10,-1.16774379027662e-10,1.14194791128905e-10,-1.02286660231214e-10,-9.3551257833291e-11,-4.44693937105577e-11,-1.50987029830575e-10,5.50068104813611e-11,8.4639184394935e-12,-3.72179891874105e-12,4.32125777066045e-12,1.16888546473273e-10,4.06511106236425e-11,4.59992861778629e-11,-1.56615591967146e-10,-1.24658240558247e-10,-2.14591651735383e-11,3.94696971900948e-11,1.12952814824171e-10,1.42073783268113e-10,-2.58262137978297e-11,1.08300563990823e-10,-5.25320112615015e-11,2.41725899696852e-10,4.12011500301206e-11,-7.49642051750383e-11,-1.83182801430534e-10,-3.34598018587287e-11,-2.80939790436615e-11,3.82338215414101e-11,1.51303744908784e-11,1.402078837945e-10,2.12637065643521e-10,-3.03783462689974e-11,-3.24636420811082e-11,-9.94136967566937e-12,1.77120105823942e-10,1.28826177628044e-10,-1.89215127470227e-10,-4.85156729002662e-11,-1.02507376854527e-10,-1.44099640581037e-10,-1.29492573373441e-10,-6.00668672844343e-11,6.8689655039982e-11,-4.3140928441589e-11,-2.94996690004205e-11,-3.15611009177059e-11,-1.55330267955184e-10,-9.70819171846574e-11,1.51822731659725e-11,6.45324756275991e-11,1.36875976223734e-10,4.79727966579418e-11,-8.47307507459039e-11,1.26993027472543e-10,1.55055752773589e-10,7.44442038693858e-11,2.36441502414649e-10,-1.52004837181199e-11,1.26922245247823e-10,1.69714450788721e-10,-4.66422569167679e-11,4.20043253539008e-11,1.91155806770775e-11,1.90236295842533e-11,-7.78849764267853e-11,8.99717246062582e-11,-1.65373773463709e-10,4.99163978335635e-11,1.43030788857516e-10,5.53281149006148e-11,2.87559654943874e-11,1.88002792442723e-11,-7.65932807135864e-11,-7.54320245925752e-11,2.61014875911915e-10,3.57840700097697e-11,-6.35346763254741e-11,-8.23138658967234e-11,6.4944493404892e-11,-2.81729918975893e-11,8.08888633084931e-11,-2.51881150281008e-11,3.01676940960309e-12,1.72581027366572e-11,-5.47761130177122e-11,-1.35408317592668e-10,5.87202276948711e-11,1.048484250794e-10,1.70567087891221e-10,4.89965234049231e-11,-1.86289968456418e-11,5.20091182749151e-11,1.83777508087726e-10,-1.03358529729451e-10,-5.16831481251649e-11,-1.85575086420079e-10,-1.94252284687719e-11,6.57784915528074e-11,2.07332705134528e-10,8.732951962455e-11,7.5583523286375e-11,2.28707032024759e-10,-1.40370540076957e-10,6.42005446234308e-11,1.09512140488067e-13,-3.80404173767247e-12,-9.72945239649046e-11,-1.46713450368917e-10,-8.29938197822777e-11,-1.50384776165768e-10,-5.32830135826848e-11,-9.450740290894e-12,7.5423607244298e-11,-3.8661730081247e-12,3.94143211092834e-11,-4.25562651500382e-11,-8.63451192646856e-11,-1.71651554765344e-11,-1.23010510429152e-10,1.05582541013657e-10,1.09401194264159e-10,9.62737184524157e-11,5.25567284204119e-11,-2.46112008600411e-11,-5.05864887350182e-11,1.68277286076753e-10,7.57309102874045e-11,3.13655530154194e-12,1.24082910304332e-10,-7.0622895734395e-11,6.26166000384633e-11,-1.552721519028e-10,-6.4075398436078e-11,-6.81996394892441e-11,7.68889561287608e-11,2.13757485192813e-12,-9.36652178064456e-11,-9.72007124185521e-11,-9.98014609000101e-11,5.42484588518397e-11,2.92479069829761e-11,3.09855427859154e-11,-1.82348979048895e-10,-6.22089718787465e-11,1.33553947783204e-10,-2.39166230087259e-13,-8.24240901004805e-11,-2.49415355505127e-11,-4.48701368604541e-11,8.79674446297457e-11,-4.25174006628336e-11,-9.69459527836864e-12,-7.30207906033118e-11,-9.75480031014383e-11,2.21766139974172e-11,5.28625097217664e-11,-7.74091733515137e-11,1.04246945270287e-10,1.31915517193576e-10,-5.08193235854975e-11,3.92338022668797e-11,6.73739792839015e-11,-1.73938127796525e-10,6.47650054084227e-11,2.40323057548514e-12,8.70045345103245e-11,-6.47154865431339e-11,3.96735980966407e-11,8.55526328279156e-11,5.19214102243808e-11,3.16111726118382e-12,4.0575023025764e-12,-1.00343185513687e-10,9.10027800282322e-13,-1.20547808760714e-11,5.15559057884112e-12,3.22480917231769e-11,-1.0303595043345e-10,5.44975392275105e-11,-9.35897615668788e-11,-1.7170533101598e-11,-9.4805597531883e-11,1.94774447359349e-11,7.47769114631477e-11,-4.42010247599777e-11,-8.91566881771914e-11,1.16536814350349e-10,-6.08669647045793e-11,-1.53923937012007e-10,1.20211682142443e-10,-4.32145617902909e-11,8.76060416480898e-11,-7.45547103089808e-11,-6.86251783403702e-11,-1.83227312165295e-10,2.81967038674543e-10,4.71376140718034e-11,5.42065111597909e-11,1.01895430386474e-10,-2.20124996880148e-10,5.09720698140078e-11,-3.43645104997299e-11,-7.72405728417261e-11,4.9551516713682e-11,-3.73805015123381e-11,5.62159266485878e-11,1.84259172280713e-10,1.71799155458141e-11,1.24740140657766e-10,-1.64887042329721e-10,1.64073744822332e-10,3.30356855961072e-11,-1.6163437450556e-11,1.14848530680398e-10,-2.10691728533777e-13,-9.71538672377922e-11,2.83864664562219e-11,5.55259614743845e-11,3.24293883955517e-11,-9.79038799182211e-11,-6.67685722589275e-12,3.85153851173939e-11,8.11540605905805e-11,-1.34830579087495e-10,1.34708855255393e-10,4.05669349382712e-11,2.71061422347848e-10,2.54142533366117e-11,7.97287274305202e-13,9.8671336023612e-12,-2.73305697120648e-10,-9.81345080903428e-11,5.77179821224801e-11,-1.18952472640025e-10,4.72280564898563e-11,-9.82474608084062e-11,-1.12246819925053e-10,4.54213106467235e-11,-1.13592057128339e-10,5.0181241769856e-11,-2.15697416680171e-10,-2.75287547856003e-11,-1.22556301827072e-10,1.06478156398632e-10,-1.19485029297688e-11,-7.53066065987199e-11,-1.11788529714759e-10,-1.16053234320592e-10,3.70452443849609e-11,4.30032544726939e-11,1.71152446157464e-10,1.14515020583982e-10,3.73175908020521e-11,5.68961635153248e-11,1.56391694448405e-10,9.25608854481667e-11,7.62671178530444e-11,2.61355495327338e-11,2.61297238684044e-11,-1.12754071070388e-10,1.65187267560313e-11,-1.40055997265626e-10,-4.49585547772316e-11,9.81002398627422e-11,-6.3945125735482e-11,-7.34366636886802e-11,-5.41516821345277e-11,1.90613143585866e-10,-9.5304165268657e-11,-2.24807617264661e-11,5.09554137836386e-11,1.79184244886632e-10,-1.92460527420204e-10,-1.45424317306519e-10,3.11964197710313e-11,-1.79870073452171e-12,-1.23191181708351e-10,-1.08299488406426e-10,-4.44558629338846e-11,-3.77617268073933e-11,7.08218981715949e-11,-3.7571452018775e-11,1.85490623714703e-10,-4.67795161976728e-11,-7.02776487303686e-11,-3.166226120164e-11,2.75243717794402e-11,-1.64848571785343e-10,1.48402885861862e-10,1.90814752239017e-10,1.09903249283768e-10,-1.07130720392346e-12,1.04827542851469e-10,2.91643780800857e-11,-2.44087034543219e-10,1.02865797205717e-10,-7.95805724610678e-11,2.21484857356481e-10,2.09434296884599e-11,-4.62071966330053e-12,1.30983378871636e-10,2.71986657247528e-11,-2.38563479353407e-12,-1.98658233966745e-11,1.03194516638348e-10,8.22939838308585e-11,6.81923741189207e-11,-1.15416135764855e-10,4.3901755477991e-12,-9.72362533981878e-11,1.68876171160338e-11,3.4290158898956e-11,8.53987467526262e-11,5.63448669648129e-11,-3.88795479159417e-11,-3.28293053738811e-11,5.18978204350078e-11,1.69242921389756e-11,-3.0797274107421e-11,1.37486972857664e-10,-4.75314352824903e-11,4.92455266543819e-11,-1.01376481632695e-11,-4.72238977499599e-12,1.17794330645608e-10,-1.11094314771883e-10,1.27166030576082e-10,8.47601469858764e-11,-1.78764178167965e-10,-1.89699476442418e-12,-1.56083668547433e-10,-4.97423302759643e-11,3.37281294060296e-11,2.76524113754153e-11,-1.59602649383192e-11,2.53160694020655e-10,-1.03481031586978e-10,-7.24291370995067e-11,1.76288426014332e-10,-7.86296828814877e-11,-4.23191124113411e-11,-2.0369524624525e-11,1.30666247551921e-10,7.74288884329846e-11,-2.19769897145137e-11,-2.27171080851206e-10,7.07458528077366e-11,6.35453958949172e-11,6.75234784631559e-11,2.28828676716874e-11,1.30208683412162e-10,-1.92653264595942e-10,1.19633841648488e-10,1.95771041252485e-11,-1.85915287686761e-11,-1.13206340348585e-10,-3.54510863211851e-11,1.0216330568099e-10,-9.168255683222e-11,-6.13201496531871e-11,6.25870442185456e-11,-1.37216313611582e-10,6.6785452906985e-11,1.20034163006082e-10,-8.45790554498565e-11,1.30332597052096e-10,-8.35241972148232e-12,1.01796339835612e-11,-1.36722642923672e-10,-3.84786934169674e-11,5.39475414023166e-11,-6.830497984938e-11,2.09999095493646e-11,3.84412135255472e-11,-1.59882643231993e-10,-7.17444988535322e-11,5.59229062090499e-11,-1.22148415541552e-11,1.55311972848101e-11,-1.00388356242971e-10,7.22569388669639e-11,1.21028103374569e-10,4.78744517071187e-11,2.58943472325732e-11,-5.89894129149555e-12,4.57579580474585e-11,1.78094973498467e-10,9.79042569820409e-12,-8.65025081498687e-11,2.62650821253781e-11,-7.34950678905403e-11,2.14158828929549e-10,3.08821289312771e-10,-1.49046604861424e-10,7.51700502759655e-11,8.66610754972075e-12,-4.5012750722826e-11,9.23772199780845e-11,-6.66075985581099e-12,-6.58094521940146e-11,8.5584446615129e-11,-1.15541686597496e-11,1.41455400581869e-11,3.86963998449175e-11,1.18875666396724e-10,1.80095263657967e-10,9.50129111093622e-11,-1.44069710632415e-10,-2.4868022557918e-10,-4.87628458440427e-11,1.02115256642567e-10,-6.70391719830167e-11,5.32080443052247e-11,2.7733693887171e-11,-5.54589075074257e-11,1.47193413052649e-10,5.90637032610436e-11,-5.37355273204198e-11,8.8562958670897e-11,1.0297211438732e-11,-6.78570420321537e-11,-7.18608307974027e-11,-6.90372131261524e-11,9.42819277339756e-11,6.83033088222755e-11,2.30490342150866e-10,-4.85126965369305e-11,-1.50437148078456e-10,1.36424172080022e-10,3.81798750372288e-11,2.10659828022323e-12,-2.37885434172557e-10,1.04641773445538e-11,1.81064384395488e-10,1.33482677573658e-10,-5.26999207599542e-11,-9.48047032917156e-11,-2.28509395067501e-10,9.90164936201049e-11,-1.25748686864682e-12,5.87816481071009e-11,-6.74161857154696e-11,2.73058366006478e-11,-1.32651583453041e-10,-6.39023955415014e-11,1.90453265783271e-10,-7.52921810271952e-12,-1.34536990532419e-10,1.23705125062198e-11,-9.03839686592151e-11,-1.27378210435736e-10,1.04731877440267e-10,7.0573418733522e-11,-7.12998014204827e-12,-1.39747058950157e-10,2.83073685064597e-11,1.26172940688554e-10,3.21434640088601e-11,-1.15849228958863e-10,1.1157531091673e-10,9.66375885020031e-12,-3.03244595908678e-11,1.98415116998316e-11,2.79924057184658e-11,7.15908482394575e-11,7.84157920764496e-11,3.47459260577858e-11,-8.28726889393634e-11,5.41644923410915e-11,-9.76288898243393e-11,4.84983211253435e-11,3.02671746481899e-11,2.25048536196842e-10,-1.40292413193188e-10,4.55094328136359e-11,-1.23033665082293e-10,3.02552942093524e-10,-1.68598084758671e-11,1.43560425372382e-10,-8.22485898289851e-12,-6.73419460358887e-11,-9.87854027254085e-11,1.29479612993264e-11,-5.51805788101366e-11,-5.07538404459711e-11,8.0227573425624e-12,-1.96703561772235e-10,6.66364783731204e-11,1.65067968328538e-10,-8.67567566507957e-11,-1.10969008708948e-10,1.14016595481205e-11,-6.66360701620249e-11,1.57866406187934e-11,-5.10905134385761e-11,-7.77006953306155e-11,-1.64535490710003e-10,-1.50577044880809e-10,-1.68458792435057e-10,3.80309171349983e-11,-2.12317460261806e-11,4.80870054198119e-11,1.58800165210979e-10,2.71730751112949e-11,2.57401339919187e-10,-1.34571619961131e-11,-8.06670180028374e-11,3.74043597599075e-11,7.50406970077198e-11,1.35887960045858e-10,4.67027038839302e-11,1.49583199444669e-11,2.13630471352756e-14,2.15952749575254e-11,-1.02034850312089e-10,-8.51996627253142e-11,3.47019275714041e-11,-1.82717316616324e-10,5.26057527219012e-11,-3.94089001398584e-11,2.17058611727215e-10,-9.04352142913484e-11,-1.28279860923597e-10,-1.07939627391064e-10,-1.05896638752784e-10,8.91486966116634e-11,-1.1657804392262e-10,-1.82319432119685e-11,3.96390982893883e-11,-6.61477916174998e-11,1.23247361822161e-10,6.56815527594166e-11,-4.21023415876295e-12,1.13080828789558e-10,-1.89325935827583e-10,-1.17603206178407e-10,-1.18985800155243e-10,-3.88387393951349e-11,7.74733782990375e-11,-9.66611075806181e-12,1.25915248301265e-11,-1.72424432324148e-10,7.6900707266551e-11,-1.12140915918019e-10,-1.35606501672331e-10,7.11269509923727e-11,-1.51744078985657e-10,1.80566347095775e-13,2.5850227147554e-11,2.62893343213938e-10,-1.55625406005962e-10,3.58782376835243e-11,6.47275486230778e-11,1.06033828910178e-10,5.28942379267632e-11,3.5285574585505e-11,-1.46607671272821e-10,3.48482374773397e-11,-2.10948239449612e-11,-1.36577205895066e-10,1.90260439359929e-10,-1.1160043549375e-10,1.40967536411367e-10,5.36498473472405e-11,-2.37771746538417e-10,-2.55008607547439e-11,1.09721713410547e-10,-9.7297106694687e-11,-7.44447918321096e-11,1.94476462666096e-11,-1.82193383433314e-11,1.42985808146846e-10,-5.69794671876375e-11,-2.94534519284477e-11,-1.44030467835762e-10,-6.30439936078663e-11,-4.03412961289573e-11,-7.14615540651306e-11,-1.04816753849482e-10,-9.94135120757011e-11,-1.27534091349163e-11,8.86051769379175e-11,1.41375646351901e-10,-2.27250339279321e-10,-1.37671185505979e-10,-7.07754193229577e-11,-2.21629675745055e-11,1.06999571874354e-10,-7.20842793108625e-11,-3.48245549975815e-11,-1.60254299614343e-10,1.31850097444509e-10,1.11080574637337e-10,-1.23564879302571e-10,1.20762919089277e-10,-1.9845939392619e-11,-1.54090750447655e-11,-8.92098035717704e-11,2.18407572641892e-11,-6.62339320188917e-11,5.2320062508155e-12,-1.0530187200207e-10,9.99878931278978e-13,1.03375138762813e-10,-5.39780382772762e-11,-2.05948729551232e-11,-7.87132501545401e-11,-7.02955190636398e-11,-5.52182912214795e-11,8.76421766058768e-11,-1.99703737854985e-10,-1.05561023979924e-10,-7.28861815598393e-11,1.31982990316381e-10,9.77973873983913e-11,2.97672563979411e-11,-7.22604169629909e-11,1.85446154426377e-10,-1.04579176927225e-10,-1.32571072914702e-10,1.01220350904242e-10,2.31597653676195e-11,2.20182527021816e-10,1.48907850649966e-10,-3.95803045958895e-11,5.17055607310395e-11,-1.53762986229587e-10,-1.23356686696188e-10,-1.06900789598945e-10,9.5986108897438e-11,1.99389397215277e-11,7.8773656094238e-11,9.94430147601185e-11,-1.97275247438372e-10,1.58325031761674e-10,-8.10926635226034e-11,1.84240606588833e-11,-1.11507126080989e-10,1.98415304543089e-10,1.38430749954378e-10,1.93017491830924e-11,4.82043280230471e-11,2.96791175465887e-12,9.87638688458691e-11,-7.70158719093044e-11,-5.27249337505725e-11,-1.2183312496855e-10,3.21559203001279e-11,-1.26158105232938e-10,2.00959205758722e-10,2.76337332195103e-10,4.28078794350344e-11,-2.08996115754291e-11,7.82453994327565e-12,1.732979854828e-10,-8.73294688980894e-11,4.84376348401977e-11,-1.40238569739953e-10,1.50091545501728e-11,-1.08300678819388e-11,-4.72575644624336e-11,-7.88910160566555e-12,1.20444957576956e-10,1.30507773982687e-10,-9.50459187777786e-11,5.91327601370063e-11,-1.37562120776525e-10,-3.12352363148675e-11,5.07758685320583e-12,-9.59776729956942e-11,-2.97865293964748e-11,2.68536540754062e-11,8.38807934483205e-11,-4.7851556368779e-11,1.82891185605311e-11,-1.0654763110808e-10,-5.29664076190468e-11,1.23400890878158e-10,-1.50901048439351e-10,-7.17646138897228e-11,7.45033120317979e-11,1.81010397916928e-10,-1.44313111339324e-10,1.01013895301873e-10,1.6838120151391e-11,-1.7809537115847e-11,8.60816587619272e-11,-6.88453778404184e-11,-8.85764089175315e-11,9.73434648598802e-11,-2.15399594447403e-10,-5.97640941690784e-11,-5.03362387003763e-12,-2.95226234008539e-12,3.21668512573142e-11,5.10544884603421e-11,-4.21955013777838e-11,-4.01336881528955e-11,-1.51702880657232e-10,-1.5171037380373e-10,1.66860324246723e-10,1.32527889445591e-11,-8.73675020764072e-11,-1.45925283151568e-11,4.47865326035497e-11,1.58254733094079e-11,8.34224386432834e-12,-2.87768439798706e-11,1.23699597111678e-10,1.93112697144392e-10,-6.14663932783113e-11,-1.01299892151542e-10,-5.23959251659106e-11,-2.78056771231358e-11,1.89055456227845e-11,-6.98252153944498e-11,9.39554639302831e-11,-8.55899694220825e-11,-3.76312546626968e-12,-1.50655761202634e-11,-1.39750495584307e-12,2.02440063535701e-10,1.67403637977411e-10,-3.68798221525414e-11,1.05101334413131e-10,5.45745499152692e-11,1.83426740990252e-10,-1.85614484300861e-11,4.19029106092691e-11,-4.48403137056189e-11,4.71378085126468e-11,1.02679628348855e-10,6.68495327965674e-11,7.86632439342099e-11,-2.34916138053944e-10,5.40902963272964e-12,-1.17372033748696e-11,-1.03411165165891e-10,1.80179780440512e-10,2.23379583815655e-11,1.93688777310815e-10,-4.68141344282645e-11,-1.58546594302923e-10,4.52229870590367e-11,1.22814561891882e-11,1.60004750511664e-10,5.98807781425607e-11,-6.31045247273276e-11,3.28778900340651e-11,-3.13984145893474e-10,1.69618483336651e-10,6.51250550251044e-11,1.40855331427804e-10,9.08688716170696e-11,-2.58299926249238e-11,-1.06894599639222e-10,-1.83495623139717e-12,-1.34140603966017e-10,3.12463684831137e-10,-1.11157353421104e-11,1.57871301385074e-11,-2.0094819271105e-11,-1.98211994355881e-11,-7.95229519491901e-11,-9.33909213671606e-11,-5.6417528263641e-11,-3.16441935607577e-11,-7.55155564258812e-11,-5.41743265734813e-11,2.47819490251739e-11,-9.54610424884806e-11,-6.78362961127217e-11,-3.2120922141062e-11,-4.39098085497291e-11,-1.07608878407982e-10,-6.56470973186598e-11,-2.86279318219624e-11,-1.35054962609156e-11,7.50092839882499e-11,8.10356924041551e-11,-9.32050049877175e-11,-2.21341088200632e-11,4.28176864869358e-11,-3.39616454715478e-11,9.25656527999474e-11,-9.60794154800499e-11,2.93621046553653e-11,7.19763159338033e-12,-4.81810380184213e-11,4.9776851197886e-11,-3.0861036016164e-11,1.36419848883963e-10,7.74948724965877e-11,-1.12874709466052e-10,-3.1355673557745e-11,4.1135025395716e-12,-1.04055465030315e-10,-6.03646857121942e-11,7.67821353715093e-11,-9.73119894379639e-11,1.63774581311407e-10,-1.82614598137409e-10,-7.71057453551757e-11,4.38400847263211e-11,4.06979938808717e-11,7.97101317065124e-11,-1.31773514724936e-10,4.08132411187145e-11,-5.08772459656006e-11,1.63629856089855e-10,1.68761578188861e-10,5.363241555894e-12,-1.4770302938031e-10,8.950333475764e-11,4.03024829380916e-11,-8.30304938362882e-11,1.05298585740666e-10,1.01512384326467e-10,1.43261832691673e-10,-2.1061872126552e-10,-4.18399470081996e-11,-3.20256125745641e-11,6.38520257706948e-11,1.54733429935604e-11,1.02215632316541e-10,5.11878554341459e-12,-1.35705840644873e-10,-1.01292070594085e-10,-9.01244299560817e-11,3.07759669613695e-11,-5.36243808244037e-12,3.35109523432686e-11,1.74798342451613e-12,2.2907018734916e-11,3.70911073477218e-13,-1.14190597680212e-10,8.12685991011146e-11,3.51540876317293e-11,-2.05855350253057e-10,5.31084641379892e-11,-9.16558852108717e-12,-1.20436269613801e-10,-4.98061925267355e-11,-1.92904641933608e-11,-4.78584438856424e-11,1.13812091882745e-10,-1.8935710515405e-10,1.66199702812429e-10,5.96169497305206e-12,-2.1001849118633e-10,5.49190919725812e-11,-2.56593007122036e-10,-8.25150695841771e-11,6.20127104685331e-11,1.47998946546612e-10,8.47659237674438e-11,7.93711465479621e-11,3.8712452671044e-11,1.414697992064e-11,1.23177642290797e-10,4.38385603698892e-11,1.08765452188039e-11,-3.84001657138953e-11,3.72609322056992e-11,4.03565960724727e-11,-2.62845809526018e-11,-8.49687417724471e-12,-7.21054506547895e-11,1.91502374065019e-10,-7.30691595930591e-11,5.26466350409349e-11,-2.49878994213623e-11,1.70727860741896e-10,5.5272449690753e-11,4.28083182090452e-11,-2.16180129315039e-10,1.39198256206083e-10,8.22459183943317e-11,4.04867976947439e-11,1.41462499591258e-10,-1.09359103136114e-10,3.0088398882969e-11,1.92177020510841e-10,-3.70271663588403e-11,-5.45373316628672e-11,-1.64503692239383e-10,9.05185975348139e-11,6.63468547345216e-11,-5.8981887231293e-11,-9.52839891743334e-11,2.5077890281316e-11,-2.3796495765253e-11,2.18239063778157e-11,1.14969224971284e-11,3.46107241713395e-11,-1.31225104505335e-10,-8.90905729664083e-12,-4.27565508682935e-11,2.76868739759633e-13,-4.40144228448988e-11,-8.44042876840859e-11,2.5315911800393e-11,3.08768156513861e-11,5.2651112919774e-11,-6.72090439626857e-11,1.55717382395655e-10,-8.51823994180289e-11,-6.56319321978313e-11,1.23608272647784e-10,1.8298088082074e-11,1.89655932594073e-10,-2.65628974125503e-11,-1.4323842698388e-11,-4.96425767913958e-11,1.54348008338027e-12,3.4762349619843e-11,-6.24357949111969e-11,-3.70638249226571e-11,-7.34469729424392e-11,1.01803462896218e-10,2.73015415533647e-11,7.87506882933347e-11,4.62503413011793e-11,-6.12368863343407e-11,-5.60183552603671e-12,-5.69312245829903e-11,1.11878758538264e-10,-5.77400913416707e-11,1.99154177287807e-11,-7.42626692470369e-11,7.48815806797834e-11,-1.42247866153026e-10,-8.7308747191152e-12,1.51855787088303e-11,-3.09713228365724e-11,-1.41696436028775e-11,-6.00650469033449e-11,-1.20551173702289e-11,2.6805067051837e-11,-1.28942645663822e-11,8.60159753790479e-11,-1.31546051659743e-11,7.00992123754803e-12,-1.49577037984763e-10,9.33620683706722e-11,-5.20266812967402e-11,-1.05956438629831e-10,-1.95363295987135e-11,-1.52917327972258e-10,5.79253577220747e-11,-1.18083389461318e-10,-4.25646136032862e-11,-1.9775809149407e-12,-1.23887995469185e-10,-7.18743867920008e-11,-1.15088382289932e-10,1.31843443674012e-10,-6.99036037169933e-11,-9.0568827870909e-11,-7.43423277449562e-11,-4.78553766247538e-11,-9.06314686920595e-11,-4.59101915809755e-11,4.68946986186978e-11,4.60276334676371e-11,-4.9072856093395e-11,-3.82430770775434e-11,-7.96841805614026e-11,-1.00396311216789e-10,-4.41260420225172e-11,6.81356133797462e-11,-1.079288760509e-10,1.74730584931025e-10,-1.81059906520279e-10,5.59528391660623e-11,-4.12988053981292e-11,-1.66305556261161e-11,-6.56246832949581e-13,7.80809699564266e-11,-5.36363578389734e-11,-1.11349334293593e-11,-2.6580227208627e-11,9.36109939307297e-11,1.22267697699801e-10,-1.94731464638677e-13,-9.35800116477513e-11,-1.03258737878948e-10,-1.18812979491568e-10,1.88531730195052e-10,1.01543181672648e-10,-6.56914574057319e-11,1.24735510759628e-10,1.62821460697845e-10,-2.44856830074427e-10,-1.43831808923907e-10,-1.58193402717499e-10,5.81032532968199e-11,5.85155175033276e-11,-1.64667399798252e-10,-1.41443466995316e-10,-6.11399043425387e-11,-4.14047448256249e-13,-3.20939311189687e-11,-4.42841350898179e-11,-5.39520773495423e-11,1.83402287757959e-10,-2.37638229939612e-11,1.46077439051402e-10,-1.94821310191347e-11,-1.21557569116593e-10,1.69851398623994e-10,-1.1773048121216e-10,9.03988236953726e-11,5.48576841000847e-11,-1.16699306703112e-10,-8.49746831918406e-11,-1.49160312353599e-10,-1.0869431954349e-10,5.47734603156048e-11,-5.12950247132393e-11,-2.6202508035413e-12,3.43493988785578e-11,-7.32844801361461e-11,-1.51500204476973e-10,-1.26178855226677e-10,-9.08566160049492e-11,-2.35138402859438e-11,1.25985248780791e-10,-6.46083708940071e-11,9.53408057277785e-11,-2.12605069715338e-11,1.25520521974472e-11,-4.88220523452511e-11,9.23615334415158e-11,-1.38039934922963e-10,-4.58409437108533e-11,-1.71797194566078e-11,1.15465197029243e-10,-3.7257418145642e-11,3.1896496253164e-11,1.19832207899344e-10,3.74520954903639e-11,-1.65974594319036e-10,5.88796131148088e-11,4.32931988267116e-11,5.28356445500127e-11,-4.42809102486324e-11,-1.6273712804657e-10,-9.21944599331756e-11,1.3937877318935e-10,-4.23167627544229e-11,8.34349072896453e-11,6.55903466593947e-11,-1.74827849709564e-11,4.15281699446459e-11,6.66186586957411e-11,1.40416173858206e-10,-1.18011439549695e-10,-1.87655258231733e-10,1.89962611717899e-10,-1.69291791150589e-11,-8.98031261209354e-11,-5.64135598584477e-11,1.58893293595661e-10,2.03433945629027e-10,9.51030636177025e-11,3.50393840573102e-10,-1.072667611635e-11,-4.98922870288972e-11,-5.94069428756075e-11,-1.14815499496533e-10,-1.5707401669578e-11,-2.14629595701344e-10,1.78747972847503e-10,2.69968674943971e-11,3.90680521368315e-11,-6.07625672994658e-11,-2.24561414647213e-11,-5.45532562201622e-11,-1.93175386194372e-10,-2.63093360681892e-11,1.10828645154407e-10,2.9787317972618e-11,5.40371917925078e-11,1.18943388434756e-10,5.74525591729525e-11,-2.96380722868802e-11,-6.96982924271482e-11,-8.67003681850135e-11,-1.85822503278413e-11,1.56692441900319e-11,-1.31589643004753e-10,-7.74528606586549e-11,1.20994460891331e-10,8.22562429190162e-11,-2.16917360214528e-10,-6.93140850693787e-11,-9.28240991607064e-11,-6.38665628035473e-11,2.39072210104402e-10,1.49630631889354e-10,-1.33080136456826e-10,1.56847754954986e-11,-7.3433559377481e-11,-7.546153005171e-12,-1.35547303072036e-10,1.46237739522624e-10,2.06076162948353e-10,-6.58731924902698e-11,1.11274362335638e-10,1.9153961200166e-10,2.44618239494804e-11,-8.12234971524257e-11,2.29715654852638e-11,-8.02746581577016e-11,-2.43389176689714e-12,-4.75882935662065e-11,1.28941816956114e-10,-8.64688416054864e-11,3.89081879979674e-11,4.40888603302974e-11,-2.23312156993186e-11,1.17739079459388e-10,-6.79186981856736e-11,2.00081537957558e-11,-1.58300022467483e-10,-1.79997730606736e-11,-5.1562239527234e-11,6.4685911531663e-11,3.88251034172438e-11,1.89908384481895e-10,-1.6176005942568e-11,-1.36725778632053e-11,-6.43299272604345e-11,1.22717622878019e-10,-3.81166178844351e-11,4.54410768917365e-11,7.47171304100072e-11,7.29232677681443e-11,3.87157204589376e-11,2.28617942896348e-10,-6.31634210276513e-11,9.33649704402827e-11,1.17779034108738e-10,-2.20107504874511e-10,-3.13504371557798e-11,-4.47241524461385e-11,2.16495986755907e-10,6.93710858531714e-12,5.23026578747141e-11,-5.81153364222978e-11,-7.98702845677157e-11,-1.95728772444724e-10,1.01138638499853e-12,-1.31957461585129e-10,6.57406844296712e-11,1.55529267378523e-11,2.26975938996439e-11,-2.51598003962278e-14,5.74165294265483e-14,-1.23836191681441e-10,4.32683379419215e-11,-1.73755937610539e-11,-5.966220167181e-11,1.11398753418366e-10,-4.81965469107857e-11,-1.30959871339665e-11,-3.78633798442744e-11,6.76666731829433e-11,-5.78843448429855e-11,5.47039249874296e-11,-1.55906348758122e-10,-1.39308800841543e-11,1.25071471931155e-10,-3.01660981692051e-11,2.09012514257065e-11,-7.319863667904e-11,7.43314684285565e-11,-1.3259542385424e-10,1.27522822993045e-11,2.05119986932731e-10,-9.62744010734685e-11,-3.2081867533941e-11,8.82453958154934e-11,-1.64866703891698e-10,-1.16909716568931e-10,-7.09327218440329e-12,-1.54958563145426e-10,5.00302606020577e-11,8.65757730483647e-11,-1.69674038744958e-10,-1.43791313843738e-10,-1.89243805456018e-10,2.74922622810671e-11,-1.05295380089317e-10,2.06435162651956e-11,-1.36789979936563e-10,-2.40958634603405e-10,-6.84716854109305e-11,1.17627622110747e-11,1.37556820141243e-10,8.25256958897586e-11,1.5385349180507e-10,-4.21200981456867e-11,2.11550313230099e-10,-1.87025534455751e-10,1.26616911250942e-10,-1.86676663834477e-10,4.92428406614421e-11,-5.41643500345427e-11,1.64456959845688e-10,4.51321060099706e-11,3.30230404313745e-10,1.65996129946426e-11,-1.88561746430525e-10,1.60314662446834e-11,6.57132119113036e-11,9.40536261810029e-11,-2.34912207461519e-10,1.8466364284546e-11,1.48397309736504e-10,-5.23197979713793e-11,-4.35699173709067e-11,8.69675021201675e-11,-1.15460575762454e-10,1.0457103612094e-11,-6.78130848994299e-11,-3.32605576783939e-11,1.5207293645965e-11,7.36214712461463e-11,9.1609789559142e-11,7.6802207088209e-11,-1.38862342487342e-10,-1.0702422781842e-10,-4.94657210775386e-11,5.07553155125579e-11,-5.5557104985387e-11,-1.06989033074475e-10,-3.45488267371697e-11,-3.55939797263105e-11,8.93242561478557e-11,1.82051659379341e-10,-6.86154806996944e-13,-2.5274210239737e-10,8.90239657758359e-11,1.88751737707295e-12,-3.96629218055104e-11,-7.54722576352306e-11,7.31451456278112e-12,9.41948975147933e-11,-3.83038746017463e-11,4.83920349576133e-11,5.66755367015347e-11,-2.24790055126335e-11,-2.38337111383779e-10,1.45014878521323e-11,-1.15979587094793e-10,9.88784550028305e-11,2.19052009448372e-10,1.27293060907145e-10,-1.01315882856413e-10,2.2280828302158e-10,2.36837615680739e-11,-1.56161848833042e-10,9.68847491840225e-11,-3.60396807013026e-11,5.93439855227451e-11,9.12027579592126e-11,-5.64566346072039e-11,-2.28511363217453e-10,2.11714831723208e-10,4.17755491449792e-10,6.48904010998443e-10,9.12324592071004e-10,9.5735798545907e-10,1.36264245947327e-09,1.73281724142851e-09,2.09657703938862e-09,2.24615272635878e-09,2.59197154697235e-09,2.99544952802453e-09,3.3900232470483e-09,3.97482019472328e-09,4.26582693389387e-09,4.63849827366553e-09,5.12622347047191e-09,5.75196373214527e-09,6.25667072043732e-09,6.74431002372543e-09,7.50933271609085e-09,8.38871030380128e-09,8.8481112600605e-09,9.59051252283706e-09,1.04205106458305e-08,1.14493066821944e-08,1.23424426783183e-08,1.3635976046448e-08,1.47500255048315e-08,1.56627984384025e-08,1.70291304145872e-08,1.84296101312226e-08,1.98998672810872e-08,2.1492819341659e-08,2.35569929811883e-08,2.55477809838518e-08,2.80126464613152e-08,3.06224241870492e-08,3.38324209061851e-08,3.70898718976592e-08,4.10840383866474e-08,4.60252631895447e-08,5.19060755690301e-08,5.92248877022896e-08,6.88783110342317e-08
