v,0.25
Patm,100000
g,9.81
r,500
G,10^9.4
rho,2800
mu,10^3.74
rc,20
 
M,10^4.89
sigma,0.5
 
tilt_erupt,13.7694nrad
 
-1244,-1243,-1242,-1241,-1240,-1239,-1238,-1237,-1236,-1235,-1234,-1233,-1232,-1231,-1230,-1229,-1228,-1227,-1226,-1225,-1224,-1223,-1222,-1221,-1220,-1219,-1218,-1217,-1216,-1215,-1214,-1213,-1212,-1211,-1210,-1209,-1208,-1207,-1206,-1205,-1204,-1203,-1202,-1201,-1200,-1199,-1198,-1197,-1196,-1195,-1194,-1193,-1192,-1191,-1190,-1189,-1188,-1187,-1186,-1185,-1184,-1183,-1182,-1181,-1180,-1179,-1178,-1177,-1176,-1175,-1174,-1173,-1172,-1171,-1170,-1169,-1168,-1167,-1166,-1165,-1164,-1163,-1162,-1161,-1160,-1159,-1158,-1157,-1156,-1155,-1154,-1153,-1152,-1151,-1150,-1149,-1148,-1147,-1146,-1145,-1144,-1143,-1142,-1141,-1140,-1139,-1138,-1137,-1136,-1135,-1134,-1133,-1132,-1131,-1130,-1129,-1128,-1127,-1126,-1125,-1124,-1123,-1122,-1121,-1120,-1119,-1118,-1117,-1116,-1115,-1114,-1113,-1112,-1111,-1110,-1109,-1108,-1107,-1106,-1105,-1104,-1103,-1102,-1101,-1100,-1099,-1098,-1097,-1096,-1095,-1094,-1093,-1092,-1091,-1090,-1089,-1088,-1087,-1086,-1085,-1084,-1083,-1082,-1081,-1080,-1079,-1078,-1077,-1076,-1075,-1074,-1073,-1072,-1071,-1070,-1069,-1068,-1067,-1066,-1065,-1064,-1063,-1062,-1061,-1060,-1059,-1058,-1057,-1056,-1055,-1054,-1053,-1052,-1051,-1050,-1049,-1048,-1047,-1046,-1045,-1044,-1043,-1042,-1041,-1040,-1039,-1038,-1037,-1036,-1035,-1034,-1033,-1032,-1031,-1030,-1029,-1028,-1027,-1026,-1025,-1024,-1023,-1022,-1021,-1020,-1019,-1018,-1017,-1016,-1015,-1014,-1013,-1012,-1011,-1010,-1009,-1008,-1007,-1006,-1005,-1004,-1003,-1002,-1001,-1000,-999,-998,-997,-996,-995,-994,-993,-992,-991,-990,-989,-988,-987,-986,-985,-984,-983,-982,-981,-980,-979,-978,-977,-976,-975,-974,-973,-972,-971,-970,-969,-968,-967,-966,-965,-964,-963,-962,-961,-960,-959,-958,-957,-956,-955,-954,-953,-952,-951,-950,-949,-948,-947,-946,-945,-944,-943,-942,-941,-940,-939,-938,-937,-936,-935,-934,-933,-932,-931,-930,-929,-928,-927,-926,-925,-924,-923,-922,-921,-920,-919,-918,-917,-916,-915,-914,-913,-912,-911,-910,-909,-908,-907,-906,-905,-904,-903,-902,-901,-900,-899,-898,-897,-896,-895,-894,-893,-892,-891,-890,-889,-888,-887,-886,-885,-884,-883,-882,-881,-880,-879,-878,-877,-876,-875,-874,-873,-872,-871,-870,-869,-868,-867,-866,-865,-864,-863,-862,-861,-860,-859,-858,-857,-856,-855,-854,-853,-852,-851,-850,-849,-848,-847,-846,-845,-844,-843,-842,-841,-840,-839,-838,-837,-836,-835,-834,-833,-832,-831,-830,-829,-828,-827,-826,-825,-824,-823,-822,-821,-820,-819,-818,-817,-816,-815,-814,-813,-812,-811,-810,-809,-808,-807,-806,-805,-804,-803,-802,-801,-800,-799,-798,-797,-796,-795,-794,-793,-792,-791,-790,-789,-788,-787,-786,-785,-784,-783,-782,-781,-780,-779,-778,-777,-776,-775,-774,-773,-772,-771,-770,-769,-768,-767,-766,-765,-764,-763,-762,-761,-760,-759,-758,-757,-756,-755,-754,-753,-752,-751,-750,-749,-748,-747,-746,-745,-744,-743,-742,-741,-740,-739,-738,-737,-736,-735,-734,-733,-732,-731,-730,-729,-728,-727,-726,-725,-724,-723,-722,-721,-720,-719,-718,-717,-716,-715,-714,-713,-712,-711,-710,-709,-708,-707,-706,-705,-704,-703,-702,-701,-700,-699,-698,-697,-696,-695,-694,-693,-692,-691,-690,-689,-688,-687,-686,-685,-684,-683,-682,-681,-680,-679,-678,-677,-676,-675,-674,-673,-672,-671,-670,-669,-668,-667,-666,-665,-664,-663,-662,-661,-660,-659,-658,-657,-656,-655,-654,-653,-652,-651,-650,-649,-648,-647,-646,-645,-644,-643,-642,-641,-640,-639,-638,-637,-636,-635,-634,-633,-632,-631,-630,-629,-628,-627,-626,-625,-624,-623,-622,-621,-620,-619,-618,-617,-616,-615,-614,-613,-612,-611,-610,-609,-608,-607,-606,-605,-604,-603,-602,-601,-600,-599,-598,-597,-596,-595,-594,-593,-592,-591,-590,-589,-588,-587,-586,-585,-584,-583,-582,-581,-580,-579,-578,-577,-576,-575,-574,-573,-572,-571,-570,-569,-568,-567,-566,-565,-564,-563,-562,-561,-560,-559,-558,-557,-556,-555,-554,-553,-552,-551,-550,-549,-548,-547,-546,-545,-544,-543,-542,-541,-540,-539,-538,-537,-536,-535,-534,-533,-532,-531,-530,-529,-528,-527,-526,-525,-524,-523,-522,-521,-520,-519,-518,-517,-516,-515,-514,-513,-512,-511,-510,-509,-508,-507,-506,-505,-504,-503,-502,-501,-500,-499,-498,-497,-496,-495,-494,-493,-492,-491,-490,-489,-488,-487,-486,-485,-484,-483,-482,-481,-480,-479,-478,-477,-476,-475,-474,-473,-472,-471,-470,-469,-468,-467,-466,-465,-464,-463,-462,-461,-460,-459,-458,-457,-456,-455,-454,-453,-452,-451,-450,-449,-448,-447,-446,-445,-444,-443,-442,-441,-440,-439,-438,-437,-436,-435,-434,-433,-432,-431,-430,-429,-428,-427,-426,-425,-424,-423,-422,-421,-420,-419,-418,-417,-416,-415,-414,-413,-412,-411,-410,-409,-408,-407,-406,-405,-404,-403,-402,-401,-400,-399,-398,-397,-396,-395,-394,-393,-392,-391,-390,-389,-388,-387,-386,-385,-384,-383,-382,-381,-380,-379,-378,-377,-376,-375,-374,-373,-372,-371,-370,-369,-368,-367,-366,-365,-364,-363,-362,-361,-360,-359,-358,-357,-356,-355,-354,-353,-352,-351,-350,-349,-348,-347,-346,-345,-344,-343,-342,-341,-340,-339,-338,-337,-336,-335,-334,-333,-332,-331,-330,-329,-328,-327,-326,-325,-324,-323,-322,-321,-320,-319,-318,-317,-316,-315,-314,-313,-312,-311,-310,-309,-308,-307,-306,-305,-304,-303,-302,-301,-300,-299,-298,-297,-296,-295,-294,-293,-292,-291,-290,-289,-288,-287,-286,-285,-284,-283,-282,-281,-280,-279,-278,-277,-276,-275,-274,-273,-272,-271,-270,-269,-268,-267,-266,-265,-264,-263,-262,-261,-260,-259,-258,-257,-256,-255,-254,-253,-252,-251,-250,-249,-248,-247,-246,-245,-244,-243,-242,-241,-240,-239,-238,-237,-236,-235,-234,-233,-232,-231,-230,-229,-228,-227,-226,-225,-224,-223,-222,-221,-220,-219,-218,-217,-216,-215,-214,-213,-212,-211,-210,-209,-208,-207,-206,-205,-204,-203,-202,-201,-200,-199,-198,-197,-196,-195,-194,-193,-192,-191,-190,-189,-188,-187,-186,-185,-184,-183,-182,-181,-180,-179,-178,-177,-176,-175,-174,-173,-172,-171,-170,-169,-168,-167,-166,-165,-164,-163,-162,-161,-160,-159,-158,-157,-156,-155,-154,-153,-152,-151,-150,-149,-148,-147,-146,-145,-144,-143,-142,-141,-140,-139,-138,-137,-136,-135,-134,-133,-132,-131,-130,-129,-128,-127,-126,-125,-124,-123,-122,-121,-120,-119,-118,-117,-116,-115,-114,-113,-112,-111,-110,-109,-108,-107,-106,-105,-104,-103,-102,-101,-100,-99,-98,-97,-96,-95,-94,-93,-92,-91,-90,-89,-88,-87,-86,-85,-84,-83,-82,-81,-80,-79,-78,-77,-76,-75,-74,-73,-72,-71,-70,-69,-68,-67,-66,-65,-64,-63,-62,-61,-60,-59,-58,-57,-56,-55,-54,-53,-52,-51,-50,-49,-48,-47,-46,-45,-44,-43,-42,-41,-40,-39,-38,-37,-36,-35,-34,-33,-32,-31,-30,-29,-28,-27,-26,-25,-24,-23,-22,-21,-20,-19,-18,-17,-16,-15,-14,-13,-12,-11,-10,-9,-8,-7,-6,-6,-5,-4,-3,-2,-1,0
-3.99526506295685e-10,-2.37312449305473e-10,6.29256890514464e-10,4.87593975333788e-10,1.05291984972354e-09,1.76894208108654e-10,2.3146312023897e-10,6.78954319001704e-10,-9.27406544856453e-11,-5.56741731417575e-10,-4.25274497368842e-10,-2.36176350798995e-10,4.45840441716165e-10,3.76592723659123e-10,-3.70232542556258e-10,-1.05286403541715e-09,-6.17240786074968e-10,1.14774138103108e-10,-3.8212363358298e-10,1.56780225740836e-10,4.24092614164792e-10,-2.58174588189672e-10,6.56073952017294e-10,-3.50735075739857e-10,2.2082606579095e-10,5.44037088016389e-10,-1.82961313305904e-10,-1.14968578286817e-10,-4.19332784259749e-10,-1.40729257526349e-10,-3.26531435154037e-10,5.63032208753165e-10,1.3566900557582e-10,-4.14748208006966e-11,-3.67338851945456e-10,-7.11579278704625e-10,-6.53908382117738e-11,-4.71669807385845e-10,-2.72897561857759e-10,1.76431024585845e-10,-6.47609184094947e-11,-2.94942682582032e-11,9.13433306455287e-10,4.66545050053825e-10,-3.51096836794065e-10,4.55201720203075e-11,1.71691147675113e-11,-4.10124466845304e-10,-4.38137690666419e-10,-7.0911305615774e-10,1.59114129480761e-10,-7.53591051926546e-10,2.1111173815132e-10,3.28972971858375e-10,-4.45276962569598e-11,1.42979502803868e-10,2.29440154453275e-11,3.64831241167381e-10,5.00058832053423e-10,4.75393804164847e-11,4.7885656646542e-10,-9.90916113944614e-10,-4.97173195945351e-10,1.92147873213385e-10,-3.56296614658424e-10,-2.69603702249766e-10,3.67733141949929e-10,-9.80454965347561e-11,3.67044056333707e-10,-7.88209934140868e-11,-6.33959376363732e-10,-3.18509731969397e-10,1.36017174826879e-10,4.22481937913903e-10,1.84405971048665e-10,3.52531269778559e-10,-7.19354225821809e-10,4.00753094295646e-10,-3.63165530931658e-10,-1.79756236510748e-10,-8.10269726257239e-10,8.68788484999128e-11,6.9611755106092e-10,2.79527389044996e-10,-1.98328988050064e-10,-1.74801821429754e-09,-1.52825902910365e-10,-1.47559933681106e-10,-3.39688184146066e-10,9.76559796904562e-10,6.20429172831925e-10,-1.31432975528851e-10,-4.22526142400505e-13,1.43726894277356e-10,-5.54094191085252e-10,-1.36671827238703e-10,-4.22740478252889e-10,1.56569840321989e-10,-1.22761720504459e-10,-2.41140804168113e-11,2.99692332943752e-10,-8.76502875773742e-11,-5.73800546890948e-11,-1.73872412586637e-10,1.77112309554867e-10,-2.60861880092695e-10,-1.17296592017064e-10,-3.53441409308832e-10,1.94446050905305e-10,1.31243236915762e-10,-4.75251837024765e-10,-4.0928677982128e-11,-1.43159954450717e-09,3.46551098156288e-10,-2.57490454682782e-10,9.23008692893845e-10,-1.1352543897125e-10,4.52878547078943e-10,-3.71513798399029e-10,3.4975353321237e-10,-3.62814197852804e-10,-7.92282543475536e-10,-3.61039764683277e-10,-5.30943354142114e-10,3.4706792044411e-10,-7.36735404050325e-11,2.69282756797606e-10,7.10159908621132e-12,-5.24437304660944e-10,4.12360487410564e-10,-9.72145157398655e-11,6.74487572519831e-10,-2.12666903138808e-10,-4.92713271204805e-10,-1.65838542349131e-10,-1.07587849298239e-09,-4.12670720311488e-10,6.90601363456808e-11,-3.41683909224552e-10,7.83102311296904e-10,1.28087951833381e-10,5.75358222899598e-11,7.77496315848888e-10,5.99159045031452e-10,1.26861019609192e-10,2.27484155704985e-11,-7.03855424121181e-11,9.91480129642172e-12,2.5451632322304e-10,4.77210748379443e-10,-4.90025801642208e-10,4.07617582596487e-10,-8.6205424580945e-10,-6.69556580707955e-11,8.48114192725443e-12,-2.06755401646279e-10,1.33084499127207e-10,-1.29752806017045e-10,2.47377759321239e-10,4.08497675062339e-11,-9.77098573112588e-10,6.35870891983619e-10,-1.8075879868448e-10,-2.29739354775021e-10,-3.67750500189267e-10,-1.54690749858936e-10,-8.61553440074845e-10,-3.50856148316162e-11,-2.69525419346456e-10,-9.11050456064167e-10,1.25374301541875e-10,7.65749326637696e-11,4.65976979944887e-11,-2.41784186670715e-10,-5.61486263996199e-10,-3.48284300180799e-10,-6.82343560553939e-10,-2.43741214567002e-10,-1.04979519612483e-10,-1.82462681757591e-10,-6.90903348053478e-10,-4.69750151344999e-10,2.75306044945703e-10,-6.16242849860164e-12,5.96704884586571e-10,-3.75963356792072e-10,1.62641600421551e-10,2.24745910406029e-10,-4.07359843839003e-10,3.81703123251467e-10,2.07145829057387e-10,-2.57714371732011e-11,-9.24696776858714e-10,-1.38464088409104e-10,2.82947270782176e-10,-1.08619198503058e-09,-3.31775648665344e-10,8.72632870881392e-11,-1.05876813405251e-09,-2.67364318385245e-10,-7.69509357444879e-10,-7.0118302775384e-10,2.38424484806072e-10,2.88724468963701e-10,6.37234153110831e-10,2.44574323114562e-10,5.73198539812246e-10,4.72798030922569e-11,8.38816716452594e-10,-3.53935203177198e-10,3.98778658769843e-10,5.29624977392434e-10,3.06729063922153e-10,-6.97205007703678e-10,7.75125857263552e-10,-2.16511042223443e-13,3.39834134626148e-10,4.77126207048424e-10,9.95219984282588e-11,6.96114089119111e-10,6.55571197259929e-12,6.24036063940829e-10,6.30599080247232e-11,-3.55629556339634e-11,1.04160735980939e-09,4.31849450167172e-10,3.39068679119661e-10,-1.4380904063112e-09,8.5145534775524e-10,2.28994368538544e-10,4.25978601428922e-10,5.03587569596815e-10,-8.16419128034287e-10,-2.87647989820649e-10,-1.02172624317585e-10,1.00390383608622e-09,-1.28826862181142e-11,-8.58211484117383e-11,1.68996259599722e-10,-1.02569243918666e-10,-9.31607479093179e-10,-4.96908207771778e-10,7.90560369912436e-10,1.02907903997239e-10,6.25314504974192e-12,3.84238239328825e-10,-7.23083509428545e-10,-2.51251660312744e-11,-1.0090592359359e-09,2.15627498884906e-10,-3.1246267718428e-10,4.06691498603106e-10,-4.37134073636525e-10,-1.40140501117466e-10,5.53552981948637e-10,-6.06913850728222e-11,-1.36652493415898e-10,2.74985591215951e-10,-4.13367969152002e-10,5.52195272923352e-10,5.92350585428337e-11,1.64436627453335e-10,-2.86478100530585e-10,-1.82663102283573e-10,3.98034040686369e-10,-6.76566148656479e-10,-1.58471971540679e-10,-8.05846800191296e-11,-3.73556230057129e-10,2.13824487891628e-10,-5.13881413068359e-10,1.33342190021333e-11,-3.31747124125551e-10,-2.51586778199993e-10,-1.97555362722124e-10,-3.5818057081577e-10,4.27245527197601e-10,-5.94391915347854e-10,-1.79114875110507e-10,-3.35518553931674e-10,7.51955561773012e-10,-2.35105029590651e-10,3.99089766315389e-10,-1.14069638916711e-09,7.33893900701771e-11,-3.20686610803625e-10,-7.64708095021622e-11,-1.36352321070774e-11,-3.22618679803254e-10,-5.47268212110427e-12,-2.44551717816627e-10,2.48042582523305e-10,7.2455972329469e-12,-6.48953749816988e-10,3.51923753780997e-10,-1.01815008560419e-09,-5.99755829625096e-10,-1.57762388727516e-10,-5.88208727105271e-10,9.79280975642898e-12,-1.58878053195349e-10,3.36721471755393e-11,8.92027260722608e-10,1.52144755385109e-11,3.00753497557809e-10,8.94482166676769e-10,-2.42614092750308e-10,5.92331119612068e-10,6.16084039730979e-10,1.30652228388773e-09,3.30689513990073e-10,-4.93616468726228e-10,5.07015283130456e-10,-2.41325986353112e-10,-4.48956913091087e-10,-1.24349417352063e-10,1.7123405360906e-10,1.21510107611132e-09,-1.31164985070907e-11,5.43492257410887e-10,6.34761255401683e-10,-1.85951805626244e-10,3.8215089578731e-10,-1.55643148420871e-10,5.04251005423018e-10,-1.21683253719188e-09,9.01817543458235e-10,-1.31012764665556e-10,3.38589720814677e-11,1.72376826632359e-10,7.16155779294872e-10,-6.33495874280504e-10,-2.82585941140517e-10,3.36628094967021e-10,1.56418105363758e-10,4.82676318225427e-10,-2.71562689237697e-10,-2.41696635519425e-10,2.21808973593412e-10,-3.0375018421125e-10,-5.41718412331584e-10,-9.08656375736872e-10,-2.36886328291919e-10,-1.10171308619981e-11,-8.93429526067528e-10,7.97095684738254e-10,-2.64109119432281e-10,5.00887093225865e-11,-2.59330975373138e-10,-5.47051117639819e-10,2.16562081193687e-10,2.50331625354003e-10,3.65579333764914e-10,-1.1619690371524e-11,5.14221678106235e-11,-3.55081712726039e-10,2.30589973200578e-10,4.57299320096419e-10,2.6175720725484e-10,-2.35434610230811e-10,3.47178377450104e-10,-1.83305711203218e-10,-7.49376443035201e-10,3.06054255054488e-10,8.25912798954004e-10,1.1000119582562e-10,8.99229594640519e-10,-3.30744602765968e-10,-2.26101673466672e-10,6.37907368607158e-10,1.09210331457442e-09,6.75225633604604e-10,-3.40874368949079e-10,-1.1499273796099e-09,-3.87971467254192e-10,-3.28467953011341e-10,5.16582325039016e-11,-5.63710062095379e-10,8.6022267637671e-12,2.89333490285386e-10,-2.10049845884463e-10,1.03810484871867e-09,4.61336231063004e-10,-5.4081191416884e-10,-7.32593726875671e-10,3.64736401438144e-11,-7.70422414261418e-10,4.93898880833427e-10,-3.3731579725434e-10,-1.31651855948603e-10,2.6978915078459e-10,-2.22080570093104e-10,2.47177180750567e-10,4.48399679538493e-10,-2.61340279265114e-10,-8.46120202783813e-11,-9.03608979224834e-11,2.96331895938998e-10,4.91051525220476e-10,9.22947966247506e-11,-4.76108446349786e-11,4.07270116593628e-10,-8.30852403310639e-10,1.28025439936883e-10,1.76733879781829e-10,2.83033440325959e-10,7.13192718052406e-10,-7.09996198600862e-10,-4.08207799377575e-10,5.73552276278768e-11,1.0892437427283e-13,-6.22528263744271e-10,4.77798430264739e-10,7.00585068202631e-10,-6.51166073667218e-10,5.83655564227937e-10,-3.02361870990641e-10,-6.05298933678118e-10,3.98490387566752e-10,-4.55742386162316e-10,-4.13247679063287e-10,6.9345582761767e-11,-6.8859629818759e-10,1.03853703075262e-09,-4.32813817897011e-10,3.05186071473015e-10,3.26309484133502e-10,4.19589390606941e-10,-3.81264985465192e-10,-8.45619426935784e-11,-4.11093969482925e-10,-4.53022648769193e-10,3.93952279158039e-10,5.60472376172573e-10,-7.54543800200886e-10,-2.28759651643919e-10,9.3315602915277e-11,3.97030358212187e-10,5.08497044641014e-10,5.84080797626452e-10,-1.20680992385155e-10,-4.49778091843169e-10,4.90139898008514e-10,4.94052454837511e-10,-6.65580784505065e-11,-9.91089131706876e-11,-2.64693170799608e-10,-4.81989893631443e-10,-7.85714339431231e-10,6.08529738369146e-11,1.01780992869991e-09,-2.03908454501059e-10,-4.06197456571589e-10,-2.3087603400729e-10,-5.60853867390018e-10,-2.26295847303166e-10,-3.78330852507276e-10,-8.38087345476968e-11,5.4151082116103e-10,7.13527763658289e-10,7.72991917067707e-10,-6.31984208722083e-10,-7.48275020671881e-11,1.71176881475067e-10,8.90410171891235e-11,6.63613378187167e-10,1.3323713540514e-10,2.38156515425938e-10,3.40540030744433e-10,-1.32110108977054e-10,1.33012023351014e-10,2.71954989612295e-11,-7.77916036192009e-11,3.87052694750728e-10,4.49368161640589e-11,6.95494408990125e-11,1.11260700679616e-10,-3.00449171533161e-10,-3.81765580758649e-10,3.21389411585182e-10,-5.50794397790443e-10,-7.9023316120075e-10,-4.45452890410362e-10,-3.21898008581625e-10,4.15002048782233e-10,4.68300116919832e-10,6.86367191671316e-11,-2.52694289186891e-10,2.4368262809379e-10,5.29335172230063e-10,-3.46871889024058e-10,1.23848586264825e-10,-8.85541304421633e-10,-4.30475245281846e-10,9.57481395882897e-10,-5.35401668152776e-10,1.11363591913288e-09,-5.93997097927245e-11,2.40304330453061e-10,-5.22078105425344e-10,3.60360527637269e-11,-1.46923966195662e-10,1.92106441009859e-10,1.08684152532257e-09,8.8669111936758e-11,-5.07717651979393e-10,-2.50771585179177e-10,-8.04814590297312e-10,-8.68534919874841e-10,-5.98560229359901e-10,4.84300692478494e-10,7.52031482442171e-11,1.83726994548274e-10,-1.63159019064554e-10,5.31089924213047e-11,-3.35690075576281e-10,-2.87112693276211e-10,-2.45774910859806e-11,-2.08356426223709e-10,1.81710263756788e-10,-5.1804678269191e-10,1.1860940334555e-09,-1.36582105967008e-10,2.96082039820602e-10,-5.83488524396447e-10,-1.06353372377928e-10,-6.77128261024291e-10,1.31612716755073e-10,-3.96991760498583e-10,1.23034970707793e-10,1.13980240558033e-09,-5.42036236501044e-10,-1.22263192124025e-09,3.25731909699666e-10,2.64312575446517e-11,5.06810925912302e-10,-1.87805282474827e-10,-1.17152181435851e-10,-6.93288193872396e-10,-9.57464199819576e-10,-2.25850483816413e-10,4.00424083216371e-10,3.98244537195548e-10,5.05503630106694e-10,1.83338411008834e-10,5.88297516641439e-11,6.79352553689374e-10,-7.16141734279918e-10,-7.02165792876592e-10,-1.37895487934718e-09,5.35537055017827e-10,-2.35575715157288e-10,5.64681266381424e-11,-7.00214840094387e-10,5.82276597403601e-10,4.57017181224239e-11,5.37969948545091e-10,-5.27579140757974e-10,-5.8062578443613e-10,-9.97287247483082e-10,6.39425143646243e-11,-2.53238343843622e-10,-3.6783660003466e-10,-3.99958515696644e-10,4.33171036404195e-10,-1.53542177216837e-10,2.73744942056084e-10,-5.29495345210445e-10,8.53397592642188e-11,-2.84482229835123e-10,2.08991557557203e-11,-4.28682455920933e-10,-5.3123971043683e-10,3.50323785640036e-10,8.19028636403279e-11,-2.30284834614112e-10,1.89074889427835e-10,3.78989164710767e-10,-7.15979422776854e-11,-7.70631611698172e-10,-5.67680384564943e-12,-4.45028218722317e-11,-3.97415019448595e-13,-8.43723298837401e-10,1.51169136568344e-10,-2.09887135166566e-10,4.88347959905699e-10,2.33577570322067e-10,-7.63785927653792e-10,3.33002969007307e-10,-5.61690544463402e-10,5.92615940602587e-10,-3.81861841519297e-10,3.31753925091256e-10,3.60828588352997e-11,-2.58627099588152e-11,-4.34970369169967e-10,-1.95294667123354e-10,-1.49651094039545e-11,1.33316302322554e-10,-5.4191356192369e-10,5.03800997997099e-10,-2.28974557239769e-10,-3.16021655231167e-11,-5.06927458129586e-10,8.67277921669105e-10,7.71161856812066e-10,-6.07192746904526e-10,9.63145315649825e-10,-1.56074704761489e-10,-5.39645243540523e-11,-1.56790168219784e-11,-3.38876364433784e-11,-5.95218301886478e-10,-1.07577101468777e-10,-1.54205233429782e-10,-4.58430116359637e-10,-5.02050133546428e-10,3.43234662014055e-11,1.05248684118887e-09,-4.50017405869946e-10,-2.28377601471371e-10,9.95874304764623e-11,-2.22960249123763e-10,6.57172263119745e-10,1.5830128030845e-10,4.89247668415696e-10,-8.32419871543399e-10,-2.35231638037036e-10,4.12647051334091e-10,-1.99941588680529e-10,-3.4369684449273e-10,2.5662199992952e-10,-2.09328664535375e-10,4.62495375932609e-10,3.91401244919263e-10,-1.8419964972503e-10,-7.25931011502125e-10,3.89396500980383e-10,1.77907906224366e-10,8.21094814108799e-11,1.15469738713112e-09,-5.19622399014716e-11,5.7040166740172e-10,-1.56082845115503e-10,-8.84219622464519e-10,-4.91573825448902e-10,6.87871333835501e-11,-4.31765579743256e-10,-6.60430664192245e-10,3.26032052592886e-10,-4.23780010131099e-11,-6.57546615598536e-10,-8.18489189524414e-10,-8.53021345444425e-11,1.47326294057831e-10,-2.44986059638148e-10,-7.00393446363996e-10,-6.43119507997429e-10,2.4476990321951e-10,-7.24549577697044e-11,7.20580687783918e-10,1.23745071420275e-10,-4.40990242643509e-10,7.63693407982148e-10,3.63684683155099e-10,-3.74915397434619e-10,-8.27807333596111e-10,2.61491095426762e-10,3.21418131157866e-11,-1.31688125756306e-10,1.63931353601337e-10,-1.62762415297446e-10,5.02388163412463e-10,-3.16098794274292e-10,3.01532399252015e-10,-1.64309530868853e-10,-2.26955622613031e-10,5.68161992550265e-10,-3.41685503288368e-10,9.04839823474481e-10,-3.82052877761079e-10,1.31937673243683e-10,1.9257436606111e-10,1.09303199474381e-09,9.42348684678694e-10,1.55904228598036e-10,8.09395201387623e-10,-9.66542054701962e-10,1.00931410167358e-10,-9.12977909206009e-11,8.40656047804471e-11,-5.95630234482942e-11,-3.87214136778455e-11,-9.15838479351715e-10,5.26999362630239e-10,-3.80388108316576e-10,-3.37358822102736e-10,-3.16146299892273e-10,5.83225989583876e-10,1.03070527683428e-10,-5.40565904597571e-10,-3.78463749251099e-10,2.59129021712331e-10,-9.09118828285896e-10,-1.21492308956427e-10,3.95047976527011e-10,7.78947965654643e-10,2.0849669916033e-10,4.74797838538635e-11,4.30630969104249e-10,-9.48449555091158e-11,-8.59765492080751e-11,-4.23038321855051e-11,5.02524940428852e-10,-1.41452092954156e-11,-5.02241588322148e-10,1.03494332700696e-09,-8.55408387134901e-10,7.84466011787943e-10,2.33489620353587e-10,1.77393814413129e-10,-7.36361816833061e-10,2.94719655442641e-10,-1.96613484993371e-10,-3.02691703582849e-10,4.24917168085638e-10,1.84213618343569e-10,-6.09071389992329e-10,-8.92808711312457e-11,-1.08444461873189e-09,4.96987768934084e-10,-3.88092715487546e-10,2.27715481399455e-10,-3.92229342543121e-10,-2.92883883193667e-10,-2.7532218545971e-10,6.21610527269565e-10,3.66190968212135e-12,-1.09435886364904e-10,-5.40847848069393e-10,6.06409163168257e-10,4.84100611839078e-10,-6.625828863621e-11,-3.08546624504456e-10,-5.05310288200291e-10,2.92473562823486e-10,5.2809195763648e-11,9.81820124909136e-12,-1.04804240792005e-09,5.55997997403545e-10,-8.18356867723035e-10,-4.84428026773462e-11,8.44011700142962e-10,3.34100909990344e-10,1.37201699430303e-09,-8.84879612875265e-10,-2.18385779599284e-10,2.09265902493196e-10,1.35832577527164e-10,-4.34116888024956e-10,1.09573841137667e-10,5.18655241040725e-11,-5.28530419874841e-10,1.44668113110017e-10,-5.39406049424218e-10,6.18763956137874e-11,1.51237363829782e-10,-5.55053894890607e-10,3.31248158446106e-10,1.931111245073e-11,-2.16498359068403e-10,-7.66453929568418e-10,-5.59322429049755e-10,1.17847476995036e-10,-1.43714438153558e-10,-6.44712479204102e-10,-5.0295854073093e-10,3.27359761495444e-10,1.82644939002236e-10,-2.3545596458162e-10,9.85980278893166e-11,-2.22085618441336e-10,-4.63885174771033e-10,-4.95490519112753e-10,-4.68841222428214e-10,-5.89647709372882e-10,9.57851394177886e-11,-1.2504409869607e-09,-6.59305471526574e-10,3.53770839604875e-10,-5.72843631802947e-10,-3.14499432191451e-10,-1.68079794181975e-10,-1.06091026067624e-10,1.21050318023524e-09,-1.34166264538078e-10,3.85431850971716e-10,-2.68740649824181e-10,4.27515396769279e-11,6.65412607056609e-10,9.16354834569897e-10,2.27953604226903e-11,5.09511505384457e-10,-8.7089821869052e-11,8.05593044979863e-11,5.37241490137403e-10,8.43158622390158e-10,-1.01865347270269e-09,-1.75114056507906e-10,5.45559828115232e-10,3.70780668706419e-10,6.71228694298413e-10,-1.05771860646451e-10,3.56095591871513e-10,-9.65914304672123e-10,1.71747414665955e-09,5.6878906766183e-11,7.35261716544122e-10,-7.73552695065151e-10,-7.99291136832766e-10,3.16978823035575e-10,3.9938006083865e-10,-3.36537169246183e-10,4.62823598388885e-10,-2.38187021757657e-10,-1.25194849922069e-10,-1.47533401933576e-10,7.61584886947879e-10,-9.11877078958864e-12,-2.7344409062572e-11,4.44038550584524e-10,4.71651544958937e-10,-7.30448434047799e-10,-7.14982368014494e-10,9.21187441232748e-10,2.22140499350504e-10,-5.58646682843426e-10,-7.21956066659816e-10,-5.38955006016543e-10,-2.49915249503734e-10,-2.35576750007823e-10,-4.31956624372463e-11,3.92403224579974e-10,4.16465993536781e-10,-6.01388038102494e-10,-2.49080376889168e-10,-6.27671341012528e-10,1.00886585206329e-09,-7.08911361550612e-10,4.73085309518157e-10,-8.29693646956461e-10,4.54617754540725e-10,2.87415576299156e-10,-7.22149206357687e-10,-3.77389621972918e-10,-5.21942057505307e-10,-1.30423940623472e-09,-3.29875649331027e-10,1.37007547721828e-10,-8.87313298943099e-10,-6.13924950658971e-10,-7.69338565378672e-12,-1.21011374956532e-10,-6.37924793007239e-10,6.0505609774607e-12,2.29438508143154e-12,1.31758859133791e-10,4.21170831710247e-11,-3.26099666278394e-10,-1.04945907486185e-11,-2.9914006148195e-10,1.36174216547466e-09,-6.58831357571826e-10,-2.91132953324575e-10,-3.83253201178087e-10,-2.9152795857088e-10,2.65559358815199e-10,-5.90184386916338e-10,-1.05500586218738e-09,6.83523597847972e-10,7.99805785942125e-10,-3.26017083724949e-10,-9.36768680386498e-10,-1.58895367693191e-10,3.4338375295458e-10,1.1175764985125e-09,5.10452025940393e-10,-9.1071857377837e-11,-5.74515953090855e-10,-3.22451881430509e-10,3.61688481382091e-10,2.55367556329074e-10,3.53061088963565e-10,-3.60794478141236e-12,-4.64774435822966e-10,1.20478660049312e-10,5.96685959406878e-10,-6.80336958578249e-10,1.14169751281735e-10,3.55303761650389e-11,-4.41711740817519e-10,-1.51544152371699e-10,3.6586307639473e-10,-7.54240737958332e-10,-4.60097168025471e-10,2.46427649877621e-10,-1.27710532601034e-09,4.18422366981933e-10,-2.40052245367894e-11,1.93898082707474e-10,-1.42503926715216e-09,4.17742343378661e-10,4.30545358018458e-10,-3.64801017596277e-10,-3.63630260915186e-10,-4.18317211471953e-11,5.41276535705423e-10,-1.92547578241337e-10,-3.34495832822026e-10,-4.78438710457069e-10,-2.22204210705516e-10,-7.02182487001731e-10,-3.91042197218562e-11,-2.99609441778462e-10,3.26524464287277e-10,1.53839903724995e-10,2.11682032490533e-10,-1.70879024769091e-10,-4.65288158969321e-10,1.85627670712911e-09,-4.49291414326606e-10,-5.57657050509211e-10,4.31219056685893e-10,-6.98090294693143e-10,-6.11277401572345e-10,-1.14430138942464e-10,8.10108851437279e-10,8.80060252719114e-11,-1.45484142126394e-10,1.11563339704918e-10,3.58242003297033e-10,3.86546908221234e-10,-3.17797212282565e-10,-1.02211405116846e-10,-3.95816430606167e-12,-3.46469520756878e-10,-3.87240630049065e-10,2.04871536358742e-10,-2.34021947729814e-10,7.20205582071116e-10,3.79574647196816e-10,-6.37761140755666e-10,1.75344245234108e-10,-4.60690643941183e-10,-2.81362699663867e-10,-2.3083103838837e-10,2.32301257874192e-10,-4.80819706127998e-10,3.35048343479512e-10,8.27160018116871e-10,5.62984477496646e-10,8.26010272822262e-11,5.55616695660443e-10,-2.05828353492997e-10,-6.2601024455922e-11,-2.40255647541296e-10,-8.19162259615846e-10,8.65528004790996e-10,-2.61655057933179e-10,6.97317979245218e-10,6.94185404826713e-10,1.88789755926504e-10,-3.03708345497407e-10,5.63131219039452e-11,1.73429291969994e-10,-2.98974426719007e-10,1.75359915175924e-10,1.95721887182582e-10,-2.5612966972812e-10,-2.40967455366103e-10,2.18714971548845e-10,-3.64919538088804e-10,8.63246698203965e-11,-1.05345860463385e-09,-6.97952713419897e-10,2.27373683618839e-10,1.3110839522005e-10,-4.4975862826763e-11,6.15158239813415e-10,4.20892588952812e-12,-2.26626647279352e-10,-2.29856986798099e-10,5.31376912839445e-10,-3.62715551139089e-11,-5.81213329755018e-10,4.77642536730998e-10,2.88818278042703e-11,1.50038464448746e-10,-2.97416720286047e-10,-7.39437842083803e-10,2.79355590874966e-10,3.40965700269007e-10,-1.9022010344253e-12,-2.63616659858427e-10,-3.04476630597643e-10,-4.99365837944913e-10,5.62521074896758e-10,9.10308467639139e-10,6.26128001097498e-10,3.40237436241285e-11,5.3869513647669e-10,-5.33893661302363e-10,1.2114737745406e-10,-1.43974880638725e-10,-7.22652694207714e-10,1.6787193997844e-10,-5.11122573048054e-11,-1.63597696928048e-10,9.81578210360901e-10,-3.89523891024159e-10,2.41854348613986e-10,-7.29996611455935e-10,-7.86074858486273e-11,1.17330716040156e-10,2.40073842884372e-10,5.231987138119e-11,-1.74197643339157e-10,6.21714382351462e-12,7.50703984591685e-10,4.74708096142805e-10,-2.96834916998132e-10,1.63074641549648e-09,-1.27346103608626e-10,6.39022319233581e-10,-5.33932915568099e-10,6.77630132222264e-10,4.69599863989009e-11,-6.05426985572843e-11,-9.26433494944243e-10,5.89057552229409e-10,-1.31259534916422e-10,-1.93629031217711e-10,-6.47272293636454e-10,2.70320472519789e-10,-2.06104708941832e-10,-2.98145784762816e-10,-1.1429444033738e-09,-1.86593304238667e-12,-5.34888858708679e-10,-9.68972500140991e-11,1.89826189645219e-10,-2.96684689665674e-10,-2.33986351419629e-10,6.03201226298654e-10,9.17719902854608e-11,-2.29036499273232e-10,-1.61996331021159e-10,3.89364998114374e-10,7.30158298243384e-10,4.31721719133973e-10,4.01032731974414e-10,2.37816689374086e-10,-5.64955953643783e-10,2.72723570490699e-10,-9.16134424872761e-11,3.56306475281408e-11,-2.88368047028862e-10,2.15578446533075e-10,2.74314056422742e-11,-7.32234629120862e-10,2.57808586529216e-10,-2.33274766964554e-10,3.80309969825431e-10,-5.40435552231986e-10,-1.08077794400122e-10,-3.62901081113663e-10,2.09175447470956e-10,-6.12098998448379e-10,-7.37984731916758e-10,-7.63906804360522e-11,-4.79573278976938e-10,9.02995536845433e-11,2.86497867014106e-10,-1.09294612139817e-09,2.32398659269997e-10,8.36683024884556e-10,6.29221997425589e-11,-1.94661284706593e-10,-7.75407928981615e-11,-4.82305096857397e-10,4.49899219097868e-10,2.74748631350058e-11,1.0047769752943e-10,7.8874605886516e-11,-3.07376676029452e-11,-3.38797273557417e-10,-3.21467370878692e-10,9.31150309061087e-11,4.43149679040518e-10,7.01002842250717e-10,5.39518604097054e-10,8.31476648745839e-11,-7.67279196122222e-10,2.43792818200478e-10,2.45295368263716e-10,-1.56265708804509e-10,2.84738279454067e-10,1.55604836782223e-10,-2.18221491265306e-10,-5.17550207235363e-10,-6.90351102435088e-10,-1.35360626690104e-10,-7.49544241766464e-10,-2.14643909299847e-10,1.3413254869354e-09,-1.55006386165688e-10,-3.85630524937366e-10,1.91771434433785e-11,6.89212907211725e-11,4.91629259565114e-11,4.54452866689522e-10,-7.00706444273263e-11,-1.40366918124791e-10,3.70044762858341e-10,-1.77325621508741e-11,7.98603106098986e-10,-2.39545267239294e-10,1.77146451459918e-10,-9.24159464071553e-10,4.63992816292366e-10,2.19035317726608e-10,-8.81174799780072e-10,-3.64682218796654e-11,-1.62963505317558e-10,5.3898018870198e-11,1.01732795377669e-09,-9.09734731610429e-11,-5.34413446757788e-10,4.36015568194415e-10,-5.51064399358019e-11,7.85510689191353e-10,4.74064607392404e-10,5.06531572678854e-10,4.49618778623109e-10,5.19018681657935e-11,1.76836941471461e-10,2.27180166597478e-10,-6.63582798189804e-10,-1.61005273276383e-09,1.7353907103642e-10,5.80697226849012e-10,-9.84856899664384e-11,7.58894501182972e-10,-3.55255717311396e-10,3.62031175928685e-10,7.15476980185881e-10,-6.34536263991402e-10,8.8939023661971e-10,-6.61388498227083e-10,-8.84504897246354e-10,-3.46421464792788e-10,-6.81315008115792e-11,-7.70853012873449e-10,-4.65639077297429e-11,7.77096263748854e-10,-2.64559687197368e-10,1.75897228024634e-10,1.91856527306648e-10,-5.98387212151631e-11,-5.2956175563333e-10,-7.9516811928151e-11,5.60408482060929e-11,-1.92839272743913e-10,9.54025510518827e-10,-5.5045420001811e-11,4.3258985398952e-10,-5.25284358732369e-10,6.15569728016169e-10,-1.05049920942315e-09,-9.85592010201248e-11,-2.65661045375619e-11,-1.09582488632784e-09,1.3764957902849e-10,-9.42427017810787e-10,-4.13521513794304e-10,-4.95215203078959e-10,-2.30068928390409e-10,-7.88358711557621e-10,8.7179550797859e-11,1.12330526863837e-10,8.92094775406536e-10,3.65515972929298e-10,6.46128933657096e-11,-1.15747347285437e-10,7.77859454969977e-10,-7.7664484286749e-10,2.22075011354804e-11,-2.14696149016688e-10,1.31037549966867e-10,-2.9050442671146e-10,1.29615617556313e-10,-2.56445013224451e-11,-5.05117665881743e-10,-6.78397624048554e-10,6.23231884237317e-11,7.12615170486925e-10,2.03596693766855e-10,-9.04837311687618e-10,4.59875110901316e-10,6.48582288893817e-12,2.27300923819053e-10,-2.04715437458271e-10,-2.5135158558892e-11,5.45134742716259e-10,-8.30958127881893e-10,-5.65298582505258e-10,1.58043579184749e-10,-1.52014423557917e-10,-1.1519760661286e-10,2.69012298201289e-11,-5.16699135152456e-10,-1.66584575256276e-10,4.86904445653902e-10,2.12201186125859e-10,-9.17496015285916e-11,1.63451980078058e-10,-1.6665310337014e-10,-4.02892982286039e-10,4.26761091190137e-10,-2.66216525463716e-10,-3.49465509674508e-10,2.19318625320667e-10,1.44198671020742e-11,1.35958180332133e-09,-1.37298629323286e-10,4.62671748054258e-10,-6.38407196460897e-10,3.66830624649783e-10,1.74931664692563e-10,8.5856034422987e-10,3.03509601943567e-09,3.47736659644061e-09,5.1921919036863e-09,8.00465367497537e-09,1.37063569452443e-08
