v,0.25
Patm,100000
g,9.81
r,500
G,10^9.4
rho,2800
mu,10^3.74
rc,20
 
M,10^4.89
sigma,0.25
 
tilt_erupt,13.7694nrad
 
-1307,-1306,-1305,-1304,-1303,-1302,-1301,-1300,-1299,-1298,-1297,-1296,-1295,-1294,-1293,-1292,-1291,-1290,-1289,-1288,-1287,-1286,-1285,-1284,-1283,-1282,-1281,-1280,-1279,-1278,-1277,-1276,-1275,-1274,-1273,-1272,-1271,-1270,-1269,-1268,-1267,-1266,-1265,-1264,-1263,-1262,-1261,-1260,-1259,-1258,-1257,-1256,-1255,-1254,-1253,-1252,-1251,-1250,-1249,-1248,-1247,-1246,-1245,-1244,-1243,-1242,-1241,-1240,-1239,-1238,-1237,-1236,-1235,-1234,-1233,-1232,-1231,-1230,-1229,-1228,-1227,-1226,-1225,-1224,-1223,-1222,-1221,-1220,-1219,-1218,-1217,-1216,-1215,-1214,-1213,-1212,-1211,-1210,-1209,-1208,-1207,-1206,-1205,-1204,-1203,-1202,-1201,-1200,-1199,-1198,-1197,-1196,-1195,-1194,-1193,-1192,-1191,-1190,-1189,-1188,-1187,-1186,-1185,-1184,-1183,-1182,-1181,-1180,-1179,-1178,-1177,-1176,-1175,-1174,-1173,-1172,-1171,-1170,-1169,-1168,-1167,-1166,-1165,-1164,-1163,-1162,-1161,-1160,-1159,-1158,-1157,-1156,-1155,-1154,-1153,-1152,-1151,-1150,-1149,-1148,-1147,-1146,-1145,-1144,-1143,-1142,-1141,-1140,-1139,-1138,-1137,-1136,-1135,-1134,-1133,-1132,-1131,-1130,-1129,-1128,-1127,-1126,-1125,-1124,-1123,-1122,-1121,-1120,-1119,-1118,-1117,-1116,-1115,-1114,-1113,-1112,-1111,-1110,-1109,-1108,-1107,-1106,-1105,-1104,-1103,-1102,-1101,-1100,-1099,-1098,-1097,-1096,-1095,-1094,-1093,-1092,-1091,-1090,-1089,-1088,-1087,-1086,-1085,-1084,-1083,-1082,-1081,-1080,-1079,-1078,-1077,-1076,-1075,-1074,-1073,-1072,-1071,-1070,-1069,-1068,-1067,-1066,-1065,-1064,-1063,-1062,-1061,-1060,-1059,-1058,-1057,-1056,-1055,-1054,-1053,-1052,-1051,-1050,-1049,-1048,-1047,-1046,-1045,-1044,-1043,-1042,-1041,-1040,-1039,-1038,-1037,-1036,-1035,-1034,-1033,-1032,-1031,-1030,-1029,-1028,-1027,-1026,-1025,-1024,-1023,-1022,-1021,-1020,-1019,-1018,-1017,-1016,-1015,-1014,-1013,-1012,-1011,-1010,-1009,-1008,-1007,-1006,-1005,-1004,-1003,-1002,-1001,-1000,-999,-998,-997,-996,-995,-994,-993,-992,-991,-990,-989,-988,-987,-986,-985,-984,-983,-982,-981,-980,-979,-978,-977,-976,-975,-974,-973,-972,-971,-970,-969,-968,-967,-966,-965,-964,-963,-962,-961,-960,-959,-958,-957,-956,-955,-954,-953,-952,-951,-950,-949,-948,-947,-946,-945,-944,-943,-942,-941,-940,-939,-938,-937,-936,-935,-934,-933,-932,-931,-930,-929,-928,-927,-926,-925,-924,-923,-922,-921,-920,-919,-918,-917,-916,-915,-914,-913,-912,-911,-910,-909,-908,-907,-906,-905,-904,-903,-902,-901,-900,-899,-898,-897,-896,-895,-894,-893,-892,-891,-890,-889,-888,-887,-886,-885,-884,-883,-882,-881,-880,-879,-878,-877,-876,-875,-874,-873,-872,-871,-870,-869,-868,-867,-866,-865,-864,-863,-862,-861,-860,-859,-858,-857,-856,-855,-854,-853,-852,-851,-850,-849,-848,-847,-846,-845,-844,-843,-842,-841,-840,-839,-838,-837,-836,-835,-834,-833,-832,-831,-830,-829,-828,-827,-826,-825,-824,-823,-822,-821,-820,-819,-818,-817,-816,-815,-814,-813,-812,-811,-810,-809,-808,-807,-806,-805,-804,-803,-802,-801,-800,-799,-798,-797,-796,-795,-794,-793,-792,-791,-790,-789,-788,-787,-786,-785,-784,-783,-782,-781,-780,-779,-778,-777,-776,-775,-774,-773,-772,-771,-770,-769,-768,-767,-766,-765,-764,-763,-762,-761,-760,-759,-758,-757,-756,-755,-754,-753,-752,-751,-750,-749,-748,-747,-746,-745,-744,-743,-742,-741,-740,-739,-738,-737,-736,-735,-734,-733,-732,-731,-730,-729,-728,-727,-726,-725,-724,-723,-722,-721,-720,-719,-718,-717,-716,-715,-714,-713,-712,-711,-710,-709,-708,-707,-706,-705,-704,-703,-702,-701,-700,-699,-698,-697,-696,-695,-694,-693,-692,-691,-690,-689,-688,-687,-686,-685,-684,-683,-682,-681,-680,-679,-678,-677,-676,-675,-674,-673,-672,-671,-670,-669,-668,-667,-666,-665,-664,-663,-662,-661,-660,-659,-658,-657,-656,-655,-654,-653,-652,-651,-650,-649,-648,-647,-646,-645,-644,-643,-642,-641,-640,-639,-638,-637,-636,-635,-634,-633,-632,-631,-630,-629,-628,-627,-626,-625,-624,-623,-622,-621,-620,-619,-618,-617,-616,-615,-614,-613,-612,-611,-610,-609,-608,-607,-606,-605,-604,-603,-602,-601,-600,-599,-598,-597,-596,-595,-594,-593,-592,-591,-590,-589,-588,-587,-586,-585,-584,-583,-582,-581,-580,-579,-578,-577,-576,-575,-574,-573,-572,-571,-570,-569,-568,-567,-566,-565,-564,-563,-562,-561,-560,-559,-558,-557,-556,-555,-554,-553,-552,-551,-550,-549,-548,-547,-546,-545,-544,-543,-542,-541,-540,-539,-538,-537,-536,-535,-534,-533,-532,-531,-530,-529,-528,-527,-526,-525,-524,-523,-522,-521,-520,-519,-518,-517,-516,-515,-514,-513,-512,-511,-510,-509,-508,-507,-506,-505,-504,-503,-502,-501,-500,-499,-498,-497,-496,-495,-494,-493,-492,-491,-490,-489,-488,-487,-486,-485,-484,-483,-482,-481,-480,-479,-478,-477,-476,-475,-474,-473,-472,-471,-470,-469,-468,-467,-466,-465,-464,-463,-462,-461,-460,-459,-458,-457,-456,-455,-454,-453,-452,-451,-450,-449,-448,-447,-446,-445,-444,-443,-442,-441,-440,-439,-438,-437,-436,-435,-434,-433,-432,-431,-430,-429,-428,-427,-426,-425,-424,-423,-422,-421,-420,-419,-418,-417,-416,-415,-414,-413,-412,-411,-410,-409,-408,-407,-406,-405,-404,-403,-402,-401,-400,-399,-398,-397,-396,-395,-394,-393,-392,-391,-390,-389,-388,-387,-386,-385,-384,-383,-382,-381,-380,-379,-378,-377,-376,-375,-374,-373,-372,-371,-370,-369,-368,-367,-366,-365,-364,-363,-362,-361,-360,-359,-358,-357,-356,-355,-354,-353,-352,-351,-350,-349,-348,-347,-346,-345,-344,-343,-342,-341,-340,-339,-338,-337,-336,-335,-334,-333,-332,-331,-330,-329,-328,-327,-326,-325,-324,-323,-322,-321,-320,-319,-318,-317,-316,-315,-314,-313,-312,-311,-310,-309,-308,-307,-306,-305,-304,-303,-302,-301,-300,-299,-298,-297,-296,-295,-294,-293,-292,-291,-290,-289,-288,-287,-286,-285,-284,-283,-282,-281,-280,-279,-278,-277,-276,-275,-274,-273,-272,-271,-270,-269,-268,-267,-266,-265,-264,-263,-262,-261,-260,-259,-258,-257,-256,-255,-254,-253,-252,-251,-250,-249,-248,-247,-246,-245,-244,-243,-242,-241,-240,-239,-238,-237,-236,-235,-234,-233,-232,-231,-230,-229,-228,-227,-226,-225,-224,-223,-222,-221,-220,-219,-218,-217,-216,-215,-214,-213,-212,-211,-210,-209,-208,-207,-206,-205,-204,-203,-202,-201,-200,-199,-198,-197,-196,-195,-194,-193,-192,-191,-190,-189,-188,-187,-186,-185,-184,-183,-182,-181,-180,-179,-178,-177,-176,-175,-174,-173,-172,-171,-170,-169,-168,-167,-166,-165,-164,-163,-162,-161,-160,-159,-158,-157,-156,-155,-154,-153,-152,-151,-150,-149,-148,-147,-146,-145,-144,-143,-142,-141,-140,-139,-138,-137,-136,-135,-134,-133,-132,-131,-130,-129,-128,-127,-126,-125,-124,-123,-122,-121,-120,-119,-118,-117,-116,-115,-114,-113,-112,-111,-110,-109,-108,-107,-106,-105,-104,-103,-102,-101,-100,-99,-98,-97,-96,-95,-94,-93,-92,-91,-90,-89,-88,-87,-86,-85,-84,-83,-82,-81,-80,-79,-78,-77,-76,-75,-74,-73,-72,-71,-70,-69,-68,-67,-66,-65,-64,-63,-62,-61,-60,-59,-58,-57,-56,-55,-54,-53,-52,-51,-50,-49,-48,-47,-46,-45,-44,-43,-42,-41,-40,-39,-38,-37,-36,-35,-34,-33,-32,-31,-30,-29,-28,-27,-26,-25,-24,-23,-22,-21,-20,-19,-18,-17,-16,-15,-14,-13,-12,-11,-10,-9,-8,-7,-6,-6,-5,-4,-3,-2,-1,0
7.71621527874955e-11,2.9355231657449e-11,-6.69988621471059e-10,4.54060571063674e-10,2.85053489632045e-10,-2.65284190416894e-11,9.92400006753422e-11,-1.12952375911353e-10,4.60909726007875e-10,4.04561164142877e-10,-5.42655928913891e-12,3.61014328361612e-10,6.23126515603283e-11,-4.79017435859672e-10,-9.73429502679225e-11,2.48403512066327e-10,-9.75645599299643e-11,2.52053494467249e-10,3.03624897935289e-11,-4.01107538636569e-10,7.42302315406673e-11,2.24755219172672e-10,8.16923079344287e-11,-1.95664929035313e-10,-6.4056336020091e-11,1.03348903324384e-10,-1.0226444529139e-10,3.86495043387485e-10,-5.53548291652293e-10,-1.64497977514575e-10,7.38612127002788e-10,-2.90044604029529e-10,-3.44271565283382e-10,-7.11472111463874e-10,2.72933328063862e-10,4.61513982580988e-10,-1.76334540460791e-10,4.9378558660077e-10,2.28146753778526e-10,-8.95944437538203e-11,1.47566570440719e-10,-2.93617041601614e-10,-1.72041273206518e-10,-1.35848112381741e-10,-2.19609925858635e-11,1.78992069434472e-10,-2.00486855230492e-10,-3.70326251007432e-10,1.78088268522292e-10,-7.04662608073835e-10,1.82571567637429e-10,1.78611764177089e-10,2.43405759902331e-10,3.21593395470886e-10,8.3048504801892e-10,3.02177384508471e-13,-2.39653018025644e-10,-8.42202939342312e-11,2.96305610854884e-11,1.59404140478733e-10,3.014247373857e-11,1.21265946671494e-10,3.79270706956989e-10,-2.87198034516688e-10,-2.72980912977559e-10,3.33531299088926e-10,-7.3181716988572e-10,-1.70931706763626e-10,3.63494399913591e-10,-8.09213369598272e-12,2.30710306426555e-10,2.48459363448842e-11,2.25275452572979e-10,-1.44922479409984e-10,1.62460952551418e-10,2.49484199638084e-10,-5.76153672524672e-11,2.3999007117262e-10,2.41621071650191e-10,1.10841910980408e-10,6.53890699634634e-11,2.57186088649656e-10,-4.07686979989975e-11,1.67860178165579e-10,-2.51027361797501e-10,1.26515762807552e-11,3.03765289297112e-11,-2.23881251523487e-10,1.0393232384996e-10,-2.01594936586877e-10,-1.90241633096535e-10,3.1013758252754e-10,-1.33570873134684e-10,2.72530844693123e-10,-5.83632079424918e-11,-5.91501106269405e-10,1.45981470269044e-10,-2.9678500590495e-10,-2.54588322847962e-10,8.65000089364828e-11,-2.34264138821089e-10,-1.82743021061053e-10,3.74719821023514e-11,2.24330234991218e-10,2.67475822685755e-11,2.05368574259619e-12,3.94913113759069e-11,3.18878018526069e-10,-1.11192450394928e-10,1.07734182102971e-10,-8.57834523858209e-11,2.32116644268662e-10,-3.7782055370863e-10,6.03532147993129e-10,-2.53104084703863e-10,-9.55063682887869e-10,1.78650477940834e-10,-1.37480718673353e-10,-2.47517614185338e-11,4.5145136271442e-11,6.41280489085807e-11,-1.33070890424165e-10,-2.75551325423744e-10,-2.63816907591368e-11,5.36141553670044e-11,1.71694288665247e-10,-3.6714500277181e-11,-1.12448871106603e-10,6.20768149617476e-10,-3.7483812095872e-10,4.97583781167155e-11,-5.64682150343123e-11,-2.56699104850958e-10,-1.82318610099837e-10,6.94597414479388e-11,-7.99651770956533e-11,4.12122219934229e-11,5.6657957449927e-11,-2.48106441687169e-10,-9.71148694478511e-11,-3.35584969108086e-11,-1.50420122852687e-11,2.27339758235437e-10,-3.1565245836964e-10,4.85745162325679e-10,-7.34226381980662e-11,-3.44030454885423e-10,2.06060331611113e-10,2.49528954120325e-10,-3.18090277401156e-10,-1.35212398936062e-10,7.20248764238197e-10,-1.47470375613964e-10,-2.3980720805448e-10,-9.75639759353087e-11,-6.61841058761936e-10,-2.5582468280402e-10,-1.82541503561328e-10,-5.17052970091718e-10,1.2342661173151e-10,2.86943146666288e-10,-2.25310539719599e-10,-1.22159706023761e-10,-3.56771517868052e-10,-4.71680205930576e-10,1.05056261932739e-10,3.58679196983144e-10,4.51600662411027e-10,-5.99260408748778e-11,6.59161129067024e-11,3.67135439149171e-10,-2.75603400922149e-10,5.4748331258524e-10,-2.34874194213437e-10,-2.37668547225016e-10,-8.61387298373129e-11,4.3879006130939e-10,2.83988419171218e-10,2.60227196178754e-10,-1.11073579669943e-10,1.07338453995452e-10,-1.0950938290176e-10,-2.47579562789829e-10,4.3109286588891e-10,5.11119838640339e-12,-3.48499307315706e-10,4.09985755647616e-10,-4.35711418620364e-11,7.32735610864431e-11,-3.2385291954179e-11,-1.10826752042894e-10,-8.56503575484728e-11,-5.49812134346389e-11,1.12628192523419e-10,3.17448477477465e-10,3.65461519632889e-10,2.116164546957e-10,2.72412697101295e-10,-2.31049535024825e-10,3.37889400069482e-10,3.89771743112658e-10,2.27231857872033e-10,-2.40772240152689e-10,-4.87237052037886e-10,-6.13001889541204e-11,2.64255706140081e-10,-2.03882979199272e-10,-3.08738447708773e-11,5.19449230519098e-10,-1.36865210356224e-10,5.51600968217628e-11,5.30808398734295e-11,6.46596767372585e-11,-4.19455686678287e-11,-1.64092578899442e-10,8.45723927433657e-11,-1.66941067161586e-10,4.72036089465788e-11,3.99091850209738e-10,-2.3563723714575e-10,2.02606335824028e-10,1.85291701105414e-11,1.21644647400496e-10,-2.15845365522175e-11,-2.71021310351338e-10,-3.26989719638699e-10,2.69255484370197e-10,-2.37108114001856e-10,-2.50925289547905e-10,-2.63245164389007e-10,-5.17481972106448e-10,1.59634469203824e-10,-1.65687205060849e-10,1.45146512199735e-10,1.37936450612562e-10,2.98615019222953e-10,1.43081129124339e-10,-8.68206764587033e-11,-1.66352458544463e-10,-1.20437697842341e-10,-5.09642676269658e-11,-2.81167895334675e-10,6.5018097544739e-10,3.84058743428453e-10,-4.12130234414864e-10,-1.98763576199599e-10,3.44976902444107e-10,-1.56005158454782e-10,9.33138904114555e-11,-2.08286563035621e-11,-6.41283694840992e-11,2.19937858203872e-10,3.08453675447443e-10,4.22686163043577e-10,1.67456030689565e-12,-6.42480587134421e-10,3.86594690369308e-10,1.66577041142452e-10,1.42568854380108e-10,-4.25023419552192e-10,1.30738847314251e-10,-3.6864032644994e-10,2.18984363363659e-10,1.16032146560033e-10,3.88753822119577e-10,6.68637786983419e-11,3.69232565949416e-11,-9.82222885265086e-12,1.55478530524648e-10,5.73431270161858e-11,2.35986133561698e-10,-1.6660887582111e-10,3.31178347113519e-10,-2.76117675709057e-10,1.96117857837395e-10,1.67023999891461e-11,-2.53801643777301e-10,8.49554660371479e-11,-1.05139857733305e-10,6.80467203181544e-11,-7.67293152451087e-11,-5.04204812622815e-10,-3.6815437479555e-10,-2.11140515534788e-11,1.17760017254518e-10,4.56709408129533e-10,1.5304679904313e-10,1.55950271884195e-10,2.08635464629154e-10,4.16511918101908e-10,7.66830981216556e-11,-1.89163037865724e-10,6.77515298862346e-11,-1.2312120762617e-10,-8.18048142629089e-11,1.91133443982384e-10,-5.55298272816848e-10,2.41537552864406e-10,5.49884053024225e-11,-2.8688915741335e-11,5.30771844012447e-11,-1.23572101644727e-10,8.98998788558879e-11,1.71428427834721e-10,-2.03511245925195e-10,-6.5208174428953e-11,1.67940757666204e-10,3.19179149290363e-10,1.53200047963362e-10,-3.75240345125097e-11,5.31871435143081e-10,-3.36070832389473e-10,1.52020025321453e-10,3.73555530977358e-11,4.75683229263776e-11,-1.0187804630317e-10,-1.29092933017643e-10,3.90502258939465e-10,-2.10442606838821e-11,-2.66272719438333e-10,-6.0394008051023e-11,-8.64063109594931e-11,2.81920390990881e-11,8.00935865664003e-11,-9.52992592492294e-11,3.9782111288041e-10,2.89663513719137e-11,-2.95141660170143e-11,1.3899218502145e-10,1.15053668883826e-10,2.74608608594403e-10,-9.00291107041397e-11,3.3626632480754e-10,6.3512900488745e-10,2.33105914821354e-10,-9.16837448558688e-11,-1.94681719335808e-10,-2.5748625234389e-10,1.01009945424045e-10,-6.49534551685874e-11,-3.68563556184653e-10,-6.0298134021966e-11,4.35411175976326e-10,4.18789344204033e-10,2.9830950002899e-10,1.06547219881857e-11,-2.31899067702523e-10,1.32475310193331e-10,1.5537997636466e-10,9.848238905874e-11,1.16773587388679e-10,9.76489230370822e-11,1.21841247219854e-10,4.43486533415627e-10,-4.61841321641511e-10,-9.5848253099231e-11,1.62396518998858e-11,2.79034316239301e-10,-2.99170073716022e-10,1.2375501899305e-10,1.93040707658941e-10,2.45436727713095e-10,1.57624985705e-10,-1.18233209970767e-10,-2.21480986757661e-10,6.78461614554978e-11,-2.42684821833315e-10,3.20692312095407e-10,3.86485549211065e-11,-1.10263318927262e-10,-1.73593336090964e-10,7.82220609111136e-11,-1.24268670839063e-10,1.34774873013962e-10,9.34970037188207e-11,1.68040616235038e-11,-1.96872568103914e-10,-1.19173347950609e-10,2.2130125017772e-10,-3.62905394864757e-10,-5.11876156952294e-12,-1.16038435372361e-10,1.08628102930959e-11,-2.20892608468232e-10,-7.00705254824775e-11,-4.78567205604051e-10,6.08429935210148e-11,8.26452548650146e-11,7.02285050771159e-11,2.02804591212814e-10,2.23474076123119e-10,-5.4679510237171e-10,-4.07177458558593e-11,-1.96330844570162e-10,3.78537144245346e-10,2.25897131671797e-10,1.715099955481e-10,6.79456527206388e-12,5.20570786475195e-10,1.23939692605107e-10,-9.04407840191527e-11,-1.56756382149185e-10,-7.91073201802952e-11,5.18875877873042e-10,-3.70196558883424e-10,-5.17877008973733e-11,3.71657384522595e-10,2.29686412316543e-10,-1.63772124279615e-11,4.27774220620129e-11,-1.43606614443633e-10,3.13478261454189e-13,-2.45605745867152e-10,-1.94753940409304e-10,-2.64201468900994e-10,-2.46526402040875e-10,3.94099196431113e-10,4.51899120960567e-11,5.39493245692455e-10,1.0092096917813e-10,-4.6279638919177e-10,5.51737635504595e-10,-1.04217405354325e-10,1.52081914133652e-10,-5.60505008394929e-10,-7.33971000724805e-11,-6.35622730182841e-10,2.76718071196491e-10,1.99646032044151e-10,-2.97329746190448e-10,-2.06815121873674e-10,8.08884489544551e-11,5.91559345635868e-11,5.68456335972361e-11,-4.85957888946653e-10,1.93220553691822e-10,-4.95431057680814e-11,1.06685281261421e-10,1.2345169827838e-10,7.70414102822339e-11,-5.30315799444899e-11,-1.09388553628201e-10,5.59621471842242e-11,2.45994190661159e-10,1.69856632919057e-10,2.68437979489691e-11,1.17635617521465e-10,1.21420903829514e-10,1.92553836739632e-10,1.01564558051656e-10,1.21560768134162e-10,2.65236137503045e-10,5.7501463332513e-11,2.26615815105725e-10,7.32428762050905e-11,4.00401579556605e-11,-1.19396539172714e-11,9.64407911431158e-11,1.28676928115532e-10,-1.18806822181061e-11,-4.84272471921644e-10,2.00506462892942e-11,1.49933179228015e-10,-3.15206321383478e-10,2.94771123761859e-10,-2.92191378594609e-10,-1.40897852367972e-10,-4.8079008395184e-10,6.92712553482437e-10,-1.51805268619099e-10,-2.98644757245884e-10,-2.79204076325109e-10,6.06364593594848e-10,1.07110051750566e-10,-3.13653340414319e-10,7.0886159391733e-11,-2.5160972665806e-10,1.57923939426746e-10,1.20702248344907e-11,2.92391283461238e-10,-6.07778197827932e-10,3.49188648993437e-10,-5.31001565796122e-10,1.08694004735249e-10,4.27043490516558e-11,2.08093365119716e-10,1.78437299200429e-10,2.40140056844397e-10,-2.24755226030336e-10,4.78817505215363e-10,-2.97645031231289e-13,2.48147490292512e-10,2.70725266760303e-10,3.1903758841976e-10,3.12293800569462e-11,4.96900143626732e-10,1.96469126861164e-11,-1.13018156555258e-10,-1.15150749084151e-10,-3.29090874159418e-10,-2.08483297811633e-11,1.69871272493705e-10,2.19440488179012e-10,3.00980932501047e-10,-3.90882666437447e-11,-2.64712916026987e-11,3.34206526650065e-10,1.83659642382879e-10,-3.03105310029718e-11,3.7154181520441e-11,-1.36751612744789e-10,-1.71549210971653e-10,-2.06123731178519e-10,-1.90363452993826e-11,5.54729237940705e-11,4.68594268173416e-10,-2.84821220886133e-10,3.0818762384986e-10,-2.28290736659306e-10,1.51012386797505e-11,5.01338284951157e-10,2.79255133965708e-10,-1.41723664888309e-10,-1.04747280871755e-10,9.2750179230782e-11,1.53794096147304e-10,7.71883249414548e-11,4.27635120037833e-10,3.07297427713695e-10,2.25928491389001e-10,4.79499362040715e-10,3.38543500300238e-11,-2.52962119999061e-11,2.52098784058665e-11,-5.34697640215832e-10,1.23284105149383e-10,-1.34550244492628e-10,2.94545716945565e-11,2.47640160797483e-10,1.24295738989895e-10,-1.55690937579063e-10,-2.73623949941732e-10,-3.73862697472693e-10,1.59599879128095e-10,-1.32884442411889e-10,2.51232631930991e-10,2.96695243693491e-10,-1.81497617271452e-10,2.09200429941031e-10,-1.11298720421656e-10,8.55846875094429e-11,-3.43856907552051e-11,2.94308842296587e-10,3.92999947785409e-10,5.05561213697855e-10,-3.39274618229377e-10,5.94340743659317e-11,2.96314761735459e-10,1.23332146523654e-10,7.90731898806689e-11,3.16419824432236e-10,-2.4278606809322e-11,-2.48866073030751e-10,-3.01389490608546e-10,4.53513289758653e-10,1.81065177482181e-10,-3.32054432012919e-10,-3.41433517540265e-11,-7.67025899094498e-11,-4.28105622377003e-10,-5.06977127653719e-11,-1.71287703259315e-10,-1.33250370163303e-10,1.37587832987308e-10,4.54774407893563e-11,-3.79557545572303e-10,3.01420272005402e-10,-7.26030853947539e-11,2.85129214310143e-10,-7.58660740126047e-11,-2.41622785912873e-10,3.71073022942051e-11,3.66408912234556e-10,-3.51950032561125e-10,1.51500032566164e-10,1.93767923784874e-10,2.77510704395523e-10,-3.23385294981741e-10,2.75036065175734e-10,1.03240155276155e-11,-5.19467043772259e-11,5.98867171863575e-10,-9.03081029777492e-11,-2.94651988055116e-10,-2.79001663319159e-10,6.18620333168661e-11,-8.22553375738563e-11,5.38254972001071e-11,-7.72437594739588e-11,-1.24975771625139e-10,2.25096159869856e-11,6.60772748471494e-11,-2.99765514172232e-10,-2.61266892472071e-10,-5.85671068582459e-10,8.69838910995266e-11,4.9084438864774e-10,-2.4645878901569e-11,-6.08834012990668e-11,-1.06368515556947e-10,-6.15901074059012e-12,3.3190791998875e-10,-1.3642770884223e-10,-2.39721400749491e-10,-1.73541892610303e-10,-2.36006960882582e-10,1.70340995709092e-10,7.46719359955693e-11,3.75831993862898e-11,-2.41314111422651e-10,8.0162513928572e-11,5.24295698422263e-10,-2.1024973884687e-10,1.50276120214383e-10,1.82988595518475e-10,2.26336412306631e-11,-1.28176654843381e-10,8.67693681322881e-12,-2.72841102872665e-10,1.12132366501477e-10,1.23707544022296e-10,2.70785260320405e-10,6.25597110338077e-11,-2.19420559661594e-10,-6.48091837737221e-11,-1.30822537916981e-10,1.09007931918884e-10,-1.20701741134685e-10,-3.16231546959758e-11,-8.78733812015559e-11,-4.92516607077636e-11,2.32686268343767e-10,-3.27442271864601e-11,1.19212836033974e-10,2.44111655652313e-10,-4.99540979187225e-10,-3.2377946019465e-11,-3.81162892792319e-10,-2.274624401585e-10,1.78876656437327e-11,2.04923850601213e-10,-1.80022145244067e-10,5.62725827953787e-10,-6.59648331096843e-10,-4.07021351330921e-10,-8.64122470492788e-12,-2.89437372098813e-10,-1.0531120273636e-11,-1.61849539274521e-10,2.91011303582863e-11,-8.32237932608104e-11,2.71763376393281e-10,-4.02188202011074e-10,5.41749361334727e-10,-1.05520068763349e-10,2.15395437766299e-10,-7.80018824630574e-11,2.2724222659811e-11,3.41183731547837e-10,-4.94984654081783e-10,4.58538357916111e-10,-9.0604600162445e-11,9.37909183773074e-11,2.09693563418103e-10,-1.08776277578086e-10,-2.32654821976153e-10,3.55697802366466e-10,-6.15987776299355e-10,5.80759684417396e-11,1.06754462735224e-10,-5.85663856659187e-10,-3.30384822928584e-10,1.64917234468334e-11,-3.20871264324147e-11,-1.82157173700974e-11,4.24274680210334e-10,6.61413259522047e-11,7.81652252616052e-11,1.33201916709596e-10,-7.57343569509402e-11,-5.71607537139132e-10,-6.32082817027077e-11,2.12386924203787e-10,1.00428519636253e-10,3.57053866085255e-10,-1.14832967757342e-10,2.95608949105883e-10,3.44187787347529e-10,-5.90623512529186e-10,2.46608474295975e-10,1.50452946955032e-10,8.33961581376754e-11,-1.4924136401587e-10,2.40691952308034e-10,-5.07000325200054e-11,-1.73861759003874e-10,-7.64280714033721e-11,-1.91620168891309e-10,-3.34427454049024e-10,3.2176329664183e-10,1.133025559524e-10,2.23737361754875e-10,-1.38218727168193e-10,-1.17170852726539e-10,2.3302018608146e-10,5.13585294105419e-11,2.87996207929816e-10,-2.97135262582217e-10,6.16420912063428e-10,-1.93450710435204e-11,3.65501540110204e-11,2.72028092771681e-10,-1.05389962066574e-10,1.84774796684009e-10,1.07695169577444e-10,1.70186559212869e-10,3.67893351021725e-10,-1.70835872418726e-10,-4.11629935721683e-10,7.12390616816765e-11,3.02439895119647e-11,3.66233666932524e-10,1.68503981559318e-10,-1.54503819478072e-10,4.76909299172793e-11,-1.3374083051328e-10,-1.36908014043507e-10,9.01586231698633e-11,-6.37268670484281e-11,-3.47926754980838e-11,-2.58953463487339e-10,-3.35547118512354e-10,1.89466392167357e-10,1.7242823264999e-10,2.69190242983162e-10,-5.00571638188996e-10,3.12522114247574e-10,1.10983527793661e-11,-1.98020007540762e-11,-3.39003512149362e-10,8.16902951083948e-11,7.17296808125041e-11,-9.44381075318394e-11,-3.08914446139723e-10,1.93851580442023e-10,-4.37539080086362e-11,-5.89959959585279e-11,-4.28891209522292e-10,-4.07341452359595e-10,-5.10413330892348e-11,8.57702434257063e-11,-1.26331796074145e-10,-3.77779332642911e-10,-3.30844146869705e-10,1.77459226435778e-10,-3.85709862791174e-10,2.7405214733946e-10,-7.34602183307577e-12,-2.35712628621507e-10,-2.59547548134224e-10,-6.73162415098737e-10,-1.56443201724361e-10,-1.89246202295984e-10,-1.38817670384567e-10,3.64055573677969e-11,3.59632742901576e-10,3.18021403743327e-10,3.11554636901404e-10,2.11736604297363e-10,-5.15370832894392e-10,-1.6642151162965e-10,-4.11020343807211e-11,4.24421826179627e-10,1.14792012117619e-10,-2.78195638293808e-10,-1.8897577296254e-10,-7.87230776399372e-11,8.98599498370769e-11,-1.41480857756862e-10,-1.32792226024093e-10,4.07904484268471e-10,1.50029206540902e-11,-2.04564998899189e-10,1.94776005059046e-10,3.25544067623374e-10,-1.56794950416022e-10,1.68747558176772e-10,-1.89568970977604e-11,-4.14888714735806e-10,-1.28281860684163e-10,1.2696457955847e-10,-1.14011949325236e-10,7.05988538359255e-10,7.61654710276355e-11,-4.32773897588914e-10,2.37869138718012e-11,2.51249818175413e-10,-3.05186428928414e-10,-2.6365804536493e-10,-1.31731221584024e-10,-4.82440854878145e-12,-1.59475557197848e-10,1.85036580531457e-10,8.49295194533319e-11,7.41797331370446e-11,-6.89615905586395e-11,-4.6552087728114e-11,1.27294826869662e-10,-3.74208725164498e-10,7.11402562460992e-11,-3.07772722027029e-10,2.40337843697551e-10,-1.41864629679391e-10,-5.14436397484238e-11,6.07932485228933e-10,4.08905057651658e-10,5.47241708453832e-10,1.01072319716588e-10,1.3314759606657e-10,-2.3251588642768e-10,-1.07729241221937e-10,5.96391848567827e-10,-2.66143090172883e-10,-6.67696006621691e-10,-2.91408184404729e-10,1.67107337324496e-10,-1.50074235640531e-10,-2.89815741822368e-10,2.43854610808717e-10,4.16848076457518e-10,6.30750170738081e-11,-3.39222551186956e-10,2.3443227512432e-10,-2.22879207285412e-10,1.25048697185494e-10,-3.08144849962739e-10,3.21473041632962e-10,-1.87088732399772e-10,6.37624691885189e-11,-8.81569365096868e-11,-1.53945117412168e-10,2.55336607905662e-10,1.4404422056352e-10,1.90391919810136e-10,-1.02273151789594e-10,2.3792026920075e-10,-1.71126603269596e-10,3.82918666569778e-10,3.07398176745247e-10,9.657551517607e-11,3.8513920949994e-10,-8.24646495449769e-11,1.25029370641334e-10,-3.11776999303111e-10,5.37363668621147e-11,-4.72306497633627e-11,1.49339307186094e-10,-8.48654632081037e-11,-2.14734481184648e-10,3.26895435323628e-10,-4.85251291611071e-11,1.73293327368708e-10,1.90227228678351e-10,-5.00131930263172e-11,-2.08884630375939e-10,2.46525304269403e-10,-3.07427801747101e-11,-2.5420045336151e-10,-4.57479711704355e-10,3.58774300028354e-10,8.95840492931848e-11,1.81873471006879e-11,4.48177047315458e-10,3.54347326217935e-10,-3.31280827964073e-11,-8.23336202630093e-11,-3.13705371059692e-10,1.85403681490359e-10,3.2900873562802e-10,1.57308954790144e-10,1.50811061190772e-11,-1.10770510572689e-10,1.4867132971393e-10,-1.7495069187545e-10,3.72518750107841e-11,3.01624148619809e-10,-1.76256911039247e-10,-1.65074630655033e-10,3.17593297639002e-10,-1.87949905660273e-10,6.96543109176597e-11,3.78170866774978e-10,-1.10371402215622e-10,2.32600804829486e-12,2.88474637841402e-10,-1.798417761734e-10,7.41149299474458e-11,-1.19718161972694e-10,-1.06583970199874e-10,6.00488516266972e-11,-1.21351278380194e-11,6.21513268665677e-11,2.64498332002893e-11,-1.74924966633755e-10,-8.69653052830022e-11,4.92864600114408e-11,4.81485461386203e-10,2.24435066149419e-10,-1.62680910592838e-10,-2.85184472500763e-10,2.65255442852627e-10,-1.04181498368918e-10,1.20189720379262e-10,1.19050799918052e-10,-3.56014164900358e-10,-2.1609653522395e-10,-1.2697780211374e-10,-1.17942227864858e-10,-2.68270665998529e-10,3.90376914022166e-10,5.6338081949516e-11,1.17954222204948e-10,-4.01301765399079e-10,4.45997919298905e-10,2.82658733677041e-10,-4.78971092275216e-10,-2.45151681298848e-10,-1.37328871264595e-10,3.9951243403395e-10,1.54536806791175e-11,-4.86062280424562e-10,-1.720877706464e-10,-2.44490234894968e-10,-1.21409392586444e-10,-3.27937283112724e-10,1.66829814798937e-10,2.36875524265722e-10,-1.14318161637037e-10,2.47441213921429e-10,1.6194435741635e-10,-9.67978002947448e-11,-1.04629268736469e-10,-8.56710068572581e-11,-3.54423297480268e-10,-2.76531112757491e-11,-1.14348929925056e-10,1.63471520026091e-11,-2.14202327347874e-10,-1.63975334027813e-10,2.1437660603012e-10,3.03290107963563e-10,1.29754429161164e-10,-1.56186200523285e-11,1.86416860903713e-10,-2.66116269444209e-10,3.59374411344185e-10,4.41726918102821e-11,-4.44637549618152e-10,-8.4105272640453e-11,2.44298650371457e-10,-4.14958243309017e-10,-2.03491197767119e-10,-1.49376876694246e-11,6.20441919907203e-11,-4.04839648209833e-10,8.57524402288992e-12,7.93566499942512e-11,3.59766130188131e-10,8.69152411498578e-11,2.77659868694317e-10,2.3436811579278e-10,-6.19664517276046e-10,4.5221798226686e-10,1.74126324851155e-10,2.70691671181527e-11,-2.82188600614895e-10,2.4548865789844e-10,-4.47568502632703e-10,4.06496552840513e-10,7.76336408422336e-11,-2.4848471249221e-10,-5.88537357647394e-10,-3.22506354135199e-10,2.45591871448531e-10,-2.00440509703331e-11,4.85078277308426e-10,1.03616810518227e-10,3.62117653118385e-10,5.34827198961484e-11,-2.70322562517433e-10,1.54521010059499e-10,8.61217886939643e-11,-1.19277821176544e-10,-3.68091232550655e-10,2.87805606409669e-10,-3.60132511780838e-10,-6.17196132240997e-10,5.19620405754329e-10,-1.39537298133649e-10,-9.56416822075012e-11,-3.42772878884214e-11,-1.56676974394787e-11,8.23360569219005e-10,-2.17630373491392e-11,5.55782825583955e-11,1.3092536247751e-10,-4.49355968268452e-10,1.41662875645486e-11,-4.41300192511255e-10,-5.03051599104612e-11,1.86580349418979e-10,1.89023921356288e-10,2.5957970294082e-10,-9.15526908487104e-11,1.04582442345124e-10,-2.0226038434163e-10,2.86628900797606e-10,-1.12552015362981e-11,2.23284558809456e-10,2.17817592591841e-10,5.46479395169168e-11,-1.53365760310439e-10,-1.70292277282726e-10,1.78317043110425e-10,1.25333885515097e-10,-2.04893434653707e-10,-4.4190461622444e-10,-1.64978543867072e-10,4.63087717649689e-10,-6.91425757487445e-11,-2.41184844708397e-10,1.07259265915338e-10,2.40286929547681e-11,-2.14141924889702e-10,-9.64903107825867e-11,2.0553271280958e-10,-3.20533470514194e-10,-4.40740146162165e-11,4.64946220708949e-11,1.87626680707967e-10,-2.65602813465305e-10,1.96617013480174e-10,1.04874188694396e-11,-3.00119355852516e-10,4.14475647784281e-10,2.64658525572024e-10,5.21952783453473e-10,-1.77380718493085e-10,6.20648848931902e-11,-2.69356206673029e-11,1.87764314430173e-10,-3.58577516279311e-10,-1.32289501036757e-10,-2.41470169537333e-10,4.3258921613892e-11,1.05128268827142e-10,-9.97549527676169e-12,-1.25042568612151e-10,-9.76626521065578e-11,-1.31861184380488e-10,2.48436238679349e-10,-1.83415657832683e-10,2.17998356091125e-10,3.85772426855063e-10,3.14671111087786e-10,2.47448130229079e-10,1.99875261629626e-10,-1.55529626062447e-10,1.81203879790492e-10,-2.95363139719738e-10,3.67345271305771e-10,-1.10095620465969e-10,-1.14511094134402e-10,4.22922077109425e-10,-1.18464953566182e-11,-1.80150054263347e-10,1.22917270707841e-11,1.77752316790109e-10,-8.26436416683287e-11,1.48500623572572e-10,2.93202773989985e-10,4.7571692610785e-10,-2.70152004315483e-10,3.58234502554918e-11,1.17266568568021e-10,-4.51468066135449e-10,-4.59924579355288e-10,-1.48019432208729e-10,-5.82864966524713e-11,-2.76768481349606e-12,-6.27802474839903e-11,-5.01484150005893e-10,3.70717595356477e-10,8.52854633086302e-11,2.58983013568227e-11,1.19249960933722e-10,-3.70678167168998e-11,-1.91534557434288e-10,-2.3840896075836e-10,-5.71951038032552e-11,3.97442556605144e-10,-1.32873371101984e-10,3.82871253353512e-10,-4.2801255452835e-10,1.62432859280674e-10,-4.32005593363125e-11,-6.95749272846666e-11,-1.9516285232974e-10,4.84192021013412e-10,6.36244048708303e-11,2.61416508376052e-10,-7.36615617225563e-11,3.50657308016802e-10,8.3490453924053e-11,-5.17035638265653e-11,1.95831283909702e-10,-6.30994536496058e-11,2.04983374145143e-10,4.29715377398186e-10,2.38842459111831e-10,-5.79590591037424e-11,1.91228568108035e-10,-5.12782053278826e-11,1.74945802746168e-10,5.5852330541753e-10,8.39698332047666e-11,-2.67713887164374e-10,1.86893859765214e-10,-2.96041684013961e-10,-1.11436143155959e-10,1.50451052859168e-10,-7.67283267730518e-11,3.35979505562069e-10,-4.44486236159027e-10,-1.45322904520511e-10,-2.54854294469179e-10,-5.308862993997e-11,3.20445700676992e-10,3.69085567521473e-10,1.27437426015369e-10,3.48425489999841e-10,-4.5169579659065e-10,-4.89723242394009e-11,1.6295843218674e-10,-2.76052920210152e-11,-1.74554648626119e-10,4.55365635580765e-11,8.75498549546295e-11,-4.05264627250494e-10,3.24519873509907e-12,-2.84024956445248e-10,2.68833088492156e-10,-2.32643892669921e-10,3.32238040546256e-10,-1.09765706504403e-10,-2.0659036605613e-10,2.39577477359737e-10,-4.25955297985976e-10,-1.13465364904504e-10,6.60173723223678e-11,2.2726569714405e-10,9.35324186241025e-11,1.16483668260958e-10,3.47065066349284e-11,1.84855192403434e-10,-4.72680229627465e-11,2.8958464813972e-10,-1.96362996424904e-10,3.9096104647568e-11,-6.42775108102992e-11,2.09767123686104e-10,3.30448317650255e-10,1.53766812289776e-10,7.62019642796405e-11,-3.44126031041449e-10,-1.57942207797975e-10,5.44432155167709e-10,2.00708439606854e-10,-4.56113247926043e-12,1.56750850870538e-10,1.59121116498747e-10,-5.86543109895405e-10,2.09805985771075e-10,-3.84503563864221e-10,-2.54872599302411e-10,5.20433886906548e-10,-1.7435110675914e-10,1.67491677340682e-10,-1.51681683469075e-10,-1.24364410025326e-12,1.5037454267733e-11,-1.36967425771288e-10,-6.52459429218031e-11,-2.15698834969673e-10,1.56547731611781e-10,8.03899899398643e-11,3.04386542400984e-10,-4.49264499671971e-10,-4.11752980077343e-10,9.29403912714225e-12,-3.27575344050201e-10,1.74263339943144e-10,-1.99231623022538e-10,-4.83279066752285e-11,6.5691447436386e-11,4.08777738368807e-10,2.34186683731172e-10,-1.7616879865779e-11,-2.36027976922932e-10,-1.43165704440475e-10,-3.2512855579553e-11,1.10106149915606e-10,-4.42695928574854e-10,3.18960530086983e-11,2.55941354434883e-10,-2.28615850737721e-10,-2.18630475978578e-10,4.00540671923457e-10,1.29748277366856e-10,3.37524405875731e-10,9.09886565872213e-11,7.0660764098539e-11,-1.58034846452476e-10,-3.55107267135695e-11,2.64745364455832e-10,3.07316829102635e-11,-5.29410113171704e-11,-2.10328120452007e-10,1.05680481209751e-10,-2.96353045213886e-10,2.97440965015673e-10,-5.89829515191083e-11,3.76574605600453e-10,-1.91476195649937e-11,-1.06754315417832e-11,-3.01713013785284e-10,1.42928894727721e-10,2.71730534692193e-11,-1.66533104447027e-10,-2.74225981843869e-10,-2.44679866031069e-10,-2.89439716341039e-11,-5.37258203877548e-10,1.50403588710689e-10,3.57790649133839e-10,-1.40242673548958e-10,2.06132713169289e-10,-9.01000960364153e-11,4.35769070118353e-10,-8.52923808518869e-11,-3.97867359237189e-10,6.07513240211606e-11,-1.70776096795299e-10,-9.46886968145464e-11,1.21790098655752e-10,-1.46842792839833e-10,-3.02499140434659e-11,-3.89255855931743e-10,-1.36912643084497e-10,-4.82327325316859e-10,-1.76732859716412e-10,3.47034227213746e-10,4.80177582479319e-11,3.98435822089512e-10,8.35939225336765e-11,-1.10979136825351e-10,-1.9209836775829e-10,-1.34466558890284e-10,-3.17873437749801e-10,-2.04649503543586e-10,-8.00569831908407e-11,-5.76265535093305e-11,1.94976678674827e-10,-8.20597038301149e-11,3.15169754567954e-10,3.00216665470865e-10,2.34548139199474e-10,-6.89813140798216e-10,-2.14243059933818e-10,3.69933305251569e-10,2.3933148470065e-10,-3.92574360522616e-11,1.45139724906062e-10,-3.09335924524267e-10,3.45312987134721e-11,-8.58364556619605e-11,-1.51475390362924e-10,-6.75628535486566e-11,-2.66700235636779e-10,3.95846373092616e-10,-7.225343317763e-11,-3.91174450742956e-10,1.32265892864059e-10,1.39194705132288e-09,2.53108264526059e-09,3.60084164332264e-09,5.68131163032875e-09,8.98966458326327e-09,1.40512166353361e-08
