v,0.25
Patm,100000
g,9.81
r,500
G,10^9.4
rho,2800
mu,10^3.74
rc,20
 
M,10^5.96
sigma,0.1
 
tilt_erupt,98.129nrad
 
-1438,-1437,-1436,-1435,-1434,-1433,-1432,-1431,-1430,-1429,-1428,-1427,-1426,-1425,-1424,-1423,-1422,-1421,-1420,-1419,-1418,-1417,-1416,-1415,-1414,-1413,-1412,-1411,-1410,-1409,-1408,-1407,-1406,-1405,-1404,-1403,-1402,-1401,-1400,-1399,-1398,-1397,-1396,-1395,-1394,-1393,-1392,-1391,-1390,-1389,-1388,-1387,-1386,-1385,-1384,-1383,-1382,-1381,-1380,-1379,-1378,-1377,-1376,-1375,-1374,-1373,-1372,-1371,-1370,-1369,-1368,-1367,-1366,-1365,-1364,-1363,-1362,-1361,-1360,-1359,-1358,-1357,-1356,-1355,-1354,-1353,-1352,-1351,-1350,-1349,-1348,-1347,-1346,-1345,-1344,-1343,-1342,-1341,-1340,-1339,-1338,-1337,-1336,-1335,-1334,-1333,-1332,-1331,-1330,-1329,-1328,-1327,-1326,-1325,-1324,-1323,-1322,-1321,-1320,-1319,-1318,-1317,-1316,-1315,-1314,-1313,-1312,-1311,-1310,-1309,-1308,-1307,-1306,-1305,-1304,-1303,-1302,-1301,-1300,-1299,-1298,-1297,-1296,-1295,-1294,-1293,-1292,-1291,-1290,-1289,-1288,-1287,-1286,-1285,-1284,-1283,-1282,-1281,-1280,-1279,-1278,-1277,-1276,-1275,-1274,-1273,-1272,-1271,-1270,-1269,-1268,-1267,-1266,-1265,-1264,-1263,-1262,-1261,-1260,-1259,-1258,-1257,-1256,-1255,-1254,-1253,-1252,-1251,-1250,-1249,-1248,-1247,-1246,-1245,-1244,-1243,-1242,-1241,-1240,-1239,-1238,-1237,-1236,-1235,-1234,-1233,-1232,-1231,-1230,-1229,-1228,-1227,-1226,-1225,-1224,-1223,-1222,-1221,-1220,-1219,-1218,-1217,-1216,-1215,-1214,-1213,-1212,-1211,-1210,-1209,-1208,-1207,-1206,-1205,-1204,-1203,-1202,-1201,-1200,-1199,-1198,-1197,-1196,-1195,-1194,-1193,-1192,-1191,-1190,-1189,-1188,-1187,-1186,-1185,-1184,-1183,-1182,-1181,-1180,-1179,-1178,-1177,-1176,-1175,-1174,-1173,-1172,-1171,-1170,-1169,-1168,-1167,-1166,-1165,-1164,-1163,-1162,-1161,-1160,-1159,-1158,-1157,-1156,-1155,-1154,-1153,-1152,-1151,-1150,-1149,-1148,-1147,-1146,-1145,-1144,-1143,-1142,-1141,-1140,-1139,-1138,-1137,-1136,-1135,-1134,-1133,-1132,-1131,-1130,-1129,-1128,-1127,-1126,-1125,-1124,-1123,-1122,-1121,-1120,-1119,-1118,-1117,-1116,-1115,-1114,-1113,-1112,-1111,-1110,-1109,-1108,-1107,-1106,-1105,-1104,-1103,-1102,-1101,-1100,-1099,-1098,-1097,-1096,-1095,-1094,-1093,-1092,-1091,-1090,-1089,-1088,-1087,-1086,-1085,-1084,-1083,-1082,-1081,-1080,-1079,-1078,-1077,-1076,-1075,-1074,-1073,-1072,-1071,-1070,-1069,-1068,-1067,-1066,-1065,-1064,-1063,-1062,-1061,-1060,-1059,-1058,-1057,-1056,-1055,-1054,-1053,-1052,-1051,-1050,-1049,-1048,-1047,-1046,-1045,-1044,-1043,-1042,-1041,-1040,-1039,-1038,-1037,-1036,-1035,-1034,-1033,-1032,-1031,-1030,-1029,-1028,-1027,-1026,-1025,-1024,-1023,-1022,-1021,-1020,-1019,-1018,-1017,-1016,-1015,-1014,-1013,-1012,-1011,-1010,-1009,-1008,-1007,-1006,-1005,-1004,-1003,-1002,-1001,-1000,-999,-998,-997,-996,-995,-994,-993,-992,-991,-990,-989,-988,-987,-986,-985,-984,-983,-982,-981,-980,-979,-978,-977,-976,-975,-974,-973,-972,-971,-970,-969,-968,-967,-966,-965,-964,-963,-962,-961,-960,-959,-958,-957,-956,-955,-954,-953,-952,-951,-950,-949,-948,-947,-946,-945,-944,-943,-942,-941,-940,-939,-938,-937,-936,-935,-934,-933,-932,-931,-930,-929,-928,-927,-926,-925,-924,-923,-922,-921,-920,-919,-918,-917,-916,-915,-914,-913,-912,-911,-910,-909,-908,-907,-906,-905,-904,-903,-902,-901,-900,-899,-898,-897,-896,-895,-894,-893,-892,-891,-890,-889,-888,-887,-886,-885,-884,-883,-882,-881,-880,-879,-878,-877,-876,-875,-874,-873,-872,-871,-870,-869,-868,-867,-866,-865,-864,-863,-862,-861,-860,-859,-858,-857,-856,-855,-854,-853,-852,-851,-850,-849,-848,-847,-846,-845,-844,-843,-842,-841,-840,-839,-838,-837,-836,-835,-834,-833,-832,-831,-830,-829,-828,-827,-826,-825,-824,-823,-822,-821,-820,-819,-818,-817,-816,-815,-814,-813,-812,-811,-810,-809,-808,-807,-806,-805,-804,-803,-802,-801,-800,-799,-798,-797,-796,-795,-794,-793,-792,-791,-790,-789,-788,-787,-786,-785,-784,-783,-782,-781,-780,-779,-778,-777,-776,-775,-774,-773,-772,-771,-770,-769,-768,-767,-766,-765,-764,-763,-762,-761,-760,-759,-758,-757,-756,-755,-754,-753,-752,-751,-750,-749,-748,-747,-746,-745,-744,-743,-742,-741,-740,-739,-738,-737,-736,-735,-734,-733,-732,-731,-730,-729,-728,-727,-726,-725,-724,-723,-722,-721,-720,-719,-718,-717,-716,-715,-714,-713,-712,-711,-710,-709,-708,-707,-706,-705,-704,-703,-702,-701,-700,-699,-698,-697,-696,-695,-694,-693,-692,-691,-690,-689,-688,-687,-686,-685,-684,-683,-682,-681,-680,-679,-678,-677,-676,-675,-674,-673,-672,-671,-670,-669,-668,-667,-666,-665,-664,-663,-662,-661,-660,-659,-658,-657,-656,-655,-654,-653,-652,-651,-650,-649,-648,-647,-646,-645,-644,-643,-642,-641,-640,-639,-638,-637,-636,-635,-634,-633,-632,-631,-630,-629,-628,-627,-626,-625,-624,-623,-622,-621,-620,-619,-618,-617,-616,-615,-614,-613,-612,-611,-610,-609,-608,-607,-606,-605,-604,-603,-602,-601,-600,-599,-598,-597,-596,-595,-594,-593,-592,-591,-590,-589,-588,-587,-586,-585,-584,-583,-582,-581,-580,-579,-578,-577,-576,-575,-574,-573,-572,-571,-570,-569,-568,-567,-566,-565,-564,-563,-562,-561,-560,-559,-558,-557,-556,-555,-554,-553,-552,-551,-550,-549,-548,-547,-546,-545,-544,-543,-542,-541,-540,-539,-538,-537,-536,-535,-534,-533,-532,-531,-530,-529,-528,-527,-526,-525,-524,-523,-522,-521,-520,-519,-518,-517,-516,-515,-514,-513,-512,-511,-510,-509,-508,-507,-506,-505,-504,-503,-502,-501,-500,-499,-498,-497,-496,-495,-494,-493,-492,-491,-490,-489,-488,-487,-486,-485,-484,-483,-482,-481,-480,-479,-478,-477,-476,-475,-474,-473,-472,-471,-470,-469,-468,-467,-466,-465,-464,-463,-462,-461,-460,-459,-458,-457,-456,-455,-454,-453,-452,-451,-450,-449,-448,-447,-446,-445,-444,-443,-442,-441,-440,-439,-438,-437,-436,-435,-434,-433,-432,-431,-430,-429,-428,-427,-426,-425,-424,-423,-422,-421,-420,-419,-418,-417,-416,-415,-414,-413,-412,-411,-410,-409,-408,-407,-406,-405,-404,-403,-402,-401,-400,-399,-398,-397,-396,-395,-394,-393,-392,-391,-390,-389,-388,-387,-386,-385,-384,-383,-382,-381,-380,-379,-378,-377,-376,-375,-374,-373,-372,-371,-370,-369,-368,-367,-366,-365,-364,-363,-362,-361,-360,-359,-358,-357,-356,-355,-354,-353,-352,-351,-350,-349,-348,-347,-346,-345,-344,-343,-342,-341,-340,-339,-338,-337,-336,-335,-334,-333,-332,-331,-330,-329,-328,-327,-326,-325,-324,-323,-322,-321,-320,-319,-318,-317,-316,-315,-314,-313,-312,-311,-310,-309,-308,-307,-306,-305,-304,-303,-302,-301,-300,-299,-298,-297,-296,-295,-294,-293,-292,-291,-290,-289,-288,-287,-286,-285,-284,-283,-282,-281,-280,-279,-278,-277,-276,-275,-274,-273,-272,-271,-270,-269,-268,-267,-266,-265,-264,-263,-262,-261,-260,-259,-258,-257,-256,-255,-254,-253,-252,-251,-250,-249,-248,-247,-246,-245,-244,-243,-242,-241,-240,-239,-238,-237,-236,-235,-234,-233,-232,-231,-230,-229,-228,-227,-226,-225,-224,-223,-222,-221,-220,-219,-218,-217,-216,-215,-214,-213,-212,-211,-210,-209,-208,-207,-206,-205,-204,-203,-202,-201,-200,-199,-198,-197,-196,-195,-194,-193,-192,-191,-190,-189,-188,-187,-186,-185,-184,-183,-182,-181,-180,-179,-178,-177,-176,-175,-174,-173,-172,-171,-170,-169,-168,-167,-166,-165,-164,-163,-162,-161,-160,-159,-158,-157,-156,-155,-154,-153,-152,-151,-150,-149,-148,-147,-146,-145,-144,-143,-142,-141,-140,-139,-138,-137,-136,-135,-134,-133,-132,-131,-130,-129,-128,-127,-126,-125,-124,-123,-122,-121,-120,-119,-118,-117,-116,-115,-114,-113,-112,-111,-110,-109,-108,-107,-106,-105,-104,-103,-102,-101,-100,-99,-98,-97,-96,-95,-94,-93,-92,-92,-91,-90,-89,-88,-87,-86,-85,-84,-83,-82,-81,-80,-79,-78,-77,-76,-75,-74,-73,-72,-71,-70,-69,-68,-67,-66,-65,-64,-63,-62,-61,-60,-59,-58,-57,-56,-55,-54,-53,-52,-51,-50,-49,-48,-47,-46,-45,-44,-43,-42,-41,-40,-39,-38,-37,-36,-35,-34,-33,-32,-31,-30,-29,-28,-27,-26,-25,-24,-23,-22,-21,-20,-19,-18,-17,-16,-15,-14,-13,-12,-11,-10,-9,-8,-7,-6,-5,-4,-3,-2,-1,0
5.72854288893708e-11,7.31802444735294e-12,4.15122273048546e-11,-9.35403115046936e-11,7.27123521796013e-11,1.49599415586143e-10,-5.43313898641709e-11,1.33767769403387e-10,-7.66735841647943e-11,3.61152138091365e-12,1.61567567202321e-11,1.74790866693536e-10,-1.37058378246542e-11,1.19378633042694e-10,9.08902120541214e-11,-6.91719912609725e-11,1.09257114244654e-10,-6.31635473370066e-11,4.09214929012021e-11,5.02393811011767e-13,-8.56854791438674e-11,-6.94717084561392e-11,4.27538165331059e-11,-2.13353110595663e-10,-2.75669745528478e-11,8.0870688817935e-11,-1.29097058077456e-10,-6.17978027058898e-11,-1.37742808848719e-10,5.78799321017979e-11,1.49680211819898e-10,-3.11079485675853e-11,-3.08095442618705e-11,1.18467090745695e-10,5.35046858873284e-11,1.1338529811969e-12,2.62530655546138e-11,3.19945491837564e-11,-2.89194056315711e-11,1.00424664188274e-10,-1.31908218887622e-10,-1.25670294725347e-10,-1.72786165259993e-11,2.73615835732629e-11,-3.28005045784763e-11,7.14699780203276e-11,1.08740722126569e-10,2.75785368128583e-10,1.83713653060794e-11,7.74004331887685e-11,-8.2565284887997e-11,9.92283496340254e-11,4.84956934095152e-11,-1.025167442069e-10,6.31217294811425e-11,-3.55945519918865e-12,-2.03095591103008e-11,6.4169838064183e-11,-5.41930031475012e-11,-2.45484154235106e-11,6.02036009849237e-11,1.45179510503036e-10,-2.01311133602462e-10,8.74709909298196e-11,-1.0317225750617e-10,1.61889141056756e-10,-1.1569964109178e-10,8.55724922865006e-12,1.76302375456704e-11,1.02180693239302e-10,4.12295628057813e-11,1.84585785528672e-10,1.49912792968347e-11,6.156439081134e-11,-1.37653536647482e-11,7.97470003372845e-11,-2.83956060342746e-11,-5.21697141473765e-11,-1.17896095928237e-10,-8.37533343292523e-11,2.19531678509191e-11,-6.53092208636234e-11,4.84030021586504e-12,-1.25205565729356e-10,-1.26245383714236e-10,5.66286904370737e-11,2.4891899573178e-11,-2.49985043246464e-11,1.54812905912663e-11,1.18198718094361e-10,-7.03674145218334e-11,3.3293063049323e-11,5.30298074746477e-11,1.5131619410919e-10,-4.2739816315894e-11,2.61099264851278e-11,1.3956980624852e-10,-7.86046302563199e-11,-4.31128750751e-13,1.79558546957479e-10,4.72873071681214e-11,-1.30960428135393e-10,-2.09328015334478e-11,-1.86855587960035e-10,6.67116214945906e-11,6.89617681771404e-11,2.39974069126033e-11,-6.55829449507426e-11,8.30184239744521e-11,-2.52576700894271e-11,-1.76479937945568e-10,-1.77707190075399e-10,1.3935550737574e-12,1.33852779626292e-11,-5.18836215152467e-11,2.27312955688248e-10,-5.73682722863012e-11,4.47849595815993e-11,1.8732469907963e-12,-3.61641807523026e-11,1.60289438364245e-11,1.18301714543604e-11,2.08270170783844e-10,1.018122180136e-10,-4.59407231346129e-11,-1.71464022698131e-10,8.65355425479156e-11,-5.84330126367083e-11,-9.33813109457486e-11,-9.89717687578455e-11,2.26834510006711e-11,-5.51990560651325e-11,6.45776763454208e-11,9.95677634585011e-12,1.63428318471558e-10,-5.56591279234374e-13,-1.47319610784178e-10,3.27926962967708e-11,-2.92048773709018e-11,-6.2463968250343e-11,-1.54398575556176e-10,-5.65488401012925e-11,-9.05546150817967e-11,3.16061571690666e-11,-2.53072252113644e-10,-1.35487120463692e-12,-2.26969923647396e-11,1.85988185520058e-11,1.31446201288029e-10,-4.48425631240307e-11,-2.71414294674644e-11,-2.54461938101801e-11,2.43296535054577e-11,-1.3385835113881e-11,1.21641301688814e-10,-1.25309873946023e-10,7.92490665665136e-11,2.59039948223051e-10,1.05885384893593e-10,5.55326223197949e-11,1.07313883126361e-10,-1.04497288669829e-10,-1.30629796511165e-10,-1.03651473532408e-10,-1.47847270986545e-10,-4.40166184638823e-11,2.8937380639406e-11,-8.25332498202068e-11,-3.21863086205576e-12,1.13793667324339e-10,-9.43147506631525e-11,3.9761902009047e-11,-1.57021717174702e-10,4.90913381791565e-11,-5.0875112627982e-11,-3.68193196783259e-11,1.30460244423085e-11,-6.76759677663265e-11,-8.63862490471909e-11,1.2245648692332e-10,5.99995130423311e-11,-1.22355775742855e-11,1.9701586387213e-11,7.62165246948288e-11,4.47043760362793e-11,5.99833943954243e-11,-3.95191643619706e-11,1.30167657902651e-10,-2.56301688331087e-11,1.23437952209131e-10,-6.02612045747104e-11,-6.52728699366202e-11,-7.19261191117871e-11,1.16072583473717e-10,2.28346145483826e-11,5.39736448812998e-11,-1.85966904302614e-11,-1.0003643499757e-10,-6.4079609805445e-11,5.84612319213749e-11,-1.34117734793013e-10,-8.25695037368166e-11,1.78301025061943e-10,-1.77773145316297e-10,2.73630010202089e-10,6.01366265162534e-11,1.37990381782434e-10,-2.02770235482485e-11,4.28749713040599e-11,-4.2666303351088e-11,1.011322869866e-10,-6.89662121363943e-11,5.67296975501722e-11,1.56501273647147e-10,-8.51403057080137e-11,1.69593165938462e-10,9.20639486212954e-11,-9.81522903360969e-11,1.11935654402454e-10,-1.60778511159821e-10,1.36075881301885e-11,1.23743356981303e-10,-1.03306799349939e-11,-1.03105282612754e-11,-4.99495831118483e-12,3.41549774043487e-11,4.8062668703284e-11,-1.23070178038178e-10,1.89039598089217e-11,-2.94722830503952e-11,6.68642326933108e-11,2.89486849490248e-11,4.1465229880431e-11,6.65775567857815e-11,-1.65089725404599e-10,1.23586953872555e-10,2.79005704226342e-11,1.65339836506658e-10,-1.04517689563533e-10,1.49823859762442e-10,-1.15220813868766e-11,8.42689226798606e-11,-1.06278414711288e-10,3.21678148476584e-11,-7.83465245683551e-11,-3.2048389968032e-11,-1.0583475012758e-10,1.46652216404878e-10,-4.745451637882e-11,-3.58617638306597e-12,2.53320715988256e-11,8.19172545495664e-11,-6.56550068960616e-11,3.69874158621524e-11,9.28490138124838e-12,-4.43683263092265e-11,-3.18536713353768e-11,-8.06733491511669e-11,8.49068694128238e-11,3.69032979660113e-11,7.41986259753268e-12,1.61715191140689e-11,-9.2782146726195e-11,-1.92341431987713e-10,3.59209215801353e-11,-8.31109293483e-11,-1.83415998864649e-10,-1.26582521088505e-10,3.4869251473859e-12,-2.45215878781468e-11,1.56591955836031e-11,-6.08611299883375e-11,-1.34413486308325e-10,-4.91124474469045e-11,3.6635076635781e-11,7.65595784704572e-11,-9.69416272441483e-11,-3.15747462885523e-11,-5.20666899315581e-11,-8.52493247706469e-11,5.4125021048745e-11,1.15636205752713e-10,1.16900829201748e-10,-5.22583682763655e-11,-2.07577930393429e-10,-2.1487488378016e-10,-1.14935522153082e-10,-3.61773691592245e-11,3.15619726207649e-11,-6.38775657565762e-12,-4.18702388780733e-11,1.30415143160269e-10,7.85990044446042e-11,-8.10207619442263e-11,5.27077075140873e-11,-5.28934847325989e-11,-3.66415539059548e-11,-1.58887920055864e-11,9.8476876033541e-11,-7.44985811459658e-11,-3.88131430316041e-11,4.93640489320262e-11,-1.7439221750833e-11,-6.48271449586751e-11,5.80487397034164e-11,1.86129953808477e-10,6.69065952051593e-11,6.78604244696756e-11,-4.48510517736988e-11,-5.4678844458369e-11,4.7995057599423e-11,-1.29546811960742e-10,-8.99591990989698e-11,6.24053207011487e-11,-1.83807209803665e-11,-6.64078225831071e-11,-3.35938798205503e-11,-1.85302645269179e-10,-5.60389458406837e-11,-3.07018917460335e-11,-2.79557424369818e-11,2.15522005706286e-11,1.15901793762306e-11,1.58647725290221e-10,-1.52066629140678e-10,1.2978910278172e-11,2.03886807415247e-10,5.56273701397954e-11,6.03576144318067e-11,-1.64212104277513e-10,-3.40706603494457e-11,-1.26295679907884e-10,2.40388107405261e-11,-1.0020478842271e-12,-1.33363779670713e-10,-1.06966138784854e-10,-3.42523671673708e-11,-8.49701545045773e-11,-9.1035240498704e-11,8.04994968593782e-11,1.07293871068961e-11,-5.97408534458875e-11,1.64141691631404e-10,-8.17987786896538e-11,-6.61158623456009e-11,-3.46869506613658e-11,-1.49584858034072e-11,-1.87300005550959e-10,-2.40937662314037e-10,3.95962538780368e-11,-1.30049531971944e-10,7.69740198730926e-11,-1.31635489416538e-11,-5.92743230615249e-11,-1.09730266508935e-10,1.01039931505696e-10,-1.67499762921538e-10,1.20371125877023e-10,-3.22219350997654e-11,-2.06247718034101e-11,-5.33023611837154e-11,6.36853495683178e-11,1.08701166148215e-10,-8.41142159594304e-11,9.53036010419514e-11,1.84823867838802e-10,3.69494805161295e-11,-1.08545089911189e-10,1.96443893100466e-11,7.52863230317639e-12,8.68855698221209e-12,8.08042173245736e-11,1.35588695840765e-10,-2.77703149134171e-11,-7.79838170930196e-11,8.02072035422802e-11,8.8385453521213e-11,-2.55396730418305e-11,-8.02338840906412e-11,-3.06347097756712e-11,1.85189433567657e-10,-2.7859208152106e-11,-1.02718188769335e-10,6.63960829474288e-12,1.90081494602336e-10,6.7850883978669e-11,2.73620782206878e-11,-1.18737594741528e-10,-7.40639097975517e-11,-4.60224944212965e-11,1.75275356475248e-11,-2.18450642286913e-10,-2.41992082001598e-11,8.01058511274069e-11,1.2015618292061e-10,4.92711285198152e-11,1.89134066183016e-11,-1.6376660756106e-10,1.11885516499654e-11,-7.66220221451793e-11,4.43631247422007e-11,1.43934643828242e-10,-1.013021803052e-10,8.20876188564677e-11,-1.4665421197767e-10,1.54086649472996e-10,1.50703958715059e-10,-2.56839583763672e-11,-3.45946569601108e-11,9.48230832208611e-12,1.89958650466207e-10,-2.36288191318446e-11,-1.18691108326135e-10,1.09441998293418e-10,1.57345967871283e-10,6.62045920674975e-11,-5.83242326796187e-11,1.25262476534121e-10,1.95061143519121e-12,-4.19217388420567e-11,8.9060405850075e-11,1.13096896924156e-11,8.04176573851426e-11,-1.01575839874281e-10,-1.86608772804001e-11,2.94157980002413e-11,-1.15236640270099e-10,-1.46211629464872e-10,-9.4602228770788e-11,6.70912050186351e-11,1.13319894948874e-10,-1.49589697862612e-10,4.19533980643e-11,-1.10454371643289e-10,1.43774845526191e-11,9.10538939277523e-11,-4.68135106703356e-11,5.24250932538682e-13,6.81649293986786e-11,3.53985868941035e-11,-1.00881026924808e-10,1.0936764169088e-11,-1.30903027716674e-10,-1.27217921237819e-10,7.66654287770472e-11,-6.54077322254006e-11,-1.57056895756631e-10,4.40008676919827e-11,2.70427892095485e-11,-1.23328657681564e-10,8.80730670772696e-11,-4.51427217355536e-11,7.62934962871414e-11,1.83005567054978e-11,7.18393782773817e-11,-1.24249487857813e-10,1.86038715204296e-10,-1.12023854011515e-10,3.36192828974973e-11,5.75217713837929e-11,-1.40163661532027e-10,2.5353749779987e-12,1.23316506594276e-11,-1.13501275584888e-10,-7.25479951794771e-11,3.27911416242504e-12,4.91194150124985e-11,8.24521969552607e-11,5.97883246258432e-11,-2.69294218393388e-11,5.12539433457319e-11,3.61171699108641e-11,-2.84321568308645e-11,3.23807918933477e-11,-1.08037287525825e-11,-4.98154865173722e-11,8.60811901574711e-11,-1.12902382917469e-11,-5.05386314149448e-11,4.4751247228235e-11,-7.42049097816402e-11,-2.03062425374866e-11,-6.14323893337399e-11,1.25862057390747e-10,-5.37767416673927e-11,-4.12755458321492e-11,1.35175929948491e-12,-8.7154620691902e-11,7.08043875331627e-11,1.27097002811264e-10,1.56231998550209e-11,9.15354177330068e-11,-8.90648654061192e-11,-5.44944378113941e-11,1.40261040673081e-10,1.59598633058963e-10,-1.60650292579637e-10,1.42848412274446e-10,-9.2133182203747e-11,-9.81447159434754e-11,-1.80730913911833e-10,-1.0416906066929e-10,-1.00553370023254e-11,2.31003428449001e-11,-4.74732219002142e-11,-1.37296499528458e-10,1.08605754471778e-11,-3.19256170714166e-11,5.60087090959818e-11,-1.78163642010379e-11,1.10499286904101e-10,-1.17482810110234e-10,6.95301780554629e-12,-1.15423531547904e-10,-7.71355451771896e-11,7.36611087624819e-11,-1.37704916754948e-10,2.17376535475359e-11,9.59102014437226e-11,-2.3351000132314e-11,-7.28909695711814e-11,-2.40507148633303e-11,-7.0340788155891e-11,-1.20670037585786e-10,7.91414533832981e-11,-1.59629698997141e-10,-6.93053809635486e-11,-1.51879521443028e-10,1.97227746376521e-10,-1.28229017887014e-10,8.76611768302223e-11,2.12549104519345e-10,4.74479464512423e-11,5.49909317789003e-11,5.91479372576501e-11,1.42870937728807e-10,4.62727909639028e-11,-8.99373396257046e-12,-7.57504430831389e-11,2.15062047940342e-10,-4.72256611195326e-11,1.56394482770693e-10,-1.21398964200759e-10,1.37654407382244e-10,-2.09579827544312e-10,1.1965033604949e-10,-8.54832249586707e-11,2.30418077287073e-10,5.38442918935067e-11,-9.4357875912264e-12,-2.22232279908079e-12,-3.20649633868622e-11,1.31730646053972e-10,3.12271844484654e-11,-4.76410783283971e-11,-1.20244715249728e-11,7.28505148617365e-12,1.18693866409947e-10,-9.81802848990828e-11,-9.83556104703836e-11,-2.12362331232506e-10,6.38692042670312e-11,9.98379035745693e-11,1.29289567649964e-10,3.02826269427251e-11,-4.35792355930085e-11,-2.59829081408688e-10,-7.42370164835152e-11,2.1563751184976e-11,-7.02059936402114e-11,-8.09586956938289e-11,-1.4640998152413e-10,-2.33722679505971e-11,-1.07835641980569e-11,-8.73246631824061e-11,1.51318658258883e-11,8.82700165984979e-11,-3.47703448807007e-11,-1.98703317630619e-10,-5.05117936558493e-11,1.98710004265309e-10,1.13458385681972e-10,1.10942129414105e-10,-1.84170028560456e-11,-6.36427742490214e-13,-1.57006843666646e-10,-3.1779847354929e-11,9.6394000619073e-12,-1.36075776270658e-10,-1.61589427221248e-10,-4.3607041430419e-11,8.52417057672088e-11,-1.4268498809955e-10,4.86409452522298e-11,1.25111222351281e-10,3.17389383935838e-11,-1.23668677248785e-10,7.81899292327878e-11,3.80634869470544e-11,-1.82495543728578e-11,3.03662067526721e-11,-4.63193939269337e-11,-1.85672387266718e-10,1.21566708375386e-10,7.51559246926881e-12,3.73696673487058e-11,-2.39933928115902e-11,6.60087466326882e-11,2.02599128126238e-11,6.34190830634775e-12,1.45301887914381e-10,9.08213453290685e-11,-5.68692998488797e-11,3.76649203379833e-11,1.57084388193925e-10,1.21092730515117e-10,3.53588162529966e-11,-1.98470859351287e-10,2.80551037229751e-12,1.24559861232977e-10,-1.40504497506011e-10,-7.40162268267036e-11,6.53743056660336e-11,2.23796761784547e-10,-9.63143264410037e-11,1.89427307361316e-11,-3.9511037345322e-11,-7.03108912869881e-11,5.60564900926299e-11,-1.92396144271876e-11,1.4915795167774e-10,2.12977029176228e-11,-4.97442510708678e-11,1.10832952714823e-11,-5.44769984429863e-12,1.77190879619618e-10,1.40991046965493e-10,2.78983271478912e-10,8.36893593384642e-11,3.16370565738173e-11,-1.37928335340256e-10,3.0573278354677e-11,-7.23222541939745e-11,-1.07715462224739e-10,3.45566298128154e-11,-9.48578696663894e-11,-9.78903346196279e-12,-1.10890884340403e-10,-9.44990346134991e-11,-4.55444576585786e-12,-7.4925478522191e-12,1.12671341837491e-10,1.81123273340182e-10,9.16878650053012e-11,8.95600936707685e-11,-1.08642314016842e-11,2.36318996486745e-11,-2.69190090822155e-11,-8.13948355728438e-12,-1.62202442085634e-10,-8.13848527417538e-12,1.53782622105457e-10,5.50231398743355e-11,-1.58179218919956e-10,-6.08960782696705e-11,-1.34893704207675e-10,-5.6947699783026e-11,-6.73222891990944e-11,-1.69616653247907e-10,-7.71285859277515e-12,4.9886779277199e-11,-8.40805937376511e-11,-7.36186915288623e-11,1.03823301437471e-10,1.56388172807896e-10,7.86070847350734e-11,-6.18096549991533e-12,-6.29608833787365e-11,2.30111406873496e-11,-8.71062752803652e-11,-7.95472219826493e-11,4.88145535236882e-11,1.04593639162684e-11,-7.11237834236324e-11,-1.16110617810765e-10,4.45483766390607e-11,4.05104669511986e-11,2.04498351595198e-10,1.99329168281072e-10,7.1889273850519e-11,6.59903095494595e-11,9.04011438879976e-12,-5.86200566349463e-11,-1.85527420155606e-11,-3.29407887571536e-11,2.21251813979208e-10,-3.51401491184779e-11,6.69485248514073e-11,-7.40054538858381e-11,6.18111695641956e-11,-1.74075246437951e-10,2.45840478366925e-10,4.52725208946017e-11,-2.32105849951203e-11,1.54145577621672e-10,4.62548370128143e-12,-6.06890445902159e-11,5.8810647298305e-11,2.28808516942015e-10,1.55555433285935e-10,-1.57898449359741e-10,-3.52933432012753e-11,5.75618420550382e-11,-9.14500049719297e-11,1.58888291057677e-10,-1.63727081892254e-10,-4.87170168337353e-11,5.99118893328074e-11,6.69874713362621e-11,-1.56320417885489e-10,-6.54410170798848e-11,-3.40731925641393e-11,-1.04525109533004e-10,-1.85123692330054e-11,6.84364087880406e-11,1.03486189572459e-10,-1.14664950080689e-10,1.47103855024539e-11,-3.32519822978757e-11,1.02515873564437e-11,1.35771109398347e-10,-1.28068151505479e-10,-1.13256205299969e-10,-3.70562318665489e-11,-9.74004192710765e-12,6.8590128598432e-11,-7.69948094569935e-11,7.47894680339774e-11,3.93902732767362e-11,6.96756877136459e-11,1.74269183225721e-10,1.71927821786525e-11,-4.13357792870173e-11,8.33860411079271e-11,-1.52730607621799e-10,-1.25951117430094e-10,4.412284518026e-11,-1.63040660839225e-11,5.92651173551216e-11,8.16571248901243e-11,-1.1012332941477e-10,1.54328445516399e-11,1.59733047530769e-10,9.22849690452931e-11,-1.38300615645965e-11,9.79034311227646e-11,1.98572575303918e-10,-1.52355558241519e-10,1.10061798574705e-10,-5.77009163301334e-11,-1.04520391036709e-10,-1.66228876760423e-10,-3.2502191657315e-11,-1.21156659305435e-10,6.50368011979383e-11,-6.75710562648093e-11,-9.80558233451115e-11,1.05909235634799e-10,6.20288986973889e-11,1.64468716132736e-10,-7.49846029231931e-12,3.42900093023537e-11,-8.37463328202987e-12,1.88863412876004e-10,5.91102216804367e-11,-5.7340229907769e-11,-5.8709796034388e-11,2.3673082949007e-11,-1.83424190290849e-10,-1.20791166879047e-10,-8.48364548786816e-11,2.11777300008635e-11,-8.97531672053579e-11,6.8229638868426e-11,-1.26057020023543e-10,-1.08785740481243e-11,-1.36320108354598e-11,6.7664568750863e-11,-1.81988146855405e-10,-7.78757786221828e-11,7.41384996069646e-11,1.76234232927576e-10,-2.26881556549755e-12,9.29748696719351e-11,-3.72923212698571e-11,1.08807233140338e-10,2.17296373363013e-10,4.81249826785097e-11,2.39159546698592e-11,-1.22262746352925e-10,-1.57109679037294e-10,5.34723019118506e-11,-2.52497015689374e-11,-6.40960900283119e-12,-5.76906957341974e-11,1.16502537362239e-10,8.06197748065741e-11,1.03007353673733e-10,-1.62118916260883e-10,1.90604528922289e-11,8.29779085604115e-11,4.396769562513e-11,-3.88014688183297e-11,1.98541578601142e-10,-8.59070470030744e-11,4.2743488001318e-12,7.43924037290066e-11,2.42999428811287e-12,-1.20498350953417e-11,2.84813290802969e-11,-1.22463657127505e-10,1.1448808713417e-10,1.0599059466344e-11,-9.10496232199594e-12,-1.63183082829541e-10,5.87019806926938e-11,4.85592911442952e-11,1.6918274039578e-11,2.04036457256424e-10,-3.15030756528452e-11,-1.24767548953499e-10,1.35760681755515e-10,-1.16573628946497e-10,7.90401594111137e-12,2.06589542826579e-11,2.429116038758e-11,3.13654853335635e-11,-4.15657343271153e-11,-3.87658013909301e-11,-4.6634577617719e-11,-1.07838046544177e-10,3.83855632192294e-11,-1.16592857589813e-10,8.08623758220298e-11,7.70758949787607e-11,4.32038583834617e-11,-6.75506228744349e-11,-4.69741739343662e-11,-9.35796040558307e-11,-4.45027487474878e-11,-1.68966731875501e-11,-5.47905151703121e-11,-1.22767761385519e-10,1.17307236824793e-11,4.7024451037896e-11,1.4289388394331e-10,-1.75955745677045e-10,-9.57745671224545e-11,-1.27627565805975e-10,-1.01038422804647e-10,-1.18644006306626e-10,-3.34775039206353e-11,9.73874623587219e-11,3.7817519847813e-11,-8.89427762861399e-12,6.70475882658985e-11,-5.37897370189751e-11,1.87983659426562e-10,-1.25946596174131e-10,-2.52405399007205e-11,-2.02171473208266e-12,2.34845043266702e-11,6.60272389637358e-12,-1.14772291896886e-11,3.03375011644569e-10,-1.61627701679548e-10,-1.86103386573726e-10,-8.35926635327313e-11,-1.49434453294454e-10,-2.92433455931649e-11,1.26376374688344e-10,-8.53610020977799e-11,-1.13300821554083e-11,1.46309135345873e-10,-1.29587831368638e-10,5.53308976390929e-11,-6.36127182752921e-11,-8.10044945247605e-11,1.28360144497314e-10,-4.65997347814205e-12,2.9479138586212e-11,-1.14025455131627e-10,-2.41616214835808e-11,3.96493728400485e-11,-1.70689342180577e-10,1.08785491398355e-11,1.7343412690399e-10,-1.57771541871912e-10,3.05804659410501e-11,-4.5100396919725e-11,6.31602444384068e-11,4.16186042550471e-11,6.37278632460476e-11,9.70203071885301e-11,-5.05088383834264e-11,-7.67180087663619e-11,-1.51244572955223e-10,5.21162469750377e-11,-1.39406949186199e-10,-2.44944407830265e-10,9.4897466647502e-11,4.11544966123774e-11,5.12599067223722e-12,6.605070417687e-11,-2.71544379743444e-11,-1.66237704894101e-10,-6.40942245910169e-11,2.51882160843194e-10,9.09265313474172e-11,-9.47781270406924e-11,-4.3430053379618e-11,1.11040452093728e-10,-9.43665506950408e-11,9.81499860304608e-11,2.45123138247406e-11,-5.15491382228616e-11,-3.26338827251628e-11,2.574620546025e-11,-4.15473315587149e-13,4.27767529656794e-11,4.27298319203839e-11,1.5936754228817e-10,-5.18095055024548e-11,-4.51468649045363e-11,-8.10075952693975e-11,1.18660283852152e-10,1.12601707872448e-10,-4.19194292509037e-11,-2.53060353079818e-11,1.90656323956121e-11,-4.97214903752194e-11,-1.6806350002146e-11,3.34511104566285e-11,1.35378575787784e-10,-1.54949834804867e-11,1.99723621653328e-11,-6.6266281105102e-11,5.90536473023455e-11,-1.01840157876316e-10,7.30449764055742e-12,-2.47335182126529e-10,-1.20621595967094e-11,-3.65986951505633e-11,7.37636323844386e-11,5.61829211810761e-11,-1.26387597680461e-10,1.03551568391265e-10,-4.14336797601793e-11,-1.55137089174901e-11,1.4266236182189e-10,-1.09153517932093e-10,-1.82795402414729e-10,9.20067619015418e-12,-1.79945734422817e-11,-2.12909354893833e-11,-1.61120591161441e-10,-6.08938695942811e-11,-1.83358993065946e-12,-1.39939229958585e-10,-6.69485802532323e-11,-3.5415417983984e-11,-3.2815576132317e-11,-9.57311035038109e-11,-9.01029411425434e-11,1.19697931154938e-11,3.14175749211868e-10,2.48864166225169e-11,-2.0937391334129e-10,-9.79632491775089e-12,-1.23633605370939e-11,1.21378820588085e-11,7.50607730062013e-12,-1.14646816484353e-10,-1.89881925929836e-10,1.70188752932643e-10,-7.55246549350355e-12,2.11439267761868e-11,5.95412442253374e-11,-8.63227256594757e-11,-7.88662822845403e-11,1.63066401841701e-10,-2.2744372538032e-11,5.69045796127355e-11,1.3838927491819e-10,6.20374455383455e-11,-1.10834089225226e-10,4.65290268320771e-11,2.39960118714638e-10,8.12879738166417e-11,3.79981844779742e-11,1.32788407400523e-10,1.31318110278058e-10,-1.86892743645851e-11,2.13786617420566e-11,-8.40932328600833e-11,5.65089187348893e-11,8.59081777964659e-12,-1.93120928188028e-10,4.56356239358213e-11,4.95475235732625e-11,1.39900939758302e-10,9.09749568493362e-11,-1.45116962484931e-11,6.46058045828636e-11,-8.55643743146822e-11,8.30373771936082e-11,-2.21199912538902e-10,-1.63079015115198e-10,9.8238265707766e-11,3.97736129833021e-11,-7.39996806575747e-12,2.73018950772442e-11,-1.37369832063148e-10,-5.05232320131932e-12,-7.94484078934604e-12,1.02514720846324e-12,-9.94101401451701e-11,-8.24019620795612e-11,-7.45757197217354e-11,2.11243847084988e-10,-1.78002875619082e-10,1.19893022193127e-10,2.15001954354674e-10,-5.97558068025285e-11,3.07154869228189e-11,-6.78808107248909e-11,-1.36742083269256e-10,4.04490955325207e-11,3.35190152697136e-11,5.34106736907074e-11,4.42033028334191e-11,1.54748188541272e-10,7.9148528220791e-11,-1.92043253301236e-11,9.88491870483422e-11,-1.80721724094051e-10,4.43383747606608e-12,-1.24800312393704e-10,5.56262927563642e-12,1.40330853000443e-11,-4.94513874418849e-11,4.9555643378581e-11,1.48790384528686e-10,4.53943409072168e-11,-1.78396462793854e-10,1.25454656565345e-10,5.42365835770325e-11,5.87914136670191e-11,-1.46426055781947e-10,9.40741448211902e-11,1.23014770916152e-10,-1.62566775527301e-10,-2.57580069818386e-11,-1.12758651818529e-10,3.95458128290592e-12,-1.26232998057185e-11,-7.23294671185595e-11,6.18258347228348e-11,-6.76652024937426e-11,-2.55563859662876e-11,2.33875849272168e-10,-1.15693889237891e-11,-1.99365386634533e-12,-8.86893408300723e-13,5.64368776416481e-11,-1.18575686360503e-11,-3.399453290172e-11,8.89571899877023e-11,-2.52581434918953e-11,3.61369062169768e-11,8.37554516639608e-11,1.52354726484887e-10,-5.64209050388046e-11,5.99017191942093e-11,7.77245411239865e-12,1.29925124296052e-10,1.29537983074105e-10,-1.36494818305631e-10,7.52740018138621e-11,-6.32752377439575e-13,1.22790544594301e-10,8.24457289550488e-11,6.94601163594881e-11,-8.44360236468665e-11,1.7611838007678e-10,-7.12350898018337e-11,-1.02130716026326e-10,-1.5451885942896e-10,-9.39281247320946e-11,1.31273374694843e-10,1.80926719574737e-11,2.47547127675939e-11,6.67801132878293e-11,-4.08453882695126e-11,1.19522485897804e-10,4.35929248544975e-11,-5.68617103378839e-11,6.99234516039493e-11,-5.4092552935419e-11,2.43392273372135e-10,-2.12053340306433e-10,1.55830367770683e-10,5.99180425667661e-11,1.81775987490562e-11,-7.55743857896209e-11,1.04229248717353e-10,-9.36137812876784e-11,-1.31623406031505e-11,-4.22513052368498e-11,-1.22769206816825e-10,1.57864761325374e-10,2.84495140389533e-11,-2.21890282923855e-11,4.89721157812406e-11,3.47368194092997e-11,5.18562969180339e-12,2.56529826696109e-11,8.66604740844044e-11,-5.77950164778466e-11,4.45351782734025e-11,8.57401171777946e-11,-3.2001866079442e-11,-4.42007051247516e-11,-3.37922121052767e-11,-7.43006552400873e-12,-7.89935564905348e-11,4.9061101673123e-11,-2.51285958471722e-11,-1.58098277325174e-10,-2.73512224956851e-11,2.37116853641172e-11,-9.08482534153512e-11,1.65003838057995e-10,4.32856975488727e-11,-1.25148291166603e-10,3.9304079135315e-11,3.69806339603717e-11,1.09923822997499e-11,1.97880216496662e-11,8.92413373364562e-12,2.94954018966877e-11,1.02944550742579e-10,1.33283416276202e-10,-6.74223067830372e-12,-7.9990248809681e-11,-1.05599475107777e-11,1.58484247716377e-10,1.31719011762585e-10,-5.66694265891697e-11,-1.79963453708869e-10,6.01920009327774e-11,-6.68549787287296e-11,9.82745184576509e-11,-1.0143887163318e-10,-1.1392268525022e-10,8.79809601057876e-11,-1.20803789808784e-10,7.146636860889e-11,-1.64197684297215e-10,2.32062582032063e-11,-1.52106148793557e-10,9.52362938701124e-11,-8.81756602146684e-11,-7.92047472231452e-11,-1.80884849049618e-10,6.17526661997633e-12,-1.86551956802867e-11,1.97542541599929e-10,1.0773843943603e-10,1.5606787733273e-10,-5.06200055915992e-11,2.90758441196702e-11,-9.66238451490037e-11,7.5631734558827e-12,-8.7115328951882e-11,-1.5982976904319e-11,2.21897935568126e-11,-5.58751760283947e-12,4.05314546163145e-11,-9.55394924209499e-11,1.3375121587446e-10,9.35807833036358e-11,6.0246435138842e-11,8.97507764794373e-11,-3.46722307154849e-11,-1.23683387655788e-11,3.45029823671017e-11,-9.67727475276241e-11,9.64193195692991e-11,-1.4912730698454e-10,-3.38350310435941e-11,1.77087451609311e-10,7.74098341412061e-11,-9.93439525152185e-12,1.82353674270874e-10,2.8598765831369e-11,-1.26108658379595e-10,-2.05262912349827e-11,-1.04295293514766e-10,1.35634625399209e-11,-3.77020211908643e-11,1.82571726958899e-10,-1.47130944858404e-10,-5.35365367721272e-11,4.295381882206e-11,-1.62162129906986e-10,1.21426655724852e-10,-8.82692094161133e-11,7.80246496878811e-11,9.34352831423095e-11,7.37735899784075e-11,1.40750870761565e-10,-9.69499252709334e-11,-7.50715705775405e-11,-4.80128040988904e-11,8.55809713762681e-11,1.09412792577345e-10,-2.00753424425098e-11,-7.59309493985967e-11,1.94201115379945e-10,-8.08479297987266e-13,7.65409220755359e-11,-3.55902349694781e-11,-6.73773902696215e-11,9.64722508744962e-11,-3.24956790413822e-11,2.33903934601269e-11,-1.14017977009337e-11,6.636738521955e-11,1.11740933008892e-10,-7.94811703635374e-12,1.66575205997276e-10,-1.40182693331457e-10,-4.42353048817811e-11,1.22574220140986e-10,8.53303625496342e-12,-2.53000127034007e-11,1.05858947008829e-10,6.90081581925418e-11,1.02943733451858e-10,9.49754269647362e-11,-1.74919670543182e-10,2.1761042351775e-11,2.05623684196552e-11,2.35164410157915e-10,1.30344323745459e-10,1.00634902166805e-10,-1.18748540958807e-10,-5.53774807659431e-11,4.19052541997778e-11,-1.96309244276945e-10,-4.20533960292682e-11,2.82520851898995e-11,4.03163580404654e-11,2.07616328104091e-10,2.66533804516019e-11,-7.69089478478783e-11,-8.51012403945831e-11,-6.75940325072501e-11,-8.89266546067996e-11,9.56163768077264e-11,-1.23577342372342e-10,3.2840394091774e-11,3.68251201881271e-11,-1.52787496550828e-10,-2.61770590428006e-10,2.1809461902272e-11,-1.24879212827328e-11,8.9511513255502e-11,-5.61580886359577e-11,-2.13998006692726e-10,-1.08883572352577e-11,5.51540084350983e-11,-1.32820113882753e-10,-9.98921198714934e-11,-1.07973467902915e-11,-2.91702034801429e-11,-1.14132876927944e-10,4.19324441363931e-11,-1.52760654422883e-10,2.23695247169987e-13,6.73325502283177e-11,-6.76587439449148e-11,-1.23956422060305e-10,-8.7860369705049e-11,5.74072180016621e-11,-2.83308221698193e-11,6.58675541286291e-11,-6.7013309430438e-11,1.03730689043949e-10,-1.25042505361584e-10,5.56333101007957e-11,-1.33553604533475e-10,-6.99722919924594e-11,-4.49671828219735e-11,9.89122177513524e-12,-6.69701212977588e-11,4.99989773010033e-11,-1.20821662139651e-10,-2.04708996252866e-11,-8.49241085213166e-11,-1.27608420278567e-11,-7.49278786425249e-11,2.48162210920629e-12,9.30906165751192e-11,-3.44994075867577e-11,3.01351302784596e-11,-2.22212081235054e-11,1.38595219777288e-10,-1.66010483822453e-10,1.61513221570147e-10,9.26022600772662e-11,-1.13296128241753e-10,-7.92654568403309e-12,-6.47163001330152e-11,3.22274233186485e-11,-1.82931190185218e-11,-1.89963265619198e-10,-1.3346444312572e-10,-6.36069731505399e-11,-1.04710699977627e-10,1.06738335910378e-13,-1.75003076195881e-11,4.1593378388749e-12,-8.0148294252231e-11,2.06893510665801e-10,-9.54684796012207e-12,-2.06476241279163e-11,-5.75349717607585e-11,3.71025986310586e-11,-7.661685935006e-12,-1.2209543078925e-11,-1.01321288317974e-10,3.61354461238348e-11,-8.55417733176905e-11,-3.31094667854802e-11,-4.70488103005163e-11,-4.35380504411324e-12,-1.6590119850354e-10,-3.88137085892885e-10,-2.86179125537291e-10,-5.85729015627393e-10,-6.9304483750459e-10,-9.67478350134564e-10,-1.03380919358945e-09,-1.07070730927567e-09,-1.48630583863294e-09,-1.69108696489574e-09,-1.80089342671491e-09,-2.18904867887201e-09,-2.09705412837842e-09,-2.02301763947105e-09,-2.44694316044129e-09,-2.33574829241324e-09,-2.65702878638262e-09,-2.90069927972979e-09,-2.80910426401202e-09,-3.10152980098354e-09,-3.22530471718004e-09,-3.50525811014567e-09,-3.69058523535331e-09,-3.89163764065445e-09,-3.80673631840924e-09,-4.00007907168487e-09,-3.98748276351546e-09,-4.16561508992e-09,-4.19668605292073e-09,-4.43871627767068e-09,-4.53338044448168e-09,-4.75670432854257e-09,-4.62689326800417e-09,-4.57876492051433e-09,-4.99534299415889e-09,-4.84158096756647e-09,-5.22052414695615e-09,-5.14631006221756e-09,-5.23581816070576e-09,-5.29175246977187e-09,-5.32671680760233e-09,-5.50415471562934e-09,-5.44940090702876e-09,-5.47735501562023e-09,-5.39826871694662e-09,-5.19713233486471e-09,-5.17656650636654e-09,-5.28603973261745e-09,-5.18561192161648e-09,-5.04577475956797e-09,-4.92461307285734e-09,-5.05967368916954e-09,-4.99732705146591e-09,-4.62122307580383e-09,-4.5479342141029e-09,-4.2953581435304e-09,-3.9840760447756e-09,-3.79696584172452e-09,-3.435680571615e-09,-3.14683456178858e-09,-2.87001752868145e-09,-2.34288254395552e-09,-1.91294385537686e-09,-1.36083053698763e-09,-8.95136993580045e-10,-3.44190341361315e-10,3.57900757723827e-10,1.14214130545568e-09,1.76978292706257e-09,2.75771030887953e-09,3.51333736904993e-09,4.71819754897529e-09,5.78404727698011e-09,6.9981032714668e-09,8.45960319298033e-09,9.90220966386731e-09,1.16025726947814e-08,1.34716169779952e-08,1.55555816922498e-08,1.78753857726267e-08,2.07924045223545e-08,2.38392078433314e-08,2.70164528416879e-08,3.05684226219096e-08,3.51885941295354e-08,4.02099999046307e-08,4.60996188304476e-08,5.29362996008423e-08,6.10694212415068e-08,7.10768751677018e-08,8.30505387815704e-08,9.81710153564405e-08
